ID, Mass [kg], pos_0 [m], pos_1 [m], pos_2 [m], vel_0 [m/s], vel_1 [m/s], vel_2 [m/s], 
0, 86447, -9.48557, 43.953, -17.7412, 0.000260319, -0.0010443, 0.000485071, 
1, 189575, -44.129, -22.6059, 3.89872, 0.000728915, 0.000607156, -0.000305961, 
2, 31834.7, 1.08127, -39.8985, -39.1555, 0.000905256, 0.00196875, -7.97494e-05, 
3, 198333, 28.0212, 36.6712, 8.24314, -0.000273673, -0.00107325, -8.36426e-05, 
4, 26595.9, -13.3553, 19.2196, 1.81331, 0.000306413, -0.000123838, -0.000385712, 
5, 74974.9, -26.6556, -21.3946, -26.2325, -8.94037e-05, 8.42955e-05, 0.000402897, 
6, 97542.7, 46.6475, -35.5063, 46.1957, -0.000809743, 0.00102954, -0.00133667, 
7, 2615.97, 1.21286, 41.6608, -36.1111, 0.000134383, -0.000784015, 0.000663894, 
8, 21192.8, 38.5624, -34.3459, -3.40692, -0.00100112, 0.000964238, 0.000125026, 
9, 81679.8, 26.6121, 28.2209, 21.2206, -0.000315932, -0.000324942, -0.00101528, 
10, 127647, -27.5689, -31.1877, 36.7841, 0.000292297, 0.000243872, -0.000792552, 
11, 16957.3, -14.2245, -22.7979, 9.99042, 0.000451182, 0.000825076, -0.000523198, 
12, 46224.1, 44.8846, 45.9624, -28.2755, -0.000553558, -0.00066897, 0.000551157, 
13, 23966.4, 20.995, 32.4105, 3.58828, -3.05504e-05, -0.000623695, -3.93006e-05, 
14, 11985.5, -0.300313, -10.8496, 42.7544, -0.000518435, 4.64597e-05, -0.000686174, 
15, 3133.43, -14.9246, 2.92824, 18.9385, 0.00025353, -0.00229107, -0.000963114, 
16, 16899.7, 2.88947, -15.1942, 37.9691, -0.000254307, 0.000451375, -0.000605719, 
17, 19424.5, 1.42917, 44.2216, -9.41031, 0.000109475, -0.00142304, 0.000297464, 
18, 130822, 41.4349, -34.1199, 5.92004, -0.00193667, 5.3033e-05, 5.75666e-05, 
19, 25233.8, -26.0641, 14.7504, -28.7842, 0.000573708, -0.000309925, 0.000842834, 
20, 47646.9, 46.0229, -41.3139, -25.9437, -0.000624946, 0.000659698, 0.000357103, 
21, 165666, 8.64222, -2.69922, -18.915, -0.000204396, 0.000339311, -0.000909429, 
22, 68385.5, 10.6416, 1.34589, -21.1329, -0.000735918, 0.000193587, 0.000448659, 
23, 221148, 43.7325, -38.0153, 26.8526, -0.000445053, 0.000547001, -0.000351539, 
24, 74530.5, 27.5658, -9.33641, -21.8972, -0.000716881, 0.000278812, -0.000131192, 
25, 43250.2, 33.7968, 20.14, 46.9924, -0.000277341, -0.000156931, -0.000812227, 
26, 16449.5, -41.4576, -47.8954, -25.4907, 0.000435251, 0.000583377, 0.000185074, 
27, 30641.9, -26.242, 32.7953, -1.09355, -0.000114922, -0.0017897, -0.000812749, 
28, 85788.3, 11.4436, 3.69459, -21.5565, -0.000552662, -0.00129766, 0.000348086, 
29, 18634, -36.7553, 43.2699, 4.13677, 0.000661814, -0.000858285, 0.000198452, 
30, 2394.47, 35.3548, -19.6353, -1.67271, -0.00046277, 1.25465e-05, -0.000397932, 
31, 128472, 40.0223, 13.1395, 28.2415, -0.000694667, -3.4734e-05, -0.000821101, 
32, 63731.5, 13.3817, 7.73363, -39.5634, -0.0005025, -7.15193e-05, 0.00104276, 
33, 1929.75, -13.4155, -0.67457, 40.3005, 6.37958e-05, -7.80959e-05, -0.000945919, 
34, 137164, -14.9146, 4.39268, 19.6708, 0.00023608, -0.000507398, -0.000390403, 
35, 50524.2, 2.37992, 3.60246, -37.5349, -0.000771664, -0.000462742, 0.00164842, 
36, 6629.78, 38.9229, -17.8363, -28.9397, -0.00111031, 0.000588857, 0.00123465, 
37, 38240.2, 34.3334, -22.1374, -44.9147, -0.000927095, 0.000473295, 0.000993175, 
38, 18423.8, 1.62202, -3.70779, -24.8186, 0.000713196, 0.00111589, -0.000627591, 
39, 194740, 32.0806, -36.7624, -5.38785, -7.04048e-05, 0.00106806, 2.09775e-05, 
40, 166672, 9.81873, -23.9599, -40.7924, 0.00042589, 0.000320233, 0.00131722, 
41, 63465.7, 25.0322, 15.7157, -14.4812, -0.000467582, 0.000234384, 0.000397526, 
42, 21989.4, 21.1158, 36.7242, -8.51312, -0.000234004, -0.00124368, 0.000232034, 
43, 7506.47, 34.4359, -26.6017, -12.2712, -0.000274376, 0.000308928, 0.00041532, 
44, 1030.15, 37.2707, 5.82131, -15.9282, -0.000834449, 0.000186208, 0.000495855, 
45, 60141.1, 0.151969, 21.113, 3.31753, 8.8857e-05, 6.81588e-05, -0.000698483, 
46, 69136.8, -30.894, -6.48262, 23.7553, 0.000445355, 0.000420243, -0.000450071, 
47, 4636.02, 25.0079, -47.2026, 36.1137, -8.1579e-05, 0.000673394, -0.000412636, 
48, 148424, -18.3757, 12.0317, 41.8469, -8.3541e-05, -0.000163155, -0.000885583, 
49, 101751, 33.7909, 41.4414, -2.96848, -0.000574102, -0.00114968, 0.000198177, 
50, 113749, -23.2538, -26.7678, -37.4525, 0.00104149, -0.000113009, 0.000265233, 
51, 14312.6, 7.74087, 13.7607, -43.471, 0.000251923, -0.00021232, 0.00129173, 
52, 115787, 40.1624, -5.58406, 41.1552, -0.000394768, 3.10024e-05, -0.000744498, 
53, 10116, 45.1089, 43.9405, -23.4047, -0.00061871, -0.00051887, 0.000341139, 
54, 33789.7, 3.75096, 30.5769, 0.21221, 0.000759976, -0.000150159, -0.00185096, 
55, 186460, 33.1657, 33.6979, 16.1463, -0.000785857, -0.000781302, -0.000736167, 
56, 245187, 40.2251, -26.6138, -8.02979, -0.000897547, 0.000269511, 7.84888e-05, 
57, 290437, -13.6458, -3.37973, 19.1301, 0.000100679, 0.000462315, -0.000290278, 
58, 80698.8, -12.1689, 13.4967, 26.0255, -2.98123e-06, -0.000399506, -0.000678224, 
59, 117814, 19.6499, 23.235, -12.0965, 0.000393742, -0.000288606, 0.000386372, 
60, 74301.5, -38.205, 20.7577, 19.6745, 0.00126254, 0.00115461, 0.00147819, 
61, 87026.1, 7.17717, -41.4688, -36.2684, -0.000373399, 0.00149617, -2.85413e-05, 
62, 54123.3, 24.793, 29.1938, -28.0448, -0.000133425, 0.00155616, 0.00282806, 
63, 142469, 11.0509, 22.1322, -44.9892, 0.000143831, -0.000807436, 0.00120982, 
64, 25240.3, 24.7861, -7.61511, 29.0254, -0.00037741, 0.000335129, -0.00072853, 
65, 84495.7, -31.9075, 9.35997, 46.5311, -9.86753e-05, 0.000364224, -0.00112958, 
66, 190154, 25.4176, 29.1526, -21.735, -0.000575024, -0.000697086, -0.000180362, 
67, 106916, -19.8092, 24.2799, -15.3294, 0.000254431, 9.0017e-06, 0.000701042, 
68, 142208, 41.4913, 24.6732, 5.35061, -0.000708219, -0.000629775, -0.000769976, 
69, 222966, -34.5673, 25.408, 21.3258, -0.000314446, -0.00141788, -0.000515532, 
70, 23261.8, -10.5075, -32.062, -12.8042, 0.000324695, 0.000819233, -2.69288e-05, 
71, 37181.8, -24.3207, 26.3577, 7.95407, 0.000171124, -0.000461335, -0.000361772, 
72, 387724, 22.3894, 12.0999, 15.1365, -0.000238773, 9.65884e-06, -0.0004816, 
73, 94415, 40.8955, -14.2417, -23.1989, -0.000907845, 0.000554832, 0.000369713, 
74, 92650.1, -5.13472, 25.9529, -6.4399, 0.000979186, 8.14097e-05, 0.000592077, 
75, 18296.3, -40.8879, -0.764383, 38.8331, 0.000285404, 0.000593979, -0.000449257, 
76, 120001, -40.4227, -19.3804, -9.03287, 0.000646033, 5.33007e-05, 0.00226126, 
77, 272530, 16.0962, -6.27211, 13.1151, -0.000122698, 0.000584391, -0.000586934, 
78, 17526.5, -30.1502, -27.4619, 37.4931, 0.000610613, -0.000293899, -0.000725908, 
79, 64817.7, 5.34307, -24.6897, -17.7735, 0.000256338, 0.00080069, -0.000158399, 
80, 92249, 44.6379, 6.44014, 15.333, -0.000944943, 0.000306478, -0.000482604, 
81, 18467.1, -46.162, 5.02948, 21.4195, 0.00114141, 0.000126187, -0.000863099, 
82, 36826.6, 15.8927, 45.6244, 17.4288, 4.15331e-05, -0.00124289, -0.000487682, 
83, 11297.7, 31.7644, -31.2244, -8.5726, -4.23724e-05, 0.000216002, 3.10329e-05, 
84, 79293, 6.63676, -32.1511, -40.6007, 0.00162209, 0.00174016, 0.000686255, 
85, 99758.2, 16.383, 14.8999, 26.2058, 6.92711e-05, -0.000254082, -0.00110181, 
86, 23343, -35.8029, -5.36088, 19.9902, 0.000733265, 0.000452518, -0.0001482, 
87, 148233, 45.2046, 12.8107, -3.67427, -0.000976974, 0.00152279, 7.46367e-05, 
88, 11527.8, -38.2228, 15.3556, 42.0777, 0.000113887, 0.000344179, -0.00064844, 
89, 14718.3, 35.1428, 28.1813, -6.8779, -0.000623038, -0.000875388, 0.000366349, 
90, 46494.3, -2.18289, 1.66485, -24.9253, 0.00038585, -0.000407186, -0.00110734, 
91, 34379.9, -25.9008, -20.8983, -26.3508, 0.00189368, 0.00119735, -8.51984e-05, 
92, 23079.1, 28.4173, -15.0224, 1.09251, -0.000398529, 0.000366251, -0.000275681, 
93, 79660.5, -44.5741, 2.13818, 14.8475, 0.000737068, -0.001066, -0.000289424, 
94, 77532.3, -43.6322, -39.5249, 46.7741, 0.000443953, 0.000529631, -0.000444897, 
95, 85363.6, 38.2124, 19.5992, 13.8492, -0.00077576, -6.16543e-05, -0.000745429, 
96, 11260.4, -13.0667, 22.8353, 22.5356, 5.15382e-05, -0.000733215, -0.000507798, 
97, 31876, 30.585, 12.5282, -18.5284, -0.000856173, 6.01e-05, 0.000683378, 
98, 49282.2, 46.6799, 12.3084, -19.8652, -0.000980575, -3.45114e-05, 0.000728832, 
99, 38415.4, -2.56912, 23.7123, -2.35577, 0.000101858, 9.3186e-05, -0.000562536, 
100, 8080.94, -36.4123, 2.50637, -28.5428, 0.00150766, 0.000301285, 0.00154685, 
101, 70282.6, 44.936, 45.7876, 38.7268, -0.00035084, -0.00080205, -0.000342174, 
102, 317827, 3.60827, -34.8367, -41.5809, 8.62164e-05, 0.000775867, 0.000871765, 
103, 237904, -46.488, 46.41, 17.8286, 0.000539797, -0.000902954, -9.82037e-05, 
104, 119615, -19.6298, 31.9237, -8.4073, 0.000353675, -0.000966062, 0.000365072, 
105, 31893.4, 5.878, -38.6249, -2.09122, 0.000106728, 0.000833648, -0.000250475, 
106, 173086, -37.0933, 22.061, 20.4807, 0.00115428, -0.000448791, -0.00118056, 
107, 486074, -38.9027, 16.826, 42.2548, 0.00047812, -0.000436686, -0.000748113, 
108, 40410.8, -25.8407, -30.4978, 45.4108, -0.000109011, 0.000582882, -0.00126728, 
109, 28247.2, -46.0274, 50.1727, 16.3337, 0.000624492, 0.000220963, -0.000524468, 
110, 23910.7, -25.2732, 35.9467, -29.508, 0.000426174, -0.000816197, 0.000675313, 
111, 40242.6, -6.99187, -45.9818, 27.1804, 6.44265e-05, 0.000695791, -0.000273457, 
112, 24016.7, -44.6566, 5.38777, 16.272, 0.0010496, -0.000616773, -0.000489379, 
113, 129600, 8.8439, -43.2992, -19.3911, 3.77602e-05, 0.000975785, -6.83362e-05, 
114, 114317, 15.4652, 35.101, 16.0342, 0.000351063, -0.000988866, -0.000434082, 
115, 174934, -46.01, 5.20945, 41.427, 0.000912844, 0.000349872, -0.000586599, 
116, 143212, -1.88859, -1.47134, -28.4325, 8.21805e-05, 0.00121723, -3.55963e-06, 
117, 8073.33, -32.8668, 18.2983, 31.8127, -9.58449e-05, -0.000250336, -0.000475982, 
118, 37893.5, -6.28005, 18.6043, 27.7683, -0.000220438, -0.000604678, -0.000756521, 
119, 62400.5, 22.7143, 39.5072, 29.7646, -0.000126524, -0.000802211, -0.000893212, 
120, 242481, -3.15315, 1.70478, -33.7493, 5.62159e-05, 0.000298197, 0.00255798, 
121, 220498, 16.9152, -19.5728, -36.896, -0.0010843, -0.00044418, 2.84678e-05, 
122, 32681.3, 6.66934, 2.54277, 32.2326, 4.28419e-05, 6.8434e-05, -0.000839203, 
123, 348699, 45.3688, 18.1497, -3.31907, -0.00118894, 2.65404e-06, 0.000380601, 
124, 49173.7, 42.4217, -25.2283, 46.8583, -0.000260365, 1.58408e-05, -0.000680454, 
125, 91676.5, 25.6, -3.66303, -21.232, -0.00063475, -0.000349933, 0.000196106, 
126, 613.996, 45.4885, -20.9131, 5.22073, -0.000899151, 9.33942e-06, -0.000341169, 
127, 36070, 10.3061, -41.5126, 36.6532, 3.0221e-05, 0.000667297, -0.00045344, 
128, 60243.7, 44.9258, -11.2251, 35.3748, -0.000683861, 0.000257031, -0.000372932, 
129, 66572.3, 0.465309, -36.7629, -41.452, -0.000607526, -0.000248936, 0.00025285, 
130, 41874.2, -38.1369, 26.225, -35.0503, 0.000543895, -0.000317856, 0.000893934, 
131, 116662, -44.4312, 3.92557, 15.1431, 0.00105806, 0.00135042, 0.000166246, 
132, 109779, -10.7465, -8.3284, 38.5161, 7.76229e-05, 0.000189882, -0.000764746, 
133, 456997, -32.8362, 14.4778, -6.41235, 0.000772836, -0.000143105, 0.000189109, 
134, 2780.32, -2.90884, 41.2184, -4.57744, 0.000504385, -0.00145661, 6.72326e-06, 
135, 102119, -5.54291, 11.2216, -32.9733, 0.000666787, -0.00124153, 0.00108873, 
136, 164662, -34.0589, 3.4279, -25.748, 0.000738592, 2.98796e-05, 0.000628168, 
137, 84084.3, 26.2916, 35.9342, -35.8677, -0.000576351, -0.00120775, 0.00107369, 
138, 245299, -40.5317, -18.9507, -10.9463, 0.000729737, 0.000663698, -0.000762357, 
139, 102038, -4.8455, -13.5255, 45.9435, -0.000105204, 0.000385182, -0.000964185, 
140, 146704, -32.9637, -26.1882, 34.6515, 0.00100276, 0.000159519, 0.000152583, 
141, 170925, 46.1478, 37.2733, 42.1207, -0.000460857, -0.000235783, -0.000606407, 
142, 107951, 38.8997, -17.5253, -23.5716, -0.00130472, -2.28407e-05, 0.000288244, 
143, 64717.1, -8.03987, -21.6515, 2.30002, 0.000802109, 0.000846929, -0.000597575, 
144, 28582.1, 18.1962, 31.3158, 22.421, 0.000220723, -0.000464532, -0.00156826, 
145, 18763.1, -47.2993, -25.8225, -31.9958, 0.000709169, 0.000376775, 0.000458426, 
146, 44368.5, 2.44326, 38.5732, -17.6063, 4.83668e-05, -0.00100294, 0.000687339, 
147, 247503, -3.89307, 2.36031, -31.2772, 0.00098249, -0.000983052, -0.000343886, 
148, 54470.7, -11.3719, -18.0887, 29.3395, -4.54813e-06, 0.000736072, -0.000526249, 
149, 158577, 24.9591, 23.7411, -9.58606, -0.000685134, -0.000432521, -0.000138411, 
150, 59031.2, 16.4682, -3.82446, 7.92037, -0.000157223, 3.88959e-05, 0.000607143, 
151, 120654, 28.4465, -14.4578, -28.7154, -0.000926474, 0.000243411, 0.000316843, 
152, 33810.4, 24.7077, 33.1161, -34.9746, 0.000124966, -0.000308493, 0.00135431, 
153, 52884.6, -12.0237, -10.2349, 21.0749, -0.000102617, 0.00123014, -0.000534297, 
154, 76725.2, 47.1953, -36.3846, 47.1953, 0.000119896, -0.000375729, 0.000361372, 
155, 2384.17, -39.433, -24.5114, -18.1494, 0.000664846, 0.000951847, 0.000739445, 
156, 54252.8, -1.83953, 11.9313, -27.9491, -5.58781e-05, -0.00112594, 0.000162317, 
157, 18995.8, 38.8153, 9.26997, -7.68315, -0.000369149, 0.000497825, 0.00053163, 
158, 133837, -24.5042, -3.27777, -7.83498, 0.000370934, 0.0003916, 0.000132185, 
159, 166899, 17.6885, -17.9639, -36.4815, 0.00155604, 0.00174415, 0.00100415, 
160, 192252, 44.6793, 23.1257, -1.74054, -0.000992611, -0.00169104, 2.13772e-05, 
161, 17027.9, -12.6729, 15.9858, 39.5674, -0.000429604, -0.000619366, -0.000779087, 
162, 130287, -46.1517, -15.5315, 39.8718, 0.00068332, 0.000320193, -0.000499782, 
163, 72430.1, 13.1222, -15.8568, -17.6899, -0.000109598, 0.000684737, -0.000273343, 
164, 60583, -21.8601, 3.8167, 2.88349, 0.000257921, 0.000179618, -0.000143077, 
165, 38146.6, -32.3736, 44.2384, 9.46963, 0.000285572, -0.000978895, -0.000177929, 
166, 1307.56, -34.7916, -14.69, 46.7044, 0.000282609, 0.000198063, -0.000861493, 
167, 124087, -7.24023, 23.7776, -7.41353, -8.32076e-05, -0.000704854, 7.74354e-05, 
168, 30066.1, 7.04149, 32.3059, -2.59112, 0.000908286, 0.00181377, 0.000296858, 
169, 177463, -24.5501, 34.8527, 0.519951, 0.000597491, -0.000801524, -4.03889e-05, 
170, 1123.4, 21.5809, -43.2062, -12.5235, -6.11907e-05, 0.00107714, 2.69322e-05, 
171, 71647.5, 46.6574, 44.7523, -15.8207, -0.000696355, -0.000747797, 0.000225937, 
172, 73299.5, 15.8418, 2.6713, 33.3058, -0.000221313, 0.000141286, -0.000972417, 
173, 120519, 24.5068, -17.1974, -37.6833, -0.0019402, 0.000734865, 0.00128156, 
174, 243541, -19.97, -30.7102, -40.1335, 0.000304843, 0.000822345, 0.00074169, 
175, 232847, 5.13995, 32.8776, -2.6432, 0.000753146, -0.00298503, -0.000160374, 
176, 50296.6, -39.0944, -4.06452, -2.0995, 0.000846416, 0.00020588, 1.65015e-05, 
177, 17627.5, -1.81329, -4.43675, -39.2381, 0.00022987, 0.000852062, 0.0017498, 
178, 115556, 5.98678, -3.84902, -22.565, 7.20371e-05, 0.000759906, 0.000536366, 
179, 21083.5, -21.2966, 31.8154, -30.6553, 0.000270069, -0.00059064, 0.000823852, 
180, 120384, 14.2725, 17.7827, -41.2053, -0.000519745, -0.000241281, 0.000766945, 
181, 104093, -10.3204, -22.1869, 3.88405, -0.000245284, 0.000625579, 0.000185971, 
182, 90014.4, -7.85851, -1.70179, -30.6857, 0.00179362, 0.000986953, 0.000537026, 
183, 39510.6, -36.8064, -12.3565, -21.4968, 0.000710804, 0.000151416, 0.000656051, 
184, 37719.2, -33.5761, -30.9474, -13.4603, 0.000355633, 0.000956643, 0.00013989, 
185, 182373, 5.31576, 31.8066, -2.72687, -0.0012817, 0.00117723, 0.000222381, 
186, 153608, 20.5839, -16.4043, -36.5698, -0.00133163, -0.00125025, 0.0010983, 
187, 201002, 20.1434, -27.817, 34.2526, -0.000107787, 0.000468667, -0.000551641, 
188, 658.569, 34.3239, -12.4931, 40.9834, -0.000127394, 0.00032845, -0.000706358, 
189, 143642, -29.5285, -27.8459, 38.4156, -0.000459615, 0.00134891, -0.00044244, 
190, 250454, -40.655, 28.9589, -22.7383, 0.000768847, -0.000521025, 0.00048195, 
191, 55591.1, 18.3316, 32.0081, 19.1195, -0.000107191, -0.000369513, -0.000736356, 
192, 141084, 27.2802, -29.2329, -16.1538, -0.00018698, 0.000746457, 0.000222683, 
193, 52387.2, 15.244, -19.5219, -36.3635, 0.000899921, 0.00219547, 0.000382897, 
194, 39745, 43.8286, -31.5603, 36.8948, -0.000364715, 0.000119669, -0.00039695, 
195, 89443.4, 31.6272, 4.98818, 1.44224, -0.000517641, 0.000386914, -0.000105828, 
196, 196180, 25.0525, 29.5315, -27.0131, -0.000407974, -0.00123368, 0.0008212, 
197, 56906.6, -18.7602, 21.6191, -15.3624, 0.000740442, -0.0012047, 0.000607708, 
198, 249087, 38.5821, -35.3126, 7.02838, 0.000202313, 0.000894817, -0.000654346, 
199, 137680, -37.5727, 18.4619, 16.8259, 0.000796895, 0.000153962, 0.000261101, 
