ID, Mass [kg], pos_0 [m], pos_1 [m], pos_2 [m], vel_0 [m/s], vel_1 [m/s], vel_2 [m/s], 
0, 5682.38, -36.1563, -19.0961, -10.0246, -0.00164578, -0.00306396, -0.00130786, 
1, 51291.5, -41.6557, -31.0868, 42.6342, -0.00407026, -0.00368318, 0.00493448, 
2, 73779.3, 4.81995, 2.06325, 1.44223, 0.00732198, 0.00269295, -0.00461636, 
3, 9731.99, -7.32566, 32.7727, 23.8338, -0.000477549, 0.00278252, 0.00024598, 
4, 104587, 2.69145, 1.09198, 2.89035, -0.000855771, -0.0103491, -0.000457203, 
5, 42215, 0.395983, -2.3077, 2.07687, 0.00206342, 0.00781835, -0.00351582, 
6, 57220.4, 33.0635, 28.3835, -35.1895, 0.00291561, 0.00412757, -0.00276157, 
7, 44855.5, 1.28976, -9.11831, 2.98107, -0.00109148, 0.000248617, 0.00206438, 
8, 276797, 0.357605, -0.782354, 2.43391, -0.00728545, -0.00740802, 0.00502335, 
9, 2643.18, -3.4296, 5.67118, 3.55878, 0.00169979, -0.00242566, 0.00399444, 
10, 33961.7, 5.66836, -13.1472, -2.57935, -0.00192855, 0.00266611, 0.00256465, 
11, 8691.35, -9.71149, 63.313, -54.3665, -0.000379496, 0.00598956, -0.00585288, 
12, 141682, -6.68299, 5.48022, 6.37248, 0.00141215, -0.00134763, 0.00156242, 
13, 288611, -11.1659, -14.0436, 3.50902, 0.0035326, 0.000271817, 0.00162391, 
14, 512847, -0.209769, -0.241137, 1.98148, 0.0035728, 0.00169753, 0.00497586, 
15, 15651.7, 6.70541, 14.3949, -6.76385, 0.00145051, -0.000508504, 1.13894e-05, 
16, 182451, 27.7214, -19.9852, 52.1835, 0.00342003, -0.00158955, 0.00421775, 
17, 62197.8, -14.2341, -7.39535, -0.533012, 0.00250135, 0.00141709, -0.00142627, 
18, 185440, -12.5094, -17.4988, 3.02858, 0.00262257, 0.00099692, -0.00087306, 
19, 36701.4, 35.7261, 53.1618, -50.2276, 0.0039022, 0.00544733, -0.00525478, 
20, 106936, -72.419, -42.3844, 20.9442, -0.00754287, -0.00449387, 0.00216162, 
21, 161838, 0.924611, -2.78734, 2.03721, 0.000736511, -0.006767, -0.00191657, 
22, 144875, 3.16137, 11.544, 6.05208, 0.000714604, -0.00088408, 0.000752493, 
23, 100936, 2.02573, 20.898, 6.92835, -0.000889061, -0.0017471, -0.00186529, 
24, 95186.1, 47.6234, 40.6441, 39.013, 0.0049765, 0.0034915, 0.00348951, 
25, 151808, 36.7168, -27.8613, 57.2575, 0.00433901, -0.00245902, 0.00571324, 
26, 118354, -1.19951, 3.9802, 6.61349, 4.43003e-05, 0.0016051, -0.00514108, 
27, 149234, 3.51434, 3.97227, 4.04161, 0.0068937, 0.00227017, -0.00209943, 
28, 9985.68, 8.50093, 9.59166, -1.18416, -0.00319348, 0.000439166, 0.000732682, 
29, 180895, -9.54327, -5.46606, -4.99122, -0.00111984, 0.00146137, -0.00140861, 
30, 486.041, -3.96541, -3.869, 4.30581, -0.00671754, -0.000351371, -0.00220063, 
31, 70262.9, 0.110264, 0.772501, 0.582401, 0.00443806, -0.0112153, 0.00498552, 
32, 45902.1, -5.63505, 14.2089, -1.60507, 0.00116464, -4.56096e-05, 0.00108747, 
33, 24444.7, -3.72316, 10.7309, -3.10177, 0.00340753, -0.000563338, -0.00231955, 
34, 65679.9, -1.00039, -13.9827, 4.94855, -0.000965542, 0.000674673, 0.00205798, 
35, 3309.29, -12.4976, -32.4613, -7.62199, 0.00132139, -0.00313726, -6.10032e-05, 
36, 8280.38, -48.3124, 49.4116, -22.8646, -0.00439683, 0.0048823, -0.00302812, 
37, 94538.9, -0.645968, 2.97986, 5.08915, -0.00227555, 0.0062009, 0.00247672, 
38, 30213.7, 70.736, -15.791, -11.5572, 0.00806963, -0.000904303, 1.45348e-07, 
39, 53471.9, 2.34454, 6.32902, 3.62895, 0.00468094, -0.00520644, 0.00698084, 
40, 43100.3, -19.7701, 26.9284, -27.709, -0.00081295, 0.00159775, -0.00209569, 
41, 44746.6, 16.382, 38.6435, 5.20859, 0.0010841, 0.00249499, -0.00120324, 
42, 34053.9, 0.383017, 26.0065, 44.4044, -0.000390942, 0.00263072, 0.00357206, 
43, 54380.2, 1.77555, 3.9976, 1.08137, 0.00860868, 0.000339295, -0.000836848, 
44, 38723.2, 24.0471, -5.62222, -34.4894, 0.00125826, 8.68481e-06, -0.00274978, 
45, 2321.23, -10.9873, -16.2971, 0.29944, 0.00188415, 9.14286e-05, 0.00125633, 
46, 241169, -3.86095, 0.120887, 2.75578, -0.00514207, 0.00385367, -0.00265341, 
47, 344827, 2.41293, 3.21165, 0.599659, 0.00653022, -0.000627788, -0.00167998, 
48, 39271.1, -4.20727, 7.25815, 1.91702, 0.00392698, 0.00281119, 0.000639464, 
49, 19687.8, -59.1439, 53.3343, -25.0076, -0.00630075, 0.00592682, -0.00340456, 
50, 61216.8, -0.850864, 4.25414, 0.946965, -0.00278681, 0.00430135, -0.00944474, 
51, 19182.2, -43.518, 62.0296, -39.8933, -0.00433707, 0.00672448, -0.00472121, 
52, 12420.5, 9.06216, 1.93369, 6.95683, 0.00338334, -0.00114512, -0.00362598, 
53, 85447.4, -72.9968, -7.10316, -31.6611, -0.00739845, -0.000760946, -0.00301488, 
54, 361436, 2.13215, 0.978094, 4.93503, -0.00166643, -0.00109626, -0.00198959, 
55, 158926, 22.0867, 10.8428, -30.1986, 0.00181724, 0.000774535, -0.00120036, 
56, 49282.6, -26.3634, 48.4482, -52.221, -0.00177883, 0.00485318, -0.00594435, 
57, 218355, 4.06416, -1.60412, 0.486333, -6.67951e-05, -5.80355e-05, 0.00274703, 
58, 22371.5, 72.0752, -19.4314, -12.9351, 0.00837866, -0.00166047, -0.00085907, 
59, 55919.9, -16.1781, 32.1628, -43.8901, -0.000308875, 0.00204818, -0.00366307, 
60, 21598.8, 2.15618, 4.39712, 5.41105, 0.00450794, 0.00535494, 0.00503393, 
61, 398.952, -0.599856, 6.66037, -1.5369, 0.002772, -0.00603301, 0.00262802, 
62, 1108.92, 5.15245, -6.93202, 47.9668, 0.000737645, -0.000331362, 0.00329435, 
63, 108555, 9.77801, 2.00546, 6.68086, -0.000331253, 0.00413253, -0.000794506, 
64, 244863, 11.5536, -5.08054, 23.0948, -0.000443986, 0.000119728, -0.00101115, 
65, 220694, -25.0306, 46.2697, -40.1844, -0.00161078, 0.00448049, -0.00403888, 
66, 61700, -4.93336, 63.5083, 29.2886, 7.48621e-05, 0.00602447, 0.00259542, 
67, 55388.9, -40.0265, 11.7096, 31.0715, -0.00392738, 0.00101211, 0.00309465, 
68, 211156, 0.839079, -1.08304, 3.12026, -0.00136011, 0.00214529, 0.00238328, 
69, 12720.6, 4.37366, 9.40365, 4.52269, 0.0021709, 0.0044799, 0.00280932, 
70, 25096, 1.31034, 17.9648, 11.0084, -0.00169218, 0.00232703, 0.00144727, 
71, 179870, -6.87497, -6.30803, -0.326176, -0.00189354, -0.00201886, -0.00275446, 
72, 79123.8, -58.0052, -16.3854, -3.89081, -0.00439326, -0.00128389, -0.00050219, 
73, 110870, -1.82269, 0.749946, 5.49893, 0.0013326, -0.00798607, 0.00053312, 
74, 43359.1, 22.5414, 38.0513, 21.0937, 0.00105156, 0.00415784, 0.000481415, 
75, 140124, 1.63635, -3.85565, 5.73031, 4.88373e-06, 0.00165206, 0.00110654, 
76, 229268, -16.4671, 27.0737, -31.2465, -0.000652921, 0.00145665, -0.00172609, 
77, 302149, -0.884078, 2.91873, 4.04088, -0.00234284, 0.00774308, -0.000750792, 
78, 100708, -10.6845, -13.166, 2.03835, 0.000966124, 0.000307295, 0.00211726, 
79, 46633.4, 4.14206, 2.73046, 3.8741, 0.00287249, 0.00128012, -0.00845137, 
80, 143926, 4.09785, 12.8467, -0.855395, -0.00310744, 0.00287255, 0.00244594, 
81, 270.261, -50.3796, 8.54965, 21.5868, -0.00370009, 0.000495942, 0.00140501, 
82, 159650, 6.96534, -5.47235, -0.61427, 0.000656886, -0.00207515, -0.00223113, 
83, 24756, -3.10797, 5.30174, 3.46746, 0.00465922, 0.00531433, 0.000172795, 
84, 18375.3, 1.87188, 10.3005, 0.111737, 0.00480409, 0.000642868, -0.00138388, 
85, 491877, 56.5575, -17.6902, -20.2734, 0.00566044, -0.00129356, -0.00159617, 
86, 194807, 0.451816, 0.302243, 0.690313, -0.00862246, 0.00211749, -0.0035019, 
87, 8649.23, 8.30507, 12.7902, 1.60714, -0.0041426, -0.00069622, -0.00195108, 
88, 138901, -4.90147, -1.02164, 0.2379, 0.00433135, 0.00539129, -0.00471835, 
89, 50202.9, 0.197943, 4.52378, 4.32021, 0.00398927, 0.00405968, 0.00593599, 
90, 98321.9, 5.57586, 15.6912, -12.3986, 0.000206253, 0.00106785, -0.000685121, 
91, 384069, 2.21089, 3.12752, 1.15097, -0.00182394, 0.00336048, 0.00594804, 
92, 81279.9, -9.76605, -5.24976, -2.90179, 0.00246766, 0.0039268, 0.000230531, 
93, 91375.2, 2.35972, 3.41576, -0.381652, 0.000553599, 0.00209891, 0.00302881, 
94, 5476.7, -11.8788, -21.0884, 8.93106, 0.000455405, 0.000217873, -0.000303537, 
95, 33452.5, -10.5712, -7.80408, 0.768512, -0.00199942, 0.00151984, 0.000468335, 
96, 25752.1, -51.7755, -17.3706, -15.7782, -0.00584738, -0.00232841, -0.0019883, 
97, 200797, -0.304059, -1.20627, 3.21625, -0.0020642, -0.00307743, -0.00275151, 
98, 298981, -1.23579, -2.7403, 4.99893, 0.0031669, 0.0015644, -0.00084743, 
99, 93146, 0.597134, 5.99196, 0.641869, 0.00709096, -0.00525084, 0.00174172, 
100, 8612.85, -15.6753, 12.7317, -18.2181, 0.00083798, -2.77973e-05, 0.00026557, 
101, 24343.5, 2.25274, -8.30697, 6.84827, -0.000426973, -0.0002883, 0.0026946, 
102, 10296.7, -2.52648, 7.16356, -0.589032, 0.00330045, -0.00646767, 0.00485965, 
103, 15719.8, -5.01848, 2.57663, 12.3695, 0.00269058, 0.00141247, -0.00477763, 
104, 230040, 0.387934, 2.10501, -2.06571, -7.69761e-05, -0.00247915, -0.00439836, 
105, 17846.1, 11.9107, 14.9073, -4.8721, -0.000679877, 0.00381392, -0.000258591, 
106, 22216.6, -15.2107, -5.46475, 5.11991, -0.000356224, 0.00035328, 0.000998673, 
107, 98486.7, 2.50264, 16.3168, 8.59928, 0.00035245, -0.00139595, -0.00376251, 
108, 214214, -60.3159, 0.164158, -48.5919, -0.00642324, 7.95855e-05, -0.00528613, 
109, 131614, 2.30508, 1.077, 3.72013, -9.27915e-05, 0.00833574, 0.000356848, 
110, 160023, 0.982381, 0.0267903, 1.98869, 0.00350449, 0.00417961, 0.00104969, 
111, 115735, 2.61992, -4.63411, 2.0874, -0.00202533, 0.00199401, -0.00125605, 
112, 378585, 31.702, 12.5784, -45.0948, 0.00272976, 0.00187441, -0.00393418, 
113, 83295.8, -28.0317, 10.2598, -1.41233, 0.000267758, 0.000916191, 0.000754781, 
114, 148827, 13.7842, -0.0513247, 3.19478, -0.00213585, -0.00173044, 0.000226583, 
115, 285284, -2.9595, -37.3452, 56.8179, -3.74322e-05, -0.00399649, 0.00550679, 
116, 515864, 1.34065, 1.60789, 0.751852, 3.04962e-06, 0.000407841, 0.000419569, 
117, 88363.5, 2.88368, -14.0471, 17.5964, -0.00129981, -0.000317467, -0.00176335, 
118, 155064, 21.8684, 17.7104, -4.07819, 0.000170027, 0.00159231, -0.00240715, 
119, 18098.3, 3.26711, 2.67803, 3.96412, 0.00363359, -0.00878807, -0.00247874, 
120, 34391.6, 60.3853, -25.4871, -10.0428, 0.00616927, -0.00191794, -5.63253e-05, 
121, 78154, -2.41919, 6.98823, -3.03128, -0.00173327, -0.00554697, 0.00201007, 
122, 10497, 2.0566, -1.39846, 1.52854, 0.00159325, -0.00746351, -0.00270857, 
123, 59058.1, -0.304253, 13.1464, 7.60673, 0.00187859, -0.00438763, -0.000239247, 
124, 5646.35, 4.9402, 6.77669, 3.90495, 0.00625288, -0.00277597, 0.00186056, 
125, 103346, 8.36133, -3.58861, 2.83911, 0.00241011, -0.00265268, -0.00404702, 
126, 64702.5, -70.5289, 0.525365, 25.0967, -0.00706849, 6.49362e-05, 0.00306379, 
127, 199056, 1.69961, 4.38284, -1.02358, 0.000728898, -0.0049609, 0.00347126, 
128, 192649, 1.0603, -2.3031, 1.07416, -0.000153906, -0.00204562, -0.00465393, 
129, 1707.71, 1.67314, -3.31608, -0.569916, 0.00130174, 0.0063528, -0.00488664, 
130, 19869.9, -1.30425, 1.03164, 3.99449, 0.00314747, 0.00581705, -0.000419041, 
131, 143979, 0.900216, -0.774766, 2.81851, 0.00638744, 0.000360332, -0.00970458, 
132, 37850.6, -85.0183, 41.0726, -22.2485, -0.00957811, 0.00431922, -0.00226062, 
133, 50031.5, 1.45956, -0.782045, -0.541983, -0.00534726, 0.000217129, 1.05764e-05, 
134, 369068, -15.5361, 2.63079, -7.22341, 0.00321122, -1.44445e-05, 0.0013127, 
135, 3806.98, -3.09492, -9.33796, -0.614917, -0.000143651, 0.00557876, 0.00064895, 
136, 64591.7, -1.64342, 0.360563, 6.99756, -0.00391014, 0.00794102, -0.00206894, 
137, 1688.15, 0.687578, -22.0003, 10.5118, 0.00237742, -0.000273775, 0.000421355, 
138, 439943, -1.98086, -0.431556, -0.979838, 0.00441389, -0.00541323, 0.00418388, 
139, 72054.1, 4.5542, 1.78792, -0.654653, -0.00164582, 0.00784066, 0.00120695, 
140, 10511.3, -4.62778, -22.5303, 28.1127, -0.000152026, -0.00146582, 0.000655214, 
141, 28560.6, -5.75072, -12.2414, 4.10431, -0.00325552, 0.000181222, 0.00191869, 
142, 92270.6, -0.0916122, -7.19631, 4.92758, -0.00295308, 0.00343922, 0.000412655, 
143, 57507.6, -55.9264, 18.0898, 34.4261, -0.00532924, 0.00180201, 0.00331332, 
144, 106955, 1.37264, -0.5573, 4.92976, 0.00323766, 0.00270803, -0.0111187, 
145, 53021.1, 1.07084, 5.2972, 2.03102, -9.26175e-05, -0.00204167, -0.00520089, 
146, 127593, -5.20205, -6.57676, 6.77422, 0.00448355, -0.00180455, 0.0012572, 
147, 31386.3, 4.26783, -1.82679, 0.630789, -8.16172e-06, -0.00366969, 0.0020934, 
148, 89613.6, 1.8065, 6.53991, -19.238, 0.00230849, -0.0026809, 0.000481238, 
149, 251415, 12.2976, -2.23468, 14.7218, -0.00142955, 0.000261726, -0.00322284, 
150, 55890.6, 11.1204, -7.2922, 2.75066, 0.00181545, 0.00479752, 0.000895909, 
151, 174949, -2.27434, 1.62098, 0.406684, 0.00512651, -0.00710398, -0.00248387, 
152, 66072.8, 1.87744, -0.198768, 6.52261, -0.00532464, 0.00484243, -0.00743718, 
153, 19075.8, -6.37786, -6.13004, 19.9907, -0.000698217, 0.000276736, 0.00132248, 
154, 47261.5, 10.4171, 11.2818, -4.28378, -0.00113993, 0.000961824, -0.00197319, 
155, 102102, 6.10913, -0.0144462, 0.520563, -0.00331324, -0.00144341, -0.00120196, 
156, 5375.03, -5.12968, -3.71914, 10.1305, 0.00351866, -0.00057011, 0.000284613, 
157, 3761.7, -8.48817, 7.60006, 8.9655, -0.0016314, 0.00393576, -0.000221872, 
158, 7652.65, -2.56299, -0.70155, -8.1758, -0.000311707, 0.00105731, -0.00276254, 
159, 47070.1, 0.385507, -1.01268, 2.16109, 0.00176816, -0.00686012, -0.00295463, 
160, 17972.9, -1.28986, -2.53146, 2.21625, 0.00806143, 0.00164378, 0.00155777, 
161, 218629, 6.77666, 14.1613, -0.539964, 0.00244915, 0.00348436, 0.000177275, 
162, 138887, 2.33394, 2.76515, -2.31429, 0.00373511, -0.00375261, -0.00120074, 
163, 33277.3, 6.79653, -11.1103, 9.63653, -0.00319085, 0.00201824, 0.00230749, 
164, 167891, 0.196846, -1.41168, -2.82743, 0.00548872, 0.00337242, -0.000601445, 
165, 62570.5, -2.48696, -66.8856, -16.3298, 0.000229247, -0.00667125, -0.00168411, 
166, 38130.4, 15.4074, 56.8897, 30.6275, 0.00202869, 0.00505231, 0.00256428, 
167, 22403.8, 10.7592, -25.6734, 46.1767, 0.00130369, -0.00253613, 0.00328104, 
168, 1479.59, 33.7931, 20.9454, -48.5953, 0.00359817, 0.00247346, -0.00454955, 
169, 20399.9, 1.87819, -43.4479, 51.0756, 0.000119596, -0.00498565, 0.00447035, 
170, 115854, 1.55051, -1.34763, 1.62622, -0.00227601, -0.000473994, -0.00126509, 
171, 27762.9, -0.124948, -4.35045, 1.97372, -0.000356323, -0.00115511, 0.0032497, 
172, 250928, 0.38458, 1.06262, 2.22277, -0.00178235, -0.00157002, 0.0128674, 
173, 74469.2, -50.5954, 35.7549, -15.2265, -0.00468647, 0.00460459, -0.00158423, 
174, 143481, -65.9716, 46.2882, -31.5328, -0.00690654, 0.00501198, -0.00364411, 
175, 27145.1, -0.23988, 0.0150255, -0.5129, -0.00714928, 0.00181523, 0.00171911, 
176, 32620.6, -3.57227, 1.30349, -0.0133192, -0.00255622, 0.00608551, 0.00131147, 
177, 52575.7, 0.0666557, -41.8768, 73.0462, -4.52211e-05, -0.00466667, 0.00815619, 
178, 19746.4, 1.27908, 1.41777, 0.460746, -2.75383e-05, -0.0111125, 0.00358249, 
179, 33623.1, -16.6659, 6.60232, 1.97474, 0.00293212, 0.000173738, 0.00216825, 
180, 50349.8, -57.3598, -37.8991, -29.7791, -0.0056262, -0.00376383, -0.00284671, 
181, 89376.8, 10.164, -7.23368, 2.924, 0.00152233, -0.00485918, -0.00157429, 
182, 42160.2, 1.65722, -0.812073, 66.0421, 4.50926e-07, -5.19593e-05, 0.00667424, 
183, 100544, -24.1566, -18.0294, 3.10229, 0.000645091, -0.000829225, 0.00128961, 
184, 1446.88, -1.84081, 1.90223, 4.28548, 0.00244766, -0.00652469, 0.005107, 
185, 119694, -4.81325, -4.6019, 5.2239, -0.000146051, 0.00419141, -0.00164454, 
186, 120999, 3.09879, 1.35208, 0.758384, -0.0101224, 0.00265317, -0.00282558, 
187, 52698.3, -8.11926, -0.437015, 5.75016, 0.00405714, 0.00110883, 0.00125376, 
188, 105467, -5.58773, 3.88927, 2.44504, -0.00138163, 0.00149221, -0.0049028, 
189, 99748.4, -8.1048, -40.5137, 21.6732, -0.000881063, -0.00297162, 0.00142511, 
190, 77133, 0.58183, -1.05149, 3.87968, -0.000673807, -0.00114293, 0.0060254, 
191, 178804, 1.18345, 4.41194, 2.90438, -0.00462455, 0.00222262, -0.00674738, 
192, 8685.6, 0.861989, -0.302567, 2.793, 0.00820922, -0.00152737, 0.00805488, 
193, 256954, 20.1064, 5.10745, 28.9295, 0.00231133, -0.00144079, 0.00163624, 
194, 53540.6, -3.83052, -0.127041, -4.25794, -0.0001423, -0.00130129, -0.00321811, 
195, 220652, 6.57581, 0.955898, 1.91756, -0.00200278, 0.00220835, 0.00385396, 
196, 10258.1, -10.724, 4.24446, 0.285464, 0.000103406, -0.00212773, 0.00116119, 
197, 6083.3, -22.4991, -10.0808, 20.0231, -0.00105604, 0.000531279, -0.0002617, 
198, 127562, 1.68755, 2.02801, 1.36019, -0.00860437, -0.0102674, 0.0018898, 
199, 34766.2, 4.14208, 0.124558, 10.0693, -0.000582781, -0.000992869, 0.00334537, 
