ID, Mass [kg], pos_0 [m], pos_1 [m], pos_2 [m], vel_0 [m/s], vel_1 [m/s], vel_2 [m/s], 
0, 266668, 6.09866, -12.3871, -9.47344, -6.2545e-05, 0.000466371, 0.000145311, 
1, 88936.2, 11.4321, -16.2226, -18.9284, -0.000290199, 0.000403258, 0.000412461, 
2, 157943, -11.4073, -14.0669, 12.5481, -0.000213137, 0.000884845, 0.000628662, 
3, 169378, -5.15728, -3.72028, -18.3297, 0.000151713, -3.8634e-05, 0.000581944, 
4, 52366.8, -19.2973, -3.53823, 18.9222, 0.000542973, -0.000175475, -0.000465496, 
5, 13155.9, -13.4019, -17.1825, 12.1914, 0.000383494, 0.000810189, 0.000144853, 
6, 92017.3, 2.89718, -12.2617, -1.54398, -0.000920689, 0.000609828, 0.000888718, 
7, 28783.3, -6.55976, 17.6679, 5.59176, 0.000192587, -0.000662519, -3.9776e-06, 
8, 28069.8, -10.0489, 17.4308, -11.5847, 3.20326e-05, -0.00058777, 0.000318733, 
9, 332411, 16.1115, -16.1469, 17.6403, -0.000278126, 0.000196539, -0.000230985, 
10, 147602, -10.5457, -6.19432, 7.41077, -8.32907e-05, 0.00034125, -0.00028399, 
11, 126955, -16.17, 15.7212, 7.09269, 0.000364661, -0.000397685, -1.49965e-05, 
12, 8145.24, 8.53915, 3.05694, 16.1864, -0.000533838, -0.000208324, -0.000412559, 
13, 75407.3, -12.6507, -9.84203, 16.7729, -0.000242687, 0.000106023, -0.000380958, 
14, 60007.4, -19.7772, 11.1339, 1.82629, 0.000501545, -0.000237853, 4.62623e-05, 
15, 37540.7, -17.1573, 19.4156, -14.0319, 5.69333e-06, -0.0008973, 0.000239085, 
16, 22790, 8.8198, 0.445275, -13.5193, -0.000292812, -0.000315535, 0.000395536, 
17, 20769.2, -2.60561, 1.56558, -6.98669, -9.09843e-05, 0.000134757, 0.000514038, 
18, 211002, -17.1334, -15.3766, 2.79683, 0.000372668, 0.000401872, 0.000134305, 
19, 150055, -11.9682, -13.5078, 13.7162, 0.000492661, 0.000178214, -0.000866359, 
20, 5236, -8.29085, 13.511, 0.0874462, 0.000328295, -0.000392285, -1.17064e-05, 
21, 271282, -6.14938, -0.461666, 13.1365, 9.46098e-05, 0.000121417, -0.000360299, 
22, 49300.1, 7.54407, 17.7778, -10.7916, -0.000381531, -0.000268723, 0.000205008, 
23, 117718, 19.1535, 4.18282, -3.41533, -0.00075292, 0.000193962, -9.16505e-05, 
24, 83176.3, 13.6077, -16.8233, 1.3466, -0.000491103, 0.000453005, -0.000156339, 
25, 16921.9, -12.849, -5.52759, 11.576, 9.75427e-05, -9.42507e-05, -0.000420708, 
26, 8127.9, -6.5315, -3.8299, -17.2775, 0.000870593, 2.19251e-05, 3.99975e-06, 
27, 117537, -2.33233, -3.92516, -12.8006, 0.000167904, -0.000149231, 0.000180347, 
28, 74393.9, -4.8395, 2.83569, -5.1923, 0.000363082, 0.000229041, 0.000510467, 
29, 57188.8, 1.02215, -10.5876, -1.22209, 0.000758283, -0.000590347, 0.00112789, 
30, 27579, 2.03918, -12.6831, 11.3323, -0.000304129, 0.000338434, -0.000310325, 
31, 8833.03, -5.03047, 3.1436, 15.455, 2.43685e-05, -0.000268475, -0.000568456, 
32, 127385, 5.20712, 19.6082, -12.0144, -0.000117218, -0.000473513, 0.000392342, 
33, 26112.7, -8.47637, 7.1503, 1.93281, 0.000459762, -0.000295644, 0.000151357, 
34, 25816.1, -19.8605, 8.42878, -12.9717, 0.000467497, 6.84011e-05, 0.000224941, 
35, 196477, -0.104613, 0.53744, 7.96871, -0.000423771, 0.000208784, -0.000154193, 
36, 134895, 7.19137, -5.58766, 16.2461, -0.000404446, 0.000240407, -0.000486927, 
37, 90647, -2.20252, 12.3313, 4.90414, -4.08104e-05, -0.00071273, 9.64483e-05, 
38, 70759, -2.22344, 6.98534, 14.3406, -0.000340442, -0.000277447, -0.00056647, 
39, 13187.3, -0.1185, 12.0832, 2.85028, -0.000364164, -0.000495982, 0.000174147, 
40, 33368, 13.5183, -14.0616, -4.22769, -0.000526635, 0.000208274, -6.7083e-05, 
41, 134346, 2.71751, -6.96535, -0.830348, -6.72868e-05, -0.000221894, -8.73862e-05, 
42, 105929, 3.26549, 7.77794, 1.08849, -0.000446871, -0.0002549, 0.000107879, 
43, 83973.3, -17.9769, 2.96167, 8.32897, 0.000821506, -0.000540732, 4.33049e-05, 
44, 3121.57, -12.2859, -5.1038, 15.967, 0.000245541, -0.000290298, -0.000280394, 
45, 27466.3, -19.247, -17.0129, 5.25669, 0.000592899, 0.000537056, -0.000146704, 
46, 38628.7, 12.2405, -17.6976, 12.7473, -0.000191293, 0.000355464, -9.94348e-05, 
47, 41308, 6.28691, -6.27628, -5.26284, -0.000426096, 0.000358156, 0.000858911, 
48, 127460, -2.1258, -15.919, 8.24336, -0.000211972, 0.000855661, -0.000432233, 
49, 499917, -18.596, 15.7317, -13.9512, 0.000336098, -0.00022431, 0.000248713, 
50, 18781.7, -1.82965, 11.6187, 5.62908, -0.000472159, -0.000169762, -0.000581737, 
51, 41104.5, 1.51751, -3.75922, -16.3393, -2.88901e-05, -0.000248091, 0.000504308, 
52, 171754, -7.26259, 14.0324, 11.175, 0.000428267, -0.000407523, -0.000204028, 
53, 188750, 10.8475, -10.1525, -14.2132, -0.000754467, 0.000297289, 0.000575979, 
54, 188123, -11.2832, -10.1134, -13.737, 0.000298837, 0.000162845, 0.000411038, 
55, 5496, -2.86659, 16.9393, -8.84488, 0.000185075, -0.000481036, 0.000439814, 
56, 314149, 1.60137, 17.0112, -6.81736, -0.000169367, -0.000424979, 0.000283438, 
57, 286386, -1.26776, -16.1971, 19.5946, -0.000153225, 0.000341968, -0.00040626, 
58, 3262.44, -19.0797, 3.46588, 16.8336, 0.000543936, -0.00021764, -0.000437542, 
59, 498.907, 18.9319, 17.7071, -16.5077, -0.000352229, -0.000146038, 0.00024501, 
60, 10715.1, -19.1707, -6.12653, 10.6519, 0.00118721, -4.40899e-05, -0.000141344, 
61, 28147, 19.6328, -6.40934, -16.4408, -0.000460889, 5.07207e-06, 0.000266818, 
62, 126417, 13.537, -16.395, -7.05452, -0.000451215, 0.000461036, 0.000153284, 
63, 304337, -14.2338, -19.2675, 16.9222, 0.000231966, 0.000580529, -0.000303089, 
64, 73901.1, 4.23315, 4.06521, 14.0472, -0.000536956, -0.000254622, -0.000274061, 
65, 141050, 8.846, -4.88537, -11.9637, -0.000314628, -0.000410973, 0.000304518, 
66, 71538.3, -1.43659, 6.74874, -9.15606, -0.000134338, -0.000218096, 0.000494825, 
67, 43197.3, 11.4978, -4.80566, -7.90082, -0.000600488, -0.000194895, 4.17371e-05, 
68, 292601, 6.46113, -7.57108, -18.329, -0.00045614, -0.000343649, 0.000574265, 
69, 23084.1, 11.6368, 7.57237, -5.50669, -0.000376811, -0.00032285, 0.000152695, 
70, 7607.71, -16.9364, 1.88151, 8.12236, 0.000456634, 0.000138967, -0.000153437, 
71, 13540.8, 1.40748, -6.75674, 13.8878, -0.000233418, 0.00027124, -0.000209795, 
72, 72502.9, 8.46184, 13.7427, 7.99173, -0.000429031, -0.00033237, -0.00026023, 
73, 55178.4, -11.5362, -6.00053, 17.2861, -1.16019e-05, -0.000160513, -0.000579715, 
74, 138200, 7.2158, 15.4637, 1.62604, -0.000467753, -0.000295708, -0.000137559, 
75, 441048, -2.73951, 6.18765, 5.73621, -0.000205322, -0.000466992, 1.84061e-05, 
76, 104741, 1.58382, 18.1728, 7.5866, -0.000250583, -0.000586313, -0.000174599, 
77, 235448, -4.07349, 15.9033, 11.1317, -0.000213951, -0.000697321, -0.000262244, 
78, 56549.9, -7.78373, -9.64814, 6.3858, -0.000114823, 0.000453221, 7.18011e-05, 
79, 18431.9, 4.43275, -18.8038, 0.358067, -0.000140445, 0.000754214, -3.60238e-05, 
80, 174616, -7.42945, -11.0783, 15.0132, -0.000260408, 0.000225915, -0.000418089, 
81, 162861, -4.51012, 2.8864, 4.99858, 0.000114136, 0.000836572, -5.98251e-06, 
82, 32822.2, 17.614, 19.7703, 19.686, -0.000194513, -0.000180746, -0.000163478, 
83, 36038, 6.3752, -11.2839, 2.00268, 2.78298e-06, -5.01886e-05, -0.000268904, 
84, 151751, -6.23475, 9.06206, -4.49354, 0.000204783, -0.000334891, 0.000281494, 
85, 1755.34, 19.7073, 6.18096, 6.38297, -0.000451466, -0.000139467, -0.000128326, 
86, 125093, -19.6581, -12.3603, -18.3705, 0.000312138, 0.000174993, 0.000317319, 
87, 62753.9, -13.6385, 4.20749, 18.3875, 0.00065839, -0.000198931, -0.000495892, 
88, 104089, -3.55369, 0.967985, 17.0966, -0.000129197, 2.30058e-05, -0.000768339, 
89, 74659.5, -12.1635, -8.67125, 5.33373, 0.000368849, 0.000611178, 0.000316185, 
90, 54457.8, -1.04208, 16.8161, -3.84377, 0.000118794, -0.00047322, 0.000111793, 
91, 250388, -18.0234, 0.677485, 11.3001, 0.000629068, -0.000116897, -0.000347218, 
92, 9592.63, 4.14435, 10.4634, -15.0522, -0.000159914, -0.000222502, 0.000420807, 
93, 51769.5, 10.2908, 4.07987, -17.4635, -0.000271042, -0.000204986, 0.000407455, 
94, 88315.6, 17.8515, -19.2705, -3.70924, -0.000441725, 0.000373705, 1.83451e-05, 
95, 44569.9, -4.96985, 5.11642, 8.64015, 0.000612927, -6.33092e-05, -0.00043051, 
96, 55054.8, 1.20092, -10.6615, -0.8364, 0.000165746, -0.000749285, -0.00043955, 
97, 6549.1, 12.0956, -5.0346, -2.32004, -0.000616522, 1.53503e-05, -0.000118494, 
98, 176773, 5.93353, -5.49919, -3.85685, -0.000262217, -0.000201276, -6.03702e-05, 
99, 4096.57, -15.484, -4.95465, -9.53434, 0.000410671, -0.000217929, 0.000420248, 
100, 283032, -16.2948, -7.21917, 10.1943, 0.000629741, 0.000171744, -6.42526e-05, 
101, 15065.6, -12.2168, -2.49482, -17.4627, 0.000322211, -4.49104e-05, 0.000419134, 
102, 33276.8, 16.3892, 14.8683, -8.6131, -0.000469592, -0.000264286, 6.25311e-05, 
103, 12989.8, 17.208, -7.95551, -19.3942, -0.000418156, 4.69916e-05, 0.000390609, 
104, 26736.4, -1.08615, -3.57655, 10.4961, -0.000225897, 0.000360405, -0.000253733, 
105, 201331, 10.2265, -9.02722, -10.3712, -0.000589838, 8.99345e-05, -3.81581e-05, 
106, 153368, 8.96878, 2.93082, -5.77719, -0.000323037, -0.0002982, 0.000274711, 
107, 15450.3, -4.94408, 15.018, -10.8459, -1.59972e-05, -0.00040316, 0.000432358, 
108, 669.306, 2.45494, -12.1457, 5.73071, -0.000205253, 0.000319726, -0.000408462, 
109, 16366.5, 10.9874, -12.7447, 11.9539, -0.000307879, 0.000215655, -0.000212946, 
110, 76031.2, 8.58634, 19.5966, 2.18187, -0.000382726, -0.000627786, -0.000119417, 
111, 6213.7, -16.3761, -9.75386, -6.32168, 0.00148008, 0.00087867, -0.00115451, 
112, 161030, 14.4409, -0.817038, 11.1165, -0.000467246, -5.207e-05, -0.000164299, 
113, 103552, 2.59701, 5.2884, 17.84, -0.000360708, -0.000348903, -0.000648565, 
114, 105761, -2.4949, -14.5555, 7.06718, 5.14227e-05, 6.63544e-05, 0.000228079, 
115, 3988.7, -3.1832, -19.5011, 13.6141, -0.000102537, 0.000596379, -0.000209806, 
116, 95735.7, -16.1075, 2.14744, 6.89718, 0.000307784, -0.0002198, 0.000327582, 
117, 112453, -13.4663, -3.84607, -1.12726, 0.000763859, 0.000171901, 0.000133432, 
118, 30694.8, -15.4335, -18.6325, -5.29941, 0.000274366, 0.000455151, 0.000135659, 
119, 36195, 5.45111, 15.0626, 0.809899, 0.000185587, -0.000241089, 0.000218179, 
120, 18641.6, -0.671838, 15.8595, -1.9838, -0.000198637, -0.000199225, -0.000126182, 
121, 9923.13, -1.07417, 4.4008, 10.6474, -0.000580182, -4.65096e-05, -0.000497606, 
122, 10388.6, -17.4399, 2.79672, -2.45629, 0.000541684, -0.000132471, 0.000198969, 
123, 6088.92, 6.06118, 10.2594, -18.6781, -0.000157289, -0.00020872, 0.000422691, 
124, 57978.1, -17.5169, -5.97475, -16.5777, 0.000364477, -1.41333e-05, 0.000370746, 
125, 28974.4, 9.43486, -16.4549, -8.57289, -0.000272904, 0.000699526, 0.000171993, 
126, 149499, 17.6542, 5.97616, -4.12255, -0.000271713, -0.00042132, 0.000156945, 
127, 156428, -12.9818, 9.98242, -12.5073, 0.000275223, -9.17919e-06, 0.000370899, 
128, 11817, -0.904486, 5.74987, 4.04635, -0.0011333, -5.8535e-05, 0.000806021, 
129, 241608, -9.93712, 3.82851, 18.8687, 0.000178498, -0.00012774, -0.000659678, 
130, 83899.8, 16.5819, -5.79234, -6.5222, -0.000635364, 5.77872e-06, 6.3531e-05, 
131, 161283, -11.1922, -2.90441, -2.07216, 5.81882e-05, -7.34752e-05, 0.000383601, 
132, 170745, -5.62026, 16.7191, -0.711678, 0.000204152, -0.000563811, 4.8834e-05, 
133, 354581, -15.5136, -9.2126, -7.44482, 0.000401384, 0.000184732, 0.000228707, 
134, 115421, 18.2689, -2.83481, 17.0247, -0.000398375, -1.31985e-06, -0.000277761, 
135, 65429.1, 7.77201, 6.34879, 6.97021, -0.000521132, -0.00020608, -0.000161394, 
136, 868.309, 11.5875, -9.41136, -12.4031, -0.00128567, -1.98289e-06, 0.000133718, 
137, 4759.2, -16.6664, 0.127152, -2.09856, 0.000602393, -0.000135375, 0.000226775, 
138, 8998.31, -4.78821, 14.0661, 15.2749, -7.77968e-05, -0.000515383, -0.000688991, 
139, 37395.4, -10.5211, -16.9948, -9.2497, 0.000257239, 0.000515003, 0.00014081, 
140, 181316, 12.2603, 14.5822, -11.3244, -0.000316278, -0.000228379, 0.000253025, 
141, 139423, -2.38002, 5.6006, -17.1107, -2.78847e-05, -0.000192768, 0.000487032, 
142, 47155.6, 3.74585, -15.4407, -8.90901, 0.000139682, 0.000831614, 0.000170455, 
143, 320658, -4.30787, -14.0955, -13.1106, 0.000441012, 0.000213678, 0.000334958, 
144, 22569.4, 18.4961, -10.4494, -3.38749, -0.000586413, 0.000131132, -2.45699e-05, 
145, 17996.4, 17.8872, 6.70945, 16.5782, -0.000346075, -0.000166468, -0.000233036, 
146, 85832.2, 7.72715, -10.49, -13.8035, 3.66666e-05, 0.000476318, 0.000430317, 
147, 187866, -12.664, 11.4215, -2.83182, 0.000421131, -0.000301212, 8.46613e-05, 
148, 48707.3, -4.70055, 3.34355, 4.77642, 0.00118393, -0.0010888, 0.00106649, 
149, 31339.9, 0.930911, -7.03238, 15.6239, -0.000162131, 0.000277914, -0.000505067, 
150, 43750.7, -12.6662, -10.5905, 10.1855, 0.000236155, 0.000375033, 8.15317e-05, 
151, 243138, -11.6848, -4.11331, 5.31219, 0.000339946, -0.000136127, 0.000267827, 
152, 14872.6, -6.01772, 10.5764, 15.9369, 3.93714e-05, -0.000860161, -0.000742178, 
153, 28768.5, -15.4881, 7.42373, -14.9955, 0.000373968, 0.000101841, 0.000465372, 
154, 44811.9, -11.5217, 6.72456, 7.23927, 0.000458794, -0.000328893, -3.69709e-05, 
155, 235285, 4.52362, -9.48725, -19.0954, 0.000390225, 0.000582618, 0.000799001, 
156, 118566, -12.6956, 11.3414, 15.461, 0.000281769, -0.000468569, -0.00042612, 
157, 1429.46, -5.67471, -15.5379, -13.473, 0.0011251, 0.00169567, 0.000607961, 
158, 61874.8, -9.08676, 7.0872, -15.5384, 0.000111318, -7.4743e-05, 0.000497638, 
159, 547423, -16.3703, -9.89054, 18.5502, 0.000480608, 0.000158953, -0.000548476, 
160, 16024.9, 12.2587, -16.5737, -1.05688, -0.000330066, 0.000509866, 0.00010513, 
161, 59294.4, -6.8507, -18.4232, 8.6598, 8.51481e-05, 0.000669886, -2.49876e-05, 
162, 34022.8, -15.2034, -1.73361, 8.71532, 0.000413324, -4.7028e-05, -3.44569e-05, 
163, 51310.5, -1.35521, 17.9256, -1.38782, -8.84738e-05, -0.00073989, -0.000125894, 
164, 125646, -19.255, 16.9546, 12.881, 0.000395532, -0.000317882, -0.000165189, 
165, 38198.4, 8.05973, 17.3679, -0.114111, -0.000483604, -0.000595067, 0.000321444, 
166, 175587, -10.3585, 13.0768, -10.3843, 6.53894e-05, -0.000367743, 0.000250195, 
167, 33247.4, -18.5043, -16.8626, -11.9434, 0.000336037, 0.000351329, 0.00021006, 
168, 39322.1, -14.1239, 10.0743, 14.9099, 0.000779403, -2.723e-05, -0.000191756, 
169, 42408.8, 6.72653, -7.69105, -14.2261, 4.46978e-05, -0.000185452, 0.000218013, 
170, 165238, -6.34369, 8.3209, 15.2788, 0.000166138, -0.000321434, -0.000529103, 
171, 133165, 2.4488, -11.892, 0.327744, -0.000771446, 0.000182682, -0.000999022, 
172, 17222.9, -13.2399, 19.2992, -8.56902, 0.000178742, -0.000530985, 6.43839e-05, 
173, 19550, -2.94108, 13.0572, -7.34939, 1.90297e-05, -0.000301059, 0.000384577, 
174, 2321.65, 15.1932, 0.942432, -2.4386, -0.000513433, -7.99911e-06, -5.98415e-05, 
175, 266285, 8.80065, -12.5648, 2.53601, -0.000436547, 0.000391923, -0.000505772, 
176, 51769.7, -17.3466, 19.5493, 16.2861, 0.000225519, -0.000413187, -0.000309123, 
177, 2547.76, 9.88025, 14.0751, -6.63701, -0.000330567, -0.000257084, 6.57052e-05, 
178, 33600.1, 7.01943, -0.906324, 18.2769, -0.000456305, -7.09655e-05, -0.000615359, 
179, 95862, 4.87416, -2.37883, 14.5478, -0.000313518, 6.39175e-05, -0.000319087, 
180, 231629, 1.04393, -12.625, -0.581791, 0.000736761, 0.00109308, 8.18818e-05, 
181, 48845.6, -1.27584, -5.28245, -14.3607, -5.61188e-05, 0.000201373, 0.000560178, 
182, 63218.1, 9.38488, -12.2774, 0.883657, -0.000909832, 0.000106311, 0.000925696, 
183, 250917, -2.90295, 4.9283, -3.47276, -0.000126793, -0.000140828, 0.000221227, 
184, 4676.91, -6.05463, 0.460615, -1.41208, 0.000173317, 0.000123279, 0.000207676, 
185, 14.7536, -9.90258, 17.229, -15.575, -9.40914e-06, -0.000395577, 0.000453966, 
186, 1700.44, -17.0554, 8.60714, -8.45487, 0.00048626, -2.56208e-05, 0.000111276, 
187, 132400, -4.78307, -13.8155, -13.1344, -0.000644342, 0.000846745, 0.000281115, 
188, 31027.4, 6.96567, -5.85643, 13.0228, -0.000400956, 0.000287593, -3.25554e-05, 
189, 137319, 9.57613, 0.11276, -2.65779, -0.000458184, -8.4862e-05, -0.000105943, 
190, 22200.4, -9.59273, -0.794969, -19.441, 0.000277616, -0.000109692, 0.00050832, 
191, 36036.5, 16.8686, 18.8292, -15.6422, -0.000269389, -0.000245924, 0.000228511, 
192, 105589, -7.98954, 19.0413, 17.637, 8.3773e-05, -0.000483337, -0.000397881, 
193, 42408.1, 7.34046, -1.07365, 11.7278, -0.0005212, -4.8513e-05, -0.000120649, 
194, 8889.27, 0.0621659, -10.4678, 11.1509, -0.000208889, 0.000230377, -0.000281427, 
195, 67618.7, -2.11486, 10.3375, 16.0427, -0.000321084, -0.000525743, -0.000631584, 
196, 139645, 1.74681, 0.90164, 17.0051, -0.000273201, 3.94988e-05, -0.00060538, 
197, 16526.9, -16.3438, -2.28053, -7.87796, 0.000475536, -0.000129037, 0.000306006, 
198, 18896.2, 16.3987, 8.46353, 5.2693, -0.000447637, -0.000206306, -0.000130582, 
199, 122718, -3.42648, 6.14817, 10.5977, -8.99004e-05, -0.000332392, -0.000550929, 
