ID, Mass [kg], pos_0 [m], pos_1 [m], pos_2 [m], vel_0 [m/s], vel_1 [m/s], vel_2 [m/s], 
0, 5682.38, 2.70782, 0.905982, -0.850194, -0.0036986, 0.00739365, 0.00209184, 
1, 51291.5, 3.96219, 9.5396, -5.65429, -0.00488017, -0.0052299, 0.00427415, 
2, 73779.3, -3.11182, 3.90189, -0.142006, -0.00142183, -0.00235109, 0.00341098, 
3, 9731.99, 1.12318, -4.88898, 2.18572, 0.00125081, 0.00157008, 0.0103406, 
4, 104587, -4.06381, 0.297756, 0.484205, 0.00266137, 0.00817351, -0.00142706, 
5, 42215, -2.08754, -0.204636, 2.51666, 0.000892464, -0.00323902, 0.000545818, 
6, 57220.4, -0.109049, -3.57466, -1.14937, 0.00747923, -0.00490294, -0.0113921, 
7, 44855.5, -5.26953, 0.604229, 3.14945, -0.00361629, 0.00454686, -0.00144213, 
8, 276797, -1.55115, -1.56377, 2.81306, 0.00332863, -0.0126386, 0.00340655, 
9, 2643.18, -1.99507, 0.82414, 2.66727, 0.0026375, 0.0028492, -0.0044626, 
10, 33961.7, -1.56334, 0.394778, 0.0362769, 0.0147774, -0.00277544, -0.00772336, 
11, 8691.35, -4.65694, 3.22688, 0.668097, -0.00400361, 0.0167883, -0.00814441, 
12, 141682, -1.60571, 3.02534, -1.08014, 0.000635654, 0.00922688, -0.00412107, 
13, 288611, 1.23343, 3.59792, 2.30318, -0.0053016, 0.00540928, -0.00165835, 
14, 512847, 0.626308, -2.04252, -2.16769, 0.0072874, -0.00140014, -0.00204277, 
15, 15651.7, -4.92285, 1.89428, -1.81533, -0.00606142, 0.00713176, -0.0046004, 
16, 182451, -4.39385, 0.715882, 1.11822, 0.00117554, -0.00781404, 0.0165255, 
17, 62197.8, -0.265257, 5.54618, 0.858175, 0.0013927, -0.00909897, 0.00298972, 
18, 185440, 1.13119, 3.71663, 1.19777, -0.00338795, 0.00231621, -0.00850658, 
19, 36701.4, -3.89634, -0.428547, 2.36423, 0.00970277, 0.00942763, -0.0110523, 
20, 106936, 0.423852, 3.29565, 0.170439, -0.0110803, -0.0102797, 0.00344982, 
21, 161838, -1.93804, 4.37953, -2.16, 0.00536102, 0.00742113, -0.00527513, 
22, 144875, -7.2068, 5.19296, -4.45953, 0.00170028, 0.00412653, -0.000889582, 
23, 100936, -1.489, -1.58251, 2.73359, 0.00762529, 0.00693825, 0.00991102, 
24, 95186.1, -1.98753, 2.87045, 2.63864, 0.00916241, 0.012668, 0.0106596, 
25, 151808, -4.88782, 2.61587, -1.96137, 0.00150731, -0.0114931, 0.0120417, 
26, 118354, 0.957849, -1.14547, 3.95512, 0.00795666, -0.00179954, 0.00628199, 
27, 149234, -0.0844149, 1.22688, 0.78997, -0.00293562, -0.00136997, -0.00202346, 
28, 9985.68, 0.336455, -0.901617, 0.653269, -0.00439213, 0.0060501, -0.00125921, 
29, 180895, -6.18686, 6.70163, -5.08103, 0.00256734, 0.00838273, -0.00209679, 
30, 486.041, -4.88032, 5.58479, -1.85109, 0.00446045, 0.0101218, -0.00662331, 
31, 70262.9, -2.87392, 6.62563, 3.72641, 0.00102486, 0.00611122, 0.000522011, 
32, 45902.1, -3.44131, -0.279953, 0.37763, -0.00102676, 0.00391147, -0.00622053, 
33, 24444.7, -6.67023, 2.30568, 2.69093, -0.00399685, 0.00264914, -0.00214818, 
34, 65679.9, -0.570592, -0.565959, -1.75816, -0.000403279, -0.00777369, -0.00295069, 
35, 3309.29, 3.16277, 3.07198, 1.03879, -0.00293029, 0.00592968, 0.000366051, 
36, 8280.38, 0.488975, -2.01823, 1.05368, -0.011279, 0.0088387, 0.00356276, 
37, 94538.9, -5.54145, 2.20541, -0.4004, -0.00529664, 0.00645452, 0.00396945, 
38, 30213.7, -2.18386, 1.54579, -0.767497, 0.0120731, -0.00666271, -0.00694555, 
39, 53471.9, -5.0277, -3.82074, 1.43216, -0.00427216, -0.00752204, -0.00696344, 
40, 43100.3, -2.04748, -1.22371, 2.3833, -0.0105813, 0.0101457, -0.00628822, 
41, 44746.6, -1.86954, -3.16861, 3.06441, 0.00388563, 0.00470555, 0.0114546, 
42, 34053.9, -2.68595, -1.67366, -5.41295, 0.00397807, -0.00087165, 0.00637934, 
43, 54380.2, -5.75151, 2.36416, 1.99121, 0.00123855, 0.00300575, -0.0039486, 
44, 38723.2, -3.49543, 0.923758, 0.134288, 0.0128705, -0.0087052, -0.00385676, 
45, 2321.23, 0.960351, 2.6135, 2.97166, -0.0034414, 0.00467285, -0.002937, 
46, 241169, -5.62965, -2.28518, 2.01148, -0.00489044, -1.84184e-05, 0.002167, 
47, 344827, -5.87695, 1.52044, 3.69079, -0.000725879, 0.00285122, -0.0017321, 
48, 39271.1, -7.25076, -3.22157, -1.68299, -0.00318121, 0.00420809, -0.00123221, 
49, 19687.8, 3.98097, -4.90153, 0.836556, -0.00813561, 0.0064181, 0.00205595, 
50, 61216.8, -4.52103, 6.28378, 0.62572, 0.0061761, 0.00171821, -0.00630794, 
51, 19182.2, 0.664192, -3.53476, 4.39791, -0.00715163, 0.00536499, -0.00654904, 
52, 12420.5, -1.47863, 4.17382, -0.738033, 0.00316893, -0.000129533, -0.00212802, 
53, 85447.4, 0.61864, 2.15444, 2.84918, -0.0117426, -0.00396013, -0.00995878, 
54, 361436, -1.10644, -0.1333, -1.88127, 0.011521, -0.00232558, -0.00624846, 
55, 158926, -2.81536, -0.457685, 2.03617, 0.00405096, -0.00258834, -0.013276, 
56, 49282.6, 0.712649, -2.69392, 4.46328, -0.00884246, 0.00597265, -0.00481587, 
57, 218355, -6.5627, -0.838704, -1.73127, -0.00564977, 0.00373231, -0.000494044, 
58, 22371.5, -1.75799, 0.75264, -0.652143, 0.0089163, -0.00905535, -0.0132799, 
59, 55919.9, -5.77325, 4.38946, -0.661072, -0.00925959, 0.0110965, -0.00950512, 
60, 21598.8, -7.06934, 7.387, -1.5317, -0.00392065, 0.00665288, 0.00188097, 
61, 398.952, -3.86902, 2.01758, -3.03487, -0.00025693, 0.00355643, -0.00692928, 
62, 1108.92, -1.52679, 0.156538, -0.854345, 0.00280559, -0.00763055, 0.013905, 
63, 108555, 5.39933, 4.2313, 4.02626, 0.000617717, 0.00702859, -0.000812525, 
64, 244863, -1.11142, 0.679471, 4.7893, 0.00726762, -0.00211662, 0.0126208, 
65, 220694, -1.12145, -1.17194, 2.92191, -0.0121371, 0.0076607, -0.00742327, 
66, 61700, -2.54517, -0.48983, -0.0103285, -0.00479862, 0.0139852, 0.0107526, 
67, 55388.9, 8.64964, -4.144, -7.90461, -0.00506321, 0.00257177, 0.00404169, 
68, 211156, -5.56467, 2.81402, -1.14151, -0.0041933, 0.00349043, -0.00101978, 
69, 12720.6, -0.200216, 2.63644, 3.64532, 0.00339623, -0.0077582, 0.00792636, 
70, 25096, 0.367828, 1.15528, -2.22757, -0.00258949, 0.00431865, 0.00150045, 
71, 179870, -3.70279, -0.522656, 1.7794, -9.62649e-05, 0.0115938, -0.00677012, 
72, 79123.8, -6.88235, -1.01481, 0.863709, -0.0154437, -0.00519164, -0.000543101, 
73, 110870, -0.88045, -1.34453, -1.312, 0.00562381, -0.000907715, 0.000499648, 
74, 43359.1, -0.933478, -5.65733, 5.19467, 0.00937929, 0.00256644, 0.00780372, 
75, 140124, -4.98532, 4.10087, 0.306995, -0.0119619, 0.00129459, -0.00148649, 
76, 229268, -5.35178, 4.31478, -1.18953, -0.00575128, 0.00951646, -0.0108073, 
77, 302149, -0.311914, 1.51707, -4.31768, 0.00214121, -0.000846583, -0.00794523, 
78, 100708, 2.1966, 3.8988, 0.433373, -0.00762219, 0.00360948, -0.00167984, 
79, 46633.4, -3.55805, 2.3117, -1.66159, -0.00048998, 0.00323726, 0.00234502, 
80, 143926, -1.36135, 2.6678, -1.88772, -0.00984625, 0.00766733, 0.00355111, 
81, 270.261, -4.36636, 1.46402, 2.47878, -0.0145784, 0.00291269, 0.00843151, 
82, 159650, -2.48624, 1.46468, 0.507105, -0.00192547, 0.00138467, 0.00468069, 
83, 24756, -6.83782, -2.52478, -0.723392, -0.00687269, 0.0016483, 0.00155399, 
84, 18375.3, -2.87332, 4.53733, -0.34894, 0.0119272, 0.00609565, -0.000619462, 
85, 491877, -3.48378, 2.23546, 0.669197, 0.0103976, -0.00958084, -0.0111044, 
86, 194807, 1.02727, -0.544113, -1.30549, 0.00800381, -0.00343202, -0.00444583, 
87, 8649.23, -9.74541, -0.155095, -2.07081, 0.00443334, -0.00179965, 0.00604072, 
88, 138901, -3.5647, 5.70965, -3.5193, 0.00806507, 0.00373718, 0.0023548, 
89, 50202.9, -5.60882, -0.749599, -2.91028, -0.00395665, 0.00480709, -0.00466468, 
90, 98321.9, -1.82994, 5.50176, -2.93429, 0.000630866, 0.000728436, 0.00121195, 
91, 384069, -2.12416, 1.56103, 0.489886, -0.000291842, -0.00602513, 0.00505558, 
92, 81279.9, -0.704682, 7.58736, 0.347396, 0.00333746, -0.00269186, 0.00639017, 
93, 91375.2, -5.27608, 0.31618, 4.72575, 0.000846918, -0.000953809, 0.00600266, 
94, 5476.7, 1.74117, 7.80101, 1.12244, -0.00233736, 0.00131965, -0.00134432, 
95, 33452.5, -5.09142, -3.4982, -1.73186, -0.000172003, 0.00663614, 0.000529222, 
96, 25752.1, 10.4394, 8.91189, 8.94854, -0.00431585, -0.00399117, -0.00333557, 
97, 200797, -6.98754, 1.98656, 5.57959, 0.00119471, 0.00250659, 0.00577772, 
98, 298981, -3.91201, 3.81617, -1.7704, 0.00244948, 0.00181594, 0.00562998, 
99, 93146, -5.95762, -3.43666, 1.78606, -0.00335928, 0.00140315, 0.000202017, 
100, 8612.85, -2.42693, 1.81618, 2.08061, -0.0120284, 0.00882412, -0.00883561, 
101, 24343.5, -0.742918, -1.12399, 0.788212, 0.00565604, 0.0073722, 0.00750583, 
102, 10296.7, -7.13147, 6.55533, -7.2513, -0.00085493, 0.00665408, -0.00563353, 
103, 15719.8, -0.99767, 0.955107, -0.610732, -0.00215807, -0.0109981, 0.0103688, 
104, 230040, 1.27932, 0.90799, 6.07478, 0.00482562, 0.00591329, 0.00682691, 
105, 17846.1, 1.09382, 0.659558, -2.34237, -0.00520577, 0.0073898, -0.00088373, 
106, 22216.6, -3.47923, 4.05909, -0.336178, 6.69484e-05, -0.00215209, 0.00270685, 
107, 98486.7, -0.821218, -1.65711, 2.37884, 0.000841623, 0.00032294, 0.0142115, 
108, 214214, 2.47799, 3.79615, 6.23045, -0.00833306, -0.00393826, -0.0057204, 
109, 131614, -1.87603, -0.193322, 2.54687, -0.00216455, -0.00795532, 0.00195332, 
110, 160023, -5.17672, 3.24344, -0.189938, -0.00285048, 0.00606208, -0.000624479, 
111, 115735, -3.36368, 3.15859, -2.43207, -0.00177846, 0.00590594, -0.00578766, 
112, 378585, -1.86997, -1.70019, 2.8147, 0.00988042, -0.00703861, -0.0103742, 
113, 83295.8, -5.40739, -1.38324, -2.648, -0.0105315, -0.00188774, -0.00662346, 
114, 148827, -7.25548, -0.810452, 0.771412, -0.00829638, -0.00556853, -0.000595598, 
115, 285284, -2.17109, 4.42952, -3.62221, 0.00409628, -0.00519718, 0.0107388, 
116, 515864, -2.64044, 3.43437, -2.52813, -0.00598679, -0.00107712, -0.000946886, 
117, 88363.5, -0.269524, 4.11943, 3.55964, 0.00903472, 0.00219193, 0.00951576, 
118, 155064, -11.5575, -1.87853, -0.0523325, 0.00245653, -0.00378122, 0.00630055, 
119, 18098.3, -0.919434, 2.21788, -0.401717, 0.000518008, -0.00260311, 0.000606997, 
120, 34391.6, -3.8793, 2.35292, 0.775509, 0.0101468, -0.00849243, -0.0162807, 
121, 78154, -0.850364, 5.33336, 1.76454, -0.00719206, 0.00431297, -0.00199899, 
122, 10497, -5.38726, 1.62027, 5.10681, 0.00137657, 0.00318472, 0.00417781, 
123, 59058.1, -4.00737, -5.12728, 1.30516, 0.000940652, 0.00377642, -0.00303275, 
124, 5646.35, -6.45371, 5.5597, -3.02694, 0.0018752, 0.00908834, 0.00210556, 
125, 103346, 0.135893, -1.88943, -1.82728, 0.00930929, -0.000686556, -0.007741, 
126, 64702.5, 3.55717, 2.87986, -1.69329, -0.0113301, -0.00310531, -0.0026524, 
127, 199056, -6.02768, 2.77929, -0.521929, -0.00333649, -0.00220845, -0.00373714, 
128, 192649, -2.92352, 1.87677, 2.2836, 0.00211696, 0.00196346, -0.00617696, 
129, 1707.71, -5.5526, -0.815618, -2.07417, -0.000892062, 0.00674374, -0.00326274, 
130, 19869.9, -1.88557, -2.89769, -0.714217, -0.000350565, -0.00576953, 0.00448806, 
131, 143979, -5.20698, -1.49454, 1.33104, -0.00898307, -0.00510389, 0.0055357, 
132, 37850.6, 3.65925, -2.30838, 3.78596, -0.00670277, 0.00835332, -0.0082098, 
133, 50031.5, 1.7238, -0.246092, -2.61131, 0.00605872, 0.00224912, -0.00196954, 
134, 369068, -1.69246, 0.909677, 1.10173, -0.0152697, -0.0060519, -0.00498925, 
135, 3806.98, -2.96612, 7.14037, 2.22461, 0.0033306, -0.00377594, 0.00703691, 
136, 64591.7, -5.12195, 2.77637, 2.30404, 0.00719523, 0.00596211, -0.00759308, 
137, 1688.15, 1.33084, 7.36565, -0.907677, -0.0041097, 0.00413862, -0.0033381, 
138, 439943, 0.136809, 1.94523, 3.53549, 0.000945756, 0.00632113, 0.00275511, 
139, 72054.1, -3.69028, 1.81035, -2.63386, 0.000665895, 0.000857689, -0.00308619, 
140, 10511.3, -2.19925, 2.23349, -2.34572, 0.00439098, -0.00445782, 0.012169, 
141, 28560.6, 1.08277, 1.51899, 3.33334, 0.00256225, -0.00491343, 0.000224489, 
142, 92270.6, -0.765663, 3.54169, 3.65137, 0.00460437, -0.00196053, 0.00085684, 
143, 57507.6, 2.25315, 0.0883897, -3.17336, -0.00953014, 0.00151914, 0.00822509, 
144, 106955, -4.44618, -0.395589, 1.24448, -0.0073017, -0.00351034, 0.0124928, 
145, 53021.1, -3.34684, 3.64372, 0.58168, -0.00573057, 0.00294257, 0.00568577, 
146, 127593, -1.22931, 0.35681, -0.886062, -0.00427662, 0.00887017, -0.00294157, 
147, 31386.3, -4.78086, 0.264017, -1.56568, -0.00226921, -0.00253982, -0.00329298, 
148, 89613.6, -8.57575, 8.25845, 2.97235, -0.00321759, 0.00702915, -0.00369955, 
149, 251415, -1.76573, 0.789113, 2.41635, 0.00666144, -0.00432217, 0.0143622, 
150, 55890.6, 2.04814, 6.58052, 0.59476, -0.00403553, 0.00734736, 5.75549e-05, 
151, 174949, 0.806484, 0.865153, 4.2646, 0.00880498, 0.00296923, 0.00345901, 
152, 66072.8, -1.5272, 0.377464, -2.08006, 0.00940061, -0.00974532, 0.00375662, 
153, 19075.8, -3.31038, 6.24886, 1.5104, 0.000189826, 0.0101453, -0.00301971, 
154, 47261.5, -1.63792, 1.55861, 1.91551, -0.00250757, 0.0085549, -0.010347, 
155, 102102, -3.25224, 1.76167, -0.213011, 0.00490108, 0.00393672, 0.000930427, 
156, 5375.03, -1.09434, 3.50355, -1.97142, -0.0093273, -0.000846774, 0.000932651, 
157, 3761.7, -4.63537, 2.13708, 1.61272, 0.00671139, 0.00859764, -0.00881626, 
158, 7652.65, -4.55763, -1.98622, -2.98449, 0.00107345, -0.00187628, -0.00411139, 
159, 47070.1, -5.07391, 1.48924, -1.00733, -0.00308226, -0.00144663, -0.00655185, 
160, 17972.9, 1.03725, 1.21547, 3.01801, 0.00864602, 0.00176096, -0.0041211, 
161, 218629, -1.47838, 1.47428, 0.932953, 0.0051264, -0.0120383, 0.00711006, 
162, 138887, -3.28874, 0.977621, -1.23309, 0.00818595, -0.0048515, -0.000605591, 
163, 33277.3, -7.58846, 0.677148, 4.2128, -0.00329032, 0.00501773, -0.0029356, 
164, 167891, -2.21539, 3.89608, 0.485243, 0.00692501, 0.010033, 0.00419857, 
165, 62570.5, -2.75258, 3.38776, 1.55317, -0.00381831, -0.0157569, -0.00213417, 
166, 38130.4, -3.20818, 0.399793, 0.75312, -0.00026085, 0.0152269, 0.0123204, 
167, 22403.8, -1.79254, 1.90226, 0.433564, 0.00308472, -0.00348607, 0.0162435, 
168, 1479.59, -4.39974, -0.788892, 4.68601, 0.00502988, -0.00438896, -0.00994244, 
169, 20399.9, -1.28335, 4.73213, -0.808039, 0.00265121, -0.00315913, 0.0145813, 
170, 115854, -3.43727, 3.81755, -0.18959, -0.00280267, 0.0074376, 0.00872072, 
171, 27762.9, -5.16482, 8.27874, -3.36164, 0.000777808, 0.00580896, -0.00149841, 
172, 250928, -5.56995, -2.1095, 3.242, -0.00559599, -0.00405237, 0.00754186, 
173, 74469.2, 4.34628, -3.92132, 3.06197, -0.00900046, -0.0032735, -0.00372694, 
174, 143481, 2.83735, -2.05154, 3.46983, -0.0101211, 0.00598789, -0.00627325, 
175, 27145.1, -3.05743, 1.42916, -0.660867, 0.00383548, 0.00281304, 0.00382426, 
176, 32620.6, -7.1313, -3.25009, -3.99837, -0.00121664, 0.0047034, -0.00075004, 
177, 52575.7, -4.31478, 5.70124, -4.3798, 0.00509402, -0.00566667, 0.00733514, 
178, 19746.4, -1.28021, 5.11289, -2.93418, 0.00639804, 0.00730319, -0.00356569, 
179, 33623.1, -3.53608, 0.114052, 0.947144, -0.0110489, -0.00768411, -0.00882585, 
180, 50349.8, -1.56147, 2.53892, 1.17527, -0.0103613, -0.00972841, -0.00973151, 
181, 89376.8, -6.8018, -0.7952, -0.660526, -0.00991134, -0.00491839, -0.00591699, 
182, 42160.2, -1.96673, 0.579802, -5.67032, 0.00489875, -0.00113422, 0.00817881, 
183, 100544, 0.574773, 2.59516, 2.16807, -0.00175011, 0.00607969, 5.39844e-05, 
184, 1446.88, -2.08642, 4.66478, 2.41212, -0.000499322, -0.000280191, -0.0038479, 
185, 119694, 0.575869, 0.567756, 1.94561, 0.00521471, -0.00424562, 0.00425467, 
186, 120999, 5.54479, 7.80832, 1.8588, 0.00113963, 0.00527487, -0.00234348, 
187, 52698.3, -1.36484, 3.87964, 0.14612, 0.00201973, -0.00281844, 0.00565293, 
188, 105467, -6.30299, 3.12633, 3.18075, 0.00370806, 0.00378124, -0.00626136, 
189, 99748.4, -1.38864, 5.3902, -0.906043, 0.00670172, -0.00916153, 0.00539964, 
190, 77133, -3.85357, 2.70558, -1.79761, -0.00340088, -0.000210391, 0.00141896, 
191, 178804, -0.0958834, -1.08899, 5.96307, 0.00399234, 0.00753966, 0.00663799, 
192, 8685.6, -0.975187, 4.04613, -2.11693, 0.00449775, 0.00248387, -0.00759698, 
193, 256954, -4.97298, -3.90681, -3.6254, -0.00116232, 0.00570309, -0.0031947, 
194, 53540.6, -7.4015, 6.28008, 1.76682, -4.0323e-05, 0.000596235, -0.00443684, 
195, 220652, -1.83275, 0.555336, 5.14095, -2.08885e-05, 0.00256631, 0.00798565, 
196, 10258.1, -4.76385, -4.42786, 1.85146, 0.000894788, -0.0084349, 0.00456445, 
197, 6083.3, 1.7474, 1.60117, 0.778767, 0.00104069, -0.00901507, 0.00947713, 
198, 127562, -5.59976, -1.57401, 1.83378, 0.00337684, 0.00880604, -0.0018053, 
199, 34766.2, -2.38091, 0.519489, -0.485107, -0.0157319, -0.00378856, -0.00505107, 
