ID, Mass [kg], pos_0 [m], pos_1 [m], pos_2 [m], vel_0 [m/s], vel_1 [m/s], vel_2 [m/s], 
0, 4982.76, -1.94827, 0.27441, 0.459849, -0.000812491, 0.00266543, 0.00036533, 
1, 84564.5, -4.72231, -4.13599, -5.01023, -0.00582851, -0.00288408, -0.00854696, 
2, 143976, -2.25278, -0.426495, 0.544098, -0.00301561, 0.00493136, -0.00552341, 
3, 12096.4, -0.202414, 1.70239, 0.372785, 0.00217724, -0.0053083, 0.000518853, 
4, 108584, 4.20759, -21.549, 21.2768, -0.00031215, -0.00614435, 0.00612278, 
5, 224267, -1.54027, 6.78993, -4.30285, 0.00630276, -0.000991212, -0.000235247, 
6, 6023.5, 1.55722, 9.81793, 3.60475, 0.000828256, -0.0012147, -0.00286799, 
7, 12734.1, 5.22706, -11.4654, -1.0894, 0.001455, 5.9762e-06, -0.000696219, 
8, 29188.7, 4.11542, 3.10394, 2.1666, 0.00300584, 0.00661438, -0.00420761, 
9, 37892.9, -4.10124, 10.0294, 6.81403, -0.00110115, 0.000525285, -0.00129729, 
10, 282.759, 7.45232, -6.70963, 12.1564, 0.00444439, -0.00441616, 0.00533621, 
11, 75028.9, -6.81572, -29.4231, 14.3471, -0.00207804, -0.00850398, 0.00652127, 
12, 29068.2, 6.27281, 6.38437, 15.2404, -0.000832592, 0.00254776, 0.000216604, 
13, 142762, -2.76703, 5.00239, -8.92702, 0.000316348, 0.00654952, 0.00455304, 
14, 289648, -4.33256, 9.79608, -4.45615, 0.00410118, 0.00355861, 0.000558567, 
15, 17335.1, -15.5888, 5.50125, 25.7539, -0.00529933, 0.00150773, 0.00620124, 
16, 37341.1, 17.2419, -11.6337, -11.1441, 0.00764658, -0.00347666, -0.00580339, 
17, 206687, -1.98336, -0.460074, -6.56938, 0.000944661, 0.0012257, -0.00365546, 
18, 253630, -1.31323, 4.76083, -9.86688, -0.000880231, 0.00690858, 0.00262841, 
19, 40480.6, 3.63528, 0.986267, -2.55854, -0.00250824, 0.00418436, -0.00469712, 
20, 176293, 3.50736, 13.7208, -25.0413, -0.00086854, 0.00389248, -0.00482837, 
21, 17357.4, -11.2054, 8.47485, 9.06542, -0.00288123, 0.000993195, 0.00128165, 
22, 241662, 2.50823, 2.7827, 1.71043, -0.00194454, 0.00570283, -0.00326023, 
23, 144304, 7.53176, 7.47423, 4.97969, -0.00299111, 0.00149262, 0.0040157, 
24, 449735, -0.529142, 3.17028, -3.12737, -0.00483855, -0.00250568, -0.000417533, 
25, 31022.8, -0.726946, -12.666, 14.2284, -0.00192263, -0.00250319, 0.00420629, 
26, 277840, 6.4019, 2.6579, 5.36793, 0.00177558, -0.0036448, 0.00299518, 
27, 22179, -6.44961, -3.41712, -21.4643, 0.000642132, 0.00219199, -0.00321272, 
28, 7726.87, 18.3452, -7.44176, -22.3009, 0.00590637, -0.00106796, -0.00868041, 
29, 88891.4, 10.9272, -1.43692, -2.7765, -0.000315578, -0.00286124, 0.00145571, 
30, 193310, 17.2396, 12.9083, -20.1473, 0.00211579, 0.0033924, -0.00518523, 
31, 53721.6, -14.934, -25.4535, 16.1032, -0.00871883, -0.00792791, 0.00439097, 
32, 149583, 2.86369, 2.6658, 2.003, -0.000838092, 0.00693349, -0.00329219, 
33, 188997, 6.76164, 0.168121, 5.68644, -0.000904828, 0.00112832, -0.0050928, 
34, 147623, -2.75748, 4.15901, -3.74778, -0.00823473, -0.00358541, 0.000964237, 
35, 35433.4, -1.52377, -10.4634, 24.3761, -0.000118924, -0.00144657, 0.00778746, 
36, 379972, 4.00875, 3.22609, 5.03285, -0.00209117, -0.0032155, 0.00187539, 
37, 174579, 5.75713, -10.3711, 14.3003, 0.00216357, -0.00437297, 0.00802175, 
38, 31779.4, -8.30133, 13.2006, 6.81733, -0.0016241, 0.00460692, -0.00150847, 
39, 17933.7, 5.59201, -13.0799, 5.42547, 0.00442245, -0.00194085, 0.00161697, 
40, 9826.32, -8.05946, 13.2621, -19.6261, 0.00101717, 0.00133179, -0.0050122, 
41, 92983.9, 8.78889, 8.86951, -25.0025, 0.00182564, 0.00313849, -0.00895163, 
42, 36951.3, -13.5514, 8.702, -16.843, -0.00336909, 0.00140101, -0.00365062, 
43, 6279.37, 3.09154, -0.618592, -3.10176, 0.00156554, 0.00912761, 0.00148794, 
44, 18926.2, 9.51611, -0.432811, -8.13536, -0.00068636, -0.000802664, 0.00165522, 
45, 13388.8, 5.03382, 4.13062, 21.2321, -0.000453215, 0.00198506, 0.00325345, 
46, 57039.7, 3.65504, 1.46819, 7.77584, 0.00272459, -0.00256249, -0.000164926, 
47, 165793, -1.22203, 4.8458, -4.60806, 0.0040146, 0.00957789, -0.000110678, 
48, 95584.4, 1.50917, -9.57472, 8.07287, 0.00150956, -0.00041505, 0.00203175, 
49, 49905.3, -0.605524, 0.831938, -0.75327, 0.00338172, -0.00150503, 0.00218436, 
50, 72486.3, 1.47711, -0.866439, -3.81457, -0.00112141, 0.00491802, -0.000426986, 
51, 332159, 9.69331, -3.13516, -3.63442, 0.000134018, 0.000244327, 0.00197709, 
52, 12900.8, -3.99239, 1.05797, -9.0274, 0.000241306, 0.000279027, -0.00179919, 
53, 159525, -0.303906, 3.15054, 1.04466, -0.000551593, 0.00600369, -0.00512644, 
54, 73837.4, 4.33707, -3.71097, 2.06388, 0.00515627, 0.00171506, -0.00251275, 
55, 125355, 0.731624, 2.92017, 0.779494, -0.00264252, -0.0069258, -0.00548771, 
56, 28797.6, -2.73284, -8.23482, 9.52287, 0.00152404, 0.000426468, 0.00401783, 
57, 91269.6, -3.32182, 5.35314, -8.20137, 0.00166089, -0.00326635, -0.00331654, 
58, 5483.02, 15.3625, 1.9258, 24.38, 0.00464295, 0.00168747, 0.00870106, 
59, 142050, 0.142658, 2.36705, -4.98207, -0.00124042, -0.00662218, -0.00438699, 
60, 184526, -0.201459, 1.32176, -11.6893, 0.00301709, -0.00429844, -0.000596107, 
61, 58050.4, -1.83302, 0.0329747, -1.82334, 0.00682548, 0.00463668, 0.00198211, 
62, 96236, -9.65467, -18.9309, 12.0575, -0.00299227, -0.00589463, 0.0027094, 
63, 23636.2, 11.0548, -7.0419, -4.32922, 0.00258932, -0.00499789, 0.00049432, 
64, 29280.4, 0.790308, 3.70729, -4.13185, -0.000483287, 0.00668398, 0.00768419, 
65, 161524, -11.8099, -14.1111, 5.53563, -0.00282415, -0.00152192, 2.64341e-05, 
66, 67938.3, -11.5709, 6.05405, -10.4197, -0.00186587, -0.000388022, 4.0342e-06, 
67, 267084, -0.546109, 5.59707, -3.21702, 0.00169027, -0.0020557, 0.0019087, 
68, 69388.9, 19.5062, -12.9102, 9.00686, 0.00871354, -0.00305664, 0.00241588, 
69, 47165.6, 6.36525, 13.6396, -29.2257, 0.00072964, 0.00372415, -0.00664189, 
70, 201127, -5.3568, 7.58334, -12.8522, 0.00324014, -0.00237012, -0.00325113, 
71, 105689, 13.788, 14.128, 19.8107, 0.00618956, 0.00364487, 0.00488843, 
72, 14582, -5.58063, -5.38636, -1.73442, 0.00148595, -0.00224894, -0.00112788, 
73, 76931.6, -11.5706, -14.3551, 6.37514, -0.00388273, -0.00332743, -0.000980238, 
74, 237815, 0.494848, 6.81764, -1.66148, 1.68828e-05, -0.00147715, -0.00825943, 
75, 105565, 21.1804, -8.51521, -25.7851, 0.00798294, -0.000536073, -0.0105049, 
76, 170875, -1.31257, -4.51717, -11.9117, 0.00254915, 0.00394508, -0.000850859, 
77, 17853.6, 4.11778, 8.6234, 7.28327, -0.000525204, 0.00160583, 0.00420246, 
78, 24497.1, -4.86368, 4.41322, -5.2092, 0.00557531, 0.00271389, 0.0019096, 
79, 101855, -5.18948, -12.447, 17.9984, -0.000164907, -0.00470719, 0.00385366, 
80, 95013.6, 1.6232, 5.21192, -2.60149, -0.00441869, 0.000573524, -0.00247466, 
81, 141297, 8.15171, -7.58049, 13.5287, 0.00450185, -0.00415105, 0.00789525, 
82, 151080, -1.19277, 3.59643, -3.3803, 0.00300712, 0.000693609, 0.00141879, 
83, 260791, 0.279073, 1.44927, -1.94199, -0.00235964, 0.00767599, 0.00560761, 
84, 100223, 4.96924, -3.84671, 4.85563, -0.00204117, -0.000180065, 0.00168895, 
85, 7966.28, -2.00791, 7.85327, -1.39807, -0.00295767, -0.00296542, -0.00627496, 
86, 58175.3, -13.4458, -15.1585, 15.4261, -0.00445208, -0.00393304, 0.00410055, 
87, 628317, 0.645599, 1.69733, -3.19992, 0.00256456, 0.00315447, -0.000547242, 
88, 82285.2, -16.3926, -23.2044, 13.3042, -0.00331493, -0.00516671, 0.0066637, 
89, 161291, -5.41328, 3.45544, -8.38897, 5.67041e-05, -0.00287838, -0.00214285, 
90, 79687.2, 5.02606, 6.64051, 2.64746, -0.00222064, 0.00245772, 0.00287684, 
91, 310528, -4.21997, -25.5136, 17.4503, -0.000336955, -0.00568176, 0.0053027, 
92, 30795.2, 0.385008, 5.77659, 5.66725, 0.00133217, -0.0016287, -0.00452107, 
93, 519908, -5.44255, 3.85846, 3.59672, 0.000952911, -0.00021085, 0.00184167, 
94, 101104, 5.98676, 3.36965, 1.30579, -0.00641566, 0.00439944, -0.00206229, 
95, 23620.3, -0.491125, -0.100232, -7.62474, -0.00262203, -0.00402954, -0.0054714, 
96, 8104.4, -1.84981, 4.92727, -7.82363, -4.53552e-06, -0.00183618, -0.00334787, 
97, 234265, -1.70813, 4.61095, -7.32077, 0.00479002, 4.98755e-05, -0.00301824, 
98, 3741.53, 0.397007, 7.17222, 22.6899, -0.000248116, 0.00473824, 0.00323993, 
99, 5528.05, -1.57999, 13.6785, -5.33282, -0.00256807, -0.00130862, -0.00193741, 
100, 6655.21, -0.943767, -3.58977, -9.76538, -0.00292774, 0.000885527, 0.00194398, 
101, 74442.9, 2.89652, -21.9462, 12.9187, 0.00374201, -0.00711428, 0.00618782, 
102, 271819, -14.0409, 4.48708, -23.89, -0.00280187, 0.00355443, -0.00509719, 
103, 173429, -0.0570422, -13.6334, 12.3064, -0.00156605, -4.7336e-07, 0.00481655, 
104, 132164, -16.0123, -3.31795, -0.984447, -0.00274929, -0.00209139, 0.0014907, 
105, 293403, 4.11266, 5.35714, -1.92417, -0.0055522, -0.000353986, -0.00431899, 
106, 91810.3, 5.78852, -0.432457, -4.01384, -0.00352147, 0.00281956, -0.00346793, 
107, 203740, -1.7747, -0.0335326, -6.84134, -0.00552436, 0.000869805, -0.00253115, 
108, 124900, -1.42102, -3.34962, 8.98298, 0.00336844, 0.000435188, -0.00073715, 
109, 153482, 2.51859, 2.73454, 2.73928, -0.00170943, 0.00196554, -0.00843423, 
110, 95805.7, 0.0690033, 8.55884, 4.42055, 0.000429927, -0.000928681, -0.00594485, 
111, 47735.2, 4.77603, 8.67868, 16.2391, -8.6209e-05, 0.00117605, 0.00180558, 
112, 24494.2, -0.443879, -0.827006, -13.445, 0.00207311, -0.00218284, 0.00143512, 
113, 39205.1, 2.24534, -20.1818, 11.2641, 0.00158275, -0.00426149, 0.00273411, 
114, 24723, -11.7117, -31.3649, 12.3652, -0.00394013, -0.0132825, 0.00488471, 
115, 15671.3, 7.34378, 18.9147, 14.8165, 0.00242824, 0.00847012, 0.00647328, 
116, 320473, -11.9235, -17.6251, 9.14476, -0.00306797, -0.00566154, 0.00193576, 
117, 54072.2, -9.49363, -17.1439, 12.7541, -0.0015902, -0.00404822, 0.00348457, 
118, 20992.2, 4.19529, 18.8417, 30.5569, -6.28708e-05, 0.00658279, 0.00868518, 
119, 68943.4, -4.72924, -23.6605, 20.6613, 0.0010532, -0.0068495, 0.00783514, 
120, 176775, -5.71461, 4.28732, -10.0815, -0.000437526, -0.00281473, -0.00327472, 
121, 28501.8, -0.0986633, 4.26698, -3.63488, 0.00461455, 0.000511585, 0.00169824, 
122, 93263.7, 0.0888954, 8.17373, -18.3886, 0.0034633, 0.00433372, -0.0011764, 
123, 54631.4, 22.0549, -1.09936, -18.2401, 0.00635752, 0.00149069, -0.00590732, 
124, 28486.7, -0.434142, -2.26168, 1.83045, -0.00101779, 0.000843165, -0.00255428, 
125, 45940.3, -2.92011, -3.26809, -29.1119, -0.00161332, 0.00232332, -0.00665073, 
126, 58147.3, 1.59682, 4.12061, -2.09832, -0.000932368, -0.00221046, 0.00568169, 
127, 314510, 2.99603, 18.8195, 21.4169, 0.00198592, 0.00487401, 0.00493433, 
128, 66689.7, -8.80557, -5.48212, -3.10453, 0.000496498, 0.00101033, -0.00190787, 
129, 293196, 12.9469, -8.97651, -23.7298, 0.00318908, -0.00123193, -0.00816653, 
130, 58957.4, 1.83345, -0.499635, -3.03979, -0.00682433, 0.000334803, 0.000312788, 
131, 26864.5, 18.0136, -9.34112, -23.0218, 0.00402022, -0.00223415, -0.00752602, 
132, 14537.9, 14.2119, 4.95593, -24.392, 0.0015718, 0.00275339, -0.0060086, 
133, 59690.8, -1.83629, 10.5483, 1.17293, -0.00145294, -0.000105177, -0.0060753, 
134, 71873.2, -10.9712, -8.6986, -4.27495, -0.00037356, -0.000272914, -0.00321811, 
135, 9549.31, -2.07366, 0.280239, -2.31826, -0.00233662, 0.00517014, -0.00526059, 
136, 48774.7, -7.38238, -26.4932, 12.5109, -0.000384489, -0.00574067, 0.00663573, 
137, 177196, -7.35678, -8.78462, 6.54736, -0.00277211, -0.000137252, -0.000845153, 
138, 29597.5, -2.49633, 4.57521, 0.355379, 0.00337297, -0.00149695, -0.00124813, 
139, 32591.9, -12.8516, -13.4655, 12.2086, -0.00344878, -0.00359168, 0.00254802, 
140, 153581, -10.6908, -17.5124, 11.3856, -0.00393649, -0.00192464, 0.0027986, 
141, 131949, -2.8146, -0.335161, -2.53888, -0.00381241, -0.00398058, -0.00222806, 
142, 20789.6, -4.49038, -0.742036, 1.14896, 0.00489417, -0.00253415, -0.00208359, 
143, 36049, -13.1242, -17.9021, 15.175, -0.00443634, -0.00229347, 0.0041925, 
144, 177733, 4.1969, 2.02586, 2.72404, 0.00127581, -0.000442843, -0.0065472, 
145, 143909, -7.91864, 16.3778, 15.449, -0.00147584, 0.00733831, 0.00564703, 
146, 76057.7, 2.77697, -0.311121, -0.410704, -0.00221568, 0.00341673, 0.00229991, 
147, 21460.3, -1.66664, 3.5537, -3.61142, 0.00641341, 0.00460756, -0.00356711, 
148, 28241, 11.3966, 1.97636, -0.0670144, 0.00455398, -0.0030336, 0.00453676, 
149, 77611.6, -3.78393, -3.20047, -4.64202, 0.00263034, 0.00470621, -0.00388899, 
150, 42249.4, -2.80865, 9.39639, -3.41957, -0.000109778, 7.91316e-05, -0.00455794, 
151, 30574.3, 0.282996, 8.46587, 4.93526, 0.00148639, -0.00227383, -0.00267307, 
152, 45197.8, -3.79619, -21.5238, 17.7272, 0.00036784, -0.00296205, 0.00744932, 
153, 71843.5, -5.74848, 4.41989, -9.60374, 0.00319105, 0.00545888, -0.00379998, 
154, 71612.1, -11.2426, -13.9388, 3.22319, -0.00190369, -0.00229721, -0.00144205, 
155, 53086.9, 8.63808, -0.826067, 5.2413, -0.00214584, -0.00133841, -0.00475928, 
156, 50912.6, -1.44367, -0.276517, -0.244609, 0.00211101, -0.00108224, -0.00035843, 
157, 422843, -0.452908, 1.86174, 0.982221, -0.00154477, -0.00105538, -0.00097299, 
158, 35700.8, -16.5928, 15.7128, 17.6833, -0.00422575, 0.00586955, 0.00567328, 
159, 46045.4, -2.28787, -2.0411, -0.76886, -0.00433869, 0.00644277, -0.00393589, 
160, 152279, 15.9428, -2.20063, -17.0213, 0.00309087, 0.00068508, -0.004359, 
161, 142259, -7.96987, 9.08041, -0.728378, -0.0023572, -0.00307914, 0.00129757, 
162, 22811, -9.11692, -18.6335, 13.1509, -0.000665797, -0.00312633, 0.003926, 
163, 44215.6, -8.64335, -9.86262, 21.6097, -0.000959897, -0.00219828, 0.00727983, 
164, 78004.8, -13.5008, 4.85425, 0.705054, 0.00017169, 0.000619959, 0.00174555, 
165, 116840, 17.9367, -10.3295, 15.1877, 0.00489782, -0.00135375, 0.00397154, 
166, 26576.3, -4.968, -25.4092, 20.5116, 0.00176995, -0.0077393, 0.00908934, 
167, 178987, -0.388464, 3.48682, -3.56644, 0.0098661, -0.0014994, 0.0050029, 
168, 105332, 1.94459, -15.2462, 11.879, 0.00276004, -0.00279636, -0.000120682, 
169, 17416.3, -2.025, 6.1962, -3.61375, -0.0038471, -0.00661633, -0.00281712, 
170, 188196, -10.8751, -27.1951, 17.8015, -0.00300076, -0.00873543, 0.00823903, 
171, 154087, 0.595796, 1.59139, -2.18117, 0.0100173, 0.0030465, -0.000929767, 
172, 221417, -2.40923, -1.92993, 1.08957, -0.00424701, 0.000985187, 0.00199917, 
173, 30581.6, 1.45128, 9.03252, -1.98931, 0.00153389, -0.000308621, 0.00555041, 
174, 257561, -2.40179, 1.88206, -1.81395, -0.00499808, -0.000697309, -0.00183563, 
175, 25785, -2.90191, -26.1745, 9.51663, -0.000339975, -0.00935108, 0.00461355, 
176, 48638.1, 9.76749, 9.78998, 19.2371, 0.0023993, 0.00146587, 0.00306257, 
177, 10067.2, -15.5719, 4.74274, 4.34916, -0.00148106, 0.000546666, 0.00161758, 
178, 44588.6, -14.4927, -26.0815, 17.5392, -0.00794014, -0.00894419, 0.00582241, 
179, 92749.3, 2.96806, 0.709263, -2.59835, -0.00455777, 0.000976407, 0.00345118, 
180, 92871.7, -0.47576, 2.86593, -18.8228, 0.00312368, -0.000962456, -0.00257878, 
181, 247270, -0.493132, -15.2515, 7.32007, 0.000139624, -0.00393635, 0.00016664, 
182, 486916, 0.107569, 2.62333, -2.23151, 0.00320389, 0.00523033, 0.000868685, 
183, 368942, -2.17077, -15.411, 12.166, -0.000110733, -0.00254418, 0.00109013, 
184, 177502, -17.0981, 11.8963, -10.7136, -0.00497803, 0.00230485, -0.00157226, 
185, 207343, -2.09495, 0.637648, -6.73155, 0.00222821, -0.000782222, -0.00453476, 
186, 187409, -0.704472, 5.58091, -10.3048, 0.00202132, 0.000962054, 0.00456041, 
187, 2227.5, -10.8258, -23.9504, 11.6262, -0.00210609, -0.00528209, 0.00355429, 
188, 123729, 7.40739, -0.316996, 5.14932, -0.00341364, -0.00147602, -0.00359346, 
189, 104967, -2.12357, -0.607815, 0.347848, 0.000600972, -0.00166682, -0.00840034, 
190, 66861.3, 15.5683, 23.937, 13.9479, 0.00558318, 0.00659715, 0.00335396, 
191, 273746, 7.79824, -3.96706, -4.55531, -7.51064e-05, 0.00255373, 0.00181384, 
192, 237580, 2.96879, 7.41728, -6.2654, -0.00229086, 0.000929692, 0.0018979, 
193, 172963, -9.55387, -28.0372, 13.8382, -0.00112337, -0.00808087, 0.00588307, 
194, 93590.7, 1.57874, -2.47051, 2.71874, -0.00019437, -0.000603034, -0.00269875, 
195, 163125, -10.2747, -19.1187, 11.9418, -0.000564338, -0.00480694, 0.00263995, 
196, 160121, -10.7709, -12.0555, 16.4975, -0.00361139, -0.0015685, 0.00332711, 
197, 122511, 0.0479803, 6.68845, 0.718642, 0.00531689, 0.00491544, -0.00412553, 
198, 16991.2, -17.4039, 11.916, 9.875, -0.00708777, 0.00647578, 0.00439402, 
199, 27557.8, -9.91887, 10.1997, 4.97595, -0.00307721, 0.00259213, -0.00139776, 
