ID, Mass [kg], pos_0 [m], pos_1 [m], pos_2 [m], vel_0 [m/s], vel_1 [m/s], vel_2 [m/s], 
0, 137312, 6.99866, 16.4639, -5.24751, -0.000498108, -0.000618524, 0.000821222, 
1, 55754.2, -8.37944, -1.93323, -16.0805, 0.000143706, -0.000193245, 0.00193462, 
2, 79728.4, 4.08163, 12.6445, 1.94141, 0.000430346, -0.00135925, -0.000198113, 
3, 16593, 7.88585, 10.6497, -11.7926, -0.000518671, -0.00059846, 0.000731628, 
4, 44490.6, -3.23287, 12.8041, 12.4004, -0.000725304, -0.000466384, -0.00155555, 
5, 188588, -13.7827, -5.56779, -13.3402, 0.00152241, 0.000238647, 0.00108356, 
6, 44703.6, -8.79083, 14.9154, 7.12437, -0.000159879, -0.000952704, -0.0005555, 
7, 35735.5, -17.6763, 10.2666, 14.7688, 0.000705273, 0.00371597, -0.00201867, 
8, 123121, 3.52522, -2.28001, 4.40747, -0.000271424, -0.000383733, -0.0010685, 
9, 34968, 5.15432, -0.819893, 17.1857, -0.000493126, -0.000167262, -0.00138446, 
10, 14628.1, 1.38095, 10.8936, 18.2948, -0.000445138, -0.000415532, -0.00133658, 
11, 1978.1, 16.912, 7.63949, -5.99258, -0.00169846, -0.000120839, 0.000165586, 
12, 40474, -0.705787, 0.623214, 11.6081, -0.000347628, -0.000242968, -0.00146215, 
13, 383935, -8.17686, -4.79144, -9.57087, 0.000929838, 0.00155239, 0.000552563, 
14, 194192, 15.9299, 19.1939, 3.77839, -0.000954641, -0.00102036, -0.000376856, 
15, 1674.31, -9.98986, 4.94414, -12.3299, 0.000294818, 0.00114718, 0.00157749, 
16, 38153.5, 15.8191, -3.99799, -6.43887, -0.00179032, 0.000170208, 7.23048e-07, 
17, 58543.7, 1.84931, 12.9045, 11.1018, -0.000678845, -0.000731297, -0.00126563, 
18, 243181, -12.369, 15.3013, 7.44429, 0.0013171, -0.00143751, -0.000641117, 
19, 25807.2, -0.474748, 18.3861, -17.7825, 2.60063e-05, -0.00113987, 0.00107455, 
20, 190454, -12.5421, 8.46282, 3.15721, 0.00148785, -0.000674947, 0.000351358, 
21, 252738, -10.8455, -14.8059, -11.6866, 0.000947696, 0.00111864, 0.000439172, 
22, 375639, -10.0614, 6.99203, 11.1074, 8.15113e-05, -3.91661e-06, -0.00134305, 
23, 157115, 1.31137, 13.4802, -7.55677, 0.000340714, -0.000995435, 0.00075404, 
24, 72124.3, 15.8415, 14.6447, 14.9862, -0.0012539, -0.000716837, -0.000403115, 
25, 580829, 4.99797, -16.3556, -10.4136, -0.000534871, 0.00115034, 0.00053963, 
26, 30351.3, 9.22379, -7.74469, 16.7696, -0.000658189, 0.000245789, -0.00138949, 
27, 14371.3, 9.21875, 18.0124, 12.5018, -0.000390453, -0.00104768, -0.000905853, 
28, 126879, -12.5082, 9.57852, 2.35018, 0.00171141, 0.000961119, -0.000945907, 
29, 110897, 4.70982, -12.1099, 7.89837, -0.000420796, 0.0012352, -0.00109635, 
30, 85578, -9.16802, -16.989, 10.6364, 0.00118296, 0.00102135, -0.00222343, 
31, 29947.9, -8.88842, -13.8799, 0.528539, 0.000781135, 0.00122314, 0.000172306, 
32, 132455, -11.6764, -18.2675, -14.6157, 0.000925707, 0.00173817, 0.000371092, 
33, 130352, -10.1291, 15.506, 15.0309, 7.52236e-05, -0.00094882, -0.000668476, 
34, 101577, 11.1458, 8.23397, -17.7505, -0.000368759, 0.000491731, 0.00155051, 
35, 37120.7, 10.6824, -13.7567, -0.440068, -0.00099271, 0.0017719, -0.000418864, 
36, 111512, -18.4418, 11.6337, -13.6824, 0.00143456, -0.00065783, 0.000913011, 
37, 85576.8, 15.6401, -9.03297, 9.64687, -0.00192493, -0.000101004, -0.000835577, 
38, 37768.8, 18.1159, 14.0661, 10.5468, -0.00110113, -0.000559499, -0.000476035, 
39, 22057.8, 5.16422, -2.09075, -16.9018, -0.000303511, 0.000252447, 0.00131757, 
40, 27211.6, 4.30115, -15.883, -10.4104, -0.0049429, 0.00390923, 0.000509925, 
41, 173428, 11.8137, 8.36344, 2.35557, -0.0011762, -0.000351895, -0.000475147, 
42, 253998, 13.144, -11.9768, 10.0161, -0.000939388, 0.00116037, -0.00103007, 
43, 5109.09, -14.6248, 9.80192, 7.72921, 0.00184218, -0.000549672, -0.000655305, 
44, 93787.3, 0.559906, -5.22113, -3.50075, -0.00197935, 0.00153255, 0.00297146, 
45, 18495.6, -1.37562, -13.4664, -2.76405, 5.789e-05, 0.00138932, -4.62969e-05, 
46, 31956.3, -12.7538, -16.3972, -11.3979, 0.00221313, 0.00178352, -0.000449443, 
47, 62132.7, -7.70825, 9.00827, 18.015, -0.000194915, -0.000170626, -0.0017868, 
48, 184868, -5.29216, 15.3555, 9.17826, -0.000542558, -0.00177311, -0.000561072, 
49, 52292.7, -16.5563, -13.8899, -8.42573, 0.00158939, 0.00056551, -6.78413e-05, 
50, 124482, 14.1804, -2.01352, -8.76022, -0.00128944, -0.000187822, 0.000672134, 
51, 8220.22, 16.4067, 17.3482, -10.0658, -0.00105669, -0.00199037, -0.000194938, 
52, 26263.4, -3.67145, -15.116, -17.6887, -0.000509463, 0.00116306, 0.00212826, 
53, 94384.3, 1.85224, 2.65576, 3.55363, -0.000269034, -0.000463147, -0.000629308, 
54, 13035.4, -3.37535, 3.42115, -7.46171, -0.00029041, -0.000611169, 0.000824702, 
55, 164166, -9.85698, 17.4401, 4.99739, 0.000237492, -0.00232382, 0.000156903, 
56, 110314, 13.9528, 1.85127, -1.76455, -0.00139617, -4.74266e-05, 5.84304e-06, 
57, 339723, 6.42178, 15.8121, -5.31101, -0.00109987, -0.00127673, 0.000750209, 
58, 34786.1, -7.35433, 14.8254, 11.4157, -6.861e-06, -0.000880424, -0.00162723, 
59, 278196, -18.1639, -6.25447, 12.4844, 0.00196836, 0.00046782, -0.000999266, 
60, 9642.68, 5.6979, -14.8545, -9.22331, -0.000492938, 0.00130431, 0.00068676, 
61, 63534, -13.3301, 16.8135, 0.68463, 0.00127054, -0.0019028, 0.000525661, 
62, 22547.5, -6.29705, -1.38587, 1.3859, 0.00199251, -0.00100009, 0.00172342, 
63, 6259.61, 16.7234, 10.0887, -8.04323, -0.00156098, -8.91957e-05, -3.26335e-05, 
64, 57968.1, 17.4005, -11.175, -16.9585, -0.00220401, 0.000618967, 0.00136144, 
65, 409901, 16.2636, 14.1328, -12.085, -0.00123722, -0.000848935, 0.000374789, 
66, 688.194, -2.21701, 13.5837, 14.0089, -0.00081083, -0.000900263, -0.00184562, 
67, 86979.8, -10.322, 12.5473, 0.790413, -0.000679927, -0.00172784, 0.00137131, 
68, 60388, -14.5363, -15.7942, -17.0008, 0.00155794, 0.000263142, 0.00130013, 
69, 63798.8, 6.83362, -8.47145, -8.33779, -0.000619495, 0.000332596, 0.000894391, 
70, 13257.1, -11.1254, 9.8792, -1.08896, -0.000117995, -0.000311846, 0.00144279, 
71, 28918.2, 9.26762, -18.8541, 10.5887, -0.000577143, 0.00136162, -0.000732025, 
72, 9942.01, 18.158, -11.0985, 13.8037, -0.00181925, 0.000392673, -0.000554833, 
73, 42475.2, -19.0436, -1.80279, 18.8998, 0.000895303, 0.00023453, -0.00136084, 
74, 94725.8, -9.98302, -4.7939, 6.66324, 0.000874897, 0.000405205, -0.000473602, 
75, 38096.4, -7.72459, -1.39025, 5.18295, 0.000820959, -0.000247616, -0.0012886, 
76, 137227, -11.0668, 11.5729, 0.758841, 0.00130428, -0.000894188, 0.000885005, 
77, 39314.1, -1.68276, 8.72371, -8.90094, 0.000406718, -0.000826654, 0.000205142, 
78, 251593, -14.3091, 3.3311, 6.90233, 0.00143743, 0.000315899, -0.000540296, 
79, 191231, 8.77841, -5.66754, 4.45656, -0.0032317, -0.00139952, -0.00135078, 
80, 34987.9, 17.4623, 17.9719, -4.45956, -0.00118579, -0.00100501, -2.53813e-05, 
81, 111447, -2.85629, -15.6254, -18.1215, 0.000298764, 0.000682614, 0.00176262, 
82, 14833.6, 11.0752, -17.7658, 0.564468, -0.000926271, 0.00163126, -0.000184631, 
83, 15976.5, 6.30724, -11.0326, 7.68827, -0.00126541, 0.000509548, -0.00112371, 
84, 47247.1, -16.3772, -17.3154, 9.94163, 0.00124543, 0.00105902, -0.000450752, 
85, 244699, 6.49276, -4.44683, 1.28383, -0.000660842, -0.000159648, 0.000450046, 
86, 24608.6, 17.9189, 9.7319, 18.6285, -0.000748777, -0.000114849, -0.00101774, 
87, 89124.7, 14.1067, 9.94234, -15.5104, -0.00187358, -0.000403376, 0.000263892, 
88, 23424, -3.16261, -9.5116, -17.9591, -0.000268953, 4.61925e-05, 0.0016487, 
89, 4012.82, -5.89144, 2.29096, 0.173677, 0.000139498, -0.000738433, 0.000201952, 
90, 61378, -5.61358, 16.4494, 8.55941, -0.00103756, -0.000260966, -0.0015137, 
91, 20792.7, 16.0988, 2.00874, -14.9573, -0.00131512, 2.3742e-05, 0.000767821, 
92, 81507, 13.3301, 9.21495, -16.202, -0.000889014, 0.000853959, 0.00114447, 
93, 267014, 4.88834, 7.16907, -17.8296, -6.85746e-05, -0.000178948, 0.0014418, 
94, 44901.8, 19.0725, 9.94099, 14.0346, -0.00104735, -0.000130182, -0.000719684, 
95, 65199.4, -8.27792, -17.7925, -7.21278, 0.000223916, 0.00174192, -0.000352941, 
96, 14008.6, -6.88911, 1.77354, -13.7731, -7.98478e-06, -0.000338016, 0.00159038, 
97, 23972.4, 4.07744, 4.69579, -8.62618, -0.000763217, 0.000192647, 0.000561317, 
98, 190441, 5.28386, 17.1559, -2.77119, 0.000178029, -0.00216885, -0.00120933, 
99, 149937, 12.6791, -2.0474, -17.1812, -0.000778275, 0.000158634, 0.00113692, 
100, 82371.2, -12.5764, -11.7583, 11.5368, 0.00113242, 0.000755379, -0.00103265, 
101, 22664.8, -6.83402, -5.7055, -12.0504, -0.000895476, 0.000537745, 0.00254038, 
102, 49298.9, -1.37489, -17.1114, 12.4061, -0.000486455, 0.00150596, -0.00114, 
103, 214780, 5.57768, 8.33636, 3.47619, -0.000608275, 6.16218e-06, -0.000844095, 
104, 44282.6, -17.8715, -4.88088, 7.04244, 0.00192806, 0.000264806, -0.000142729, 
105, 23377.9, -6.21407, 16.5523, 3.95866, -0.000711876, -0.00173117, 0.000293898, 
106, 2871.08, 7.09757, 14.3929, 12.2653, -0.000502763, -0.000785503, -0.00114333, 
107, 22127.2, -3.08341, 16.9989, -14.8332, 0.000231353, -0.0013623, 0.000980259, 
108, 133441, -12.9299, -18.4946, -17.9449, 0.000730672, 0.00123029, 0.00177517, 
109, 71807.8, -12.5934, -17.9755, -13.7527, 0.00017736, 0.00213201, 0.0013549, 
110, 32588.3, -7.55231, -14.2911, 15.6789, 0.000199851, 0.000579617, -0.00165899, 
111, 86059.1, 0.543193, -12.5065, 17.4555, -0.000355362, 0.000854137, -0.00156781, 
112, 72597.4, 3.47371, 10.1739, 0.636677, 0.000174286, -0.000296299, 0.000322832, 
113, 26570.3, -14.0953, 14.2665, -5.11938, 0.00104897, -0.00147181, 0.000621177, 
114, 53183.2, -4.39855, 2.39594, -6.82634, 0.000134304, -0.000294656, 0.000376981, 
115, 16624.4, 7.55734, -7.45315, 4.82439, 0.000114939, 0.00234566, -0.00124767, 
116, 182866, 6.09199, 12.5997, 3.62816, -0.000967885, -0.00134451, -0.00112853, 
117, 98035.5, -17.5679, 2.38997, 15.9892, 0.000997606, 0.000155533, -0.00125301, 
118, 3934.14, -9.50857, -11.781, 8.64349, 0.00158585, 0.000735392, -0.000482825, 
119, 1502.43, 5.03348, -14.5248, 2.53152, 0.000170076, 0.0017363, 0.000533414, 
120, 13042.2, 5.4077, -9.10363, 17.3396, -0.000670298, 0.000414847, -0.00146575, 
121, 27390.1, 5.8562, -7.73182, 0.574111, -0.000346842, 0.00153111, 0.000287487, 
122, 23494.5, 14.4667, -11.9068, -15.7237, -0.000568195, 0.00112607, 0.000536224, 
123, 131860, 16.2019, -10.5723, -7.63287, -0.000945156, 0.000961253, 0.00101425, 
124, 79067.5, -15.6976, -5.53944, 5.64096, 0.00131277, 0.000641326, 0.000130268, 
125, 4184.63, -17.2674, 15.0016, -16.3429, 0.000897453, -0.00110343, 0.00124715, 
126, 172604, 8.73386, -5.62464, 4.40287, 0.000664518, 0.00195302, -0.000562444, 
127, 69928.6, 18.5798, 4.39074, 7.57092, -0.00129001, -5.48131e-05, -0.000693848, 
128, 221692, -5.04076, -14.0375, 7.21306, -0.000239713, 0.00178841, 6.08015e-05, 
129, 129313, -12.5995, 7.71463, -3.12057, 0.000874971, -0.000353606, 0.000837919, 
130, 75586.8, -0.128588, 6.40283, -8.74138, 0.000193029, -0.000163314, 0.000525633, 
131, 150012, -9.77757, 9.80625, 4.38181, -0.000643165, -0.000425531, -0.000741008, 
132, 42750.8, -9.8065, 12.958, 0.850525, -0.000698267, -0.00348496, 7.5807e-05, 
133, 20189.7, -13.9074, 1.21829, 0.923204, 0.00145874, 0.000415659, 0.000143083, 
134, 343428, -5.42239, -2.05676, 2.41906, 0.000152007, 0.000114481, -0.000292788, 
135, 55613.7, 1.7061, 17.0328, -5.13814, 0.000926984, -0.00191127, 0.000368601, 
136, 80631.2, 17.1693, -10.1878, -6.77184, -0.00249207, 0.00023045, -0.000558032, 
137, 36216, 17.5093, -10.9928, -17.1659, -0.000655757, 0.00120628, -1.90957e-05, 
138, 118507, 0.27249, -13.7363, -9.46955, 0.000361956, 0.000645949, 0.000242158, 
139, 31885.5, 11.5946, 15.4391, 10.272, -0.000622822, -0.000861899, -0.00079914, 
140, 277743, -17.6414, 10.1885, 14.8021, 0.00183946, -0.00088005, -0.00114067, 
141, 37283.6, -4.03373, 8.02266, -14.3586, 0.000603933, 0.000255602, 0.00203879, 
142, 70883.1, -13.8243, -8.05041, -16.3074, 0.00109591, 0.000578178, 0.00185476, 
143, 41522.8, -12.022, -9.50005, 3.02943, 0.00123976, 0.000920846, 0.00011323, 
144, 135253, -7.91538, -4.34563, -9.44021, -0.00236064, -0.00303119, 0.000567782, 
145, 153936, -14.9894, 12.8364, 12.9379, 0.000892902, -0.00123204, -0.000828836, 
146, 238818, -2.82432, 9.92975, -12.8426, 0.000188912, -0.000957899, 0.00118175, 
147, 54.6429, -0.346502, 9.163, -13.3578, -0.00098601, -0.000363053, 0.00155672, 
148, 96925.5, -15.5052, 10.3995, -1.76788, 0.00210491, -0.000930997, 0.000609898, 
149, 84852.8, 0.934912, -7.65579, 16.6223, -0.000423591, 2.93519e-05, -0.00168941, 
150, 13545.7, 5.88934, 9.87176, -5.63206, -0.000757304, -0.000141467, 0.000254028, 
151, 95619.5, -17.397, -18.4785, -7.75602, 0.00123955, 0.00116954, -0.000100961, 
152, 96639.7, 11.2686, -5.50414, -7.78678, -0.000850967, 0.000205071, 0.000692801, 
153, 133205, -2.28059, -9.28818, 12.2321, -0.00045774, 0.000308926, -0.00198687, 
154, 314952, -18.4268, 1.85123, -16.4042, 0.00119041, -0.000165315, 0.00118907, 
155, 170307, -9.09565, -12.8378, -10.0646, -7.09397e-05, 0.000543898, -0.000461322, 
156, 64387.5, -13.5581, 3.77552, -4.86474, 0.00176571, -0.000253427, 0.000226806, 
157, 62268, -0.862257, -10.3206, 3.48051, -0.000255481, 0.00119806, 0.000226443, 
158, 70314.2, -12.0009, -4.65545, 9.46952, 0.000862874, 0.00024319, -0.00123626, 
159, 262716, 11.2944, -10.7888, -3.0005, -0.00115195, 0.000887677, 0.000102734, 
160, 123640, 6.39863, -14.2236, 4.12831, -0.000623209, 0.00164601, -0.000237171, 
161, 32958.3, -0.170753, 0.290621, -3.5242, -0.000279639, -0.000488804, 0.000314972, 
162, 156472, -16.8586, 2.63415, -9.8186, 0.00163339, -0.000263261, 0.000422504, 
163, 238511, 0.775357, -5.32406, -3.80468, 0.000449974, -1.83243e-05, -0.000493836, 
164, 84660.5, 12.904, -9.25817, 7.5579, -0.00130424, 0.000231561, -0.000221871, 
165, 177743, -11.044, -0.964875, -8.69417, 0.00138563, -2.78588e-05, 0.000396422, 
166, 69979.6, 14.7071, 14.534, 16.0626, -0.000110825, -0.000618353, -0.0014854, 
167, 251405, 11.5772, 12.3601, -17.9698, -0.000387791, -0.00111343, 0.00142979, 
168, 50070.4, 16.1389, -10.3758, -16.9695, -0.000524781, -0.000138163, 0.000935761, 
169, 41049.8, -12.4928, 2.90051, -4.98463, 0.00039113, 0.000263616, 7.49626e-05, 
170, 68791, 13.2344, -2.47953, 14.5979, -0.000887822, -0.000123603, -0.00116424, 
171, 200886, 3.74816, 5.72706, -9.08661, -0.000698472, -7.20803e-05, 0.0006874, 
172, 35484.5, 17.1637, -11.1633, 14.48, -0.000942734, 0.000330201, -0.0011073, 
173, 148086, -10.3024, 16.1534, 17.1906, 0.000250459, -0.0013186, -0.00216766, 
174, 53140, -18.585, -6.24366, 12.4645, -0.00242067, 0.000565657, -0.000496084, 
175, 24766.4, 18.0454, -12.0548, 15.9808, -0.0011338, 0.000698945, -0.00132315, 
176, 7733.58, -10.5728, 17.0884, 16.6851, -4.91467e-05, -0.000253081, -0.00287865, 
177, 13913.4, 11.8629, 18.0566, 1.29825, -0.000751207, -0.001238, -0.000261507, 
178, 114302, -9.28995, -17.9969, 16.3803, 0.000438805, 0.00113316, -0.0014003, 
179, 68069.5, 13.4257, 8.01482, -6.10303, -0.00120656, -0.000200966, 0.000237994, 
180, 51389.3, -11.432, -2.07626, -8.78138, 0.00104816, -0.0019306, 9.7445e-05, 
181, 20597.4, -0.754131, 13.771, 8.02705, -0.000728687, -0.000893281, -0.000697117, 
182, 34748.5, -10.2629, -7.47784, -11.7156, 0.00108623, 0.00106225, 0.00138188, 
183, 112126, -0.32386, -7.33622, 6.62437, -0.000605391, 0.000171623, -0.000773452, 
184, 177391, -4.09637, -9.45148, 8.33474, 0.000703847, 0.000614446, -0.000935452, 
185, 181759, -0.424113, -16.1357, -15.3986, -0.00032647, 0.00111849, 0.00111312, 
186, 19654.2, -17.3905, 9.97717, 14.7157, -0.00236869, 0.00161262, -0.0012596, 
187, 246285, -5.58916, -10.4862, 8.58543, 0.000179159, 0.000116142, -0.000881776, 
188, 138749, -10.0905, 6.12823, -12.2047, 0.000542676, -0.000587026, 0.00115528, 
189, 281810, -13.7697, 13.3561, -11.7947, 0.000692939, -0.00114577, 0.000782258, 
190, 13844, -10.8727, 1.35827, 3.78474, 0.000782181, 0.000216677, -5.82142e-05, 
191, 74045, 13.1033, -9.77871, -17.6391, -0.000327494, 0.000377463, 0.00125192, 
192, 20388.3, -10.1004, -10.3146, 17.2937, 0.00049981, 0.000366524, -0.00162284, 
193, 313096, -8.44881, -17.4606, 8.54378, 0.000675649, 0.001894, -7.86488e-05, 
194, 151155, -8.24674, -12.3789, -14.855, 2.84524e-05, 0.000426619, 0.00168891, 
195, 8777.79, -11.5838, -4.13381, 13.4994, 0.000381213, 0.000137872, -0.00168705, 
196, 64134.7, -8.21458, 12.9319, -17.389, 0.000388389, -0.000926668, 0.00141589, 
197, 147571, 16.9733, 8.49015, 1.7001, -0.00166524, -0.000381671, -0.00024934, 
198, 33645.9, -8.50869, 13.1277, 1.94131, -0.00132214, -0.00135761, -0.000179685, 
199, 45139.3, 12.7522, 11.493, 14.6398, -0.000403516, -0.00011928, -0.000941409, 
