ID, Mass [kg], pos_0 [m], pos_1 [m], pos_2 [m], vel_0 [m/s], vel_1 [m/s], vel_2 [m/s], 
0, 280921, 57.0546, 173.541, 51.7102, -0.000160472, -0.000194437, 2.25109e-05, 
1, 149137, 138.05, -186.493, 197.113, -5.50393e-05, 8.28798e-05, -9.29195e-05, 
2, 50446.3, -111.841, 24.1041, -22.2198, 8.49639e-05, 1.87013e-06, -6.18553e-05, 
3, 41485.9, 59.1335, -65.9895, 152.494, -2.38468e-05, 5.62455e-05, -0.000138155, 
4, 9933.15, -38.6504, -27.2699, -81.0366, 2.89049e-05, -1.91478e-05, 7.08636e-05, 
5, 66967.5, 120.778, -9.49061, 7.76444, -0.000114813, 1.15876e-05, -5.96191e-06, 
6, 46662.8, -80.6748, 58.5587, -181.031, 3.1011e-05, 4.64252e-06, 0.000166358, 
7, 97754.2, 82.1824, -21.4844, -179.462, -1.47291e-05, -4.57212e-05, 0.000158014, 
8, 255643, 18.8504, 168.287, -125.31, 1.5847e-06, -0.000109275, 9.26572e-05, 
9, 417487, -84.4265, -147.209, -17.8036, 2.09073e-05, 0.000118522, 1.09129e-05, 
10, 142825, 169.283, 150.661, 22.53, -0.0001113, -5.6595e-05, -8.3275e-06, 
11, 100784, 84.7823, -69.2049, -47.7235, -9.97638e-05, 4.79352e-05, 7.18402e-05, 
12, 103879, -37.5998, 170.011, 175.711, 2.30123e-05, -0.000104443, -0.00010932, 
13, 18497, 111.688, -50.5373, 113.623, 0.000321594, -0.000162642, 0.000334615, 
14, 142719, 80.5994, -39.7028, -118.439, -8.71973e-05, 4.05591e-05, 7.06201e-05, 
15, 24734, 41.124, 17.3193, 66.6142, -8.27226e-05, -9.06682e-05, -7.99303e-06, 
16, 60638.9, 25.9131, -28.821, -54.4074, 1.51165e-05, 1.86593e-05, 7.09983e-05, 
17, 156413, 35.8201, -57.565, 142.38, 1.41113e-05, 2.78019e-05, -0.000148424, 
18, 40614.3, 81.8232, 40.6227, 72.0114, -8.23976e-05, -5.61915e-06, -6.10707e-05, 
19, 80054.7, 38.9219, -39.6549, -33.2051, 4.24117e-05, 9.73386e-05, 4.63079e-05, 
20, 20188.5, 79.5595, 157.418, -165.544, -1.26932e-05, -5.17346e-05, 0.000125203, 
21, 52898.6, 113.363, 15.6032, -133.761, -7.79151e-05, -1.96393e-06, 0.000115879, 
22, 70476.7, -187.673, -83.2256, -102.738, 0.000110898, -4.55884e-05, 6.4442e-05, 
23, 97799.1, -100.805, 87.0784, -70.7867, 5.69313e-05, -7.94546e-05, 2.29488e-05, 
24, 31591, 150.775, 134.896, -191.133, -0.000118299, -0.00012034, 0.000162649, 
25, 362159, -48.3099, -176.391, -169.46, 3.56883e-06, 0.000136459, 6.73317e-05, 
26, 54079.9, -136.044, 57.6355, 157.958, 6.94834e-05, -6.76684e-06, -9.60023e-05, 
27, 71083.6, 173.484, 198.169, 9.47272, -9.80374e-05, -0.000133542, -2.91421e-06, 
28, 49965.9, 57.1745, 26.7729, 65.9975, -3.33626e-05, -4.09456e-05, -7.85049e-05, 
29, 13380.9, -59.6392, -157.204, 80.4045, -3.96948e-05, 9.9669e-05, -0.00011828, 
30, 295051, 167.468, -41.2593, 21.9591, -0.000130743, -3.86543e-06, 2.52353e-05, 
31, 167525, -59.6162, -136.943, 135.878, 2.16528e-05, 9.4445e-05, -7.2326e-05, 
32, 9620.01, -81.002, 116.184, -132.228, 4.55494e-05, -9.10237e-05, 4.70639e-05, 
33, 72411.2, 15.2461, -87.2802, -159.185, 1.34623e-06, 6.78857e-05, 8.49583e-05, 
34, 19982.7, -103.789, -36.9537, 142.165, 6.39027e-05, 1.68042e-05, -8.25806e-05, 
35, 40945.2, -11.7492, 185.4, 180.953, 1.33131e-05, -0.000110788, -0.000112809, 
36, 88463.2, 117.059, -39.0758, 158.149, -5.77236e-05, -4.87858e-06, -0.000128752, 
37, 37051.3, -88.3719, -117.947, -13.2121, -0.000121416, 4.1502e-05, -4.7759e-05, 
38, 18264.2, -158.309, 125.043, 0.659744, 8.22447e-05, -8.24154e-05, 5.65138e-06, 
39, 113580, 109.254, -182.608, -176.436, -6.02347e-05, 9.32084e-05, 9.86891e-05, 
40, 4383.14, 125.309, 80.1649, 24.097, -9.4072e-05, -2.89381e-05, -1.51233e-05, 
41, 99803.5, -4.09157, -130.625, 120.549, 4.04964e-05, 0.000103795, -3.86268e-05, 
42, 19049.6, 74.9464, -183.024, 76.3153, -3.00914e-06, 0.000122192, -1.60884e-05, 
43, 59175.5, 145.195, 181.486, 23.565, -5.71106e-05, -0.000135234, 7.23285e-06, 
44, 106282, 138.242, 1.16176, -101.303, -0.000130853, 2.31995e-05, 7.71456e-05, 
45, 85925.5, 138.818, 89.1228, -81.6069, -0.000111253, -2.92059e-05, 6.40537e-05, 
46, 75101.4, -38.1858, -13.2492, -23.0768, 4.25343e-05, 3.81907e-05, 1.06481e-05, 
47, 112110, 134.359, 6.10225, -64.2465, -0.000136272, 3.21071e-05, 4.61979e-05, 
48, 15845.1, -156.932, 7.33515, 18.3429, 0.000123097, 1.04341e-05, -2.29193e-05, 
49, 578756, -95.205, 187.344, -143.241, 4.03231e-05, -0.000121034, 5.46095e-05, 
50, 236989, -174.6, -177.818, -177.059, 0.000126176, 8.06257e-05, 0.000155191, 
51, 42192.7, -39.8049, -44.8916, 128.738, 4.31596e-05, 4.79172e-05, -9.59604e-05, 
52, 2833.87, 57.3384, -126.27, 185.78, -8.73565e-06, 5.29162e-05, -0.000163159, 
53, 20885.3, -103.025, -148.487, 163.734, 6.38704e-05, 7.55293e-05, -0.00012189, 
54, 59239.7, 92.3735, 22.4553, 16.6757, -0.000102372, -1.89931e-05, 1.3437e-05, 
55, 68616.1, -106.501, -147.902, -181.618, 4.69801e-05, 7.21798e-05, 0.000168472, 
56, 140806, 179.732, -91.6734, 97.9904, -0.000123183, 0.000120224, -1.59801e-05, 
57, 47680.3, -44.6789, -55.7777, -181.91, 0.000183543, 0.000113926, 0.000129555, 
58, 142649, 41.1176, 174.564, 46.5185, 7.96186e-05, -0.000185212, 7.2861e-05, 
59, 121601, 110.626, -117.07, -124.441, -7.72378e-05, 6.72727e-05, 6.77915e-05, 
60, 48784.1, -182.14, 189.332, 191.21, 6.58535e-05, -0.000125511, -0.000100352, 
61, 212902, 14.2328, -69.6903, -180.168, 2.09963e-05, 2.2944e-06, 0.000161596, 
62, 33750, -191.065, -124.428, -130.47, -8.5409e-05, 1.88422e-05, 0.000181561, 
63, 103881, 166.232, -188.198, 140.925, -8.09162e-05, 0.000124984, -8.00934e-05, 
64, 144035, 74.1211, 132.617, 36.4476, -7.55473e-05, -7.39854e-05, 2.75076e-06, 
65, 255917, -180.485, -80.8071, -153.59, 0.00014944, -5.26408e-06, 8.75304e-05, 
66, 45051.8, 168.982, -70.5347, 42.7108, -0.000153609, 9.25904e-05, -1.94712e-05, 
67, 211462, 80.5012, -69.5924, -15.9123, -9.03344e-05, 5.30606e-05, -1.36268e-05, 
68, 84771.9, 185.764, -181.93, 129.847, -0.000124737, 9.68822e-05, -4.20963e-05, 
69, 71798.4, -96.549, -48.6962, 154.691, 5.637e-05, 1.47121e-05, -0.000123415, 
70, 1322.42, -142.828, 159.116, 99.6844, 5.12672e-05, -0.00014028, -7.96706e-05, 
71, 75224.8, -45.0096, 150.822, 91.2987, 0.000101226, -7.57003e-05, -0.0001114, 
72, 52782.9, -40.6302, -192.285, -84.6819, 1.19618e-05, 0.000154665, 1.09316e-05, 
73, 79840.9, -174.143, 152.402, -170.113, 7.86277e-05, -8.7197e-05, 6.87112e-05, 
74, 104228, 96.5997, 88.1176, 95.4153, -7.5268e-05, -3.82065e-05, -2.96148e-05, 
75, 2482.41, 91.8732, -17.8734, 65.9883, -0.000107523, 2.12557e-05, -2.5112e-05, 
76, 154427, -67.4541, 138.449, 189.585, 1.87359e-05, -8.85054e-05, -0.000133186, 
77, 8290.76, -122.123, -33.3435, 35.5452, 7.94681e-05, 3.65426e-05, -3.09789e-05, 
78, 331032, -72.7673, -114.34, 180.699, -4.09989e-05, 4.76542e-05, -0.000241024, 
79, 124.402, 190.211, -177.76, -8.69552, -0.000137081, 9.59116e-05, 5.89431e-07, 
80, 282082, 115.839, 91.4029, -153.921, -8.91292e-05, 0.000191782, 0.000158263, 
81, 84879.9, -65.7791, -199.445, -175.19, 4.65543e-05, 0.000172939, 9.77801e-05, 
82, 17833.5, -143.008, -34.8423, 54.8736, 7.81268e-05, 3.03277e-05, -4.54348e-05, 
83, 107049, 101.826, 43.0739, -38.6605, -8.10374e-05, 3.15032e-05, -5.01877e-06, 
84, 82132.9, -143.125, 162.509, -55.1686, 0.000142131, -0.000161079, -1.80989e-05, 
85, 30550, 164.832, -29.2365, 114.364, -0.000128862, -6.7012e-06, -5.70703e-05, 
86, 86214.3, -113.928, 28.2185, -36.0459, 9.90702e-05, -9.59616e-06, -3.41543e-05, 
87, 208788, -173.643, 86.2581, 194.906, 7.1237e-05, -2.09717e-06, -0.000118388, 
88, 27619.9, -111.106, 186.837, 168.155, 3.32983e-05, -0.000337143, -0.000119364, 
89, 15196.8, -65.9741, 169.901, 70.5902, 4.80664e-05, -0.000128582, -1.37822e-05, 
90, 17206.4, 58.5551, 65.9165, -17.6105, -3.12029e-05, -4.46534e-05, -8.56871e-06, 
91, 238697, -155.803, -90.8323, -180.933, 9.25597e-05, -1.12058e-05, 0.000151596, 
92, 21618, 144.709, 83.5149, 11.9471, -0.000115722, -3.18998e-05, -2.79821e-05, 
93, 93343.4, 132.319, -64.4649, 132.538, -0.000148963, 9.41909e-05, -0.000117758, 
94, 71437.8, -134.498, -179.398, -20.5496, 3.06248e-05, 0.000186397, 1.04294e-05, 
95, 66240.3, 153.655, -69.6293, -109.402, -0.00013068, 5.83507e-05, 8.42644e-05, 
96, 77123.1, -77.23, 131.759, 44.3848, 8.52205e-05, -8.12551e-05, -3.03739e-05, 
97, 7278.21, -193.756, -69.9544, 188.314, 9.64955e-05, 4.38025e-05, -8.62178e-05, 
98, 42026.4, 52.5049, -154.346, -179.904, -4.33988e-05, 9.05271e-05, 0.000135508, 
99, 52939.5, 120.769, 143.051, 7.46936, -8.64381e-05, -0.000119834, -1.03219e-05, 
100, 38590.4, 45.1266, 125.641, 188.732, 2.48574e-05, -8.89407e-05, -0.000158031, 
101, 63474.3, -187.455, 164.443, -193.794, 8.33261e-05, -0.00010311, 8.81681e-05, 
102, 124280, 3.84202, -162.424, -127.611, -4.47022e-06, 0.000124698, 6.48329e-05, 
103, 80739.6, -174.962, -103.22, -198.832, 0.000123672, 3.74994e-05, 0.000153357, 
104, 8869.04, 97.703, 175.265, -78.6221, -1.94595e-05, -0.000154615, 3.76091e-05, 
105, 125612, 189.696, 161.807, 15.7531, -0.000160087, -8.39674e-05, 2.60992e-06, 
106, 19753.6, -1.78322, -196.61, 139.716, 2.11376e-05, 0.000129222, -6.57875e-05, 
107, 95859.1, 112.408, -123.853, 82.6307, -7.1718e-05, 6.78484e-05, 4.02149e-06, 
108, 21407, 118.068, -107.095, 185.603, -5.64764e-05, 7.22888e-05, -0.000137137, 
109, 355183, -77.0281, 188.253, -196.383, 1.42136e-06, -9.59557e-05, 0.000116673, 
110, 12025, -12.1278, -120.303, 65.5898, 2.81385e-05, 9.57989e-05, -3.36438e-05, 
111, 175878, 180.514, 190.734, 157.838, -0.000100277, -0.000123682, -4.21866e-05, 
112, 23630.5, 68.1952, 171.576, -61.8708, -3.12022e-05, -0.000152964, 7.69163e-05, 
113, 6031.1, 183.38, 164.9, -16.724, -0.000138794, -7.91422e-05, -6.3159e-07, 
114, 207555, 193.176, 78.2466, 182.455, -0.000145623, 4.86375e-06, -0.000109687, 
115, 304955, 48.6735, -170.315, 158.381, 1.6614e-05, 0.000115868, -0.000122622, 
116, 32538.4, 100.736, 179.346, 105.115, -4.46045e-05, -0.000127674, -4.16801e-05, 
117, 75178.7, 164.089, 146.338, 178.509, -8.78554e-05, -0.000130661, -0.000106778, 
118, 115149, 58.6296, -158.692, 5.50776, -2.39641e-05, 0.000130661, -8.50551e-06, 
119, 39187.2, -176.584, -47.0619, -133.476, 0.000124706, -7.37246e-06, 8.14347e-05, 
120, 260132, 182.543, 152.512, -114.22, -0.00011276, -0.000120247, 3.48105e-05, 
121, 164.449, 146.78, -86.0412, 84.0913, -1.59752e-05, 6.7772e-05, 6.29281e-06, 
122, 72328.1, 53.0277, -124.854, -22.4411, -7.60415e-05, 8.9918e-05, 5.14054e-06, 
123, 191160, 32.2974, -184.733, -199.094, -2.48247e-05, 9.60229e-05, 0.000118067, 
124, 335649, 40.949, -114.068, 96.6909, 1.32503e-05, 2.97629e-05, -1.61543e-05, 
125, 42189.1, -199.547, -103.065, -136.777, 0.0001693, 2.43002e-05, 6.90022e-05, 
126, 135736, 110.164, -39.5965, 15.0029, -9.78137e-05, 3.39082e-05, -9.13235e-06, 
127, 3895.45, 192.781, 162.852, 171.619, -0.000230938, -0.000127753, -6.47759e-06, 
128, 3162.09, -128.153, -10.4822, -136.533, 0.000104552, 5.47263e-06, 5.85197e-05, 
129, 14972.2, -70.4233, 65.5218, -112.47, 8.24868e-06, -1.14851e-05, 5.31523e-05, 
130, 2204.3, 93.7504, -52.558, -176.359, -8.55324e-05, 9.51519e-05, 0.000142999, 
131, 53467.8, -31.143, -186.621, -122.137, 8.38334e-06, 0.000152777, 4.19943e-05, 
132, 9019.17, -191.948, 82.9092, 55.107, 0.000186282, 7.10626e-06, -2.52889e-05, 
133, 75971.7, -55.7591, 57.8999, 86.9928, 3.99408e-05, -1.85262e-05, -8.3087e-05, 
134, 53116.9, 183.042, -55.2351, 4.14043, -0.000189212, 1.32803e-05, 4.79099e-05, 
135, 59974, 192.806, -44.4333, -172.862, -0.000115173, 6.44751e-06, 8.9595e-05, 
136, 59642.4, -184.455, -41.6642, -59.0784, 0.000168754, 1.13384e-05, 1.80854e-05, 
137, 26631.6, -44.5247, 108.784, -127.316, -2.23138e-05, -0.000100427, 4.19726e-05, 
138, 52317.3, -30.9148, 171.893, 17.712, 1.99593e-05, -0.000134614, 6.02562e-06, 
139, 15542.6, -119.373, 49.6586, 193.916, 5.6396e-05, -1.33087e-05, -0.000135354, 
140, 36217, 29.0289, -45.6121, -157.696, 0.000218929, 0.000262184, 0.000520096, 
141, 14570.2, 144.258, 87.2954, 173.851, 3.4452e-05, 0.00011315, -9.80191e-05, 
142, 134592, 87.0257, 102.05, 140.442, -3.87727e-05, -2.44583e-05, -4.18533e-05, 
143, 1851.55, 23.4442, 6.01813, 129.943, 1.99373e-06, 3.34454e-06, -0.000129149, 
144, 43063.4, -146.847, 10.2096, 60.3956, 9.79343e-05, 4.0216e-06, -3.93943e-05, 
145, 18286.9, 150.554, 37.8557, -15.603, -0.000133233, 1.45443e-06, -1.28031e-05, 
146, 26541.1, -116.802, 173.862, -118.476, 9.92705e-05, -0.000103164, 2.88277e-05, 
147, 8663.67, -66.2523, -146.192, -73.9582, 2.59035e-05, 0.000111744, -2.42371e-05, 
148, 163581, 148.36, 122.728, -181.529, -0.000106226, -2.73806e-05, 9.1005e-05, 
149, 107209, 32.5493, -92.3713, -15.0368, -5.26608e-05, 0.000125821, -4.27123e-06, 
150, 50934.3, -53.6481, -83.1156, 140.521, 1.99077e-05, 5.1118e-05, -9.62042e-05, 
151, 164542, -40.4063, 24.0474, -55.9471, 4.03191e-05, 2.93274e-06, 5.50595e-05, 
152, 122136, -165.082, -29.5437, 43.0157, 0.000113293, 3.66402e-05, -5.82917e-05, 
153, 160436, 91.1298, 6.44531, 102.275, -8.065e-05, -6.45181e-06, -7.70594e-05, 
154, 69121.8, -68.282, 104.391, 113.921, 5.70606e-05, -4.91146e-05, -6.95657e-05, 
155, 76747.4, 145.099, 104.95, 150.326, -7.36966e-05, 8.7972e-06, 1.44341e-05, 
156, 31683.4, 195.386, -193.599, 63.3005, -0.000113508, 0.000106937, -2.44773e-05, 
157, 27956.6, -149.091, -114.46, -48.6037, 7.43889e-05, 0.000114965, 4.28565e-05, 
158, 95642.5, -42.7225, 102.983, 116.711, 2.74986e-05, -4.79483e-05, -6.87329e-05, 
159, 32134.9, -118.433, -8.26476, 124.931, 0.000101837, 0.000531325, 0.000234495, 
160, 98272.6, -2.40068, -95.7492, 169.02, 1.66874e-05, 5.27877e-05, -0.0001389, 
161, 21117.1, -27.3998, 27.328, -183.459, -6.45801e-06, -1.07912e-05, 0.000169561, 
162, 5265.15, 50.4659, -26.8435, -33.3993, 0.000150537, -1.0694e-05, 9.9789e-05, 
163, 24911.8, -109.581, -176.498, -123.908, 4.92107e-05, 0.000300594, 1.30844e-05, 
164, 2675.35, -170.354, -188.93, -180.656, 3.61346e-05, 0.00027388, 0.000164105, 
165, 188114, 77.2036, 118.371, 169.079, 2.61223e-05, -0.000144837, -0.000138757, 
166, 218499, -166.862, -81.0478, 114.711, 0.000105902, 4.61107e-05, -6.44578e-05, 
167, 3366.32, -82.819, -51.9513, 25.5817, 5.5214e-05, 3.95721e-05, -8.12991e-06, 
168, 171467, -20.9858, 137.454, 76.3372, 1.74571e-05, -6.44655e-05, -3.81131e-05, 
169, 29402.8, -174.313, -6.41652, -184.222, 7.0354e-05, -2.19615e-05, 8.91733e-05, 
170, 9574.81, 119.059, -11.8126, -20.9198, -0.000113901, 2.43554e-05, 2.12093e-05, 
171, 404502, 158.313, -57.6561, 190.752, -9.97298e-05, 4.15828e-05, -0.000130468, 
172, 230768, -110.943, 176.543, 166.293, 3.18037e-05, -7.37777e-05, -7.58376e-05, 
173, 76261.3, 147.253, -177.394, 31.3145, -7.88381e-05, 0.00013295, -8.73681e-06, 
174, 150683, -116.098, 194.971, -191.546, 6.78186e-05, -0.000109282, 0.000110711, 
175, 27057.9, 127.158, -62.38, 170.351, -7.57627e-05, 3.77963e-05, -0.000132108, 
176, 27548.3, 130.04, 16.2997, 24.4064, -0.000121084, -3.20768e-06, -1.8684e-05, 
177, 54278.4, 78.1582, 102.9, -97.5927, -5.77954e-05, -9.15471e-05, 8.51108e-05, 
178, 45486, -62.2075, 105.464, 77.479, 4.59547e-05, -5.83168e-05, -4.54499e-05, 
179, 171.788, 7.21908, 191.186, -141.033, 1.26092e-05, -0.000142629, 9.77943e-05, 
180, 65953.7, 127.52, -84.6227, 17.6748, -0.000120712, -1.69546e-07, 7.0766e-05, 
181, 21018.2, -175.526, 135.571, -78.0351, 0.000108097, -8.84564e-05, 3.5582e-05, 
182, 13595.7, 81.6869, -93.2947, -197.852, -6.66436e-05, 5.53204e-05, 0.000156759, 
183, 993.895, 73.4621, -170.416, -155.445, -4.48533e-05, 0.000106917, 0.000113382, 
184, 8606.48, 82.5737, 15.7471, -58.9672, -5.10278e-05, 6.43514e-06, 5.61799e-05, 
185, 150226, -197.648, 41.9168, -174.249, 0.000175835, -6.23481e-06, 0.000186421, 
186, 429178, -187.61, 34.3288, 128.244, -6.93276e-05, 1.24251e-05, -6.84601e-05, 
187, 117798, -48.3797, -109.025, -77.0573, 3.08345e-05, 6.74384e-05, 1.92846e-05, 
188, 203405, 67.886, -57.5733, -170.856, -2.23481e-05, 9.19202e-05, 0.000175717, 
189, 139725, -117.788, -152.31, 73.5586, 7.12461e-05, 7.72737e-05, -5.49633e-05, 
190, 115574, -170.773, 172.815, 32.5413, 0.000112036, -0.000119857, -1.38132e-05, 
191, 187198, 125.789, -117.708, -8.47599, -8.25854e-05, 4.78176e-05, -9.16527e-06, 
192, 13633.8, -47.4298, 133.041, 60.0528, 4.93529e-05, -7.81777e-05, -1.35346e-05, 
193, 162929, -118.792, -99.2969, 41.904, -0.000557523, 1.09287e-05, 0.00131467, 
194, 5831.63, 111.924, 11.655, -143.82, -7.91042e-05, 7.65246e-06, 0.000160655, 
195, 266424, 34.9262, -84.3402, -179.452, -5.25805e-05, 6.70843e-05, 0.000154749, 
196, 302030, -105.196, 115.642, -31.6827, 8.006e-05, -6.4612e-05, -2.51571e-05, 
197, 99224.4, -157.986, 124.561, -124.77, 9.17449e-05, -7.58167e-05, 5.91667e-05, 
198, 144330, -112.051, 27.9338, -49.8981, 6.55674e-05, 2.16093e-05, 7.97825e-05, 
199, 173484, -171.936, -129.533, 193.005, 7.58469e-05, 4.81597e-05, -9.27243e-05, 
200, 52902.4, -91.8333, 192.875, -166.51, 1.72858e-05, -0.000143213, 0.000147377, 
201, 131523, 73.896, -10.7545, -3.22661, -9.72075e-05, -1.37639e-05, -5.20798e-05, 
202, 33478.7, 109.73, 139.088, 140.787, -6.3693e-05, -0.000115184, -4.72054e-05, 
203, 38116.5, -34.7542, -152.045, 41.5096, -1.101e-05, 0.000114811, -3.22182e-05, 
204, 49684.2, 42.8502, -54.9502, -31.8047, -9.14022e-06, 8.60713e-05, 2.37351e-05, 
205, 23451.3, 108.616, 59.0383, -31.0804, -0.000110812, -3.3558e-05, -3.49706e-05, 
206, 272815, -164.037, 185.304, 145.893, 7.07791e-05, -0.000113164, -6.04196e-05, 
207, 108283, -50.3156, 70.8853, -54.239, 1.72575e-05, -3.75128e-05, 3.47611e-05, 
208, 47217.4, -57.4138, 42.009, -181.926, 2.31644e-05, -4.31157e-06, 0.0001845, 
209, 57941.2, 26.8215, 174.71, 89.5423, 2.50336e-07, -0.000150699, -0.000143778, 
210, 45766, -198.451, 42.2284, -74.2605, 0.000155669, -1.41877e-05, 3.65065e-05, 
211, 171964, -146.257, 67.0837, 43.3789, 0.000105244, -1.13697e-05, -3.34996e-05, 
212, 55787.4, -82.433, 41.1052, 120.48, 4.93128e-05, -3.30454e-06, -8.77377e-05, 
213, 8131.2, -127.8, -119.141, -117.99, 5.48654e-05, 2.93503e-05, 7.26241e-06, 
214, 118657, 151.711, -152.044, 47.3592, -6.74262e-05, 9.86793e-05, 1.00292e-05, 
215, 44021.9, 181.52, -174.808, 148.707, -0.00011207, 6.40169e-05, -0.000104003, 
216, 19352.3, -124.09, -105.708, -168.605, 2.5335e-05, 4.06524e-05, 6.8747e-05, 
217, 5382.32, -157.125, 153.801, 68.8685, 0.000129384, -0.000110842, 7.61367e-05, 
218, 27041.9, 41.6925, -183.199, -145.659, -5.85964e-05, 0.000139154, 7.51231e-05, 
219, 270870, -153.357, -175.461, -162.267, 5.72759e-05, 0.000117612, 6.41471e-05, 
220, 170672, -69.2616, -159.36, 69.3025, 2.14078e-05, 0.000114697, -4.34755e-05, 
221, 2772.51, 41.7976, 198.367, 66.1744, -3.35555e-05, -0.000254294, -2.91245e-05, 
222, 80847.1, 64.966, -53.5662, 82.5809, -5.10653e-05, 3.75962e-05, 9.12494e-07, 
223, 150861, -19.3917, 36.0227, -29.7206, 3.60801e-05, 1.14215e-07, 4.75596e-05, 
224, 92156.8, -131.644, -193.389, -65.1532, 6.09604e-05, 0.00014413, 2.26809e-05, 
225, 314743, 71.5326, 20.1071, 38.7365, -7.6684e-05, 3.14641e-06, 4.55321e-05, 
226, 63068.6, 80.1177, -54.9664, -154.581, -9.8185e-05, 4.26119e-05, 4.97601e-05, 
227, 58921.6, 102.078, -131.644, 107.514, -0.000121463, 4.63523e-05, -8.22385e-05, 
228, 4673.13, -184.121, -148.257, -91.9383, 0.000127968, 0.000103215, 1.92546e-05, 
229, 36281.7, -82.9787, 149.316, -41.8398, 4.04424e-05, -0.000120221, 4.25035e-05, 
230, 138196, 16.806, 129.723, 139.282, 6.03266e-06, -7.92165e-05, -9.15621e-05, 
231, 119501, -66.0289, -27.9367, 100.985, 5.488e-05, 2.65501e-05, -6.98236e-05, 
232, 69872.3, 126.378, 11.8361, -5.42175, -0.000115606, -5.95223e-07, 1.07911e-06, 
233, 89685.4, 76.3695, -115.81, 88.5647, -5.1668e-05, 6.26067e-05, -1.21166e-05, 
234, 64918, 165.077, -149.294, 53.8324, -0.000157144, 7.40644e-05, -9.74401e-06, 
235, 69504.8, 130.318, 47.5539, 158.297, -7.88108e-05, -5.91753e-06, -7.39819e-05, 
236, 175029, 103.952, -91.7152, -148.26, -8.45194e-05, 5.44158e-05, 0.000102423, 
237, 26898, -104.955, -167.919, 90.9528, 3.91261e-05, 0.000121549, -8.22002e-05, 
238, 225724, -156.987, 176.096, -9.07258, 7.93983e-05, -0.000117212, -8.06513e-06, 
239, 44642.4, 55.1896, -160.961, 39.4591, -6.15536e-05, 0.00012248, -2.90022e-05, 
240, 193826, 137.206, 0.913496, 195.186, 0.000449981, -0.000316058, -6.11464e-06, 
241, 213589, 122.864, 194.468, 178.071, 1.84551e-05, -0.000108926, -9.43332e-05, 
242, 127263, -116.847, -5.44523, -162.414, 9.47082e-05, -2.16595e-05, 0.000152569, 
243, 90266.2, 140.546, 197.618, -168.09, -5.86641e-05, -0.000111763, 9.63845e-05, 
244, 315041, -15.3561, -95.0405, -90.2489, 2.29399e-05, 6.56247e-05, 3.36323e-05, 
245, 52538.4, -35.0993, 48.6873, 119.085, 3.83259e-05, 2.95652e-06, -9.95947e-05, 
246, 141819, 42.4106, -59.1704, 56.8312, -4.30502e-05, 3.10108e-05, -4.77517e-05, 
247, 53031.2, 3.35939, -123.106, -31.5368, 0.000112726, 0.000148363, 0.000132633, 
248, 35007.8, 46.7382, 9.89903, -15.641, -1.67847e-05, -4.39536e-05, -1.17116e-07, 
249, 52844.5, 186.437, 42.0578, 163.983, -0.000147924, -3.16298e-05, -6.93648e-05, 
250, 214260, 144.238, 188.881, -51.0274, -5.08667e-05, -0.000143995, 1.4946e-05, 
251, 113390, 182.405, -173.716, -119.729, -0.000126653, 9.41989e-05, 0.000103843, 
252, 37387.7, -25.6282, 45.7801, -138.093, 1.08318e-05, -5.27671e-05, 0.0001078, 
253, 201829, -85.0476, 131.894, -156.736, 4.60811e-05, -0.00010061, 8.64518e-05, 
254, 139433, 136.942, -150.735, -163.747, -6.29521e-05, 0.000109608, 0.000118191, 
255, 46242.4, -10.7247, -36.5984, -17.7949, 3.95167e-05, 3.894e-05, -1.47857e-06, 
256, 133342, 187.453, 110.663, -92.0609, -0.000141579, -1.31787e-05, 2.59874e-05, 
257, 129388, 63.936, -5.81381, 82.6699, -7.51162e-05, -3.26459e-05, -6.20141e-05, 
258, 41797.5, -165.069, -62.9918, 32.2897, 0.000117541, 1.90675e-05, 2.44751e-05, 
259, 54857.3, 37.6789, 82.2004, -73.9832, 5.1282e-05, -8.63975e-05, 6.19503e-05, 
260, 5084.41, -183.092, 169.356, 56.7155, 0.000131276, -0.000111321, -1.7589e-05, 
261, 34826.8, 177.301, -5.77913, -50.5073, -0.000148695, 3.74207e-05, 2.61543e-05, 
262, 68038.2, 104.68, -153.466, 177.381, -5.33468e-05, 8.31788e-05, -0.000117865, 
263, 36773.2, -163.773, 78.6272, -86.76, 0.000127046, -2.50609e-05, 3.95942e-05, 
264, 13184.5, 192.04, 144.617, -69.3346, -0.000148887, -6.00622e-05, 1.63032e-05, 
265, 24925.3, -24.7042, -45.5641, 142.924, 2.23241e-05, 4.75411e-05, -0.000137709, 
266, 7671.15, 130.914, -59.1478, -189.45, -9.62561e-05, 4.67741e-05, 0.000131731, 
267, 61253.8, -74.3239, -66.191, 151.356, 1.49323e-05, 3.4563e-05, -0.000118845, 
268, 87022.4, 185.245, 49.5478, -122.046, -0.000137118, -1.99061e-05, 7.8796e-05, 
269, 53710.3, 137.954, 78.4552, -177.037, -9.39715e-05, -1.10051e-05, 0.000138182, 
270, 10208.5, -133.142, 161.035, -95.5249, 8.75809e-05, -0.000105291, 4.6218e-05, 
271, 6683.29, 52.8544, -152.344, -148.906, -5.32233e-05, 0.000126844, 9.94003e-05, 
272, 82443.5, -118.831, -99.2985, 41.9877, 0.00133913, 0.000123592, -0.00264797, 
273, 27007.5, 7.18775, 72.3074, -32.1522, -8.80348e-06, -7.23206e-05, 4.54838e-05, 
274, 38723.4, 82.7341, 51.5107, -9.16015, -5.18405e-05, -2.48952e-05, -1.07777e-05, 
275, 67654.6, -175.88, 120.564, -142.571, 0.000110931, -5.54231e-05, 8.35091e-05, 
276, 111157, 165.252, 59.488, 159.442, -0.000112716, 1.71215e-05, -7.20366e-05, 
277, 343894, 7.97507, -86.9609, -20.7605, 4.79215e-05, 5.39769e-05, 1.18874e-06, 
278, 26553.4, 125.909, -87.546, 21.5292, -7.66761e-06, 0.00020374, -0.00019639, 
279, 10699.9, -105.905, 108.478, 97.7865, 3.63566e-05, -7.22664e-05, -4.87113e-05, 
280, 69822.8, -98.804, 114.42, 159.944, 4.83422e-05, -6.19676e-05, -8.22167e-05, 
281, 19659.4, 79.5203, -29.8571, -1.45562, -0.000100706, 6.12455e-05, -4.14246e-05, 
282, 369297, 76.1186, 86.9834, 191.695, 6.34551e-06, -2.59059e-06, -0.000167704, 
283, 277629, -172.337, -31.0348, -96.7949, 0.000102338, 6.50859e-06, 4.10547e-05, 
284, 494302, -117.775, -158.844, -127.499, 0.000105939, 0.000111416, 3.54586e-05, 
285, 72800.7, -138.81, -195.181, 149.663, 5.30061e-05, 0.000108803, -7.59871e-05, 
286, 197564, -113.514, 62.4547, -155.499, 0.000123788, -1.99119e-05, 0.000160783, 
287, 222227, 84.8893, 114.392, -15.7383, -6.52495e-05, -6.85234e-05, -4.12447e-05, 
288, 39907.7, -191.291, 22.2475, -127.47, 0.000131753, -5.42823e-05, -7.5706e-06, 
289, 419562, -113.584, 102.823, -197.247, 7.99604e-05, -4.29976e-05, 0.000143309, 
290, 49170.9, -61.0645, -8.34976, -13.1441, 5.33791e-05, 3.5038e-05, 3.91447e-07, 
291, 132942, 101.736, 137.773, -66.2238, -4.35327e-05, -0.000107981, 5.94744e-05, 
292, 167985, 111.029, 105.574, 188.785, -4.23456e-05, -3.38701e-05, -0.000170432, 
293, 67155.7, 146.895, 156.731, -37.4691, -9.66018e-05, -0.00010391, 1.54345e-05, 
294, 116726, -42.9946, 181.579, -34.0243, 1.3198e-05, -0.000146756, 2.34892e-05, 
295, 149447, -109.616, 67.6689, -64.8551, 3.49286e-05, -6.19903e-05, -2.47599e-05, 
296, 16834.6, 135.008, 141.177, 136.855, -6.60777e-05, -0.000115697, -9.40368e-06, 
297, 179961, -36.2367, -86.0331, -146.419, 1.46869e-05, 1.4159e-05, 0.000100953, 
298, 13780.1, 71.6505, -107.393, 69.2583, -4.73688e-05, 7.65292e-05, 1.38814e-05, 
299, 187672, 80.9943, -149.118, 103.763, 2.22617e-05, 0.000248159, -4.4827e-05, 
300, 10887.5, -198.032, -62.7111, -85.1609, 0.000164761, 1.70664e-05, 1.06208e-05, 
301, 263463, -58.8036, 10.4, 58.4642, 5.24043e-05, 1.53007e-05, -4.20009e-05, 
302, 12877.3, -59.4205, 183.411, 117.756, 2.93095e-05, -0.000110951, -0.000123716, 
303, 59146.2, -181.319, -16.1494, -191.339, 6.74388e-05, 1.95396e-05, 7.73363e-05, 
304, 279112, -45.3911, 88.4117, -146.491, -4.28379e-05, -2.85079e-05, 8.84224e-05, 
305, 74380.8, -7.57768, 112.868, 72.0445, -6.1752e-06, -5.16532e-05, -4.9376e-05, 
306, 132468, -152.199, -196.76, 110.465, 6.36646e-05, 0.000133451, -5.38335e-05, 
307, 132117, 186.862, 15.0008, -93.9136, -0.000152212, 1.8588e-05, 5.84592e-05, 
308, 44929.8, -190.923, -13.0482, 62.8271, 0.000181675, 4.49082e-05, -2.80127e-05, 
309, 270948, 125.415, 42.4714, -106.656, -9.57592e-05, -1.7446e-05, 7.94072e-05, 
310, 71405.4, -191.379, -17.4142, 29.0981, 0.000165277, 1.23734e-05, -8.96587e-06, 
311, 41519.4, 2.19127, 95.7483, -104.984, 1.28149e-05, -6.72249e-05, 8.14338e-05, 
312, 203220, -39.6664, -123.903, -185.76, 1.52494e-06, 3.43419e-05, 0.000182935, 
313, 53012.5, 42.7944, -134.695, -116.807, -5.52452e-05, 9.3912e-05, 4.90453e-05, 
314, 424.869, 26.3062, 169.511, -127.877, -0.000389358, -0.00017509, 0.000223122, 
315, 40877, -174.343, -180.647, -168.503, 0.000139415, 0.000210946, -0.000202703, 
316, 80699.9, -111.37, 96.4534, 13.8879, 7.51733e-05, -6.58791e-05, -2.31671e-05, 
317, 99129.3, -132.238, -148.412, 2.02361, 5.28208e-05, 6.92164e-05, -3.73643e-05, 
318, 47055, 38.212, -19.1441, 97.06, -6.68474e-07, -9.03702e-06, -0.000113669, 
319, 135206, 80.8892, 107.518, 193.982, -1.16978e-05, -0.000131316, -0.000203547, 
320, 188584, -198.174, -126.356, -126.319, 0.000189835, 9.07297e-05, 1.60943e-05, 
321, 348359, 89.1163, 132.41, 75.8021, -8.27346e-05, -9.15968e-05, -3.94109e-05, 
322, 120461, -140.783, -138.601, 156.063, 8.63345e-05, 6.74455e-05, -0.000115432, 
323, 85535.7, -196.012, -88.7245, -99.1915, 0.000234667, 5.75259e-05, -2.71111e-07, 
324, 128865, -78.2405, -115.2, 172.58, 0.000238613, 9.2731e-05, 0.000169347, 
325, 87028.9, 138.739, 114.016, 188.737, 5.20426e-05, 6.0266e-06, -0.000253288, 
326, 112887, 189.568, -157.349, 93.596, -0.000138432, 9.16718e-05, -3.06827e-05, 
327, 34724, 191.082, -113.951, 67.87, -0.000141337, 7.84501e-05, 2.20648e-05, 
328, 7478.08, -104.689, -160.643, -0.49944, 5.76756e-05, 0.000166897, 9.38974e-06, 
329, 11001.2, -82.9428, 170.56, 171.349, 5.27576e-06, -0.00010082, -9.70063e-05, 
330, 53537.7, 46.0282, 191.548, 91.3078, -4.32907e-05, -0.000182188, -9.58878e-05, 
331, 77543, -126.189, 56.7029, 9.61152, 4.43396e-05, -2.51882e-05, -6.78553e-05, 
332, 108007, -177.148, -146.878, -6.90996, 0.000223443, 4.1831e-05, -4.51154e-05, 
333, 8301.85, 80.2713, -103.294, 88.8421, -7.71072e-05, 6.83776e-06, -3.08342e-05, 
334, 25697.4, -161.869, 159.522, 24.8357, 7.98921e-05, -7.53036e-05, 3.22343e-06, 
335, 183814, 137.127, -151.258, 101.483, 0.000215363, 0.000308718, 0.000150039, 
336, 58716.6, -119.887, -147.069, 110.368, 6.21038e-05, 7.93977e-05, -7.85534e-05, 
337, 199351, 16.4428, 140.486, 46.0554, 4.03144e-05, -6.58813e-05, -5.74543e-06, 
338, 113453, 163.867, -161.278, -101.682, -2.34147e-05, -4.95034e-05, 0.000144103, 
339, 76288.6, 184.684, 160.601, 70.9396, -0.000171127, -5.4479e-05, -2.06352e-05, 
340, 113867, 147.843, 121.631, 38.6908, -0.000114593, -5.33653e-05, -2.16749e-05, 
341, 102255, 15.1656, 46.2268, -152.364, -2.92902e-05, -6.85502e-05, 0.000145276, 
342, 628320, -155.087, -155.317, -15.5871, 9.86805e-05, 9.77686e-05, 8.98037e-06, 
343, 176675, 124.658, 23.8098, -56.2237, -9.76846e-05, -1.01445e-05, 2.69928e-05, 
344, 284783, -151.525, 82.7025, 108.541, 0.000104825, -1.75805e-05, -6.10918e-05, 
345, 60922.6, 39.5114, -29.744, -30.8486, 5.80441e-05, -4.84592e-05, 3.53556e-06, 
346, 8108.01, 3.56366, 59.569, 55.3989, 1.9599e-05, -2.20438e-05, -4.98435e-05, 
347, 93275.2, 62.4683, -123.205, -63.5261, -4.3253e-05, 8.99861e-05, 5.04285e-05, 
348, 29799.9, 125.325, -20.9575, -65.9667, -0.000288947, 1.18489e-06, -0.000228537, 
349, 5827.31, -155.099, 182.507, -42.9566, 7.24688e-05, -0.000138847, 4.00171e-05, 
350, 34948.1, 125.24, -90.6324, 51.0149, -8.10964e-05, 6.60823e-05, -1.51507e-05, 
351, 291282, -59.5963, -136.991, -167.057, 3.96254e-05, 5.76967e-05, 0.000106793, 
352, 133.717, -57.5994, 39.0061, -138.963, 5.64722e-05, -1.0741e-05, 2.70768e-05, 
353, 125850, -164.353, -25.7034, 93.4759, 0.000110146, 2.85857e-05, -5.05906e-05, 
354, 126712, -26.6158, 73.2034, -9.06994, 1.48677e-05, -6.55663e-05, 1.82897e-05, 
355, 208238, 40.5527, -130.329, 104.675, 2.6806e-05, 0.000194561, -9.56296e-05, 
356, 78434.8, -99.9274, -114.46, -90.0592, 7.11509e-05, 4.18147e-05, 2.33644e-05, 
357, 110190, -154.261, -174.166, -45.6171, 9.70593e-05, 0.000144083, 5.67525e-05, 
358, 81910.5, 16.5938, 15.1499, -165.813, -2.91512e-05, -2.14396e-05, 0.000243235, 
359, 317125, -108.847, 155.231, 84.2089, 7.0334e-05, -8.94619e-05, -3.30671e-05, 
360, 113031, 73.7988, 114.199, -26.0401, 5.72522e-05, -6.69402e-05, 7.86772e-05, 
361, 19420.3, 193.546, 64.968, -22.4582, -0.000239765, 1.89527e-05, 2.60956e-05, 
362, 301195, 178.002, 191.783, -40.8758, -0.000114742, -0.000115143, -5.24488e-06, 
363, 51710.6, -51.3459, 187.208, 73.2742, 3.30899e-05, -0.000163489, -1.61267e-05, 
364, 303711, 32.7279, 198.24, 168.924, 1.86218e-05, -0.000144743, -0.000138669, 
365, 220519, -166.577, -58.1494, -45.1682, 0.00014965, 7.18906e-05, 6.04068e-06, 
366, 163145, -140.567, 11.4642, 195.718, 4.4816e-05, -7.51457e-05, -0.000136199, 
367, 47791.6, -16.1855, 103.257, 66.3866, 4.29381e-05, -1.14918e-05, -1.62173e-05, 
368, 32052.1, -172.693, -28.0539, 149.814, 0.000120903, 3.83106e-05, -5.32446e-05, 
369, 41859.6, 87.9344, -193.285, -173.751, -3.15188e-05, 0.000114479, 9.29154e-05, 
370, 233595, 187.686, -44.4595, 87.5128, -0.000150203, 2.54134e-07, -3.49032e-05, 
371, 549232, -158.706, 76.2614, -31.3339, 0.000118953, -7.11942e-05, 9.26588e-06, 
372, 65728, 95.894, 149.516, 142.495, -2.33414e-05, -0.000140621, -6.79291e-05, 
373, 51437.8, -190.206, -99.0599, 60.0353, 0.000136431, 2.83151e-05, -3.58293e-05, 
374, 222051, 75.7053, 63.4666, 63.8711, -4.78202e-05, -4.2751e-05, -2.79421e-05, 
375, 32453.8, 8.62658, 110.051, 32.257, 1.96132e-05, -4.68872e-05, 7.99705e-06, 
376, 73170.4, -85.8042, 177.954, -0.0989674, 2.74552e-05, -0.000181313, -9.19348e-05, 
377, 122513, -45.322, -141.914, -49.999, 1.23627e-05, 0.00011364, 4.06929e-06, 
378, 785387, 138.875, 162.468, -97.2717, -6.56192e-05, -0.00010404, 5.57411e-05, 
379, 268661, 137.437, 114.844, 164.37, -5.54192e-06, -5.77752e-05, -3.57554e-05, 
380, 87319.3, -91.1805, -185.385, 196.391, 2.77128e-05, 8.76736e-05, -9.55432e-05, 
381, 150662, 125.688, -44.301, 133.173, -0.000138379, -6.59935e-05, -0.000159703, 
382, 60534.7, -81.4085, -189.334, 123.091, 4.45188e-05, 0.000121501, -5.35671e-05, 
383, 338543, 174.248, -167.733, -91.5462, -0.000162623, 9.22462e-05, -6.04841e-06, 
384, 9163.94, -159.502, -159.445, -7.17557, 0.000356672, 0.000352743, -0.00049148, 
385, 55549.5, 62.8288, -55.2083, 126.949, -3.1087e-05, 2.42516e-05, -0.000136198, 
386, 59462.3, 103.829, 113.871, -61.3164, -4.99183e-05, -5.3818e-05, 8.73538e-05, 
387, 29394.8, 64.4313, 131.016, -14.4926, 1.07421e-05, -0.000125856, 2.22781e-06, 
388, 138128, -198.822, 145.457, -122.081, 0.000124119, -3.92455e-05, 5.40537e-05, 
389, 136150, 179.835, -34.1029, 164.979, -0.0001373, 1.26288e-05, -7.70464e-05, 
390, 391641, -146.23, -95.0394, -142.523, 8.17914e-05, 1.14341e-05, 4.28344e-05, 
391, 151123, 19.8543, -188.316, -156.197, -9.83256e-06, 0.00014531, 9.15961e-05, 
392, 180346, 179.804, -143.786, -185.378, -8.82349e-05, 4.99615e-05, 8.87041e-05, 
393, 140171, 0.693982, -185.771, -106.737, -1.10955e-06, 0.000154188, 2.39378e-05, 
394, 195461, 159.221, -40.1135, -111.944, -0.000130667, 1.63492e-05, 7.43388e-05, 
395, 183895, -149.442, 7.11044, -91.9313, 9.71961e-05, 1.02852e-05, 5.65165e-05, 
396, 76191.8, 85.7267, 196.104, 25.9669, -5.73805e-05, -0.000168296, -1.67651e-06, 
397, 126112, -59.1337, -193.608, 126.629, 3.13888e-06, 0.000127893, -6.44537e-05, 
398, 10011, -181.211, 109.701, 186.926, 7.13434e-05, -0.000131469, -6.90453e-05, 
399, 138128, -94.0147, -157.366, 147.004, 4.39557e-05, 9.96944e-05, -8.33116e-05, 
400, 152408, 145.514, 168.394, 158.698, -5.85444e-05, -0.000131198, -4.96268e-05, 
401, 24763, -2.45339, 33.9593, -34.4807, -4.15732e-05, -1.21348e-05, 5.20993e-05, 
402, 196109, -98.355, 8.30975, -29.7835, 4.17032e-05, 4.6505e-05, 1.52634e-05, 
403, 12605.8, 133.16, -14.7297, -54.5327, -0.000142762, 3.72739e-05, -1.45072e-05, 
404, 55047.7, 151.617, 141.48, 155.349, -8.48318e-05, -0.000130462, -7.81759e-06, 
405, 219619, 50.6728, 177.48, 0.320626, -1.71462e-05, -0.000152057, 3.05787e-05, 
406, 31684.6, 65.1366, 110.194, -129.831, -2.15651e-05, -0.000100533, 0.000131249, 
407, 79032.8, -78.3085, -97.4961, 134.853, 4.97707e-05, 6.30639e-05, -7.49798e-05, 
408, 42180.6, 133.518, 11.8796, 177.758, -8.94609e-05, 2.8856e-05, -7.48381e-05, 
409, 65291.3, -130.211, -93.2795, -150.358, -7.2025e-05, -1.33203e-05, 0.000116438, 
410, 218703, 196.264, -103.123, 92.553, -0.000186234, 8.23102e-05, -2.6109e-05, 
411, 127238, -40.2977, 76.4602, 14.4305, 1.11526e-05, -6.18645e-05, -1.0008e-05, 
412, 17242.5, 187.441, -77.4452, -176.439, -0.000103089, 4.34155e-05, 9.2243e-05, 
413, 106921, 141.774, 50.4579, -186.704, -8.56563e-05, 2.74986e-06, 0.000132381, 
414, 33744.1, -75.5474, -193.507, -26.7064, 2.25783e-05, 0.000160139, 3.81345e-06, 
415, 37127.3, 99.552, 186.18, 7.10528, -6.39359e-05, -0.000149128, 8.33544e-06, 
416, 424857, -71.3779, 105.523, -195.887, 1.26201e-08, -4.76746e-05, 0.000161675, 
417, 169269, -98.3271, -116.449, -15.4476, 9.73872e-05, 2.01755e-05, 5.18948e-06, 
418, 27884.3, 45.7695, 118.676, -20.9546, 2.50027e-05, -7.75048e-05, 1.52013e-05, 
419, 124465, 72.4728, 64.6639, 192.759, 9.90259e-06, 7.44976e-05, -0.000160354, 
420, 889.535, 169.755, -127.443, -119.644, -0.000131128, 3.03832e-05, 7.68182e-05, 
421, 152003, 33.097, 58.3012, 145.55, 1.06804e-05, -5.9195e-06, -0.00010498, 
422, 287637, 175.521, 73.9004, -19.694, -0.000137522, -3.26517e-05, 2.86848e-05, 
423, 10212.2, 62.0624, -148.808, -29.3784, -1.02464e-05, 7.86261e-05, 3.57569e-05, 
424, 191450, -117.445, -3.57912, 127.296, -9.62106e-06, -0.000106306, -0.000103998, 
425, 194684, -151.147, -99.8784, -42.4213, 9.67799e-05, 3.18438e-05, -2.59654e-06, 
426, 337230, 72.4727, -182.597, -98.7175, 4.23878e-05, 5.65109e-05, 0.00014257, 
427, 161376, 55.9804, 114.391, 78.0009, -3.14898e-05, 6.41806e-07, -0.000126921, 
428, 48721.2, 32.0281, -74.7285, -42.5559, -3.19408e-07, 4.89023e-05, 6.48131e-05, 
429, 121832, -194.82, 35.0143, 127.896, 0.000875199, -7.7618e-05, -1.73356e-05, 
430, 91417.9, -147.322, 151.394, 78.6774, 2.62924e-05, -7.82982e-05, 2.68003e-05, 
431, 19725.2, 183.516, -145.312, 176.196, -9.18282e-05, 5.90064e-05, -9.05066e-05, 
432, 97068.7, 118.031, 148.15, 194.896, -2.07485e-05, -0.000121342, -0.00015579, 
433, 57588.1, 177.612, 67.8635, -60.2504, -0.000149216, -2.53397e-05, 5.46298e-05, 
434, 28234.9, -50.4501, 45.5344, -160.255, 0.00014291, -0.000198928, 0.0001881, 
435, 52475.1, 189.697, 139.648, -39.6572, -0.000153763, -5.74361e-05, 1.37649e-05, 
436, 403.401, -188.543, -86.4174, 72.0165, 0.00013246, 2.29925e-05, -5.16998e-05, 
437, 9884.78, 129.688, -166.066, -113.477, -6.7909e-05, 9.3181e-05, 8.16472e-05, 
438, 33822.2, -5.52233, -109.037, 199.098, 1.12358e-05, 5.65163e-05, -0.000146212, 
439, 68024.1, -82.467, -8.9142, 79.5074, 7.79497e-05, 1.96016e-05, -5.51588e-05, 
440, 37290.3, 17.2726, 187.055, 61.9549, 7.09425e-05, -0.000268187, -5.17702e-06, 
441, 34126.8, 143.176, 23.7729, -21.3181, -0.000129922, 1.10751e-05, 1.54149e-06, 
442, 254816, -15.0437, 165.069, 124.584, 1.81289e-05, -0.000120071, -8.07495e-05, 
443, 27430.2, -128.521, 70.4336, -57.8535, 0.000130833, -6.25143e-05, -4.44001e-07, 
444, 66825.5, 42.3524, 7.36144, 157.733, 6.57517e-06, 9.48643e-06, -0.000128003, 
445, 108676, -94.9804, 170.108, 39.6465, 5.54555e-05, -0.000132068, -9.49126e-06, 
446, 50118.4, 172.296, -69.1698, -78.1044, -0.000143089, 3.78574e-05, 3.4219e-05, 
447, 21046.6, 140.331, 168.576, -4.90826, -7.40305e-05, -0.000126043, -6.19269e-06, 
448, 8600.64, 141.58, -11.1746, -37.1115, -0.000135271, 3.3202e-05, 5.62422e-06, 
449, 22030, 10.5935, 125.809, -122.385, 1.1291e-05, -7.99501e-05, 9.72867e-05, 
450, 98140.7, -23.6336, 4.82268, 81.5631, 4.63544e-05, -3.59299e-06, -5.8053e-05, 
451, 105432, 128.389, -27.6272, -188.792, -0.00011269, 4.03272e-06, 0.000141953, 
452, 84531.1, 65.4814, -159.547, -23.7032, -1.94024e-05, 0.00013469, -1.91611e-06, 
453, 44206.7, -94.5885, 34.7325, 166.046, 3.7069e-05, 6.09394e-06, -0.000105218, 
454, 78620.3, 75.5466, 123.405, 114.498, -1.42087e-05, -0.000100558, -5.42199e-05, 
455, 10908.5, 145.045, 67.1412, -139.529, -0.000116404, -1.74242e-05, 0.000104427, 
456, 36272.2, -92.1376, -193.944, 142.521, 4.12047e-05, 0.000125378, -8.41424e-05, 
457, 60472.5, 70.5371, -49.4204, -166.714, -9.09003e-05, -0.000182391, 3.90507e-05, 
458, 166504, -198.615, 0.188903, 170.866, 0.000126166, 2.81288e-05, -3.07098e-05, 
459, 77798.7, 90.1486, -105.141, -22.1256, -8.35103e-05, 9.02866e-05, 7.58941e-06, 
460, 160849, -155.683, -45.0337, -41.8908, 5.02372e-05, -3.19624e-05, -1.44345e-05, 
461, 126579, 45.1946, 92.2536, -114.458, 2.37582e-05, -6.62863e-05, 0.000112174, 
462, 67990.7, -177.002, -14.7828, -55.8243, 0.000137214, -2.81225e-06, 1.05415e-05, 
463, 30789.6, 119.801, 161.551, -189.77, -3.42369e-05, -7.95466e-05, 0.000126473, 
464, 8537.62, -155.856, -96.9334, -114.751, 5.48536e-05, 8.77686e-06, 1.32847e-05, 
465, 300607, -171.478, 98.5863, 52.0151, 0.000130025, -3.11965e-05, -7.77008e-06, 
466, 83619.2, 29.5427, -115.476, -121.698, -8.9961e-05, 5.92689e-05, 9.14972e-05, 
467, 127334, -72.1565, -147.504, -101.995, 0.000710352, -0.000207842, 0.000101051, 
468, 27335.2, 55.782, 37.7387, 58.976, 6.57965e-07, -8.34301e-05, -2.95581e-05, 
469, 5427.37, -62.7555, 32.9039, -99.8387, 3.36505e-05, 6.34347e-06, 6.06653e-05, 
470, 38507.8, -75.0924, -65.1801, 43.3981, 3.68471e-05, 4.0432e-05, -9.51446e-06, 
471, 286762, 67.0629, -52.3688, 185.529, -4.34241e-06, 3.5397e-05, -0.000154329, 
472, 289067, 88.8358, -199.601, -79.4198, -9.81516e-05, 0.000213989, -1.65065e-05, 
473, 91260.8, 57.0453, -156.375, -123.991, -4.19132e-05, 9.68061e-05, 7.81424e-05, 
474, 230104, 182.194, 158.386, 180.579, -0.000138154, -0.000108278, -0.000112246, 
475, 249653, 24.6484, -67.0774, 43.6853, 4.57358e-05, 6.77095e-05, -2.44577e-05, 
476, 110883, -41.9975, 144.034, -180.391, -2.74147e-05, -9.64793e-05, 0.000119514, 
477, 307850, 99.4877, 190.482, -153.348, -0.000111338, -0.000130406, 0.000137101, 
478, 289870, 60.5385, -90.0355, -34.36, -4.69014e-05, 8.50028e-05, 3.82851e-05, 
479, 95605.8, -180.792, -3.07681, 65.7285, 0.000120936, -1.2045e-05, -4.00875e-05, 
480, 103972, -128.826, -9.7093, 130.058, 0.000193743, 7.50203e-05, -0.000103364, 
481, 2495.31, -152.488, -11.7522, -4.50648, 0.000123661, 2.5705e-05, -1.88056e-06, 
482, 137920, 85.8946, -196.966, 79.4704, -3.7699e-05, 0.000157945, -2.66749e-05, 
483, 71322, -192.644, -109.555, 35.4133, 0.00013783, 4.77897e-05, -9.20562e-06, 
484, 39705.1, -86.1872, -55.5033, 128.45, 5.24171e-05, 2.94659e-05, -6.55904e-05, 
485, 71694.5, -178.188, -185.306, 42.8237, 0.000113242, 0.000115943, -2.21314e-05, 
486, 162701, -104.089, -63.2905, 76.0009, 9.54085e-05, -1.8409e-05, -5.00217e-05, 
487, 5282.93, -0.241421, 62.5278, -94.4203, 1.61148e-05, -6.99991e-05, 6.50397e-05, 
488, 109392, -57.3651, 150.384, -36.8261, 5.62929e-06, -0.000108592, 2.99845e-05, 
489, 124532, 138.7, 192.125, 84.5214, -1.22882e-05, -0.000157106, -4.04351e-05, 
490, 14863.1, -145.994, -171.904, 150.007, 6.88043e-05, 8.74241e-05, -8.08705e-05, 
491, 249103, -117.209, -102.398, -185.813, 1.94969e-05, 2.26599e-05, 0.000154127, 
492, 4436.33, 111.868, -29.0234, -134.74, -0.000101104, 1.48905e-05, 8.10175e-05, 
493, 95135.7, 86.0636, -177.484, 191.763, -3.42501e-05, 9.79565e-05, -0.000124793, 
494, 394850, 116.349, 106.104, -37.2735, -9.23666e-05, -4.11034e-05, 1.88783e-05, 
495, 211980, 0.545228, 173.713, 41.8402, 5.20758e-05, -0.000154812, 1.65432e-05, 
496, 76482.3, 152.694, 158.092, -141.886, -6.66523e-05, -8.32701e-05, 0.0001117, 
497, 4117.21, 176.082, 175.98, 16.4155, -0.000108747, -0.000131162, 6.61318e-06, 
498, 61022.7, -120.526, 84.4213, 179.374, 2.83755e-05, 3.26831e-05, -0.000125735, 
499, 192540, 14.7218, 182.962, -95.3226, 5.47017e-06, -0.000142471, 4.32132e-05, 
500, 182748, -191.009, 86.3085, -122.342, 0.000145008, -2.32087e-05, 6.60923e-05, 
501, 136526, -83.2685, 192.13, 96.3514, 4.99601e-05, -0.000153002, -4.36854e-05, 
502, 37670.7, 59.3709, -139.954, 96.0652, -1.21427e-05, 0.000148743, -7.29615e-06, 
503, 50503.4, 191.6, 13.3918, -34.1767, -0.000166523, 2.64955e-05, -7.79439e-07, 
504, 27270.2, 60.2866, -40.5896, -108.131, -4.11754e-05, 3.01925e-05, 5.18186e-05, 
505, 130665, 39.5898, -152.118, 41.9749, 3.74153e-05, 0.000111386, -4.81225e-05, 
506, 20617.5, -188.133, 120.259, -171.331, 0.000117492, -3.66236e-05, 8.52287e-05, 
507, 82100, 35.4121, 185.863, 74.7705, -3.61583e-05, -0.000226495, -8.68832e-05, 
508, 146869, -169.402, -131.169, -64.6374, 0.000125251, 8.1313e-05, 2.50346e-05, 
509, 11124.4, -70.596, 114.043, 94.3521, 5.30746e-05, -7.19085e-05, -5.23145e-05, 
510, 176557, 17.338, 12.2706, -150.434, -7.47425e-05, 2.98479e-05, 0.000108398, 
511, 45629, 73.105, 78.5768, 151.503, 1.39025e-05, 6.2788e-05, -9.10959e-05, 
512, 97255.2, -10.5727, -156.961, -3.19562, 1.07479e-05, 0.000132534, -1.18903e-05, 
513, 100409, 5.95113, 121.034, 180.882, 1.04292e-05, -8.04262e-05, -0.000138741, 
514, 78203.3, 168.548, -175.567, -11.2481, -0.000133932, 0.000116696, -2.55546e-06, 
515, 13266.1, 44.1085, -79.7354, 183.582, 1.11353e-05, 6.08035e-05, -0.000153387, 
516, 55109.6, 24.6863, 159.065, -159.656, -1.51839e-05, -8.79947e-05, 9.56694e-05, 
517, 469975, 64.4562, -26.8487, -30.8915, -7.48171e-05, 2.92607e-05, 5.43804e-05, 
518, 147412, 23.2363, 175.048, 67.0066, 3.64452e-05, -0.000164386, -3.73852e-05, 
519, 132240, -112.103, -172.624, 62.0276, 4.92266e-05, 0.000148805, -2.60346e-05, 
520, 58689.1, 118.5, -13.2599, -159.299, -0.000112786, -1.07745e-05, 0.000107376, 
521, 2244.75, 16.9091, -0.969662, -134.234, -2.74017e-05, 4.33365e-05, 7.01381e-05, 
522, 190685, -113.517, 83.5802, 97.0125, 5.5093e-05, -3.95547e-05, -7.10291e-05, 
523, 13150.8, -148.84, 74.2037, -166.642, 0.00012841, -4.91271e-05, 0.000116268, 
524, 462814, 147.936, 51.2814, 65.7356, -0.000125759, -5.61515e-06, -2.30936e-05, 
525, 110229, 156.108, 144.235, -20.4631, -0.000124231, -7.71925e-05, -9.44885e-06, 
526, 175564, 11.4059, -2.39336, -25.9719, 2.36529e-05, 1.43226e-05, 2.60779e-06, 
527, 268137, -197.432, 4.82389, 193.13, 0.000110422, -7.5516e-07, -0.00012999, 
528, 30521.3, -166.17, -86.8326, -78.1486, 9.45258e-05, 1.6675e-05, -2.04324e-05, 
529, 33462.6, -124.642, -106.391, 84.7137, 0.00010093, 5.99612e-05, -6.82182e-05, 
530, 5167.6, -106.953, 190.169, 40.1564, 6.78443e-05, -0.000162207, -1.04569e-05, 
531, 1123.93, 63.4085, 86.5303, 138.266, 6.75027e-05, 3.28521e-05, -2.97316e-05, 
532, 39413.6, 11.0153, 179.984, 140.662, 4.56148e-06, -0.000127349, -8.1331e-05, 
533, 326080, -186.133, 165.605, 183.378, 9.02816e-05, -5.41882e-05, -8.64069e-05, 
534, 47704.1, -149.097, -110.766, 55.9662, 0.000112598, 5.6524e-05, -3.92201e-05, 
535, 149816, 107.459, 75.5788, 146.714, -7.05566e-05, 2.51796e-05, -6.95009e-05, 
536, 39855.1, -19.1468, -11.6877, 160.227, 2.35925e-06, 6.39472e-06, -0.000151854, 
537, 42951.3, -133.129, -73.0514, -99.8829, 5.56873e-05, 1.19593e-05, 3.20574e-05, 
538, 175271, -50.7245, 37.2863, -2.42945, 4.4411e-05, 2.04799e-06, 2.45887e-06, 
539, 110928, 186.904, 195.283, -66.0674, -0.000129455, -0.000118451, 6.34287e-05, 
540, 71591.8, -69.2726, -71.2776, 90.5887, 2.03097e-05, 4.51811e-05, -6.56517e-05, 
541, 12299.9, 50.5121, -99.4501, 133.025, -2.25616e-05, 6.24628e-05, -0.000129165, 
542, 201561, -135.574, 50.3313, -5.79441, 9.74524e-05, 3.48411e-06, -9.12308e-06, 
543, 62476.4, -115.267, -58.9451, -191.199, 4.8465e-05, -6.05362e-06, 0.000138086, 
544, 58275.2, -56.8279, 75.6694, 42.7252, 2.28248e-05, -0.000141246, -1.75124e-05, 
545, 70010.3, 184.33, 24.4608, -122.662, -0.000135367, 1.26358e-05, 9.13231e-05, 
546, 168033, -169.002, -154.59, 81.5944, 0.000105203, 6.81447e-05, -2.4384e-05, 
547, 18791.9, 49.2237, 56.5785, -20.11, -2.08713e-05, -2.8664e-05, -4.69641e-06, 
548, 69087.4, 11.108, -184.268, 15.2152, 8.52681e-06, 0.000151172, -1.4588e-05, 
549, 94696.6, 81.1571, 28.5947, 194.241, 5.06476e-06, 1.80338e-06, -0.000170752, 
550, 34082.4, -89.3425, -173.912, 79.8755, 2.53544e-05, 0.000146038, -6.07897e-05, 
551, 258743, -59.6151, 60.865, 51.939, 4.45152e-05, -1.74063e-05, -8.44502e-05, 
552, 380030, 36.4148, -142.381, 151.45, 3.68632e-05, 7.0129e-05, -0.000113051, 
553, 439446, -97.2868, 60.7115, -141.011, 2.71567e-05, -2.04733e-06, 6.30498e-05, 
554, 116953, -55.6803, -27.3922, 158.334, 4.3361e-05, 3.29724e-05, -0.000146138, 
555, 76292.8, -13.9927, 183.085, -55.7857, 2.70678e-05, -0.000125452, 3.9445e-05, 
556, 38856.1, 20.6805, 91.6301, 167.696, 5.39782e-06, -2.85348e-05, -0.000124333, 
557, 67304.3, -72.8573, 103.086, -92.0764, -0.000107483, -0.000120634, 8.12837e-05, 
558, 206551, 28.0086, -50.1625, 106.907, 2.14599e-05, 4.66741e-05, -0.000116343, 
559, 60.3054, 176.435, -156.463, 39.8125, -0.000146946, 9.52146e-05, 1.80151e-05, 
560, 61783, 5.18588, 43.1409, -90.1254, 1.90771e-06, -3.73687e-05, 4.17338e-05, 
561, 271167, -95.126, -83.7511, 74.6927, 4.38134e-05, 7.23848e-05, -4.4717e-05, 
562, 66961.2, -14.6596, 5.2954, 55.7834, 2.66684e-05, 1.76206e-06, -1.28207e-05, 
563, 6224.97, -102.861, 163.725, 65.7164, 4.38128e-05, -0.000144207, 4.62817e-05, 
564, 22220.7, 51.3629, 41.5712, 122.037, -1.74777e-05, -6.08632e-06, -8.56343e-05, 
565, 112721, -186.962, 98.9931, 189.776, 0.00014637, -6.56246e-05, -8.06358e-05, 
566, 113163, -191.502, 42.2241, -165.718, 2.85788e-05, -1.48404e-05, -2.02699e-05, 
567, 27127.4, 164.474, 62.3474, 128.147, -0.000126239, 1.39962e-05, -3.01036e-05, 
568, 82881.2, 59.3387, -133.265, 153.177, -7.09197e-05, 3.83129e-05, -0.000127956, 
569, 5364.68, 143.947, -159.744, -61.3443, -0.000103567, 7.63492e-05, 3.27526e-05, 
570, 9189.82, 83.319, 171.843, -87.1428, -1.40454e-05, -0.000148107, 5.63362e-05, 
571, 38545.9, 147.599, -93.9096, 125.208, -0.000111643, 8.29054e-05, -0.000116734, 
572, 226228, 100.674, -35.3417, -181.059, -9.19811e-05, 2.37609e-05, 0.000159922, 
573, 1357.14, -57.9997, 132.012, 19.9593, 1.75759e-05, -0.000135859, -2.04329e-05, 
574, 163025, -86.1906, 163.513, -103.132, 3.34079e-05, -9.72207e-05, 3.14907e-05, 
575, 147455, -119.439, 175.587, 195.657, 4.78386e-05, -8.32237e-05, -0.000130124, 
576, 42769.3, 183.597, -59.8133, -168.266, -9.98668e-05, 3.76598e-05, 8.22136e-05, 
577, 41037.1, -162.155, -106.285, -117.93, 0.000102897, 7.486e-05, 3.45658e-05, 
578, 64331.8, 181.827, -189.148, 49.5339, -9.86798e-05, 0.00011139, -3.25748e-06, 
579, 104982, 91.5552, -16.0899, 184.891, -1.818e-05, 3.38022e-05, -0.000148437, 
580, 66014.3, 31.7071, -43.8856, 90.2398, -2.18553e-05, 3.25334e-05, -2.51988e-05, 
581, 29538.2, -189.348, -20.0025, -105.116, 0.000181025, -4.42166e-05, 7.04044e-05, 
582, 12653.6, -17.2356, -172.508, -44.0266, 4.51977e-06, 0.000145712, 4.61769e-06, 
583, 61818, 1.8934, -141.809, -69.6441, -7.98686e-07, 0.000125001, 1.41207e-05, 
584, 41156.7, 178.88, -92.7142, -122.547, -0.000127865, 4.27009e-05, 6.89771e-05, 
585, 84107.6, 16.4616, 26.6845, -120.29, -9.47548e-05, -4.16727e-06, 8.32985e-05, 
586, 135622, 56.422, -178.99, 38.4833, -2.43366e-05, 0.000173901, -1.81799e-05, 
587, 27825, -19.0747, 12.0839, 102.579, 5.05531e-05, -1.67183e-05, -0.000106614, 
588, 56460.2, 89.613, 71.5388, 103.01, -4.48721e-05, 1.16106e-05, -6.15205e-05, 
589, 200299, -107.596, -15.8038, -149.146, 4.39309e-05, 2.95663e-05, 7.12617e-05, 
590, 32595.8, 82.6164, -171.749, -144.31, -6.03162e-05, 0.000105554, 9.95944e-05, 
591, 154369, 189.988, 107.814, 156.987, -0.000225026, 4.16897e-06, -4.95308e-05, 
592, 26963.6, -34.8367, -198.085, -49.1223, 1.07632e-05, 0.000150965, 2.33263e-06, 
593, 178753, -184.597, 115.857, -51.6499, 0.000119764, -5.62006e-05, 4.22491e-05, 
594, 138590, -59.3844, -35.6695, -107, 5.44834e-05, 1.41496e-05, 6.90132e-05, 
595, 3062.38, 150.921, -5.02553, 32.2083, -0.0001266, -9.03565e-06, -1.70857e-05, 
596, 64803.3, 20.6898, 157.973, -174.31, -1.20088e-06, -8.03141e-05, 0.000144599, 
597, 257021, 163.305, 102.702, 136.206, -0.000132803, -2.55202e-05, 4.70452e-06, 
598, 156466, 162.327, 175.411, 42.2068, -9.85318e-05, -0.000115256, -7.41808e-06, 
599, 112285, -90.1839, 162.258, -8.04644, 6.82068e-05, -3.93344e-05, -4.59713e-05, 
600, 56885.3, 9.62738, -3.12488, 94.7661, 1.47937e-05, -2.51625e-06, -9.28792e-05, 
601, 186502, -9.36222, 93.5034, 187.721, 2.14451e-05, -2.60768e-05, -0.000157677, 
602, 128120, 164.175, 117.431, -131.647, -7.93699e-05, -2.04305e-05, 0.000122502, 
603, 53190.4, -147.598, 173.663, 55.1699, 7.82017e-05, -0.000136251, -2.51285e-06, 
604, 70303.8, 156.629, 118.813, 183.025, -0.00124005, 0.00119472, -0.00049659, 
605, 144477, 161.955, 105.992, -32.1108, -0.00014289, -5.80644e-05, 1.86236e-05, 
606, 15154.7, 41.2938, 10.9267, 23.3093, 9.69289e-06, -1.12274e-05, 1.24428e-05, 
607, 169831, 153.452, -88.0317, 102.296, -9.26494e-05, 5.47324e-05, -4.9774e-05, 
608, 86922.5, 5.40245, 18.3133, -149.183, 9.03818e-05, -4.58366e-05, 0.00012314, 
609, 1346.3, -51.5684, -175.397, 78.7688, -3.95705e-06, 0.00015443, -6.51678e-05, 
610, 162022, -149.192, -169.662, 36.2687, 9.20411e-05, 0.000117341, -3.42291e-05, 
611, 67567.6, 165.898, 180.238, -167.326, -7.79844e-05, -9.93651e-05, 0.00010797, 
612, 11770.8, -150.829, -114.666, -157.027, 0.000108699, 4.34828e-05, 1.77328e-05, 
613, 43665.8, 62.8794, -168.743, 129.009, -2.71397e-05, 0.000144212, -3.18366e-05, 
614, 28256, -150.514, 32.5193, 16.0166, 0.000128318, 1.83506e-05, -4.36895e-05, 
615, 10832.6, 93.4047, -0.729168, -120.421, -5.52097e-05, 5.82958e-07, 8.40202e-05, 
616, 47599.5, 93.1081, -30.4678, -163.828, -6.26201e-05, -5.88214e-06, 5.96483e-05, 
617, 34963.7, 97.4441, 172.743, -13.764, -5.20467e-05, -0.000143281, 1.25079e-05, 
618, 75906.7, 138.836, -0.131972, 195.641, -0.0014513, 0.000894969, -0.000526309, 
619, 135055, 31.3137, 15.2896, 71.8991, 3.49409e-05, -7.00896e-05, -8.96846e-05, 
620, 15909.4, 102.691, 135.921, 112.5, -7.38119e-05, -0.000112112, -4.33949e-05, 
621, 18897.6, -160.841, 68.6765, 121.948, 0.000125654, 7.82259e-06, -0.000104747, 
622, 192385, -68.3302, -148.939, -101.353, -0.000496929, 0.000269155, -8.6033e-05, 
623, 98713.7, 78.7721, -191.627, -91.9911, -0.000102115, 0.000260971, 5.67747e-05, 
624, 30737.8, 81.0413, 35.4174, 92.6284, -5.74033e-05, -1.91386e-05, -8.1581e-05, 
625, 185704, 131.969, 126.193, -194.725, -1.69187e-05, -5.2346e-05, 0.000157028, 
626, 19962.7, -89.2447, -106.216, -45.7579, 6.24179e-05, 4.8409e-05, 6.78503e-06, 
627, 4837.93, 70.1224, 131.5, 27.4428, -7.56398e-06, -5.15035e-05, 0.000154791, 
628, 132553, 17.1918, 71.8439, 39.2094, -1.12619e-07, -3.7005e-05, -1.9752e-05, 
629, 28978.5, 90.3863, -143.409, 27.463, -5.67525e-05, 0.000105152, -1.87538e-05, 
630, 110156, 62.3176, -11.3825, -16.4031, -1.49473e-05, -7.47027e-05, -2.88824e-05, 
631, 63598.4, 36.9851, 193.514, 159.147, -8.36465e-05, -3.79165e-05, 0.000108634, 
632, 10602.5, -60.7564, -106.311, -122.164, 3.77142e-05, 3.3702e-05, 6.956e-05, 
633, 472419, -118.782, 53.4216, -81.1871, 9.16805e-05, 1.01625e-05, 7.85646e-05, 
634, 151851, -140.42, -138.343, -131.198, 0.000119444, 5.8665e-05, 3.53935e-05, 
635, 64570.3, -136.969, 122.065, -108.657, 7.69392e-05, -8.62955e-05, 4.85645e-05, 
636, 1694.42, 198.102, -8.46181, -103.151, -0.00015267, 3.16781e-05, 6.16721e-05, 
637, 147783, 86.3439, 105.871, 157.645, -6.83134e-05, -6.17255e-05, -0.000136192, 
638, 26998, -139.83, 159.049, -58.1309, -5.82514e-05, 5.49676e-05, 0.000163163, 
639, 26813.9, 124.332, -56.1015, 184.948, -5.13219e-05, 3.05244e-05, -0.000174117, 
640, 193664, 98.9477, -188.271, -37.3605, -2.60166e-05, 0.000167159, -3.71557e-05, 
641, 24473.3, 73.1175, -30.8916, -120.966, -9.04043e-06, -5.42179e-05, 0.000117521, 
642, 106270, 66.3713, 84.6928, -117.725, -1.52745e-05, -5.30831e-05, 9.39153e-05, 
643, 125117, -69.5067, 94.7659, -148.017, 6.64855e-05, -4.21795e-05, 7.57449e-05, 
644, 164004, -93.7573, -120.985, 89.7001, 4.40757e-05, 7.9568e-05, -6.72591e-05, 
645, 45091.5, 134.341, 44.6713, -135.402, -0.000105057, -6.86193e-06, 0.000128526, 
646, 21516.8, -185.631, -15.4662, -196.417, 0.00018713, -7.51101e-06, 0.000218715, 
647, 229066, 9.96679, -34.866, 81.7043, 4.38044e-05, 3.33133e-05, -3.97655e-05, 
648, 164679, -25.0097, -127.979, -163.87, -3.211e-05, 7.3973e-05, 0.000110533, 
649, 106804, -88.5324, 118.131, -88.4113, 6.40843e-05, -0.000155149, 4.84458e-05, 
650, 56075, -119.924, -152.13, 14.9479, 8.57894e-05, 0.000106442, -3.9228e-05, 
651, 57915.4, -96.5009, 164.148, 85.6135, -6.40129e-05, -0.000193416, -5.17176e-05, 
652, 108474, -191.109, 14.9544, -136.56, 0.000124699, 2.59242e-05, 9.23727e-05, 
653, 44.987, -70.0362, -151.742, 177.265, 2.06188e-05, 0.00011236, -0.000116169, 
654, 160957, 118.894, 140.025, -39.0511, -7.67815e-05, -0.000126065, 1.11389e-05, 
655, 223360, 27.2583, 121.428, -74.9451, 2.95081e-05, -8.73744e-05, 4.8141e-05, 
656, 145628, -85.1379, 110.353, 186.312, 8.97655e-05, -1.26981e-05, -0.000144588, 
657, 38072.4, 147.793, -197.834, -6.4414, -8.35661e-05, 0.000146867, -1.10582e-05, 
658, 143122, 53.3262, 120.712, 67.642, 1.2383e-05, -0.000102837, 5.00045e-05, 
659, 53718.8, -16.3416, -30.7778, 132.831, 1.4925e-05, 2.08028e-05, -0.000125238, 
660, 37852.6, -0.550399, 11.1173, 95.3379, 3.28164e-05, -2.2431e-05, -7.375e-05, 
661, 234721, -85.1088, 96.9553, -91.2066, 6.44695e-05, -3.42115e-05, 6.89205e-05, 
662, 27863.9, -3.65856, -73.6602, -158.968, 2.19421e-05, 2.3837e-05, 0.000102024, 
663, 443946, -87.9609, -160.682, -118.103, 1.50213e-05, 0.000137894, 3.42516e-05, 
664, 13863.9, 89.2321, 52.7182, -111.805, -5.31249e-05, 6.97344e-06, 8.57949e-05, 
665, 42886.3, -1.59785, 191.542, -5.68017, 1.75078e-05, -0.000156152, 1.69392e-05, 
666, 22733.8, 172.02, -117.05, -13.6026, -0.000142266, 6.59614e-05, -4.58894e-06, 
667, 132350, -165.756, -168.854, 110.042, 9.58475e-05, 0.000101479, -7.11538e-05, 
668, 57423.6, -90.851, -149.107, -156.19, -7.56324e-06, 3.03151e-05, 0.00011658, 
669, 59302.6, -122.111, 196.958, 117.505, 5.11703e-05, -0.00014011, -4.70866e-05, 
670, 59734.6, 36.0649, 44.6296, 187.056, 2.28995e-05, 1.07684e-05, -0.000147569, 
671, 29039.9, 93.003, 51.5397, -56.3355, -3.29e-05, 4.23882e-05, 0.000122195, 
672, 65416.6, 78.2477, -138.256, -172.6, -7.14986e-05, 7.71843e-05, 0.000129125, 
673, 92652.2, 174.104, -70.5036, 4.10143, -0.000144008, 5.49953e-05, 4.63201e-05, 
674, 115334, 62.4315, -20.0916, 90.6991, -5.58507e-05, 4.73797e-05, -0.000102525, 
675, 230841, -116.316, -12.494, 3.2257, 8.76696e-05, 4.0925e-05, -1.45799e-05, 
676, 16036.9, 61.9088, -48.9562, 98.7994, 1.48278e-05, -4.06933e-05, -7.26572e-05, 
677, 77826.8, -95.7099, 122.608, -44.5031, -1.92631e-05, -0.000131351, 9.57317e-05, 
678, 400222, 117.398, -53.252, 119.146, -6.60398e-05, 4.37623e-05, -3.63735e-05, 
679, 186924, 9.97649, -121.25, -22.5358, -7.04165e-06, 0.000125305, -3.64127e-05, 
680, 119290, -103.997, 10.8753, 27.6965, 7.53147e-05, 9.45624e-06, -4.07468e-05, 
681, 52832.4, 36.4982, 120.642, -128.891, -2.22044e-06, -8.43698e-05, 0.000120205, 
682, 165602, -109.791, 66.9336, 78.5772, 6.47331e-05, 2.76468e-06, -2.82376e-05, 
683, 42844.3, -45.5847, -92.5592, -139.371, 0.000113767, 7.79939e-05, 2.3706e-05, 
684, 197768, -56.3417, 110.628, -158.644, -2.00878e-05, -0.000108444, 0.000117524, 
685, 19898.4, 151.352, 120.478, 102.662, -0.000103874, -9.02986e-05, -1.28059e-05, 
686, 183.149, 66.1532, 111.91, -38.0729, 3.2105e-05, -5.88123e-05, 7.75161e-05, 
687, 20731.6, -3.09047, -34.8601, -133.106, -7.19942e-06, 2.86336e-05, 0.000107633, 
688, 118318, 97.3933, -139.252, 141.125, -6.18783e-05, 8.5897e-05, -0.000116832, 
689, 122043, 107.353, -61.4091, 171.817, -2.56961e-05, 5.57096e-05, -0.000143491, 
690, 48278.3, 136.243, -86.6033, 110.576, -4.54816e-05, 6.50396e-05, -6.24268e-05, 
691, 59443.7, -71.9083, -71.3629, -32.2765, 5.02674e-05, 3.38295e-05, -2.50047e-06, 
692, 62879.1, 65.092, -20.2168, -114.917, -3.42796e-05, -3.06508e-05, 7.26544e-05, 
693, 37237.6, 196.94, 32.1282, -171.9, -0.000108579, -8.23418e-07, 9.23711e-05, 
694, 86402.7, 142.702, -133.856, -158.046, -0.000137493, -3.16791e-05, 0.000181006, 
695, 64244.5, 94.5042, -9.87354, -152.335, -6.38224e-05, -2.05458e-05, 9.95588e-05, 
696, 3020.88, -124.319, 136.21, -182.787, 8.06946e-05, -8.88281e-05, 0.000107044, 
697, 32412.2, 26.6159, -71.0954, 30.7934, -4.83836e-07, 0.0001224, 0.000130503, 
698, 28675.2, 177.188, -48.7863, -119.937, -0.000172805, 4.098e-05, 8.8744e-05, 
699, 40601.3, 76.7943, 32.7449, -173, -3.93158e-05, -2.37034e-05, 0.000149152, 
700, 77211.7, 83.8705, -127.916, 179.502, -3.82166e-05, 5.80946e-05, -0.000144819, 
701, 9178.1, 183.394, -190.411, -166.263, -7.78074e-05, 8.00876e-05, 6.89763e-05, 
702, 29771.2, -199.095, 145.484, -130.696, 0.000129357, -6.54881e-05, 0.000277198, 
703, 92409.8, -14.9892, -24.4909, -131.075, 3.2136e-05, 2.88957e-06, 9.30639e-05, 
704, 190003, -34.5996, 156.889, 80.7725, 3.32774e-05, -0.000146717, -2.63875e-05, 
705, 254476, -88.4053, 176.054, -18.4833, 4.8512e-05, -0.000172664, 5.13194e-05, 
706, 34546.2, -32.2759, -161.843, 79.4538, -1.18194e-06, 0.000121201, -5.15839e-05, 
707, 200117, -149.549, 132.209, 111.623, 8.88664e-05, -7.56306e-05, -7.3266e-05, 
708, 81819.8, 30.5093, -43.9089, -155.158, -0.000121293, -0.000124543, -6.20338e-05, 
709, 8603.61, 37.2932, -152.96, 137.507, 3.18855e-05, 0.000180031, 3.51331e-05, 
710, 14405.4, -34.3168, -82.197, 128.181, 2.93384e-05, 6.06378e-05, -8.1931e-05, 
711, 158127, -10.9285, 90.465, 153.757, 1.80344e-05, -2.82915e-05, -0.000106426, 
712, 31163.6, -145.542, 121.894, -144.206, 7.34736e-05, -6.84991e-05, 9.59723e-05, 
713, 22434.4, -33.2702, 62.2856, 108.228, 3.47192e-05, -2.32285e-05, -6.28455e-05, 
714, 128585, -171.831, 120.186, 72.8381, 0.00011412, -4.75504e-05, 1.09312e-05, 
715, 26803.9, 58.6139, -16.6767, 54.4477, -0.000102291, 7.34493e-05, 1.58127e-05, 
716, 141477, 136.52, -79.2251, 163.397, -8.98119e-05, 8.60171e-05, -0.000118515, 
717, 29940.8, -49.3057, -58.6223, -40.0896, 4.62738e-05, 3.94333e-05, 1.2122e-06, 
718, 18917.2, 89.0815, -80.3744, 151.384, -3.01513e-05, 7.36025e-05, -0.000120088, 
719, 281873, 80.5841, 75.7857, -133.672, -4.37465e-05, -1.83018e-05, 0.000135054, 
720, 11308.4, 22.8727, 71.4493, 5.36078, -1.6811e-05, -4.8007e-05, -2.87031e-06, 
721, 157756, -44.2277, -172.582, -190.143, -1.51178e-05, 9.69146e-05, 0.000211609, 
722, 25025.7, -156.771, 31.6618, -21.1076, 0.000108552, 3.78393e-05, 2.55223e-07, 
723, 92716.1, 144.757, -174.726, 96.5294, -8.58835e-05, 0.000193928, -8.45508e-06, 
724, 188554, -18.1014, -29.1385, 98.741, 5.694e-05, 3.27622e-05, -8.11839e-05, 
725, 41532.6, -131.408, 84.639, -115.618, 0.000101011, -4.94898e-05, 7.49078e-05, 
726, 99632.2, 160.506, -56.9496, 45.3065, -8.89936e-05, 4.41714e-05, -4.41509e-05, 
727, 160690, 115.458, -184.668, -54.4346, -0.000110987, 0.000134203, 3.32816e-05, 
728, 131702, -58.5016, 113.616, 5.2748, -9.2249e-05, -0.000128768, 8.83271e-05, 
729, 54358.5, -160.261, 161.207, -117.551, 7.84985e-05, -0.000108947, 4.66404e-05, 
730, 83331.7, -48.1354, -37.2705, -69.1937, 8.2397e-05, 4.12378e-06, 3.24835e-05, 
731, 107531, -94.8808, -69.8772, 148.024, 7.60272e-05, 5.83917e-05, -9.81835e-05, 
732, 367160, -187.818, 33.6109, -23.2197, 0.000163387, 1.11422e-05, -6.44884e-07, 
733, 111899, 179.334, 117.148, 156.375, -0.000126004, -0.000113141, -3.69705e-05, 
734, 56183.8, 112.23, -52.4299, 54.2959, -8.7622e-05, 3.35876e-05, -2.25518e-05, 
735, 20282.6, 153.454, 26.7727, -138.997, -0.000119846, 8.2228e-06, 0.000113115, 
736, 96352.5, -190.353, 93.4314, -162.146, 0.000117094, -2.8679e-05, 9.46291e-05, 
737, 73231.5, -8.81904, 90.375, 115.152, 2.81036e-06, -5.0968e-05, -6.64342e-05, 
738, 23543.7, -32.403, 73.852, 132.118, 4.81529e-05, -1.14865e-05, -0.000108968, 
739, 138290, 138.683, 70.4828, -21.0016, -0.000103684, -1.07985e-05, -3.90511e-06, 
740, 59663.6, -50.351, -172.37, 57.5363, -7.03918e-06, 0.000152119, -2.52457e-05, 
741, 89601.2, -137.907, -170.963, 182.456, 5.56049e-05, 8.24906e-05, -9.78592e-05, 
742, 74577, -191.753, -39.6958, -107.969, 0.000179719, 2.51399e-05, 7.09183e-05, 
743, 29122.6, -40.5003, -94.1662, -168.09, 3.30036e-05, 2.46835e-05, 0.000152083, 
744, 146113, 142.542, -177.423, 133.701, -5.7451e-05, 0.000126743, -8.93232e-05, 
745, 18437.7, -0.548775, -81.2636, 132.151, 1.52465e-05, 6.85567e-05, -8.03663e-05, 
746, 157720, -135.383, 56.6556, -164.255, 0.000128838, 3.30326e-06, 0.000134069, 
747, 171116, -58.2672, 104.231, -67.46, -8.78583e-06, -8.09254e-05, 2.46938e-05, 
748, 71541.6, 2.20798, 193.276, -51.9158, -8.52257e-06, -0.000159292, 2.66899e-05, 
749, 165593, -33.1948, -41.1074, -193.908, -2.72165e-06, -1.49553e-05, 0.000194718, 
750, 10327.8, 177.654, 186.413, 175.851, -8.56451e-05, -0.000126907, -0.000123207, 
751, 131840, 34.0358, -80.7199, 119.801, 1.52755e-05, 7.35425e-05, -0.000103373, 
752, 129408, -42.1671, -16.3607, -194.065, 3.00712e-05, -2.95629e-05, 0.000152075, 
753, 65338.1, 133.477, 198.699, 177.109, -0.00020209, -0.000195809, -7.08757e-05, 
754, 60879, -40.9781, 129.45, -103.806, -6.91183e-06, -0.000104472, 5.93867e-05, 
755, 141658, 131.513, 29.4295, 175.653, -8.51184e-05, -1.66759e-05, -0.000115221, 
756, 5539.73, 133.459, 116.469, -51.8551, -0.000153337, -7.25773e-05, 7.71247e-05, 
757, 224575, -77.7045, 67.1052, 190.797, 2.83448e-05, 6.26946e-06, -0.000156068, 
758, 171954, -44.8541, -9.19509, 144.16, 3.12067e-05, -9.19194e-06, -0.000112293, 
759, 31820.8, -107.91, 124.669, -42.7913, 0.000154639, -0.000198444, 0.000125299, 
760, 40038.3, -70.262, -108.512, -106.566, 4.30105e-05, 2.63767e-05, 5.46501e-05, 
761, 7701.21, -185.38, -172.699, -124.803, 0.000120956, 0.000110022, 2.0699e-05, 
762, 196357, -197.946, 156.101, -107.402, 0.000113993, -0.000113649, -3.85824e-06, 
763, 6336.31, 190.223, -92.7447, -13.6032, -0.000159081, 4.51004e-05, 1.29729e-05, 
764, 1709.39, -170.796, -71.6021, 106.416, 0.000151247, -5.48719e-05, 2.8502e-05, 
765, 11542.5, 117.782, 183.47, 47.0903, -5.90879e-05, -0.00013768, -1.32307e-05, 
766, 72041.4, 181.797, 69.5231, -7.78763, -0.000222542, 2.91295e-05, -0.000145238, 
767, 165037, -179.011, 132.145, 94.2807, -0.00114306, -0.00117191, -0.000162388, 
768, 34708.8, 120.778, 55.8214, 53.4266, -6.32365e-05, -2.39674e-05, 9.30526e-07, 
769, 42470.9, 47.2014, -150.641, 32.4936, -5.11795e-05, 8.09926e-05, 5.98117e-05, 
770, 121723, 47.2242, -81.7785, -123.387, -5.54745e-05, 5.49634e-05, 7.47071e-05, 
771, 26102.7, -143.483, 39.0585, -147.856, 0.000114457, 2.47879e-05, 8.05742e-05, 
772, 7787.3, -68.0696, -142.996, 78.366, 1.21992e-05, 5.01891e-05, -7.44798e-05, 
773, 57754.5, 112.68, -51.2923, -150.286, -0.000111096, 3.81768e-05, 9.06707e-05, 
774, 183930, -188.402, 139.94, -195.116, 9.3064e-05, -4.31961e-05, 0.00010293, 
775, 13828.6, -10.6581, 195.528, -77.0114, 2.29489e-05, -0.000152867, 5.26249e-05, 
776, 108453, -75.8813, 76.5672, 170.472, 2.74644e-05, -2.14407e-05, -7.49633e-05, 
777, 14144.5, -100.91, -20.7712, -11.8681, 4.10046e-05, 6.88218e-05, 2.33802e-05, 
778, 285205, 97.6588, 14.4809, 175.566, -2.60424e-05, 1.07039e-05, -0.000113334, 
779, 259617, 62.0685, -189.407, 153.793, -4.66872e-05, 0.0001855, -7.4074e-05, 
780, 32292.8, -144.925, 98.4058, -98.4737, 9.84647e-05, -6.35869e-05, 4.76017e-05, 
781, 111122, -32.9303, -46.0079, -68.6455, 1.70111e-05, 3.50276e-05, 2.82559e-05, 
782, 236248, -171.857, -97.8729, -97.0317, 0.00010244, 5.6049e-05, 9.83698e-06, 
783, 111757, -199.265, 125.047, -39.3896, 0.000184871, -7.80262e-05, -1.6151e-05, 
784, 101701, 50.0919, 168.357, 58.6459, 5.79957e-05, -8.87415e-06, -0.000213371, 
785, 2229.58, 186.289, 91.2317, 81.707, -0.000151541, -2.3182e-05, -7.40779e-06, 
786, 55331, -164.92, 62.0992, -32.5842, 0.000230347, 0.000182205, 3.89222e-05, 
787, 53331.2, -182.062, -175.553, 88.5567, 0.00013207, 0.000118186, -2.62064e-05, 
788, 62281.1, 30.8295, -0.442708, -199.105, -2.30204e-05, -1.2471e-05, 0.000163076, 
789, 234380, -51.5511, 114.024, 150.337, 2.99314e-05, -6.19254e-05, -0.000101524, 
790, 19217.9, -21.2991, 108.363, 84.9442, 3.78966e-05, -3.52918e-05, -7.83495e-05, 
791, 140594, -159.763, 29.474, 122.446, 4.62617e-05, 1.07819e-05, -4.79454e-05, 
792, 100843, -165.843, -71.1842, 44.6577, 0.000121602, 5.02242e-05, -4.23161e-05, 
793, 422432, 144.435, -146.02, 106.245, -0.000223435, -3.66459e-06, -0.000137643, 
794, 20487.2, -174.519, -93.904, 151.792, 0.000101097, 4.74565e-05, -8.59382e-05, 
795, 185369, 86.9936, -138.298, 103.702, -9.40436e-05, 6.05262e-06, -4.67924e-05, 
796, 206092, 178.757, 32.6592, -51.7371, -0.000150648, 2.84444e-06, 3.16737e-05, 
797, 123508, 143.454, -109.01, -45.6205, -0.000106931, 4.45263e-05, 4.61529e-05, 
798, 1376.47, -56.9553, -29.3093, -72.1852, 0.000107495, -2.67329e-05, 5.1013e-05, 
799, 260281, 42.4714, 138.055, 29.903, -1.21248e-05, -6.96673e-05, 3.43372e-05, 
800, 6882.78, 182.906, 22.5866, -88.1085, -9.78903e-05, -9.12308e-05, -1.72919e-05, 
801, 49264.1, -24.5949, 158.978, 149.676, 2.98186e-05, -9.62685e-05, -0.000119797, 
802, 20497.8, -20.4024, -64.4756, -83.0916, 4.66581e-05, 1.36894e-05, 2.68931e-05, 
803, 23348.4, 199.693, 118.443, 170.468, -0.000204179, -6.74247e-05, -0.000108164, 
804, 7627.29, -146.87, -58.8485, 122.13, 8.21562e-05, 3.29916e-05, -7.04214e-05, 
805, 15368.3, 172.817, -93.8125, 5.07571, -0.000145368, 8.87282e-05, 2.28475e-05, 
806, 28579.3, -139.925, -138.152, 154.596, 1.96044e-06, 2.31799e-05, 2.92298e-05, 
807, 122719, -3.47621, -69.5505, -96.4405, 8.39796e-06, 1.78671e-05, 5.86684e-05, 
808, 48207.6, -157.363, -44.0402, -139.38, 7.89867e-05, -1.38135e-05, 8.78359e-05, 
809, 107008, 55.6226, 177.818, 152.485, -3.35306e-05, -0.000105556, -7.58639e-05, 
810, 18833.8, 62.0578, 155.621, -191.288, -9.70132e-06, -5.68823e-05, 0.000134708, 
811, 57604.9, 83.4388, 15.0036, -149.017, -4.3912e-05, -2.07268e-05, 0.00011827, 
812, 42206.3, -148.163, 180.834, 124.954, 5.43953e-05, -0.000115511, -2.79386e-05, 
813, 206861, 120.491, -67.1129, -96.0243, -8.67444e-05, 4.95957e-05, 5.692e-05, 
814, 181820, 184.455, 24.0525, 166.598, -0.000129594, 3.22353e-05, -8.50793e-05, 
815, 52374.7, 44.602, -130.453, -21.3845, 3.9661e-05, 0.000165147, -7.40014e-06, 
816, 58335.8, 103.261, 103.708, -112.259, -7.22207e-05, -6.52023e-05, 8.13266e-05, 
817, 10924.7, 144.472, -47.0658, -105.452, -6.76616e-05, 4.01995e-05, 4.88469e-05, 
818, 233079, -127.603, 122.463, 125.446, 4.42452e-05, -5.73259e-05, -9.3747e-05, 
819, 285093, 43.6527, -5.31626, 60.3485, -9.96009e-06, 2.24046e-05, -1.01225e-05, 
820, 142762, 112.567, 120.422, 13.4572, -8.49397e-05, -6.27073e-05, -2.3902e-05, 
821, 368984, 193.818, 133.815, -125.412, -0.000162252, -1.70121e-05, 9.18615e-05, 
822, 21311.2, -161.305, 27.2283, -82.4458, 0.000140871, -1.51424e-05, 4.11247e-05, 
823, 9538.85, 12.3428, -124.317, -48.2351, -7.77314e-06, 0.00011694, 5.84223e-05, 
824, 66198.4, 22.5214, 30.8191, -59.5572, 6.61154e-08, -2.95164e-06, 5.52476e-05, 
825, 92104.2, -55.4441, -142.74, 35.7426, 1.1508e-05, 8.86427e-05, -2.54676e-05, 
826, 42347.6, 7.10775, 27.497, -8.43198, -8.7887e-06, -1.48588e-05, -2.302e-05, 
827, 32190.1, 196.619, 101.813, 84.9836, -0.000154834, -3.90771e-05, -1.44632e-05, 
828, 41709.3, 41.6245, 122.507, 168.633, 2.85682e-05, -8.41778e-05, -0.000114941, 
829, 47823.2, 42.3545, -170.795, 76.6329, 1.13033e-05, 0.000152012, -3.46752e-05, 
830, 3506.43, -110.464, -50.7082, 136.375, 8.94302e-05, 4.17744e-05, -6.82303e-05, 
831, 88237.2, 166.594, -81.9454, 19.0543, -0.000122532, 8.1941e-05, -6.7389e-06, 
832, 3309.83, 74.1061, 135.385, -170.645, -1.47366e-05, -5.78859e-05, 0.000129005, 
833, 57350.1, 68.257, -93.0404, -173.165, -7.22058e-05, 7.2623e-05, 0.000134439, 
834, 13883.6, 191.811, -135.742, -149.08, -0.000114185, 4.25214e-05, 6.5291e-05, 
835, 89249.6, 1.84238, -137.755, -109.435, 1.79437e-05, 0.000143695, 2.82879e-05, 
836, 41456.9, 179.585, 153.76, 163.511, -0.000136129, -8.81701e-05, 2.18603e-05, 
837, 1768.98, 72.4093, -10.2261, 46.8599, -9.85966e-05, 4.37506e-05, -5.33172e-06, 
838, 164552, -129.615, 104.913, 180.295, 1.73403e-05, -0.000162801, -0.000197273, 
839, 76215.5, -10.4828, -77.644, 142.683, 3.54306e-05, 4.80204e-05, -0.000119538, 
840, 42834.4, -4.93015, -129.056, 132.653, 4.37283e-05, 8.32183e-05, -0.000153297, 
841, 315284, -150.419, -123.557, -171.08, 9.35697e-05, 8.53493e-05, 0.000126404, 
842, 70649.2, 139.923, -137.334, -151.424, -4.13124e-05, 9.44239e-05, -5.3204e-05, 
843, 18007.5, -143.628, -82.737, -9.63315, 9.40886e-05, 3.21432e-05, -2.08932e-05, 
844, 72124.9, -14.1698, 45.0863, -19.3011, -1.2357e-05, -6.41713e-05, -3.89942e-05, 
845, 527644, 136.549, -151.86, -18.5866, -0.000100961, 0.000100096, -5.11282e-07, 
846, 170939, 193.466, 21.6574, 107.29, -0.000142247, 2.16582e-06, -3.59283e-05, 
847, 131368, 68.815, -196.134, -82.773, 0.000116871, 0.000207941, -4.88631e-05, 
848, 68263.8, 35.2488, -52.0101, 19.8052, -1.346e-05, 2.48706e-05, 1.37688e-05, 
849, 4253.48, -58.7068, 47.5348, 141.915, 3.5211e-05, -5.48458e-07, -0.000107753, 
850, 62132, -45.6315, 41.6035, -159.35, -0.000108159, -0.000107, 0.000192173, 
851, 187780, 52.351, -130.784, -154.811, -5.16517e-05, 7.42705e-05, 0.000111091, 
852, 46555, -77.9424, 115.342, 185.537, -0.000125853, -0.000155598, -0.000117024, 
853, 52138.4, 69.1401, 23.6766, 47.7394, 1.04006e-05, -0.000136995, -0.00029901, 
854, 105525, 26.1152, 7.22251, -43.2266, -1.90888e-05, -1.49362e-05, 5.81273e-05, 
855, 94645.3, -0.31373, 69.0118, -15.315, -1.5935e-05, -6.3325e-05, 3.91791e-06, 
856, 33015.8, 73.4909, -162.469, -50.6875, -7.08311e-06, 9.88125e-05, 1.56495e-05, 
857, 153036, -189.145, -153.828, 134.756, 0.000118044, 6.22608e-05, -8.29358e-05, 
858, 175048, 121.202, -21.9638, -71.9195, -6.22583e-05, 4.70106e-05, 9.39905e-05, 
859, 3732.86, 188.836, -1.32761, 20.2892, -0.000154534, -8.12827e-06, -2.7417e-06, 
860, 102960, -165.761, -24.6987, 26.3449, 0.000117476, 1.44747e-05, 2.65802e-05, 
861, 1943.71, -187.438, 26.8377, -101.677, 0.000132211, -8.97491e-06, 5.41527e-05, 
862, 37579.4, -109.038, 32.4576, 188.495, 3.50099e-05, -6.09634e-07, -0.000128459, 
863, 75596.7, -125.576, 179.558, -175.085, 9.42365e-05, -7.55291e-05, 8.28505e-05, 
864, 72914.4, 165.411, 158.769, -175.623, -8.79927e-05, -6.38366e-05, 0.000118146, 
865, 40058.9, -198.383, -61.4672, 105.512, 0.000137562, 3.08441e-05, -4.77353e-05, 
866, 2443.56, 162.363, 142.46, 193.736, -0.000100343, -0.000130094, -0.000218703, 
867, 228494, 158.808, 184.897, 82.6973, -9.6666e-05, -0.000168207, -6.02086e-05, 
868, 144972, 20.3987, 159.262, 76.4544, 2.80447e-05, -6.34805e-05, -9.69339e-05, 
869, 240247, 60.7531, 137.011, -70.3778, -2.23552e-05, -0.000109577, 4.4762e-05, 
870, 23085.4, 154.74, -63.0323, -177.094, -9.68964e-05, 3.52631e-05, 0.000108124, 
871, 37939.5, 104.914, 39.7918, -74.2961, -6.55846e-05, -4.90182e-06, 7.21126e-05, 
872, 5296.39, -158.707, -166.343, -141.315, 0.000123678, 0.000110944, 4.59126e-06, 
873, 39944.8, -66.4457, 134.853, 42.2663, -1.45501e-05, -0.000115965, -9.69152e-06, 
874, 87785.1, 22.6965, -148.668, -153.535, -1.773e-05, 9.27465e-05, 0.000114414, 
875, 31832.4, 26.8522, 7.3085, 65.8087, 0.000116718, 4.09561e-05, 2.04133e-05, 
876, 438661, 154.157, 121.624, 182.276, 4.63307e-05, -0.000284234, -0.000105194, 
877, 66176.8, -63.3969, -16.1488, 21.9837, 4.7896e-05, 4.2222e-05, -1.57249e-05, 
878, 62483.6, -150.4, -167.079, 100.612, 2.98933e-05, 8.98017e-05, -3.92303e-05, 
879, 144637, 95.4208, 105.998, 131.717, -0.000127256, -9.03394e-05, 3.98319e-05, 
880, 97243.1, -30.0851, -132.61, 164.586, 1.147e-05, 8.94765e-05, -0.000114851, 
881, 74869.6, 44.7478, 99.7063, 95.5551, 1.51808e-05, -2.29325e-05, -8.19664e-05, 
882, 76207.2, -15.5675, 71.4721, 120.879, 1.48778e-05, -6.26318e-06, -8.49555e-05, 
883, 3864.62, 152.562, -195.164, 55.0103, -7.11963e-05, 0.000140049, -1.77852e-05, 
884, 90040.9, -59.9019, 189.696, 105.37, 1.76507e-05, -0.000148314, -6.3411e-05, 
885, 43910, -169.031, 127.093, -174.298, 7.32753e-05, -4.32236e-05, 9.44796e-05, 
886, 18767.4, -185.914, 38.4253, -142.669, 0.000108175, -2.12718e-05, 5.77626e-05, 
887, 16072.5, -86.7617, -81.2216, -36.9341, 7.17848e-05, 3.4181e-05, 6.60302e-06, 
888, 88055, 64.8071, -73.1399, 51.4325, -8.58608e-05, 7.82581e-05, -1.0572e-05, 
889, 124105, -36.5807, -51.2404, -181.551, -1.35601e-05, 2.63316e-05, 8.79219e-05, 
890, 81550.8, 103.586, 191.081, 121, -4.14559e-05, -0.000145319, -5.92399e-05, 
891, 207409, -150.258, -43.1068, 168.575, 8.54751e-05, 7.23663e-05, -7.78799e-05, 
892, 17292.2, -198.902, 150.803, 132.995, 0.000136213, -6.09934e-05, -6.0593e-05, 
893, 29477.8, 66.4294, 168.561, -182.775, -7.78726e-06, -8.20572e-05, 0.000126845, 
894, 7475.22, -13.9018, -157.909, -142.255, 6.32603e-06, 0.000113829, 8.4225e-05, 
895, 61370.8, -119.615, -196.895, 89.5263, 4.42324e-05, 0.000142664, -4.49763e-05, 
896, 308324, 83.8692, 186.928, -144.752, 6.716e-05, -9.43352e-05, 3.83591e-05, 
897, 110445, -185.346, -123.723, 68.5546, 0.000127899, 5.4656e-05, -3.73997e-05, 
898, 109736, 179.791, -81.9217, 102.517, -0.00015307, -9.55569e-05, -0.000120902, 
899, 82634.2, -78.766, -41.9501, -171.646, 4.94985e-05, 1.19637e-05, 0.000118857, 
900, 15369.9, 107.352, 128.682, 46.1105, -0.000100121, -7.61136e-05, -1.18985e-05, 
901, 19852.3, 30.8023, 49.0998, -23.0828, -1.6617e-05, -3.18615e-05, -1.97585e-06, 
902, 30159.8, 153.846, 95.1683, -197.948, -9.11287e-05, -6.01759e-06, 0.000136948, 
903, 406168, 24.1797, -46.5545, -104.203, -1.94475e-05, 1.48112e-05, 6.67752e-05, 
904, 283206, -98.4622, -152.331, 22.5259, 2.95074e-05, 0.000110969, -4.03456e-05, 
905, 74862.1, 126.45, 21.8095, 141.708, -8.45248e-05, 1.1838e-05, -5.06623e-05, 
906, 29928.4, 130.229, -121.876, 120.313, -6.90085e-05, 4.38283e-05, -0.000107186, 
907, 56321.9, -33.7559, -93.0461, 94.8689, 3.07662e-05, 7.45526e-05, -5.33518e-05, 
908, 70579.5, -174.911, -152.179, 118.618, 9.65906e-05, 3.56967e-05, -6.12242e-05, 
909, 2374.24, -23.4118, -29.7527, -4.45979, 4.4893e-05, 3.87362e-05, -2.15903e-05, 
910, 257749, 10.974, -117.778, -114.416, -5.99876e-06, 7.01249e-05, 5.84393e-05, 
911, 52870.8, -182.807, 175.771, 143.759, 0.000155446, -6.47552e-05, -4.12822e-05, 
912, 73734.5, 17.1647, 173.074, -27.0849, 1.07673e-05, -0.000128905, 2.84167e-05, 
913, 154890, -66.4537, 110.982, 11.1091, 0.000145647, -4.76427e-05, -8.22353e-05, 
914, 34503.2, 28.9915, -173.409, -149.421, -4.22825e-05, 9.61348e-05, 7.87001e-05, 
915, 302313, -3.67143, 31.0859, -116.588, -4.89928e-06, -2.63752e-05, 5.0283e-05, 
916, 48269, -22.245, -121.963, -148.089, -1.51612e-05, 5.08692e-05, 3.57475e-05, 
917, 71440.3, 45.2755, 143.315, -88.8876, 6.74159e-06, -0.000129838, 9.96065e-05, 
918, 37656.2, 165.841, 112.988, -120.87, -0.000103129, 3.5487e-05, -1.2687e-05, 
919, 214827, -49.4831, 32.0207, -154.535, 4.06259e-05, 6.19424e-05, 9.10456e-05, 
920, 37174.1, 147.577, -72.8683, -94.8259, -0.000124467, 6.36501e-05, 2.73372e-05, 
921, 188731, 163.414, 169.451, 76.065, -0.000118857, -2.37241e-05, -1.00231e-05, 
922, 85920.2, 119.158, 9.21949, -108.918, -6.74695e-05, 1.63465e-05, 9.00273e-05, 
923, 30814.5, 161.504, -25.8485, -180.065, -0.000107757, 7.15323e-06, 0.000107846, 
924, 546352, -144.182, -14.4958, 191.764, 5.9844e-05, 3.75385e-05, -0.000122469, 
925, 11079.1, -92.9385, -75.3734, 174.718, 5.67342e-05, 3.70828e-05, -0.000143354, 
926, 117668, 115.077, 98.0732, -152.84, 5.37873e-06, -0.000596438, 2.90992e-05, 
927, 65187.6, -40.9333, -163.58, 8.98719, 9.3266e-06, 0.000136426, -1.48003e-05, 
928, 12481, -192.614, 192.47, -29.8741, 0.00013407, -0.000128075, 1.27637e-05, 
929, 7076.11, 62.0274, -158.612, 141.366, -6.40054e-05, 9.44958e-05, -5.73262e-05, 
930, 113044, 149.885, -134.608, -107.891, -9.14587e-05, 3.79375e-05, 6.331e-05, 
931, 30277.5, 120.01, 60.8372, -173.419, -5.37509e-05, 4.90063e-06, 0.000140857, 
932, 19134.3, 153.341, 88.7495, 117.367, -9.53929e-05, 7.85446e-06, -2.72618e-05, 
933, 33956, 132.536, -85.8758, 139.003, -8.08585e-05, 0.000100031, -0.000103413, 
934, 41452.5, -24.6291, -44.5858, 44.2195, 5.19567e-05, 4.73591e-05, -1.82764e-05, 
935, 88960.2, 171.758, -41.6178, 43.0138, -0.000166069, -1.83365e-05, -7.09341e-05, 
936, 41976, -170.539, 182.987, -142.19, 8.41427e-05, -0.000110094, 5.81843e-05, 
937, 217216, -103.782, -162.184, -157.16, 4.82952e-05, 0.000131836, 0.000140182, 
938, 23265.7, 120.344, -151.744, 182.797, -8.67068e-05, 7.00968e-05, -0.00012425, 
939, 50930.9, 94.3232, 153.92, -99.2856, -1.37598e-05, -0.000104972, 7.98137e-05, 
940, 156684, -77.5146, -100.277, -67.7115, 5.67908e-05, 3.83548e-05, 1.71758e-05, 
941, 20818.4, -42.5953, 173.006, 13.928, 6.09898e-05, -0.000141344, 1.22869e-05, 
942, 128535, -133.35, 97.7071, 175.124, 0.00015505, 9.24631e-05, -6.37704e-06, 
943, 123191, -77.5304, 188.112, -107.725, 7.62825e-07, -0.00015436, 2.06567e-05, 
944, 30204, -198.796, 28.0064, -90.0961, 0.000150925, -1.30035e-06, 4.6684e-05, 
945, 14151, 101.664, 41.9746, -153.983, -5.95071e-05, -6.58696e-06, 0.000134914, 
946, 636.499, 75.0728, -7.56574, -164.232, -2.10679e-05, -3.77674e-05, 0.000123334, 
947, 210578, -180.366, 130.993, 94.1604, 0.00117695, 0.000802347, 3.63934e-05, 
948, 151705, 63.2399, 173.98, -43.6538, -1.78488e-05, -0.000151813, 2.59058e-05, 
949, 85668.2, -16.6075, 29.2854, -125.187, 0.000129759, 4.82266e-06, 0.000146828, 
950, 8067.9, 27.4065, 40.0371, 131.292, 6.70439e-06, 6.25606e-06, -9.65287e-05, 
951, 10259.9, -52.5996, 110.586, -10.5742, -7.50887e-06, -7.67985e-05, 7.31167e-05, 
952, 248973, 71.9372, -60.6125, 102.48, -6.19491e-05, 5.99543e-05, -7.64049e-05, 
953, 22777, 152.765, 58.2896, -125.912, -0.000128695, -2.12898e-05, 9.04956e-05, 
954, 221946, 36.4352, 58.4812, -61.3419, 3.28653e-05, -6.67934e-06, 3.09142e-05, 
955, 4167.21, -38.5428, 60.5303, 39.3374, -4.58011e-05, -2.06438e-05, -3.33124e-05, 
956, 63225.3, 53.2308, 62.2489, -60.5865, -0.000109552, 1.68117e-05, -1.72597e-05, 
957, 76883, 178.021, 183.185, -149.739, -0.000105727, -0.000109075, 7.33516e-05, 
958, 16714.9, -43.0844, 174.073, 195.631, 2.38643e-05, -0.000101078, -0.000139327, 
959, 142125, 153.893, 91.7947, 176.002, -0.000117116, 6.37344e-05, -0.000128701, 
960, 50927.3, 140.512, 87.1129, 59.3978, -0.000107195, -5.85206e-05, -9.86935e-06, 
961, 23374, 82.9614, 86.112, 18.7398, -5.18391e-05, -3.14038e-05, -1.20187e-05, 
962, 186842, 72.8025, 99.0704, 146.057, 0.000100685, -1.4335e-05, -6.43722e-05, 
963, 186016, -180.318, 124.813, 12.2522, 0.000134195, -7.24705e-05, -3.99657e-06, 
964, 150017, -118.169, 176.498, -72.3025, 6.41507e-05, -0.000134541, 3.14315e-05, 
965, 12351.6, -9.02693, 66.3435, 173.7, 2.12415e-05, 2.10034e-05, -0.000137535, 
966, 18040.7, -121.88, 183.817, 152.389, 7.87389e-05, -0.000135203, -2.22607e-05, 
967, 365471, 64.4684, 78.9701, -79.516, -4.88031e-05, -4.49548e-05, 6.87988e-05, 
968, 141398, 7.37307, 26.5404, 111.489, 1.19614e-05, -2.42024e-05, -0.000104834, 
969, 39913.5, 5.30532, -60.0251, 35.1564, 9.16704e-05, 3.9859e-05, 3.00936e-06, 
970, 4957.12, -176.975, -40.6081, 90.2145, 0.000143509, 5.44934e-05, -4.1998e-05, 
971, 56588.8, -112.532, 103.26, -154.144, 8.75769e-05, -7.16687e-05, 8.40625e-05, 
972, 33212.9, -169.141, -152.812, -135.165, 0.000135507, 0.000101487, 3.08143e-05, 
973, 27703.4, 169.786, -154.129, 66.2624, -0.000138727, 0.000108455, -3.66414e-05, 
974, 77007.2, 41.6388, -79.6349, 48.09, -4.54592e-05, 0.000145612, -1.93469e-05, 
975, 56906.5, -20.2613, 7.86073, -20.1955, 3.28534e-05, 2.47287e-05, -1.26783e-06, 
976, 40865.7, -135.963, 69.6993, 13.0012, 0.000107824, -7.25124e-05, -4.37163e-05, 
977, 5817.58, -152.539, 142.423, 78.2103, 0.000106501, 1.02795e-05, 2.07768e-05, 
978, 76162.7, 156.418, -82.3513, 80.052, -9.75299e-05, 3.62307e-05, 2.19368e-05, 
979, 43151.2, -179.129, 152.395, 110.034, 0.000138009, -0.000130018, -8.43135e-05, 
980, 38264.6, 47.9648, 68.4814, -65.1782, -7.27436e-06, -0.000111395, 6.35595e-05, 
981, 32246, 162.48, -168.238, -101.287, 6.61807e-05, 0.000311565, 0.000139849, 
982, 205630, 92.4395, -176.228, -89.3183, -0.000136834, 2.62748e-05, 4.89454e-05, 
983, 152053, -175.563, 179.267, -30.6336, 0.000118677, -0.00011377, 3.05039e-05, 
984, 176833, 156.564, 94.04, 96.875, -0.000123204, -3.85139e-05, -9.83377e-06, 
985, 35522.5, -157.764, -138.128, -36.4212, 0.000114102, 2.87682e-05, 6.66508e-05, 
986, 12347.6, 60.3833, -26.5108, -194.247, -1.80232e-05, -1.07532e-05, 0.000175616, 
987, 141252, 152.482, -187.029, -81.5519, -7.37478e-05, 0.000141628, 2.13178e-05, 
988, 32501.8, -26.8441, -63.0115, -152.934, 1.69779e-05, -3.6416e-06, 0.000100014, 
989, 118945, -173.601, 92.907, -104.048, 0.000116366, -4.72426e-05, 3.73304e-05, 
990, 26452.4, 98.7933, 174.086, 86.3355, -5.8028e-05, -0.000138561, -3.59593e-05, 
991, 155703, 96.1264, 60.0666, -46.6578, -6.08689e-05, -4.99275e-05, 2.69081e-05, 
992, 137638, 103.474, -163.303, -40.2619, -4.59274e-05, 6.90071e-05, 8.71967e-06, 
993, 25517.8, 30.5002, -86.4043, -11.0804, 1.35561e-05, -9.24309e-05, -0.000148801, 
994, 35546.1, 113.2, 135.375, 181.971, -3.79607e-06, -0.000114582, -0.000116225, 
995, 199466, -62.3596, 57.4105, 28.0954, 6.4082e-05, -9.15728e-06, 1.56582e-05, 
996, 168949, 180.684, -106.046, -39.2641, -0.000145811, 4.67138e-05, 3.0234e-05, 
997, 137066, -156.994, 158.577, 85.6004, 0.00012522, -0.000162771, -4.44514e-05, 
998, 21868.6, -190.169, 130.688, -44.1583, 8.52579e-05, -0.000172077, 2.74752e-05, 
999, 1415.09, -22.3707, -61.5235, -49.6058, 3.16262e-05, 4.44106e-05, 4.86728e-06, 
