ID, Mass [kg], pos_0 [m], pos_1 [m], pos_2 [m], vel_0 [m/s], vel_1 [m/s], vel_2 [m/s], 
0, 5682.38, -20.0185, 0.147412, -0.755656, -0.00512275, -0.00351953, -0.00193833, 
1, 51291.5, -16.1452, -8.50256, 12.3498, -0.00544987, -0.00460802, 0.00617062, 
2, 73779.3, -0.392328, 6.15428, 1.69697, 0.00603561, 0.00168151, -0.0015369, 
3, 9731.99, -2.96923, 11.4621, 17.5509, -0.00137645, 0.00525197, 0.00278887, 
4, 104587, -2.42275, 0.346443, 2.83424, 0.00118745, -0.00623989, 0.00451454, 
5, 42215, -1.3934, 4.95664, 3.17913, 0.00568836, -0.00548702, 0.000669428, 
6, 57220.4, 13.8645, 3.30588, -16.4354, 0.00433088, 0.00474569, -0.00430931, 
7, 44855.5, 1.50412, 1.2737, -4.51717, 0.00152173, 0.000179682, 0.00675587, 
8, 276797, 1.1446, -7.55045, 4.07508, -0.000777815, 0.00271733, 0.000166458, 
9, 2643.18, -5.59876, 3.54763, -0.229077, 0.00178132, -0.00179833, 0.00573979, 
10, 33961.7, 8.55068, -11.3089, -8.16789, 0.000940461, -0.0029226, -0.00063959, 
11, 8691.35, -7.28082, 27.7784, -19.8104, -0.000517033, 0.00678797, -0.00651194, 
12, 141682, 1.12329, -2.49225, 5.69895, 0.00561629, -0.00260831, 0.0016275, 
13, 288611, -14.6963, -5.4785, -2.7076, -0.00164769, -0.00312785, 0.000486974, 
14, 512847, 2.15432, 0.225121, -1.78234, -0.00392571, 0.00188083, 0.00323361, 
15, 15651.7, 0.47145, -3.30684, 4.94635, -0.000701489, -0.00324423, 0.00151216, 
16, 182451, 6.85226, -9.68567, 25.1911, 0.00403915, -0.00228959, 0.00574643, 
17, 62197.8, -10.2721, -11.1703, 3.95765, -0.00297726, -0.00150387, 0.000531853, 
18, 185440, -15.2087, -5.93555, 2.02159, -0.00239889, -0.00432462, 0.00157647, 
19, 36701.4, 12.6015, 20.8039, -18.9454, 0.00440495, 0.00617751, -0.00600346, 
20, 106936, -27.8242, -15.8286, 8.1935, -0.00845754, -0.00504886, 0.00241294, 
21, 161838, -2.05584, 0.638128, 3.92095, -0.00393849, -0.00406745, 0.0065244, 
22, 144875, -1.6389, -3.9221, 5.34982, -0.00189686, -0.00545742, -0.000331644, 
23, 100936, 4.71278, 15.2237, 12.2905, 0.000230564, 0.00378471, 0.000453814, 
24, 95186.1, 17.6243, 19.2869, 17.7791, 0.00585085, 0.00427864, 0.00420457, 
25, 151808, 10.7093, -12.696, 22.6385, 0.00501765, -0.00316497, 0.00683707, 
26, 118354, 1.9923, 3.40737, 7.86297, -0.00337005, 0.00207446, -0.00292817, 
27, 149234, -6.38647, 6.67411, 1.60683, 0.00388609, -0.000631292, 0.000888788, 
28, 9985.68, -9.19652, 3.60166, 0.045295, 0.00235194, -0.00306127, 0.00133363, 
29, 180895, 2.4091, 13.1986, -0.282906, 0.00272052, -0.00202565, 0.00337439, 
30, 486.041, 5.54443, 13.0767, -8.16107, 0.00266594, -0.00017579, 0.0002471, 
31, 70262.9, -2.52314, -2.67681, 0.287186, -0.000327662, -0.00468934, 0.0027776, 
32, 45902.1, -0.272214, -1.57765, 3.88469, 0.00496051, -0.00391704, 0.00146319, 
33, 24444.7, 6.57019, -0.359127, -3.91193, 0.00177071, -0.00291604, 0.00197625, 
34, 65679.9, -4.56799, 5.88996, 4.96136, -0.00061023, 0.00316808, -0.000101554, 
35, 3309.29, -15.8003, -5.80396, -3.05379, -0.00171788, -0.00760431, -0.00317818, 
36, 8280.38, -21.4931, 19.887, -4.86675, -0.00538604, 0.00581029, -0.00337361, 
37, 94538.9, -1.74684, 0.371891, 5.60973, -0.000563775, 0.00244705, 0.0029876, 
38, 30213.7, 22.3646, -9.90227, -10.863, 0.0093211, -0.00135527, -0.000432593, 
39, 53471.9, -9.35676, -4.50447, -10.85, -0.00043836, 0.00248101, -0.00206419, 
40, 43100.3, -12.1731, 14.3129, -11.9902, -0.00230092, 0.00316551, -0.0037271, 
41, 44746.6, 7.50819, 18.196, 10.7454, 0.00242492, 0.00540712, -0.000432262, 
42, 34053.9, 2.44052, 8.51021, 19.1225, -0.000188374, 0.00381395, 0.00631804, 
43, 54380.2, 0.685091, 1.14132, -2.58796, 0.000599501, 0.000404847, 0.00317522, 
44, 38723.2, 13.4703, -4.53969, -14.0176, 0.00291271, -0.000620227, -0.00490678, 
45, 2321.23, -14.3178, -6.34027, -3.11964, -0.0035304, -0.000279214, 0.000233136, 
46, 241169, 6.54714, 6.86922, -1.4369, 0.00582135, -0.000416258, -0.00039814, 
47, 344827, 1.52409, 0.938254, -3.5402, 0.00233637, -0.002008, 0.00514381, 
48, 39271.1, 6.01134, 4.67096, 5.05118, 0.00400991, -0.00338258, 0.00134918, 
49, 19687.8, -21.7047, 18.2374, -5.01114, -0.007245, 0.0067189, -0.00371396, 
50, 61216.8, 7.42731, -7.95566, -2.8012, 0.00259402, -0.0025939, 0.00232483, 
51, 19182.2, -17.7639, 22.323, -12.093, -0.00500944, 0.00759407, -0.00519607, 
52, 12420.5, -3.58444, 3.2219, 5.54994, 0.00484088, 0.00169314, -0.0013921, 
53, 85447.4, -28.9509, -2.58765, -13.5551, -0.00844357, -0.000872514, -0.0035476, 
54, 361436, 3.31845, -1.6067, -2.35981, -0.00454067, 0.00432675, 0.00152393, 
55, 158926, 8.29489, 4.97166, -17.5944, 0.00322298, 0.00137682, -0.00382539, 
56, 49282.6, -15.2325, 19.2721, -16.6935, -0.00261101, 0.00591646, -0.00723149, 
57, 218355, 2.95567, 1.19075, 2.47373, -0.0004844, -0.00336434, -0.000933296, 
58, 22371.5, 21.9969, -9.18604, -7.42634, 0.00967462, -0.00214741, -0.00123681, 
59, 55919.9, -13.2258, 18.5074, -20.2466, -0.000960085, 0.00308878, -0.00516292, 
60, 21598.8, -6.36906, 8.63688, 3.17285, 0.00338149, -0.00390348, 0.000817549, 
61, 398.952, -1.41933, -3.07128, 4.37079, 0.00330014, -0.00398825, -0.00190923, 
62, 1108.92, 0.519363, -4.15028, 23.9584, 0.000862225, -0.000815987, 0.00577028, 
63, 108555, -5.85992, 8.91269, -1.21731, -0.00441537, -0.00354298, -0.00137322, 
64, 244863, 8.25581, -3.3976, 17.8065, 0.00159719, -0.00111916, 0.00309339, 
65, 220694, -14.549, 18.6941, -15.3289, -0.00240786, 0.0056239, -0.0049238, 
66, 61700, -5.0376, 26.6051, 13.3482, -0.000126971, 0.00738444, 0.00320843, 
67, 55388.9, -13.2778, 4.61366, 10.2598, -0.00638692, 0.00176305, 0.00489126, 
68, 211156, -1.523, 1.99677, 4.29592, 0.000706054, 0.00405053, -0.00233719, 
69, 12720.6, -2.16537, -12.0493, 6.57725, -0.000442297, -0.00299988, -0.00134176, 
70, 25096, -10.7114, -0.0800991, 0.983796, 0.00155804, -0.00234287, -0.00173273, 
71, 179870, 4.04508, 12.5428, -6.69373, 0.00186501, 0.000696396, 0.000253418, 
72, 79123.8, -29.7107, -8.20441, -0.733647, -0.00598627, -0.00172357, -0.000626488, 
73, 110870, -4.37341, 3.42291, 3.55911, -0.00214084, -0.00151559, 0.00156049, 
74, 43359.1, 13.5267, 10.5065, 15.5791, 0.00268537, 0.0058224, 0.00193821, 
75, 140124, -4.82661, -3.07305, -1.36754, 0.00447081, 0.000662868, 0.00277197, 
76, 229268, -10.7501, 15.732, -17.4442, -0.0014656, 0.00276288, -0.00359855, 
77, 302149, 0.968358, 2.4197, 2.23961, -0.00111938, 0.00451276, 0.00707448, 
78, 100708, -13.842, -5.10307, -4.32436, -0.00270509, -0.00286477, -0.00190106, 
79, 46633.4, -3.06059, 1.16116, 2.39636, 0.00370898, 0.00292204, 0.000594494, 
80, 143926, -10.9378, -1.38679, 5.19715, 0.00252643, -0.00365308, 2.8765e-05, 
81, 270.261, -25.7116, 5.05947, 12.1116, -0.00540135, 0.000811848, 0.00212544, 
82, 159650, -1.97398, 3.89446, 3.38295, 0.00579025, -0.00269782, 0.0033914, 
83, 24756, 4.19409, 4.30534, 1.30791, 0.00720658, -0.0043168, 6.58361e-05, 
84, 18375.3, 10.8101, -1.20159, 2.56502, 7.6257e-06, -0.00316962, 0.000972731, 
85, 491877, 21.4462, -9.25248, -9.93931, 0.00708928, -0.00187699, -0.00223444, 
86, 194807, 1.95354, 2.43036, -1.53301, -0.00536861, -5.43049e-05, 0.00377348, 
87, 8649.23, 11.546, 3.36699, 6.31655, 0.00414147, 0.00207341, 0.000267011, 
88, 138901, 3.34616, -4.27356, 10.2113, -0.00193795, -0.00320741, 0.00311929, 
89, 50202.9, 5.05196, 0.279495, 6.69382, 0.00446218, -0.0042951, 0.000774407, 
90, 98321.9, -5.50718, -4.44311, 6.48755, 0.00118112, 0.000501821, 0.000248688, 
91, 384069, -0.817347, 4.74171, 3.05974, 0.00210013, -7.43975e-05, 0.000883167, 
92, 81279.9, -6.10064, -10.7148, 3.41884, -0.00242195, -0.0031562, -0.00177267, 
93, 91375.2, -0.271434, 2.37277, -3.35656, -0.000368431, 0.00191279, -0.00206216, 
94, 5476.7, -9.5526, -8.99797, 3.62527, -0.00167911, -0.00510819, 0.00245316, 
95, 33452.5, -0.658344, 12.1951, 4.66526, 0.00263751, -0.00074818, 0.00118309, 
96, 25752.1, -13.3271, -3.11981, -2.56945, -0.00923055, -0.0021782, -0.00323346, 
97, 200797, 1.84761, 2.02308, -1.03285, -0.00282868, -0.000716539, -0.00520802, 
98, 298981, -2.96917, -3.25392, 4.55236, -0.00102894, 0.00262434, -0.00122614, 
99, 93146, 4.88749, 3.5047, 0.386957, 0.00318407, -0.00310312, 0.00149582, 
100, 8612.85, -14.1641, 8.90413, -12.6962, -0.00171039, 0.00142446, -0.00252275, 
101, 24343.5, -2.68709, 14.1994, 7.3043, -0.000790662, 0.0013037, -0.000669814, 
102, 10296.7, -6.81251, 16.2943, -11.8383, -0.000110581, 0.00146183, 8.3118e-05, 
103, 15719.8, -7.8392, -5.84495, 16.5164, -0.00113154, 0.000204183, 0.00312439, 
104, 230040, -0.363436, 9.54427, 2.53964, -0.00202294, -0.000921515, -0.00456998, 
105, 17846.1, -9.64201, -1.90726, 5.05917, 0.0028619, -0.00384983, 0.000266522, 
106, 22216.6, -0.0233168, 6.6266, 1.81621, 0.00561659, 0.00270783, -0.000347492, 
107, 98486.7, -0.922101, 8.98679, 17.1609, 0.000372629, 0.0033001, 0.00132008, 
108, 214214, -21.9406, -0.269179, -16.9429, -0.00743751, 4.41991e-05, -0.0061931, 
109, 131614, -0.609066, 3.39914, 2.22639, 0.00254949, -0.00103705, -0.00354378, 
110, 160023, -2.38012, 2.12691, 3.46492, -0.000874962, 0.00317576, -0.00217653, 
111, 115735, -0.829747, -2.74474, 5.27885, 0.00215461, -0.000387404, -0.00190183, 
112, 378585, 14.0109, 1.39243, -19.4779, 0.00384172, 0.00198057, -0.00558939, 
113, 83295.8, -20.3136, 2.31516, -4.24144, -0.003705, 0.00200535, 0.00014385, 
114, 148827, -9.5726, -2.3159, -0.518906, 0.00278963, 0.00307001, -0.000724134, 
115, 285284, -2.58464, -12.8376, 22.8298, -0.000136237, -0.00493671, 0.00690894, 
116, 515864, 1.59185, 2.48017, 0.760306, 0.00260107, 0.00173678, -0.0028071, 
117, 88363.5, 6.88933, -3.46723, 15.0463, 6.41516e-05, -0.00342542, 0.00263261, 
118, 155064, 8.00097, 1.37742, 8.67167, 0.0062572, 0.0040005, -0.00066908, 
119, 18098.3, -0.681463, 4.36666, 1.01978, 0.00805987, -0.0025344, 0.00155526, 
120, 34391.6, 22.6815, -13.3057, -9.02038, 0.00741828, -0.00258151, -0.000450522, 
121, 78154, -6.42289, -5.24906, 0.489986, 0.00134503, -0.000214115, 0.00186426, 
122, 10497, -1.8399, 1.37491, -3.68469, 0.00070147, -0.000839543, 7.19477e-05, 
123, 59058.1, -4.9255, 15.8381, 1.61989, -0.000327482, 0.00356283, 0.00167266, 
124, 5646.35, 2.66424, 2.37594, 5.26361, 0.000578772, -0.00810972, 0.000657466, 
125, 103346, -0.93666, 2.2034, -1.59532, -0.00314715, 0.00213797, 0.00261231, 
126, 64702.5, -27.7791, 0.12104, 6.90633, -0.0084618, 7.98753e-05, 0.00345837, 
127, 199056, -1.34913, 1.16735, 1.61289, 0.00348687, -0.00177639, -0.00284206, 
128, 192649, -0.297855, 4.12283, -0.611431, 0.00184778, -0.00141467, 0.00603437, 
129, 1707.71, 0.0775541, -1.18493, 2.68211, -0.000777966, -0.00373118, -0.00597594, 
130, 19869.9, -1.83845, 4.92457, -0.34186, 0.00115406, -0.00254058, -0.00500502, 
131, 143979, -5.07579, 0.573068, 5.79826, 0.00476093, 0.00319039, -0.00425002, 
132, 37850.6, -29.1435, 15.816, -8.9686, -0.0103766, 0.00471596, -0.00250455, 
133, 50031.5, 1.572, -0.0805108, -1.28598, -0.000227222, 0.00559973, 0.000515886, 
134, 369068, -19.7341, 0.751859, -7.03501, -0.00203024, 0.000578832, -0.00141676, 
135, 3806.98, 1.03899, -12.4334, 2.54122, -0.000410967, -0.00419352, -0.00110882, 
136, 64591.7, 7.54202, -3.57368, -9.3017, 0.00167765, -0.00351194, 0.000279578, 
137, 1688.15, -9.96012, -4.84483, 1.85289, -0.000247712, -0.00666791, 0.00293375, 
138, 439943, -5.54888, -1.99402, -0.444927, 0.0014412, -0.00364331, 0.00182335, 
139, 72054.1, -0.0290395, -1.12759, -0.0998681, 0.0053097, 0.000264433, -0.00398626, 
140, 10511.3, -2.68054, -9.02831, 17.6258, -0.000574947, -0.00366035, 0.00366568, 
141, 28560.6, -6.43891, 5.95537, 1.79322, 0.0026738, 0.00485659, 0.000509878, 
142, 92270.6, -7.05231, 2.10811, 0.124781, -0.00168802, 0.00428981, 0.000408908, 
143, 57507.6, -23.0475, 7.02836, 14.0875, -0.00667984, 0.00221743, 0.00410211, 
144, 106955, -9.31594, -3.5417, 16.1088, 0.000314503, -0.000446889, 0.00196517, 
145, 53021.1, 0.0939452, 2.29582, 1.90998, 0.00430753, 0.00417689, 0.00490844, 
146, 127593, 0.960419, -1.36354, 2.12976, 0.00751151, 0.000785163, -0.000477024, 
147, 31386.3, 0.559171, 2.49612, 1.54972, 0.000922259, -0.00702169, -0.00076638, 
148, 89613.6, -9.21531, 15.5296, -8.58881, 0.0011057, 0.000125549, -0.0039387, 
149, 251415, 9.76105, -1.92056, 19.2986, 0.00254024, 0.000127036, 0.00175572, 
150, 55890.6, -10.1131, 0.387079, 0.739823, 3.67599e-05, -0.00700903, -9.31832e-05, 
151, 174949, -1.04106, 5.97305, 2.84454, -0.00548664, -0.00270256, -0.00329813, 
152, 66072.8, 10.0453, -9.58209, 7.44774, 0.00132895, -0.000902202, 0.00248359, 
153, 19075.8, -1.0646, 8.90292, -5.57657, 0.00122575, -0.00337104, 4.04492e-05, 
154, 47261.5, -9.23976, 2.60461, -3.25489, -7.18631e-05, -0.00205981, 0.00351471, 
155, 102102, -3.79551, 1.62057, 0.49573, 0.00348595, 0.00157681, -0.00145755, 
156, 5375.03, 0.0727612, 1.72476, 2.04251, 0.00912613, 0.00325362, 0.00065622, 
157, 3761.7, 7.61077, 2.29543, -8.76965, 0.00144594, -0.0025722, 7.80306e-05, 
158, 7652.65, -0.387284, 7.59513, 7.55734, 0.00157208, 0.00122057, 0.00477285, 
159, 47070.1, -1.11324, 0.594607, 1.81074, -0.00174599, -0.00176643, -0.00554735, 
160, 17972.9, -3.2013, 1.75127, -4.98393, -0.00234604, 0.000895807, 0.00220023, 
161, 218629, -0.609248, -11.8399, 7.87706, -0.000393841, -0.000757201, 0.000492311, 
162, 138887, 3.28473, 1.30312, 3.95505, -0.00459683, 0.00247701, -0.000921475, 
163, 33277.3, 7.06934, -2.15016, -6.73385, 0.00459112, -0.00440007, 0.000628144, 
164, 167891, 1.67593, 2.10829, 5.28574, -0.00408773, -0.004118, -0.00248916, 
165, 62570.5, -3.67909, -26.1819, -5.97747, 0.000164923, -0.00806841, -0.00207898, 
166, 38130.4, 3.24081, 25.3526, 14.5849, 0.00230846, 0.00650456, 0.00331557, 
167, 22403.8, 2.53398, -9.11326, 23.5637, 0.00162162, -0.0035665, 0.00520564, 
168, 1479.59, 11.5506, 5.91954, -19.8769, 0.00456369, 0.00297611, -0.00615174, 
169, 20399.9, 1.06266, -13.0457, 23.1203, 0.000195871, -0.00602313, 0.00581126, 
170, 115854, -0.156465, -0.0918075, -1.38375, 0.00239454, 0.00231575, -0.00497443, 
171, 27762.9, -0.0697757, 5.08799, -0.749188, 0.00247176, -0.00717739, 0.00451847, 
172, 250928, -6.80396, -0.0611791, 5.1685, 0.00405987, 0.0023696, -0.00226828, 
173, 74469.2, -20.9366, 7.79627, -5.24878, -0.00640946, 0.00550473, -0.00210711, 
174, 143481, -25.1715, 16.754, -10.0709, -0.00777689, 0.00557725, -0.00403411, 
175, 27145.1, -4.4009, 1.73994, 1.38226, 0.00327916, 0.00195795, -0.000329821, 
176, 32620.6, 4.69366, 7.68623, 8.17847, 0.00414565, -0.000158593, 0.00211082, 
177, 52575.7, 0.298071, -14.1611, 24.7209, -2.55667e-05, -0.00535332, 0.00923818, 
178, 19746.4, -2.33921, 0.280762, 3.50313, -0.00238982, -0.00302483, 0.00664741, 
179, 33623.1, -16.6989, 0.880463, -7.48052, -0.00309909, 0.00172927, 0.000382925, 
180, 50349.8, -23.521, -15.249, -12.4937, -0.00656479, -0.00443497, -0.00343573, 
181, 89376.8, -14.5977, -0.688685, -6.46359, -0.000210992, 0.00236289, 0.000552169, 
182, 42160.2, 1.53094, -0.407725, 24.5613, 5.16602e-05, -0.000138363, 0.00859256, 
183, 100544, -15.1932, -6.74481, -3.22053, -0.00558619, -0.00473197, 0.000274979, 
184, 1446.88, -6.72582, -0.1199, 0.536863, 0.00271496, 0.00169575, 0.00342739, 
185, 119694, -4.87611, 5.7193, -0.99525, 0.00171791, 0.00384693, -0.00227929, 
186, 120999, -1.54349, 9.46982, -2.99661, -0.0042065, -0.00352427, -0.000197861, 
187, 52698.3, -3.88802, 3.35112, 0.629408, 0.00534886, 0.00455064, -0.000852259, 
188, 105467, 7.29758, -4.00713, -6.36015, 0.00280882, -0.00202314, 0.00153717, 
189, 99748.4, -2.3772, -18.4524, 10.9818, -0.00115031, -0.00543791, 0.00263747, 
190, 77133, -0.713634, 2.31105, 4.38304, 0.000942047, -0.000879575, 0.00132803, 
191, 178804, 2.2399, 9.5476, 4.50999, -0.00238501, -0.00122246, -0.00337181, 
192, 8685.6, -4.71878, 0.3876, 4.49184, -3.63864e-06, 0.00077593, 0.00666748, 
193, 256954, 1.86831, 10.3918, 11.0455, 0.00438088, 0.000457894, 0.00576187, 
194, 53540.6, 6.80645, -5.11976, 2.01803, 0.00389512, -0.00101204, 0.00257834, 
195, 220652, -2.19128, 1.71837, -1.69243, -0.0014773, -0.00239925, -0.0045958, 
196, 10258.1, 3.70887, -6.73265, 7.556, 0.00309676, 0.00233025, -0.000370471, 
197, 6083.3, -10.0122, -9.5446, 14.8669, -0.00353158, -0.0012438, 0.00257378, 
198, 127562, 7.0838, 13.7324, -4.59507, 0.00202428, 0.00194333, -0.000757433, 
199, 34766.2, -14.9516, -0.305404, -4.41412, 0.000222377, -0.000478329, -0.00173625, 
