ID, Mass [kg], pos_0 [m], pos_1 [m], pos_2 [m], vel_0 [m/s], vel_1 [m/s], vel_2 [m/s], 
0, 5682.38, -8.39821, -3.6414, 17.5187, 0.000340427, 0.00017331, -0.00143579, 
1, 51291.5, 14.3142, 19.7101, -14.4112, -0.000568843, -0.000516251, 0.000468253, 
2, 73779.3, 2.49964, -12.6417, 3.49309, -0.000839451, 0.000874369, 0.000100039, 
3, 9731.99, -16.8041, 16.2324, -8.5153, 0.00083204, -0.00120342, 1.68854e-05, 
4, 104587, 3.90628, 10.7224, -3.549, -4.64831e-05, -0.000573659, 0.000346222, 
5, 42215, -19.0994, -5.39333, -11.7921, 0.00138636, 0.000409551, 0.000595793, 
6, 57220.4, -17.0322, 19.0943, 4.53674, 0.00305823, -0.00116609, -0.00193114, 
7, 44855.5, 0.12611, -3.82242, -10.6512, -0.000167388, 0.000524694, 0.000698964, 
8, 276797, -13.5367, -0.377064, -7.23693, 0.000549604, 0.000312122, -0.000310445, 
9, 2643.18, -3.27907, -2.20412, -10.1589, -3.28249e-07, 0.000231156, 0.000601236, 
10, 33961.7, -9.2511, 11.5076, 7.55543, 0.000343344, -0.00121328, 0.00079856, 
11, 8691.35, 12.9568, -17.4715, 3.4171, 0.000837715, 0.0043473, 0.000369907, 
12, 141682, -2.76469, -14.4058, 11.5834, 0.000425657, 0.00125189, -0.00140752, 
13, 288611, -16.7968, -6.12492, 0.701244, 0.00101459, 0.000353491, -3.16418e-05, 
14, 512847, -17.844, 11.728, 17.6829, 0.000824534, -0.000266159, -0.000833334, 
15, 15651.7, -6.58416, -16.9787, 12.5011, 0.000500449, 0.00124612, -0.00106169, 
16, 182451, 1.66345, 17.6676, -18.0009, -0.00013742, -0.00100842, 0.000647358, 
17, 62197.8, -14.823, -1.18833, -18.4265, 0.000722986, 0.000453637, 0.0016368, 
18, 185440, -8.80259, -9.00311, -3.74837, 0.000532547, 0.000498601, 0.000396769, 
19, 36701.4, -17.7631, -12.849, 17.0484, 0.000626026, 0.000536885, -0.000659841, 
20, 106936, 16.368, 18.461, -3.89098, -0.000727793, -0.000692032, 0.000170756, 
21, 161838, -2.84011, -1.04392, -1.98474, 0.000226846, -5.18113e-05, 0.000428779, 
22, 144875, 3.83671, -14.0419, 17.5793, -0.000200094, 0.000879616, -0.00111279, 
23, 100936, -10.1612, 5.88568, -11.3683, -0.000114527, -0.000191132, -0.000161622, 
24, 95186.1, -9.51709, -14.7512, -19.116, 0.000190156, 0.000626987, 0.00096505, 
25, 151808, 3.43591, 14.8154, -18.5016, -0.00068836, -8.18499e-05, 0.000867104, 
26, 118354, -15.271, 12.7903, -10.4831, 0.000831293, -0.00108764, 0.000196185, 
27, 149234, -6.72038, -10.6804, -9.33797, 5.49305e-05, 0.000744078, 0.00064067, 
28, 9985.68, -15.1245, 3.14702, 2.68734, 0.000938268, -0.000159206, -0.000175206, 
29, 180895, 9.70042, -3.73618, 14.6719, -0.000750849, -4.43684e-05, -0.000960579, 
30, 486.041, 13.9984, -10.8123, 4.0629, -0.00101638, 0.000360361, 8.82135e-05, 
31, 70262.9, -0.219983, -17.608, -10.5109, -0.000176212, 0.00102384, 0.000573089, 
32, 45902.1, 0.439059, -5.9683, -13.5651, -0.000318698, 0.000581319, 0.00102595, 
33, 24444.7, 3.78751, 1.74093, -14.211, -0.000267372, -0.000204095, 0.00117453, 
34, 65679.9, -16.9148, -3.03182, 17.5405, 0.000413318, 0.000455113, -0.00137758, 
35, 3309.29, -17.0516, -6.17148, 1.06873, 0.00325055, 0.000726195, -0.00319671, 
36, 8280.38, 17.5744, -12.9733, -6.52249, -0.000792659, 0.000470196, 0.000373261, 
37, 94538.9, -8.44939, -16.5063, 6.17668, 0.00235627, 0.000282272, 0.000378532, 
38, 30213.7, -2.0294, 8.60333, 6.47197, -0.000454135, -0.000605253, 4.28384e-05, 
39, 53471.9, 8.25669, 14.7444, -10.356, -0.000731921, -0.000330634, 0.000670149, 
40, 43100.3, 18.0757, -7.88697, 10.8113, -0.00312648, -0.00194326, -0.00162459, 
41, 44746.6, -7.03929, 5.19979, -15.6631, -0.00104663, 0.000284064, 0.000827326, 
42, 34053.9, -13.9786, 9.82199, -2.14931, 0.000670954, -0.000588593, -4.57212e-05, 
43, 54380.2, 9.02888, -0.826213, -11.9142, -3.73199e-05, -0.00106598, 0.00271141, 
44, 38723.2, -7.64404, 4.49355, 14.9664, 9.61555e-05, 8.99474e-05, -0.00100738, 
45, 2321.23, -19.1369, -4.7629, -4.60176, 0.00131592, 0.000355345, 0.000246922, 
46, 241169, 3.93637, 18.1665, -2.19061, 0.000572705, -0.000813463, -0.000654108, 
47, 344827, 8.73919, -0.321259, -12.8154, -0.000761354, 0.000168324, 0.000511861, 
48, 39271.1, 8.11502, 13.9996, 13.423, -0.000761537, -0.00114574, -0.000805508, 
49, 19687.8, 19.3564, -15.4294, -3.98282, -0.00077722, 0.000491177, 0.000259076, 
50, 61216.8, 5.22705, -12.6351, -3.2774, -0.000612971, 0.000712114, 0.000620273, 
51, 19182.2, 18.0423, -4.65114, 6.06653, -0.00100236, 2.27528e-05, 0.000174447, 
52, 12420.5, -1.24177, -0.0188616, 10.4589, 0.000104247, -0.000165478, -0.000747165, 
53, 85447.4, 17.0622, 6.02394, 7.197, -0.000707331, 0.000325363, 0.000179954, 
54, 361436, -12.2873, 15.3839, 13.2966, 0.000167961, -0.00124715, -0.00082307, 
55, 158926, -12.2662, 11.9595, 2.41864, 0.000469746, -0.000682017, 0.000239641, 
56, 49282.6, 18.5698, -8.6456, 10.9163, -0.00261915, 0.00211477, -0.000635156, 
57, 218355, 5.21072, 12.0939, 12.4916, -0.000129383, -0.000814486, -0.00074058, 
58, 22371.5, -4.12003, 8.51832, 7.32949, -0.000478917, -0.000180306, 0.000254247, 
59, 55919.9, 12.4784, -17.2319, 4.05835, -0.00151959, 0.000771796, 0.000773122, 
60, 21598.8, 3.78937, -9.97784, 18.0334, -0.000535117, 9.18361e-05, -0.00126583, 
61, 398.952, -10.2911, -11.2744, 14.327, 0.00090427, 0.000575504, -0.00137107, 
62, 1108.92, -14.3304, -3.78475, -12.3482, 0.000636094, 0.0019738, 6.23282e-05, 
63, 108555, -19.227, -1.19946, 0.387003, 0.00125727, -0.000190512, -0.000126298, 
64, 244863, -17.1885, 9.77249, -7.43234, 0.00109694, -0.00056307, -0.00012816, 
65, 220694, 17.9464, -7.98826, 10.7423, -9.37694e-05, 0.000246837, 9.55826e-05, 
66, 61700, 6.59099, -15.6083, -15.6177, -0.000411812, 0.000607268, 0.000704816, 
67, 55388.9, 19.5553, -9.83333, -16.6507, -0.000593584, 0.000322861, 0.000477891, 
68, 211156, -4.7034, -18.1659, 3.91479, 0.000328359, 0.00172141, 0.000783318, 
69, 12720.6, -13.6946, -9.37219, -7.53355, 0.000542696, 0.000674583, 0.000218849, 
70, 25096, -12.3222, 0.62863, 13.9695, 0.000509986, -3.39258e-05, -0.000932291, 
71, 179870, 1.58142, 3.30655, -0.371995, -0.000261599, -0.000399298, 0.000217741, 
72, 79123.8, 17.0052, 12.3219, -2.51335, -0.00087379, -0.000538703, 0.000183201, 
73, 110870, -12.7594, 13.0452, 10.9543, 0.000773435, -0.000622669, -1.62528e-05, 
74, 43359.1, -5.42785, 16.6096, -13.5718, -0.000707779, -0.00122555, 7.85173e-05, 
75, 140124, -9.0944, -3.26418, 9.30407, -0.000371187, -0.00168045, -0.00162476, 
76, 229268, 13.1709, -17.2756, 3.28897, -0.000637226, 0.000693984, -0.000179853, 
77, 302149, -18.5378, -1.75452, 14.2633, 0.000955938, 0.000151043, -0.000522994, 
78, 100708, -14.8153, -15.7681, 0.586309, 0.000891612, 0.0013307, 0.000304764, 
79, 46633.4, -8.25028, -12.04, 12.6413, 0.000959828, 0.00119869, -0.00205557, 
80, 143926, -10.3344, -7.87736, 8.44948, 0.00081505, 0.000737754, -0.000609966, 
81, 270.261, 14.2389, -1.96669, -16.6857, -0.000652641, 0.000172038, 0.00091314, 
82, 159650, 4.25187, -6.16788, 3.48909, -0.000649171, 0.000242137, 0.000895504, 
83, 24756, 6.48625, 12.7694, 17.627, -0.000301952, -0.000598128, -0.00115126, 
84, 18375.3, -1.1613, -1.60599, 8.21108, 0.00018199, -0.000197886, -0.000518488, 
85, 491877, -6.92519, 10.1277, 9.91629, -0.000305505, -0.000500157, -0.000543026, 
86, 194807, -12.9375, 10.2499, 9.22292, 0.00112322, 7.26397e-05, -1.59029e-05, 
87, 8649.23, 0.632909, 7.96104, -17.0532, -0.000612434, -0.000245109, 0.00133277, 
88, 138901, 6.98682, -10.2029, 14.5417, -0.000760776, 0.00051988, -0.00109495, 
89, 50202.9, 8.37719, 11.1, 4.70919, -0.000636172, -0.000638366, -0.000106884, 
90, 98321.9, 1.87447, -6.40957, -1.46429, -0.000369168, 0.000251386, 0.000707077, 
91, 384069, 5.21772, -5.42892, 7.13838, -0.00105682, -0.000260287, -0.000547137, 
92, 81279.9, -15.6259, -11.1501, -9.65105, 0.000564662, 0.00116441, 0.000400459, 
93, 91375.2, 9.07468, -6.55962, -9.79401, -0.000667799, 0.000638668, 0.000628962, 
94, 5476.7, -12.1792, -17.0478, 10.5553, 0.000862128, 0.00102852, -0.000791495, 
95, 33452.5, 2.60449, 3.41836, 17.6573, -0.000424642, -0.000352371, -0.00132536, 
96, 25752.1, 19.6019, 18.6967, 16.6316, -0.000485951, -0.000570046, -0.000428407, 
97, 200797, 15.2622, -1.38205, -8.59049, -0.00104784, 0.000132792, 0.000363122, 
98, 298981, -3.75023, -10.9051, -0.467637, 0.000157125, 0.000617649, 0.00045209, 
99, 93146, 6.56716, 18.1972, -9.56924, -0.000458513, -0.000859979, 0.000712386, 
100, 8612.85, 16.0013, -14.5176, 8.83565, -0.000824212, 0.000714805, -0.000274803, 
101, 24343.5, -6.73995, 9.34004, -2.35536, 9.23543e-06, -0.000656106, 0.000133623, 
102, 10296.7, 10.0057, -14.3543, 14.46, -0.000736176, 0.000914225, -0.00066195, 
103, 15719.8, -10.4213, -1.40967, -14.6528, -0.000413101, 0.000737187, 0.00110838, 
104, 230040, -13.6386, 7.83016, -16.009, 0.00110276, -0.000327858, 0.00121003, 
105, 17846.1, -11.5275, -9.24046, 7.12889, 0.00144546, 0.000823659, -8.43433e-05, 
106, 22216.6, 3.90252, -15.9019, 4.17388, -0.000764153, 0.00160751, -0.000290179, 
107, 98486.7, -8.37017, 3.15968, -16.9522, -0.00018332, 0.00039809, 0.00146884, 
108, 214214, 19.2286, 9.55503, 8.35431, -0.00122649, -0.00053395, 6.64023e-05, 
109, 131614, -17.4438, -8.67604, -10.3021, 0.00107691, 0.000602289, 0.000479799, 
110, 160023, -5.23153, -18.5333, 2.91034, -0.000379955, 0.00116491, -0.000631849, 
111, 115735, -1.38769, -13.3532, 9.89833, -3.34571e-05, 0.000867509, -0.000487967, 
112, 378585, -17.7134, 19.1619, 5.08634, 0.000290159, -0.000810371, 0.000302308, 
113, 83295.8, 7.46179, 9.61101, 10.7224, -0.000720315, -0.000290483, -0.000380295, 
114, 148827, 16.2986, 6.03039, -2.52949, -0.000946752, -0.000112555, -0.000147169, 
115, 285284, -13.9638, 1.44581, -12.7405, 0.000442732, -5.86281e-05, 0.000652412, 
116, 515864, 3.17633, -10.3902, 8.75458, -0.000410755, 0.000856564, -0.000707006, 
117, 88363.5, -6.93595, -14.8005, -13.0894, -0.00012202, 0.000930868, 0.000683858, 
118, 155064, -0.466123, 7.36652, -13.8617, -0.000505479, -0.000297601, 0.000686604, 
119, 18098.3, -2.11584, -12.5925, 7.19125, 0.00044503, 0.000672436, -3.55119e-05, 
120, 34391.6, -10.3439, 9.46716, 8.66185, 0.00052362, 0.000379109, 0.000299586, 
121, 78154, -6.56493, -4.51612, 12.8951, -0.000436678, 0.000186066, -0.00090459, 
122, 10497, 7.33162, -5.93938, -12.3065, -0.000307224, 0.000723951, 0.00103976, 
123, 59058.1, 7.95359, 2.79106, -0.367085, -0.000889023, -8.85829e-05, 0.000176912, 
124, 5646.35, 0.441389, -0.446726, 14.5738, 0.000206217, -0.000543135, -0.000329094, 
125, 103346, -12.9731, 7.43509, 16.4383, 0.000307599, 0.000182747, -0.00100954, 
126, 64702.5, 13.8717, 10.7855, 14.0161, -0.000203423, -0.000843635, -0.000817571, 
127, 199056, -9.32427, -3.91232, 8.94555, 0.000947379, 0.00111334, 0.000285675, 
128, 192649, 1.71261, 0.403188, -9.85973, -0.000265071, -4.00882e-05, 0.000560107, 
129, 1707.71, 8.96516, 14.0165, 5.7738, -0.000641153, -0.000965001, -0.000256444, 
130, 19869.9, -17.5428, 15.1905, 19.2117, 0.000516452, -0.00150405, -0.00127369, 
131, 143979, 6.54373, 8.33935, -2.67275, -0.000762893, -0.000292398, 0.000229207, 
132, 37850.6, 13.3228, -15.9564, 18.1688, -0.000475915, 0.000644743, -0.000684967, 
133, 50031.5, -10.2322, 18.4921, 18.6067, -8.10089e-05, -0.000931646, -0.000983299, 
134, 369068, 18.4486, 7.94613, 13.8339, -0.000897566, -0.000172538, -0.000807553, 
135, 3806.98, -18.2838, -10.9497, -7.42806, 0.00118704, 0.000900215, -1.92918e-05, 
136, 64591.7, 10.668, -8.71629, -4.6299, -0.00113661, 0.000664628, 0.000581763, 
137, 1688.15, -12.3684, -9.39529, 0.707382, 0.000616316, 0.000450055, 0.00015933, 
138, 439943, -9.14404, 13.7577, -15.3583, -0.000420595, -0.00106701, 0.000513269, 
139, 72054.1, -7.99517, -11.7025, 12.0043, 0.000310582, 0.000404452, -0.000534464, 
140, 10511.3, -16.4809, 0.806681, -10.1473, 0.0019587, 0.00062079, -0.000245395, 
141, 28560.6, -14.4502, -10.4305, -16.1002, 0.000577852, 0.000670937, 0.000931927, 
142, 92270.6, -10.19, -15.3634, -14.0975, 0.000553661, 0.00094532, 0.00066057, 
143, 57507.6, 17.5201, -1.76903, -16.9958, -0.000749151, 7.57796e-05, 0.00069639, 
144, 106955, 4.43708, 15.6898, 3.43194, -0.00027782, -0.000845966, -0.000439985, 
145, 53021.1, -0.305197, -11.7225, 2.33905, -1.25759e-05, 0.00048175, 0.000166513, 
146, 127593, -8.86935, 4.3155, 2.39608, 0.000360906, -0.000190115, 9.4686e-06, 
147, 31386.3, -8.82872, -9.76855, 5.05869, 0.000282693, 0.000358565, 1.32529e-05, 
148, 89613.6, 6.79774, -15.2069, -7.2481, -0.000599619, 0.000851885, 0.0006853, 
149, 251415, -14.2574, -1.77179, -13.3888, 0.000754251, 0.00133298, 0.00100186, 
150, 55890.6, -7.33279, -4.57813, 13.6979, 0.000844976, 0.000306283, -0.00203158, 
151, 174949, -8.87788, 7.49692, -15.6835, -0.00030694, 6.00468e-05, 0.00129561, 
152, 66072.8, -7.50223, 6.55554, 18.468, -4.54505e-05, -0.00015935, -0.00129034, 
153, 19075.8, -0.227391, -15.1995, -11.4433, -0.000259056, 0.000514103, 0.000808255, 
154, 47261.5, -0.99556, -1.10187, 0.112694, -0.00029617, -3.20109e-05, -0.000247671, 
155, 102102, -11.2355, -12.1822, 4.79436, 0.000849849, 0.000713099, -0.000183521, 
156, 5375.03, -4.8149, -14.0413, 2.79818, 0.000331303, 0.000646281, 2.78314e-05, 
157, 3761.7, 12.1579, -9.35133, -3.84412, -0.00155295, 0.000751323, 0.000106663, 
158, 7652.65, 10.4238, 6.7494, 9.16483, -0.000701049, -0.000178185, -0.000332641, 
159, 47070.1, -10.4729, -1.59057, 8.65899, 0.00137877, -0.00109406, -8.11384e-05, 
160, 17972.9, -15.3076, 15.6692, -14.9717, 0.00129972, -0.00115745, 0.000448284, 
161, 218629, -16.5791, 3.76901, -11.4235, 0.00175756, -0.000506561, 0.000232281, 
162, 138887, -8.07347, -16.7183, 6.3301, -0.00021889, 0.00166094, -0.00131162, 
163, 33277.3, 6.29508, -1.98955, -18.4427, -0.000346896, 0.000250886, 0.00123945, 
164, 167891, 1.03484, -1.57914, 16.1799, -0.000125317, 4.01239e-05, -0.0012376, 
165, 62570.5, 5.26792, 15.6641, -4.43485, -0.00046794, 0.000119622, 0.000640399, 
166, 38130.4, 0.0903177, -16.7635, -17.0954, -0.000186189, 0.000675567, 0.000795819, 
167, 22403.8, -14.2267, 2.5865, -9.66784, 0.000478282, -0.00055317, -0.000676531, 
168, 1479.59, -12.3918, 7.98027, 2.10356, 0.000729317, -0.000104124, 5.80848e-05, 
169, 20399.9, -10.207, 3.62904, -7.56501, -0.000159734, -0.000284647, -0.000243584, 
170, 115854, 3.32693, -15.3502, 0.658109, -0.000639708, 0.00131843, 0.000465242, 
171, 27762.9, 2.90167, -10.1215, 18.3693, 0.000322313, 0.000244091, -0.00148086, 
172, 250928, 5.62061, 18.8079, -3.78669, -0.00103491, -0.00136216, 0.000673517, 
173, 74469.2, 14.793, 14.2596, 9.04987, -0.000524609, -0.000975173, -0.000218763, 
174, 143481, 19.2132, -12.4066, 16.0547, -0.00072075, 0.000489827, -0.0006225, 
175, 27145.1, -13.3866, -12.1561, 8.97333, 0.0011759, 0.000840271, -0.000792072, 
176, 32620.6, 0.531024, 3.41226, 16.0536, -4.73708e-06, -0.000393411, -0.0011517, 
177, 52575.7, -12.933, 2.18516, -15.1726, 0.000134567, -4.79524e-05, 0.00213487, 
178, 19746.4, -0.540187, -6.43636, 3.20928, 0.000366559, 7.27066e-05, 8.76712e-05, 
179, 33623.1, 14.8317, 8.51265, 13.7181, 0.000178161, -0.000131385, -0.000750138, 
180, 50349.8, 16.7301, 9.60864, 7.50268, 4.35735e-05, -0.000618836, 0.000337242, 
181, 89376.8, 16.2013, 6.3103, -5.10886, -0.000891053, -0.000306603, 0.000963337, 
182, 42160.2, -12.3804, 6.77981, -2.97023, 0.000441622, -0.000322129, -9.51916e-05, 
183, 100544, -8.70909, 18.7176, -14.6443, 8.79554e-05, -0.00176231, 0.000300301, 
184, 1446.88, -3.50533, -16.5401, -8.6103, 5.87651e-05, 0.0010614, 0.000463251, 
185, 119694, -6.60429, -6.96157, -13.806, -6.05812e-05, 0.000519517, 0.000965624, 
186, 120999, -14.8594, -12.8628, 1.85492, 0.00109237, 0.000634099, -4.8195e-05, 
187, 52698.3, 0.862471, -13.565, 2.67468, 2.00064e-06, 0.00146714, 0.00022678, 
188, 105467, 8.64792, -7.32017, -2.85186, -0.000784505, 0.000260627, 0.00028163, 
189, 99748.4, -6.43461, -0.801881, -17.2979, -0.000335995, 0.000499093, 0.00122408, 
190, 77133, 2.24712, -4.5688, 5.90732, 0.000723401, -0.000531745, -0.000111141, 
191, 178804, -9.2191, 10.4001, -13.8713, -0.000100143, -0.000152764, -0.000265513, 
192, 8685.6, 0.977247, 0.191372, 4.06531, -6.37188e-06, -0.000253115, -0.000150132, 
193, 256954, 4.28881, 4.05427, 6.70372, -0.000536935, -0.00038246, -0.000242032, 
194, 53540.6, 3.84389, -17.896, -3.54781, -0.000370927, 0.00126203, 0.000549476, 
195, 220652, -11.5106, 14.4138, -17.0203, 0.00145697, -0.00118022, 0.00167301, 
196, 10258.1, 12.4487, 14.6632, -6.24073, -0.000789997, -0.000496769, 0.000419251, 
197, 6083.3, -9.1133, -0.470431, -11.975, -0.000525616, 0.000442794, 0.000430326, 
198, 127562, 1.6393, 4.47531, 11.0865, -0.000133272, -0.000361739, -0.000906635, 
199, 34766.2, 16.2801, 5.51012, 11.5257, -0.000329906, 0.000555244, -0.000235261, 
