ID, Mass [kg], pos_0 [m], pos_1 [m], pos_2 [m], vel_0 [m/s], vel_1 [m/s], vel_2 [m/s], 
0, 5682.38, -36.2085, -19.1936, -10.0662, -0.00163815, -0.00306025, -0.00130523, 
1, 51291.5, -41.7853, -31.204, 42.7913, -0.00406795, -0.00368151, 0.00493221, 
2, 73779.3, 5.04738, 2.14734, 1.29542, 0.00697719, 0.00259133, -0.00460277, 
3, 9731.99, -7.34083, 32.8612, 23.8415, -0.000475438, 0.00277461, 0.000240482, 
4, 104587, 2.65756, 0.762117, 2.87353, -0.00126995, -0.0103625, -0.000595062, 
5, 42215, 0.464193, -2.04963, 1.96578, 0.00220387, 0.00838735, -0.00344986, 
6, 57220.4, 33.1563, 28.5149, -35.2774, 0.00291275, 0.00412513, -0.0027583, 
7, 44855.5, 1.25479, -9.10822, 3.04677, -0.00110486, 0.000382426, 0.00206265, 
8, 276797, 0.127989, -1.01213, 2.59194, -0.00711803, -0.00701626, 0.00490278, 
9, 2643.18, -3.37318, 5.59139, 3.6849, 0.00184265, -0.00258208, 0.00392871, 
10, 33961.7, 5.60664, -13.0615, -2.49734, -0.00194822, 0.00272112, 0.00258657, 
11, 8691.35, -9.72357, 63.5037, -54.5528, -0.000379224, 0.00598793, -0.00585143, 
12, 141682, -6.63657, 5.43633, 6.42131, 0.00150188, -0.00140803, 0.00150594, 
13, 288611, -11.053, -14.0343, 3.5602, 0.0035618, 0.00030637, 0.00159177, 
14, 512847, -0.0878095, -0.187544, 2.14158, 0.00406117, 0.00166016, 0.00507327, 
15, 15651.7, 6.75136, 14.3781, -6.76303, 0.00143665, -0.000545595, 3.94427e-05, 
16, 182451, 27.8303, -20.0357, 52.3177, 0.00341808, -0.00158814, 0.00421416, 
17, 62197.8, -14.1536, -7.35, -0.578275, 0.00255349, 0.00143181, -0.00141738, 
18, 185440, -12.4254, -17.4662, 3.0008, 0.00265176, 0.00104943, -0.000872457, 
19, 36701.4, 35.8503, 53.3352, -50.3949, 0.00390119, 0.00544581, -0.00525328, 
20, 106936, -72.6591, -42.5275, 21.013, -0.00754105, -0.00449283, 0.00216114, 
21, 161838, 0.94713, -2.99368, 1.97584, 0.000680531, -0.00621338, -0.0019357, 
22, 144875, 3.18385, 11.5146, 6.07548, 0.000697795, -0.00096172, 0.000718108, 
23, 100936, 1.99742, 20.8417, 6.86885, -0.000889249, -0.00178716, -0.00187225, 
24, 95186.1, 47.7818, 40.7552, 39.1241, 0.00497452, 0.0034898, 0.00348793, 
25, 151808, 36.8549, -27.9396, 57.4393, 0.00433746, -0.00245784, 0.00571086, 
26, 118354, -1.1966, 4.02891, 6.4467, 0.000137149, 0.00145653, -0.00533358, 
27, 149234, 3.73081, 4.04075, 3.97171, 0.00670824, 0.00203872, -0.00228653, 
28, 9985.68, 8.39832, 9.60475, -1.16046, -0.00325118, 0.000384157, 0.000756194, 
29, 180895, -9.57817, -5.41912, -5.03513, -0.00107315, 0.00148717, -0.00135109, 
30, 486.041, -4.17699, -3.87855, 4.23541, -0.00657756, -0.000252755, -0.0022197, 
31, 70262.9, 0.256959, 0.413521, 0.747775, 0.00473859, -0.0113091, 0.00538405, 
32, 45902.1, -5.59753, 14.2066, -1.57024, 0.00119197, -9.5678e-05, 0.00110036, 
33, 24444.7, -3.6141, 10.7119, -3.17499, 0.00344278, -0.000631733, -0.0022813, 
34, 65679.9, -1.03111, -13.9602, 5.01386, -0.000964481, 0.00073829, 0.00204499, 
35, 3309.29, -12.4554, -32.561, -7.62387, 0.00132548, -0.00312574, -5.70889e-05, 
36, 8280.38, -48.4524, 49.567, -22.961, -0.00439489, 0.00488036, -0.00302714, 
37, 94538.9, -0.716394, 3.17429, 5.16469, -0.00215258, 0.00601847, 0.00227563, 
38, 30213.7, 70.9928, -15.8198, -11.5571, 0.00806679, -0.000903653, 6.90469e-07, 
39, 53471.9, 2.49267, 6.15898, 3.84941, 0.00462567, -0.00546896, 0.00686888, 
40, 43100.3, -19.7959, 26.9792, -27.7756, -0.000809293, 0.0015931, -0.00209052, 
41, 44746.6, 16.4165, 38.7228, 5.17027, 0.00108055, 0.00248629, -0.00120406, 
42, 34053.9, 0.370572, 26.0902, 44.518, -0.000390878, 0.00262746, 0.00356661, 
43, 54380.2, 2.05111, 3.99716, 1.05442, 0.0086797, -0.000356587, -0.000847177, 
44, 38723.2, 24.0871, -5.62192, -34.5768, 0.00125386, 9.8482e-06, -0.00274295, 
45, 2321.23, -10.9272, -16.2934, 0.340117, 0.00189509, 0.000135275, 0.00129826, 
46, 241169, -4.01971, 0.243591, 2.67048, -0.00483927, 0.00385323, -0.00270334, 
47, 344827, 2.61522, 3.186, 0.551202, 0.00617706, -0.000960817, -0.00138228, 
48, 39271.1, -4.08063, 7.3456, 1.93734, 0.00402647, 0.00268473, 0.000637047, 
49, 19687.8, -59.3444, 53.523, -25.116, -0.00629918, 0.00592542, -0.00340385, 
50, 61216.8, -0.935751, 4.38653, 0.647151, -0.00255235, 0.00402405, -0.00938629, 
51, 19182.2, -43.6561, 62.2436, -40.0436, -0.00433599, 0.00672297, -0.00472019, 
52, 12420.5, 9.16939, 1.89714, 6.83977, 0.00335352, -0.00114673, -0.003725, 
53, 85447.4, -73.2323, -7.12739, -31.7571, -0.00739625, -0.000760748, -0.00301387, 
54, 361436, 2.07671, 0.941774, 4.86508, -0.00181472, -0.00118366, -0.00239826, 
55, 158926, 22.1444, 10.8674, -30.2367, 0.00181189, 0.000772094, -0.00119237, 
56, 49282.6, -26.42, 48.6026, -52.4102, -0.0017779, 0.00485153, -0.00594249, 
57, 218355, 4.05801, -1.60323, 0.575921, -0.000315135, 0.000109396, 0.00287698, 
58, 22371.5, 72.3419, -19.4843, -12.9625, 0.00837604, -0.00165974, -0.000858524, 
59, 55919.9, -16.1879, 32.228, -44.0067, -0.000307499, 0.00204563, -0.0036594, 
60, 21598.8, 2.29908, 4.56433, 5.56751, 0.00446838, 0.00515594, 0.00480271, 
61, 398.952, -0.510324, 6.46513, -1.45131, 0.00285137, -0.00622926, 0.00274762, 
62, 1108.92, 5.17592, -6.94255, 48.0716, 0.000736945, -0.000330359, 0.0032873, 
63, 108555, 9.76574, 2.13669, 6.65459, -0.000437369, 0.00411087, -0.000855044, 
64, 244863, 11.5393, -5.07665, 23.0623, -0.000455141, 0.000124595, -0.00103335, 
65, 220694, -25.0819, 46.4123, -40.313, -0.00160944, 0.00447811, -0.00403671, 
66, 61700, -4.93097, 63.7, 29.3712, 7.51457e-05, 0.00602144, 0.0025941, 
67, 55388.9, -40.1514, 11.7418, 31.17, -0.0039227, 0.00101071, 0.00309126, 
68, 211156, 0.791664, -1.00861, 3.18788, -0.00161214, 0.00250734, 0.00187392, 
69, 12720.6, 4.44192, 9.54467, 4.61163, 0.00211856, 0.00438215, 0.00277916, 
70, 25096, 1.25654, 18.0382, 11.054, -0.00168782, 0.00228654, 0.00141859, 
71, 179870, -6.93419, -6.37128, -0.413488, -0.00182804, -0.00195645, -0.002731, 
72, 79123.8, -58.145, -16.4262, -3.90679, -0.00438911, -0.0012828, -0.00050177, 
73, 110870, -1.77686, 0.494821, 5.51193, 0.00154264, -0.00803756, 0.000287388, 
74, 43359.1, 22.5748, 38.1836, 21.109, 0.00104833, 0.00415228, 0.000478505, 
75, 140124, 1.6353, -3.79987, 5.76243, -6.93905e-05, 0.00184777, 0.000914019, 
76, 229268, -16.4879, 27.12, -31.3013, -0.000650052, 0.00145231, -0.0017207, 
77, 302149, -0.955327, 3.16148, 4.01456, -0.00213804, 0.00751096, -0.000897878, 
78, 100708, -10.6537, -13.1564, 2.10697, 0.000970009, 0.000291553, 0.00219238, 
79, 46633.4, 4.22851, 2.76932, 3.60214, 0.00256497, 0.00116298, -0.00862631, 
80, 143926, 3.999, 12.9371, -0.777152, -0.00310292, 0.00280671, 0.00246865, 
81, 270.261, -50.4973, 8.56543, 21.6315, -0.00369535, 0.000495088, 0.00140317, 
82, 159650, 6.98477, -5.53683, -0.684413, 0.000566094, -0.0019777, -0.00217647, 
83, 24756, -2.95739, 5.46834, 3.47197, 0.00479695, 0.00515416, 0.000112209, 
84, 18375.3, 2.02471, 10.3189, 0.0681297, 0.00479646, 0.000515477, -0.0013561, 
85, 491877, 56.7377, -17.7313, -20.3242, 0.00565686, -0.00129242, -0.00159475, 
86, 194807, 0.179572, 0.371298, 0.586313, -0.00846255, 0.00220593, -0.00304393, 
87, 8649.23, 8.17238, 12.7673, 1.54474, -0.0041919, -0.000740353, -0.00196851, 
88, 138901, -4.75945, -0.84892, 0.0888455, 0.00458698, 0.00545658, -0.00464493, 
89, 50202.9, 0.326432, 4.64885, 4.50598, 0.00407546, 0.00380387, 0.00573913, 
90, 98321.9, 5.58232, 15.7249, -12.42, 0.000199945, 0.0010451, -0.000661735, 
91, 384069, 2.15121, 3.22828, 1.33669, -0.001915, 0.00297471, 0.00572794, 
92, 81279.9, -9.68648, -5.12441, -2.89454, 0.0025293, 0.003947, 0.000225182, 
93, 91375.2, 2.37445, 3.47762, -0.27757, 0.000381194, 0.00179003, 0.0034952, 
94, 5476.7, -11.8641, -21.081, 8.92117, 0.000466792, 0.000243648, -0.000317374, 
95, 33452.5, -10.634, -7.75523, 0.783481, -0.00194917, 0.00154835, 0.000471915, 
96, 25752.1, -51.9616, -17.4447, -15.8415, -0.00584304, -0.00232704, -0.00198681, 
97, 200797, -0.361856, -1.29806, 3.12189, -0.00157181, -0.00268699, -0.00316358, 
98, 298981, -1.13235, -2.68712, 4.9683, 0.0033286, 0.00177366, -0.00107453, 
99, 93146, 0.824127, 5.81927, 0.698371, 0.00716623, -0.00559506, 0.00180832, 
100, 8612.85, -15.6485, 12.7307, -18.2094, 0.000848598, -3.56565e-05, 0.000278255, 
101, 24343.5, 2.23868, -8.31445, 6.93294, -0.000455643, -0.000183702, 0.00262615, 
102, 10296.7, -2.41985, 6.95519, -0.43334, 0.00339669, -0.00661994, 0.00492015, 
103, 15719.8, -4.93215, 2.6213, 12.2161, 0.00273231, 0.00139404, -0.00485316, 
104, 230040, 0.387036, 2.02465, -2.19992, 1.70602e-05, -0.00256719, -0.00404225, 
105, 17846.1, 11.8886, 15.0282, -4.88005, -0.000708307, 0.00378201, -0.000241421, 
106, 22216.6, -15.2213, -5.45338, 5.15149, -0.000308687, 0.000360523, 0.000985424, 
107, 98486.7, 2.51378, 16.2716, 8.47914, 0.000347153, -0.00144492, -0.00378458, 
108, 214214, -60.5204, 0.166691, -48.7601, -0.00642129, 7.9571e-05, -0.00528451, 
109, 131614, 2.29812, 1.3401, 3.72783, -0.000340448, 0.00817963, 0.000132793, 
110, 160023, 1.08792, 0.159021, 2.02289, 0.00313646, 0.00412836, 0.00109762, 
111, 115735, 2.55344, -4.56597, 2.04742, -0.00214944, 0.00228289, -0.00125503, 
112, 378585, 31.7889, 12.638, -45.22, 0.00272718, 0.00187342, -0.00393028, 
113, 83295.8, -28.023, 10.2889, -1.38827, 0.000282917, 0.00091049, 0.000756468, 
114, 148827, 13.7149, -0.106385, 3.20188, -0.00221987, -0.00172849, 0.000219748, 
115, 285284, -2.96069, -37.4724, 56.9931, -3.72573e-05, -0.00399449, 0.0055038, 
116, 515864, 1.34078, 1.61934, 0.769861, 4.91353e-06, 0.00030635, 0.000710237, 
117, 88363.5, 2.84223, -14.0569, 17.5398, -0.00130386, -0.000296691, -0.00178862, 
118, 155064, 21.8735, 17.7609, -4.15475, 0.00015382, 0.00157992, -0.00240275, 
119, 18098.3, 3.379, 2.39552, 3.88131, 0.00339194, -0.00895604, -0.00271862, 
120, 34391.6, 60.5817, -25.5481, -10.0446, 0.006166, -0.00191653, -5.56683e-05, 
121, 78154, -2.47324, 6.80985, -2.96581, -0.00166346, -0.00565695, 0.00210155, 
122, 10497, 2.09972, -1.63102, 1.44467, 0.00113337, -0.0071489, -0.00256302, 
123, 59058.1, -0.244104, 13.0057, 7.59857, 0.00189962, -0.00444764, -0.000272508, 
124, 5646.35, 5.13739, 6.68575, 3.9632, 0.00613649, -0.00293342, 0.00180003, 
125, 103346, 8.43601, -3.67198, 2.70985, 0.00228372, -0.00258586, -0.00407172, 
126, 64702.5, -70.7539, 0.527432, 25.1942, -0.00706579, 6.48925e-05, 0.0030629, 
127, 199056, 1.72303, 4.21916, -0.908258, 0.000744179, -0.00531457, 0.00377091, 
128, 192649, 1.05416, -2.36115, 0.931238, -0.000229051, -0.00161401, -0.00433224, 
129, 1707.71, 1.7134, -3.10918, -0.721551, 0.00122697, 0.00663672, -0.00464125, 
130, 19869.9, -1.19912, 1.21412, 3.97695, 0.00345247, 0.00564565, -0.000678822, 
131, 143979, 1.0963, -0.760421, 2.50576, 0.00592515, 0.000551193, -0.00989779, 
132, 37850.6, -85.3232, 41.2101, -22.3205, -0.00957666, 0.00431852, -0.00226021, 
133, 50031.5, 1.2872, -0.771578, -0.534972, -0.00547542, 0.00043465, 0.000421458, 
134, 369068, -15.4333, 2.6302, -7.18129, 0.00324623, -2.24735e-05, 0.00133295, 
135, 3806.98, -3.09899, -9.1589, -0.593706, -0.000112403, 0.00566884, 0.000683019, 
136, 64591.7, -1.7659, 0.613138, 6.92714, -0.00378558, 0.00792295, -0.00234985, 
137, 1688.15, 0.763235, -22.0086, 10.525, 0.00237547, -0.000247345, 0.000410895, 
138, 439943, -1.83615, -0.60223, -0.842675, 0.00467251, -0.00530736, 0.00442938, 
139, 72054.1, 4.4967, 2.0369, -0.612423, -0.00196165, 0.00780003, 0.00144054, 
140, 10511.3, -4.63259, -22.5768, 28.1334, -0.000150187, -0.00145762, 0.00064503, 
141, 28560.6, -5.85411, -12.2347, 4.16522, -0.00323993, 0.000234883, 0.00190778, 
142, 92270.6, -0.185367, -7.08424, 4.93978, -0.0029367, 0.00359857, 0.000354216, 
143, 57507.6, -56.096, 18.1472, 34.5316, -0.00532637, 0.00180107, 0.00331165, 
144, 106955, 1.47405, -0.468666, 4.56849, 0.0031244, 0.00285843, -0.011569, 
145, 53021.1, 1.06887, 5.2256, 1.86487, -3.23999e-05, -0.00245051, -0.00523431, 
146, 127593, -5.0582, -6.63286, 6.81315, 0.00455168, -0.0017212, 0.00118985, 
147, 31386.3, 4.26223, -1.93897, 0.698167, -0.000334885, -0.00337849, 0.00213991, 
148, 89613.6, 1.87998, 6.45444, -19.2222, 0.00230746, -0.00268803, 0.000510209, 
149, 251415, 12.2516, -2.22624, 14.6186, -0.00146003, 0.000268434, -0.00325962, 
150, 55890.6, 11.1762, -7.13862, 2.77921, 0.00169304, 0.00484628, 0.000896409, 
151, 174949, -2.10571, 1.39205, 0.329364, 0.00546268, -0.00727356, -0.00237226, 
152, 66072.8, 1.70671, -0.0436166, 6.27931, -0.0053968, 0.00490282, -0.00784562, 
153, 19075.8, -6.3999, -6.12108, 20.0323, -0.000686536, 0.000285447, 0.00129068, 
154, 47261.5, 10.3802, 11.3118, -4.34615, -0.00117888, 0.000928518, -0.00194566, 
155, 102102, 5.99934, -0.0593019, 0.484145, -0.00357853, -0.00137647, -0.00108861, 
156, 5375.03, -5.01675, -3.73684, 10.138, 0.00357477, -0.000542022, 0.000192062, 
157, 3761.7, -8.53936, 7.7248, 8.95788, -0.0015849, 0.00390144, -0.000255944, 
158, 7652.65, -2.57241, -0.667708, -8.26203, -0.000280777, 0.00106827, -0.00265683, 
159, 47070.1, 0.442097, -1.22136, 2.07141, 0.00177658, -0.00626588, -0.00267317, 
160, 17972.9, -1.02752, -2.47274, 2.26636, 0.00841487, 0.00204597, 0.00159069, 
161, 218629, 6.85434, 14.2713, -0.534125, 0.00243096, 0.00343006, 0.000189189, 
162, 138887, 2.45068, 2.64421, -2.3466, 0.00360078, -0.00384125, -0.000838724, 
163, 33277.3, 6.69452, -11.0453, 9.70944, -0.00321684, 0.00206368, 0.00227374, 
164, 167891, 0.371689, -1.30214, -2.84186, 0.00549365, 0.00350478, -0.00030986, 
165, 62570.5, -2.47966, -67.098, -16.3834, 0.000229363, -0.00666805, -0.00168321, 
166, 38130.4, 15.4719, 57.0505, 30.7091, 0.00202785, 0.00504906, 0.00256261, 
167, 22403.8, 10.8007, -25.7541, 46.2811, 0.00130253, -0.00253331, 0.00327607, 
168, 1479.59, 33.9076, 21.0241, -48.7401, 0.00359614, 0.00247221, -0.00454645, 
169, 20399.9, 1.882, -43.6065, 51.2178, 0.000119501, -0.00498321, 0.00446756, 
170, 115854, 1.47169, -1.35717, 1.5892, -0.00266215, -0.00013158, -0.00105981, 
171, 27762.9, -0.134667, -4.38119, 2.07766, -0.000255767, -0.000783408, 0.0032773, 
172, 250928, 0.330967, 1.00587, 2.62813, -0.00159019, -0.00198839, 0.0125915, 
173, 74469.2, -50.7446, 35.9015, -15.2769, -0.00468349, 0.00460252, -0.00158324, 
174, 143481, -66.1914, 46.4478, -31.6488, -0.00690497, 0.00501089, -0.00364333, 
175, 27145.1, -0.465167, 0.0742018, -0.451305, -0.00700445, 0.00189169, 0.0021374, 
176, 32620.6, -3.64792, 1.49588, 0.0303101, -0.00220805, 0.00599892, 0.00142645, 
177, 52575.7, 0.0652161, -42.0253, 73.3058, -4.52131e-05, -0.00466549, 0.00815417, 
178, 19746.4, 1.27801, 1.06692, 0.584104, -5.42062e-05, -0.010902, 0.00413102, 
179, 33623.1, -16.572, 6.60761, 2.04376, 0.00297065, 0.000158261, 0.00216759, 
180, 50349.8, -57.5389, -38.0189, -29.8697, -0.00562409, -0.00376247, -0.00284554, 
181, 89376.8, 10.2119, -7.38732, 2.87363, 0.00148421, -0.00479258, -0.00158937, 
182, 42160.2, 1.65724, -0.813726, 66.2545, 3.8715e-07, -5.19222e-05, 0.00667041, 
183, 100544, -24.1358, -18.0557, 3.14333, 0.00066212, -0.000818927, 0.00128887, 
184, 1446.88, -1.75864, 1.69173, 4.44509, 0.00270969, -0.00669468, 0.00491944, 
185, 119694, -4.81595, -4.46717, 5.17071, -2.54113e-05, 0.00427112, -0.00169634, 
186, 120999, 2.7686, 1.43812, 0.67124, -0.0106133, 0.00275058, -0.00264483, 
187, 52698.3, -7.9882, -0.401733, 5.78924, 0.00417447, 0.00110769, 0.00120198, 
188, 105467, -5.62899, 3.93528, 2.28869, -0.00121445, 0.00139962, -0.00491785, 
189, 99748.4, -8.13283, -40.6082, 21.7185, -0.000879734, -0.00296476, 0.00142165, 
190, 77133, 0.560504, -1.08415, 4.0609, -0.000664946, -0.000912066, 0.00538026, 
191, 178804, 1.03735, 4.4773, 2.68643, -0.004551, 0.00188843, -0.00693977, 
192, 8685.6, 1.11791, -0.353685, 3.04238, 0.00786205, -0.00165889, 0.00761774, 
193, 256954, 20.1799, 5.06155, 28.9814, 0.00230355, -0.00144272, 0.00162515, 
194, 53540.6, -3.83315, -0.168301, -4.35788, -2.66224e-05, -0.00129096, -0.003064, 
195, 220652, 6.50754, 1.02596, 2.03966, -0.00228019, 0.00219423, 0.00381634, 
196, 10258.1, -10.7194, 4.17624, 0.322613, 0.000183905, -0.00215705, 0.00117237, 
197, 6083.3, -22.5326, -10.0638, 20.0146, -0.00104383, 0.000535723, -0.000271953, 
198, 127562, 1.41134, 1.69718, 1.41584, -0.00873196, -0.0105091, 0.00160556, 
199, 34766.2, 4.12266, 0.0930162, 10.1735, -0.000636151, -0.00098865, 0.00320533, 
