ID, Mass [kg], pos_0 [m], pos_1 [m], pos_2 [m], vel_0 [m/s], vel_1 [m/s], vel_2 [m/s], 
0, 280921, 56.3198, 172.665, 51.8221, -0.000343095, -0.000401888, 5.66906e-05, 
1, 149137, 137.804, -186.124, 196.699, -0.000111186, 0.000167459, -0.000187727, 
2, 50446.3, -111.461, 24.1121, -22.4966, 0.0001723, 3.47335e-06, -0.000126, 
3, 41485.9, 59.0273, -65.7389, 151.878, -4.81724e-05, 0.000113579, -0.000279538, 
4, 9933.15, -38.5216, -27.356, -80.7203, 5.84365e-05, -3.93263e-05, 0.000143644, 
5, 66967.5, 120.267, -9.439, 7.73789, -0.000232133, 2.33839e-05, -1.20322e-05, 
6, 46662.8, -80.5369, 58.5796, -180.289, 6.24469e-05, 9.58981e-06, 0.000336545, 
7, 97754.2, 82.1178, -21.6891, -178.757, -2.87507e-05, -9.32814e-05, 0.000319534, 
8, 255643, 18.8577, 167.8, -124.897, 3.43509e-06, -0.000220775, 0.000187325, 
9, 417487, -84.3336, -146.681, -17.7549, 4.19462e-05, 0.000239762, 2.21331e-05, 
10, 142825, 168.787, 150.409, 22.4929, -0.000224756, -0.000114226, -1.68246e-05, 
11, 100784, 84.3373, -68.9913, -47.4028, -0.000201957, 9.68076e-05, 0.000145648, 
12, 103879, -37.4972, 169.546, 175.224, 4.65075e-05, -0.00021107, -0.00022093, 
13, 18497, 113.352, -51.3608, 115.339, 0.000894751, -0.000433131, 0.000914663, 
14, 142719, 80.2096, -39.5209, -118.124, -0.000177251, 8.29881e-05, 0.000142636, 
15, 24734, 40.746, 16.9109, 66.5819, -0.000175786, -0.000187241, -1.30253e-05, 
16, 60638.9, 25.9809, -28.7378, -54.0905, 3.091e-05, 3.77554e-05, 0.000143842, 
17, 156413, 35.8831, -57.4411, 141.718, 2.86673e-05, 5.61757e-05, -0.000300217, 
18, 40614.3, 81.4561, 40.5978, 71.7391, -0.000166405, -1.11891e-05, -0.000123544, 
19, 80054.7, 39.1133, -39.2141, -32.9971, 8.78727e-05, 0.000203195, 9.50917e-05, 
20, 20188.5, 79.5033, 157.188, -164.985, -2.53186e-05, -0.000104157, 0.000253183, 
21, 52898.6, 113.015, 15.5945, -133.245, -0.000157462, -3.94425e-06, 0.000234293, 
22, 70476.7, -187.185, -83.4337, -102.448, 0.000218415, -9.66752e-05, 0.000132696, 
23, 97799.1, -100.551, 86.7242, -70.6846, 0.000114813, -0.00016068, 4.62438e-05, 
24, 31591, 150.245, 134.356, -190.406, -0.000241069, -0.000246227, 0.000330362, 
25, 362159, -48.2938, -175.782, -169.161, 7.39348e-06, 0.000276162, 0.000134834, 
26, 54079.9, -135.734, 57.6053, 157.53, 0.000140423, -1.36544e-05, -0.000194073, 
27, 71083.6, 173.047, 197.574, 9.45981, -0.000198197, -0.000269952, -5.81853e-06, 
28, 49965.9, 57.0256, 26.5904, 65.6476, -6.76705e-05, -8.28207e-05, -0.000158672, 
29, 13380.9, -59.8185, -156.761, 79.8746, -8.24314e-05, 0.000201062, -0.0002415, 
30, 295051, 166.885, -41.2769, 22.0724, -0.000264203, -8.18293e-06, 5.16999e-05, 
31, 167525, -59.5197, -136.522, 135.556, 4.37666e-05, 0.00019089, -0.000146069, 
32, 9620.01, -80.7988, 115.778, -132.019, 9.22222e-05, -0.0001842, 9.46965e-05, 
33, 72411.2, 15.2526, -86.9771, -158.807, 3.15062e-06, 0.000137712, 0.000171058, 
34, 19982.7, -103.504, -36.879, 141.797, 0.000129254, 3.38233e-05, -0.000166903, 
35, 40945.2, -11.6899, 184.907, 180.45, 2.69349e-05, -0.000223944, -0.000227994, 
36, 88463.2, 116.801, -39.0982, 157.575, -0.000116982, -1.04314e-05, -0.000260387, 
37, 37051.3, -88.9373, -117.758, -13.43, -0.000268278, 8.75023e-05, -0.000101284, 
38, 18264.2, -157.943, 124.676, 0.685104, 0.000166091, -0.000166504, 1.15775e-05, 
39, 113580, 108.986, -182.193, -175.997, -0.000121756, 0.000188311, 0.000199451, 
40, 4383.14, 124.889, 80.036, 24.0296, -0.000190224, -5.84565e-05, -3.06411e-05, 
41, 99803.5, -3.9111, -130.162, 120.378, 8.18291e-05, 0.000209976, -7.6423e-05, 
42, 19049.6, 74.9333, -182.48, 76.2437, -5.70981e-06, 0.000246493, -3.24011e-05, 
43, 59175.5, 144.94, 180.883, 23.5975, -0.000115331, -0.000273355, 1.48109e-05, 
44, 106282, 137.659, 1.26544, -100.959, -0.00026471, 4.7143e-05, 0.000155925, 
45, 85925.5, 138.322, 88.9926, -81.3213, -0.000224962, -5.89875e-05, 0.000129557, 
46, 75101.4, -37.9962, -13.0789, -23.0293, 8.60387e-05, 7.72604e-05, 2.15156e-05, 
47, 112110, 133.751, 6.24589, -64.0404, -0.000275583, 6.53847e-05, 9.35115e-05, 
48, 15845.1, -156.383, 7.38174, 18.2407, 0.000248816, 2.11718e-05, -4.63505e-05, 
49, 578756, -95.0253, 186.805, -142.998, 8.14771e-05, -0.000244579, 0.000110121, 
50, 236989, -174.035, -177.464, -176.351, 0.000257097, 0.00015849, 0.000329571, 
51, 42192.7, -39.6124, -44.6779, 128.31, 8.73362e-05, 9.69612e-05, -0.000193895, 
52, 2833.87, 57.2995, -126.035, 185.052, -1.76491e-05, 0.000106815, -0.000330022, 
53, 20885.3, -102.741, -148.151, 163.191, 0.000129269, 0.000152461, -0.00024653, 
54, 59239.7, 91.9174, 22.3707, 16.7358, -0.000206807, -3.83119e-05, 2.73307e-05, 
55, 68616.1, -106.292, -147.58, -180.867, 9.49736e-05, 0.000145952, 0.000341094, 
56, 140806, 179.181, -91.1237, 97.9253, -0.000250446, 0.00025612, -2.64758e-05, 
57, 47680.3, -43.8388, -55.2549, -181.335, 0.000391811, 0.000244468, 0.000259345, 
58, 142649, 41.4854, 173.736, 46.8504, 0.000173051, -0.000376836, 0.000153886, 
59, 121601, 110.282, -116.771, -124.139, -0.000156214, 0.000135995, 0.000137059, 
60, 48784.1, -181.847, 188.771, 190.762, 0.000133118, -0.000254383, -0.000203148, 
61, 212902, 14.3272, -69.6808, -179.448, 4.32063e-05, 4.03309e-06, 0.000326828, 
62, 33750, -191.513, -124.363, -129.623, -0.000238469, 1.99264e-05, 0.000404347, 
63, 103881, 165.872, -187.641, 140.568, -0.00016327, 0.000252762, -0.000161988, 
64, 144035, 73.7836, 132.287, 36.4596, -0.000153393, -0.000149356, 5.34793e-06, 
65, 255917, -179.818, -80.8311, -153.2, 0.000302496, -1.10978e-05, 0.000176887, 
66, 45051.8, 168.297, -70.1205, 42.6237, -0.000310724, 0.000188624, -3.96295e-05, 
67, 211462, 80.0982, -69.3559, -15.9732, -0.000182864, 0.000107239, -2.77543e-05, 
68, 84771.9, 185.208, -181.498, 129.659, -0.000252439, 0.000195838, -8.48289e-05, 
69, 71798.4, -96.2976, -48.6309, 154.141, 0.000114124, 2.95182e-05, -0.000249491, 
70, 1322.42, -142.6, 158.49, 99.3282, 0.00010287, -0.000284214, -0.000162007, 
71, 75224.8, -44.5551, 150.486, 90.7995, 0.000207673, -0.000152304, -0.000227659, 
72, 52782.9, -40.5769, -191.596, -84.6332, 2.4111e-05, 0.000312524, 2.20499e-05, 
73, 79840.9, -173.793, 152.013, -169.807, 0.00015886, -0.000176238, 0.000138775, 
74, 104228, 96.2641, 87.9472, 95.2834, -0.000152209, -7.74124e-05, -5.97555e-05, 
75, 2482.41, 91.3936, -17.7785, 65.8765, -0.000217681, 4.3097e-05, -5.06937e-05, 
76, 154427, -67.3707, 138.055, 188.991, 3.77796e-05, -0.00017884, -0.000269163, 
77, 8290.76, -121.769, -33.1806, 35.4071, 0.000160583, 7.38707e-05, -6.26055e-05, 
78, 331032, -72.9802, -114.132, 179.58, -0.00011333, 9.16436e-05, -0.000532769, 
79, 124.402, 189.6, -177.333, -8.6929, -0.00027695, 0.000193936, 1.18606e-06, 
80, 282082, 115.408, 92.5724, -153.165, -0.000228322, 0.000831659, 0.000391157, 
81, 84879.9, -65.5713, -198.673, -174.754, 9.43808e-05, 0.000350223, 0.000197749, 
82, 17833.5, -142.66, -34.7071, 54.671, 0.00015782, 6.13558e-05, -9.19537e-05, 
83, 107049, 101.464, 43.2157, -38.6835, -0.000164234, 6.4949e-05, -1.07286e-05, 
84, 82132.9, -142.467, 161.766, -55.2716, 0.00031306, -0.000352013, -5.96444e-05, 
85, 30550, 164.257, -29.2665, 114.109, -0.000260629, -1.36964e-05, -0.000115371, 
86, 86214.3, -113.487, 28.1762, -36.202, 0.000200539, -1.90182e-05, -7.26167e-05, 
87, 208788, -173.326, 86.2496, 194.378, 0.000143261, -3.4627e-06, -0.000239445, 
88, 27619.9, -110.956, 185.295, 167.615, 6.79766e-05, -0.000719042, -0.00024856, 
89, 15196.8, -65.7597, 169.327, 70.5287, 9.73118e-05, -0.000259868, -2.79473e-05, 
90, 17206.4, 58.416, 65.7175, -17.6488, -6.30492e-05, -9.02394e-05, -1.74473e-05, 
91, 238697, -155.39, -90.8828, -180.256, 0.000187411, -2.30992e-05, 0.000307078, 
92, 21618, 144.193, 83.3727, 11.8221, -0.0002339, -6.445e-05, -5.67767e-05, 
93, 93343.4, 131.652, -64.0418, 132.011, -0.000303517, 0.000193378, -0.000239585, 
94, 71437.8, -134.363, -178.566, -20.5028, 6.11443e-05, 0.000377717, 2.13567e-05, 
95, 66240.3, 153.072, -69.3692, -109.026, -0.00026434, 0.000118023, 0.000170538, 
96, 77123.1, -76.8483, 131.397, 44.249, 0.000174031, -0.000163843, -6.17482e-05, 
97, 7278.21, -193.326, -69.7592, 187.929, 0.00019493, 8.85415e-05, -0.000174165, 
98, 42026.4, 52.3114, -153.943, -179.3, -8.77445e-05, 0.000183053, 0.000273937, 
99, 52939.5, 120.383, 142.517, 7.42325, -0.000174972, -0.000242412, -2.09532e-05, 
100, 38590.4, 45.2377, 125.245, 188.027, 5.04674e-05, -0.000179951, -0.000319592, 
101, 63474.3, -187.083, 163.983, -193.401, 0.000168429, -0.000208727, 0.000178237, 
102, 124280, 3.82213, -161.868, -127.322, -9.0093e-06, 0.000252052, 0.000130981, 
103, 80739.6, -174.411, -103.053, -198.148, 0.000250299, 7.57238e-05, 0.000310492, 
104, 8869.04, 97.6165, 174.576, -78.4545, -3.91685e-05, -0.000312524, 7.5987e-05, 
105, 125612, 188.982, 161.433, 15.7649, -0.000323833, -0.00016984, 5.42199e-06, 
106, 19753.6, -1.68893, -196.034, 139.422, 4.279e-05, 0.000261141, -0.000132986, 
107, 95859.1, 112.088, -123.551, 82.6488, -0.000144903, 0.000137, 8.31689e-06, 
108, 21407, 117.816, -106.773, 184.992, -0.000114191, 0.000146155, -0.000277248, 
109, 355183, -77.0219, 187.825, -195.863, 2.7989e-06, -0.000193961, 0.000235852, 
110, 12025, -12.0023, -119.876, 65.4398, 5.69705e-05, 0.000193701, -6.79737e-05, 
111, 175878, 180.067, 190.182, 157.65, -0.000202801, -0.000250216, -8.52141e-05, 
112, 23630.5, 68.056, 170.895, -61.5274, -6.31891e-05, -0.000309161, 0.000156027, 
113, 6031.1, 182.761, 164.547, -16.727, -0.000280502, -0.000160033, -1.45292e-06, 
114, 207555, 192.527, 78.2686, 181.966, -0.000294679, 1.01028e-05, -0.000221865, 
115, 304955, 48.7482, -169.799, 157.834, 3.4183e-05, 0.000233662, -0.000248031, 
116, 32538.4, 100.537, 178.777, 104.93, -9.01636e-05, -0.000258123, -8.41036e-05, 
117, 75178.7, 163.697, 145.755, 178.032, -0.000178274, -0.000264529, -0.000216492, 
118, 115149, 58.5229, -158.11, 5.4699, -4.83906e-05, 0.000264081, -1.71498e-05, 
119, 39187.2, -176.028, -47.0948, -133.113, 0.000252211, -1.49457e-05, 0.000164576, 
120, 260132, 182.041, 151.974, -114.066, -0.000227071, -0.000244518, 6.95362e-05, 
121, 164.449, 146.712, -85.7385, 84.1193, -2.94925e-05, 0.000137574, 1.26186e-05, 
122, 72328.1, 52.6847, -124.456, -22.4176, -0.000157476, 0.000179359, 1.09344e-05, 
123, 191160, 32.1867, -184.305, -198.568, -5.01769e-05, 0.000194088, 0.000238603, 
124, 335649, 41.0084, -113.939, 96.621, 2.71313e-05, 5.62075e-05, -3.06908e-05, 
125, 42189.1, -198.792, -102.958, -136.469, 0.000342519, 4.86142e-05, 0.000139662, 
126, 135736, 109.728, -39.4453, 14.9622, -0.000197784, 6.8544e-05, -1.84255e-05, 
127, 3895.45, 191.745, 162.279, 171.593, -0.000472483, -0.000261681, -1.03119e-05, 
128, 3162.09, -127.686, -10.4578, -136.273, 0.000211796, 1.10499e-05, 0.00011776, 
129, 14972.2, -70.3866, 65.4708, -112.233, 1.66124e-05, -2.3069e-05, 0.000107455, 
130, 2204.3, 93.3694, -52.1328, -175.721, -0.000172729, 0.000193346, 0.000289082, 
131, 53467.8, -31.1058, -185.94, -121.95, 1.68456e-05, 0.000308774, 8.47687e-05, 
132, 9019.17, -191.117, 82.9413, 54.9943, 0.000377012, 1.47663e-05, -5.10739e-05, 
133, 75971.7, -55.5811, 57.8173, 86.6225, 8.07586e-05, -3.74432e-05, -0.000167936, 
134, 53116.9, 182.198, -55.1762, 4.35454, -0.000382809, 2.64917e-05, 9.73633e-05, 
135, 59974, 192.293, -44.4047, -172.462, -0.000232771, 1.29351e-05, 0.000181078, 
136, 59642.4, -183.702, -41.6138, -58.9975, 0.000341331, 2.27905e-05, 3.68047e-05, 
137, 26631.6, -44.6247, 108.336, -127.13, -4.56063e-05, -0.000203408, 8.40341e-05, 
138, 52317.3, -30.8262, 171.293, 17.7387, 4.00412e-05, -0.000272121, 1.20244e-05, 
139, 15542.6, -119.121, 49.5994, 193.313, 0.000114012, -2.68159e-05, -0.000273537, 
140, 36217, 30.5123, -43.8389, -154.503, 0.000463404, 0.000574182, 0.00109198, 
141, 14570.2, 144.422, 87.8095, 173.417, 7.97526e-05, 0.00023778, -0.000196009, 
142, 134592, 86.8529, 101.942, 140.255, -7.83312e-05, -4.91491e-05, -8.47005e-05, 
143, 1851.55, 23.4531, 6.03289, 129.367, 4.0481e-06, 6.63254e-06, -0.000261235, 
144, 43063.4, -146.41, 10.2275, 60.22, 0.000197912, 8.11904e-06, -7.96493e-05, 
145, 18286.9, 149.96, 37.8622, -15.6601, -0.000269256, 3.02554e-06, -2.59338e-05, 
146, 26541.1, -116.359, 173.402, -118.348, 0.000200827, -0.0002084, 5.79482e-05, 
147, 8663.67, -66.1376, -145.694, -74.0668, 5.17605e-05, 0.000225761, -4.93867e-05, 
148, 163581, 147.886, 122.607, -181.125, -0.000215448, -5.47235e-05, 0.000182738, 
149, 107209, 32.3098, -91.8005, -15.0495, -0.000111061, 0.00026409, -2.55701e-06, 
150, 50934.3, -53.5595, -82.8878, 140.092, 4.01372e-05, 0.000103256, -0.000194384, 
151, 164542, -40.2266, 24.0605, -55.7016, 8.15021e-05, 5.95265e-06, 0.000111316, 
152, 122136, -164.577, -29.38, 42.7549, 0.000228876, 7.44056e-05, -0.000118783, 
153, 160436, 90.7703, 6.41648, 101.932, -0.00016309, -1.31014e-05, -0.000155863, 
154, 69121.8, -68.0276, 104.173, 113.611, 0.000115417, -9.92471e-05, -0.00014062, 
155, 76747.4, 144.771, 104.991, 150.394, -0.000148817, 1.9124e-05, 3.28856e-05, 
156, 31683.4, 194.88, -193.122, 63.1914, -0.000229443, 0.000216153, -4.94836e-05, 
157, 27956.6, -148.759, -113.944, -48.4118, 0.000150418, 0.000234968, 8.74492e-05, 
158, 95642.5, -42.5999, 102.769, 116.404, 5.55818e-05, -9.68627e-05, -0.000138945, 
159, 32134.9, -117.757, -4.95668, 126.431, 0.000610275, 0.00263831, 0.00120828, 
160, 98272.6, -2.32622, -95.5139, 168.401, 3.38062e-05, 0.000106742, -0.000280734, 
161, 21117.1, -27.4287, 27.28, -182.704, -1.31353e-05, -2.1676e-05, 0.000342848, 
162, 5265.15, 51.166, -26.8872, -32.9514, 0.000331482, -1.78949e-05, 0.000204655, 
163, 24911.8, -109.364, -175.15, -123.852, 9.73414e-05, 0.000614872, 2.47949e-05, 
164, 2675.35, -170.198, -187.69, -179.913, 6.85697e-05, 0.000571298, 0.00034181, 
165, 188114, 77.3207, 117.724, 168.458, 5.34789e-05, -0.000294327, -0.000282078, 
166, 218499, -166.391, -80.8422, 114.424, 0.000213979, 9.32275e-05, -0.000130332, 
167, 3366.32, -82.5729, -51.775, 25.5454, 0.000111595, 7.99533e-05, -1.64197e-05, 
168, 171467, -20.9084, 137.167, 76.1676, 3.48653e-05, -0.000130011, -7.68277e-05, 
169, 29402.8, -174, -6.5146, -183.825, 0.000141812, -4.45687e-05, 0.000179703, 
170, 9574.81, 118.552, -11.704, -20.8253, -0.000230333, 4.92026e-05, 4.28925e-05, 
171, 404502, 157.869, -57.4708, 190.17, -0.000201615, 8.40626e-05, -0.00026382, 
172, 230768, -110.801, 176.219, 165.956, 6.40009e-05, -0.000144541, -0.000152387, 
173, 76261.3, 146.902, -176.801, 31.2757, -0.000159378, 0.000268673, -1.75283e-05, 
174, 150683, -115.795, 194.484, -191.052, 0.000137166, -0.000221034, 0.00022391, 
175, 27057.9, 126.82, -62.2116, 169.762, -0.000153481, 7.63234e-05, -0.000267331, 
176, 27548.3, 129.501, 16.2854, 24.3232, -0.000244812, -6.50704e-06, -3.77399e-05, 
177, 54278.4, 77.9004, 102.492, -97.2134, -0.000117024, -0.00018521, 0.000172018, 
178, 45486, -62.0027, 105.205, 77.2764, 9.28999e-05, -0.000117818, -9.18913e-05, 
179, 171.788, 7.27534, 190.551, -140.597, 2.55469e-05, -0.000288303, 0.00019777, 
180, 65953.7, 126.965, -84.6559, 18.0335, -0.000262802, -3.46646e-05, 0.00018876, 
181, 21018.2, -175.044, 135.177, -77.8765, 0.000218579, -0.000178828, 7.19538e-05, 
182, 13595.7, 81.3899, -93.0481, -197.154, -0.000134687, 0.000111856, 0.000316881, 
183, 993.895, 73.2622, -169.94, -154.939, -9.06253e-05, 0.000216109, 0.000229238, 
184, 8606.48, 82.3464, 15.7759, -58.7168, -0.000103096, 1.30694e-05, 0.000113504, 
185, 150226, -196.853, 41.8895, -173.403, 0.000365908, -1.21334e-05, 0.000391247, 
186, 429178, -188.288, 34.4192, 127.923, -0.000771542, 8.49723e-05, -0.000163887, 
187, 117798, -48.2424, -108.725, -76.9714, 6.22219e-05, 0.00013632, 3.89678e-05, 
188, 203405, 67.7925, -57.149, -170.065, -3.9338e-05, 0.00019987, 0.00036271, 
189, 139725, -117.47, -151.966, 73.3134, 0.000144105, 0.000155859, -0.000111292, 
190, 115574, -170.274, 172.281, 32.4797, 0.000226482, -0.000242386, -2.7956e-05, 
191, 187198, 125.421, -117.495, -8.51697, -0.000166818, 9.64591e-05, -1.86481e-05, 
192, 13633.8, -47.2096, 132.692, 59.9927, 0.000100021, -0.000157929, -2.70981e-05, 
193, 162929, -119.008, -99.1116, 43.0314, 0.000162485, 9.9241e-05, -3.45521e-05, 
194, 5831.63, 111.572, 11.6899, -143.103, -0.000159572, 1.61423e-05, 0.000325753, 
195, 266424, 34.691, -84.0408, -178.762, -0.000107042, 0.000135919, 0.000312951, 
196, 302030, -104.838, 115.356, -31.7975, 0.000162549, -0.000129089, -5.33266e-05, 
197, 99224.4, -157.577, 124.223, -124.507, 0.000185441, -0.000153269, 0.000119538, 
198, 144330, -111.759, 28.0297, -49.5396, 0.000132526, 4.32798e-05, 0.000163935, 
199, 173484, -171.598, -129.318, 192.592, 0.00015323, 9.72895e-05, -0.000187308, 
200, 52902.4, -91.7566, 192.236, -165.85, 3.46482e-05, -0.000289907, 0.00030026, 
201, 131523, 73.4621, -10.8171, -3.46046, -0.000197074, -2.9026e-05, -0.000106844, 
202, 33478.7, 109.445, 138.574, 140.577, -0.000129027, -0.000232998, -9.51387e-05, 
203, 38116.5, -34.8033, -151.533, 41.366, -2.23615e-05, 0.000232036, -6.51002e-05, 
204, 49684.2, 42.8103, -54.5658, -31.6985, -1.7715e-05, 0.000174683, 4.83596e-05, 
205, 23451.3, 108.121, 58.8881, -31.2375, -0.000224941, -6.84911e-05, -7.1764e-05, 
206, 272815, -163.722, 184.8, 145.623, 0.000142783, -0.000228827, -0.000122071, 
207, 108283, -50.2389, 70.7181, -54.0841, 3.47224e-05, -7.58247e-05, 7.02311e-05, 
208, 47217.4, -57.3104, 41.9896, -181.103, 4.69394e-05, -8.90624e-06, 0.000373408, 
209, 57941.2, 26.8229, 174.038, 88.8987, 7.38285e-07, -0.000305091, -0.000293197, 
210, 45766, -197.757, 42.1653, -74.0977, 0.000314668, -2.86126e-05, 7.38118e-05, 
211, 171964, -145.788, 67.0331, 43.2296, 0.00021271, -2.29743e-05, -6.76808e-05, 
212, 55787.4, -82.2133, 41.0906, 120.089, 9.96707e-05, -6.59257e-06, -0.000177336, 
213, 8131.2, -127.555, -119.01, -117.958, 0.000110987, 5.89608e-05, 1.41489e-05, 
214, 118657, 151.411, -151.604, 47.4048, -0.000135385, 0.00019965, 2.11497e-05, 
215, 44021.9, 181.02, -174.523, 148.243, -0.000226787, 0.000129199, -0.000210682, 
216, 19352.3, -123.977, -105.527, -168.3, 5.13203e-05, 8.19683e-05, 0.000137787, 
217, 5382.32, -156.547, 153.307, 69.2126, 0.000262623, -0.000224411, 0.000158371, 
218, 27041.9, 41.4309, -182.579, -145.325, -0.000118863, 0.000281262, 0.000151597, 
219, 270870, -153.103, -174.937, -161.982, 0.0001151, 0.000237592, 0.00012901, 
220, 170672, -69.166, -158.849, 69.109, 4.34476e-05, 0.000231853, -8.76838e-05, 
221, 2772.51, 41.6477, 197.231, 66.0439, -6.81471e-05, -0.00051633, -5.95009e-05, 
222, 80847.1, 64.7388, -53.3989, 82.5861, -0.000102876, 7.57601e-05, 2.89548e-06, 
223, 150861, -19.2301, 36.0243, -29.5074, 7.36571e-05, 1.29769e-06, 9.72693e-05, 
224, 92156.8, -131.372, -192.746, -65.0521, 0.000123285, 0.000291309, 4.58517e-05, 
225, 314743, 71.1866, 20.1266, 38.9541, -0.000159054, 1.17073e-05, 0.000106324, 
226, 63068.6, 79.6781, -54.7773, -154.362, -0.000200276, 8.53826e-05, 9.81256e-05, 
227, 58921.6, 101.535, -131.438, 107.148, -0.000246632, 9.27775e-05, -0.000165752, 
228, 4673.13, -183.55, -147.797, -91.8526, 0.00025868, 0.000208663, 3.87598e-05, 
229, 36281.7, -82.7985, 148.78, -41.6502, 8.17388e-05, -0.000242984, 8.61325e-05, 
230, 138196, 16.8329, 129.37, 138.874, 1.22079e-05, -0.000160122, -0.000185122, 
231, 119501, -65.7843, -27.8184, 100.673, 0.000110959, 5.3667e-05, -0.000141096, 
232, 69872.3, 125.863, 11.8334, -5.41696, -0.00023371, -1.2045e-06, 2.16256e-06, 
233, 89685.4, 76.1388, -115.532, 88.511, -0.000104778, 0.000126223, -2.42359e-05, 
234, 64918, 164.375, -148.964, 53.7881, -0.000319082, 0.000149588, -2.05047e-05, 
235, 69504.8, 129.966, 47.5275, 157.967, -0.000159324, -1.19309e-05, -0.000149577, 
236, 175029, 103.575, -91.4726, -147.804, -0.000170896, 0.00011004, 0.000207013, 
237, 26898, -104.781, -167.377, 90.5861, 7.90262e-05, 0.000245781, -0.000166447, 
238, 225724, -156.633, 175.574, -9.10868, 0.000160427, -0.000236871, -1.64398e-05, 
239, 44642.4, 54.9142, -160.414, 39.33, -0.000125336, 0.000248402, -5.84822e-05, 
240, 193826, 138.255, 0.102167, 194.913, -3.81252e-05, -3.80826e-05, -0.000267566, 
241, 213589, 122.953, 193.985, 177.65, 4.40547e-05, -0.000217626, -0.000191191, 
242, 127263, -116.424, -5.54298, -161.733, 0.000192351, -4.48911e-05, 0.000309515, 
243, 90266.2, 140.285, 197.119, -167.66, -0.000118401, -0.000225918, 0.000194807, 
244, 315041, -15.2537, -94.7479, -90.0991, 4.65242e-05, 0.000132765, 6.78706e-05, 
245, 52538.4, -34.9285, 48.7006, 118.641, 7.74794e-05, 6.12058e-06, -0.000201347, 
246, 141819, 42.2181, -59.0329, 56.6172, -8.75902e-05, 6.19871e-05, -9.76164e-05, 
247, 53031.2, 3.87394, -122.44, -30.9299, 0.000239191, 0.000304177, 0.000282817, 
248, 35007.8, 46.6633, 9.70279, -15.6416, -3.39822e-05, -8.9136e-05, -3.64794e-07, 
249, 52844.5, 185.778, 41.9156, 163.674, -0.000298927, -6.50512e-05, -0.000140233, 
250, 214260, 144.012, 188.239, -50.9608, -0.000102727, -0.000290954, 3.01829e-05, 
251, 113390, 181.84, -173.296, -119.265, -0.000256608, 0.000190706, 0.000210871, 
252, 37387.7, -25.5796, 45.5451, -137.612, 2.21497e-05, -0.000106471, 0.000217797, 
253, 201829, -84.8422, 131.445, -156.351, 9.31609e-05, -0.000203723, 0.000174636, 
254, 139433, 136.662, -150.245, -163.219, -0.000126767, 0.000223263, 0.000239938, 
255, 46242.4, -10.5484, -36.4248, -17.8015, 8.00338e-05, 7.87215e-05, -2.96558e-06, 
256, 133342, 186.822, 110.604, -91.9453, -0.00028624, -2.63232e-05, 5.23364e-05, 
257, 129388, 63.6006, -5.96057, 82.3938, -0.000152408, -6.71317e-05, -0.000125112, 
258, 41797.5, -164.546, -62.9078, 32.3999, 0.000237478, 3.76073e-05, 5.04726e-05, 
259, 54857.3, 37.9086, 81.8146, -73.7069, 0.000104669, -0.00017528, 0.000125371, 
260, 5084.41, -182.507, 168.86, 56.6372, 0.000265358, -0.000225138, -3.54727e-05, 
261, 34826.8, 176.639, -5.61226, -50.3907, -0.000300581, 7.57147e-05, 5.28397e-05, 
262, 68038.2, 104.442, -153.095, 176.855, -0.000107846, 0.000168159, -0.000238283, 
263, 36773.2, -163.207, 78.5154, -86.5835, 0.000256905, -5.07549e-05, 8.00741e-05, 
264, 13184.5, 191.376, 144.35, -69.2621, -0.000301061, -0.000121408, 3.27989e-05, 
265, 24925.3, -24.6046, -45.3521, 142.31, 4.51339e-05, 9.62718e-05, -0.000278389, 
266, 7671.15, 130.485, -58.9393, -188.863, -0.000194622, 9.45495e-05, 0.000266313, 
267, 61253.8, -74.2578, -66.037, 150.826, 2.97457e-05, 6.98389e-05, -0.000240171, 
268, 87022.4, 184.634, 49.459, -121.694, -0.000277176, -4.02678e-05, 0.000159333, 
269, 53710.3, 137.536, 78.4064, -176.421, -0.000189876, -2.19803e-05, 0.000279348, 
270, 10208.5, -132.751, 160.565, -95.3188, 0.000177037, -0.000212849, 9.34356e-05, 
271, 6683.29, 52.6171, -151.778, -148.463, -0.000107662, 0.000256792, 0.000200713, 
272, 82443.5, -117.345, -99.0178, 39.5377, 0.000158489, 9.72632e-05, -3.23769e-05, 
273, 27007.5, 7.1482, 71.985, -31.9493, -1.80717e-05, -0.000146227, 9.21352e-05, 
274, 38723.4, 82.503, 51.3999, -9.20838, -0.000104814, -5.01733e-05, -2.19532e-05, 
275, 67654.6, -175.386, 120.317, -142.198, 0.000224316, -0.000112078, 0.000168909, 
276, 111157, 164.749, 59.5648, 159.121, -0.000227953, 3.49913e-05, -0.000145695, 
277, 343894, 8.18938, -86.7206, -20.7551, 9.75141e-05, 0.000108878, 2.41538e-06, 
278, 26553.4, 125.919, -86.5569, 20.5465, 3.14623e-05, 0.000497447, -0.000510425, 
279, 10699.9, -105.743, 108.156, 97.5693, 7.32781e-05, -0.000146118, -9.85725e-05, 
280, 69822.8, -98.5885, 114.144, 159.578, 9.77586e-05, -0.000125316, -0.00016597, 
281, 19659.4, 79.0703, -29.5833, -1.64141, -0.000204601, 0.00012448, -8.47783e-05, 
282, 369297, 76.1474, 86.9729, 190.947, 1.33114e-05, -4.22802e-06, -0.000339474, 
283, 277629, -171.881, -31.0059, -96.6121, 0.000206551, 1.30186e-05, 8.27963e-05, 
284, 494302, -117.302, -158.348, -127.341, 0.000215099, 0.000225012, 7.16518e-05, 
285, 72800.7, -138.573, -194.696, 149.324, 0.00010709, 0.000219873, -0.000153547, 
286, 197564, -112.959, 62.366, -154.78, 0.000253236, -4.02195e-05, 0.000327239, 
287, 222227, 84.5957, 114.086, -15.925, -0.000134501, -0.000138569, -8.60674e-05, 
288, 39907.7, -190.704, 22.0018, -127.509, 0.000266087, -0.000113251, -1.98023e-05, 
289, 419562, -113.227, 102.631, -196.608, 0.000161885, -8.69015e-05, 0.000289836, 
290, 49170.9, -60.8265, -8.19353, -13.1423, 0.000107967, 7.0881e-05, 8.30988e-07, 
291, 132942, 101.542, 137.291, -65.9583, -8.79905e-05, -0.000218537, 0.000120608, 
292, 167985, 110.84, 105.423, 188.025, -8.56047e-05, -6.86592e-05, -0.000344925, 
293, 67155.7, 146.465, 156.268, -37.4003, -0.000195158, -0.000210176, 3.12378e-05, 
294, 116726, -42.9359, 180.925, -33.9196, 2.65944e-05, -0.000296654, 4.75412e-05, 
295, 149447, -109.461, 67.3907, -64.9673, 6.95127e-05, -0.000127119, -5.16771e-05, 
296, 16834.6, 134.713, 140.661, 136.814, -0.000133237, -0.000234354, -1.83865e-05, 
297, 179961, -36.1725, -85.9711, -145.968, 2.85413e-05, 2.75928e-05, 0.000204842, 
298, 13780.1, 71.4393, -107.052, 69.3205, -9.57637e-05, 0.000154391, 2.83685e-05, 
299, 187672, 81.1039, -147.995, 103.563, 5.47325e-05, 0.000517814, -9.08559e-05, 
300, 10887.5, -197.297, -62.6351, -85.1136, 0.000333055, 3.44422e-05, 2.14314e-05, 
301, 263463, -58.57, 10.4682, 58.2769, 0.000105964, 3.09622e-05, -8.49876e-05, 
302, 12877.3, -59.2902, 182.917, 117.203, 5.8891e-05, -0.000223757, -0.000251342, 
303, 59146.2, -181.025, -16.0616, -191.002, 0.000130197, 4.02231e-05, 0.000149107, 
304, 279112, -45.5831, 88.2853, -146.097, -8.74999e-05, -5.70236e-05, 0.000178377, 
305, 74380.8, -7.60558, 112.637, 71.8242, -1.28321e-05, -0.000104883, -9.9939e-05, 
306, 132468, -151.915, -196.165, 110.225, 0.0001286, 0.000269832, -0.000108831, 
307, 132117, 186.183, 15.0842, -93.6526, -0.000307919, 3.80575e-05, 0.000118524, 
308, 44929.8, -190.112, -12.8468, 62.7026, 0.000368231, 9.18368e-05, -5.62666e-05, 
309, 270948, 124.988, 42.3937, -106.301, -0.000193565, -3.52331e-05, 0.000160628, 
310, 71405.4, -190.643, -17.3592, 29.0582, 0.000334238, 2.49176e-05, -1.80309e-05, 
311, 41519.4, 2.24853, 95.4486, -104.621, 2.602e-05, -0.000135927, 0.000164666, 
312, 203220, -39.6597, -123.75, -184.944, 2.93699e-06, 6.90902e-05, 0.000370327, 
313, 53012.5, 42.5479, -134.276, -116.588, -0.000111949, 0.000190004, 9.91914e-05, 
314, 424.869, 24.4135, 168.706, -126.826, -0.000945968, -0.000379405, 0.000507351, 
315, 40877, -173.728, -179.679, -169.496, 0.000275071, 0.000453477, -0.000497585, 
316, 80699.9, -111.035, 96.1597, 13.7845, 0.000151907, -0.000133204, -4.6897e-05, 
317, 99129.3, -132.003, -148.104, 1.8562, 0.000105906, 0.000140007, -7.63191e-05, 
318, 47055, 38.2092, -19.1843, 96.5532, -1.18933e-06, -1.81917e-05, -0.000229965, 
319, 135206, 80.8364, 106.93, 193.073, -2.4295e-05, -0.00026818, -0.000412272, 
320, 188584, -197.316, -125.948, -126.255, 0.000395778, 0.00018691, 2.57068e-05, 
321, 348359, 88.7471, 132.002, 75.6263, -0.000167652, -0.000185178, -7.97788e-05, 
322, 120461, -140.146, -138.169, 155.117, 0.00010202, 9.82692e-05, -0.000109209, 
323, 85535.7, -194.959, -88.4653, -99.195, 0.000480926, 0.00011892, -2.66647e-06, 
324, 128865, -77.0994, -114.775, 173.451, 0.000560401, 0.000199405, 0.00045937, 
325, 87028.9, 138.985, 114.047, 187.601, 0.00011742, 1.57044e-05, -0.000518505, 
326, 112887, 188.951, -156.94, 93.4592, -0.000279977, 0.000185276, -6.20389e-05, 
327, 34724, 190.451, -113.601, 67.9686, -0.000285864, 0.000158833, 4.4834e-05, 
328, 7478.08, -104.432, -159.899, -0.457215, 0.000116603, 0.000337246, 1.9319e-05, 
329, 11001.2, -82.9196, 170.111, 170.917, 1.04645e-05, -0.000203646, -0.000196035, 
330, 53537.7, 45.8351, 190.735, 90.8797, -8.76227e-05, -0.000368845, -0.000194416, 
331, 77543, -125.993, 56.5905, 9.30767, 8.89283e-05, -5.1013e-05, -0.000138454, 
332, 108007, -176.149, -146.693, -7.1126, 0.000455049, 8.36387e-05, -9.26172e-05, 
333, 8301.85, 79.9271, -103.266, 88.7052, -0.000156336, 1.20317e-05, -6.1883e-05, 
334, 25697.4, -161.513, 159.187, 24.8504, 0.000161222, -0.00015185, 6.88509e-06, 
335, 183814, 138.232, -149.777, 102.246, 0.000585569, 0.000731914, 0.000400583, 
336, 58716.6, -119.611, -146.716, 110.018, 0.000125478, 0.000160424, -0.000158777, 
337, 199351, 16.623, 140.193, 46.0298, 8.20356e-05, -0.000132679, -1.15429e-05, 
338, 113453, 163.769, -161.53, -101.028, -4.16314e-05, -0.000131041, 0.000302577, 
339, 76288.6, 183.921, 160.359, 70.8478, -0.000346183, -0.000109718, -4.15292e-05, 
340, 113867, 147.333, 121.393, 38.5942, -0.000231644, -0.000107895, -4.38415e-05, 
341, 102255, 15.035, 45.9206, -151.716, -5.93236e-05, -0.000139168, 0.000293848, 
342, 628320, -154.65, -154.883, -15.5435, 0.000197253, 0.000196034, 2.18186e-05, 
343, 176675, 124.223, 23.7644, -56.1037, -0.000197355, -2.0709e-05, 5.43501e-05, 
344, 284783, -151.058, 82.6244, 108.269, 0.00021183, -3.53472e-05, -0.000123519, 
345, 60922.6, 39.7711, -29.9672, -30.8336, 0.000118223, -0.000104703, 6.49811e-06, 
346, 8108.01, 3.65113, 59.4708, 55.1766, 3.97198e-05, -4.44757e-05, -0.000100846, 
347, 93275.2, 62.2755, -122.804, -63.3013, -8.74286e-05, 0.000181902, 0.000101973, 
348, 29799.9, 123.958, -20.9747, -67.1014, -0.000664623, -2.0415e-05, -0.000579761, 
349, 5827.31, -154.777, 181.889, -42.7779, 0.000146294, -0.000280426, 8.1205e-05, 
350, 34948.1, 124.878, -90.3378, 50.9475, -0.00016389, 0.000133613, -3.04957e-05, 
351, 291282, -59.4193, -136.733, -166.581, 8.04063e-05, 0.000116608, 0.00021577, 
352, 133.717, -57.3462, 38.958, -138.845, 0.000115505, -2.19374e-05, 5.25917e-05, 
353, 125850, -163.862, -25.576, 93.2504, 0.000222561, 5.78063e-05, -0.000102263, 
354, 126712, -26.5497, 72.9111, -8.98849, 2.99501e-05, -0.000132564, 3.69111e-05, 
355, 208238, 40.6724, -129.456, 104.246, 5.44232e-05, 0.000399224, -0.000196403, 
356, 78434.8, -99.6103, -114.274, -89.9554, 0.000143784, 8.43682e-05, 4.69573e-05, 
357, 110190, -153.829, -173.524, -45.3636, 0.000196215, 0.000291523, 0.000115292, 
358, 81910.5, 16.4627, 15.0544, -164.723, -6.00091e-05, -4.32662e-05, 0.00049712, 
359, 317125, -108.532, 154.833, 84.0617, 0.00014363, -0.000179815, -6.6667e-05, 
360, 113031, 74.06, 113.901, -25.6843, 0.00012126, -0.000135135, 0.000163747, 
361, 19420.3, 192.474, 65.054, -22.3409, -0.00048761, 3.97371e-05, 5.36268e-05, 
362, 301195, 177.491, 191.27, -40.8995, -0.000231965, -0.000232793, -1.08781e-05, 
363, 51710.6, -51.1984, 186.479, 73.2024, 6.69252e-05, -0.00033047, -3.2603e-05, 
364, 303711, 32.8143, 197.591, 168.298, 4.08166e-05, -0.000296247, -0.000287216, 
365, 220519, -165.908, -57.8265, -45.1406, 0.000303958, 0.000147643, 1.27926e-05, 
366, 163145, -140.368, 11.1271, 195.111, 9.01804e-05, -0.000153853, -0.000275579, 
367, 47791.6, -15.9934, 103.207, 66.3148, 8.74741e-05, -2.21987e-05, -3.22701e-05, 
368, 32052.1, -172.154, -27.883, 149.577, 0.000244417, 7.75037e-05, -0.00010737, 
369, 41859.6, 87.7941, -192.775, -173.337, -6.35624e-05, 0.000231332, 0.000187775, 
370, 233595, 187.016, -44.4584, 87.3572, -0.000303658, 4.1973e-07, -7.05505e-05, 
371, 549232, -158.177, 75.9411, -31.2928, 0.000239395, -0.000146634, 1.85663e-05, 
372, 65728, 95.7901, 148.888, 142.193, -4.70356e-05, -0.000284835, -0.00013711, 
373, 51437.8, -189.598, -98.9337, 59.8756, 0.000275681, 5.71551e-05, -7.24216e-05, 
374, 222051, 75.4922, 63.276, 63.7465, -9.6653e-05, -8.64242e-05, -5.65362e-05, 
375, 32453.8, 8.71414, 109.843, 32.2927, 3.9783e-05, -9.46384e-05, 1.62368e-05, 
376, 73170.4, -85.6828, 177.144, -0.513868, 5.46137e-05, -0.000368495, -0.00019055, 
377, 122513, -45.2669, -141.407, -49.9809, 2.49861e-05, 0.000229685, 8.18279e-06, 
378, 785387, 138.582, 162.004, -97.0233, -0.000132577, -0.000210341, 0.000112608, 
379, 268661, 137.416, 114.587, 164.214, -7.87596e-06, -0.000116548, -6.97362e-05, 
380, 87319.3, -91.0571, -184.995, 195.965, 5.59791e-05, 0.000177129, -0.000193029, 
381, 150662, 125.068, -44.5997, 132.454, -0.00028274, -0.000137559, -0.000328984, 
382, 60534.7, -81.2099, -188.793, 122.853, 9.01324e-05, 0.000245468, -0.0001082, 
383, 338543, 173.518, -167.32, -91.5778, -0.000333298, 0.000188473, -1.6539e-05, 
384, 9163.94, -157.788, -157.761, -9.60126, 0.000849955, 0.000828918, -0.00123645, 
385, 55549.5, 62.6903, -55.1002, 126.341, -6.28476e-05, 4.90067e-05, -0.000275802, 
386, 59462.3, 103.606, 113.631, -60.9263, -0.000100581, -0.000108827, 0.000177235, 
387, 29394.8, 64.4802, 130.454, -14.4832, 2.26144e-05, -0.000254999, 4.01941e-06, 
388, 138128, -198.269, 145.283, -121.846, 0.000250564, -7.89756e-05, 0.000103419, 
389, 136150, 179.223, -34.0468, 164.636, -0.000277618, 2.53789e-05, -0.000155716, 
390, 391641, -145.864, -94.9887, -142.334, 0.000166325, 2.29322e-05, 8.5554e-05, 
391, 151123, 19.8106, -187.668, -155.789, -1.98012e-05, 0.000293867, 0.000185279, 
392, 180346, 179.411, -143.563, -184.983, -0.000178237, 0.000100941, 0.00017921, 
393, 140171, 0.689044, -185.083, -106.631, -2.23942e-06, 0.000311701, 4.83126e-05, 
394, 195461, 158.638, -40.0408, -111.613, -0.000264161, 3.29129e-05, 0.00015029, 
395, 183895, -149.009, 7.15638, -91.6794, 0.000196479, 2.08716e-05, 0.000114249, 
396, 76191.8, 85.4709, 195.354, 25.9594, -0.000116032, -0.000340189, -3.46262e-06, 
397, 126112, -59.1199, -193.038, 126.341, 6.23821e-06, 0.000258468, -0.000130221, 
398, 10011, -180.893, 109.11, 186.62, 0.000143705, -0.000269844, -0.000138283, 
399, 138128, -93.8188, -156.922, 146.633, 8.88353e-05, 0.00020143, -0.000168294, 
400, 152408, 145.253, 167.809, 158.477, -0.000118298, -0.000265623, -0.000100153, 
401, 24763, -2.64022, 33.9058, -34.2476, -8.54353e-05, -2.39761e-05, 0.000106119, 
402, 196109, -98.1695, 8.5176, -29.7158, 8.39739e-05, 9.45243e-05, 3.06107e-05, 
403, 12605.8, 132.524, -14.5631, -54.5971, -0.000288385, 7.57896e-05, -2.90897e-05, 
404, 55047.7, 151.24, 140.897, 155.315, -0.000171344, -0.000265589, -1.48396e-05, 
405, 219619, 50.5964, 176.802, 0.457149, -3.4688e-05, -0.000307444, 6.20197e-05, 
406, 31684.6, 65.0407, 109.745, -129.246, -4.34523e-05, -0.000203625, 0.000265512, 
407, 79032.8, -78.0866, -97.2149, 134.519, 0.000100664, 0.000127544, -0.000151572, 
408, 42180.6, 133.12, 12.0079, 177.424, -0.000180479, 5.80318e-05, -0.000151584, 
409, 65291.3, -130.539, -93.3398, -149.836, -0.000152595, -2.78083e-05, 0.000238269, 
410, 218703, 195.433, -102.755, 92.4368, -0.000376903, 0.000167134, -5.25851e-05, 
411, 127238, -40.2481, 76.1844, 14.3861, 2.23965e-05, -0.00012515, -2.00587e-05, 
412, 17242.5, 186.982, -77.2517, -176.028, -0.000208288, 8.77463e-05, 0.000186379, 
413, 106921, 141.393, 50.4702, -186.114, -0.000173077, 5.57632e-06, 0.00026755, 
414, 33744.1, -75.4468, -192.793, -26.6894, 4.55652e-05, 0.000323665, 7.73448e-06, 
415, 37127.3, 99.267, 185.515, 7.14243, -0.000129289, -0.000301505, 1.68447e-05, 
416, 424857, -71.378, 105.31, -195.166, -1.32135e-07, -9.64319e-05, 0.000327003, 
417, 169269, -97.8875, -116.361, -15.4233, 0.000202066, 3.91552e-05, 1.16085e-05, 
418, 27884.3, 45.8811, 118.33, -20.8869, 5.07038e-05, -0.000156637, 3.07174e-05, 
419, 124465, 72.5175, 64.998, 192.044, 2.05246e-05, 0.000152482, -0.000324566, 
420, 889.535, 169.17, -127.308, -119.301, -0.000265011, 6.12527e-05, 0.000155391, 
421, 152003, 33.1447, 58.2749, 145.082, 2.167e-05, -1.19207e-05, -0.000212156, 
422, 287637, 174.91, 73.7537, -19.5631, -0.00027629, -6.71375e-05, 6.07839e-05, 
423, 10212.2, 62.0175, -148.459, -29.2185, -1.99811e-05, 0.000157371, 7.2751e-05, 
424, 191450, -117.535, -4.21587, 126.758, -9.5991e-05, -0.000482295, -0.000331268, 
425, 194684, -150.716, -99.7371, -42.433, 0.000195683, 6.38275e-05, -5.36669e-06, 
426, 337230, 72.6688, -182.353, -98.0722, 9.23646e-05, 0.000106958, 0.000297381, 
427, 161376, 55.8378, 114.401, 77.4253, -6.58298e-05, 7.3244e-06, -0.000265773, 
428, 48721.2, 32.0268, -74.511, -42.2667, -5.81783e-07, 9.84386e-05, 0.000131338, 
429, 121832, -189.619, 34.5451, 127.874, 0.00399319, -0.000367586, 5.52053e-05, 
430, 91417.9, -147.209, 151.046, 78.7995, 4.90003e-05, -0.000156755, 5.66668e-05, 
431, 19725.2, 183.107, -145.049, 175.793, -0.000185569, 0.00011923, -0.000182883, 
432, 97068.7, 117.939, 147.609, 194.201, -4.15879e-05, -0.000245816, -0.000315331, 
433, 57588.1, 176.946, 67.7505, -60.0068, -0.000301699, -5.12201e-05, 0.000110499, 
434, 28234.9, -49.7839, 44.5981, -159.4, 0.000316835, -0.000450272, 0.000396532, 
435, 52475.1, 189.011, 139.392, -39.5959, -0.000310856, -0.000116061, 2.77419e-05, 
436, 403.401, -187.952, -86.315, 71.7861, 0.000267665, 4.6392e-05, -0.000104489, 
437, 9884.78, 129.386, -165.651, -113.113, -0.00013724, 0.000188184, 0.000165072, 
438, 33822.2, -5.47219, -108.785, 198.447, 2.27621e-05, 0.000114239, -0.000295459, 
439, 68024.1, -82.1196, -8.82682, 79.2615, 0.000157572, 3.96444e-05, -0.000111543, 
440, 37290.3, 17.5921, 185.855, 61.9336, 0.00014641, -0.000545665, -8.82192e-06, 
441, 34126.8, 142.597, 23.8224, -21.3114, -0.000262559, 2.24495e-05, 2.98233e-06, 
442, 254816, -14.9629, 164.533, 124.224, 3.66394e-05, -0.000242751, -0.000163265, 
443, 27430.2, -127.937, 70.1542, -57.8572, 0.000265625, -0.000127003, -2.45332e-06, 
444, 66825.5, 42.3818, 7.40368, 157.163, 1.33126e-05, 1.91373e-05, -0.000258777, 
445, 108676, -94.7332, 169.52, 39.6042, 0.00011205, -0.000266934, -1.91328e-05, 
446, 50118.4, 171.658, -69.001, -77.9519, -0.000289237, 7.65736e-05, 6.91304e-05, 
447, 21046.6, 140.001, 168.014, -4.93599, -0.000149682, -0.000254824, -1.26319e-05, 
448, 8600.64, 140.977, -11.0264, -37.0864, -0.000273437, 6.72351e-05, 1.13565e-05, 
449, 22030, 10.6439, 125.453, -121.952, 2.29149e-05, -0.000161619, 0.000196696, 
450, 98140.7, -23.4267, 4.80665, 81.3044, 9.3941e-05, -7.27603e-06, -0.00011734, 
451, 105432, 127.887, -27.6093, -188.159, -0.000227886, 8.15871e-06, 0.000287066, 
452, 84531.1, 65.3949, -158.946, -23.7119, -3.92584e-05, 0.000272348, -4.04845e-06, 
453, 44206.7, -94.4233, 34.7597, 165.577, 7.49099e-05, 1.23695e-05, -0.000212652, 
454, 78620.3, 75.4832, 122.957, 114.257, -2.87235e-05, -0.000203228, -0.000109092, 
455, 10908.5, 144.526, 67.0637, -139.064, -0.000235245, -3.50512e-05, 0.000211179, 
456, 36272.2, -91.9539, -193.385, 142.146, 8.33464e-05, 0.000253385, -0.000170064, 
457, 60472.5, 70.114, -50.2808, -166.563, -0.000201129, -0.000414376, 5.63131e-05, 
458, 166504, -198.052, 0.314449, 170.73, 0.000255028, 5.70133e-05, -6.07049e-05, 
459, 77798.7, 89.7761, -104.739, -22.0919, -0.000169058, 0.000182665, 1.53012e-05, 
460, 160849, -155.462, -45.1796, -41.9563, 9.91659e-05, -6.77527e-05, -3.02231e-05, 
461, 126579, 45.3009, 91.9581, -113.958, 4.83888e-05, -0.000134074, 0.000226851, 
462, 67990.7, -176.39, -14.7955, -55.7773, 0.000277291, -5.8151e-06, 2.12604e-05, 
463, 30789.6, 119.649, 161.196, -189.206, -6.9177e-05, -0.000160847, 0.000255676, 
464, 8537.62, -155.612, -96.8952, -114.693, 0.000110299, 1.68861e-05, 2.65431e-05, 
465, 300607, -170.898, 98.4472, 51.9805, 0.000262764, -6.30933e-05, -1.56238e-05, 
466, 83619.2, 29.1399, -115.212, -121.29, -0.000183484, 0.000119647, 0.00018553, 
467, 127334, -67.9103, -148.697, -101.275, 0.000873017, -0.000125973, 0.000162595, 
468, 27335.2, 55.7843, 37.3657, 58.8441, 7.70409e-07, -0.000169658, -5.99184e-05, 
469, 5427.37, -62.6056, 32.9322, -99.5683, 6.79527e-05, 1.28969e-05, 0.000122639, 
470, 38507.8, -74.9282, -64.9999, 43.3558, 7.44131e-05, 8.16391e-05, -1.91338e-05, 
471, 286762, 67.0436, -52.2111, 184.841, -8.73064e-06, 7.15188e-05, -0.000311997, 
472, 289067, 88.395, -198.643, -79.496, -0.000201424, 0.000435891, -3.57781e-05, 
473, 91260.8, 56.8584, -155.943, -123.643, -8.47718e-05, 0.000195935, 0.000157696, 
474, 230104, 181.578, 157.903, 180.078, -0.000279629, -0.000219437, -0.00022773, 
475, 249653, 24.8532, -66.7761, 43.5754, 9.33156e-05, 0.000136485, -5.02207e-05, 
476, 110883, -42.1199, 143.604, -179.858, -5.55563e-05, -0.000195092, 0.00024157, 
477, 307850, 98.9849, 189.9, -152.734, -0.00023117, -0.000265145, 0.000280497, 
478, 289870, 60.3294, -89.6563, -34.1892, -9.4823e-05, 0.000172074, 7.74579e-05, 
479, 95605.8, -180.254, -3.13104, 65.5496, 0.000243892, -2.48463e-05, -8.12389e-05, 
480, 103972, -127.945, -9.3655, 129.593, 0.000407315, 0.000160481, -0.000212787, 
481, 2495.31, -151.937, -11.6374, -4.51489, 0.000250002, 5.21071e-05, -3.83077e-06, 
482, 137920, 85.7266, -196.262, 79.3516, -7.62229e-05, 0.00031935, -5.39085e-05, 
483, 71322, -192.03, -109.342, 35.3723, 0.000278557, 9.65787e-05, -1.85797e-05, 
484, 39705.1, -85.9536, -55.3721, 128.158, 0.000105898, 5.94187e-05, -0.000132326, 
485, 71694.5, -177.683, -184.79, 42.7251, 0.000228847, 0.000234306, -4.47193e-05, 
486, 162701, -103.663, -63.3742, 75.7778, 0.000193326, -3.87137e-05, -0.00010121, 
487, 5282.93, -0.169575, 62.2157, -94.1305, 3.25915e-05, -0.000141658, 0.000131383, 
488, 109392, -57.3402, 149.9, -36.6924, 1.12346e-05, -0.000219495, 6.07041e-05, 
489, 124532, 138.646, 191.424, 84.3407, -2.3747e-05, -0.000318355, -8.21682e-05, 
490, 14863.1, -145.687, -171.515, 149.647, 0.000138989, 0.000176619, -0.000163443, 
491, 249103, -117.122, -102.297, -185.125, 3.88813e-05, 4.55905e-05, 0.000311945, 
492, 4436.33, 111.418, -28.957, -134.379, -0.000204429, 3.00507e-05, 0.000163619, 
493, 95135.7, 85.9109, -177.048, 191.206, -6.9278e-05, 0.000198087, -0.000252296, 
494, 394850, 115.937, 105.921, -37.1895, -0.000186829, -8.28638e-05, 3.80175e-05, 
495, 211980, 0.77799, 173.023, 41.9143, 0.000105856, -0.000313187, 3.37569e-05, 
496, 76482.3, 152.397, 157.72, -141.388, -0.000134568, -0.000168547, 0.000226038, 
497, 4117.21, 175.598, 175.394, 16.445, -0.000219558, -0.000265797, 1.34424e-05, 
498, 61022.7, -120.4, 84.5698, 178.814, 5.62834e-05, 6.86556e-05, -0.000253882, 
499, 192540, 14.7462, 182.327, -95.1301, 1.11114e-05, -0.000287994, 8.72483e-05, 
500, 182748, -190.363, 86.2051, -122.048, 0.0002932, -4.68521e-05, 0.000133703, 
501, 136526, -83.0458, 191.448, 96.1567, 0.000101019, -0.000309179, -8.82491e-05, 
502, 37670.7, 59.3169, -139.29, 96.0324, -2.44902e-05, 0.000301764, -1.50104e-05, 
503, 50503.4, 190.858, 13.51, -34.1803, -0.000336695, 5.36938e-05, -1.66111e-06, 
504, 27270.2, 60.1036, -40.4549, -107.901, -8.27427e-05, 6.11502e-05, 0.000104519, 
505, 130665, 39.7584, -151.621, 41.7585, 7.73652e-05, 0.000224844, -9.90231e-05, 
506, 20617.5, -187.609, 120.096, -170.951, 0.00023751, -7.38874e-05, 0.000172239, 
507, 82100, 35.2498, 184.852, 74.3813, -7.41733e-05, -0.000459791, -0.000177439, 
508, 146869, -168.844, -130.806, -64.5259, 0.000253114, 0.000164335, 5.05797e-05, 
509, 11124.4, -70.3594, 113.723, 94.119, 0.00010731, -0.000145295, -0.000105718, 
510, 176557, 17.0009, 12.4063, -149.952, -0.000154757, 6.28047e-05, 0.000218208, 
511, 45629, 73.1686, 78.859, 151.097, 2.96166e-05, 0.000129024, -0.000183969, 
512, 97255.2, -10.5247, -156.37, -3.24861, 2.18157e-05, 0.000267842, -2.403e-05, 
513, 100409, 5.99754, 120.676, 180.263, 2.10159e-05, -0.000162644, -0.000280491, 
514, 78203.3, 167.951, -175.047, -11.2596, -0.000270752, 0.000235928, -5.20768e-06, 
515, 13266.1, 44.1582, -79.4644, 182.899, 2.25946e-05, 0.000122896, -0.000310088, 
516, 55109.6, 24.6185, 158.673, -159.23, -3.07883e-05, -0.000177888, 0.000192797, 
517, 469975, 64.122, -26.7178, -30.6483, -0.000151891, 5.95938e-05, 0.00011063, 
518, 147412, 23.3993, 174.315, 66.8405, 7.41689e-05, -0.000332347, -7.50899e-05, 
519, 132240, -111.883, -171.96, 61.9119, 9.94504e-05, 0.000300984, -5.23641e-05, 
520, 58689.1, 117.997, -13.3082, -158.821, -0.000228184, -2.20217e-05, 0.000216954, 
521, 2244.75, 16.7864, -0.775494, -133.922, -5.59449e-05, 8.85205e-05, 0.000141315, 
522, 190685, -113.271, 83.4039, 96.6957, 0.000111345, -8.0004e-05, -0.000143733, 
523, 13150.8, -148.268, 73.9848, -166.124, 0.000259945, -9.92583e-05, 0.00023524, 
524, 462814, 147.376, 51.2564, 65.6327, -0.000254292, -1.13267e-05, -4.66858e-05, 
525, 110229, 155.554, 143.891, -20.5055, -0.000251183, -0.000156101, -1.93227e-05, 
526, 175564, 11.5117, -2.3295, -25.9604, 4.81033e-05, 2.89809e-05, 5.16849e-06, 
527, 268137, -196.94, 4.82039, 192.55, 0.000223302, -1.64693e-06, -0.000263592, 
528, 30521.3, -165.749, -86.7586, -78.2406, 0.000190803, 3.34824e-05, -4.21476e-05, 
529, 33462.6, -124.192, -106.124, 84.4096, 0.00020409, 0.000121249, -0.000137931, 
530, 5167.6, -106.651, 189.446, 40.1098, 0.000137153, -0.000327912, -2.10842e-05, 
531, 1123.93, 63.7119, 86.6775, 138.135, 0.000138821, 6.70989e-05, -5.92342e-05, 
532, 39413.6, 11.0356, 179.417, 140.3, 9.22234e-06, -0.000257402, -0.000164407, 
533, 326080, -185.731, 165.363, 182.993, 0.000182486, -0.000109386, -0.000174587, 
534, 47704.1, -148.595, -110.514, 55.7914, 0.000227656, 0.00011424, -7.93134e-05, 
535, 149816, 107.144, 75.6919, 146.404, -0.000143153, 5.17144e-05, -0.00014021, 
536, 39855.1, -19.1364, -11.6592, 159.55, 4.69201e-06, 1.28851e-05, -0.000306974, 
537, 42951.3, -132.881, -72.9983, -99.7401, 0.000112479, 2.40327e-05, 6.47032e-05, 
538, 175271, -50.5264, 37.2955, -2.41852, 8.98621e-05, 4.20667e-06, 4.94207e-06, 
539, 110928, 186.327, 194.755, -65.7842, -0.000261976, -0.000239614, 0.000128674, 
540, 71591.8, -69.1823, -71.0763, 90.296, 4.08533e-05, 9.12463e-05, -0.000132799, 
541, 12299.9, 50.4116, -99.1719, 132.449, -4.54644e-05, 0.000126081, -0.000261439, 
542, 201561, -135.14, 50.3472, -5.83476, 0.000197047, 7.37721e-06, -1.81608e-05, 
543, 62476.4, -115.051, -58.9722, -190.583, 9.78687e-05, -1.23743e-05, 0.000279108, 
544, 58275.2, -56.7271, 75.0353, 42.6486, 4.53132e-05, -0.00028964, -3.40131e-05, 
545, 70010.3, 183.727, 24.5172, -122.255, -0.000273652, 2.56085e-05, 0.000184649, 
546, 168033, -168.533, -154.286, 81.486, 0.000212569, 0.000137548, -4.90205e-05, 
547, 18791.9, 49.1308, 56.4508, -20.131, -4.20642e-05, -5.78577e-05, -9.57861e-06, 
548, 69087.4, 11.1461, -183.594, 15.1502, 1.73057e-05, 0.00030551, -2.9466e-05, 
549, 94696.6, 81.18, 28.6023, 193.479, 1.05819e-05, 3.27627e-06, -0.000345265, 
550, 34082.4, -89.2296, -173.261, 79.6045, 5.11504e-05, 0.000295173, -0.000122946, 
551, 258743, -59.4165, 60.7881, 51.561, 9.01656e-05, -3.45036e-05, -0.000172208, 
552, 380030, 36.5798, -142.069, 150.946, 7.51706e-05, 0.000141608, -0.000228582, 
553, 439446, -97.1672, 60.7026, -140.732, 5.36442e-05, -3.92924e-06, 0.000126309, 
554, 116953, -55.4867, -27.2451, 157.683, 8.78629e-05, 6.68302e-05, -0.000295467, 
555, 76292.8, -13.8718, 182.526, -55.6099, 5.49736e-05, -0.000253479, 7.97411e-05, 
556, 38856.1, 20.7046, 91.503, 167.142, 1.09424e-05, -5.76091e-05, -0.00025129, 
557, 67304.3, -73.3483, 102.544, -91.7132, -0.000228291, -0.000248346, 0.000165126, 
558, 206551, 28.1045, -49.954, 106.387, 4.35457e-05, 9.48368e-05, -0.000235906, 
559, 60.3054, 175.78, -156.039, 39.893, -0.00029732, 0.000192589, 3.66273e-05, 
560, 61783, 5.19428, 42.9744, -89.9395, 3.76322e-06, -7.5547e-05, 8.42029e-05, 
561, 271167, -94.931, -83.4277, 74.4934, 8.8286e-05, 0.000147081, -9.03429e-05, 
562, 66961.2, -14.5406, 5.30321, 55.7263, 5.40309e-05, 3.52546e-06, -2.58565e-05, 
563, 6224.97, -102.667, 163.081, 65.9255, 8.77981e-05, -0.000292134, 9.61245e-05, 
564, 22220.7, 51.285, 41.5441, 121.655, -3.5268e-05, -1.22985e-05, -0.000173113, 
565, 112721, -186.308, 98.6994, 189.416, 0.000297218, -0.000133697, -0.000162746, 
566, 113163, -191.39, 42.1574, -165.828, 4.37758e-05, -3.05579e-05, -6.01912e-05, 
567, 27127.4, 163.911, 62.41, 128.013, -0.000255213, 2.85043e-05, -6.05867e-05, 
568, 82881.2, 59.0212, -133.095, 152.606, -0.000144688, 7.65365e-05, -0.0002588, 
569, 5364.68, 143.485, -159.403, -61.1984, -0.000209416, 0.000154378, 6.61065e-05, 
570, 9189.82, 83.2566, 171.183, -86.8916, -2.82291e-05, -0.000299396, 0.000113925, 
571, 38545.9, 147.102, -93.5398, 124.687, -0.000225461, 0.000167834, -0.000236568, 
572, 226228, 100.263, -35.2355, -180.346, -0.000186629, 4.82354e-05, 0.000323756, 
573, 1357.14, -57.9216, 131.405, 19.8674, 3.52746e-05, -0.000275569, -4.20051e-05, 
574, 163025, -86.0417, 163.08, -102.992, 6.75237e-05, -0.000196323, 6.34764e-05, 
575, 147455, -119.226, 175.216, 195.076, 9.67204e-05, -0.000168224, -0.000263262, 
576, 42769.3, 183.152, -59.6454, -167.9, -0.000201701, 7.62057e-05, 0.000166083, 
577, 41037.1, -161.696, -105.952, -117.776, 0.000207989, 0.000151419, 6.96343e-05, 
578, 64331.8, 181.388, -188.652, 49.5195, -0.000199408, 0.000225094, -6.52097e-06, 
579, 104982, 91.4743, -15.9391, 184.229, -3.66716e-05, 6.84264e-05, -0.000299968, 
580, 66014.3, 31.6096, -43.7413, 90.129, -4.43155e-05, 6.51591e-05, -4.95094e-05, 
581, 29538.2, -188.54, -20.2009, -104.801, 0.000366896, -9.05668e-05, 0.000142928, 
582, 12653.6, -17.2154, -171.859, -44.006, 9.17932e-06, 0.000294429, 9.32467e-06, 
583, 61818, 1.88994, -141.252, -69.5813, -1.52275e-06, 0.000252675, 2.84126e-05, 
584, 41156.7, 178.31, -92.524, -122.24, -0.000258377, 8.62563e-05, 0.000139413, 
585, 84107.6, 16.0372, 26.6663, -119.919, -0.000193496, -8.07806e-06, 0.000168163, 
586, 135622, 56.3133, -178.214, 38.4023, -4.94154e-05, 0.000351922, -3.67393e-05, 
587, 27825, -18.8492, 12.0092, 102.103, 0.000102346, -3.3969e-05, -0.000215646, 
588, 56460.2, 89.4132, 71.5911, 102.736, -9.05547e-05, 2.40071e-05, -0.000124301, 
589, 200299, -107.401, -15.6712, -148.829, 8.82133e-05, 6.04564e-05, 0.00014331, 
590, 32595.8, 82.3477, -171.279, -143.866, -0.000121824, 0.000213327, 0.000201372, 
591, 154369, 188.981, 107.835, 156.766, -0.000459145, 1.08378e-05, -0.000100093, 
592, 26963.6, -34.7887, -197.412, -49.1119, 2.17419e-05, 0.000305053, 4.72116e-06, 
593, 178753, -184.064, 115.607, -51.4612, 0.000241521, -0.000113117, 8.58011e-05, 
594, 138590, -59.1415, -35.6065, -106.693, 0.000110201, 2.85414e-05, 0.000139484, 
595, 3062.38, 150.357, -5.06586, 32.1322, -0.000255923, -1.83157e-05, -3.44737e-05, 
596, 64803.3, 20.6846, 157.615, -173.665, -2.25617e-06, -0.000162343, 0.000292673, 
597, 257021, 162.713, 102.589, 136.229, -0.00026844, -5.10767e-05, 1.08998e-05, 
598, 156466, 161.888, 174.897, 42.1737, -0.000199208, -0.000232865, -1.49796e-05, 
599, 112285, -89.8792, 162.088, -8.25419, 0.000138589, -7.44834e-05, -9.55467e-05, 
600, 56885.3, 9.69357, -3.13627, 94.3521, 3.01339e-05, -5.24629e-06, -0.000187743, 
601, 186502, -9.26655, 93.3872, 187.019, 4.34145e-05, -5.26786e-05, -0.000318795, 
602, 128120, 163.822, 117.34, -131.098, -0.00015983, -4.16232e-05, 0.000249914, 
603, 53190.4, -147.249, 173.056, 55.1589, 0.000158092, -0.000275429, -4.9306e-06, 
604, 70303.8, 151.075, 124.023, 180.818, -0.000986726, 0.00062022, -0.000537309, 
605, 144477, 161.318, 105.733, -32.0279, -0.00028894, -0.00011738, 3.76046e-05, 
606, 15154.7, 41.3372, 10.8767, 23.3652, 1.96927e-05, -2.26462e-05, 2.56088e-05, 
607, 169831, 153.039, -87.7876, 102.074, -0.000186915, 0.000110714, -0.0001008, 
608, 86922.5, 5.8139, 18.1046, -148.636, 0.000190668, -9.67424e-05, 0.000246417, 
609, 1346.3, -51.5862, -174.709, 78.4781, -8.2198e-06, 0.000312239, -0.000131951, 
610, 162022, -148.781, -169.139, 36.116, 0.00018608, 0.000237134, -6.92517e-05, 
611, 67567.6, 165.551, 179.795, -166.845, -0.000157555, -0.000200963, 0.000218366, 
612, 11770.8, -150.345, -114.475, -156.952, 0.000219422, 8.51908e-05, 3.21428e-05, 
613, 43665.8, 62.758, -168.1, 128.868, -5.52869e-05, 0.000291485, -6.34646e-05, 
614, 28256, -149.942, 32.6013, 15.8216, 0.000259411, 3.73427e-05, -8.85504e-05, 
615, 10832.6, 93.1586, -0.726516, -120.047, -0.000111605, 1.22748e-06, 0.000169896, 
616, 47599.5, 92.8296, -30.4944, -163.564, -0.000126017, -1.22331e-05, 0.000118498, 
617, 34963.7, 97.2121, 172.104, -13.7083, -0.000105269, -0.000289746, 2.5235e-05, 
618, 75906.7, 134.808, 2.33273, 193.922, -0.00051439, 0.000275974, -0.000412404, 
619, 135055, 31.4708, 14.9741, 71.4967, 7.1841e-05, -0.00014456, -0.000183771, 
620, 15909.4, 102.362, 135.421, 112.307, -0.000149272, -0.000226613, -8.74124e-05, 
621, 18897.6, -160.281, 68.7124, 121.481, 0.000254313, 1.67777e-05, -0.000212068, 
622, 192385, -71.2627, -147.562, -101.916, -0.000634305, 0.00034966, -0.000147527, 
623, 98713.7, 78.3036, -190.448, -91.7522, -0.000218909, 0.000542439, 0.000101325, 
624, 30737.8, 80.7854, 35.3321, 92.2648, -0.000116149, -3.8698e-05, -0.000164966, 
625, 185704, 131.895, 125.96, -194.025, -3.3155e-05, -0.000105867, 0.000318208, 
626, 19962.7, -88.9665, -106, -45.7276, 0.000126098, 9.77269e-05, 1.37111e-05, 
627, 4837.93, 70.0953, 131.273, 28.1497, -9.05626e-06, -0.000102183, 0.000328684, 
628, 132553, 17.1913, 71.679, 39.1214, -1.81543e-07, -7.48018e-05, -3.99135e-05, 
629, 28978.5, 90.1333, -142.94, 27.3794, -0.000114751, 0.00021255, -3.78795e-05, 
630, 110156, 62.2507, -11.7185, -16.5342, -3.04245e-05, -0.00015377, -6.05486e-05, 
631, 63598.4, 36.5963, 193.363, 159.666, -0.000184185, -5.89991e-05, 0.000252275, 
632, 10602.5, -60.5885, -106.161, -121.853, 7.60023e-05, 6.78153e-05, 0.000140575, 
633, 472419, -118.373, 53.4678, -80.8361, 0.000185677, 2.13711e-05, 0.000159562, 
634, 151851, -139.887, -138.081, -131.041, 0.000241805, 0.000118628, 7.14055e-05, 
635, 64570.3, -136.626, 121.68, -108.441, 0.000155556, -0.0001745, 9.81403e-05, 
636, 1694.42, 197.422, -8.32061, -102.877, -0.00030857, 6.40397e-05, 0.000124688, 
637, 147783, 86.0378, 105.595, 157.035, -0.000139586, -0.000125728, -0.000278069, 
638, 26998, -140.165, 159.371, -57.3362, -0.000195837, 0.000191163, 0.000399555, 
639, 26813.9, 124.103, -55.9657, 184.171, -0.000103976, 6.15011e-05, -0.000352276, 
640, 193664, 98.8322, -187.525, -37.5268, -5.21415e-05, 0.000338434, -7.57326e-05, 
641, 24473.3, 73.0822, -31.1393, -120.442, -1.36681e-05, -0.000115191, 0.00023799, 
642, 106270, 66.3036, 84.4562, -117.306, -3.05347e-05, -0.000107313, 0.000189579, 
643, 125117, -69.209, 94.5785, -147.68, 0.000135642, -8.47083e-05, 0.000152641, 
644, 164004, -93.5609, -120.631, 89.4003, 8.9077e-05, 0.0001608, -0.00013597, 
645, 45091.5, 133.873, 44.6406, -134.829, -0.000212368, -1.39225e-05, 0.000260068, 
646, 21516.8, -184.779, -15.5015, -195.421, 0.000395471, -1.69585e-05, 0.000462295, 
647, 229066, 10.1624, -34.7176, 81.5271, 8.89052e-05, 6.72833e-05, -8.03471e-05, 
648, 164679, -25.1532, -127.649, -163.378, -6.53051e-05, 0.000149518, 0.000223364, 
649, 106804, -88.2461, 117.437, -88.1956, 0.000130195, -0.000316038, 9.77466e-05, 
650, 56075, -119.541, -151.656, 14.7735, 0.000174037, 0.000214938, -7.8887e-05, 
651, 57915.4, -96.7955, 163.28, 85.3819, -0.000138021, -0.000396887, -0.000105456, 
652, 108474, -190.553, 15.0714, -136.146, 0.000252013, 5.37406e-05, 0.000188304, 
653, 44.987, -69.9443, -151.24, 176.747, 4.16385e-05, 0.000227457, -0.00023486, 
654, 160957, 118.551, 139.462, -39.0015, -0.000155531, -0.000255317, 2.25137e-05, 
655, 223360, 27.3901, 121.038, -74.7305, 5.99228e-05, -0.000176608, 9.73499e-05, 
656, 145628, -84.7267, 110.305, 185.667, 0.000192084, -1.81119e-05, -0.000293215, 
657, 38072.4, 147.421, -197.179, -6.49073, -0.000168948, 0.000296912, -2.23899e-05, 
658, 143122, 53.3845, 120.247, 67.8757, 2.79274e-05, -0.000214067, 0.000111217, 
659, 53718.8, -16.275, -30.6851, 132.273, 3.02598e-05, 4.20939e-05, -0.000253159, 
660, 37852.6, -0.403998, 11.0172, 95.009, 6.64552e-05, -4.54436e-05, -0.000149209, 
661, 234721, -84.8184, 96.8051, -90.8996, 0.000133137, -6.70375e-05, 0.000139198, 
662, 27863.9, -3.56019, -73.554, -158.513, 4.48808e-05, 4.80917e-05, 0.000206156, 
663, 443946, -87.8939, -160.067, -117.951, 3.03418e-05, 0.000278467, 6.8866e-05, 
664, 13863.9, 88.9952, 52.7495, -111.422, -0.00010748, 1.4314e-05, 0.000173488, 
665, 42886.3, -1.51975, 190.846, -5.60463, 3.54522e-05, -0.00031562, 3.42806e-05, 
666, 22733.8, 171.386, -116.756, -13.6231, -0.0002876, 0.000133251, -9.38817e-06, 
667, 132350, -165.329, -168.402, 109.725, 0.000193885, 0.000205127, -0.000144022, 
668, 57423.6, -90.8877, -148.974, -155.669, -1.7998e-05, 5.9972e-05, 0.000236675, 
669, 59302.6, -121.883, 196.334, 117.295, 0.000103385, -0.000283198, -9.51522e-05, 
670, 59734.6, 36.167, 44.6776, 186.398, 4.62707e-05, 2.1816e-05, -0.00029831, 
671, 29039.9, 92.8583, 51.7321, -55.7855, -6.47686e-05, 8.88627e-05, 0.000251853, 
672, 65416.6, 77.929, -137.912, -172.024, -0.000144556, 0.000156028, 0.000261005, 
673, 92652.2, 173.462, -70.2581, 4.30845, -0.00029117, 0.000111444, 9.41418e-05, 
674, 115334, 62.1821, -19.8786, 90.2411, -0.000113258, 9.73949e-05, -0.000208249, 
675, 230841, -115.925, -12.3115, 3.16067, 0.000177242, 8.28125e-05, -2.95111e-05, 
676, 16036.9, 61.978, -49.1416, 98.4767, 3.28936e-05, -8.58769e-05, -0.000145824, 
677, 77826.8, -95.8013, 122.02, -44.0706, -4.40977e-05, -0.000267992, 0.000198861, 
678, 400222, 117.095, -53.0515, 118.977, -0.000142827, 9.40915e-05, -8.17245e-05, 
679, 186924, 9.94202, -120.692, -22.7024, -1.71284e-05, 0.000252615, -7.7627e-05, 
680, 119290, -103.662, 10.9175, 27.5148, 0.000152238, 1.91668e-05, -8.24459e-05, 
681, 52832.4, 36.4884, 120.266, -128.355, -4.3477e-06, -0.000170614, 0.00024304, 
682, 165602, -109.502, 66.9462, 78.4517, 0.000130618, 5.87028e-06, -5.68108e-05, 
683, 42844.3, -45.0724, -92.2079, -139.269, 0.000234813, 0.000161076, 4.43033e-05, 
684, 197768, -56.4315, 110.144, -158.12, -4.08405e-05, -0.000220064, 0.000238103, 
685, 19898.4, 150.889, 120.076, 102.605, -0.00021, -0.000182658, -2.56139e-05, 
686, 183.149, 66.2969, 111.648, -37.7274, 6.54354e-05, -0.000119001, 0.000156686, 
687, 20731.6, -3.1229, -34.7321, -132.626, -1.48596e-05, 5.82309e-05, 0.000217545, 
688, 118318, 97.1174, -138.869, 140.604, -0.000125223, 0.000173628, -0.000236517, 
689, 122043, 107.239, -61.1608, 171.177, -5.16894e-05, 0.000112563, -0.000290357, 
690, 48278.3, 136.04, -86.3137, 110.297, -9.14272e-05, 0.000131199, -0.000126373, 
691, 59443.7, -71.6842, -71.2122, -32.2876, 0.000101596, 6.83308e-05, -5.07259e-06, 
692, 62879.1, 64.9394, -20.3538, -114.593, -6.91119e-05, -6.23181e-05, 0.000146943, 
693, 37237.6, 196.457, 32.1245, -171.488, -0.000219389, -1.64673e-06, 0.000186648, 
694, 86402.7, 142.078, -134.012, -157.215, -0.000288553, -7.78462e-05, 0.000388893, 
695, 64244.5, 94.2198, -9.96537, -151.891, -0.000128953, -4.17623e-05, 0.000201057, 
696, 3020.88, -123.959, 135.814, -182.31, 0.000163296, -0.000179723, 0.0002164, 
697, 32412.2, 26.6136, -70.5463, 31.3877, -1.1373e-06, 0.000250675, 0.000275424, 
698, 28675.2, 176.417, -48.6035, -119.542, -0.000349757, 8.29884e-05, 0.000179678, 
699, 40601.3, 76.6191, 32.6392, -172.335, -7.94905e-05, -4.79203e-05, 0.000301461, 
700, 77211.7, 83.7001, -127.658, 178.857, -7.73032e-05, 0.000117359, -0.000292815, 
701, 9178.1, 183.047, -190.054, -165.956, -0.000157197, 0.000161785, 0.000139303, 
702, 29771.2, -198.517, 145.196, -129.423, 0.000262841, -0.000129254, 0.000596472, 
703, 92409.8, -14.8457, -24.4782, -130.661, 6.51218e-05, 5.69991e-06, 0.000188125, 
704, 190003, -34.4519, 156.234, 80.6558, 6.66554e-05, -0.000297253, -5.2588e-05, 
705, 254476, -88.1891, 175.282, -18.252, 9.80062e-05, -0.000350737, 0.000106131, 
706, 34546.2, -32.2812, -161.303, 79.2239, -2.39314e-06, 0.000244928, -0.000104277, 
707, 200117, -149.153, 131.872, 111.297, 0.000179542, -0.000152946, -0.000148302, 
708, 81819.8, 29.7442, -44.7318, -155.822, -0.000254198, -0.000271492, -0.000143431, 
709, 8603.61, 37.4353, -152.153, 137.671, 6.44124e-05, 0.000368014, 7.77026e-05, 
710, 14405.4, -34.186, -81.9267, 127.816, 5.93745e-05, 0.000122541, -0.000165701, 
711, 158127, -10.8481, 90.339, 153.282, 3.65049e-05, -5.71317e-05, -0.000215063, 
712, 31163.6, -145.215, 121.588, -143.779, 0.000148466, -0.000138473, 0.000194132, 
713, 22434.4, -33.1154, 62.182, 107.948, 7.02391e-05, -4.69857e-05, -0.000126936, 
714, 128585, -171.323, 119.976, 72.8884, 0.000230735, -9.51372e-05, 2.32642e-05, 
715, 26803.9, 58.1563, -16.3474, 54.5195, -0.000208258, 0.000150231, 3.31858e-05, 
716, 141477, 136.12, -78.8415, 162.868, -0.000181804, 0.000174034, -0.000239604, 
717, 29940.8, -49.0994, -58.4465, -40.0843, 9.36283e-05, 7.97303e-05, 2.35739e-06, 
718, 18917.2, 88.9473, -80.0462, 150.849, -6.07552e-05, 0.000148899, -0.000242885, 
719, 281873, 80.3889, 75.7043, -133.07, -8.86266e-05, -3.68201e-05, 0.0002733, 
720, 11308.4, 22.7979, 71.2353, 5.34799, -3.3916e-05, -9.70777e-05, -5.79502e-06, 
721, 157756, -44.2961, -172.15, -189.196, -3.15376e-05, 0.000195795, 0.000431186, 
722, 25025.7, -156.287, 31.8306, -21.1065, 0.000219349, 7.66855e-05, 4.50977e-07, 
723, 92716.1, 144.375, -173.86, 96.4927, -0.000173035, 0.000393867, -1.61664e-05, 
724, 188554, -17.8474, -28.9924, 98.3791, 0.000115346, 6.62438e-05, -0.000164113, 
725, 41532.6, -130.958, 84.4184, -115.284, 0.00020432, -0.000100048, 0.000151354, 
726, 99632.2, 160.11, -56.7522, 45.1088, -0.000179384, 8.96996e-05, -9.01134e-05, 
727, 160690, 114.963, -184.069, -54.2855, -0.000225117, 0.000271515, 6.80103e-05, 
728, 131702, -58.9388, 113.034, 5.68795, -0.000211392, -0.000268342, 0.000197189, 
729, 54358.5, -159.911, 160.721, -117.343, 0.000158529, -0.000220254, 9.42203e-05, 
730, 83331.7, -47.7673, -37.2526, -69.049, 0.000167303, 7.87592e-06, 6.55563e-05, 
731, 107531, -94.5417, -69.6168, 147.586, 0.000153858, 0.000118173, -0.000198456, 
732, 367160, -187.09, 33.6607, -23.2226, 0.000330315, 2.26224e-05, -1.27479e-06, 
733, 111899, 178.775, 116.641, 156.21, -0.000251842, -0.000231656, -7.44906e-05, 
734, 56183.8, 111.84, -52.2802, 54.1954, -0.000177143, 6.79237e-05, -4.55465e-05, 
735, 20282.6, 152.92, 26.8094, -138.493, -0.000242257, 1.66546e-05, 0.000228755, 
736, 96352.5, -189.831, 93.3036, -161.724, 0.000236686, -5.79448e-05, 0.000191287, 
737, 73231.5, -8.80658, 90.1478, 114.855, 5.62162e-06, -0.00010309, -0.000134274, 
738, 23543.7, -32.1882, 73.8008, 131.632, 9.74982e-05, -2.3169e-05, -0.000220374, 
739, 138290, 138.221, 70.4348, -21.0191, -0.000209514, -2.17463e-05, -7.91582e-06, 
740, 59663.6, -50.3827, -171.692, 57.4239, -1.44382e-05, 0.000307468, -5.09429e-05, 
741, 89601.2, -137.66, -170.595, 182.02, 0.000112339, 0.000166665, -0.000197725, 
742, 74577, -190.951, -39.5832, -107.653, 0.000363891, 5.1321e-05, 0.000143876, 
743, 29122.6, -40.3531, -94.0563, -167.411, 6.67436e-05, 4.97881e-05, 0.000307843, 
744, 146113, 142.286, -176.858, 133.302, -0.000116256, 0.000256499, -0.000180877, 
745, 18437.7, -0.481283, -80.958, 131.793, 3.03949e-05, 0.000138595, -0.000162164, 
746, 157720, -134.809, 56.6704, -163.658, 0.000260585, 6.67552e-06, 0.000271195, 
747, 171116, -58.3068, 103.871, -67.3501, -1.81517e-05, -0.000163647, 4.97975e-05, 
748, 71541.6, 2.16979, 192.566, -51.7968, -1.74178e-05, -0.000322017, 5.39355e-05, 
749, 165593, -33.2079, -41.176, -193.039, -6.33892e-06, -3.20429e-05, 0.000394988, 
750, 10327.8, 177.272, 185.848, 175.301, -0.000173277, -0.000256296, -0.000250038, 
751, 131840, 34.1042, -80.392, 119.341, 3.11019e-05, 0.000148763, -0.000208886, 
752, 129408, -42.0331, -16.4928, -193.387, 6.07382e-05, -6.00052e-05, 0.000307501, 
753, 65338.1, 132.553, 197.817, 176.795, -0.000430301, -0.000404783, -0.000141633, 
754, 60879, -41.009, 128.985, -103.541, -1.41032e-05, -0.000211196, 0.000119985, 
755, 141658, 131.134, 29.355, 175.139, -0.00017214, -3.38631e-05, -0.000232703, 
756, 5539.73, 132.775, 116.145, -51.5105, -0.000311085, -0.000147107, 0.000156639, 
757, 224575, -77.5781, 67.1335, 190.101, 5.7356e-05, 1.29972e-05, -0.000315813, 
758, 171954, -44.715, -9.2362, 143.66, 6.30534e-05, -1.87029e-05, -0.00022688, 
759, 31820.8, -107.214, 123.775, -42.2225, 0.000318477, -0.000409975, 0.000262816, 
760, 40038.3, -70.0704, -108.394, -106.322, 8.67571e-05, 5.30715e-05, 0.00011025, 
761, 7701.21, -184.841, -172.208, -124.71, 0.000244562, 0.000222449, 4.17614e-05, 
762, 196357, -197.438, 155.594, -107.421, 0.000230416, -0.000230417, -9.25368e-06, 
763, 6336.31, 189.514, -92.5437, -13.5454, -0.000321473, 9.11067e-05, 2.62258e-05, 
764, 1709.39, -170.119, -71.854, 106.549, 0.000308257, -0.000117667, 6.32432e-05, 
765, 11542.5, 117.518, 182.857, 47.0313, -0.000119356, -0.000278274, -2.67486e-05, 
766, 72041.4, 180.799, 69.6576, -8.44785, -0.000456279, 6.32248e-05, -0.00030553, 
767, 165037, -181.095, 129.488, 93.797, 0.000113877, -0.000305106, -0.000124788, 
768, 34708.8, 120.497, 55.7146, 53.4311, -0.000127391, -4.84236e-05, 2.1451e-06, 
769, 42470.9, 46.9696, -150.281, 32.7663, -0.000106901, 0.000162717, 0.00012654, 
770, 121723, 46.9769, -81.5334, -123.054, -0.000112181, 0.000111193, 0.000150945, 
771, 26102.7, -142.972, 39.1693, -147.496, 0.000231724, 5.04058e-05, 0.000162939, 
772, 7787.3, -68.0152, -142.774, 78.0333, 2.4685e-05, 0.000100403, -0.00015116, 
773, 57754.5, 112.185, -51.122, -149.882, -0.000224707, 7.72964e-05, 0.000183076, 
774, 183930, -187.988, 139.747, -194.657, 0.000188092, -8.71472e-05, 0.000208025, 
775, 13828.6, -10.5558, 194.847, -76.7767, 4.63848e-05, -0.000308944, 0.000106465, 
776, 108453, -75.7591, 76.4713, 170.139, 5.53176e-05, -4.36545e-05, -0.000150735, 
777, 14144.5, -100.728, -20.4642, -11.7635, 8.24998e-05, 0.000139368, 4.76731e-05, 
778, 285205, 97.5428, 14.5287, 175.061, -5.25483e-05, 2.17695e-05, -0.000229053, 
779, 259617, 61.8597, -188.579, 153.463, -9.50399e-05, 0.000376361, -0.000149868, 
780, 32292.8, -144.486, 98.1223, -98.2615, 0.000199163, -0.000128569, 9.62458e-05, 
781, 111122, -32.8551, -45.8514, -68.5196, 3.38689e-05, 7.11906e-05, 5.70622e-05, 
782, 236248, -171.401, -97.6228, -96.9882, 0.000206484, 0.000113516, 1.96121e-05, 
783, 111757, -198.44, 124.699, -39.4628, 0.000375357, -0.000157823, -3.37257e-05, 
784, 101701, 50.3827, 168.345, 57.6548, 0.000148601, 7.96519e-06, -0.000469705, 
785, 2229.58, 185.614, 91.1284, 81.674, -0.000306244, -4.68677e-05, -1.49104e-05, 
786, 55331, -163.88, 62.9395, -32.4091, 0.000477542, 0.000394637, 8.01618e-05, 
787, 53331.2, -181.473, -175.026, 88.4401, 0.000267246, 0.000239105, -5.27914e-05, 
788, 62281.1, 30.7269, -0.498357, -198.378, -4.65103e-05, -2.52645e-05, 0.000329582, 
789, 234380, -51.4177, 113.748, 149.884, 6.05122e-05, -0.00012514, -0.000205261, 
790, 19217.9, -21.1298, 108.206, 84.5946, 7.69187e-05, -7.11018e-05, -0.000158789, 
791, 140594, -159.557, 29.522, 122.232, 9.3581e-05, 2.17019e-05, -9.70626e-05, 
792, 100843, -165.301, -70.96, 44.4686, 0.000245803, 0.000101833, -8.59603e-05, 
793, 422432, 143.376, -146.082, 105.59, -0.000517187, -5.4855e-05, -0.000320663, 
794, 20487.2, -174.069, -93.6926, 151.409, 0.000204263, 9.58787e-05, -0.000173667, 
795, 185369, 86.5641, -138.288, 103.494, -0.000199908, -3.26139e-06, -9.4132e-05, 
796, 206092, 178.086, 32.6719, -51.5959, -0.000304544, 5.78582e-06, 6.40456e-05, 
797, 123508, 142.977, -108.811, -45.4147, -0.000216146, 8.98806e-05, 9.33865e-05, 
798, 1376.47, -56.475, -29.4294, -71.9578, 0.000218401, -5.48678e-05, 0.000103134, 
799, 260281, 42.4173, 137.745, 30.0566, -2.45702e-05, -0.000140315, 6.99104e-05, 
800, 6882.78, 182.474, 22.1712, -88.1932, -0.000193396, -0.000192571, -4.19959e-05, 
801, 49264.1, -24.4618, 158.549, 149.141, 6.04271e-05, -0.000194685, -0.000242424, 
802, 20497.8, -20.1941, -64.415, -82.9722, 9.46353e-05, 2.72578e-05, 5.39254e-05, 
803, 23348.4, 198.781, 118.142, 169.985, -0.000414643, -0.000136623, -0.000219351, 
804, 7627.29, -146.503, -58.7016, 121.816, 0.000166034, 6.66172e-05, -0.000142375, 
805, 15368.3, 172.169, -93.4166, 5.17787, -0.000293816, 0.000179727, 4.64765e-05, 
806, 28579.3, -140.979, -138.605, 156.542, 0.000309173, 0.000206881, -0.000463911, 
807, 122719, -3.43896, -69.4711, -96.1791, 1.68057e-05, 3.58657e-05, 0.00011852, 
808, 48207.6, -157.011, -44.102, -138.988, 0.000159573, -2.8106e-05, 0.000177557, 
809, 107008, 55.4733, 177.348, 152.147, -6.76034e-05, -0.000213451, -0.000153199, 
810, 18833.8, 62.0147, 155.368, -190.688, -1.9464e-05, -0.000114925, 0.000272301, 
811, 57604.9, 83.2431, 14.9112, -148.49, -8.87847e-05, -4.19066e-05, 0.000239095, 
812, 42206.3, -147.921, 180.319, 124.829, 0.000109835, -0.000233374, -5.63266e-05, 
813, 206861, 120.104, -66.8918, -95.7706, -0.000175299, 0.000100233, 0.000115021, 
814, 181820, 183.878, 24.1966, 166.218, -0.000262011, 6.55551e-05, -0.000172014, 
815, 52374.7, 44.7844, -129.713, -21.4183, 8.53668e-05, 0.000337453, -1.57315e-05, 
816, 58335.8, 102.939, 103.417, -111.896, -0.000146, -0.000132007, 0.000164367, 
817, 10924.7, 144.172, -46.886, -105.235, -0.000135522, 8.18181e-05, 9.81139e-05, 
818, 233079, -127.406, 122.207, 125.028, 8.91811e-05, -0.000115789, -0.000189724, 
819, 285093, 43.6082, -5.21592, 60.3037, -2.0156e-05, 4.57202e-05, -2.00914e-05, 
820, 142762, 112.189, 120.142, 13.3505, -0.00017164, -0.000126731, -4.84584e-05, 
821, 368984, 193.093, 133.74, -125.002, -0.000328912, -3.35538e-05, 0.000186362, 
822, 21311.2, -160.677, 27.1607, -82.2625, 0.000284744, -3.06714e-05, 8.31191e-05, 
823, 9538.85, 12.3088, -123.796, -47.974, -1.51585e-05, 0.000236788, 0.00011879, 
824, 66198.4, 22.5217, 30.8058, -59.3111, 1.50067e-07, -6.10276e-06, 0.000111598, 
825, 92104.2, -55.3928, -142.345, 35.6291, 2.32659e-05, 0.000179203, -5.14327e-05, 
826, 42347.6, 7.06848, 27.4308, -8.53466, -1.78602e-05, -3.00343e-05, -4.66039e-05, 
827, 32190.1, 195.928, 101.639, 84.9193, -0.000312956, -7.89842e-05, -2.91699e-05, 
828, 41709.3, 41.7522, 122.132, 168.121, 5.80878e-05, -0.000170271, -0.000232303, 
829, 47823.2, 42.4049, -170.117, 76.4784, 2.28722e-05, 0.000307314, -7.00424e-05, 
830, 3506.43, -110.065, -50.5221, 136.071, 0.000180995, 8.43915e-05, -0.000137779, 
831, 88237.2, 166.048, -81.5797, 19.0241, -0.000247531, 0.000166127, -1.37475e-05, 
832, 3309.83, 74.0405, 135.127, -170.07, -2.97086e-05, -0.000116988, 0.000260721, 
833, 57350.1, 67.9352, -92.7166, -172.566, -0.000145921, 0.000146837, 0.000271844, 
834, 13883.6, 191.302, -135.553, -148.789, -0.000230717, 8.59157e-05, 0.000131946, 
835, 89249.6, 1.92297, -137.114, -109.309, 3.68273e-05, 0.000291438, 5.70769e-05, 
836, 41456.9, 178.978, 153.368, 163.611, -0.000275024, -0.000177858, 4.69484e-05, 
837, 1768.98, 71.9695, -10.0306, 46.8367, -0.000199559, 8.89197e-05, -1.02662e-05, 
838, 164552, -129.553, 104.158, 179.396, 2.09135e-05, -0.000357933, -0.000418524, 
839, 76215.5, -10.3247, -77.43, 142.15, 7.18345e-05, 9.70589e-05, -0.000241693, 
840, 42834.4, -4.73463, -128.686, 131.965, 8.89502e-05, 0.000167951, -0.000313884, 
841, 315284, -150.001, -123.176, -170.516, 0.000189305, 0.000173248, 0.000255868, 
842, 70649.2, 139.751, -136.899, -151.693, -7.1343e-05, 0.000204163, -0.000137819, 
843, 18007.5, -143.209, -82.5938, -9.72628, 0.000190154, 6.48579e-05, -4.22413e-05, 
844, 72124.9, -14.2259, 44.7975, -19.4774, -2.59664e-05, -0.000132226, -8.11626e-05, 
845, 527644, 136.099, -151.414, -18.589, -0.000204102, 0.000202368, -1.0796e-06, 
846, 170939, 192.832, 21.6671, 107.13, -0.000287508, 4.41778e-06, -7.25853e-05, 
847, 131368, 69.3446, -195.2, -82.9975, 0.000244197, 0.000426923, -0.000104968, 
848, 68263.8, 35.1889, -51.8993, 19.8672, -2.71519e-05, 5.02184e-05, 2.84174e-05, 
849, 4253.48, -58.5499, 47.5324, 141.435, 7.1178e-05, -1.05792e-06, -0.000217789, 
850, 62132, -46.1316, 41.1205, -158.488, -0.000235665, -0.00022135, 0.000392854, 
851, 187780, 52.1207, -130.453, -154.315, -0.000104475, 0.000150116, 0.000224571, 
852, 46555, -78.5382, 114.623, 185.018, -0.000287731, -0.000338896, -0.000233581, 
853, 52138.4, 69.2104, 23.0322, 46.3204, 4.43903e-05, -0.000309946, -0.000688662, 
854, 105525, 26.03, 7.15553, -42.9671, -3.86893e-05, -3.05488e-05, 0.000117867, 
855, 94645.3, -0.384727, 68.7295, -15.2976, -3.21848e-05, -0.000128041, 7.87014e-06, 
856, 33015.8, 73.4596, -162.029, -50.6181, -1.4068e-05, 0.000199327, 3.12754e-05, 
857, 153036, -188.619, -153.55, 134.386, 0.000238652, 0.000125759, -0.000167733, 
858, 175048, 120.938, -21.7503, -71.4808, -0.000112169, 9.90268e-05, 0.000210087, 
859, 3732.86, 188.147, -1.36385, 20.277, -0.000312325, -1.64377e-05, -5.50488e-06, 
860, 102960, -165.237, -24.6346, 26.4647, 0.000237327, 2.89234e-05, 5.49343e-05, 
861, 1943.71, -186.849, 26.7978, -101.435, 0.000267235, -1.80585e-05, 0.00010962, 
862, 37579.4, -108.882, 32.4549, 187.922, 7.08342e-05, -1.22815e-06, -0.000259622, 
863, 75596.7, -125.156, 179.222, -174.716, 0.000190713, -0.000152538, 0.000167408, 
864, 72914.4, 165.018, 158.485, -175.096, -0.000177818, -0.000128977, 0.000238935, 
865, 40058.9, -197.77, -61.3297, 105.299, 0.000277977, 6.23225e-05, -9.64668e-05, 
866, 2443.56, 161.915, 141.879, 192.76, -0.000203448, -0.000263892, -0.000443815, 
867, 228494, 158.378, 184.144, 82.4275, -0.000194642, -0.000342733, -0.000123086, 
868, 144972, 20.525, 158.981, 76.021, 5.78628e-05, -0.000126535, -0.000197142, 
869, 240247, 60.6533, 136.522, -70.1783, -4.53049e-05, -0.000221586, 9.04611e-05, 
870, 23085.4, 154.308, -62.8752, -176.612, -0.000195841, 7.12628e-05, 0.000218517, 
871, 37939.5, 104.621, 39.7699, -73.9746, -0.000132553, -9.92362e-06, 0.00014587, 
872, 5296.39, -158.156, -165.849, -141.295, 0.000249798, 0.000223917, 8.64803e-06, 
873, 39944.8, -66.5142, 134.336, 42.2237, -3.27647e-05, -0.000235192, -1.90705e-05, 
874, 87785.1, 22.6174, -148.255, -153.025, -3.59003e-05, 0.000187528, 0.000231294, 
875, 31832.4, 27.3787, 7.49998, 65.9052, 0.000241748, 9.1151e-05, 4.64032e-05, 
876, 438661, 154.363, 120.373, 181.804, -0.000153643, -0.000288923, -0.000288774, 
877, 66176.8, -63.1834, -15.9606, 21.9137, 9.6856e-05, 8.53864e-05, -3.1787e-05, 
878, 62483.6, -150.268, -166.679, 100.438, 5.94012e-05, 0.000181362, -7.87759e-05, 
879, 144637, 94.8484, 105.593, 131.902, -0.000262081, -0.000184152, 8.68714e-05, 
880, 97243.1, -30.0341, -132.211, 164.074, 2.3038e-05, 0.000180843, -0.000232082, 
881, 74869.6, 44.8153, 99.6042, 95.1896, 3.05403e-05, -4.62341e-05, -0.000165836, 
882, 76207.2, -15.5011, 71.4445, 120.501, 3.01067e-05, -1.24131e-05, -0.000171752, 
883, 3864.62, 152.245, -194.54, 54.9311, -0.000143883, 0.000283059, -3.58881e-05, 
884, 90040.9, -59.8233, 189.035, 105.088, 3.5636e-05, -0.000299819, -0.000128, 
885, 43910, -168.705, 126.9, -173.877, 0.000148073, -8.7266e-05, 0.000190946, 
886, 18767.4, -185.432, 38.3302, -142.411, 0.000218516, -4.31891e-05, 0.0001172, 
887, 16072.5, -86.4418, -81.0692, -36.9048, 0.000145069, 6.91245e-05, 1.32981e-05, 
888, 88055, 64.4238, -72.7907, 51.3853, -0.00017412, 0.000158524, -2.1442e-05, 
889, 124105, -36.6483, -51.126, -181.161, -3.42556e-05, 5.03271e-05, 0.000176627, 
890, 81550.8, 103.401, 190.433, 120.736, -8.3801e-05, -0.000293797, -0.000119723, 
891, 207409, -149.877, -42.784, 168.228, 0.000172662, 0.000146574, -0.000157222, 
892, 17292.2, -198.294, 150.531, 132.725, 0.000275299, -0.000123323, -0.00012237, 
893, 29477.8, 66.3949, 168.195, -182.21, -1.55731e-05, -0.000165804, 0.000256415, 
894, 7475.22, -13.8737, -157.401, -141.879, 1.2761e-05, 0.000230182, 0.000170187, 
895, 61370.8, -119.418, -196.26, 89.3259, 8.93795e-05, 0.000288304, -9.08965e-05, 
896, 308324, 84.1753, 186.509, -144.584, 0.000141966, -0.000189109, 7.41596e-05, 
897, 110445, -184.776, -123.48, 68.3879, 0.000258449, 0.000110461, -7.55912e-05, 
898, 109736, 179.11, -82.3666, 101.97, -0.000308169, -0.000211085, -0.000252266, 
899, 82634.2, -78.5453, -41.8968, -171.117, 0.00010011, 2.41844e-05, 0.000240193, 
900, 15369.9, 106.906, 128.343, 46.0577, -0.000202591, -0.000153834, -2.38485e-05, 
901, 19852.3, 30.7282, 48.9578, -23.0916, -3.35471e-05, -6.44173e-05, -3.98252e-06, 
902, 30159.8, 153.44, 95.1418, -197.338, -0.000184242, -1.19055e-05, 0.000276848, 
903, 406168, 24.0931, -46.4885, -103.906, -3.92847e-05, 2.98688e-05, 0.000134894, 
904, 283206, -98.3308, -151.837, 22.3457, 5.95182e-05, 0.000224312, -8.18344e-05, 
905, 74862.1, 126.073, 21.8624, 141.482, -0.000170817, 2.4011e-05, -0.000102177, 
906, 29928.4, 129.921, -121.682, 119.835, -0.000139626, 8.76675e-05, -0.000217027, 
907, 56321.9, -33.6187, -92.7138, 94.6311, 6.22564e-05, 0.000150718, -0.000107838, 
908, 70579.5, -174.481, -152.02, 118.345, 0.00019537, 7.20448e-05, -0.000123952, 
909, 2374.24, -23.2116, -29.58, -4.55598, 9.08653e-05, 7.83132e-05, -4.36065e-05, 
910, 257749, 10.9476, -117.465, -114.156, -1.17586e-05, 0.000141552, 0.000117922, 
911, 52870.8, -182.113, 175.483, 143.575, 0.000315577, -0.000130173, -8.32756e-05, 
912, 73734.5, 17.2127, 172.499, -26.9582, 2.18041e-05, -0.000260631, 5.7521e-05, 
913, 154890, -65.7824, 110.777, 10.7259, 0.00031563, -8.95149e-05, -0.00018215, 
914, 34503.2, 28.8028, -172.981, -149.07, -8.57054e-05, 0.00019378, 0.000158783, 
915, 302313, -3.69484, 30.9679, -116.365, -1.1373e-05, -5.36932e-05, 0.000100082, 
916, 48269, -22.3136, -121.737, -147.931, -3.1587e-05, 0.000102223, 7.09003e-05, 
917, 71440.3, 45.306, 142.736, -88.4432, 1.39803e-05, -0.000262855, 0.000201814, 
918, 37656.2, 165.381, 113.15, -120.934, -0.000209032, 7.51814e-05, -3.24212e-05, 
919, 214827, -49.3008, 32.3052, -154.133, 8.32365e-05, 0.000133169, 0.00018036, 
920, 37174.1, 147.022, -72.5844, -94.7044, -0.000251437, 0.00012889, 5.49562e-05, 
921, 188731, 162.883, 169.349, 76.0224, -0.000241716, -4.43999e-05, -1.84031e-05, 
922, 85920.2, 118.857, 9.29233, -108.516, -0.000136195, 3.30273e-05, 0.000182224, 
923, 30814.5, 161.024, -25.8166, -179.585, -0.00021776, 1.44903e-05, 0.000217985, 
924, 546352, -143.915, -14.3279, 191.219, 0.000120974, 7.6405e-05, -0.00024744, 
925, 11079.1, -92.6855, -75.2081, 174.079, 0.000114809, 7.49167e-05, -0.000289759, 
926, 117668, 115.183, 94.6607, -152.831, 0.000126163, -0.00226983, -0.00011166, 
927, 65187.6, -40.8918, -162.972, 8.92129, 1.87824e-05, 0.00027564, -2.98618e-05, 
928, 12481, -192.016, 191.899, -29.8171, 0.000271092, -0.00025895, 2.59115e-05, 
929, 7076.11, 61.7414, -158.192, 141.112, -0.000130062, 0.0001906, -0.000114846, 
930, 113044, 149.477, -134.439, -107.609, -0.000184799, 7.67272e-05, 0.00012808, 
931, 30277.5, 119.77, 60.859, -172.791, -0.000108645, 9.87221e-06, 0.000284457, 
932, 19134.3, 152.916, 88.7842, 117.246, -0.000193157, 1.55826e-05, -5.48745e-05, 
933, 33956, 132.175, -85.4297, 138.542, -0.000163898, 0.000202415, -0.00020915, 
934, 41452.5, -24.3974, -44.3747, 44.1381, 0.000105128, 9.57822e-05, -3.68904e-05, 
935, 88960.2, 171.017, -41.7002, 42.6959, -0.000336245, -3.77134e-05, -0.000145006, 
936, 41976, -170.164, 182.496, -141.931, 0.000170026, -0.000222528, 0.000117615, 
937, 217216, -103.566, -161.596, -156.534, 9.78881e-05, 0.000267082, 0.000284402, 
938, 23265.7, 119.957, -151.432, 182.243, -0.000175515, 0.000141799, -0.000251315, 
939, 50930.9, 94.262, 153.452, -98.9299, -2.76654e-05, -0.000212191, 0.000161332, 
940, 156684, -77.2615, -100.106, -67.6351, 0.00011477, 7.75128e-05, 3.46065e-05, 
941, 20818.4, -42.3228, 172.376, 13.9831, 0.000123903, -0.000285715, 2.51321e-05, 
942, 128535, -132.64, 98.1561, 175.122, 0.000331985, 0.000222797, 1.2272e-05, 
943, 123191, -77.5271, 187.424, -107.633, 1.44402e-06, -0.000312145, 4.16628e-05, 
944, 30204, -198.123, 28.0007, -89.888, 0.000305046, -2.58431e-06, 9.4409e-05, 
945, 14151, 101.399, 41.9452, -153.382, -0.000120289, -1.33514e-05, 0.000272798, 
946, 636.499, 74.9792, -7.73443, -163.683, -4.23536e-05, -7.66665e-05, 0.000249295, 
947, 210578, -177.48, 132.557, 94.1339, 0.000479584, 4.23931e-06, -8.62892e-05, 
948, 151705, 63.1605, 173.303, -43.5385, -3.59771e-05, -0.000306979, 5.22417e-05, 
949, 85668.2, -16.0205, 29.3072, -124.527, 0.000270235, 1.00175e-05, 0.000301664, 
950, 8067.9, 27.4366, 40.0649, 130.862, 1.37408e-05, 1.26333e-05, -0.000195066, 
951, 10259.9, -52.634, 110.243, -10.2481, -1.60427e-05, -0.000155797, 0.000147929, 
952, 248973, 71.6604, -60.3449, 102.139, -0.000125887, 0.000121471, -0.000154698, 
953, 22777, 152.191, 58.1947, -125.509, -0.000260206, -4.30215e-05, 0.000183007, 
954, 221946, 36.5838, 58.4527, -61.2046, 6.83893e-05, -1.23381e-05, 6.20223e-05, 
955, 4167.21, -38.7489, 60.4384, 39.1891, -9.43394e-05, -4.16002e-05, -6.72257e-05, 
956, 63225.3, 52.7359, 62.3266, -60.6665, -0.000227584, 3.66006e-05, -3.78222e-05, 
957, 76883, 177.549, 182.699, -149.412, -0.000213797, -0.000220575, 0.000148202, 
958, 16714.9, -42.978, 173.623, 195.01, 4.83262e-05, -0.00020435, -0.000281652, 
959, 142125, 153.368, 92.0818, 175.428, -0.000238813, 0.000131544, -0.00026095, 
960, 50927.3, 140.034, 86.8519, 59.3538, -0.000216754, -0.000118501, -1.99058e-05, 
961, 23374, 82.7303, 85.9721, 18.6862, -0.000104815, -6.34341e-05, -2.43326e-05, 
962, 186842, 73.2569, 99.0087, 145.771, 0.000208723, -2.69381e-05, -0.000129382, 
963, 186016, -179.719, 124.49, 12.2343, 0.000271274, -0.000146438, -8.11412e-06, 
964, 150017, -117.883, 175.899, -72.1624, 0.000129592, -0.000271941, 6.35513e-05, 
965, 12351.6, -8.93226, 66.4374, 173.087, 4.29282e-05, 4.26745e-05, -0.000277998, 
966, 18040.7, -121.527, 183.214, 152.292, 0.000160472, -0.000273741, -4.32306e-05, 
967, 365471, 64.2507, 78.7696, -79.2093, -9.88561e-05, -9.0994e-05, 0.000139141, 
968, 141398, 7.42646, 26.4323, 111.022, 2.42496e-05, -4.90969e-05, -0.000212007, 
969, 39913.5, 5.71517, -59.8476, 35.1702, 0.00018645, 8.04327e-05, 6.47489e-06, 
970, 4957.12, -176.335, -40.3649, 90.0273, 0.000290147, 0.000110476, -8.48797e-05, 
971, 56588.8, -112.142, 102.94, -153.77, 0.00017724, -0.000145007, 0.000169892, 
972, 33212.9, -168.537, -152.36, -135.028, 0.000274013, 0.000205231, 6.21257e-05, 
973, 27703.4, 169.167, -153.646, 66.0987, -0.000281033, 0.000219216, -7.43401e-05, 
974, 77007.2, 41.4348, -78.9837, 48.0035, -9.31211e-05, 0.000296268, -3.93532e-05, 
975, 56906.5, -20.1148, 7.97118, -20.2011, 6.64331e-05, 5.01959e-05, -2.49628e-06, 
976, 40865.7, -135.482, 69.3754, 12.8052, 0.000218198, -0.000147251, -8.94013e-05, 
977, 5817.58, -152.062, 142.477, 78.3046, 0.000217008, 2.83352e-05, 4.37315e-05, 
978, 76162.7, 155.983, -82.1901, 80.1508, -0.000196864, 7.29322e-05, 4.52991e-05, 
979, 43151.2, -178.514, 151.815, 109.657, 0.000279242, -0.000263637, -0.000171158, 
980, 38264.6, 47.9341, 67.9771, -64.8885, -1.30299e-05, -0.000232434, 0.000134464, 
981, 32246, 162.804, -166.767, -100.658, 0.000161984, 0.000713506, 0.000286479, 
982, 205630, 91.824, -176.115, -89.1009, -0.000281833, 4.8729e-05, 9.8297e-05, 
983, 152053, -175.034, 178.76, -30.4974, 0.000239999, -0.000230019, 6.1833e-05, 
984, 176833, 156.015, 93.8685, 96.8313, -0.000249052, -7.77486e-05, -1.97505e-05, 
985, 35522.5, -157.255, -138.001, -36.1221, 0.000230763, 5.68753e-05, 0.000136547, 
986, 12347.6, 60.3031, -26.559, -193.464, -3.62849e-05, -2.19968e-05, 0.000355117, 
987, 141252, 152.153, -186.397, -81.4575, -0.000148522, 0.000286749, 4.25641e-05, 
988, 32501.8, -26.7684, -63.0277, -152.488, 3.43326e-05, -7.40096e-06, 0.000202252, 
989, 118945, -173.082, 92.6964, -103.881, 0.000235131, -9.54358e-05, 7.5288e-05, 
990, 26452.4, 98.5345, 173.468, 86.1752, -0.000117403, -0.000280177, -7.27222e-05, 
991, 155703, 95.8551, 59.8427, -46.5383, -0.000123017, -0.000102199, 5.39434e-05, 
992, 137638, 103.27, -162.997, -40.2234, -9.29268e-05, 0.000138632, 1.72395e-05, 
993, 25517.8, 30.5749, -86.8579, -11.7721, 4.13333e-05, -0.000227231, -0.000328388, 
994, 35546.1, 113.184, 134.864, 181.452, -6.9605e-06, -0.000231986, -0.000235248, 
995, 199466, -62.0738, 57.3703, 28.1664, 0.000129712, -1.80233e-05, 3.28267e-05, 
996, 168949, 180.034, -105.838, -39.1293, -0.000294776, 9.43702e-05, 6.11269e-05, 
997, 137066, -156.434, 157.849, 85.4005, 0.000255283, -0.000331021, -9.14869e-05, 
998, 21868.6, -189.793, 129.917, -44.0339, 0.000168577, -0.000351386, 5.74063e-05, 
999, 1415.09, -22.2298, -61.3255, -49.5842, 6.3928e-05, 8.97876e-05, 9.78346e-06, 
