ID, Mass [kg], pos_0 [m], pos_1 [m], pos_2 [m], vel_0 [m/s], vel_1 [m/s], vel_2 [m/s], 
0, 5682.38, 0.475059, -3.9419, -0.781326, 0.00677407, 0.00065504, -0.0030043, 
1, 51291.5, 7.8551, 13.5714, -9.00378, -0.00320208, -0.00320958, 0.00272265, 
2, 73779.3, -2.53765, -2.33453, 1.55966, 0.000793518, 0.00409269, -0.00672476, 
3, 9731.99, -2.65095, -1.77234, -6.58115, 0.00565412, -0.00644207, 0.00562856, 
4, 104587, -0.797287, 1.58058, 0.839268, -0.00477779, -0.00589549, 0.00176869, 
5, 42215, -3.97946, 1.41987, -3.25672, 0.00388984, 0.00389556, 0.00562215, 
6, 57220.4, -8.03735, 7.06691, 4.81391, 0.00720848, -0.00945153, -0.000615522, 
7, 44855.5, -0.193736, 1.03651, -1.75743, -0.000881639, -0.00193988, 0.00550968, 
8, 276797, -5.13023, 6.83038, -4.02731, 0.00287476, -0.0020245, 0.00764784, 
9, 2643.18, -3.23672, 0.493302, -1.76949, 0.000149114, 3.1442e-05, 0.00626056, 
10, 33961.7, -9.46654, 4.16598, 4.9878, 0.0011986, -0.00324233, -0.00263895, 
11, 8691.35, 1.96599, -8.34203, 3.58763, -0.00609419, 0.00632081, -0.000289021, 
12, 141682, -3.89169, -0.837319, 1.92737, -0.00329194, -0.00153894, 0.00114772, 
13, 288611, -1.904, -1.70757, 0.795823, 0.00988514, 0.00216025, 0.00364736, 
14, 512847, -7.1816, 5.29107, 4.70772, 0.00467383, -0.00679198, -0.00804155, 
15, 15651.7, -0.400975, 0.0490343, 2.48986, 0.000992527, 0.00102983, 0.00271479, 
16, 182451, -1.37786, 7.26434, -8.81553, -0.00281088, -0.00452045, 0.00566842, 
17, 62197.8, -3.58825, 8.60689, -2.22625, 0.00420306, 0.00136012, 0.00285831, 
18, 185440, -0.195374, -2.13191, 5.19501, 0.00457694, 0.00591429, 0.00177036, 
19, 36701.4, -10.0279, -6.15848, 8.96662, 0.00430831, 0.00377983, -0.00444929, 
20, 106936, 7.39797, 9.95121, -1.73276, -0.00492154, -0.00470773, 0.00123215, 
21, 161838, -2.48732, -3.64046, 3.87595, -0.00367508, 0.00152186, -0.00197916, 
22, 144875, -2.99678, -0.835993, 0.042559, -0.0097203, 0.00724821, -0.00815248, 
23, 100936, -6.59069, 0.681291, -4.88406, 0.000153024, -0.00755507, 0.00311185, 
24, 95186.1, -6.67361, -6.22244, -7.09342, 0.00194982, 0.00541374, 0.0065986, 
25, 151808, -3.23394, 10.3552, -9.07414, -0.00217561, -0.00479156, 0.00494138, 
26, 118354, -7.0137, 3.75898, -4.1227, 0.00284823, -0.00317835, 0.00719458, 
27, 149234, -4.85452, -0.32263, -0.175907, 0.00432474, 0.00590598, 0.00624279, 
28, 9985.68, -2.33052, -0.124855, 1.44667, 0.00722773, -0.00570766, 0.000493297, 
29, 180895, -4.00367, -2.80395, 0.81819, -0.00942058, 0.00699893, -0.00823369, 
30, 486.041, 0.0579016, -5.41642, 3.90505, -0.00849658, 0.00544783, -0.00200751, 
31, 70262.9, -2.766, -4.15624, -2.01331, -0.00133077, 0.00878373, 0.00656387, 
32, 45902.1, -2.14109, 1.44057, -0.278961, -0.000441183, 0.000928422, 0.00710938, 
33, 24444.7, 0.474039, -1.06226, -0.862546, -0.00337749, 0.000711829, 0.00580203, 
34, 65679.9, -6.95066, 2.5318, 3.05065, 0.00810805, 0.00276758, -0.00466612, 
35, 3309.29, -2.19191, -1.53677, 1.53988, 0.0131512, 0.0018473, -0.000457748, 
36, 8280.38, 7.92451, -7.16664, -1.96779, -0.00532715, 0.00332821, 0.00244577, 
37, 94538.9, -0.133458, 0.111695, 3.2569, 0.00156397, 0.00225901, -0.0051661, 
38, 30213.7, -7.74129, 3.50233, 4.87391, -0.00141606, 0.000778349, -0.00311342, 
39, 53471.9, -0.345284, 7.25311, 1.37727, -0.00360043, -0.00825263, 0.00539033, 
40, 43100.3, 6.99994, -5.21659, 7.14045, -0.00858415, 0.000417617, -0.00392271, 
41, 44746.6, -5.73169, 0.365802, -6.27226, 0.00340933, -0.0083831, 0.00420301, 
42, 34053.9, -5.93915, 1.10228, -6.95282, 0.00222625, -0.00450713, -0.00314119, 
43, 54380.2, 0.0989205, -0.944079, -0.275532, -0.00692248, 0.00079854, 0.00746404, 
44, 38723.2, -8.36119, 7.01573, 3.06746, 0.000332867, -0.00219747, -0.0031702, 
45, 2321.23, -2.58406, -0.991774, -0.30625, 0.00826493, 0.000700028, 0.00572207, 
46, 241169, 0.699744, 4.99593, -1.02925, -0.00371644, -0.00785823, 0.00236455, 
47, 344827, -0.15694, -0.119143, -1.45683, -0.00589539, 0.000834873, 0.00735335, 
48, 39271.1, -0.745387, -1.59083, 1.04186, -0.00637343, -0.0091906, -0.00425521, 
49, 19687.8, 10.12, -9.40327, -0.928008, -0.00483933, 0.00332379, 0.00152479, 
50, 61216.8, -6.11186, -0.463594, 5.07335, -0.00350417, 0.00705091, -0.00145323, 
51, 19182.2, 6.11727, -5.27514, 8.03117, -0.00478674, -0.000525601, -0.000853453, 
52, 12420.5, -3.3512, -3.70144, 1.34116, -0.00312591, 0.00545879, -0.00184201, 
53, 85447.4, 7.68575, 4.41226, 8.71065, -0.0050848, -0.00176708, -0.00364297, 
54, 361436, -6.3772, 4.00495, 4.61536, 0.000100523, -0.00318628, -0.0021367, 
55, 158926, -5.57285, 3.5593, 7.78393, 0.00267516, -0.00400108, 9.73299e-05, 
56, 49282.6, 6.68932, -5.05092, 6.72852, -0.00403929, -0.000637376, -0.00135244, 
57, 218355, 1.36466, 2.30737, 3.34184, -0.00438301, -0.00530405, -0.00545202, 
58, 22371.5, -9.7737, 6.68397, 7.93122, 0.00728876, -0.00401224, -0.00215159, 
59, 55919.9, 3.13486, -6.27781, 3.24298, -0.0043526, 0.00650086, -0.0017925, 
60, 21598.8, 0.0950029, -3.50639, 0.980481, -0.0060206, 0.00995456, -0.00930437, 
61, 398.952, -1.16267, -0.613926, 3.50334, -0.00168264, 0.00365793, 0.00317736, 
62, 1108.92, -5.73212, 7.5211, -6.12537, 0.00437749, -0.00489432, 0.000968778, 
63, 108555, 0.0589813, -2.64346, 2.58976, 0.0105777, 0.0047875, 0.00488965, 
64, 244863, -5.21972, 2.33516, -7.68552, 0.00153316, -0.00191323, 0.00708995, 
65, 220694, 7.02703, -5.01688, 7.15795, -0.00597227, 0.00274549, -0.00239131, 
66, 61700, 1.47403, -7.90686, -7.00709, -0.00286446, 0.0045096, 0.00477431, 
67, 55388.9, 12.7569, -6.23956, -11.1891, -0.00340002, 0.00174826, 0.00272255, 
68, 211156, 0.427784, -1.45115, 1.98502, 0.000744246, 0.00145416, -0.000213676, 
69, 12720.6, -6.20584, 0.568133, -5.20538, 0.00641716, 0.00806358, 0.00468726, 
70, 25096, -4.51874, 0.0737514, 2.37765, 0.00718221, -0.00120524, -0.00714632, 
71, 179870, -2.27017, -4.96454, 4.19359, -0.00172624, -0.00130946, 0.0016302, 
72, 79123.8, 5.64241, 5.19608, -0.266809, -0.00702299, -0.00438503, 0.00129127, 
73, 110870, -5.30709, 3.83416, 3.96884, 0.00398454, -0.00457354, -0.00675276, 
74, 43359.1, -9.11439, -3.29071, -3.75196, 0.00548182, -0.00636813, 0.00870378, 
75, 140124, 0.823259, -3.35512, 0.399148, 0.0023973, 0.00561002, -0.00212268, 
76, 229268, 2.8572, -6.30445, 3.59099, -0.00675132, 0.00706064, -8.89879e-05, 
77, 302149, -6.93649, 0.623689, 6.23138, 0.00673286, 0.00204386, -0.00629081, 
78, 100708, 2.89304, -0.956394, 2.99603, 0.00525638, 0.00484088, -0.00216696, 
79, 46633.4, -1.31635, -0.843514, 3.20514, -0.00108613, 0.00556882, -0.00129115, 
80, 143926, 0.894335, -3.3964, 0.304722, 0.0036437, 0.00209085, -0.00668705, 
81, 270.261, 5.52965, -0.127228, -5.78729, -0.00544375, 0.000960132, 0.00590303, 
82, 159650, -3.78389, 0.216506, 0.726906, 0.00175188, 0.00574133, -0.00257327, 
83, 24756, 1.30548, 3.31106, 2.57356, -0.00441769, -0.00752023, -0.00758026, 
84, 18375.3, -5.57416, -5.20004, 1.36269, -0.00467086, 0.00656732, -0.00177017, 
85, 491877, -9.38987, 6.72695, 7.54464, 0.00267974, -0.00120139, -0.00375419, 
86, 194807, -7.86414, 3.34939, 3.1856, 0.00239006, -0.00306497, -0.00450337, 
87, 8649.23, -10.7969, 1.95188, -5.94287, -0.00164975, -0.00244715, 0.0013648, 
88, 138901, -7.01196, -1.66067, -1.03098, -0.00330791, 0.00758426, -0.00548753, 
89, 50202.9, 0.204695, 2.45267, 3.34498, -0.00426112, -0.00630189, -0.00120965, 
90, 98321.9, -3.73381, -2.61232, 2.39112, -0.00113661, 0.0100342, -0.00872824, 
91, 384069, -3.92476, -0.220438, -0.598013, 0.000963473, 0.00881762, -0.00390866, 
92, 81279.9, -5.08845, 4.44808, -4.7229, 0.00518618, 0.00760795, 0.00301986, 
93, 91375.2, -0.365477, 1.60683, -3.65661, -0.00585015, 0.00101944, 0.00497639, 
94, 5476.7, 1.26233, 2.05289, 1.84615, 0.00375745, 0.00992006, -6.37457e-05, 
95, 33452.5, -2.55842, -4.74949, -0.379338, -0.00361106, -0.00477122, -0.00423967, 
96, 25752.1, 13.938, 12.3532, 11.7398, -0.0028832, -0.00300561, -0.00238281, 
97, 200797, 0.00456173, 0.115908, -3.00642, -0.010958, 0.000734185, 0.00581284, 
98, 298981, -1.8214, -1.31031, 2.14106, -0.00305138, 0.00548986, -0.00979518, 
99, 93146, -0.141799, 3.6323, 0.0344542, -0.00439847, -0.0091425, 0.00220076, 
100, 8612.85, 5.64959, -5.28353, 5.59222, -0.00563921, 0.0053665, -0.00158944, 
101, 24343.5, -6.09253, 0.625714, -2.32268, 0.00155048, -0.00595335, -0.00179278, 
102, 10296.7, -2.26517, -2.05125, 2.68944, -0.010382, 0.00920978, -0.0119252, 
103, 15719.8, -4.65267, 7.8608, -4.53993, 0.00583688, -0.00243525, 0.000343529, 
104, 230040, -6.72216, 0.821707, -4.96523, 0.00687322, -0.00545845, 0.00809724, 
105, 17846.1, -0.195301, -3.29383, 1.58692, 0.00594053, -0.00196278, -0.00500414, 
106, 22216.6, -1.69327, -2.55094, 1.57503, 0.000928277, 0.0045505, -0.00670575, 
107, 98486.7, -5.96915, 4.11281, -6.16535, 0.00687793, -0.00668683, 0.00251934, 
108, 214214, 8.68962, 6.35146, 9.47701, -0.00477692, -0.00157775, -0.00166441, 
109, 131614, -4.50476, 0.974658, -3.02011, 0.00530656, 0.00733716, 0.00484107, 
110, 160023, 0.339228, -1.07892, 2.17333, -0.000645817, 0.000332297, -0.00445405, 
111, 115735, -2.72976, -1.42812, 2.50659, -0.000131999, 0.000848601, 0.00248735, 
112, 378585, -9.01572, 7.50046, 5.59269, 0.00542754, -0.00783641, 0.000643424, 
113, 83295.8, 1.55577, 4.72007, 5.39459, -0.00239259, -0.00523036, -0.00505762, 
114, 148827, 4.21593, 3.67509, -1.20137, -0.00750601, -0.00165177, 0.00236263, 
115, 285284, -6.22767, 6.51165, -8.73775, 0.00350227, -4.80967e-05, 0.00155282, 
116, 515864, -3.33102, -2.46673, 3.26516, 0.00364731, 0.00858467, -0.00262183, 
117, 88363.5, -6.44187, -3.65113, -5.80319, 0.00218852, 0.00682783, 0.00508605, 
118, 155064, -10.7532, 2.51469, -5.51425, -0.00390273, -0.00457624, 0.00438607, 
119, 18098.3, -4.7993, -1.33906, 0.944815, -0.00214068, 0.00611252, -0.00120403, 
120, 34391.6, -9.20195, 6.79413, 9.08567, 0.00342676, -0.00240148, -0.00240996, 
121, 78154, 0.821757, -3.88879, 1.5356, 0.00529935, 0.00761345, 0.00240085, 
122, 10497, -0.563474, 0.512552, -3.08115, -0.00716264, -0.000772909, 0.00432953, 
123, 59058.1, -3.80319, -2.83299, 2.73008, -0.00261319, -0.00847223, 0.00140641, 
124, 5646.35, -2.85678, -3.04996, -0.526464, -0.00724088, 0.00434897, -0.00826388, 
125, 103346, -6.74263, 5.22499, 3.19493, 0.00396846, -0.00675649, -0.00350054, 
126, 64702.5, 11.0427, 5.04028, 2.02845, -0.00505094, -0.00150633, -0.00418157, 
127, 199056, 1.23147, -2.40231, 1.0063, -0.000275142, 0.00820649, -0.00119562, 
128, 192649, -2.36678, -0.461791, -1.39947, -0.0025868, -0.000281029, 0.00729521, 
129, 1707.71, -0.279353, 1.23873, 2.86053, -0.00595887, -0.00764204, -0.00178887, 
130, 19869.9, -4.23449, 5.55688, 2.19295, 0.00491876, -0.00424068, -0.00655616, 
131, 143979, 0.14182, 5.87055, -0.786755, -0.000923743, -0.00313206, -0.000180867, 
132, 37850.6, 7.76553, -8.19239, 9.79078, -0.00290487, 0.00425688, -0.00455087, 
133, 50031.5, -8.2674, 3.09685, 4.79873, 0.00673449, -0.00836765, -0.00845727, 
134, 369068, 7.47054, 4.77754, 4.79219, -0.00556091, -0.0022701, -0.00282228, 
135, 3806.98, -5.10254, 4.66571, -4.92003, 0.000970416, 0.00746082, 0.00571781, 
136, 64591.7, -5.64507, -2.75525, 5.01117, -0.00418162, 0.00280694, 0.00160342, 
137, 1688.15, 1.2231, -0.998738, 2.83264, 0.00592761, 0.0108953, -0.00278034, 
138, 439943, -6.30061, -0.302348, -2.87042, 0.00559216, -0.00341644, 0.0058476, 
139, 72054.1, -0.79767, -0.790098, 3.46045, -0.00187349, 0.0056236, 0.00157452, 
140, 10511.3, -6.002, 5.32164, -6.02089, 0.00272922, -7.32569e-05, -0.000568589, 
141, 28560.6, -6.13336, -0.435981, -3.2684, 0.00607305, 0.00851254, 0.00832297, 
142, 92270.6, -4.8822, -2.25071, -3.20555, 0.00202203, 0.00854314, 0.00715156, 
143, 57507.6, 8.6247, -0.805082, -8.82592, -0.00471288, 0.000570731, 0.00424397, 
144, 106955, 0.919722, 5.74366, -3.2757, -0.00176053, -0.00409635, -0.00224585, 
145, 53021.1, -3.29569, -1.58405, 1.31127, 0.00319414, 0.000812088, -0.00810703, 
146, 127593, -3.40737, -0.0363699, 2.33984, 0.00482126, -0.00590085, -0.00137853, 
147, 31386.3, 0.672496, 0.435879, 1.98758, -0.0021508, 0.00687285, -0.000464501, 
148, 89613.6, -2.39011, -1.81025, 3.20743, -0.00791057, 0.0123198, 0.00650294, 
149, 251415, -6.20097, 4.53041, -7.88557, 0.00215905, -0.00209097, 0.0050519, 
150, 55890.6, 0.114641, -3.40959, 1.30975, 0.00906332, 0.00820838, -0.00105066, 
151, 174949, -6.40309, 1.27751, -5.01492, 0.00137803, -0.00146992, 0.0077457, 
152, 66072.8, -7.242, 6.65588, 1.37382, 0.00202491, -0.00152724, -0.00557188, 
153, 19075.8, -2.17719, -6.6131, -1.71289, -0.000953225, 0.00790756, 0.00539454, 
154, 47261.5, -1.67844, -3.49572, 3.98451, 0.00185969, 0.000517968, 0.00451608, 
155, 102102, -0.555888, -0.288861, 2.06824, -0.00374394, 0.004573, -0.00312594, 
156, 5375.03, -0.526977, 0.06777, 1.62344, 0.00700997, 0.00727101, -0.00656244, 
157, 3761.7, -5.03636, -2.89471, 5.66448, -0.00297319, 0.00127324, 0.000804656, 
158, 7652.65, -0.195138, 3.77696, 4.22745, -0.00652265, -0.00406205, -0.00467199, 
159, 47070.1, 0.063879, -1.16736, 0.368199, 0.000746557, 0.00801078, 0.0013353, 
160, 17972.9, -7.9931, 0.205611, -1.76065, 0.00279832, -0.000433833, 0.0092437, 
161, 218629, -6.43416, 3.79128, -4.57603, 0.00232814, 0.003385, 0.00283203, 
162, 138887, -3.02305, 1.75736, 2.90452, -0.00372657, 0.00595072, -0.00339298, 
163, 33277.3, 0.192368, -0.252025, 0.169788, -0.00727433, -0.00185344, 0.0105893, 
164, 167891, -3.3272, -3.71879, -0.0774744, -0.00381374, 0.000467175, -0.00320651, 
165, 62570.5, 0.185159, 12.239, 1.21927, -0.00221246, -0.00534597, 0.00108412, 
166, 38130.4, -2.06941, -8.0897, -7.35209, -0.00106098, 0.00515624, 0.00538387, 
167, 22403.8, -6.69964, 3.54023, -5.6545, 0.00334054, -0.00032163, 0.000284088, 
168, 1479.59, -6.70135, 4.6134, 7.67058, 0.000557463, -0.00524147, 0.00218139, 
169, 20399.9, -6.18416, 3.34006, -10.3142, 0.00519898, 0.00241213, 0.00494424, 
170, 115854, -2.23985, -1.92565, 1.55671, 0.0013845, -0.00136374, -0.0095313, 
171, 27762.9, -2.10321, -2.7668, 1.05556, -0.00751948, 0.0126729, -0.00849083, 
172, 250928, 1.03621, 5.87096, -3.0188, -0.00391779, -0.00721759, 0.00200846, 
173, 74469.2, 10.1544, 0.619432, 6.19205, -0.00352414, -0.00503504, -0.00251357, 
174, 143481, 10.0268, -6.35005, 8.40907, -0.00530185, 0.0032885, -0.00403083, 
175, 27145.1, -0.898473, -0.420848, 2.9631, -0.00481637, 0.0065603, -0.00302619, 
176, 32620.6, -2.97958, -4.22876, -0.167158, -0.00633512, -0.00459321, -0.00703143, 
177, 52575.7, -7.60398, 8.08018, -8.37621, 0.00137498, 0.000125502, 0.00185874, 
178, 19746.4, -3.0427, -4.83485, 5.47156, -0.0036683, 0.00564647, -0.00622591, 
179, 33623.1, 5.88305, 5.29347, 4.87683, -0.00793932, -0.00246128, -0.000993092, 
180, 50349.8, 5.68791, 6.29248, 7.36024, -0.0058204, -0.000950327, -0.00391887, 
181, 89376.8, 4.36744, 3.81478, 1.5038, -0.00728078, -0.00166108, 0.001083, 
182, 42160.2, -6.47757, 2.37876, -8.64445, 0.0036143, -0.00232537, -0.00147292, 
183, 100544, -6.12488, -0.864493, -1.11601, 0.00730811, -0.00207936, 0.00558826, 
184, 1446.88, -2.70662, -2.72273, -1.00079, 0.000441712, 0.00923671, 0.00723651, 
185, 119694, -6.90513, 0.902328, -2.2621, 0.00249468, 0.00472919, 0.00350417, 
186, 120999, 1.31012, -0.0667889, 3.5056, 0.00814794, 0.0101261, 0.000218585, 
187, 52698.3, -4.32907, -2.38318, 0.156852, -0.000369918, 0.00751021, -0.00615127, 
188, 105467, -3.91617, -2.11544, 3.76914, -0.00727271, 0.00365492, 0.00543855, 
189, 99748.4, -7.74788, 7.89815, -4.58144, 0.00484832, 0.00157413, 0.00240401, 
190, 77133, -1.74687, -1.55451, 3.23404, 0.00273429, 0.00743787, -0.00229974, 
191, 178804, -5.34478, -0.856844, -4.12639, 0.00552983, -0.00808678, 0.00786319, 
192, 8685.6, -4.42518, -3.87061, 2.81765, -0.00316806, 0.00539168, -0.000414517, 
193, 256954, -2.76003, -4.25691, 1.84459, -0.00259642, -0.00619782, -0.00627528, 
194, 53540.6, -4.08863, 0.810398, 4.60622, -0.0044427, 0.00913381, 0.000831595, 
195, 220652, -4.84082, 2.3127, -4.99569, 0.00600489, -0.00352845, 0.00480255, 
196, 10258.1, 0.493365, 7.10009, -1.33006, -0.00805019, -0.00710144, 0.00205184, 
197, 6083.3, -5.51596, 6.68422, -5.183, 0.0097869, -0.000948997, 0.0027229, 
198, 127562, -3.43135, -4.54227, 1.60816, -0.00602109, -0.00320835, 0.00209767, 
199, 34766.2, 7.73522, 5.32115, 6.1721, -0.00744365, -0.00431758, -0.00447592, 
