ID, Mass [kg], pos_0 [m], pos_1 [m], pos_2 [m], vel_0 [m/s], vel_1 [m/s], vel_2 [m/s], 
0, 94943.7, 16.3461, -0.531072, -18.6408, -0.00035301, -2.53508e-05, 0.000479404, 
1, 62676.1, 19.8333, 17.0596, 15.0609, -0.0004416, -0.000300051, -0.000218963, 
2, 129817, 8.22113, 0.118909, 12.5819, -0.000950442, -2.40613e-05, -0.000637865, 
3, 116722, -17.9749, -15.5397, -10.8221, 0.000579229, 0.000230439, 0.000310553, 
4, 50768, 6.16071, -3.77462, -7.17166, -0.000250745, -8.16173e-05, 0.000259195, 
5, 151125, -10.2927, 16.6605, 10.5943, 0.000349165, -0.000884687, 0.00014231, 
6, 8210.88, -16.6451, 5.82617, -7.40059, 0.000542056, 0.000410484, 8.69459e-05, 
7, 64135.2, 15.1095, -10.8511, 10.6153, -0.000588216, 0.000686431, -0.000258252, 
8, 49086.3, 2.91893, 1.32699, 12.4891, -0.000682004, -0.000137316, -0.000510808, 
9, 179608, 13.2686, 12.7609, 19.363, -0.000402455, -0.000251626, -0.000468029, 
10, 140950, 12.1117, -10.5089, -6.61587, -0.000488719, 0.000330764, 0.000174005, 
11, 1383.39, 13.0208, 6.62487, 12.5819, -0.000542221, -0.000182576, -0.000412813, 
12, 250361, -0.735649, -10.1875, 12.63, 4.31536e-05, 0.000612678, -0.000475767, 
13, 41751.1, -16.9584, 13.4659, 10.3972, 0.000662652, -0.000502166, -0.00025, 
14, 18464.4, 15.0938, 9.64237, 3.48165, -0.000521602, -4.28732e-05, -0.000112728, 
15, 47062.8, -18.6164, -1.29348, 1.57029, 0.000870234, 0.000362925, 0.000230968, 
16, 93408.5, 8.85932, -4.768, -12.5437, -0.000346759, 7.24041e-05, 0.000282213, 
17, 63985.3, 13.8287, -7.58851, 9.90577, -0.000629585, 0.000971192, -0.000243786, 
18, 495397, -6.19238, -19.5199, -14.8136, -1.46741e-05, 0.000740029, 0.00056178, 
19, 8175.9, 0.505565, 7.53552, 12.5523, -0.000282815, 5.11305e-05, -0.00026428, 
20, 133265, -16.9054, 19.6221, -11.2651, 0.000250724, -0.000907521, 0.000287641, 
21, 62915.9, -15.7371, -7.35501, -2.89996, 0.000436806, 0.000219382, 0.000317592, 
22, 26672.9, -1.81029, 8.83326, -3.71631, -7.0494e-05, -0.000114222, 0.000409207, 
23, 10031, 13.2452, -8.01604, 8.04146, -0.000419652, 0.000853741, 0.00041948, 
24, 97630.6, 0.0466649, -4.14869, 14.3984, 0.00017203, 0.00034757, -0.000871047, 
25, 3753, 5.67668, -14.5917, 7.13956, -0.000156095, 0.000556712, -0.000284842, 
26, 274293, -16.8179, 10.4841, -9.03634, 0.000567543, 0.000335032, -0.00033523, 
27, 10704.8, 12.2571, -2.77387, 8.4038, 9.91694e-05, -0.000923881, 0.000900983, 
28, 54714.2, 3.3697, -11.2874, 16.465, -0.000246195, 0.000539278, -0.000752308, 
29, 62041.6, 6.51711, -9.02006, 1.82763, -0.000306797, 0.000258224, 2.06066e-05, 
30, 83991.8, -16.1145, 7.55311, 10.6257, 0.000644568, -0.00139811, -0.00147198, 
31, 85336, -7.32328, 14.6398, -4.83923, 0.000104016, -0.000466629, 0.00017544, 
32, 6405.9, -0.50619, 5.24378, 7.19013, -0.000303038, -9.186e-05, 0.000100549, 
33, 6024.27, -1.53007, -8.29852, 13.7337, 0.000481168, -0.000121383, -0.00102498, 
34, 37843.3, 18.4902, 13.203, 2.74433, -0.00070156, -0.000243679, -0.000238269, 
35, 113731, -10.3262, 11.8864, 14.6599, 0.000506732, 0.000363935, -0.000546637, 
36, 1721.18, -18.7846, 2.03203, -1.12062, 0.000793145, 0.000168135, 0.000448156, 
37, 497942, -13.3598, 0.372404, 6.68015, 0.000356376, 0.000584911, -0.000393282, 
38, 27248.6, -3.48656, -10.7264, 3.69999, 9.35216e-05, 0.000245205, 0.00101629, 
39, 70169.5, 0.52967, -5.06919, 10.8604, -6.10437e-05, 0.000424227, -4.22953e-05, 
40, 82630.2, -5.85393, -2.38323, 4.21724, -9.34601e-05, 0.000280105, -1.12308e-05, 
41, 36719.1, 10.1482, -0.212224, -16.3231, -0.000283644, -0.000240774, 0.000524365, 
42, 29280.3, -9.18375, -15.4292, 13.6787, 0.000264797, 0.000515076, -0.000491076, 
43, 14429.9, 9.30073, 13.6979, 11.8565, -0.000742126, -0.000361189, -0.000329437, 
44, 46028.9, -17.8294, -8.20609, 0.921193, 0.000853607, -0.000630166, 0.00164838, 
45, 49132.5, 6.05036, 13.7163, 1.43731, -0.000302671, -0.000140788, 0.000491109, 
46, 99196.6, 17.5935, 2.82662, -13.5481, -0.000424696, -0.000130091, 0.000317551, 
47, 23307.7, -14.2212, 8.24029, -4.8835, 0.00016416, -4.79123e-05, -5.22284e-05, 
48, 68725, -2.98183, 9.53465, 4.97358, 1.13651e-05, -0.000241963, 0.000133302, 
49, 44059.3, 0.778861, 6.0295, -7.95135, -0.000149721, -0.000138575, 0.000440482, 
50, 30410.5, 7.82734, 3.5617, -1.94169, -0.000361775, -0.000128054, 0.000332702, 
51, 50893.4, 16.9768, -8.84588, 15.868, -0.000553732, 0.000385228, -0.000491852, 
52, 143593, 18.8185, 3.34382, 18.8541, -0.000491737, -3.6125e-05, -0.00040237, 
53, 21526.1, -19.1473, 13.338, 15.1975, 0.000665511, -0.000377234, -0.000476131, 
54, 3371.29, -11.9144, 6.09075, -19.184, 0.000145443, -8.97149e-06, 0.000760585, 
55, 71829.6, 2.84708, 17.2936, 14.9747, -0.00024282, -0.0013589, -0.000777006, 
56, 117977, -12.6956, -17.7021, 3.66201, 0.000459492, 0.000573401, -0.000211727, 
57, 88711.1, -8.13041, 16.9559, -16.8589, -0.00010459, -0.000358911, 0.00048839, 
58, 75328.6, 1.702, -11.1905, -11.1401, -0.000363646, 1.32866e-05, 0.000120529, 
59, 259081, 18.8533, -5.17418, -8.21042, -0.000559928, 7.36138e-05, 0.000236847, 
60, 62103.3, -11.7571, 18.7819, -19.3372, 0.000116795, -0.000398722, 0.000547603, 
61, 225027, 0.762775, 17.8211, -5.23168, -0.000108667, -0.00069776, 0.000175568, 
62, 49835.1, -0.833421, 12.31, 19.3666, -0.00025943, -0.00032401, -0.00131644, 
63, 10291, -8.60701, 12.7046, -8.72407, -0.000125716, -0.00028989, 0.000385359, 
64, 33558.3, 12.9654, 1.12027, 7.27267, -0.000650272, -0.000283721, 7.27967e-05, 
65, 44258.8, -7.37301, 15.3202, -8.12234, -3.60517e-05, -0.00055446, 0.000488656, 
66, 14345.9, -9.11431, 12.478, 0.46618, 0.000239414, -0.000494433, 0.000156499, 
67, 204759, -6.13333, -12.0474, 6.78816, 0.000276487, 0.000573063, -0.000385778, 
68, 120827, -3.11955, 11.8904, 15.1676, 7.35887e-05, -0.00128099, 0.00363123, 
69, 25946.8, -0.551435, -11.5733, -13.2654, 3.89812e-05, 0.000756612, 0.000546519, 
70, 169218, -13.928, 3.94354, 3.22138, -0.000352651, -6.2969e-06, 0.00119012, 
71, 8726.37, -7.37765, 9.47459, -11.4481, -0.000257418, -0.000187694, 0.0005432, 
72, 179484, -4.95462, -0.571167, 0.707298, -0.000112943, -2.06712e-05, 0.000348367, 
73, 225280, -11.4983, -14.2224, -14.4467, 0.000416728, 0.000139395, 0.000486596, 
74, 1065.8, -1.50872, -13.8579, -5.44457, -7.52572e-05, 0.000441422, 2.14117e-06, 
75, 23039.3, 8.58599, 19.7556, -19.2797, -0.000142428, -0.000310034, 0.000358851, 
76, 97718.6, -2.20726, 3.25457, 15.4089, 7.20515e-05, 3.24297e-05, -0.000804852, 
77, 97225.7, 7.8161, -1.46819, 0.607903, -0.000455672, -0.000168105, 0.000162825, 
78, 108293, 6.70428, -13.2041, 1.44116, -0.000279983, 0.000499612, 6.88666e-06, 
79, 20755.1, -10.7365, 5.93981, -17.0335, 1.32939e-05, 3.77356e-05, 0.000741377, 
80, 12051.5, -14.1402, 11.0645, 9.2762, 0.000377426, -0.000635244, -0.000124128, 
81, 7274.55, 11.4003, -18.5889, -15.6717, -0.000153223, 0.000414258, 0.000307538, 
82, 41167, 16.6437, -3.10549, 0.555546, -0.00062206, 7.61967e-05, 6.01499e-05, 
83, 17941.4, -6.34786, -15.3188, 12.0382, 0.000130588, 0.000661008, -0.000478583, 
84, 44427.1, 11.0505, 5.68234, -4.52908, -0.000380494, -0.000102598, 0.000310272, 
85, 22172.5, 15.5072, -19.6848, -8.51506, -0.000288048, 0.000455472, 5.6526e-05, 
86, 31611.7, -16.142, 7.45777, 10.4338, 0.000341023, 0.00122577, -0.00103308, 
87, 26634.8, -16.3804, -3.76559, -6.80387, 0.000367524, 0.000192591, 0.0002515, 
88, 75754.5, 8.84999, 11.957, -12.695, -0.00019271, -0.000257557, 0.000417817, 
89, 113107, -16.7135, -19.2496, 12.1166, 0.000319737, 0.000410063, -0.00028601, 
90, 27261.6, -11.2098, -8.85817, -0.81158, 0.000339585, 0.00021411, 0.000124481, 
91, 351484, -1.67374, 15.31, 1.71117, 0.000111314, -0.00058331, 0.00012922, 
92, 329973, -10.7217, 3.52048, 16.5396, 0.00037924, 0.000102681, -0.000694593, 
93, 29994.8, -19.4933, -10.7113, 11.5031, 0.000497122, 0.00031661, -0.000323808, 
94, 66540.9, 14.0736, 13.623, -10.9103, -0.000166653, -0.00031165, 0.000461335, 
95, 84875.3, -3.30513, -10.8172, 4.54143, -0.000293956, 0.000396881, -0.000276851, 
96, 264300, -17.9036, 7.94976, 3.49103, 0.00106892, -0.00184186, 0.000215971, 
97, 86518.6, -10.9119, -6.46578, 19.6937, 0.000306567, 0.000332721, -0.000599736, 
98, 315093, 18.8236, 13.4957, -3.29724, -0.000579572, -0.000275339, 0.000152087, 
99, 201632, 3.15699, -16.2686, -10.8148, -0.000627827, 0.000854798, -6.13277e-05, 
100, 359073, -13.2787, 8.53385, -11.2238, -0.000206484, 0.000235622, 0.000594302, 
101, 54977.4, 15.7821, 11.2329, 0.152505, -0.000400135, -6.46827e-06, -3.99831e-05, 
102, 118203, 13.9628, -4.11379, 14.4197, -0.000620838, 0.000182182, -0.000799375, 
103, 14953.6, 17.9022, -19.5153, -9.00268, -0.000448513, 0.000394458, 5.01627e-05, 
104, 46864, 1.54263, -14.6479, -9.29411, 0.000164096, 0.00019921, -0.000477331, 
105, 25231.1, -17.5597, 15.4119, 10.3153, 0.00070195, -0.000803855, -0.000192209, 
106, 30079, -6.74029, -9.25029, 18.4914, 0.000163364, 0.000430374, -0.00062277, 
107, 3629.19, 14.0721, -4.096, 14.3027, 0.00014401, 0.000294912, -0.00170549, 
108, 66090.9, 2.17932, 12.7459, 0.104189, -0.000328019, -0.000104521, 0.000425558, 
109, 61393.7, 7.25581, 0.0390796, 12.0451, 0.000518113, 0.000140254, 0.000215245, 
110, 20439.4, 18.1256, 6.46477, 9.02624, -0.000766728, -0.000100882, -0.000154337, 
111, 141284, 1.87689, -15.2897, -12.4697, 8.7141e-05, 0.000285176, 0.000953534, 
112, 92531.1, 1.02374, 16.7965, -7.62578, -0.000211371, -0.000194224, 0.00106481, 
113, 31864.8, -8.95142, -4.53885, 6.60182, 0.000654167, 0.000980791, -0.000355145, 
114, 44313.2, 12.1609, 15.5651, -2.51102, -0.000265966, -0.000461246, 0.000328465, 
115, 4750.24, -15.7411, 1.16443, -12.2176, 0.000241101, 0.000122175, 0.000591527, 
116, 44452.8, -6.56413, -13.6698, -5.56392, 4.27119e-05, 0.000366728, 0.000354742, 
117, 11256, 13.9021, 11.4571, -1.92193, -0.000156255, -7.26182e-05, 0.0002743, 
118, 19927.1, 9.92811, -15.9071, 18.2052, -0.000240937, 0.000430851, -0.000415686, 
119, 274949, 0.123455, 0.606228, 11.8145, 4.02689e-05, 0.000105633, -0.000263074, 
120, 100403, 14.2177, 16.2982, 3.31884, -0.000674535, -0.000478606, -4.18061e-05, 
121, 71368.6, -16.1153, 7.38042, 10.4893, 0.000920174, 0.000324575, 0.000649277, 
122, 191445, -4.85535, -6.99671, -12.3414, 0.000369893, -0.000127161, 0.000394537, 
123, 172817, -9.13266, 14.8829, 15.1281, -0.000240864, -0.00103457, -0.000878948, 
124, 64236.3, 7.18455, -3.52202, -0.326684, -0.000237315, 0.000408497, 0.000358953, 
125, 55232.1, -6.65839, -18.3804, -13.6968, 0.000719667, -0.0010554, -0.00129528, 
126, 82879, 8.26019, -3.3797, -15.3807, -0.000167457, -0.000102662, 0.000646738, 
127, 194422, -2.37086, -8.98014, -16.9457, 1.14574e-05, 5.42543e-05, 0.000884734, 
128, 19393.7, -1.10364, 4.80829, 18.35, -0.000158637, -1.4549e-06, -0.00106669, 
129, 294796, 8.97143, 16.7524, 4.59213, -0.000635929, -0.000750793, -0.000143406, 
130, 3377.38, -2.17726, -5.68847, -11.578, -0.000286276, -0.000287357, 0.000294678, 
131, 80.222, 3.42723, 2.98962, 1.31879, 9.16217e-05, 0.000173544, 0.000287837, 
132, 80445.4, 7.97877, 1.37001, 16.0975, -0.00047602, -6.02076e-05, -0.000968611, 
133, 62558.6, -8.17061, 1.83015, 19.5473, -8.35891e-06, 0.000310527, -0.00108252, 
134, 16081.4, -8.29804, 2.03161, 13.3406, 4.00395e-05, 0.000352785, -0.00034689, 
135, 23462.2, -3.51584, -7.77942, -11.6427, -0.000598881, 0.000454276, -0.000254357, 
136, 225632, -17.5946, 6.56629, 3.62333, 0.000945761, 0.000887847, 0.000157652, 
137, 67903, 10.0233, -6.87775, -19.4852, -0.000258289, 0.000128082, 0.000594481, 
138, 35061, 7.04597, -1.43286, 5.88631, -0.000730174, -0.000345229, 0.000543071, 
139, 88062.7, 6.82796, 8.95911, -18.7346, -0.000190803, -0.000166242, 0.000551511, 
140, 1521.39, -16.7875, 14.8934, -7.46181, 0.000217964, -0.000970158, -0.000894002, 
141, 457142, -3.12414, 11.9642, 14.8581, 9.63712e-05, -4.46063e-05, -0.00165226, 
142, 9623.76, -0.546207, 18.805, 1.69225, -0.000134084, -0.00131622, 5.51115e-05, 
143, 117111, -4.53064, 5.0533, 7.47635, -3.63834e-05, -8.74493e-05, -4.72184e-05, 
144, 51587.4, 16.7263, -10.4989, -5.04224, -0.000614439, 0.000373648, -1.00257e-05, 
145, 59160.8, 0.920414, -12.8743, 2.73042, -0.000192146, 0.000592483, -1.80709e-05, 
146, 46437.6, -3.18537, -2.15933, -16.7351, 3.50255e-05, -0.000238176, 0.000668352, 
147, 315819, 17.9431, -17.1261, -16.9846, -0.000309819, 0.000255846, 0.000274127, 
148, 9477.01, -18.0949, 0.385466, 3.17793, 0.00109298, 0.000411156, 0.0001122, 
149, 23731.9, 18.4341, -4.9266, -4.63546, -0.000539732, 3.93519e-05, -0.000341286, 
150, 1616.21, -13.7036, -7.63596, -13.8064, 0.000451195, -2.06696e-05, 0.000561655, 
151, 145441, -17.7941, -8.40779, 1.26884, 0.00057347, 0.000686017, -0.000607471, 
152, 89905.1, 4.55043, -11.8534, 11.8353, -0.000376132, 0.00063825, -0.000332994, 
153, 50014.5, -9.73494, -19.1778, 6.5992, 0.000119692, 0.00072667, -0.000350251, 
154, 21290.7, -4.91894, 8.28355, -10.5095, -0.000159617, -0.000125804, 0.000484891, 
155, 452855, 3.13337, 13.8225, 13.4263, -0.000506192, -0.000392864, -0.000466545, 
156, 61176.7, -15.6774, 12.3614, -12.4024, -0.000687867, -0.00017735, 0.00150337, 
157, 5863.45, 17.2821, -2.04257, -8.00264, -0.000285615, -0.00044604, 0.000182766, 
158, 105664, 7.75568, -9.084, -6.95481, -0.000224189, 0.000184098, 0.000198845, 
159, 31320.7, -11.2205, -8.34036, -11.2497, 0.000316356, -3.95257e-05, 0.000437139, 
160, 47367.3, -0.86576, -7.27671, 0.166486, -0.000140668, 0.000233294, 0.00019067, 
161, 98301.7, -14.2208, -19.267, -10.8733, 0.000365958, 0.000603682, 0.000175762, 
162, 73178, 14.6287, 7.42226, 9.38088, -0.000581888, -0.000190598, -0.00019887, 
163, 51504.1, 18.2423, 15.536, -10.9455, -0.000549025, -0.000348189, 0.000397914, 
164, 370259, -17.4316, 13.9578, -10.5916, 0.0003317, -0.0014513, -0.000307489, 
165, 149722, 3.67859, 11.6415, 6.92082, -0.000315489, -0.000133518, 7.07648e-05, 
166, 198765, 9.02512, -17.6685, 5.08918, -0.000325471, 0.000621188, -0.000171585, 
167, 139660, 6.02386, -2.38608, 7.02845, -0.000149989, 0.000294376, -4.58716e-05, 
168, 83268.5, 5.34797, 4.40978, 13.958, -0.000409138, -0.000306699, -0.000551664, 
169, 111579, -7.94427, -14.4081, -0.760053, 0.00051249, 0.00176407, -0.00268057, 
170, 19096.2, 16.8859, 16.5964, -11.4155, -0.000138908, -0.000651562, 0.000483539, 
171, 200677, -19.3321, -1.24498, -9.79686, 0.000538008, 0.000125047, 0.000374877, 
172, 52868.7, 3.63908, -2.28439, 17.8458, -0.00023053, 0.000251906, -0.000948708, 
173, 41037.8, 1.94404, -4.79735, 13.6016, -0.000609326, 0.00052524, -0.000567666, 
174, 4465.77, 0.322424, 8.31134, -14.1319, -3.87609e-05, -0.00016578, 0.000498055, 
175, 6545.54, -12.3476, -18.6211, 2.76968, 0.000139766, 0.00134674, 0.00050638, 
176, 62246.2, -13.137, -9.7512, -9.13989, 0.000443415, 0.000144392, 0.000223644, 
177, 128306, -0.252055, -2.96234, -9.67764, -0.000114802, -0.000166499, 0.000323238, 
178, 85947.3, 8.50022, -16.2648, -3.60716, -0.000339867, 0.000596259, 7.39806e-05, 
179, 85524.8, 16.8477, 11.8952, -8.73799, -0.000409219, -6.15538e-05, 0.000383574, 
180, 258268, -7.95411, -14.4542, -0.673887, 2.28867e-05, 9.05489e-06, 0.00122646, 
181, 46445.2, 3.80898, 9.49245, -16.0559, -1.47377e-05, -0.000210479, 0.000435888, 
182, 79205.4, -7.80503, 6.22008, 3.61084, -9.08932e-07, -0.000312549, 0.000253205, 
183, 34651.8, 16.7632, 4.3057, 1.94254, -0.000614919, -2.43242e-05, 5.92257e-05, 
184, 92155.5, -0.559825, -9.87488, -13.2025, -0.000179015, -4.28563e-05, 0.000406259, 
185, 83068, -16.2912, 5.29946, 17.4349, 0.000746306, -4.67611e-05, -0.000709429, 
186, 70401.9, 4.77594, 4.23073, 1.48616, -0.000263744, -0.000123197, 0.000220448, 
187, 187320, -17.791, 12.9288, -11.5772, 0.00136837, 0.000697772, 0.00195708, 
188, 247302, -15.1871, 4.16277, 4.92969, 0.000718236, -8.87576e-05, -0.000533474, 
189, 41300.5, -6.52032, -2.56524, -1.35316, 0.000259682, 0.000344317, 0.000602547, 
190, 175489, -18.7961, -18.0919, -5.36566, 0.000492532, 0.000442978, -4.38983e-06, 
191, 80320, -7.93519, -3.52219, 6.38293, 2.54097e-05, 0.000349672, -0.000277515, 
192, 384764, 13.2028, -4.13423, 9.58775, -0.000587806, 0.000154757, -0.000106653, 
193, 72170.5, 2.87371, 15.7081, 10.2812, -0.000179317, -0.00108953, 0.000371007, 
194, 154299, -10.8212, 14.3265, 14.4549, 0.00127574, -0.000633666, -0.000253753, 
195, 83475.5, 7.18766, 15.6431, 3.78311, 0.000403233, -7.88293e-05, 0.000419469, 
196, 56140.2, -18.7466, 18.0681, 1.93503, 0.000449819, -0.000581249, -1.69341e-05, 
197, 10070.3, 15.578, -3.52515, 9.32005, -0.00192934, -0.000220964, 5.13735e-05, 
198, 29593.9, -8.14252, 4.07339, 10.5207, 0.000128744, -3.31075e-05, -0.000345647, 
199, 2474.18, 16.8199, 10.0135, 5.09982, -0.000675429, -0.00013099, -0.000199039, 
