ID, Mass [kg], pos_0 [m], pos_1 [m], pos_2 [m], vel_0 [m/s], vel_1 [m/s], vel_2 [m/s], 
0, 266668, 6.08111, -12.2538, -9.43239, -8.55224e-05, 0.000662279, 0.00020156, 
1, 88936.2, 11.3492, -16.1076, -18.8107, -0.000411252, 0.000570294, 0.00058352, 
2, 157943, -11.4768, -13.8056, 12.7454, -0.000394144, 0.00134638, 0.00107948, 
3, 169378, -5.11427, -3.7314, -18.1634, 0.000211827, -5.56311e-05, 0.000825804, 
4, 52366.8, -19.1423, -3.58841, 18.7893, 0.000769657, -0.000249455, -0.000659567, 
5, 13155.9, -13.2926, -16.9502, 12.2331, 0.000542281, 0.00115759, 0.000208917, 
6, 92017.3, 2.61206, -12.0836, -1.27062, -0.00154668, 0.000907568, 0.00147048, 
7, 28783.3, -6.50485, 17.4788, 5.59085, 0.000272126, -0.000938127, -3.43447e-06, 
8, 28069.8, -10.0398, 17.2632, -11.4939, 4.48406e-05, -0.000831575, 0.000450177, 
9, 332411, 16.0323, -16.091, 17.5745, -0.00039223, 0.00027714, -0.000325787, 
10, 147602, -10.5704, -6.09551, 7.3281, -0.000127224, 0.000497745, -0.000418661, 
11, 126955, -16.066, 15.6078, 7.0884, 0.000515683, -0.00056217, -2.13009e-05, 
12, 8145.24, 8.38677, 2.99749, 16.0687, -0.000756301, -0.000294975, -0.000583712, 
13, 75407.3, -12.7216, -9.81151, 16.6654, -0.000359763, 0.000152751, -0.000526906, 
14, 60007.4, -19.6342, 11.0661, 1.8395, 0.000708663, -0.000336237, 6.55564e-05, 
15, 37540.7, -17.1564, 19.1572, -13.9636, 8.46848e-08, -0.00129394, 0.000339176, 
16, 22790, 8.73626, 0.355189, -13.4065, -0.000414447, -0.000447199, 0.000559024, 
17, 20769.2, -2.6316, 1.6046, -6.83954, -0.000129146, 0.000196465, 0.000732493, 
18, 211002, -17.0272, -15.262, 2.83525, 0.000526368, 0.000567798, 0.000191137, 
19, 150055, -11.8184, -13.4658, 13.4504, 0.000794838, 0.000158355, -0.00142337, 
20, 5236, -8.19716, 13.3991, 0.0841885, 0.000464931, -0.000554706, -1.57489e-05, 
21, 271282, -6.12224, -0.426742, 13.0337, 0.00013536, 0.000174659, -0.000509803, 
22, 49300.1, 7.43488, 17.7016, -10.7333, -0.000543294, -0.000375824, 0.000288274, 
23, 117718, 18.9367, 4.2405, -3.44236, -0.00108543, 0.000298353, -0.000138688, 
24, 83176.3, 13.4676, -16.6941, 1.30188, -0.000695338, 0.000640558, -0.000222339, 
25, 16921.9, -12.8221, -5.55493, 11.4556, 0.000128766, -0.000137944, -0.000599558, 
26, 8127.9, -6.27592, -3.82316, -17.2815, 0.00130612, 3.60169e-05, -4.7076e-05, 
27, 117537, -2.28394, -3.96834, -12.7498, 0.000242515, -0.000217242, 0.000248454, 
28, 74393.9, -4.73513, 2.90243, -5.04563, 0.000521733, 0.000338287, 0.000732954, 
29, 57188.8, 1.24517, -10.7879, -0.903468, 0.00113073, -0.00117675, 0.00152676, 
30, 27579, 1.95232, -12.5865, 11.2437, -0.00043131, 0.000478634, -0.000439551, 
31, 8833.03, -5.02333, 3.06643, 15.2927, 3.63529e-05, -0.000385751, -0.000805902, 
32, 127385, 5.17388, 19.4731, -11.9026, -0.000163854, -0.000670095, 0.00055431, 
33, 26112.7, -8.34489, 7.06582, 1.97644, 0.000653874, -0.000419694, 0.000218689, 
34, 25816.1, -19.7273, 8.44837, -12.9076, 0.000660246, 9.75553e-05, 0.000317782, 
35, 196477, -0.226023, 0.59784, 7.92466, -0.000604862, 0.000303826, -0.000218862, 
36, 134895, 7.07587, -5.51895, 16.107, -0.000573592, 0.000341442, -0.000690194, 
37, 90647, -2.21394, 12.1263, 4.93297, -5.57043e-05, -0.00102549, 0.000149523, 
38, 70759, -2.32073, 6.90624, 14.179, -0.00048346, -0.00039204, -0.000801687, 
39, 13187.3, -0.222703, 11.9414, 2.90052, -0.000518441, -0.00070473, 0.000251939, 
40, 33368, 13.3681, -14.0023, -4.24717, -0.000744147, 0.000294272, -9.83417e-05, 
41, 134346, 2.69846, -7.03001, -0.855207, -9.38155e-05, -0.000327513, -0.000122869, 
42, 105929, 3.13793, 7.70516, 1.11939, -0.000633149, -0.000361264, 0.000153883, 
43, 83973.3, -17.7412, 2.8061, 8.34108, 0.00117586, -0.000778231, 5.86552e-05, 
44, 3121.57, -12.2162, -5.18779, 15.8877, 0.000344916, -0.000422624, -0.000389612, 
45, 27466.3, -19.0776, -16.8594, 5.21455, 0.000841975, 0.00076317, -0.000210481, 
46, 38628.7, 12.186, -17.5964, 12.7191, -0.000269649, 0.000500823, -0.000139716, 
47, 41308, 6.16162, -6.16894, -5.00683, -0.000641692, 0.000560202, 0.00132907, 
48, 127460, -2.18713, -15.6707, 8.11636, -0.000308829, 0.00125405, -0.000649836, 
49, 499917, -18.5002, 15.668, -13.8804, 0.000475091, -0.000314751, 0.000351136, 
50, 18781.7, -1.96575, 11.5776, 5.4579, -0.000681353, -0.000165388, -0.000875183, 
51, 41104.5, 1.50945, -3.83013, -16.1954, -3.90713e-05, -0.000352404, 0.000713677, 
52, 171754, -7.13934, 13.9168, 11.1167, 0.000616782, -0.00057072, -0.00029053, 
53, 188750, 10.6307, -10.0673, -14.0479, -0.00108353, 0.000424851, 0.000824754, 
54, 188123, -11.1979, -10.067, -13.6198, 0.000423403, 0.000230159, 0.000580837, 
55, 5496, -2.81343, 16.8022, -8.7192, 0.000265427, -0.000678925, 0.000624448, 
56, 314149, 1.55296, 16.89, -6.73637, -0.00024056, -0.000601069, 0.000402388, 
57, 286386, -1.3115, -16.0996, 19.4788, -0.000217081, 0.000483258, -0.000573901, 
58, 3262.44, -18.9245, 3.40379, 16.7088, 0.000769955, -0.000307972, -0.000619317, 
59, 498.907, 18.8316, 17.6655, -16.4379, -0.000497234, -0.000206024, 0.000345813, 
60, 10715.1, -18.8297, -6.13993, 10.6112, 0.00170318, -7.06695e-05, -0.000203673, 
61, 28147, 19.5015, -6.40786, -16.3647, -0.000650736, 7.44545e-06, 0.000376898, 
62, 126417, 13.4082, -16.2634, -7.01085, -0.000639461, 0.000653202, 0.00021633, 
63, 304337, -14.1676, -19.1018, 16.8358, 0.000328389, 0.000822651, -0.000429178, 
64, 73901.1, 4.07966, 3.99254, 13.9692, -0.00076285, -0.000360619, -0.000386081, 
65, 141050, 8.75631, -5.00376, -11.877, -0.000444456, -0.00059313, 0.000429033, 
66, 71538.3, -1.47494, 6.68656, -9.01476, -0.000190376, -0.000308319, 0.000701553, 
67, 43197.3, 11.3264, -4.86152, -7.88926, -0.000850942, -0.000278378, 5.55906e-05, 
68, 292601, 6.32748, -7.67254, -18.1666, -0.000682008, -0.000521672, 0.000797397, 
69, 23084.1, 11.5293, 7.48033, -5.46312, -0.000532735, -0.000456211, 0.000216185, 
70, 7607.71, -16.8067, 1.92219, 8.07785, 0.00064063, 0.000206055, -0.000223679, 
71, 13540.8, 1.34081, -6.67936, 13.8283, -0.000331131, 0.000383775, -0.000293187, 
72, 72502.9, 8.33946, 13.648, 7.91755, -0.000606941, -0.000469938, -0.000367636, 
73, 55178.4, -11.54, -6.04681, 17.1207, -2.09565e-05, -0.000231973, -0.000820196, 
74, 138200, 7.08165, 15.3794, 1.58625, -0.000669217, -0.000417925, -0.000200273, 
75, 441048, -2.79878, 6.05237, 5.74168, -0.000297483, -0.000681514, 2.81125e-05, 
76, 104741, 1.5124, 18.0056, 7.53679, -0.000353896, -0.000829436, -0.000247071, 
77, 235448, -4.13533, 15.7037, 11.057, -0.000310786, -0.000993865, -0.000369814, 
78, 56549.9, -7.81702, -9.51846, 6.40632, -0.000167708, 0.000645195, 0.000101949, 
79, 18431.9, 4.39276, -18.5884, 0.347712, -0.000198035, 0.00107022, -5.17302e-05, 
80, 174616, -7.50443, -11.014, 14.8938, -0.000375383, 0.000317523, -0.000592987, 
81, 162861, -4.47146, 3.12884, 5.00039, 0.000250212, 0.00116781, 5.59431e-05, 
82, 32822.2, 17.5586, 19.7189, 19.6394, -0.000274108, -0.000254692, -0.000230314, 
83, 36038, 6.38007, -11.299, 1.92616, 4.52028e-05, -7.89001e-05, -0.000378432, 
84, 151751, -6.17622, 8.96632, -4.4131, 0.00029088, -0.000475865, 0.000399698, 
85, 1755.34, 19.5786, 6.14123, 6.34639, -0.000637354, -0.000196782, -0.000181282, 
86, 125093, -19.5692, -12.3104, -18.2801, 0.000440314, 0.000246872, 0.00044768, 
87, 62753.9, -13.4497, 4.15068, 18.2459, 0.000941004, -0.000282067, -0.000703247, 
88, 104089, -3.59079, 0.974603, 16.8771, -0.000185296, 3.30926e-05, -0.00109072, 
89, 74659.5, -12.0579, -8.4953, 5.42461, 0.000525536, 0.000880964, 0.000454134, 
90, 54457.8, -1.00825, 16.6813, -3.81185, 0.000167523, -0.00066816, 0.000158452, 
91, 250388, -17.8436, 0.644313, 11.2005, 0.000893317, -0.000163639, -0.000496367, 
92, 9592.63, 4.09877, 10.4, -14.9323, -0.00022589, -0.000314277, 0.000594403, 
93, 51769.5, 10.2135, 4.02143, -17.3473, -0.000382881, -0.000289682, 0.000575398, 
94, 88315.6, 17.7256, -19.164, -3.70401, -0.000623691, 0.0005278, 2.58999e-05, 
95, 44569.9, -4.79345, 5.09888, 8.51484, 0.000882703, -8.43749e-05, -0.000634556, 
96, 55054.8, 1.25909, -10.8938, -0.941474, 0.000370219, -0.0012608, -0.000365291, 
97, 6549.1, 11.9196, -5.03037, -2.35383, -0.000873341, 2.01795e-05, -0.000167554, 
98, 176773, 5.85949, -5.5582, -3.8765, -0.000362993, -0.000301068, -0.000110638, 
99, 4096.57, -15.3669, -5.0173, -9.41431, 0.000580586, -0.000313162, 0.000596129, 
100, 283032, -16.115, -7.17018, 10.1759, 0.000892573, 0.000242993, -9.09971e-05, 
101, 15065.6, -12.125, -2.50764, -17.3432, 0.000455426, -6.36395e-05, 0.000592247, 
102, 33276.8, 16.2553, 14.793, -8.5953, -0.000663872, -0.000372862, 8.81383e-05, 
103, 12989.8, 17.0889, -7.94208, -19.2829, -0.00059036, 6.66847e-05, 0.000551532, 
104, 26736.4, -1.15082, -3.47339, 10.4238, -0.000321951, 0.000513434, -0.000358213, 
105, 201331, 10.0578, -9.0018, -10.3833, -0.000839415, 0.00012491, -6.62513e-05, 
106, 153368, 8.87664, 2.84549, -5.69871, -0.000456933, -0.000424555, 0.000389811, 
107, 15450.3, -4.94858, 14.903, -10.7227, -2.20824e-05, -0.000569783, 0.000610332, 
108, 669.306, 2.39651, -12.0544, 5.61392, -0.000289199, 0.000452975, -0.000580632, 
109, 16366.5, 10.8996, -12.6832, 11.8932, -0.000435085, 0.000305103, -0.000300818, 
110, 76031.2, 8.47697, 19.4173, 2.14774, -0.000543459, -0.000890573, -0.000169551, 
111, 6213.7, -15.9265, -9.48644, -6.68744, 0.0023871, 0.00142199, -0.0020234, 
112, 161030, 14.3077, -0.831859, 11.0697, -0.000660222, -7.33442e-05, -0.00023248, 
113, 103552, 2.49401, 5.18862, 17.6547, -0.000511326, -0.000496184, -0.000920378, 
114, 105761, -2.47925, -14.5418, 7.13694, 8.29165e-05, 4.04414e-05, 0.00037125, 
115, 3988.7, -3.21252, -19.3311, 13.5544, -0.000145738, 0.000842872, -0.000295403, 
116, 95735.7, -16.0211, 2.08477, 6.99229, 0.000421585, -0.000310661, 0.000480275, 
117, 112453, -13.2463, -3.79592, -1.09016, 0.00110174, 0.000254539, 0.000178935, 
118, 30694.8, -15.3552, -18.5027, -5.26074, 0.000387919, 0.000642865, 0.000191603, 
119, 36195, 5.50825, 14.9956, 0.873656, 0.000305345, -0.000323703, 0.000324112, 
120, 18641.6, -0.728502, 15.8035, -2.02033, -0.000281013, -0.000272992, -0.000183818, 
121, 9923.13, -1.24086, 4.38825, 10.5042, -0.000832841, -5.86506e-05, -0.000716989, 
122, 10388.6, -17.2854, 2.75894, -2.3995, 0.000765901, -0.000187392, 0.000281795, 
123, 6088.92, 6.01636, 10.1999, -18.5576, -0.000222127, -0.000294775, 0.000596733, 
124, 57978.1, -17.413, -5.97875, -16.4721, 0.000514652, -1.96287e-05, 0.00052356, 
125, 28974.4, 9.35682, -16.2552, -8.524, -0.000388018, 0.000991498, 0.000241686, 
126, 149499, 17.5785, 5.85417, -4.07708, -0.000366418, -0.000614459, 0.000229232, 
127, 156428, -12.9032, 9.97991, -12.4015, 0.000390414, -1.1867e-05, 0.000525173, 
128, 11817, -1.23897, 5.73275, 4.28716, -0.00171931, -8.74289e-05, 0.00125301, 
129, 241608, -9.88634, 3.79207, 18.6804, 0.000251179, -0.000180787, -0.000934482, 
130, 83899.8, 16.4006, -5.79075, -6.5041, -0.000898847, 7.58756e-06, 8.95985e-05, 
131, 161283, -11.1772, -2.92613, -1.96194, 6.6009e-05, -0.000111675, 0.000550806, 
132, 170745, -5.56202, 16.5583, -0.69779, 0.000288859, -0.000797263, 6.86658e-05, 
133, 354581, -15.3997, -9.16024, -7.37898, 0.000562156, 0.000257739, 0.000330055, 
134, 115421, 18.1554, -2.83518, 16.9456, -0.00056196, -1.79453e-06, -0.000391834, 
135, 65429.1, 7.62325, 6.29001, 6.92424, -0.000738404, -0.000291496, -0.000227697, 
136, 868.309, 11.2193, -9.4122, -12.3672, -0.00183375, -5.46193e-06, 0.000166012, 
137, 4759.2, -16.4945, 0.0884757, -2.03381, 0.000852815, -0.000192123, 0.000321488, 
138, 8998.31, -4.81044, 13.9192, 15.0776, -0.000110452, -0.000728866, -0.000982862, 
139, 37395.4, -10.4477, -16.8479, -9.20954, 0.000363949, 0.000728251, 0.00019909, 
140, 181316, 12.1702, 14.5171, -11.2523, -0.000446338, -0.000322686, 0.000357237, 
141, 139423, -2.38793, 5.54564, -16.9719, -3.90452e-05, -0.000272407, 0.000687885, 
142, 47155.6, 3.7863, -15.203, -8.86064, 0.000203726, 0.00118152, 0.000238657, 
143, 320658, -4.27369, -13.9806, -13.0196, -0.000150156, 0.000756877, 0.000434747, 
144, 22569.4, 18.3289, -10.4121, -3.39451, -0.000829216, 0.000185314, -3.48849e-05, 
145, 17996.4, 17.7886, 6.66206, 16.5118, -0.000488293, -0.000234623, -0.000328853, 
146, 85832.2, 7.73932, -10.3535, -13.6807, 6.92508e-05, 0.000679856, 0.000609148, 
147, 187866, -12.5439, 11.3356, -2.80761, 0.000595653, -0.000426115, 0.000120302, 
148, 48707.3, -4.37503, 3.0375, 5.07501, 0.00146154, -0.00131392, 0.00135552, 
149, 31339.9, 0.884716, -6.95291, 15.4798, -0.000228844, 0.000395147, -0.00071562, 
150, 43750.7, -12.5991, -10.4836, 10.2093, 0.000331018, 0.000529853, 0.000121251, 
151, 243138, -11.5876, -4.15357, 5.39, 0.000483295, -0.000207115, 0.000393214, 
152, 14872.6, -6.00637, 10.3283, 15.7246, 5.6908e-05, -0.00124458, -0.00105627, 
153, 28768.5, -15.3815, 7.45285, -14.8629, 0.000528448, 0.000144705, 0.000657723, 
154, 44811.9, -11.3905, 6.63068, 7.22886, 0.000652583, -0.00046584, -5.10058e-05, 
155, 235285, 4.63992, -9.31674, -18.8647, 0.000603576, 0.00086886, 0.00115874, 
156, 118566, -12.616, 11.2068, 15.3392, 0.000390743, -0.000671762, -0.000605441, 
157, 1429.46, -5.33468, -15.0309, -13.2939, 0.0017959, 0.0026472, 0.000920379, 
158, 61874.8, -9.05504, 7.06597, -15.3966, 0.000157186, -0.000104864, 0.000702957, 
159, 547423, -16.2327, -9.84517, 18.3934, 0.000684274, 0.000225221, -0.000779775, 
160, 16024.9, 12.1645, -16.4286, -1.02662, -0.000467692, 0.000718725, 0.000151353, 
161, 59294.4, -6.82638, -18.2321, 8.65259, 0.000120763, 0.000947494, -3.62037e-05, 
162, 34022.8, -15.0856, -1.74686, 8.70569, 0.000583753, -6.48198e-05, -4.67297e-05, 
163, 51310.5, -1.38017, 17.7145, -1.42411, -0.000122361, -0.00104776, -0.000181881, 
164, 125646, -19.1423, 16.864, 12.834, 0.000558555, -0.000448876, -0.000233072, 
165, 38198.4, 7.92108, 17.1973, -0.0216617, -0.000691289, -0.000851117, 0.000462316, 
166, 175587, -10.34, 12.9719, -10.3132, 9.1084e-05, -0.000520179, 0.000351321, 
167, 33247.4, -18.4086, -16.7626, -11.8836, 0.00047452, 0.00049574, 0.000296614, 
168, 39322.1, -13.899, 10.0687, 14.856, 0.00112943, -1.66849e-05, -0.000264016, 
169, 42408.8, 6.73959, -7.7451, -14.1636, 6.63992e-05, -0.00027393, 0.000311447, 
170, 165238, -6.29605, 8.22935, 15.1278, 0.000237593, -0.000453346, -0.000749681, 
171, 133165, 2.20778, -11.8459, 0.0194571, -0.00131853, 0.000195294, -0.00166393, 
172, 17222.9, -13.189, 19.1479, -8.55071, 0.000252058, -0.000750322, 9.05005e-05, 
173, 19550, -2.93556, 12.9714, -7.23967, 2.78593e-05, -0.000425023, 0.000544214, 
174, 2321.65, 15.0469, 0.940171, -2.45563, -0.000725244, -1.1121e-05, -8.42568e-05, 
175, 266285, 8.67729, -12.4521, 2.38656, -0.000604849, 0.000564704, -0.000770156, 
176, 51769.7, -17.2823, 19.4315, 16.1979, 0.000318409, -0.000583838, -0.000437122, 
177, 2547.76, 9.78604, 14.0019, -6.61824, -0.000466887, -0.000362778, 9.32504e-05, 
178, 33600.1, 6.88918, -0.926608, 18.1013, -0.000646477, -0.000100808, -0.000872126, 
179, 95862, 4.78477, -2.36056, 14.4568, -0.000443051, 9.07272e-05, -0.00045167, 
180, 231629, 1.27139, -12.2985, -0.557332, 0.00122889, 0.0017031, 0.000127645, 
181, 48845.6, -1.2927, -5.22416, -14.1998, -8.80491e-05, 0.000293442, 0.000804343, 
182, 63218.1, 9.11689, -12.2499, 1.1683, -0.00137655, 0.000121082, 0.00152749, 
183, 250917, -2.93938, 4.88788, -3.40993, -0.000181975, -0.000201769, 0.000310131, 
184, 4676.91, -6.00497, 0.496063, -1.3528, 0.000247431, 0.000177222, 0.000294145, 
185, 14.7536, -9.90533, 17.1162, -15.4456, -1.3946e-05, -0.000559527, 0.000641161, 
186, 1700.44, -16.9168, 8.59988, -8.42322, 0.000687323, -3.57832e-05, 0.000156516, 
187, 132400, -4.74506, -13.7048, -13.0431, 0.000962126, 9.38885e-05, 0.00049128, 
188, 31027.4, 6.85125, -5.77415, 13.0142, -0.000567706, 0.000409347, -3.94417e-05, 
189, 137319, 9.44553, 0.0887336, -2.68814, -0.0006473, -0.000118262, -0.000151219, 
190, 22200.4, -9.51358, -0.826261, -19.296, 0.000392344, -0.000155208, 0.000718248, 
191, 36036.5, 16.7919, 18.7592, -15.5771, -0.000379633, -0.000346668, 0.000321984, 
192, 105589, -7.96565, 18.9035, 17.5236, 0.000118355, -0.000683302, -0.000562253, 
193, 42408.1, 7.19158, -1.0875, 11.6936, -0.000739405, -6.87458e-05, -0.000168535, 
194, 8889.27, 0.00252763, -10.4022, 11.0706, -0.000296055, 0.000325167, -0.00039865, 
195, 67618.7, -2.2068, 10.1873, 15.8622, -0.000457801, -0.000746735, -0.000896561, 
196, 139645, 1.66882, 0.913144, 16.8323, -0.000387088, 5.82448e-05, -0.000857435, 
197, 16526.9, -16.2082, -2.31739, -7.79069, 0.000671929, -0.000183017, 0.000432755, 
198, 18896.2, 16.2711, 8.40473, 5.23208, -0.00063216, -0.000291393, -0.00018443, 
199, 122718, -3.45204, 6.05271, 10.4389, -0.000126279, -0.000476727, -0.000796784, 
