ID, Mass [kg], pos_0 [m], pos_1 [m], pos_2 [m], vel_0 [m/s], vel_1 [m/s], vel_2 [m/s], 
0, 5682.38, -30.5237, -10.2281, -6.06773, -0.00255901, -0.00340165, -0.00159933, 
1, 51291.5, -30.1315, -20.7268, 28.7484, -0.0043659, -0.00389207, 0.00522001, 
2, 73779.3, -6.25878, -4.09881, 0.661342, -0.00207482, -0.000741066, 0.0012135, 
3, 9731.99, -5.73449, 24.0881, 22.3555, -0.000696366, 0.00359631, 0.000902718, 
4, 104587, -0.684991, 3.67725, -0.940617, -0.00220816, 0.00708642, -0.00179777, 
5, 42215, -0.837171, 4.45686, -0.0504113, 0.00237199, -0.000935822, 0.00437865, 
6, 57220.4, 24.6359, 16.7255, -27.1225, 0.00326689, 0.00438401, -0.00316627, 
7, 44855.5, -2.96868, 5.55591, 3.32949, 0.00417987, -0.00352363, -0.00257772, 
8, 276797, 1.17188, 8.26988, -4.06349, 0.00227816, 0.00065762, -0.00204823, 
9, 2643.18, 2.59902, 0.899928, -3.3797, -0.00361802, 0.00264794, -0.00310201, 
10, 33961.7, 8.96804, -15.888, -7.41411, -0.000543671, -0.000309407, 0.00103175, 
11, 8691.35, -8.62822, 46.6334, -38.0899, -0.000414743, 0.00618737, -0.00602681, 
12, 141682, 2.72774, 1.21114, -0.101519, -0.00611377, 0.00464378, -0.00220526, 
13, 288611, -16.2143, -12.0759, -1.58239, -0.000147265, -0.00148229, 0.00109527, 
14, 512847, -1.80658, -0.300364, 2.23209, 0.000405882, 0.000547212, -9.54764e-05, 
15, 15651.7, 0.996806, 9.74106, -3.36239, 0.00263984, 0.00551892, -0.0028493, 
16, 182451, 18.0664, -15.418, 40.0918, 0.00363229, -0.00175625, 0.00463515, 
17, 62197.8, -15.8245, -10.5958, 3.46928, -0.00104545, 0.00109338, -0.000970405, 
18, 185440, -17.0187, -15.4203, 4.2479, 0.000756766, -0.00209067, 0.000123106, 
19, 36701.4, 24.8651, 37.9857, -35.5814, 0.00402683, 0.00563283, -0.00544001, 
20, 106936, -51.4447, -29.8938, 14.9394, -0.00776793, -0.00462386, 0.00222136, 
21, 161838, -1.03006, 0.673496, 1.65813, 0.0039807, 0.00668696, -0.00561409, 
22, 144875, -1.20704, 1.79895, -0.87545, 0.00273886, 0.00916154, 0.00169428, 
23, 100936, 4.07092, 21.7468, 11.0454, -0.000531998, 0.000918183, -0.00106467, 
24, 95186.1, 33.6799, 30.8146, 29.2063, 0.00520738, 0.00369264, 0.00367709, 
25, 151808, 24.5816, -20.9335, 41.2269, 0.00452317, -0.00260777, 0.00600024, 
26, 118354, 1.59594, -3.0622, -0.0463561, 0.00153769, -0.000997638, 0.00634253, 
27, 149234, -0.0921163, -6.24295, -2.69674, -0.00254085, -0.000446031, 0.000233179, 
28, 9985.68, 9.69176, 4.31588, -0.943682, 0.00257649, 0.00323964, -0.0010907, 
29, 180895, -0.348225, -3.86292, 3.83145, -0.00615937, -0.00541106, -0.00414284, 
30, 486.041, 9.68221, 8.05846, -2.16701, -0.000553773, -0.00341942, 0.00343186, 
31, 70262.9, 1.58995, 8.97967, -0.402588, -0.000308059, 0.00420392, -0.00188881, 
32, 45902.1, -4.55109, 7.50538, -2.28887, -0.00275154, 0.00561462, -0.00133429, 
33, 24444.7, -5.11717, 3.40941, 4.17327, -0.00447374, 0.00630924, -0.00119605, 
34, 65679.9, 1.544, -7.30673, -0.827743, -0.000648835, -0.00650777, 0.0010995, 
35, 3309.29, -15.4979, -22.2967, -6.85908, 0.000795391, -0.00435923, -0.000557771, 
36, 8280.38, -35.9557, 35.7244, -14.4144, -0.00463586, 0.00511818, -0.00314032, 
37, 94538.9, 2.91115, -1.15824, -6.06942, 0.00130014, -0.00247373, -9.08864e-05, 
38, 30213.7, 48.1721, -13.2058, -11.4671, 0.00840997, -0.000993091, -7.89896e-05, 
39, 53471.9, -7.46429, 4.10693, -10.5566, 0.00188283, 0.00292738, 0.00231512, 
40, 43100.3, -17.0231, 21.9008, -21.249, -0.00122754, 0.00210803, -0.00265515, 
41, 44746.6, 12.9163, 30.6316, 8.34626, 0.00147086, 0.00340682, -0.00104867, 
42, 34053.9, 1.4506, 18.3317, 33.8135, -0.000379822, 0.0029928, 0.00421338, 
43, 54380.2, -2.0458, 4.95318, 2.07419, 0.00427304, -0.00585026, -0.00479595, 
44, 38723.2, 19.9836, -5.46853, -26.0278, 0.00174484, -0.000139958, -0.00346558, 
45, 2321.23, -15.6603, -10.5179, 0.444624, 0.00162011, -0.00283305, 0.000339237, 
46, 241169, 12.1872, 1.30809, 0.456165, -0.00168421, -0.00233444, 0.00127378, 
47, 344827, -1.84745, 4.14824, 2.41735, 0.00488102, -0.0040009, -0.00392502, 
48, 39271.1, 3.2918, -4.06658, 1.92127, -0.00638989, -0.000411587, -0.00214461, 
49, 19687.8, -41.6097, 36.8545, -15.5585, -0.00650283, 0.00610455, -0.00349095, 
50, 61216.8, 9.48365, -8.77837, 4.85098, -0.00118383, 0.00184389, 0.00230892, 
51, 19182.2, -31.4503, 43.3466, -26.7833, -0.00447439, 0.00691295, -0.00484723, 
52, 12420.5, -3.74928, -0.642112, 0.188828, -0.00108233, 0.00113576, 0.00807803, 
53, 85447.4, -52.3678, -4.9852, -23.2356, -0.00766364, -0.000785278, -0.00313989, 
54, 361436, -0.687553, -0.230508, 1.72273, 0.000962973, -0.00297867, -0.00863719, 
55, 158926, 16.3994, 8.41175, -25.8265, 0.00235601, 0.00100463, -0.00204893, 
56, 49282.6, -21.3374, 34.8821, -35.6322, -0.00190007, 0.00505603, -0.00616911, 
57, 218355, 1.1654, 0.405657, 3.35106, -0.00204257, -0.00143788, 0.00299004, 
58, 22371.5, 48.6888, -14.7614, -10.4909, 0.00870097, -0.00175661, -0.000932976, 
59, 55919.9, -15.1306, 26.185, -33.3292, -0.000471828, 0.00233225, -0.00406472, 
60, 21598.8, 3.56336, -4.5755, -5.40518, -0.00106143, -0.000876357, -0.000831179, 
61, 398.952, -2.80836, 8.73627, -1.11918, -0.00140296, 0.00428509, -0.00226139, 
62, 1108.92, 3.03593, -5.87985, 37.9574, 0.000808745, -0.000446977, 0.00405982, 
63, 108555, -2.08408, -5.57482, 1.35193, 0.00706832, -0.00161887, 0.00298366, 
64, 244863, 11.479, -4.88503, 23.3668, 0.000502153, -0.000246882, 0.000797815, 
65, 220694, -20.408, 33.6274, -28.7828, -0.00177833, 0.00476126, -0.00429683, 
66, 61700, -5.09515, 46.5329, 21.97, 3.7733e-05, 0.00638353, 0.00275554, 
67, 55388.9, -28.5579, 8.72349, 22.0762, -0.00449606, 0.00118462, 0.00350956, 
68, 211156, -2.70495, 0.560399, 3.0321, 0.00275678, 0.00278306, 0.00459198, 
69, 12720.6, -1.60585, -11.2085, 2.62792, 0.000521905, 0.00362935, -0.00170811, 
70, 25096, 5.04872, 6.17708, 3.55104, 0.000634909, 0.00707638, 0.00449048, 
71, 179870, 6.20972, 7.67988, -0.626859, -0.00145752, -0.00465302, 0.00345204, 
72, 79123.8, -45.3614, -12.7075, -2.4546, -0.00486327, -0.00140723, -0.000547992, 
73, 110870, 3.56005, 4.76004, -3.86064, -0.000104813, 0.00366512, 0.00102385, 
74, 43359.1, 19.1761, 25.8918, 19.3357, 0.00144506, 0.00474198, 0.000845565, 
75, 140124, 0.447626, 7.57093, -0.428813, -0.00130628, -0.00210335, -0.00308251, 
76, 229268, -14.2853, 22.4921, -25.7786, -0.000960134, 0.00191309, -0.00229982, 
77, 302149, 3.21116, -2.8646, -2.92023, 0.00217009, -0.00309955, -6.54044e-05, 
78, 100708, -15.876, -12.328, -0.523058, 0.00335912, -0.00153456, 0.00173165, 
79, 46633.4, -5.48981, -2.39101, 2.01531, -0.00170912, -0.00114216, 0.00550128, 
80, 143926, 5.92371, -0.660447, -0.717116, 0.00364442, 0.00586793, -0.00222015, 
81, 270.261, -39.5666, 7.06826, 17.4689, -0.00422319, 0.000592205, 0.00161519, 
82, 159650, -5.01971, 4.6582, 0.875326, 0.00140135, 0.000928023, 0.00365087, 
83, 24756, 3.60264, -6.93408, -0.0211796, -0.00482359, -0.000601545, 0.000218438, 
84, 18375.3, 0.0202459, -4.17893, 3.23721, -0.00703942, 0.00429545, -0.000278428, 
85, 491877, 40.513, -13.9693, -15.6849, 0.00607072, -0.00143493, -0.00176612, 
86, 194807, -1.9161, 1.66042, -0.0195196, -0.000688106, -0.00137691, 0.0028692, 
87, 8649.23, 14.8224, 9.95785, 5.73879, -0.000818339, 0.00232993, -0.000985195, 
88, 138901, -4.12965, -8.49392, 11.2662, -0.00239668, 0.000407371, -0.00211317, 
89, 50202.9, 8.44747, -6.51331, 1.62089, -0.0017283, 0.000103348, -0.00296262, 
90, 98321.9, 3.77793, 9.35988, -6.89265, 0.00143617, 0.00405313, -0.00400347, 
91, 384069, 0.189665, 2.27801, 4.22861, -0.000412567, -0.00181915, 0.00651981, 
92, 81279.9, -10.5389, -12.5131, -1.62918, -0.000795536, 0.00140942, -0.00142371, 
93, 91375.2, -0.802746, 2.67424, 1.51476, 0.0048646, 0.00112261, -0.00283407, 
94, 5476.7, -12.0593, -18.8035, 8.16182, -0.000290311, -0.00187275, 0.000835335, 
95, 33452.5, 0.0216769, -4.33965, 0.455456, -0.00562015, -0.00640444, -0.00166411, 
96, 25752.1, -35.0509, -10.7747, -10.0844, -0.00642236, -0.00249843, -0.00219183, 
97, 200797, -1.38768, -0.376845, 4.18056, -0.000299718, -0.00530219, -0.00192247, 
98, 298981, 4.32933, 3.16439, -3.00599, -0.000625406, -0.00232807, 0.000439775, 
99, 93146, -8.05955, 4.97949, -0.76322, -0.00136769, 0.00348137, -0.000907368, 
100, 8612.85, -16.6592, 11.9067, -17.4298, -0.000153252, 0.000627855, -0.000858433, 
101, 24343.5, -2.47447, 8.43522, 1.8084, 0.001417, -0.00659792, -0.00284074, 
102, 10296.7, -6.68689, 16.2298, -8.9398, 0.000511902, -0.00140555, 0.00178277, 
103, 15719.8, -9.08589, -2.07697, 19.4983, 0.000535644, 0.00175255, -0.000906812, 
104, 230040, 2.61201, -4.95134, 5.44552, 0.00178438, 0.000381914, 0.00368006, 
105, 17846.1, 8.50948, 0.851648, -1.20381, 0.00396305, 0.00592003, -0.00277355, 
106, 22216.6, -7.9991, -4.88257, 1.01559, -0.00560423, -0.00163624, 0.00173939, 
107, 98486.7, 0.914381, 15.916, 16.0545, 0.000691746, 0.00133617, -0.00168416, 
108, 214214, -42.3946, -0.0551419, -33.8386, -0.00666504, 7.96653e-05, -0.00548974, 
109, 131614, 1.06859, 2.48177, 4.92513, 0.00181875, 0.00077525, -0.00377588, 
110, 160023, -2.79598, -0.296104, 3.27788, 0.00325752, 0.00621037, 0.00222872, 
111, 115735, -2.43311, 6.91217, -1.39384, 0.00121995, -0.0013456, 0.00256142, 
112, 378585, 23.8383, 7.30851, -33.7401, 0.00303114, 0.0019683, -0.00438466, 
113, 83295.8, -26.8834, 7.11045, -3.23486, -0.0011555, 0.00136945, 0.000549397, 
114, 148827, 10.899, 3.8459, 1.94139, 0.00420304, -0.000538953, 0.00081543, 
115, 285284, -2.83109, -26.084, 41.2635, -5.85271e-05, -0.00423568, 0.00586768, 
116, 515864, -0.42736, 2.76022, 3.19944, 0.00114592, -0.00205867, -0.00311846, 
117, 88363.5, 5.84672, -10.9932, 19.5857, -0.000807942, -0.00183621, 0.000319178, 
118, 155064, 19.1435, 11.7645, 2.85079, 0.00198379, 0.00278515, -0.00254079, 
119, 18098.3, -5.40335, 4.18412, -0.650739, -0.00137573, 0.00481257, 0.00114221, 
120, 34391.6, 42.9886, -20.0163, -9.78495, 0.00654273, -0.00208823, -0.000143911, 
121, 78154, 3.90739, 9.96319, -1.04883, -0.00101783, 0.00365479, -0.00245232, 
122, 10497, -1.35003, -1.24382, 2.37338, 0.00648435, -0.00160026, -0.00235084, 
123, 59058.1, -3.81549, 19.585, 5.96941, 0.000862541, -0.000594906, 0.00117682, 
124, 5646.35, -6.94097, -1.58987, -2.18273, -0.00072504, 0.00473544, -4.15302e-05, 
125, 103346, -4.02956, 1.66112, -1.0833, -0.00160252, 0.00157218, 0.00257939, 
126, 64702.5, -50.725, 0.340715, 16.5583, -0.00740262, 7.01733e-05, 0.00316931, 
127, 199056, -0.929041, -0.928812, 5.86749, 0.00274929, -0.000374344, -0.000681129, 
128, 192649, -0.412122, 4.78903, -2.7071, 0.00289031, 0.00327143, 0.00109719, 
129, 1707.71, -0.807391, 1.35939, 8.55559, -2.9263e-05, -0.0053087, 0.00333149, 
130, 19869.9, -2.29902, 3.02485, 2.78867, 0.00386866, -0.000731908, -0.0024875, 
131, 143979, 0.269601, 1.14197, 1.45266, -0.00594803, -0.00110828, 0.00700606, 
132, 37850.6, -58.5111, 29.1118, -15.9811, -0.00976022, 0.0044079, -0.00231355, 
133, 50031.5, 0.549092, 0.884343, 1.73735, 0.000319029, -0.0017424, -0.00218351, 
134, 369068, -20.9227, 2.08707, -8.91154, 0.000860784, 0.000342185, 1.37872e-05, 
135, 3806.98, -1.25377, -17.156, -0.0404874, -0.000923089, 0.000595101, -0.000688285, 
136, 64591.7, 8.09163, -9.50785, -2.01862, -0.00138238, -0.000166526, 0.00402424, 
137, 1688.15, -5.74815, -18.0397, 8.07901, 0.00218665, -0.00268901, 0.00138226, 
138, 439943, 1.90104, 6.896, 2.12326, -0.002902, 0.0033443, -0.00336305, 
139, 72054.1, -3.97656, 1.99271, 5.04311, -0.00137368, -0.00726688, 0.001803, 
140, 10511.3, -3.97349, -17.4644, 24.9932, -0.000332546, -0.00226034, 0.0016732, 
141, 28560.6, 4.31633, -3.7876, -0.293176, -0.00220186, -0.00704946, -0.000233398, 
142, 92270.6, 4.82341, -1.37125, 1.8311, 0.00190803, -0.00627253, 0.000266097, 
143, 57507.6, -40.8786, 13.0074, 25.0877, -0.0056742, 0.00191341, 0.00351409, 
144, 106955, -5.92258, -3.6607, 17.0038, 0.00184557, 0.000445413, -0.0013875, 
145, 53021.1, -0.776262, -3.8587, -0.829474, 0.00235273, -0.00102922, 0.00253595, 
146, 127593, -6.07253, 3.14925, -0.532237, -0.00530843, -0.00397991, 0.00220888, 
147, 31386.3, 0.439971, 1.37485, 3.80301, 0.00279947, -0.00435467, 0.00228045, 
148, 89613.6, -4.33464, 12.7972, -17.2847, 0.00206016, -0.00177127, -0.00185839, 
149, 251415, 13.4196, -2.41973, 20.0554, 0.000424234, -6.8431e-05, -0.000852772, 
150, 55890.6, 0.449735, -12.756, 0.766722, 0.00492838, -0.00104809, 0.000451112, 
151, 174949, 1.43741, 5.90689, 2.8365, -0.00349501, 0.00423156, 0.00353141, 
152, 66072.8, 9.88388, -8.27759, 12.0685, -0.00130845, 0.00161875, 0.000463775, 
153, 19075.8, -2.84081, -5.0231, 11.8767, -0.00197309, -0.00162189, 0.00503188, 
154, 47261.5, 7.07134, 3.89751, 2.98937, 0.0044126, 0.00458352, -0.00262382, 
155, 102102, -5.03421, 1.13122, 1.10557, -2.17086e-05, -0.000792729, 0.00140441, 
156, 5375.03, -5.39943, 0.594577, 1.07118, -0.0060273, -0.00297997, 0.00523429, 
157, 3761.7, 4.03752, -3.44401, -0.00246265, -0.0048921, -3.30928e-05, 0.00599321, 
158, 7652.65, 2.83182, 4.04782, 9.89377, -8.34664e-05, -0.00312938, -0.00334942, 
159, 47070.1, -4.07896, -0.24336, 3.87482, -0.000818203, -0.00345931, -0.00373369, 
160, 17972.9, 3.15321, 1.21518, 3.08033, -0.00413529, 0.000477115, -0.00288631, 
161, 218629, -1.90683, -5.40075, 4.56773, 0.000229999, 0.00630149, -0.00332699, 
162, 138887, 1.2681, -2.99559, 3.11931, -0.000539907, -0.000506253, 0.00515456, 
163, 33277.3, 12.003, -11.6156, 1.06357, -0.000436095, -0.00150588, 0.0034154, 
164, 167891, 2.75418, 2.06348, 4.82344, -0.00159708, -0.00169045, 0.00443487, 
165, 62570.5, -3.09931, -48.1089, -11.5767, 0.000215243, -0.00705171, -0.00179086, 
166, 38130.4, 9.72189, 42.5548, 23.3461, 0.00212215, 0.00543238, 0.00276312, 
167, 22403.8, 7.02232, -18.3247, 36.4708, 0.00142809, -0.00284349, 0.00384305, 
168, 1479.59, 23.6204, 13.9829, -35.6525, 0.00384095, 0.0026118, -0.00492498, 
169, 20399.9, 1.53282, -29.4135, 38.3925, 0.000134964, -0.0052698, 0.00481036, 
170, 115854, -1.09414, -0.39971, 2.67236, 0.00669877, 0.00203782, -0.00526831, 
171, 27762.9, -1.48612, 4.5758, 1.49165, 0.00352587, 0.00493234, 0.000847962, 
172, 250928, 6.39507, 3.22653, -7.61107, -0.000143041, -0.000561679, -0.0011527, 
173, 74469.2, -37.2787, 22.8154, -10.7288, -0.00506637, 0.00484988, -0.00170894, 
174, 143481, -46.7792, 32.3689, -21.4134, -0.00710326, 0.00514727, -0.00374154, 
175, 27145.1, -3.74126, 0.270833, 2.0818, 0.00201592, 0.000541041, 0.00564881, 
176, 32620.6, 9.68766, 3.02567, 7.37741, -0.000922817, -0.0025565, -0.00253422, 
177, 52575.7, 0.190187, -28.8905, 50.3562, -4.39242e-05, -0.00481542, 0.00840915, 
178, 19746.4, -0.951655, 0.446628, 1.759, 0.00415475, 0.00984695, -0.00300762, 
179, 33623.1, -20.7346, 4.79732, -3.67645, 0.000145457, 0.00102467, 0.00183117, 
180, 50349.8, -41.6093, -27.3673, -21.791, -0.0058784, -0.00392937, -0.00299132, 
181, 89376.8, -7.78686, 4.48939, -0.26178, 0.00657522, 0.000879101, 0.00348458, 
182, 42160.2, 1.6423, -0.66229, 47.1589, 1.37832e-05, -5.89424e-05, 0.0071389, 
183, 100544, -23.6287, -14.5166, -0.409973, -0.00116166, -0.00175471, 0.00121945, 
184, 1446.88, 3.01842, 4.02955, -4.47812, -0.00234203, 0.00159255, -0.00278848, 
185, 119694, 1.90446, -4.81664, 3.65463, -0.00310527, -0.00541293, 0.00312179, 
186, 120999, 5.64503, -3.39169, 4.96253, 0.00500331, 0.000230422, 0.0004633, 
187, 52698.3, -7.36775, -2.71021, 0.107394, -0.00503835, -0.000202894, 0.00180023, 
188, 105467, 8.40219, -4.36103, 1.78941, -0.00264842, 0.00181954, 0.00354239, 
189, 99748.4, -5.52494, -31.4154, 17.2863, -0.00100127, -0.00371689, 0.00180123, 
190, 77133, -1.60069, 0.45644, 5.47957, 0.00331835, 0.000240589, 0.00409157, 
191, 178804, 1.87701, -6.95732, 1.22493, 0.00302965, -0.000953188, 0.00319836, 
192, 8685.6, -0.472071, 2.19981, -2.8081, -0.00271181, -0.00128567, -0.00545063, 
193, 256954, 12.7462, 8.69699, 22.9149, 0.00309227, -0.00111155, 0.00284489, 
194, 53540.6, 9.02826, -1.54266, 6.43013, -0.00238337, 0.00275153, -6.09213e-05, 
195, 220652, -3.05135, 3.00257, 5.69405, -0.0025665, -0.00228197, -0.00338302, 
196, 10258.1, -0.408163, 5.90353, -0.387529, -0.00833718, 0.00262926, -0.00201715, 
197, 6083.3, -18.1602, -10.9285, 19.4169, -0.00211287, 4.25662e-05, 0.000755221, 
198, 127562, 9.38627, 13.9163, -3.95145, -0.000393779, -0.00171348, 0.00101269, 
199, 34766.2, -7.49411, -0.106046, -6.1699, 0.00497655, 0.000614464, 0.00154851, 
