ID, Mass [kg], pos_0 [m], pos_1 [m], pos_2 [m], vel_0 [m/s], vel_1 [m/s], vel_2 [m/s], 
0, 10438.7, 15.3524, -4.57405, -5.94915, -0.000580325, 5.67717e-05, 3.18994e-05, 
1, 6654.64, -4.83262, 15.4493, 17.7401, 0.000269875, -0.000322467, -0.000422752, 
2, 188574, -10.6171, 11.288, 2.68705, 0.000285246, -0.000152748, -0.00020387, 
3, 37.6105, 16.1482, 1.23675, 11.0777, -0.000799939, 0.000246545, -5.05415e-05, 
4, 156575, -15.3455, 9.70633, -10.9827, 0.00049241, -0.000213153, -1.61333e-05, 
5, 68600.3, -18.2803, -19.8304, -3.11529, 0.000319332, 0.000347838, 4.20388e-05, 
6, 25394.3, -11.8593, 17.4042, -11.368, 0.00044072, -0.000624514, 3.23588e-05, 
7, 79727.6, -18.743, -2.14535, 8.73829, 6.28594e-05, -0.00308295, -0.000733205, 
8, 20636.5, -14.8929, 1.71312, -7.37582, 0.000182938, -0.000193466, 0.000477234, 
9, 1631.49, 9.00596, -18.4016, 12.3419, -0.000157271, 0.000393735, -0.00026745, 
10, 92118.6, -4.93949, 8.696, -8.41713, -0.000284308, 0.000221596, -0.000247233, 
11, 22412.4, 6.28046, -7.44226, -19.1399, 2.48864e-05, 0.000428051, 0.000493662, 
12, 147192, 1.21668, 2.5036, -4.26256, -1.63016e-05, 0.000124589, 5.66763e-05, 
13, 68437, -6.1304, -18.5845, 13.9957, -0.000161436, 0.000639353, -0.000204948, 
14, 48261.5, -18.721, -14.804, -9.16974, 0.000398241, 0.000279636, 9.80715e-05, 
15, 4115.53, -10.7215, 14.5873, -15.2578, 0.000522869, -0.000596854, 0.000101696, 
16, 187519, -7.75498, -13.777, 7.75019, 5.36785e-05, 0.000260801, -6.50352e-05, 
17, 41299.2, -13.3735, -6.22404, 11.9172, 0.000145593, -4.96987e-05, -0.000345333, 
18, 31312.4, 15.5629, 1.65132, -17.3548, -0.000633913, -8.78029e-05, 0.000253639, 
19, 20522.5, 13.5558, -12.8693, 0.0319146, -0.000465975, 0.000283824, -5.37409e-05, 
20, 107552, -14.7921, 1.27781, -5.75431, 0.000137083, -1.20675e-05, -0.000241094, 
21, 71003.2, -1.69295, 6.48177, -2.62297, 0.000142863, -0.000181596, -0.000149457, 
22, 113893, -16.7983, 19.0534, 14.6586, 0.000151006, -0.000413228, -0.000193191, 
23, 377662, 7.99036, 4.9268, 13.1411, 0.000385322, 0.000246034, -0.000310268, 
24, 33818.9, -4.21811, -10.256, -17.6772, -0.000219364, 0.000425944, 0.000267402, 
25, 72081.8, -17.6034, -18.1752, 4.34825, 0.000359714, 0.000380215, -1.38058e-05, 
26, 42615.9, 1.09489, -7.87337, -1.23869, -9.0308e-05, 0.000151242, -2.63201e-05, 
27, 73029.4, 0.338902, -6.79023, 4.60438, 2.01482e-05, 0.000157348, -0.000128513, 
28, 278349, -4.75943, 13.5839, -12.9093, -0.00311377, 0.000878445, 0.00154664, 
29, 119212, -11.2772, 13.5164, -18.037, 0.000370782, -0.000528877, 0.00043505, 
30, 4323.1, 6.17911, -2.28, -8.75828, -0.000148009, 7.3313e-06, 9.02482e-05, 
31, 250092, 16.0459, -15.3466, 18.1835, -0.000222642, 0.000237058, -0.000251229, 
32, 2919.37, -2.12296, 4.97967, 17.7422, 0.000330939, 1.10988e-05, -0.000483317, 
33, 15081.1, -6.7343, -6.99573, 5.67169, 0.000130524, 8.73486e-07, -0.000103001, 
34, 72653.2, 8.08319, 7.70379, 11.7362, 0.000437127, -0.00114403, 0.000182558, 
35, 227948, 9.76147, -14.2186, -17.0389, -0.000239745, 0.00042142, 0.000340191, 
36, 54512.8, -4.37141, 0.636886, -7.90207, 0.000106511, 0.000163693, -1.49395e-05, 
37, 132334, 16.97, 18.6605, -16.5073, -0.000271614, -0.000382109, 0.000314841, 
38, 124410, -16.6475, -13.1995, 12.4461, 0.000578005, 0.000144355, -0.000460612, 
39, 233658, -14.7203, -16.0306, 14.3149, 0.000256004, 0.000442078, -0.000416593, 
40, 294451, -16.1577, 2.3265, -18.4162, 0.000457897, 0.00033354, 0.000428577, 
41, 18072.9, 2.41063, 2.70783, 8.53082, 0.000369067, 8.30249e-05, -2.61598e-05, 
42, 168697, -11.2407, 6.35309, -15.246, 0.000376389, -3.78398e-05, -4.36026e-05, 
43, 58869.8, -14.9267, 9.29579, 17.5409, 0.000253255, -0.000217823, -0.0003117, 
44, 457733, 9.46622, 6.16014, 18.978, -0.000205547, 0.000778358, -0.00111585, 
45, 2111.71, 6.43023, -19.3241, 13.78, -0.00012452, 0.000389462, -0.000257747, 
46, 30392.2, 8.48156, 0.139035, -14.4052, -0.000746656, 0.000193755, 0.00049297, 
47, 2286.25, -2.29582, -10.2153, -7.72923, -1.10987e-05, 8.27192e-05, 5.4646e-05, 
48, 75203.2, -17.1931, -5.08527, -3.90791, -0.000104131, 0.000117434, -3.67468e-05, 
49, 166748, -2.07351, 18.8092, 4.34347, 6.56925e-05, -0.000468003, -4.38074e-05, 
50, 18376.9, 19.4832, 18.7408, -1.05351, -0.000335536, -0.000383319, -0.000147079, 
51, 8818.69, 17.5666, -14.7254, 3.95715, -0.000387681, 0.000255835, -5.13103e-05, 
52, 46667.2, 6.95149, -12.8986, -0.464463, -0.000216575, 0.000205397, -4.8658e-05, 
53, 81946, 6.11149, 5.69273, 7.96561, 0.000235971, -0.000211361, 0.000260386, 
54, 258170, -7.63725, -12.6407, 13.2486, 1.33309e-05, 8.80738e-05, -0.000366647, 
55, 14387.8, -4.45836, -14.14, -6.54453, 0.000150791, -0.000420111, -0.000575196, 
56, 72595.4, -13.7762, -8.4498, -15.9903, 0.000363534, 0.000218057, 0.000398829, 
57, 127861, -0.775384, 9.21966, 14.7805, 0.000815162, -7.9973e-05, -0.000601242, 
58, 99632, 13.6673, 12.2759, -13.8537, -0.000132379, -0.000184226, 0.000307123, 
59, 42252.2, 16.3716, 15.5894, 11.3928, -0.000372848, -0.000410897, -0.000170915, 
60, 87983.4, 8.78605, -8.51185, -0.378718, -0.000311092, 0.000193492, -0.000141804, 
61, 196363, 1.78971, 8.51477, -16.4661, -0.00154134, -0.000289022, 0.000778368, 
62, 53625.6, -5.8627, 9.10973, -8.18939, 0.000868335, -0.000257043, -0.000510382, 
63, 36442.2, 13.2131, -2.92587, 5.27346, -0.000456179, 0.000249091, 3.81563e-05, 
64, 325076, 9.29936, 16.6676, -2.40583, -0.000154742, -0.000406357, -3.96426e-05, 
65, 80050.7, -15.0496, 10.081, -19.7738, 0.000926374, -0.000505253, 0.00056167, 
66, 111018, -19.3363, 7.13023, -4.82515, 0.000508518, -0.000203268, -0.000131485, 
67, 165997, -5.73936, -15.9653, 2.55663, 3.12799e-05, 0.000416222, -2.22989e-05, 
68, 55805.8, -6.95858, -14.9516, -9.10418, 0.000515949, -0.000121376, 7.31748e-05, 
69, 31234.3, -10.0257, 13.1388, 1.07596, 0.000139181, -0.000665326, 0.000158429, 
70, 186090, 4.11385, 4.68991, -0.559764, -0.000234777, -0.000104177, -1.35944e-05, 
71, 28094, 4.41982, 2.52396, 4.12899, 0.000162774, 0.000170427, 7.93846e-05, 
72, 957885, 19.8013, 12.9484, -9.20052, -0.000405591, -0.000151113, 5.53064e-05, 
73, 4474.79, -15.6713, -17.0046, -0.424682, 0.000341306, 0.00029602, 4.96269e-05, 
74, 10808.5, 13.9281, -0.799227, -1.35623, -0.000454992, 8.22547e-05, 2.22304e-05, 
75, 1477.59, -13.5017, 0.284326, -9.14102, 0.000111739, 0.000117433, 0.00016512, 
76, 46803.5, -17.3826, -2.35464, -8.29515, -0.00013643, 0.000388355, -7.6031e-05, 
77, 163629, -6.42738, 18.654, -17.4737, 0.000162475, -0.00071908, 0.000445753, 
78, 91417.6, -18.854, 8.55548, 16.7995, 0.000484906, -4.69307e-05, -0.000310023, 
79, 969.187, 2.35032, 7.64845, 5.92899, 0.000136279, -0.000287582, 0.000158279, 
80, 26478.7, 10.1333, 5.73565, 18.6899, -0.00337769, 0.00185659, 0.000436279, 
81, 117213, -12.3505, 8.27087, 19.4498, 9.87543e-05, -9.78585e-05, -0.000467552, 
82, 437308, 5.5948, -2.80725, 12.3723, -3.9267e-05, 0.000381711, -0.000160137, 
83, 17332.5, -14.3421, 5.14882, 18.8643, 0.000301057, 0.000180644, -0.000391112, 
84, 24899.3, -4.38404, -16.9638, -7.5002, 0.000105857, 0.00183117, -0.000338038, 
85, 98799.6, -9.87139, -17.5767, -15.4341, 0.000310247, 0.000443224, 0.000758986, 
86, 140967, -2.39629, 16.2553, 11.3016, 0.000155431, -0.000447718, -0.000160898, 
87, 3055.51, -1.63924, 4.63995, 5.7668, 0.000271216, -3.43315e-05, -0.000127741, 
88, 131508, -5.30847, -9.44584, -19.0327, 0.000284943, 0.000125701, 0.000747051, 
89, 72894.3, -6.80302, -16.7041, -9.71179, 0.000269824, 0.000715156, 0.000232825, 
90, 57118, -4.60829, -12.0032, -17.8284, 8.91893e-05, 0.000816757, 0.00040159, 
91, 2617.69, -5.95058, -3.82131, -18.8957, 9.62102e-05, 0.000125458, 0.000496422, 
92, 9206.39, -3.76963, 12.7242, 14.3222, 0.000410782, -0.000313227, -0.000487025, 
93, 216586, 8.46145, 19.4263, -19.0172, -0.000180201, -0.000417569, 0.000307759, 
94, 58892.3, 12.5338, -6.7005, -4.89294, -0.000597221, 0.000152297, -7.61227e-05, 
95, 81944.5, 1.67272, 15.4036, -19.1169, -0.000151474, -0.000561197, 0.000603373, 
96, 11783.7, -12.2116, -1.88009, -12.1612, 0.000218619, 0.000176464, 0.00014983, 
97, 99126, -18.5447, 1.30257, -6.83115, 0.000603536, -0.000172983, -7.11668e-05, 
98, 151994, -19.0127, -1.85564, -9.01524, 0.000725851, 0.000148837, 0.000279182, 
99, 87258.7, -9.12798, -6.70332, -7.30219, 0.000182877, 0.000167049, -3.80735e-05, 
100, 48596.7, 1.45689, -15.899, 15.1462, -0.000119429, 0.000350903, -0.000323208, 
101, 44096.9, -11.8645, 15.2412, -6.87255, 0.000531747, -0.000507513, -0.000205053, 
102, 8359.99, 10.3152, 4.69906, -6.67704, -0.000340129, -1.31314e-05, 3.47297e-05, 
103, 70351.6, 3.48254, 16.397, 14.9001, -0.000256525, -0.000225482, 0.000990108, 
104, 45294.6, 16.502, -16.3033, 12.652, -0.000278371, 0.000294199, -1.8044e-05, 
105, 19504.5, 12.3395, 14.4599, 11.8736, -0.00040652, -0.000502719, -0.000162264, 
106, 54049.2, -16.4387, 8.77971, 14.8514, 0.0002414, -8.54276e-05, 9.21627e-07, 
107, 165846, -8.04422, 14.1367, -7.46995, 0.000315295, -0.000476386, -0.000370434, 
108, 334000, 8.77851, -4.1947, -18.9871, -0.000187737, 0.00014401, 0.000458907, 
109, 380350, 1.12842, -3.78061, 19.0627, 0.000137281, 0.000206936, -0.000513761, 
110, 169825, 13.3825, -1.14917, -17.9049, -0.00051504, 4.62052e-05, 0.000314685, 
111, 49417.8, 12.3371, 8.56556, 12.5098, -0.00094187, -0.00137937, -0.000549073, 
112, 22932.1, 6.83179, 4.38534, -12.0765, -0.000330247, -3.51764e-05, 4.78192e-05, 
113, 33159.4, -11.5145, -13.6029, 7.75317, 0.000360052, 0.000276451, 1.3262e-05, 
114, 329915, -18.7892, -2.62898, 8.65278, 0.000455554, 0.000690497, -5.15358e-05, 
115, 46014.7, -5.60594, 15.192, 9.8724, 0.000397777, -0.000294268, -9.88248e-05, 
116, 70885.7, -5.91235, -6.53436, -15.491, 0.00021702, -3.50459e-05, 0.000232813, 
117, 39878, 1.41823, 7.56767, 7.65686, 0.000277886, -0.000225907, -6.18285e-06, 
118, 7990.99, 3.11569, -7.449, -2.55111, -0.000140582, 0.000130837, 2.01028e-05, 
119, 45208.6, 8.47898, 9.7447, 2.34366, -0.000221523, -0.000303693, 6.3881e-05, 
120, 21852.8, -12.4743, -19.8015, 15.2269, 0.000128625, 0.000630149, -0.000332927, 
121, 39421.6, 6.61642, 3.42908, 17.7646, 0.000485876, 0.000546809, -0.00066257, 
122, 29750.7, 8.7314, -3.84888, -4.79093, -0.000301754, -0.000150282, -0.000130207, 
123, 92556.9, -17.6694, 4.52509, -17.339, 0.000944501, -0.000406304, 5.83752e-05, 
124, 232939, 1.04667, -16.9291, 4.38429, -9.53444e-05, 0.000419995, -0.00016399, 
125, 64576, 7.00585, -8.42652, -13.5968, -0.00010678, 0.000241105, 0.000166254, 
126, 80969.1, -18.7047, 0.444111, 0.204757, 0.000419935, -6.45203e-05, -0.000163343, 
127, 69836.7, -9.14273, -14.9066, 1.215, 0.000372755, 0.000248278, 9.71002e-05, 
128, 34136.6, -12.4674, -17.9735, 0.904466, 0.00030399, 0.000454584, 2.59824e-05, 
129, 80050.6, 10.2485, -17.4553, 7.26095, -0.000304855, 0.000384299, -0.000158637, 
130, 67728.8, 7.81564, 0.408759, -13.9018, 3.52958e-06, -6.24397e-05, -5.03417e-05, 
131, 150978, -18.998, 15.336, 14.326, 0.000355824, -0.000165493, -0.00015975, 
132, 81625.8, 0.266049, 9.31168, 14.2543, -0.00049763, -0.000250166, 0.000125676, 
133, 2593.03, 10.6988, -12.6462, -4.68231, -0.000420786, 0.000391282, 1.41461e-05, 
134, 644361, 11.6491, 5.98763, 11.0635, -0.000803169, -8.81804e-05, 0.000214765, 
135, 21866.9, -10.1742, 12.325, 10.87, 0.000263069, -0.000209309, -0.000209875, 
136, 41691.7, -4.67176, 7.10831, -12.4102, 0.000211872, 0.000298459, -7.07778e-05, 
137, 91347.5, -7.84811, -16.8891, 15.527, 7.96493e-05, 0.000440871, -0.000533599, 
138, 106353, -18.8501, -5.57694, -3.63977, 0.000777218, 0.000342125, -0.000127504, 
139, 48040.2, -11.0424, 5.64726, 15.6967, 0.000153716, 2.55088e-05, -0.000217027, 
140, 37577.6, -1.26718, -8.03432, -0.593196, 0.000171585, 0.000146439, -7.15755e-05, 
141, 18448.8, 2.07331, 14.5663, -12.8633, -0.000494876, -0.000820637, -0.000219579, 
142, 80498.5, -16.0666, -9.31201, 6.77542, 0.000324291, 3.36059e-05, 0.000109714, 
143, 7666.73, 6.23302, -17.3012, -8.59815, -0.000175132, 9.80117e-05, -0.00041616, 
144, 13225.3, -8.0828, -0.142906, -5.33501, 0.000173712, 9.16858e-05, -0.000126511, 
145, 193634, 13.3133, -10.4111, -12.0865, -0.000487694, 0.000272501, 0.000111606, 
146, 240149, 8.2556, -7.0681, -7.01825, -0.000217139, 0.000182506, 6.39275e-05, 
147, 329761, 3.16664, 16.8103, 16.6555, 5.29082e-05, -0.00054471, -0.000611296, 
148, 44620.5, 18.1745, 11.2713, 1.89533, -0.000435199, -0.000161584, -9.14901e-05, 
149, 326998, 9.23613, 8.08332, 18.5332, -3.50476e-05, -0.00175733, -0.00039491, 
150, 96085.7, -18.8588, 13.1223, -9.19885, 0.000556071, -0.000368199, -3.26705e-05, 
151, 156236, 1.40303, 12.4619, -14.7394, -0.000503742, -0.000674564, 0.000120237, 
152, 21221.8, -0.856482, -5.30633, -8.40995, -5.84176e-06, 0.000148616, 5.8503e-05, 
153, 52477.7, 19.6367, 15.7017, 9.981, -0.000465188, -0.000299331, -0.000101048, 
154, 23635, -13.7636, -9.7771, -13.9328, 0.000370822, 0.000393527, 0.000107131, 
155, 46830.7, 14.8044, -0.099592, 16.3641, -0.000613733, 0.000232907, -0.000442143, 
156, 92630.3, 7.00474, 3.1221, 5.47785, -0.000175004, 0.00016092, 0.000235113, 
157, 48406.4, -14.0398, 14.8928, 6.18239, 0.000343219, -0.000334404, -0.000152956, 
158, 196582, -9.13426, -17.3503, -12.8283, 0.000224406, 0.000445336, 0.000111721, 
159, 30074.5, -3.77191, 4.56493, 1.77565, 0.000231893, -2.76936e-05, -0.000192526, 
160, 33571.4, -13.2924, 5.08987, -19.6445, 0.000414741, -5.47468e-06, 0.00068901, 
161, 8737.73, 19.557, -16.0068, 12.5259, -0.000433791, 0.000230937, -4.28375e-05, 
162, 508060, -7.93476, 4.24273, -19.4593, 5.83245e-05, 0.000169888, 0.00058111, 
163, 44193, -7.08125, -7.23084, -11.789, 0.000169867, 0.000158792, 6.16766e-05, 
164, 29803.4, 8.03008, -15.9497, 9.30847, -0.000136692, 0.000291253, -0.000298887, 
165, 169235, 12.7831, 6.42369, -17.2794, -0.000338076, -6.9035e-05, 0.000360212, 
166, 23700.2, -19.7963, -5.5644, 16.3139, 0.000352353, 3.62432e-05, -0.000394458, 
167, 86765.8, -15.516, -19.2836, -15.6666, 0.000355016, 0.000359021, 0.000240663, 
168, 145148, -13.0166, 9.11747, -19.4214, 0.000261654, -0.000236497, 0.000536234, 
169, 52934.1, -5.53555, -19.3396, -4.64702, 0.000128167, 0.000669354, -0.000117964, 
170, 1922.37, -8.61707, -8.26496, -17.3227, 0.000452191, 0.000186895, 0.000399209, 
171, 22445.4, 14.2186, -6.56826, 16.4877, -0.000337786, 0.000408226, -0.000405363, 
172, 481411, -0.293136, 7.89895, -15.9052, 0.000281824, 0.000274504, 0.000260975, 
173, 207195, 7.6808, -17.6241, 0.365368, -0.000299628, 0.000509513, -4.08484e-05, 
174, 59874.5, 5.75263, 12.8121, -19.2279, -0.000393379, -0.000269649, 0.000544776, 
175, 157715, 6.35782, -18.3933, -10.1278, -0.000189357, 0.000511624, 0.00016812, 
176, 23284.3, 10.4455, -9.54358, -16.4175, -0.000354645, 0.000217022, 0.000342525, 
177, 26682, -3.51704, 12.2113, 12.7981, 0.000370316, -0.000189471, -0.00017707, 
178, 2733.56, -3.94887, 17.0291, 7.93277, 0.000244888, -0.000441254, -1.99549e-05, 
179, 21708.5, 2.14102, 4.4714, -0.531993, 0.000643194, -1.57387e-05, -0.000170888, 
180, 35339, -14.9826, -6.52134, -11.0422, 0.000637695, 0.000293237, 0.000277828, 
181, 8547.22, 9.9973, 6.24728, 3.09272, -0.000394001, -0.000118606, 0.000222492, 
182, 35159.6, 10.9195, 16.018, 11.2572, -0.000218607, -0.000609287, -7.85348e-05, 
183, 26059.5, 14.5556, 3.20548, 2.68719, -0.000511077, 5.82545e-05, 0.000118184, 
184, 170910, -16.1757, -12.1328, 9.70518, 0.000374005, 0.00012552, 6.35295e-05, 
185, 34629.4, 2.4766, 2.91285, -10.8529, -0.000186658, 0.000163468, 3.4897e-05, 
186, 176.156, -15.2462, 14.1992, -4.99117, 0.000438794, -0.000373185, -0.000198418, 
187, 17432.8, 5.67605, -13.2812, -6.19588, -0.000239187, 0.000342919, 6.01902e-05, 
188, 38613.7, 14.6513, -4.43456, 15.215, -0.000491212, 0.000371404, -0.000452463, 
189, 103423, 1.32473, -14.044, -6.01447, -0.000139646, 0.000316909, 3.14906e-05, 
190, 29362.8, -8.36824, -13.3529, 18.997, 9.25057e-05, 0.000149743, -0.000617065, 
191, 226096, -4.18914, -15.7057, -7.82295, -0.000156622, 0.000256255, 5.36805e-05, 
192, 449215, -4.67748, 13.551, -12.9454, 0.00213491, -0.00139065, -0.00083215, 
193, 35466.9, -13.9636, -6.44697, -10.6304, 4.19225e-05, 0.000231075, 2.47432e-05, 
194, 130.538, 3.16495, 7.56184, -18.6665, -0.000754877, 0.000214817, 0.00115272, 
195, 95093.9, -3.81461, -9.12607, -15.6666, -8.06355e-05, 0.000187998, 2.02843e-05, 
196, 99101.5, 14.3006, -3.30253, 12.7554, -0.000510326, 0.000309795, -7.3344e-05, 
197, 92771.6, -17.6578, 19.7803, -14.7426, 0.000361917, -0.000409578, 0.000143138, 
198, 13109, 6.83864, -15.959, 0.0449219, 0.0001264, -0.000270961, 9.30761e-05, 
199, 168093, 1.12917, -9.65412, -18.3997, -0.00012654, 0.000276159, 0.000429494, 
