ID, Mass [kg], pos_0 [m], pos_1 [m], pos_2 [m], vel_0 [m/s], vel_1 [m/s], vel_2 [m/s], 
0, 97975.8, 22.8476, -32.3144, -19.8493, -0.0010187, 0.00115285, 6.79157e-05, 
1, 77894.7, -5.81204, -22.1025, -30.5739, 0.00102393, 0.000536433, 0.000813381, 
2, 11402, -36.1579, -26.5095, 40.9177, 0.00102919, 0.00105587, 0.00120359, 
3, 66098.7, 22.2125, 17.4054, 12.2657, -0.00110642, -0.000490861, -0.000366534, 
4, 44838.5, 39.9157, 33.9695, 20.0803, -0.00158, -0.00154897, 0.000344369, 
5, 294431, -22.727, 16.1981, 6.31602, 0.00170559, -0.0031728, -0.000667375, 
6, 45520.7, -17.046, 26.3233, -40.649, -0.000159631, -0.000238508, 0.00137088, 
7, 104607, -31.0943, -26.171, 36.4521, 0.000304868, 0.000847935, -0.000516891, 
8, 18630.4, 28.1575, 27.9756, 19.0801, -0.00086561, -0.00112272, -0.000419943, 
9, 6880.78, 10.2722, -34.8377, 27.3438, -0.000420671, 0.00122446, -0.00101205, 
10, 62559.5, 31.8152, 11.8335, 35.4624, -0.000655181, -0.000407153, -0.00113472, 
11, 25475.3, -21.5724, -14.3458, -36.3086, 0.000203866, 0.000187862, 0.00198221, 
12, 71640.3, 18.2409, -1.21924, 13.0379, -0.00229443, 0.000164161, -0.000594327, 
13, 19375.1, 25.32, -4.01172, -34.2535, -0.00169947, -0.00225787, 6.64684e-05, 
14, 192659, -36.779, -27.1156, 40.9621, 0.00123127, 0.000429848, -0.000854693, 
15, 90493.3, 8.23571, 10.4221, 31.4482, -0.00109052, -0.000135069, -0.000459541, 
16, 55088.9, -13.0333, -10.2771, -20.095, 0.000495868, 0.000452923, 0.00113039, 
17, 128599, -16.5251, -3.3701, 20.7991, -7.0351e-05, 0.000229643, -0.00120316, 
18, 2686.61, -19.1661, -6.37301, 23.3884, -0.000300166, -0.000182392, -0.00086644, 
19, 57797.8, -36.3236, 23.9362, 22.2675, 0.00282968, -0.000397888, -0.000795898, 
20, 50565.7, 31.9386, 23.8612, -14.9343, -0.00149117, -0.000381174, 0.000280164, 
21, 170562, -8.54026, -22.386, -28.8446, -0.000535224, 0.000597915, 0.00188028, 
22, 46366.2, 24.5709, 14.7281, -21.6817, -0.000688466, -0.000862897, 0.00018707, 
23, 48064, 40.8209, 35.133, 19.2819, -0.000645686, -0.000458697, -0.000450429, 
24, 10737.9, 20.1501, 19.4065, 27.667, -0.000661605, -0.000868772, -0.000885857, 
25, 6821.61, -29.8499, -9.79955, 4.09105, 0.00148407, 0.000883082, 0.000378073, 
26, 85103.7, -18.3322, -17.5472, 21.3648, 0.000112887, 0.000521101, -0.000291713, 
27, 20373.4, 3.75382, -30.9703, -23.7154, -0.000464971, 0.00152361, 0.000213396, 
28, 40858.5, -24.7386, -10.7965, 27.3487, 0.00176855, 0.00130829, -0.00145809, 
29, 20052.6, 20.8812, -0.110382, -26.6001, -0.000622808, -0.000743355, 0.000350422, 
30, 30553.1, 38.6588, -17.0046, -8.17018, -0.00173259, 0.000694687, 0.000493024, 
31, 162518, -27.1872, -41.6853, 7.15749, 0.000626239, 0.00156829, -0.000129907, 
32, 65626.2, 10.658, -10.7587, -0.510613, -0.000628036, 0.00058849, 5.83179e-05, 
33, 187658, -35.2865, -25.5417, 39.0659, 0.00225472, 0.00248347, -0.00260963, 
34, 143234, 11.2198, 41.698, -44.6569, -0.000194307, -0.000806765, 0.0010659, 
35, 251764, -33.0489, 32.4956, -37.4467, 0.000947362, -0.000220615, 0.000283121, 
36, 188234, 2.91993, -42.2219, 10.6044, -0.000460961, 0.00162133, -0.000324912, 
37, 145115, -16.8564, -24.5768, 18.1721, 3.99813e-05, 0.00141334, -0.000334908, 
38, 97491.5, 37.0888, -4.08736, 2.54218, -0.00189421, -5.27191e-05, 0.000818612, 
39, 31783.6, -31.3428, 34.0657, -28.742, -0.000293395, -0.000653986, -0.000539719, 
40, 3660.49, -12.7137, -23.1632, -0.9427, 0.00104551, 0.00174873, -0.000359522, 
41, 6882.93, 19.1073, 23.2729, 12.6042, 0.00021422, -0.00299996, -0.000540282, 
42, 15820.5, 24.062, 5.61023, -30.6332, -0.00089556, -0.000898394, 0.00104463, 
43, 12851.8, 9.52932, 10.5175, 30.6195, -0.000579244, 0.000451358, -0.00282052, 
44, 207554, -41.2932, -36.1011, -26.1629, 0.00124792, 0.00178171, 0.000628139, 
45, 14218.7, 16.5194, 15.3259, -12.6715, -0.000787162, -0.000580657, 0.00057498, 
46, 94578.2, 36.528, 28.4009, 34.9534, -0.000381678, -0.000378888, -0.0010498, 
47, 139467, 44.3532, 30.3681, 43.9271, -0.00115958, -0.000639366, -0.00115403, 
48, 34799.6, 25.7151, 23.1008, 7.97757, -0.00147732, -0.00111978, -6.62588e-05, 
49, 52524.3, -11.1433, 14.6806, -10.5044, 0.000208921, -3.80181e-05, 0.00151342, 
50, 168682, -38.2825, -27.5302, -26.247, 0.00111391, -0.000104005, 0.000924793, 
51, 4879.07, -31.1846, -10.9267, -29.3716, 0.00101998, -0.00116498, 0.0018538, 
52, 127413, -27.2221, -39.1499, 40.7232, 0.000112237, 0.00155268, -0.0015114, 
53, 2820, -17.2261, 35.9576, 5.52863, 0.000115304, -0.00206782, 0.000866719, 
54, 67623.2, 11.5676, 9.91079, 34.2822, -0.0011757, -0.000118027, -0.00167098, 
55, 124781, -12.6571, 38.2268, -22.4362, -0.000154181, -0.00104833, 0.000532641, 
56, 44370.6, 0.373026, -2.72553, -0.642407, 0.000800877, -0.000498194, 0.00311286, 
57, 51907.6, -7.76709, -25.7066, 1.29653, -9.90907e-07, 0.00200815, -0.000449286, 
58, 101111, -41.7627, 39.3679, 8.14647, 0.00163109, -0.00126382, 0.000147868, 
59, 12663.5, 34.5735, -3.00138, 18.7737, -0.000737995, 0.000939524, -0.000685359, 
60, 211734, -9.45617, 37.1088, 16.8823, 0.000184647, -0.00112486, -0.00114592, 
61, 14072.5, 31.3163, -22.765, -14.0147, -0.00105569, 0.00051472, 0.000421559, 
62, 39936.1, 37.0584, -40.8272, -13.4186, -0.000853347, 0.00143904, 0.000239678, 
63, 94816.2, -18.7981, 16.3097, 9.42474, 0.00217193, 0.00146452, 0.00217425, 
64, 294722, 22.6133, -1.95843, 12.0929, -0.000487033, -0.000105145, -0.000636441, 
65, 115209, -33.8245, -36.9863, -6.98297, 0.00111417, 0.00125509, 5.86233e-05, 
66, 297505, -7.83426, 39.0681, 15.1756, -0.00132329, -0.00257507, 0.000822375, 
67, 109371, 34.8837, -11.1035, 25.8262, -0.000997674, 0.000835918, -0.000689415, 
68, 50319.5, 8.94365, -20.1135, 10.4693, -0.00145628, 0.000887078, -0.000892881, 
69, 94497.4, -14.2133, 2.76663, -34.3653, 0.000329712, -0.000277128, 0.00153468, 
70, 28507.8, 16.9747, -2.05304, 34.3086, -0.000448857, 0.000412348, -0.00150313, 
71, 20301.8, -4.29932, -26.4452, -9.95275, -0.000664059, 0.00188875, 0.000377084, 
72, 5514.46, -22.2909, -13.1731, -36.4874, 0.000764617, -0.000742801, 0.00196818, 
73, 51713.3, 8.16709, -21.3115, 11.8848, -0.00016653, 0.00169664, -0.00153885, 
74, 54078.6, -24.4956, -10.6417, 27.0731, -0.000234105, 6.99845e-05, 1.71914e-05, 
75, 100331, -19.0053, -40.184, -21.5842, 0.000435903, 0.00181959, 0.00081212, 
76, 16592, -18.7885, 2.39429, 39.0323, -0.000337915, -3.92739e-05, -0.00185266, 
77, 214624, 1.22467, -1.70197, -1.54877, -0.000743887, 9.48987e-05, -0.00135177, 
78, 77042.2, -4.56395, -12.5259, -2.71181, -0.00129967, 0.000837901, -0.000663888, 
79, 131835, -34.659, 35.1804, -44.332, 0.00151594, -0.000993256, 0.000689585, 
80, 36841.1, 23.8782, 15.3924, -20.7529, -0.00134513, 0.00023431, 0.00142557, 
81, 30218.7, -34.6638, -40.2977, 21.9797, 0.00124199, 0.00138555, -0.000219689, 
82, 5693.83, -24.3458, -16.6487, -19.9752, -6.21601e-05, 0.000380989, 0.000219802, 
83, 46120.3, 42.0064, 14.3367, -34.1944, -0.00121657, -0.000306532, 0.000764828, 
84, 20479.4, -22.495, -38.8189, -7.47175, 0.000492984, 0.0017647, 3.73456e-05, 
85, 115679, -13.1151, -39.2718, 21.3898, -0.000288415, 0.00166865, -0.000578115, 
86, 124413, -35.3004, -26.8837, 39.504, -0.000250291, -0.0020766, -8.77606e-05, 
87, 14754.9, 30.0551, 2.49477, 21.6376, -0.000651587, -0.000566947, -0.00120509, 
88, 1562.9, 0.955834, 22.3393, -25.7561, -0.000377872, -0.000625704, 0.00114459, 
89, 213089, 38.8792, 0.440957, 18.3926, -0.0015542, -0.00045369, -0.000960349, 
90, 131961, 38.1209, -1.31453, 9.72122, -0.0020331, -0.000427788, 1.86132e-05, 
91, 25620.6, -38.4412, 2.6342, -10.3256, 0.0024204, -4.6607e-05, 0.000627159, 
92, 36643.2, -26.7965, 28.5458, 18.5242, 0.00250198, -0.000385045, -0.00258259, 
93, 10124.3, -18.3991, -4.73705, 23.7323, -0.000869323, -0.000473367, -0.000335013, 
94, 134912, 13.578, -11.8351, 0.0111153, -0.00204033, 0.00078532, 5.52319e-05, 
95, 352934, 0.154998, -5.58776, 3.67684, -0.000688123, -0.000572078, -0.000181621, 
96, 53519.9, -32.4547, -4.98933, 37.9345, 0.000957049, 0.00122888, -0.00111497, 
97, 179640, -19.923, 7.18858, 8.55469, 0.00165798, -0.00124636, -0.000110706, 
98, 92275.8, 31.069, -18.2463, -27.1388, -0.00154455, 0.000653929, 0.000601792, 
99, 37250.3, -8.27315, -37.3818, -35.5163, 0.000418383, 0.00113248, 0.00124241, 
100, 237086, -24.7327, -36.0223, 30.3543, 0.00023453, 0.00154921, -0.000542805, 
101, 89616.5, -33.934, 3.17401, -9.07026, 0.00149832, -9.61951e-05, 0.000762176, 
102, 131392, -31.1184, -10.1364, 23.1874, 0.00191114, 0.00029419, -0.000214276, 
103, 134711, 36.8866, 27.4985, 38.0183, -0.000738778, -0.00101866, -6.73483e-05, 
104, 108522, 19.8396, -14.1611, -31.6687, -9.83731e-05, 0.00103954, 0.00110027, 
105, 228291, 40.2101, -5.82446, 36.8957, -0.00113938, -0.000162813, -0.00143116, 
106, 233820, 24.3794, 39.4641, -15.1237, -0.000878741, -0.00166136, -9.73318e-05, 
107, 93778.3, -28.8064, -13.324, -19.3746, 0.000942783, -0.000635591, -8.27047e-05, 
108, 109531, -3.25905, -6.45721, -0.828769, 0.00138424, -4.6168e-05, 0.00106745, 
109, 162559, -29.2415, -13.2062, 0.210787, 0.00149256, 0.000578567, -1.49285e-05, 
110, 104548, -20.3885, 41.6969, -40.3447, -0.00033012, -0.00118082, 0.00114552, 
111, 390486, -32.641, 0.782103, 39.3634, 0.000915289, -0.000316896, -0.00158831, 
112, 17258.3, 2.04304, -23.1773, 19.5572, -0.000371997, 0.00103764, -0.00137845, 
113, 11495, 35.7674, 13.0932, -2.14632, -0.00147141, -0.000652184, 0.000359863, 
114, 198051, 24.5685, 36.1442, -22.4938, -0.000307681, 0.000376101, -0.000533569, 
115, 43163.1, 7.86672, -21.009, 4.56785, -0.000827406, 0.00240729, -6.75428e-05, 
116, 54122, -20.1563, 25.144, 24.9324, -0.00164675, -0.0010228, -0.00377492, 
117, 7321.58, -20.0602, 16.2633, 18.1848, -0.000846908, 0.00116113, -0.00155948, 
118, 45671, 33.4032, 24.6608, -41.7621, -0.000859298, -0.000415925, 0.00108362, 
119, 335394, -24.3833, 25.3063, 21.175, 0.00180419, -0.00509261, -0.000171575, 
120, 146744, -14.165, -27.1337, -14.8674, 0.000232159, 0.00147491, 0.00106528, 
121, 144968, -27.1878, 28.5833, 17.6599, 0.00193231, 0.00016039, -0.000537348, 
122, 58573.5, 4.95743, 12.547, -3.61821, -0.000948503, -0.00133058, 0.000486374, 
123, 69771.2, -11.7195, -7.20053, -20.5929, 4.54332e-05, -0.000715962, 0.00142008, 
124, 73065.8, -29.5759, 33.2408, 5.1666, 0.00152728, -0.00174066, 0.000675908, 
125, 176383, 41.635, 0.0546506, 40.0437, -0.00091162, 0.000582187, -0.000940085, 
126, 46062, 33.4259, -11.5655, -2.46696, -0.00134449, 0.00102647, 0.000599104, 
127, 56478.2, 37.6776, 30.8424, 31.305, -0.000894514, -0.00067513, -0.00116105, 
128, 73371.6, 6.37048, 7.14883, -40.3646, -0.000251519, -0.000416172, 0.0016395, 
129, 64320, -22.4441, 27.7093, 15.6824, -0.000438932, -0.00215365, 0.00194787, 
130, 34299.5, -30.6282, -17.6953, -26.1688, 0.00131134, 0.00226901, -0.00137113, 
131, 95466.1, -14.8416, -32.1058, -14.864, 0.00026194, 0.00242826, 5.63466e-05, 
132, 38698.9, -36.821, -36.8662, 6.35281, 0.00147581, 0.000985267, -0.000200249, 
133, 99701.7, -22.0804, 13.7911, 6.96501, -0.00413027, 0.00133816, -0.000558812, 
134, 390402, -6.77105, -15.5854, -4.06716, 0.000632056, 0.00132962, 0.000489898, 
135, 51660.2, 4.16469, 11.387, 32.0216, 0.000616554, -0.000478298, -0.00187223, 
136, 67734.6, 25.7428, 40.4584, -19.6362, -0.000567466, -0.00174685, -0.00156613, 
137, 2782.49, 4.64198, -3.18412, -27.6824, -0.000197841, -0.000176302, 0.00127533, 
138, 74344.9, 19.6775, 22.5873, 12.4536, -0.000658209, -0.001169, -0.000447577, 
139, 97141.8, 20.7233, -17.7573, -4.29078, -0.00138911, 0.00129181, 0.000417578, 
140, 210366, -9.82074, 21.749, -8.7605, -0.000252577, -0.00100595, 0.000861904, 
141, 40577, 1.33148, 24.6194, -4.54597, -0.000869811, -0.00128901, 0.000343128, 
142, 42182, 39.0725, 1.50084, 21.9301, -0.00189308, 0.000178386, 0.000504334, 
143, 43465.5, -19.9165, 25.2077, 19.9526, 0.00367133, 0.00119803, -0.00298379, 
144, 15541.7, -21.3784, 25.9761, 23.3673, 0.00222539, 0.00251242, -0.000444361, 
145, 77758.8, 5.15903, -9.60777, -1.2049, -0.00108364, 0.000890879, 0.00139215, 
146, 59817.6, 3.50958, -15.5232, -15.5762, -0.000647527, 0.000664978, 0.00123501, 
147, 25797.1, -5.84385, -39.6809, -29.2817, 5.20973e-06, 0.00159318, 0.000680605, 
148, 56695.6, 7.82785, -17.9245, 4.49033, -0.000722514, 0.00120175, -0.000511929, 
149, 5675.67, -20.3308, 22.8309, 26.9795, 0.00099941, 0.000820432, -4.22794e-05, 
150, 10058.9, 5.54013, -27.1523, 16.416, -0.000502347, 0.00161328, -0.00115831, 
151, 109307, 31.8756, -29.2362, 29.5232, -0.00252787, 0.0016108, -0.000323525, 
152, 64680.1, 10.7381, 9.88061, 31.4215, 0.000420623, -0.000668367, -0.00184406, 
153, 355851, 17.2249, -34.9388, -31.502, -0.000674673, 0.00108031, 0.000925315, 
154, 112081, 22.7821, -10.1453, -30.6212, -0.0016099, -0.00107983, 0.00185944, 
155, 136525, 44.7891, -37.8488, -41.5323, -0.000882769, 0.000587363, 0.000677117, 
156, 24618.5, -39.4179, -17.9236, -17.1244, 0.00203074, 0.000142679, -0.000248577, 
157, 30278.3, -9.9628, 0.726769, -3.10765, 0.000707461, -0.000456569, 0.00114888, 
158, 74807.4, -39.0635, 33.1086, -37.582, -0.00164997, -0.00170195, -0.000207657, 
159, 13757.2, -31.0423, -27.2701, 38.0407, -0.00159239, 0.000963637, -0.0025054, 
160, 30157.7, 7.48677, -8.69679, -11.5454, -0.00101714, -4.78613e-05, 0.00140344, 
161, 499913, -31.8149, -19.1331, -25.3555, 0.00066846, -8.1601e-05, 0.00144051, 
162, 243908, 2.78174, -42.6987, -43.1781, -5.62748e-05, 0.00105529, 0.00119915, 
163, 156234, -18.5478, -18.529, 27.7751, -0.000450897, 0.00078223, -0.00168785, 
164, 180799, 24.3237, 35.5643, -21.6311, -0.00115895, -0.00139773, 0.00305585, 
165, 449860, -23.0517, 15.3508, 7.15687, 0.000918967, 0.00195805, 0.00138098, 
166, 12627.8, 8.46166, 36.9923, 40.868, -0.000329667, -0.000373633, -0.000633927, 
167, 72413.6, 39.7219, -35.4676, -10.8946, -0.00136932, 0.000890071, 9.5535e-05, 
168, 123248, -10.0333, 34.9402, 21.2889, -0.00107023, -0.000994394, -0.00242846, 
169, 19058.1, 35.9476, -31.5442, -8.28199, -0.000941921, 0.000801756, -0.000263491, 
170, 37240.7, 9.54501, -15.901, 34.7014, -0.000348589, 0.000612423, -0.00142598, 
171, 10520.8, 30.3286, -21.9713, -14.1672, -0.00176736, 0.0010585, 0.000374118, 
172, 66867.4, -24.6848, -12.4958, 24.2752, 0.000725591, -0.000165115, -0.00161839, 
173, 286204, -28.7327, 36.0605, 23.6895, 0.00158077, -0.00247235, -0.00144712, 
174, 7121.25, -17.0758, -6.76871, 22.6901, -0.000452755, -0.000530212, -0.000872182, 
175, 44439.5, 4.26083, 7.84559, -2.79085, -0.000995476, -0.000749177, 0.000774289, 
176, 95063.2, -8.79601, 20.2233, 13.9794, -0.00132546, -0.00064739, -0.000559697, 
177, 172893, -11.5993, 33.1724, -18.8617, -3.83069e-05, -0.00147024, 0.000997071, 
178, 46650.2, 38.6444, -33.2955, 24.1655, -0.00137732, 0.00125171, 2.78846e-05, 
179, 38532.6, -34.8241, 36.3137, -27.4591, 0.000937845, -0.00133928, -0.00102028, 
180, 32991.6, -27.7866, -25.1035, 17.952, 0.00136518, 0.00104373, -7.31719e-05, 
181, 177479, -37.3426, 35.7796, -36.7166, 0.0013177, -0.000913998, -0.000818582, 
182, 87.2575, 24.4148, 35.7288, -22.7756, -0.00157461, -0.00213724, 0.00595946, 
183, 128620, 4.9254, 0.212703, -30.4655, -0.000180477, -0.000256679, 0.00127453, 
184, 162169, 35.7782, -5.29805, 3.07416, -0.00140182, 0.000436764, 0.000549321, 
185, 20340.7, -0.226495, -7.62158, 0.0723481, -0.00126365, -0.00285526, -0.00253103, 
186, 53688.5, 0.680036, 21.075, -40.9076, -0.000186087, -0.000524627, 0.00132407, 
187, 29804.3, -19.5047, -19.8839, 9.4056, 0.000903588, 0.000953181, -2.89836e-05, 
188, 354857, 24.9166, -6.05408, -34.5964, -0.00083461, 0.000204774, 0.0010764, 
189, 50155.5, 21.8556, 40.2404, -40.4472, -0.000739605, -0.00080123, 0.00110808, 
190, 7112.4, -22.8862, 28.9838, 17.3081, 0.00143058, -0.00199839, -0.00102424, 
191, 126540, -38.5927, -25.1664, -26.685, 0.00265704, 0.00215715, 0.000583289, 
192, 354318, -37.609, 35.8277, -34.2461, 0.000711561, -0.000238949, 0.00260176, 
193, 107194, 9.66047, 40.4357, 44.566, -0.000373414, -0.000945258, -0.00112992, 
194, 224461, 29.9798, -28.3391, 29.9159, 0.000229544, 0.000674924, -0.0011334, 
195, 635832, -23.2261, 24.5159, 20.8807, -0.000307348, 0.00111567, -0.00174138, 
196, 66151.1, 5.6087, -33.2384, -20.7245, -0.000274411, 0.00134751, 0.000455336, 
197, 47866.1, -13.3106, -25.6562, -14.3291, 0.000796605, -0.000531814, -0.000212986, 
198, 66662.6, 23.2701, 22.9555, 0.557933, -0.00102073, -0.000862368, 0.000269005, 
199, 70426.5, -25.0414, 31.1776, 0.510828, 0.000682207, -0.00164682, 0.00112424, 
