ID, Mass [kg], pos_0 [m], pos_1 [m], pos_2 [m], vel_0 [m/s], vel_1 [m/s], vel_2 [m/s], 
0, 5682.38, -18.7428, 0.985259, -0.302976, -0.00553194, -0.00347218, -0.00182598, 
1, 51291.5, -14.8123, -7.38132, 10.8494, -0.00568516, -0.00475719, 0.00636031, 
2, 73779.3, -1.83299, 5.49232, 2.18977, 0.00579375, 0.00399551, -0.00252997, 
3, 9731.99, -2.62319, 10.1747, 16.8438, -0.00151635, 0.00550123, 0.00312162, 
4, 104587, -2.49058, 1.98086, 1.78069, -0.000855598, -0.00703137, 0.00408108, 
5, 42215, -2.52042, 5.9808, 2.89908, 0.00392973, -0.0030288, 0.0015889, 
6, 57220.4, 12.805, 2.15082, -15.4109, 0.00451161, 0.00489732, -0.00422886, 
7, 44855.5, 1.10881, 1.20095, -5.75649, 0.00176772, 0.000303082, 0.0037264, 
8, 276797, 1.3002, -8.11287, 4.01699, -0.000524452, 0.00198967, 0.000311554, 
9, 2643.18, -5.88235, 3.92821, -1.51861, 0.000606263, -0.00139818, 0.00494254, 
10, 33961.7, 8.30405, -10.5746, -7.99266, 0.00111935, -0.00321199, -0.000825876, 
11, 8691.35, -7.15596, 26.1371, -18.24, -0.000525009, 0.00691646, -0.00659841, 
12, 141682, -0.340384, -1.78515, 5.18009, 0.00667139, -0.00325594, 0.00270603, 
13, 288611, -14.2455, -4.73056, -2.84475, -0.00220014, -0.00310474, 0.000672385, 
14, 512847, 2.96115, -0.128804, -2.47286, -0.00287101, 0.00114715, 0.002521, 
15, 15651.7, 0.513856, -2.42359, 4.4915, 0.000320169, -0.00413575, 0.00227588, 
16, 182451, 5.87943, -9.1241, 23.7912, 0.00408091, -0.00240072, 0.00594351, 
17, 62197.8, -9.52652, -10.7592, 3.81843, -0.0032487, -0.00193713, 0.000629513, 
18, 185440, -14.5818, -4.87181, 1.61682, -0.00284756, -0.00455967, 0.00180987, 
19, 36701.4, 11.5376, 19.3113, -17.4952, 0.00447807, 0.00628499, -0.00610416, 
20, 106936, -25.783, -14.6089, 7.61076, -0.00858399, -0.00513505, 0.00245275, 
21, 161838, -1.11185, 1.76952, 2.22772, -0.00366522, -0.00511421, 0.00742115, 
22, 144875, -1.23612, -2.45227, 5.30807, -0.00137745, -0.00665178, 0.000591253, 
23, 100936, 4.64154, 14.2796, 12.1517, 0.000367236, 0.00409619, 0.000713022, 
24, 95186.1, 16.2098, 18.2499, 16.7613, 0.005958, 0.00437923, 0.00429292, 
25, 151808, 9.49726, -11.9226, 20.9824, 0.00510099, -0.00329533, 0.00699066, 
26, 118354, 2.74532, 2.8871, 8.42377, -0.00292057, 0.0022378, -0.00177246, 
27, 149234, -7.20577, 6.72559, 1.39048, 0.00295424, 0.000182275, 0.000913755, 
28, 9985.68, -9.64692, 4.29107, -0.254002, 0.00142266, -0.00268733, 0.0011561, 
29, 180895, 1.73594, 13.6029, -1.07429, 0.00289075, -0.00135032, 0.00322996, 
30, 486.041, 4.88819, 13.0826, -8.18032, 0.00281263, 0.000131486, -8.83781e-05, 
31, 70262.9, -2.40997, -1.3913, -0.32853, -0.000686872, -0.00606182, 0.00227075, 
32, 45902.1, -1.51148, -0.482646, 3.43727, 0.00528058, -0.00534324, 0.00226353, 
33, 24444.7, 6.01183, 0.351235, -4.3079, 0.00290517, -0.00297805, 0.0013008, 
34, 65679.9, -4.30651, 5.01978, 4.86814, -0.00160809, 0.0040965, 0.000943542, 
35, 3309.29, -15.1752, -3.98336, -2.28804, -0.00343445, -0.00745667, -0.00307499, 
36, 8280.38, -20.1855, 18.4795, -4.05685, -0.00553355, 0.00594327, -0.00338584, 
37, 94538.9, -1.59893, -0.0949499, 4.64909, -0.000654494, 0.00128932, 0.00499175, 
38, 30213.7, 20.1129, -9.56703, -10.7506, 0.00950517, -0.00149924, -0.000600423, 
39, 53471.9, -9.23445, -5.07736, -10.3092, -0.000582303, 0.00229288, -0.0024542, 
40, 43100.3, -11.6049, 13.5434, -11.0854, -0.00244133, 0.0032589, -0.00382685, 
41, 44746.6, 6.90715, 16.865, 10.8346, 0.00259742, 0.00570996, -0.000306784, 
42, 34053.9, 2.47441, 7.58357, 17.5652, -8.88949e-05, 0.00392253, 0.00668786, 
43, 54380.2, 0.65273, 1.07027, -3.22446, -0.000134421, 5.71465e-05, 0.0022287, 
44, 38723.2, 12.7493, -4.3749, -12.8232, 0.00310843, -0.000757118, -0.00506769, 
45, 2321.23, -13.5366, -6.1064, -3.13733, -0.00304826, -0.00176907, -4.027e-05, 
46, 241169, 5.05835, 6.89754, -1.30586, 0.00661075, 0.000210094, -0.000706315, 
47, 344827, 0.943635, 1.41985, -4.51314, 0.00247278, -0.00197952, 0.00310328, 
48, 39271.1, 4.93581, 5.43087, 4.66935, 0.00498411, -0.0029314, 0.00183762, 
49, 19687.8, -19.9497, 16.6121, -4.11925, -0.00740933, 0.00685363, -0.00372994, 
50, 61216.8, 6.76044, -7.27484, -3.33872, 0.00297808, -0.00310437, 0.00215479, 
51, 19182.2, -16.5461, 20.4818, -10.8463, -0.00516087, 0.00778132, -0.00520749, 
52, 12420.5, -4.62222, 2.75663, 5.6959, 0.00382186, 0.00214092, 0.000111055, 
53, 85447.4, -26.9089, -2.37517, -12.6943, -0.00860689, -0.000903272, -0.00364161, 
54, 361436, 4.26591, -2.46927, -2.64497, -0.00343016, 0.00295042, 0.00091432, 
55, 158926, 7.51707, 4.63149, -16.6495, 0.00327094, 0.00146494, -0.00406871, 
56, 49282.6, -14.5524, 17.8049, -14.885, -0.00312372, 0.00637249, -0.00789358, 
57, 218355, 2.87104, 2.04295, 2.60747, 0.00122779, -0.00364747, -0.000142476, 
58, 22371.5, 19.6578, -8.66095, -7.12431, 0.00985479, -0.00223559, -0.00122351, 
59, 55919.9, -12.9854, 17.7494, -18.9766, -0.00105133, 0.00324386, -0.00544158, 
60, 21598.8, -7.10347, 9.47224, 2.94114, 0.00276198, -0.00309039, 0.0010984, 
61, 398.952, -2.23878, -2.0598, 4.83299, 0.00328339, -0.00433622, -0.00183585, 
62, 1108.92, 0.315075, -3.94698, 22.5445, 0.000842231, -0.000882796, 0.00603708, 
63, 108555, -4.74179, 9.66633, -0.847786, -0.00489708, -0.00274258, -0.00170117, 
64, 244863, 7.87255, -3.09808, 17.0484, 0.00160539, -0.00138236, 0.00323031, 
65, 220694, -13.9617, 17.3329, -14.1534, -0.00248941, 0.00573325, -0.00487684, 
66, 61700, -5.00306, 24.8157, 12.5698, -0.000162459, 0.00755661, 0.00329178, 
67, 55388.9, -11.7014, 4.17648, 9.05197, -0.00678839, 0.00189318, 0.00520647, 
68, 211156, -1.69448, 1.04387, 4.55566, 0.000718453, 0.0037823, 0.000260072, 
69, 12720.6, -2.01416, -11.2688, 6.90432, -0.000845053, -0.00349783, -0.00137796, 
70, 25096, -10.9651, 0.490376, 1.37824, 0.000590015, -0.00239858, -0.0015652, 
71, 179870, 3.58293, 12.3312, -6.7092, 0.00199515, 0.00107348, -0.000130337, 
72, 79123.8, -28.2552, -7.78382, -0.583583, -0.00616717, -0.00179001, -0.000625363, 
73, 110870, -3.6409, 3.70786, 3.09733, -0.00406033, -0.000909578, 0.00237825, 
74, 43359.1, 12.8596, 9.09878, 15.0945, 0.00288718, 0.00592804, 0.00211166, 
75, 140124, -5.86529, -3.05525, -1.90415, 0.00413005, -0.000756141, 0.00177036, 
76, 229268, -10.3986, 15.0621, -16.5575, -0.00146363, 0.00282798, -0.0038055, 
77, 302149, 1.18081, 1.46416, 0.363782, -0.000548491, 0.00303488, 0.00766306, 
78, 100708, -13.2092, -4.41513, -3.76498, -0.00250938, -0.00284145, -0.00279739, 
79, 46633.4, -3.6892, 0.546713, 2.25703, 0.00162432, 0.0020523, 0.000695242, 
80, 143926, -11.4472, -0.499148, 5.14724, 0.00171635, -0.0037407, 0.000386223, 
81, 270.261, -24.3966, 4.86101, 11.5918, -0.00557841, 0.000845458, 0.00221661, 
82, 159650, -3.14524, 4.43037, 2.48414, 0.00397565, -0.00166111, 0.0039238, 
83, 24756, 2.31006, 5.1962, 1.2611, 0.00845947, -0.00306971, 0.000257288, 
84, 18375.3, 10.7278, -0.424564, 2.32245, 0.000685455, -0.00330873, 0.00105281, 
85, 491877, 19.7278, -8.79221, -9.39608, 0.00725898, -0.0019679, -0.00230449, 
86, 194807, 3.0739, 2.27089, -2.25349, -0.00400506, 0.0012157, 0.00243882, 
87, 8649.23, 10.4835, 2.86115, 6.2306, 0.00473796, 0.00214662, 0.000458831, 
88, 138901, 3.77798, -3.46535, 9.40127, -0.00165538, -0.00354846, 0.00364797, 
89, 50202.9, 3.88318, 1.34687, 6.4089, 0.00531741, -0.00461437, 0.00165037, 
90, 98321.9, -5.71891, -4.47849, 6.34942, 0.000593178, -0.000210744, 0.000892697, 
91, 384069, -1.35495, 4.60332, 2.75293, 0.00232814, 0.0013435, 0.00163219, 
92, 81279.9, -5.49747, -9.89145, 3.83672, -0.00261631, -0.00372737, -0.00171078, 
93, 91375.2, -0.0985885, 1.82316, -2.63525, -0.00103239, 0.00258995, -0.00387966, 
94, 5476.7, -9.11124, -7.72499, 3.02427, -0.00201536, -0.00554079, 0.00256268, 
95, 33452.5, -1.27474, 12.2662, 4.34555, 0.00249096, 0.000164253, 0.00146975, 
96, 25752.1, -11.0763, -2.60787, -1.77889, -0.00961237, -0.00213979, -0.00341833, 
97, 200797, 2.37037, 2.1543, 0.266946, -0.00136944, -0.000394362, -0.00573998, 
98, 298981, -2.63965, -3.75503, 4.80345, -0.00168553, 0.001489, -0.000863153, 
99, 93146, 3.92781, 4.16735, 0.0399254, 0.00477787, -0.0023744, 0.00138196, 
100, 8612.85, -13.733, 8.55425, -12.068, -0.00188977, 0.001497, -0.0027257, 
101, 24343.5, -2.47896, 13.8223, 7.4328, -0.000950803, 0.00185449, -0.000397961, 
102, 10296.7, -6.78742, 15.9188, -11.8382, -9.64367e-05, 0.00167457, -8.24631e-05, 
103, 15719.8, -7.55879, -5.86731, 15.7282, -0.00121153, -1.86545e-05, 0.00345953, 
104, 230040, 0.122494, 9.62881, 3.62047, -0.00202301, 0.000198854, -0.00443371, 
105, 17846.1, -10.2022, -0.958614, 4.94804, 0.00178659, -0.00404688, 0.000651393, 
106, 22216.6, -1.4471, 5.69456, 1.98969, 0.00613702, 0.00516891, -0.00118515, 
107, 98486.7, -1.00526, 8.1794, 16.7995, 0.000322133, 0.00343935, 0.00170296, 
108, 214214, -20.1404, -0.277341, -15.4384, -0.00759304, 2.21348e-05, -0.00637408, 
109, 131614, -1.25978, 3.63211, 3.06139, 0.00290155, -0.000974828, -0.00314995, 
110, 160023, -1.96696, 1.32048, 3.8633, -0.0025072, 0.00339569, -0.000991187, 
111, 115735, -1.44915, -2.61262, 5.58915, 0.0029227, -0.000731949, -0.000543652, 
112, 378585, 13.0725, 0.922282, -18.1127, 0.00399405, 0.00194321, -0.00581398, 
113, 83295.8, -19.3778, 1.80723, -4.30179, -0.00411062, 0.00223769, 0.000379001, 
114, 148827, -10.1551, -3.0112, -0.33096, 0.00210975, 0.00272964, -0.000816603, 
115, 285284, -2.54964, -11.6399, 21.1518, -0.000156563, -0.00506411, 0.0071032, 
116, 515864, 0.852455, 2.0196, 1.39882, 0.0035377, 0.00200449, -0.00258257, 
117, 88363.5, 6.86761, -2.62981, 14.4082, 0.000124441, -0.00355579, 0.00269172, 
118, 155064, 6.4369, 0.427209, 8.77938, 0.00680385, 0.00391443, -0.000211423, 
119, 18098.3, -2.54099, 4.81237, 0.776598, 0.00735346, -0.00119534, 0.000402675, 
120, 34391.6, 20.8882, -12.6763, -8.90651, 0.00755971, -0.00269617, -0.000498924, 
121, 78154, -6.68328, -5.07811, 0.0491443, 0.00084694, -0.00120294, 0.00181005, 
122, 10497, -1.88866, 1.59193, -3.49214, -0.000300311, -0.000952266, -0.00161727, 
123, 59058.1, -4.82427, 14.9211, 1.21788, -0.000522661, 0.00410333, 0.00168164, 
124, 5646.35, 2.35136, 4.21912, 4.98096, 0.00187288, -0.00717803, 0.00161125, 
125, 103346, -0.125284, 1.65827, -2.07668, -0.00359903, 0.0022917, 0.001498, 
126, 64702.5, -25.7274, 0.102064, 6.07027, -0.0086713, 7.78343e-05, 0.00352397, 
127, 199056, -2.11911, 1.64386, 2.38537, 0.00276731, -0.00219577, -0.00349308, 
128, 192649, -0.714899, 4.29049, -1.92109, 0.00165919, -2.37519e-05, 0.00486722, 
129, 1707.71, 0.178848, -0.14187, 3.99868, 0.000117807, -0.00498095, -0.0049253, 
130, 19869.9, -2.00994, 5.35389, 0.974395, 0.000357367, -0.00097919, -0.00607415, 
131, 143979, -6.15218, -0.188547, 6.67456, 0.00427244, 0.00316209, -0.00307898, 
132, 37850.6, -26.6415, 14.6779, -8.36437, -0.010514, 0.00478743, -0.00254039, 
133, 50031.5, 1.70544, -1.16676, -1.47769, -0.000729681, 0.00359499, 0.000896531, 
134, 369068, -19.2048, 0.610151, -6.67501, -0.00239233, 0.000590819, -0.0016119, 
135, 3806.98, 1.12336, -11.3542, 2.81493, -0.00029024, -0.00483899, -0.00118132, 
136, 64591.7, 7.10249, -2.70834, -9.30599, 0.00199707, -0.00370638, -0.000254623, 
137, 1688.15, -9.83277, -3.18355, 1.12127, -0.000821435, -0.00720209, 0.00323097, 
138, 439943, -5.79016, -1.06901, -0.843547, 0.000591218, -0.00409162, 0.00145555, 
139, 72054.1, -1.28333, -0.984658, 0.879612, 0.0051514, -0.00144853, -0.00423712, 
140, 10511.3, -2.53879, -8.12988, 16.7121, -0.000608449, -0.0038421, 0.00396826, 
141, 28560.6, -6.94817, 4.77521, 1.6477, 0.00155328, 0.00507409, 0.000682627, 
142, 92270.6, -6.49609, 1.05132, 0.0656927, -0.00300586, 0.00454104, 8.44347e-05, 
143, 57507.6, -21.4261, 6.49094, 13.0914, -0.00685878, 0.00226998, 0.00421692, 
144, 106955, -9.36911, -3.42536, 15.5988, 0.000126587, -0.000526247, 0.00229785, 
145, 53021.1, -0.93545, 1.33011, 0.739164, 0.00422909, 0.00376834, 0.00451869, 
146, 127593, -0.914435, -1.36359, 2.19936, 0.00807964, -0.000842671, -0.000141083, 
147, 31386.3, 0.317692, 4.0221, 1.65956, 0.00133913, -0.00551441, -0.000408169, 
148, 89613.6, -9.46646, 15.4705, -7.6323, 0.00098868, 0.000373, -0.00404291, 
149, 251415, 9.11305, -1.96554, 18.8235, 0.00286946, 0.000244219, 0.00222656, 
150, 55890.6, -10.0162, 2.04404, 0.763722, -0.000863044, -0.00681201, -0.000107071, 
151, 174949, 0.229239, 6.32572, 3.54111, -0.00495513, -0.000508014, -0.00248649, 
152, 66072.8, 9.6921, -9.3329, 6.8373, 0.00162363, -0.0011814, 0.00261297, 
153, 19075.8, -1.35232, 9.6475, -5.50036, 0.00116415, -0.0028454, -0.000665116, 
154, 47261.5, -9.14641, 3.07313, -4.03626, -0.000693453, -0.00184563, 0.00300047, 
155, 102102, -4.46373, 1.25913, 0.92572, 0.00211139, 0.00139861, -0.00210222, 
156, 5375.03, -2.19569, 1.04458, 1.88915, 0.0095273, 0.00210854, 0.000175415, 
157, 3761.7, 7.21764, 2.9007, -8.73121, 0.00183793, -0.00247043, -0.000401683, 
158, 7652.65, -0.757356, 7.22399, 6.30494, 0.00150383, 0.00190149, 0.00571775, 
159, 47070.1, -0.809027, 1.23416, 3.10732, -0.000576007, -0.00350344, -0.00504116, 
160, 17972.9, -2.56488, 1.53102, -5.35672, -0.00295678, 0.000932605, 0.000917423, 
161, 218629, -0.520513, -11.6024, 7.7282, -0.000345097, -0.00123052, 0.000753779, 
162, 138887, 4.20177, 0.766387, 4.02854, -0.003094, 0.00196907, 0.000201931, 
163, 33277.3, 5.90945, -1.09012, -6.81404, 0.00509828, -0.00445357, 5.6385e-06, 
164, 167891, 2.55478, 3.0804, 5.71495, -0.00324886, -0.00396038, -0.00115611, 
165, 62570.5, -3.71728, -24.2284, -5.47363, 0.000153091, -0.00824178, -0.00212763, 
166, 38130.4, 2.68521, 23.7723, 13.779, 0.00232944, 0.00669094, 0.00341383, 
167, 22403.8, 2.14456, -8.24475, 22.2899, 0.00162841, -0.00368531, 0.00543215, 
168, 1479.59, 10.4439, 5.18464, -18.3718, 0.00468097, 0.00316018, -0.00641849, 
169, 20399.9, 1.01481, -11.5874, 21.706, 0.000203656, -0.00615193, 0.00599985, 
170, 115854, -0.663999, -0.489129, -0.0965253, 0.00202946, 0.000997935, -0.00581077, 
171, 27762.9, -0.676148, 6.57403, -1.71061, 0.00255261, -0.00539929, 0.00356164, 
172, 250928, -7.63624, -0.598599, 5.64784, 0.00291543, 0.00211706, -0.0017546, 
173, 74469.2, -19.3683, 6.45673, -4.73768, -0.0066897, 0.00569151, -0.00216054, 
174, 143481, -23.2904, 15.4073, -9.09908, -0.00793032, 0.00566803, -0.00407886, 
175, 27145.1, -4.96206, 1.27401, 1.44436, 0.00138769, 0.00188026, -0.000103353, 
176, 32620.6, 3.63882, 7.67952, 7.60801, 0.00466995, 0.00021823, 0.00267742, 
177, 52575.7, 0.303889, -12.865, 22.4879, -2.27838e-05, -0.00546926, 0.00940596, 
178, 19746.4, -1.64328, 1.28613, 1.85639, -0.0032776, -0.00542306, 0.00677082, 
179, 33623.1, -15.9459, 0.452315, -7.53032, -0.00319383, 0.0018403, 1.17049e-05, 
180, 50349.8, -21.9344, -14.1741, -11.661, -0.00668108, -0.00454101, -0.00351709, 
181, 89376.8, -14.5209, -1.25334, -6.55341, -0.000428609, 0.00234074, 0.000187657, 
182, 42160.2, 1.51997, -0.372748, 22.4695, 3.88456e-05, -0.000154005, 0.00887605, 
183, 100544, -13.7894, -5.44651, -3.22589, -0.0059895, -0.00620678, -0.00027617, 
184, 1446.88, -7.20326, -0.534113, -0.287687, 0.00115196, 0.00174462, 0.0034625, 
185, 119694, -5.18318, 4.70732, -0.366644, 0.00080536, 0.00461152, -0.00297572, 
186, 120999, -0.527313, 10.2226, -2.88665, -0.0042597, -0.00276842, -0.000707589, 
187, 52698.3, -4.99333, 2.16798, 0.897546, 0.00382244, 0.00530608, -0.00135931, 
188, 105467, 6.56895, -3.47322, -6.68072, 0.00327742, -0.00243546, 0.00111577, 
189, 99748.4, -2.0994, -17.1154, 10.3339, -0.0011691, -0.00573097, 0.00277516, 
190, 77133, -1.08289, 2.44121, 3.82617, 0.00201302, -0.000167212, 0.003383, 
191, 178804, 2.75011, 9.74691, 5.26753, -0.00186303, -0.00045143, -0.00295846, 
192, 8685.6, -4.56787, 0.256813, 2.8265, -0.00135708, 0.000241177, 0.00727863, 
193, 256954, 0.809249, 10.2366, 9.60855, 0.00445126, 0.000856368, 0.00625321, 
194, 53540.6, 5.79551, -4.80939, 1.38703, 0.00454979, -0.00159854, 0.0026946, 
195, 220652, -1.68638, 2.28664, -0.449092, -0.0026324, -0.00228416, -0.00580712, 
196, 10258.1, 2.92259, -7.24048, 7.58877, 0.00346209, 0.00190705, 0.000100221, 
197, 6083.3, -9.14792, -9.22183, 14.221, -0.00368408, -0.00145633, 0.00282346, 
198, 127562, 6.56609, 13.2216, -4.38808, 0.00230401, 0.00232581, -0.000973218, 
199, 34766.2, -14.9606, -0.206961, -3.9927, -0.00014533, -0.00033991, -0.00178855, 
