ID, Mass [kg], pos_0 [m], pos_1 [m], pos_2 [m], vel_0 [m/s], vel_1 [m/s], vel_2 [m/s], 
0, 5682.38, -24.5892, -3.54904, -2.75788, -0.00381998, -0.00358809, -0.0018787, 
1, 51291.5, -21.4301, -13.047, 18.4441, -0.00483998, -0.00421672, 0.00565763, 
2, 73779.3, 3.57242, 4.00092, 0.674257, -0.000100784, -0.00550321, -0.000848038, 
3, 9731.99, -4.17283, 16.4675, 19.8786, -0.000996703, 0.00447882, 0.00181032, 
4, 104587, -0.947953, -3.73395, 5.79373, 0.00132365, -0.00171886, -9.41371e-05, 
5, 42215, 1.17743, -0.449103, 0.984314, -0.00364241, -0.00195645, -0.00382883, 
6, 57220.4, 18.0033, 8.15375, -20.5985, 0.00375081, 0.00461965, -0.00375339, 
7, 44855.5, -0.584523, 0.79111, 5.32316, -0.00440411, 0.00213383, 0.0040451, 
8, 276797, -0.531898, -2.4251, 3.56938, -0.00271059, 0.00788937, -0.00178826, 
9, 2643.18, -0.0486186, 0.67084, 4.9021, 0.00838472, -0.00273722, -4.71836e-05, 
10, 33961.7, 9.18818, -13.7896, -8.45939, 0.000328332, -0.00191231, 4.24855e-05, 
11, 8691.35, -7.79268, 34.6144, -26.4098, -0.000469551, 0.00646314, -0.00626237, 
12, 141682, 5.20184, -3.69702, 5.45717, 0.00230951, 0.000176363, -0.0017013, 
13, 288611, -15.8314, -8.4404, -2.3153, -0.000639535, -0.00253288, 0.000355795, 
14, 512847, -1.19703, 3.91541, 2.38798, -0.000988554, 0.00238435, 0.00511739, 
15, 15651.7, -1.38718, -4.26315, 4.20599, -0.00186926, 0.00210717, -0.00327348, 
16, 182451, 10.9424, -11.8771, 30.8063, 0.0038638, -0.00199166, 0.00516953, 
17, 62197.8, -12.8154, -11.9275, 4.28041, -0.00201369, -5.43406e-05, 7.80872e-05, 
18, 185440, -16.9196, -9.98858, 3.27576, -0.00101346, -0.00354267, 0.00090194, 
19, 36701.4, 17.0457, 27.036, -24.9936, 0.00420386, 0.00589263, -0.00570935, 
20, 106936, -36.3739, -20.9237, 10.6334, -0.00809455, -0.00481925, 0.00231082, 
21, 161838, -4.57984, -2.22192, 7.35865, -0.000729656, -0.00179115, 0.000542874, 
22, 144875, -3.29277, -6.83019, 3.5438, -0.000895992, -0.000225407, -0.00271857, 
23, 100936, 4.73208, 18.4827, 12.3496, -0.000144787, 0.00257018, -0.00026159, 
24, 95186.1, 23.4977, 23.545, 21.9826, 0.00552384, 0.00397639, 0.00393862, 
25, 151808, 15.7599, -15.7759, 29.463, 0.00476419, -0.00284062, 0.00639647, 
26, 118354, -2.03718, 3.62365, 0.656786, -0.0018144, -0.00375081, -0.0111672, 
27, 149234, 0.0664629, 2.98284, 1.92498, 0.00716779, -0.00938627, -0.00211439, 
28, 9985.68, -3.70945, 0.137226, 1.56815, 0.00961099, -0.00277451, 0.00117344, 
29, 180895, 4.55008, 9.44704, 3.32533, 0.00117958, -0.00530106, 0.00331224, 
30, 486.041, 7.96104, 12.3131, -7.17248, 0.00196739, -0.00124151, 0.00163677, 
31, 70262.9, -2.75231, -4.01434, 2.9094, 0.000960001, 0.00269454, 0.000897445, 
32, 45902.1, 2.66631, -3.20812, 3.6634, 0.000231016, 0.000905057, -0.00187767, 
33, 24444.7, 6.31008, -2.60542, -0.772493, -0.00213143, -0.00112338, 0.00390067, 
34, 65679.9, -3.33012, 6.92862, 2.95976, 0.00321051, -0.00179299, -0.00365759, 
35, 3309.29, -16.3235, -12.752, -5.16099, -4.72151e-05, -0.00583416, -0.0013463, 
36, 8280.38, -26.8358, 25.6967, -8.31345, -0.0049838, 0.00544988, -0.00327707, 
37, 94538.9, -1.70586, 3.03406, 3.67646, 0.00183319, 0.00173184, -0.00774428, 
38, 30213.7, 31.7609, -11.1861, -11.195, 0.00886856, -0.00115208, -0.000233306, 
39, 53471.9, -9.45213, -1.6624, -12.1845, 0.000267119, 0.00294118, -0.000542159, 
40, 43100.3, -14.2447, 17.3637, -15.6397, -0.00174622, 0.00271284, -0.00329484, 
41, 44746.6, 9.73384, 23.2558, 10.1035, 0.00192617, 0.0044422, -0.000765594, 
42, 34053.9, 2.13967, 12.2503, 25.0129, -0.000343725, 0.00343629, 0.00517632, 
43, 54380.2, -0.337844, 1.32004, 3.76038, -0.00633833, 0.00158337, 0.00573411, 
44, 38723.2, 16.1543, -5.02128, -18.7376, 0.00233267, -0.000354498, -0.00425022, 
45, 2321.23, -16.7513, -6.52537, -1.58496, -0.000854757, -0.00129258, 0.00161709, 
46, 241169, 10.986, 5.58043, -1.32963, 0.00289132, -0.00182155, 0.000514911, 
47, 344827, -0.807739, 1.63616, 4.64026, -0.00574133, 0.00349337, 0.00525111, 
48, 39271.1, 8.288, 0.78668, 5.41445, 0.000485103, -0.00377404, -0.000614268, 
49, 19687.8, -28.9588, 24.9983, -8.80596, -0.00682627, 0.00638158, -0.00361246, 
50, 61216.8, 9.36976, -9.71408, -0.140211, 0.00121119, -0.000877986, 0.00272598, 
51, 19182.2, -22.7503, 29.9418, -17.3948, -0.00469017, 0.00719914, -0.00503369, 
52, 12420.5, 1.81513, 1.97442, -1.18697, 0.000152751, -0.00383408, -0.00915317, 
53, 85447.4, -37.4572, -3.45939, -17.0999, -0.00803445, -0.000821994, -0.0033266, 
54, 361436, -2.3616, 4.80691, 3.74475, -0.00212858, 0.00191916, 0.00719981, 
55, 158926, 11.447, 6.30675, -21.094, 0.00287334, 0.00121601, -0.00299713, 
56, 49282.6, -17.5586, 25.0059, -23.6159, -0.00209581, 0.00535061, -0.00648603, 
57, 218355, -1.13415, 1.37961, -0.210977, -0.00489608, 0.00543532, -0.00206508, 
58, 22371.5, 31.7237, -11.279, -8.60763, 0.00916691, -0.00192599, -0.00106618, 
59, 55919.9, -14.0533, 21.4522, -25.1865, -0.00067986, 0.00266737, -0.00452713, 
60, 21598.8, -0.286125, 2.1264, 1.9587, 0.00948913, -0.00817076, -0.00583417, 
61, 398.952, 0.995624, -4.37228, 2.53781, 0.000738847, 0.00199948, -0.00127878, 
62, 1108.92, 1.43315, -4.88526, 29.462, 0.000875915, -0.000624681, 0.0049389, 
63, 108555, -8.69431, 3.84411, -1.79596, -0.000749424, -0.00585737, 0.000286991, 
64, 244863, 9.82423, -4.15025, 20.5792, 0.00128223, -0.000552596, 0.00219774, 
65, 220694, -16.8143, 24.2376, -20.3026, -0.00202843, 0.00514359, -0.00465012, 
66, 61700, -5.11328, 33.9613, 16.5363, -3.22699e-05, 0.00687392, 0.00297455, 
67, 55388.9, -19.2874, 6.25261, 14.8782, -0.00535587, 0.00144409, 0.00413161, 
68, 211156, 0.269807, 2.87921, -0.0921148, 0.000948655, -0.00698739, -0.00250199, 
69, 12720.6, -2.19871, -13.897, 5.27692, 0.000183687, -0.000605972, -0.00122903, 
70, 25096, -6.57909, -2.39896, -0.830517, 0.00631191, -0.00143217, -0.0012937, 
71, 179870, 5.69461, 12.4824, -5.66693, 0.0012932, -0.000800101, 0.00167027, 
72, 79123.8, -35.6023, -9.89552, -1.3675, -0.00543832, -0.00156188, -0.000596035, 
73, 110870, -2.34438, 0.41168, 3.01095, 0.00715641, -0.00286031, -0.00411369, 
74, 43359.1, 15.9462, 16.3009, 17.2763, 0.00204067, 0.00537874, 0.00138385, 
75, 140124, -0.227312, 0.557916, 3.29099, 0.00502112, 0.00788585, 0.00378526, 
76, 229268, -12.1774, 18.4145, -20.8218, -0.00126717, 0.00240718, -0.00298034, 
77, 302149, -2.03045, 4.57636, 4.51631, -0.00259248, -0.00135065, -0.00363644, 
78, 100708, -16.3338, -7.91291, -4.82027, -0.00192848, -0.00258479, 0.000703977, 
79, 46633.4, 1.96197, 4.11025, 1.59511, 0.00149587, -0.000849012, -0.00412621, 
80, 143926, -6.56897, -4.62443, 4.41354, 0.00600551, -0.00226211, -0.00153469, 
81, 270.261, -30.9902, 5.84099, 14.1698, -0.00483738, 0.000705927, 0.00187395, 
82, 159650, 1.99503, 0.55472, 1.60207, -0.00179815, -0.00221388, -0.00631606, 
83, 24756, 7.98943, -1.08858, 0.748634, 0.000642839, -0.00495357, -0.000622687, 
84, 18375.3, 9.39011, -4.03293, 3.37635, -0.00270102, -0.00225961, 0.000585533, 
85, 491877, 28.5043, -11.0614, -12.1221, 0.0065886, -0.00164424, -0.00200167, 
86, 194807, -1.06818, 1.50245, 2.33672, 0.000532579, 0.00262656, 0.00159477, 
87, 8649.23, 14.5953, 5.29464, 6.3585, 0.00166057, 0.00165445, 1.90363e-06, 
88, 138901, 0.932512, -6.92923, 12.3514, -0.00261376, -0.00194881, 0.00105735, 
89, 50202.9, 8.19628, -3.48318, 6.23634, 0.00178533, -0.00297741, -0.00141416, 
90, 98321.9, -2.72893, -2.19573, 4.91694, 0.00442346, 0.00401644, -0.00363601, 
91, 384069, -0.444187, 0.735796, 0.67293, -0.00244743, -0.00377672, -0.00600717, 
92, 81279.9, -8.22555, -12.8939, 1.54051, -0.00171509, -0.00116413, -0.00180672, 
93, 91375.2, 0.476699, 1.78069, 0.522242, 0.00053514, -0.00349268, 0.00995676, 
94, 5476.7, -10.8896, -13.603, 5.80306, -0.00102593, -0.00374858, 0.00170817, 
95, 33452.5, 2.0601, 9.53242, 5.00672, 0.00240621, -0.0043902, -0.000679809, 
96, 25752.1, -21.9695, -5.81247, -5.59477, -0.00753326, -0.00272965, -0.00260962, 
97, 200797, -0.96364, 0.635489, 0.0157346, -0.000790824, 0.00287501, 0.00742842, 
98, 298981, -1.78372, 1.96429, 1.71829, 0.00567161, 0.00739625, -0.00512448, 
99, 93146, 3.94313, -0.0679547, 1.74564, -0.00540553, -0.00264358, 0.000664346, 
100, 8612.85, -15.5684, 10.2366, -14.9308, -0.00103891, 0.00113729, -0.00181775, 
101, 24343.5, -3.20936, 14.4575, 6.09182, -0.000240358, -0.000766826, -0.00162606, 
102, 10296.7, -6.95242, 17.2803, -11.3434, -0.000152606, 0.00035206, 0.00082364, 
103, 15719.8, -8.85594, -5.11986, 19.012, -0.000798599, 0.00119574, 0.00163681, 
104, 230040, -2.08531, 5.54326, -1.70831, -0.000824231, -0.0071973, -0.00251045, 
105, 17846.1, -4.48515, -5.03729, 4.37463, 0.00718804, -0.00170516, -0.00167289, 
106, 22216.6, 3.5701, 5.44819, 1.24905, 0.00063227, -0.00479114, -0.0010392, 
107, 98486.7, -0.415384, 12.0833, 17.7812, 0.000609189, 0.0026702, -3.38932e-05, 
108, 214214, -29.401, -0.202996, -23.1245, -0.00702273, 7.27004e-05, -0.0058021, 
109, 131614, 0.633241, 1.1566, -1.51467, -0.00328845, -3.80734e-05, -0.000536836, 
110, 160023, 0.740154, 2.77682, 0.152258, 0.00315357, -0.0050467, -0.00363307, 
111, 115735, 0.0662975, -0.282998, 1.30229, -0.000841191, 0.00726984, -0.00537771, 
112, 378585, 17.7361, 3.492, -24.8969, 0.00341429, 0.00203745, -0.00495731, 
113, 83295.8, -23.4828, 4.20095, -4.05085, -0.00251841, 0.00169757, 0.000287091, 
114, 148827, -4.49226, 1.46471, -0.407161, 0.00816022, 0.00422348, 0.00141707, 
115, 285284, -2.69485, -17.7368, 29.6691, -8.84524e-05, -0.00456831, 0.00636317, 
116, 515864, -0.421588, 1.21869, -0.518198, -0.00538067, -0.00258811, 0.00407655, 
117, 88363.5, 6.8626, -6.63469, 17.4956, -0.00019542, -0.00274558, 0.00194201, 
118, 155064, 13.3938, 5.47615, 7.26795, 0.00427135, 0.00382416, -0.00188669, 
119, 18098.3, 3.44064, -0.710873, 1.35504, -0.00126355, -0.00408065, -0.000669422, 
120, 34391.6, 30.1293, -15.8351, -9.39356, 0.00700015, -0.00232988, -0.000287705, 
121, 78154, -2.57647, -2.66045, 2.14581, 0.0078021, 0.00486687, 0.00109857, 
122, 10497, 0.778366, 1.65692, 1.42489, 0.00199944, 0.00295453, 0.00779474, 
123, 59058.1, -4.93241, 18.5416, 3.30386, 0.000255993, 0.00177467, 0.00156425, 
124, 5646.35, 0.335969, -4.62159, 2.79902, -0.00493022, -0.00402167, -0.004217, 
125, 103346, 0.130756, 2.44693, 2.62514, 0.00411326, -0.00116636, 0.000704602, 
126, 64702.5, -36.2143, 0.201797, 10.4015, -0.00789542, 7.54371e-05, 0.00330977, 
127, 199056, 1.52387, 3.16285, -1.27531, -0.00228044, 0.00437089, 0.000643066, 
128, 192649, 0.274177, 0.296951, 4.23667, -0.00285265, -0.00301435, -0.000989247, 
129, 1707.71, -0.816394, -0.742579, -2.80635, -0.000905628, 0.00516164, -0.00237061, 
130, 19869.9, 1.23842, -0.0981289, -0.809254, 0.00216986, -0.00282899, 0.00622932, 
131, 143979, 1.72859, 3.56978, -1.03223, 0.00497987, 0.000474676, -0.0062711, 
132, 37850.6, -39.6887, 20.6007, -11.5031, -0.0100377, 0.00454665, -0.0024007, 
133, 50031.5, -1.00393, 2.77115, 2.19593, -0.00435092, -0.00059888, 0.00746049, 
134, 369068, -21.1254, 1.28802, -8.19114, -0.000730642, 0.000478161, -0.000819899, 
135, 3806.98, 0.415017, -15.6683, 1.49933, -0.000753537, -0.00218822, -0.000921424, 
136, 64591.7, 8.69968, -6.73163, -8.01492, 0.000621197, -0.00256907, 0.00207196, 
137, 1688.15, -9.27876, -10.8274, 4.59578, 0.00131945, -0.00501761, 0.00235782, 
138, 439943, -1.75901, -3.71031, 2.17167, 0.00540785, 0.00122745, 0.00344955, 
139, 72054.1, 3.16878, 4.56196, -1.97246, -0.00140073, 0.00660937, 0.00227237, 
140, 10511.3, -3.21181, -12.4732, 20.892, -0.000467573, -0.00303377, 0.00271867, 
141, 28560.6, -1.22921, 8.39406, 1.79823, 0.00655485, -0.00112623, -0.000540643, 
142, 92270.6, -6.1188, 5.74669, 0.98912, 0.00372067, 0.00224497, 0.000933026, 
143, 57507.6, -29.6661, 9.23643, 18.1585, -0.00615645, 0.00206174, 0.00379432, 
144, 106955, -8.6245, -3.86533, 17.5011, 0.000977383, -0.000192514, 0.000770796, 
145, 53021.1, 0.689576, 4.26278, 3.51102, -0.00331234, -0.00188496, -0.00296049, 
146, 127593, 5.17303, 2.47198, 0.572275, -0.000344074, 0.00491887, -0.00171127, 
147, 31386.3, 0.471573, 0.22144, -0.386707, -0.00285111, 0.0053865, -1.1523e-05, 
148, 89613.6, -7.82938, 15.2085, -12.3636, 0.00155724, -0.000694093, -0.00329656, 
149, 251415, 11.703, -2.09134, 20.387, 0.00138554, -0.000305443, 0.00052866, 
150, 55890.6, -8.16544, -6.34973, 0.478786, 0.00340426, -0.00558571, -0.00020365, 
151, 174949, -2.45856, -0.206414, 0.197466, 0.00473133, -0.00577293, -0.000899612, 
152, 66072.8, 10.8549, -9.9627, 9.72554, 0.000285199, 0.000117597, 0.00189158, 
153, 19075.8, 0.128545, 3.94562, -3.35754, 0.000958207, -0.00655125, 0.00541391, 
154, 47261.5, -7.2332, 0.161541, 1.29783, 0.00468106, -0.0023018, 0.0048218, 
155, 102102, 2.46188, 2.29675, 0.553542, 0.00267316, -0.000592646, 0.00098243, 
156, 5375.03, 5.55113, 4.22652, 0.637244, 0.000967706, 0.000748122, -0.0021137, 
157, 3761.7, 8.2608, -0.403895, -7.63203, -0.000184838, -0.0025334, 0.00209698, 
158, 7652.65, 1.22138, 7.73939, 10.9106, 0.00146057, -0.000714321, 0.00190253, 
159, 47070.1, 0.878933, 2.41308, -1.37161, 0.00466538, 0.00294448, 0.00398838, 
160, 17972.9, -3.02886, 2.23803, 0.513331, 0.00445418, -0.000217729, 0.00856188, 
161, 218629, -1.09429, -11.6202, 7.84038, -0.000532781, 0.00116888, -0.000563721, 
162, 138887, -2.54428, 3.71283, -0.0480603, -0.000878188, 0.000281599, -0.00400852, 
163, 33277.3, 10.5879, -6.63518, -4.9519, 0.00213552, -0.00384302, 0.00264311, 
164, 167891, -2.82833, 0.42452, -0.342508, -0.00133613, 0.00242469, -0.00536817, 
165, 62570.5, -3.49135, -34.2463, -8.04595, 0.000193042, -0.00755682, -0.00193149, 
166, 38130.4, 5.5874, 31.7735, 17.8561, 0.00222594, 0.00595314, 0.00303217, 
167, 22403.8, 4.18669, -12.5971, 28.5642, 0.00155742, -0.00320436, 0.00452382, 
168, 1479.59, 16.0299, 8.86881, -25.8266, 0.00416272, 0.00276903, -0.0054536, 
169, 20399.9, 1.25111, -19.0614, 28.8324, 0.000166233, -0.0056384, 0.00528321, 
170, 115854, 2.18872, 3.555, 0.0970319, -0.00294874, 0.00158307, 0.00689701, 
171, 27762.9, 0.950863, -2.7638, 3.14063, -0.00187669, -0.00388391, 0.00141392, 
172, 250928, 1.04243, 2.93401, 0.643455, 0.009523, 0.00280199, -0.00798986, 
173, 74469.2, -27.1392, 13.3028, -7.31615, -0.00566625, 0.00517172, -0.00189991, 
174, 143481, -33.0013, 22.397, -14.1664, -0.00740217, 0.00534781, -0.00388546, 
175, 27145.1, 1.6233, 2.90067, 0.926696, 0.00187618, -0.00135611, -0.00202737, 
176, 32620.6, 8.04354, 6.83581, 9.41358, 0.00242961, -0.00136399, 0.000353915, 
177, 52575.7, 0.267716, -19.5253, 34.0236, -3.50736e-05, -0.00505067, 0.00878713, 
178, 19746.4, -4.11958, -1.64505, 7.85845, -0.00158229, -0.00196313, 0.000874214, 
179, 33623.1, -19.2436, 2.47928, -6.61395, -0.00178437, 0.0014044, 0.00117465, 
180, 50349.8, -30.1226, -19.6851, -15.9177, -0.00621841, -0.00416546, -0.00320135, 
181, 89376.8, -14.1108, 1.57442, -5.18093, 0.00124732, 0.00195211, 0.00176876, 
182, 42160.2, 1.59042, -0.527387, 33.0025, 4.61863e-05, -9.44815e-05, 0.00781076, 
183, 100544, -19.6174, -10.3338, -2.50054, -0.00325654, -0.00276919, 0.000923528, 
184, 1446.88, -0.0884187, 2.02137, 3.67225, 0.0101645, 0.00216521, -0.00039461, 
185, 119694, -1.50202, 7.59956, -1.82784, 0.0045268, -0.00134333, 0.00116798, 
186, 120999, -4.96109, 3.94888, -1.27639, -0.00111575, -0.00702695, 0.00391866, 
187, 52698.3, 2.62889, 3.83526, 1.41973, 0.00308775, -0.00508268, 0.00111768, 
188, 105467, 9.36408, -5.29199, -4.20043, 0.00127219, -0.000640732, 0.00251753, 
189, 99748.4, -3.5341, -23.5938, 13.4836, -0.00108994, -0.00457834, 0.00222996, 
190, 77133, -0.0434537, 2.53868, -0.101087, 0.000670435, 0.00038813, -0.00810085, 
191, 178804, -1.15649, 5.42199, 0.106582, -0.00384425, -0.00860902, -0.0044919, 
192, 8685.6, -2.66204, 1.48217, 8.25545, 0.00340472, 0.000836147, 0.000409274, 
193, 256954, 6.15613, 10.304, 16.2172, 0.00388124, -0.00047386, 0.00434758, 
194, 53540.6, 9.57339, -5.16187, 4.42502, 0.00157959, 0.000813021, 0.00198428, 
195, 220652, -0.897903, 0.134177, -2.56557, 0.00328614, 0.000270403, 0.0041585, 
196, 10258.1, 5.97404, -3.38089, 6.17366, 0.00117978, 0.00415455, -0.00223726, 
197, 6083.3, -13.3626, -10.4684, 17.0836, -0.00295928, -0.000599724, 0.00176017, 
198, 127562, 8.67215, 14.9949, -4.95974, 0.00109667, 0.000553238, 6.80666e-06, 
199, 34766.2, -13.8447, -0.683951, -6.1129, 0.00183693, -1.11742e-05, -0.00127344, 
