ID, Mass [kg], pos_0 [m], pos_1 [m], pos_2 [m], vel_0 [m/s], vel_1 [m/s], vel_2 [m/s], 
0, 109623, 33.1917, 85.7135, 33.9542, 1.85392e-06, -8.4805e-06, 5.11696e-06, 
1, 11754, -80.3595, -83.9464, -163.052, 1.01388e-05, 5.59397e-06, 1.40249e-05, 
2, 181331, 156.267, 73.3265, 116.765, -1.71231e-05, -2.71747e-06, -1.05345e-05, 
3, 82106, 136.505, 36.9188, -12.6001, -1.58482e-05, -2.50707e-06, 7.72573e-07, 
4, 51791.4, -197.405, 106.955, -32.1398, 7.93906e-06, -1.94256e-05, -3.7357e-05, 
5, 29317.9, 66.1962, 51.1533, -92.8607, -8.34683e-06, -6.148e-06, 5.61517e-06, 
6, 60314.3, 41.3979, -125.665, -175.264, -3.12394e-06, 6.91316e-06, 1.60612e-05, 
7, 23395.4, -81.8113, 198.772, -116.863, 3.86104e-06, -1.80908e-05, 3.58368e-06, 
8, 49579.7, -32.8879, 49.534, 83.9, 1.92326e-06, -7.96927e-06, -5.15967e-06, 
9, 205733, -13.7065, -25.1959, -168.024, 5.93643e-06, 2.0421e-06, 1.76283e-05, 
10, 313749, 107.202, -135.259, 137.2, -1.04383e-05, 9.7914e-06, -1.5942e-05, 
11, 66035.7, -1.20514, 31.8802, 1.25003, 4.02038e-06, -6.9952e-06, -5.5664e-07, 
12, 97560.2, -70.5759, 18.5961, 117.726, 1.51336e-05, 7.74046e-06, -3.33954e-05, 
13, 440920, -69.0711, 42.8132, -133.03, 1.28318e-05, -2.6854e-06, 1.48784e-05, 
14, 12903.1, 93.2688, 91.9927, -165.479, -8.77015e-06, -7.65457e-06, 1.52682e-05, 
15, 33481.4, 35.4988, 26.9166, -40.4633, -5.00633e-06, -1.53493e-06, 1.4135e-06, 
16, 103492, -4.26924, 131.053, 26.5864, 4.61519e-06, -8.94763e-06, -6.30694e-06, 
17, 6887.22, -22.3784, 151.403, 91.6873, 2.56163e-07, -1.5124e-05, -7.16773e-06, 
18, 62117.2, 31.4992, -6.18637, 128.504, 1.61325e-06, 1.29266e-06, -1.93436e-05, 
19, 152356, 89.6163, -73.54, -30.5727, -3.25502e-06, 2.87027e-06, -1.32792e-06, 
20, 27978.3, 35.3216, 61.4047, -107.618, -1.1443e-05, -4.21901e-06, 4.88676e-06, 
21, 160789, 196.725, -166.213, 141.34, -2.84424e-05, 1.20681e-06, -4.43688e-06, 
22, 28637.4, 10.2496, -130.832, 85.3928, 9.15785e-06, 1.85657e-05, -1.09472e-05, 
23, 195679, -123.675, 63.6283, 79.1132, 1.47317e-05, -4.23019e-06, -7.59471e-06, 
24, 5662.03, -10.1959, -63.1332, -42.6567, 1.65954e-05, -1.10781e-05, -2.46319e-05, 
25, 18507.4, -36.6187, 102.362, 138.334, 7.61236e-07, -8.28883e-06, -1.03e-05, 
26, 117169, 80.2666, -154.926, 153.78, -1.07136e-06, 1.19806e-05, -1.62375e-05, 
27, 89954.9, -2.77359, -79.8154, 67.6795, 6.24517e-06, 2.00146e-06, -5.52297e-06, 
28, 77937.8, -97.1518, 84.0283, -154.747, 8.04106e-06, -8.16669e-06, 1.496e-05, 
29, 107706, -45.9082, -172.764, -37.1293, 5.7892e-06, 1.55248e-05, 4.55287e-06, 
30, 12324.6, 97.1088, -69.0672, 197.997, -5.28162e-06, 4.37623e-06, -1.99899e-05, 
31, 7327.19, 86.3374, -60.7913, 56.8877, -9.4238e-06, 2.42762e-06, -5.94908e-06, 
32, 12493.6, 161.83, 39.4288, -111.251, -1.98264e-05, -6.37645e-06, 1.21837e-05, 
33, 38804.7, 152.343, 58.7727, -73.8529, -2.20576e-05, -3.98047e-06, 4.96386e-06, 
34, 75486.7, -163.995, 4.37384, -97.7784, 1.48571e-05, -8.59129e-07, 3.44289e-06, 
35, 142305, -9.3839, -144.203, 75.3844, 1.34831e-05, 1.80041e-05, -5.09807e-06, 
36, 89784, 148.763, 22.1689, -146.238, -1.62908e-05, -5.68971e-06, 1.12526e-05, 
37, 57249.6, -7.56084, -41.5703, -112.761, 3.5213e-06, 3.68842e-06, 7.46649e-06, 
38, 268016, -157.676, 145.075, -180.211, 8.72925e-06, -9.19954e-06, 1.09781e-05, 
39, 204141, -44.6097, 17.5995, -139.966, 5.67639e-06, 3.52546e-06, 1.57819e-05, 
40, 5157.44, -98.5742, 111.474, 85.961, 1.00409e-05, -9.61659e-06, -8.14524e-06, 
41, 418420, -82.6604, -95.6621, -46.2522, 5.19992e-06, 7.49541e-06, 1.21334e-06, 
42, 89220.4, 193.916, -102.998, -119.372, -1.80692e-05, 6.78237e-06, 5.73554e-06, 
43, 27136.1, 179.939, -103.69, 66.2825, -1.7021e-05, 8.62025e-06, -2.5245e-06, 
44, 232939, -24.2693, 47.2248, -118.462, 4.36848e-06, -3.60566e-06, 4.69501e-06, 
45, 3207.32, 110.953, -183.69, -13.4703, -8.79416e-06, 1.69494e-05, -2.13473e-06, 
46, 101362, -80.1373, -37.1431, -2.6182, 1.65227e-05, 2.53933e-06, -2.23927e-06, 
47, 4891.64, -36.1263, 136.571, 18.0791, 6.28992e-06, -9.6121e-06, -1.55558e-06, 
48, 158255, 20.8413, 92.5549, -111.514, -1.40014e-06, -2.2185e-05, 9.91229e-06, 
49, 93782.2, -169.655, 8.02889, -117.897, 1.36919e-05, -2.37402e-06, 9.1499e-06, 
50, 364400, 167.318, -181.593, -101.155, -1.54827e-05, 1.3802e-05, 2.52211e-06, 
51, 42238.7, -186.618, -117.701, -82.7007, 1.49279e-05, -1.4438e-06, 8.274e-06, 
52, 297864, 40.0241, -163.646, -169.467, -7.79828e-06, 1.16795e-05, 1.5649e-05, 
53, 25361.1, -115.527, -166.964, 90.8369, 8.91495e-06, 1.31512e-05, -4.18384e-06, 
54, 200908, -196.36, 28.665, -142.484, 1.68812e-05, -1.11132e-06, 8.36344e-06, 
55, 41927.7, 3.34059, -103.291, -17.9254, 3.3278e-06, 5.77203e-06, 4.6134e-06, 
56, 6369.52, 129.287, -172.144, 15.1016, -1.24969e-05, 1.53213e-05, -7.92603e-07, 
57, 116022, 43.4041, -31.8011, 144.898, -1.60334e-06, 1.68159e-06, -1.52982e-05, 
58, 55518.4, -10.5238, 172.044, -147.723, -8.81503e-07, -1.57644e-05, 1.20194e-05, 
59, 13187.6, 54.8194, 147.556, 41.0823, -2.9537e-06, -1.76556e-05, -4.81432e-06, 
60, 57096.1, -15.2531, -164.676, -129.214, 7.92956e-06, 1.73998e-05, 6.18918e-06, 
61, 18724, -121.961, -107.494, 118.659, 1.04565e-05, 7.00754e-06, -8.62283e-06, 
62, 92782, -23.933, 129.806, 75.6304, 2.17572e-06, -1.076e-05, -6.86369e-06, 
63, 275212, 86.0823, 97.5269, 51.6498, -9.84622e-06, -7.23081e-06, -2.60039e-06, 
64, 2674.42, -173.257, -13.9497, 169.469, 1.10966e-05, 1.66495e-06, -1.06341e-05, 
65, 189380, 6.41152, 0.53221, -196.903, 3.31632e-06, -2.7327e-07, 2.49304e-05, 
66, 58184.7, 8.6818, 57.094, 132.559, 5.11952e-06, -1.4925e-05, -1.15055e-05, 
67, 32188.7, 196.032, -160.522, 192.532, -4.92661e-05, 4.32644e-05, -3.06935e-05, 
68, 19948.5, -45.0606, 64.1923, 159.133, 2.90267e-05, 2.81176e-06, -2.39922e-06, 
69, 75438.5, 132.261, 30.0193, 54.1777, -1.89883e-05, -5.7367e-06, -4.54364e-06, 
70, 10040.5, 24.5057, 162.462, -102.336, 1.72687e-06, -1.42629e-05, 6.3927e-06, 
71, 193215, 58.8556, -182.612, 150.639, -4.11417e-06, 1.83089e-05, -1.3144e-05, 
72, 32876, -181.057, 47.1591, -154.66, 1.41256e-05, 1.13951e-06, 1.16737e-05, 
73, 43783.5, 117.673, -168.808, -146.671, -4.52679e-06, 1.47664e-05, 9.97007e-06, 
74, 182069, -22.829, 129.422, -100.443, -2.09366e-05, 5.32003e-06, -2.88885e-06, 
75, 27495.9, -193.171, 27.8083, -44.1431, 1.84317e-05, -1.89583e-06, 1.81187e-06, 
76, 108601, -87.5325, 120.221, -39.5195, 6.65322e-06, -8.71307e-06, -1.52367e-06, 
77, 153650, 33.6228, 7.75389, -175.518, -7.71574e-06, 2.48653e-06, 2.7005e-05, 
78, 14303.2, -179.051, -77.8341, 109.41, 9.92847e-06, 1.7781e-06, -1.25243e-05, 
79, 86646.6, 137.123, 100.382, 16.7142, -1.43039e-05, -4.24598e-06, -2.29098e-06, 
80, 41854.8, 174.924, 33.6912, -25.4418, -1.89854e-05, -5.27399e-06, -1.33465e-06, 
81, 142481, -10.4296, 84.2925, -143.55, 2.51885e-06, -9.71352e-06, 1.60772e-05, 
82, 31400.6, -72.9548, 76.8991, 148.575, 9.54765e-06, -4.48861e-07, -6.83741e-06, 
83, 167216, -139.954, 127.465, 67.9296, 9.6203e-06, -6.54221e-06, 2.74485e-08, 
84, 187783, 182.177, -64.9693, -166.167, -1.45419e-05, 2.58548e-06, 1.24503e-05, 
85, 78812.1, -103.222, 93.5022, -109.339, 1.28731e-05, -1.28928e-05, 6.21634e-06, 
86, 186529, -112.659, 194.047, 77.4544, 7.27299e-06, -2.20878e-05, -7.10936e-06, 
87, 19695.4, 196, 60.489, -68.3004, -2.1207e-05, -7.01694e-06, 6.56416e-06, 
88, 47407.3, -106.969, 76.3867, 145.054, 7.95704e-06, -1.54515e-06, -1.33341e-05, 
89, 14137, 156.748, 125.66, 106.538, -1.21812e-05, -6.25444e-06, -1.30577e-05, 
90, 77387.2, -191.237, -17.5783, 1.44658, 1.88671e-05, 4.59861e-07, -3.37658e-07, 
91, 116346, 86.7106, -45.8511, 155.263, -5.34089e-06, 3.54924e-06, -1.55932e-05, 
92, 410907, -57.9363, -68.2786, -104.158, 8.62238e-06, 4.64254e-06, 7.48455e-06, 
93, 152117, 139.817, 0.0276973, 175.461, -1.34883e-05, -6.93067e-06, -1.31833e-05, 
94, 61888.2, -39.8442, -1.64176, 46.6037, 9.19975e-06, -1.41187e-06, -7.19173e-06, 
95, 151281, 57.1781, -85.4493, -70.1247, 5.55227e-05, 1.82034e-05, 1.57588e-05, 
96, 40494, 40.6118, 131.154, 13.7613, -5.53958e-06, -1.25987e-05, -1.83201e-06, 
97, 342360, -6.65398, 173.968, 37.1409, 1.82995e-06, -1.74164e-05, -3.96011e-06, 
98, 150469, -148.935, 87.5815, -125.438, 1.36602e-05, -6.35193e-06, 9.86575e-06, 
99, 242335, 64.7787, -120.866, -192.875, -5.56078e-06, 6.93936e-06, 1.95699e-05, 
100, 262351, -35.7274, 69.292, 162.813, -7.01676e-07, -1.43032e-05, -1.35526e-05, 
101, 93002.8, 149.233, -135.6, 84.3255, -1.87989e-05, 1.08565e-05, -2.07229e-06, 
102, 122856, -50.9325, 35.4862, 146.058, 4.22956e-06, 6.57333e-07, -1.63076e-05, 
103, 13532.4, 79.9479, -186.937, -77.4258, -5.72641e-06, 2.2414e-05, 3.63681e-06, 
104, 2333.16, -130.898, -156.335, 21.6166, 1.55923e-05, 8.67785e-06, -8.31137e-06, 
105, 45335.6, -163.909, 66.3287, 141.882, 1.62526e-05, 6.30834e-08, -1.03598e-05, 
106, 10590.2, -13.0877, -21.7956, 162.704, 4.28045e-06, -4.89044e-08, -1.771e-05, 
107, 28462.2, 48.8781, -94.726, -2.72479, 1.34725e-06, 8.39357e-06, 3.83374e-06, 
108, 99334.9, -48.7077, 146.09, -101.897, 8.77318e-06, -1.62481e-05, 7.19267e-06, 
109, 15584.3, 15.682, 172.341, 81.0533, -1.06579e-06, -1.43777e-05, -7.92444e-06, 
110, 84257.5, 173.111, 143.745, 92.4809, -1.06487e-05, -1.24512e-05, 4.55609e-06, 
111, 62015.7, 55.7431, 112.135, 34.213, -5.09362e-06, -1.15796e-05, 2.13672e-07, 
112, 44203.7, -84.3567, 119.832, 139.459, 5.75317e-06, -5.88441e-06, -1.42655e-05, 
113, 152990, 79.5909, -24.4801, -77.8687, -7.88445e-06, 7.57542e-07, 4.41594e-06, 
114, 33256, 110.713, -177.887, 191.758, -4.57369e-07, 1.16846e-06, -1.37781e-05, 
115, 7843.39, -144.206, -164.277, 98.9114, 9.64324e-06, 1.2699e-05, -4.31514e-06, 
116, 149382, 140.741, 129.066, -76.8881, -1.23989e-05, -9.16424e-06, 1.02745e-05, 
117, 143240, -129.116, 21.4513, -125.015, 1.27918e-05, -1.84155e-07, 1.10023e-05, 
118, 46810.1, 34.8969, -68.5186, -25.4982, 1.12799e-06, 4.15536e-06, 2.02154e-06, 
119, 146635, -184.707, -139.261, 165.876, 2.70518e-05, 1.93257e-05, 4.93012e-06, 
120, 76701.3, 73.7864, 173.861, 111.097, 7.1365e-06, -2.70385e-05, 2.04071e-05, 
121, 179425, 135.501, -49.6494, -41.2931, -1.75371e-05, 2.08633e-06, -2.43189e-07, 
122, 103748, 132.863, 71.363, -85.2305, -2.814e-05, -1.67905e-05, 3.02445e-05, 
123, 174357, -136.1, -68.4222, -90.7159, 1.40145e-05, 5.70526e-06, 3.45831e-06, 
124, 61269.4, -26.8469, -75.4755, 5.44423, 6.18246e-06, 7.2332e-06, -2.6491e-06, 
125, 313865, 7.41685, 17.4804, -77.1776, 3.28767e-06, -1.98365e-06, 3.73678e-06, 
126, 13270.2, -153.128, 56.9921, -51.884, 1.57889e-05, 4.75889e-07, 3.8817e-06, 
127, 18342.6, 156.362, -164.753, -112.502, -1.08976e-05, 2.59538e-06, 6.59849e-06, 
128, 21446.3, 101.123, -156.773, -178.486, -8.65838e-06, 1.06026e-05, 1.58475e-05, 
129, 32233.5, 10.5257, 92.9562, -28.5491, 1.60463e-06, -9.59682e-06, -8.98868e-08, 
130, 292909, 4.06631, 121.382, -181.193, -6.93165e-05, -4.79911e-05, 4.93544e-05, 
131, 30876.1, 171.576, -36.723, -160.097, -1.48013e-05, -5.61689e-07, 1.36449e-05, 
132, 105714, -29.0343, 133.52, 173.909, 1.47438e-06, -1.23352e-05, -1.43211e-05, 
133, 216875, 104.33, -180.862, 135.398, -7.24998e-06, 2.37661e-05, -1.1748e-05, 
134, 417711, 127.871, -185.792, -53.9592, -6.43118e-06, 5.13103e-05, 1.63752e-05, 
135, 64573.8, -8.54255, -120.805, 85.5028, 1.51728e-05, 6.13953e-06, -6.35856e-06, 
136, 51216.8, 81.327, -113.307, 99.2127, -8.20091e-06, -3.28798e-06, -1.30612e-05, 
137, 34305.5, -113.163, -128.168, -159.173, 6.03723e-06, 6.19357e-06, 1.26973e-05, 
138, 203758, -117.745, -155.599, -94.4108, 5.90097e-06, 1.05432e-05, 4.23484e-06, 
139, 69063.4, 10.6824, 48.1278, 134.271, 5.50845e-07, 4.76672e-06, -1.61923e-05, 
140, 5103.99, 193.512, 93.8526, -44.9736, -1.9578e-05, -6.37624e-06, 1.87892e-06, 
141, 22183.6, 79.6334, 73.0993, 159.1, -6.75058e-06, -1.89317e-05, -1.53019e-05, 
142, 36480.4, 13.2913, -163.105, 186.655, -1.08047e-06, 1.46091e-05, -1.89789e-05, 
143, 28382.9, -186.46, 181.204, 7.30151, 1.46733e-05, -1.43773e-05, -4.4141e-06, 
144, 152582, 3.48831, -147.632, 115.547, 5.61154e-06, 2.69872e-05, -8.91044e-06, 
145, 77463.5, -42.9604, -120.019, 126.118, 1.01508e-05, 8.66317e-06, -1.00724e-05, 
146, 21333.7, -72.206, 31.0339, 11.8304, 1.09338e-05, -5.7546e-06, -1.2875e-06, 
147, 129961, -185.963, 16.4356, 146.582, 1.35548e-05, 1.86989e-06, -7.38031e-06, 
148, 109185, 149.137, -180.882, -113.252, -2.58657e-06, 1.54034e-05, 1.01158e-05, 
149, 150108, -191.292, 78.7538, 179.092, 1.19467e-05, -5.74373e-06, -1.55531e-05, 
150, 13901.7, 170.086, 58.771, -61.9743, -1.82488e-05, -6.35854e-06, 4.00128e-06, 
151, 163305, 130.421, 113.775, 53.7375, -1.27278e-05, -7.9615e-06, -2.38158e-06, 
152, 397702, 182.934, 144.76, 108.488, -1.70486e-05, -1.07547e-05, -1.05196e-05, 
153, 76159.3, 168.419, 179.386, -1.25329, -1.33266e-05, -1.49029e-05, -7.42188e-07, 
154, 17736.8, -165.523, -13.8515, -195.615, 1.5134e-05, -4.41974e-06, 1.37098e-05, 
155, 61927.3, -124.18, 86.4823, 1.43496, 9.12304e-06, -2.65143e-06, -1.3228e-06, 
156, 188225, -192.268, -101.483, 189.969, 1.21402e-05, -1.50585e-06, -1.18901e-05, 
157, 110989, 17.8814, 191.216, 107.388, -1.96963e-07, -1.69665e-05, -7.97305e-06, 
158, 57155.4, -147.767, 85.7464, -107.522, 1.38417e-05, -4.3626e-06, 2.49537e-06, 
159, 82469.9, -9.36341, 85.973, 4.36186, 5.45822e-06, -8.07025e-06, -1.31643e-06, 
160, 23045.7, 53.3259, -113.386, 77.1364, -6.60888e-08, -2.01935e-07, -6.65085e-06, 
161, 69662.9, 58.0008, 116.965, -59.5777, -8.36528e-06, -1.06072e-05, 1.75262e-06, 
162, 96842.9, -45.415, -187.529, -113.285, 6.03557e-06, 1.80939e-05, 4.47531e-06, 
163, 340528, -180.882, -138.893, -169.901, 9.1502e-06, 1.18155e-05, 1.84646e-05, 
164, 130077, 74.4479, 193.648, -80.0141, -8.06045e-06, -2.19965e-05, 3.71402e-06, 
165, 85822.3, 97.979, -105.477, 134.412, -8.2173e-06, 1.95473e-06, -1.71886e-05, 
166, 58594.3, -128.093, -131.968, -18.3165, 1.18308e-05, 7.1458e-06, 5.71758e-07, 
167, 195490, -154.587, -43.6294, -135.64, 1.31916e-05, 2.18552e-06, 9.61588e-06, 
168, 36980.3, -149.245, 33.9581, 65.3779, 1.49063e-05, 2.88895e-06, 7.39634e-07, 
169, 217723, 80.1395, 169.187, 118.49, -1.69072e-05, -8.12289e-06, -1.3432e-06, 
170, 138347, 140.346, 44.4366, -42.0138, -1.48092e-05, -5.61288e-06, -4.05704e-07, 
171, 28244.7, 88.4051, 113.214, 20.9609, -7.05349e-06, -6.73839e-06, 2.27394e-06, 
172, 48018, 57.7495, -27.9199, -96.2143, -3.39054e-06, 3.05077e-06, 1.01353e-05, 
173, 11438.5, -174.839, -110.308, -33.4348, 1.24118e-05, 7.89276e-07, -3.88891e-06, 
174, 15431.9, -135.85, 183.072, -178.099, 4.61062e-06, -1.29391e-05, 1.08323e-05, 
175, 13385.8, 194.12, -199.469, -68.7687, -1.41064e-05, 1.33042e-05, 6.41613e-08, 
176, 11898.4, 4.49617, 66.0192, 89.196, 5.30744e-06, -9.11906e-06, -8.93928e-06, 
177, 193023, 32.711, -172.744, 142.371, 1.74205e-06, 1.63813e-05, -1.24883e-05, 
178, 153705, 128.799, -179.175, -50.9103, -2.52838e-05, -7.88086e-05, -4.34585e-05, 
179, 176940, 115.279, 9.79922, -156.26, -1.02938e-05, -4.43138e-06, 1.0277e-05, 
180, 82549.7, 78.3955, -143.008, -171.184, -8.59293e-06, 9.63507e-06, 1.34995e-05, 
181, 233590, 3.99874, -140.982, 176.662, 1.47665e-06, 9.464e-06, -1.91656e-05, 
182, 6868.38, 10.6568, -17.7826, -132.885, 1.7502e-06, 4.96661e-06, 9.38833e-06, 
183, 45678.4, -46.0365, -43.7282, 127.944, 6.98732e-06, 2.38597e-06, -1.34414e-05, 
184, 354843, -189.739, 165.969, 83.6608, 1.48379e-05, -9.67589e-06, -6.00346e-06, 
185, 96398.2, 86.797, 2.17841, -118.567, -8.03321e-06, -4.54696e-06, 1.10037e-05, 
186, 131981, 144.04, 27.1483, -56.1001, -1.62312e-05, 3.97955e-07, 4.13553e-06, 
187, 197321, 8.83487, 197.575, 58.5881, -2.04111e-06, -2.07218e-05, -6.04835e-06, 
188, 1705.47, 183.86, 19.8437, 198.881, -1.39827e-05, -3.67242e-06, -1.35134e-05, 
189, 209.218, 0.812609, 197.922, -67.5852, -2.27134e-07, -2.18098e-05, 2.20101e-06, 
190, 211667, 66.3602, -179.365, 70.9745, -1.17907e-05, 2.62615e-05, -4.26889e-06, 
191, 93365.8, 76.7808, -86.8065, 5.35487, -1.20667e-05, 1.36262e-06, -6.21455e-06, 
192, 124346, 169.978, -29.1435, -74.5429, -1.58906e-05, 9.69504e-07, 5.97143e-06, 
193, 63936, -28.5246, 189.869, 77.4844, 2.27064e-06, -1.77215e-05, -7.27799e-06, 
194, 27105.3, 63.8024, -117.126, 172.071, -1.87797e-06, 6.74346e-06, -1.91395e-05, 
195, 247781, 56.042, 185.666, -116.624, -4.46466e-06, -2.16552e-05, 1.44521e-05, 
196, 236607, 184.917, -172.668, 140.895, -1.37536e-06, 1.6806e-05, -4.09439e-06, 
197, 47655.4, -186.311, -154.206, 112.757, 1.34879e-05, 1.19993e-05, -2.40193e-06, 
198, 43221.3, -159.711, -16.6521, -43.6821, 1.7771e-05, -1.22589e-06, -6.82634e-06, 
199, 118227, -106.763, -142.498, 37.353, 8.05828e-06, 1.0234e-05, -7.18389e-06, 
200, 197493, -74.9632, 75.4195, 95.0029, 2.95626e-06, -1.03521e-05, -6.68542e-06, 
201, 4441.8, -32.3172, 121.853, -108.062, 1.36808e-05, 4.68127e-07, 1.5845e-05, 
202, 282403, 44.8845, -163.278, -17.9737, -6.51257e-06, 1.70701e-05, 1.7106e-06, 
203, 6946.04, -102.463, 152.195, 196.605, 5.69483e-06, -8.48924e-06, -1.45473e-05, 
204, 101865, -128.095, 197.792, -58.5858, 1.22137e-05, -2.02169e-05, 6.94865e-06, 
205, 38562.2, -35.3385, 11.045, 80.1007, 2.50893e-06, 4.15068e-07, -4.34125e-06, 
206, 11966.5, -128.062, 20.0995, -43.8818, 1.06054e-05, -8.15683e-08, -2.51827e-06, 
207, 110319, 177.336, -131.647, -24.0058, -1.6841e-05, 9.49809e-06, -1.7974e-07, 
208, 24749.5, 167.22, 131.371, -127.737, -1.34419e-05, -9.12105e-06, 9.02759e-06, 
209, 10845.2, 177.49, 135.96, 86.0941, -2.24605e-05, -4.53974e-07, 7.79417e-06, 
210, 201011, 178.619, -64.5703, 152.633, -1.63624e-05, 2.93346e-07, -7.55948e-06, 
211, 35776.4, -121.599, -61.9599, -181.14, 7.87699e-06, 1.35444e-05, 1.0669e-05, 
212, 81218.8, -86.2335, 95.8299, -80.8908, 7.90433e-06, -6.91077e-06, 3.98967e-06, 
213, 90589.9, -83.3763, 55.2945, 101.757, 8.06701e-06, -5.39547e-06, -1.02653e-05, 
214, 27394.6, -82.8852, 42.5619, 172.024, 3.66228e-06, -4.772e-06, -1.46336e-05, 
215, 92023.9, -113.017, 153.581, -47.6939, 4.65612e-06, -8.55453e-06, -5.66722e-06, 
216, 32852.8, -130.933, 172.236, -104.795, 8.2264e-06, -1.82845e-05, 4.53861e-06, 
217, 25367.5, -126.643, 122.343, -43.1958, 1.0549e-05, -7.03052e-06, -1.4939e-06, 
218, 20480.3, 45.1627, -77.2811, -43.7954, -2.50441e-07, 6.14529e-06, 2.07511e-06, 
219, 37659.4, 95.1984, 61.8941, 181.328, -6.54144e-06, -1.39279e-05, -2.02415e-05, 
220, 14327.5, 161.516, 26.637, -8.69075, -1.93605e-05, -1.26837e-06, -2.38612e-06, 
221, 74839.7, 96.6394, -130.118, 67.2527, -4.49415e-05, 1.213e-05, -1.54232e-07, 
222, 24267.3, 98.0081, 190.105, -51.3184, -8.90853e-06, -2.19183e-05, 3.54652e-06, 
223, 771943, -3.80968, -140.112, 5.90873, 4.74526e-06, 4.78366e-06, -3.7957e-06, 
224, 246798, -1.09049, 118.655, -178.899, 8.29742e-05, 3.2709e-05, -1.83738e-05, 
225, 9457.74, -130.117, -157.918, -130.645, 1.1685e-06, 5.04222e-06, 1.30878e-05, 
226, 120301, -67.1088, 118.521, -68.4025, 6.96107e-06, -1.01991e-05, 2.67952e-06, 
227, 160315, -113.551, 171.548, 43.2695, 7.80443e-07, -7.59214e-06, 6.14533e-06, 
228, 32266.2, 124.284, 39.8331, 93.4007, -1.11725e-05, -6.32144e-06, -1.25358e-05, 
229, 71719.9, -59.1214, 46.8146, -121.551, -3.69776e-06, -1.03983e-05, -9.95351e-06, 
230, 57463.5, 35.0172, 52.3937, -23.7639, -6.98755e-06, -6.35864e-06, -3.41963e-06, 
231, 238713, -35.7829, 52.7356, 170.811, 1.55064e-06, 6.33127e-06, -2.3814e-05, 
232, 192767, -45.1841, 111.394, -138.493, 6.04375e-06, -1.14824e-05, 1.18216e-05, 
233, 40597.5, 32.6661, 40.2205, 130.993, -1.75964e-06, -2.93774e-06, -1.57835e-05, 
234, 313978, -156.115, -41.6799, 49.8863, 1.40748e-05, 2.04364e-06, -4.17226e-06, 
235, 237318, 62.9282, 171.181, -97.6297, -7.41204e-06, -1.31531e-05, 4.24708e-06, 
236, 129836, -138.064, -113.596, 61.4585, 9.07972e-06, 8.73321e-06, -3.58357e-06, 
237, 28728.8, -196.218, 90.2958, -75.2039, 1.83247e-05, -4.57969e-06, 8.301e-06, 
238, 176349, 137.72, 128.554, 20.5254, -1.36647e-05, -1.39982e-05, -2.1353e-06, 
239, 315902, 76.8661, 54.0377, 159.588, -2.93838e-06, -6.03346e-06, -1.39499e-05, 
240, 104427, -195.477, 74.2662, -53.369, 1.81601e-05, 6.24594e-07, 3.3307e-06, 
241, 149492, -160.416, 49.0877, 10.1319, 1.43438e-05, -3.85926e-06, 7.04214e-07, 
242, 145615, 112.246, -122.335, 105.676, -3.6805e-05, 9.85007e-06, 1.7286e-06, 
243, 232356, 37.6255, 0.271003, -88.3893, -3.69945e-06, -7.50228e-07, 7.29589e-06, 
244, 485.703, 6.84897, 92.8564, 30.9726, 6.66269e-06, -8.84405e-06, -2.50501e-06, 
245, 95963.4, -133.723, 168.927, -21.2194, 1.12528e-05, -1.03321e-05, -3.63937e-06, 
246, 71851.1, -192.538, 40.9896, -189.601, 1.3364e-05, -1.17772e-06, 1.29374e-05, 
247, 65097, 62.9928, 7.16635, 42.5007, -1.22968e-05, 1.61324e-05, -4.57356e-06, 
248, 65285.7, 122.024, 181.817, 34.0792, -1.26413e-05, -1.74157e-05, -3.464e-06, 
249, 30362.5, -179.136, 129.691, -191.328, 1.46209e-05, 2.20664e-07, 1.08121e-05, 
250, 45776.3, -57.9888, 127.11, -195.895, -2.69477e-06, -1.39678e-05, 5.3459e-05, 
251, 396.528, -184.544, -26.4075, -52.5506, 1.97442e-05, 1.0601e-06, 5.95166e-07, 
252, 85129.8, -121.971, 13.3589, 187.463, 8.60906e-06, -4.9386e-07, -1.62042e-05, 
253, 242932, -153.367, -22.7657, -69.6933, 1.39595e-05, 2.95351e-06, 5.09942e-06, 
254, 214691, 186.584, 186.775, 80.5764, -1.20655e-05, -1.41903e-05, -2.75363e-06, 
255, 98301.9, 134.094, -48.7363, 2.07047, -1.61757e-05, 2.86981e-06, -2.84758e-06, 
256, 15822.1, 192.038, 38.6818, -10.6054, -2.09948e-05, -4.32021e-06, -2.39948e-06, 
257, 40108.6, 13.5449, 103.986, 60.6765, 7.7894e-06, -1.18482e-05, -8.46007e-06, 
258, 62481.3, -122.486, 25.6767, -104.748, 1.07502e-05, -1.54474e-06, 4.9813e-06, 
259, 90040.5, 24.268, 24.7643, -193.37, 1.70813e-06, -6.20957e-06, 2.53723e-05, 
260, 83249.1, 36.5793, 116.858, 55.9312, 1.83658e-06, -1.71106e-05, -6.43704e-06, 
261, 8872.54, -6.34129, -28.2134, -121.06, 3.13331e-06, 4.796e-07, 9.80666e-06, 
262, 222931, 69.2382, -12.6913, -26.2568, -6.00382e-06, -4.48316e-07, 3.58244e-07, 
263, 200584, 92.7325, 134.467, 24.5005, -7.74161e-06, -1.52168e-05, -1.52006e-06, 
264, 24945.4, -93.0962, 170.513, -114.597, 4.42668e-06, -1.42458e-05, 7.05707e-06, 
265, 151700, -23.7535, -19.811, -47.3995, 4.04173e-06, 1.44334e-06, 7.43963e-06, 
266, 7993.93, -29.0195, 20.4694, -142.864, -4.16465e-06, 2.57161e-07, 1.77467e-05, 
267, 313514, 35.3104, 17.2349, -144.023, 2.25259e-07, -1.10577e-05, -1.71726e-05, 
268, 98849.4, 92.7573, -142.304, -88.6863, -1.02102e-05, 1.14708e-05, 8.19034e-06, 
269, 2040.06, 142.446, 100.44, 96.3265, -9.60301e-06, -7.34034e-06, -8.67069e-06, 
270, 155515, -111.651, 133.318, -80.337, 6.83989e-06, -6.29464e-06, 7.45871e-06, 
271, 41846.4, 137.229, 76.4203, -168.93, -9.3986e-06, -4.72054e-06, 1.00082e-05, 
272, 74903.1, 78.0963, 113.172, 65.1992, -7.38304e-06, -1.61872e-05, -7.34945e-06, 
273, 19299, -178.051, 164.271, -97.3803, 1.48452e-05, -1.19864e-05, 5.86094e-06, 
274, 305737, 52.1735, 38.4302, -197.206, -5.95156e-06, -6.1647e-06, 2.21523e-05, 
275, 4152.18, -184.572, 84.0272, 52.3847, 1.76793e-05, -5.86359e-06, -2.81942e-06, 
276, 360170, 36.3348, 97.1042, -135.073, -6.45419e-06, -5.75212e-06, 1.49973e-05, 
277, 36187, 167.67, -182.848, 27.7431, -1.39203e-05, 1.40095e-05, -1.66095e-06, 
278, 21702, 73.9816, 16.893, -135.502, -1.03945e-05, -2.00799e-06, 1.09557e-05, 
279, 46613.4, 86.0768, 131.024, 161.015, -5.06822e-06, -9.75619e-06, -1.6656e-05, 
280, 44509.3, -194.877, -154.688, 140.746, 1.4386e-05, 1.05501e-05, -2.8894e-06, 
281, 113079, 37.7788, 15.4628, -150.718, -3.83814e-05, 1.4617e-05, 8.17399e-05, 
282, 331326, -199.933, 103.613, -41.865, 1.94952e-05, -5.04992e-06, 6.09731e-06, 
283, 173725, 193.854, -10.1379, 99.365, -1.86104e-05, 3.5152e-07, -6.85737e-06, 
284, 174627, 126.216, 145.898, 100.29, -6.69948e-06, -1.61335e-05, -1.05204e-05, 
285, 151244, 129.67, 51.8537, 13.1392, -1.62838e-05, -8.18935e-06, -3.56841e-07, 
286, 45936.4, 71.7285, -128.362, -40.0347, -6.73452e-06, 1.18549e-05, 1.88157e-06, 
287, 165785, -100.348, -155.722, 2.0009, -2.74267e-06, 1.27084e-05, -2.13282e-06, 
288, 178506, 47.6308, -169.544, -95.3921, 5.12468e-07, 1.76485e-05, 8.44575e-06, 
289, 89652.8, -5.1255, -62.3402, -175.452, 2.15935e-06, 4.06083e-06, 1.92889e-05, 
290, 96168.5, 139.273, 63.6138, 110.161, -7.57853e-06, -5.16554e-07, -7.86641e-06, 
291, 146664, -60.9965, 197.279, -148.816, 4.1629e-06, -1.62073e-05, 1.04449e-05, 
292, 119886, 101.697, 132.591, -153.523, -8.54746e-06, -1.12488e-05, 1.18596e-05, 
293, 202643, 15.4364, 20.6592, 187.982, 1.97102e-06, -1.99027e-06, -1.98019e-05, 
294, 46475.7, -158.961, 115.341, 125.85, 2.06971e-05, -9.63082e-06, -1.30812e-05, 
295, 28487, -86.6085, -87.6348, 13.9287, 1.09812e-05, 8.45386e-06, -4.44311e-06, 
296, 315174, 76.3202, -69.5657, -174.426, -6.87097e-06, 4.66234e-06, 1.69424e-05, 
297, 259700, -76.8792, 176.425, 61.7148, 2.12947e-08, -1.71068e-05, -2.64733e-06, 
298, 4383.85, 130.653, 74.0859, -167.897, 1.92699e-06, -1.67363e-06, 9.98982e-06, 
299, 87965.1, 26.4806, -89.9739, 121.616, -4.30113e-06, 9.18702e-07, -1.21748e-05, 
300, 164214, 130.608, -8.34417, 156.506, -1.00764e-05, 8.50773e-07, -5.86316e-06, 
301, 52979.9, 136.615, 137.083, 72.192, 1.51771e-06, -1.73768e-05, 5.87574e-06, 
302, 92427.9, 191.79, -167.707, -78.5905, -1.75317e-05, 8.85488e-06, 1.62992e-08, 
303, 5352.37, -111.197, -142.025, 133.596, 1.62461e-05, 8.7241e-06, -2.12985e-06, 
304, 86445.1, 199.846, -94.991, -23.6665, -1.90584e-05, 5.97795e-06, -2.38988e-07, 
305, 54286.4, 104.307, -166.59, 78.8875, -1.2498e-05, 2.12051e-05, -5.19445e-06, 
306, 14300.4, 155.222, -163.051, -124.026, -1.2588e-05, 8.35047e-06, 9.72363e-06, 
307, 50887.4, 138.045, 1.03834, 30.186, -1.92694e-05, 3.48592e-06, -1.60988e-06, 
308, 38133.4, 101.07, -114.825, -188.361, -9.68341e-06, 7.01779e-06, 1.71825e-05, 
309, 1575.41, -14.4835, 135.109, 120.547, -1.93363e-06, -1.13671e-05, -1.07303e-05, 
310, 212635, 79.725, -102.941, -7.39173, -1.19117e-05, 1.20948e-05, 2.21565e-06, 
311, 81899.1, 149.445, 147.548, -197.527, -7.40364e-06, -7.65298e-06, 1.40599e-05, 
312, 10060.6, 102.016, -32.7927, 65.4792, -6.47097e-06, 8.5868e-06, -8.98432e-06, 
313, 10426.9, -77.1684, -134.314, -32.1751, 7.42598e-06, 1.23039e-05, 2.12044e-06, 
314, 260396, 57.0865, 119.732, 81.9717, -2.98231e-09, -1.62041e-05, -8.25793e-06, 
315, 30946.3, -80.0608, 21.5362, -122.734, 1.39833e-05, 5.05298e-06, 6.95122e-06, 
316, 35747.4, 168.266, -107.226, 17.6408, -1.74113e-05, 8.24702e-06, -1.76339e-06, 
317, 33092, -96.5446, 76.1973, -112.882, 5.42124e-05, 1.77871e-06, -1.71328e-05, 
318, 240724, 16.5821, 49.8069, -124.551, -2.45515e-06, -3.98669e-06, 1.20424e-05, 
319, 246985, 134.018, -13.0567, -134.877, -1.41727e-05, 2.89161e-07, 1.10267e-05, 
320, 84677.5, -66.8405, -127.86, -88.8174, 7.30226e-06, 1.11598e-05, 6.16437e-06, 
321, 229396, -102.263, -192.659, 139.053, 7.94483e-06, 1.54147e-05, -6.25789e-06, 
322, 228651, 176.292, 74.9601, 84.7411, -1.89746e-05, -4.30272e-06, -3.22178e-06, 
323, 63463.2, 54.627, -113.113, 8.03401, -5.51749e-06, 8.93081e-06, 1.05394e-05, 
324, 40876.7, -117.933, 11.2752, 102.289, 2.54508e-05, 1.06148e-05, -2.02356e-05, 
325, 9054.14, -7.78659, 35.8349, -119.889, -4.2599e-07, 3.74689e-06, 8.71846e-06, 
326, 193030, 118.403, 2.95503, -83.7606, -1.37684e-05, -3.61822e-06, 5.40328e-06, 
327, 296958, -121.07, -43.6109, -188.906, 7.21471e-06, 2.13192e-06, 1.55608e-05, 
328, 2174.88, -6.5591, -42.131, -194.531, 5.19307e-06, 8.59371e-06, 2.4105e-05, 
329, 75602.9, 120.093, -193.305, 11.3566, -1.03005e-05, 1.77174e-05, -1.41035e-06, 
330, 14909.2, 53.1483, -120.608, -10.6965, -3.7019e-06, 1.31356e-05, 7.06404e-06, 
331, 63487.7, 25.5237, -112.621, 104.576, -6.55633e-05, -5.03969e-05, -3.15626e-05, 
332, 145612, -127.692, -145.592, 169.325, 7.41948e-06, 7.05513e-06, -1.11582e-05, 
333, 169043, 194.545, -61.1694, -124.834, -2.02009e-05, 1.86311e-06, 8.35018e-06, 
334, 60182.6, -129.783, 100.12, -0.744982, 1.22591e-05, -1.04609e-05, -9.98129e-07, 
335, 37216, 7.96679, 47.477, 46.7599, 7.93687e-06, -7.05371e-06, -4.12441e-06, 
336, 38278.1, -84.898, -86.2583, 86.25, 7.47313e-06, 7.31321e-06, -4.89722e-06, 
337, 48407.2, -82.7635, -187.059, -190.265, 6.55053e-06, 9.2915e-06, 2.02321e-05, 
338, 48078.9, -49.9337, -92.0471, -197.836, 5.75106e-06, 7.96581e-06, 1.95023e-05, 
339, 57706.6, 157.682, 130.622, -70.1739, -2.29574e-05, -7.63019e-06, 6.58944e-06, 
340, 23026.3, 63.2169, 31.7317, 57.1246, -2.2823e-05, -5.27937e-06, -2.92591e-05, 
341, 72639.7, 155.62, -135.643, -120.004, -1.45766e-05, 7.57074e-06, 4.5388e-06, 
342, 56156, -61.3808, -178.894, 130.706, 5.47413e-06, 7.10765e-06, -2.04968e-07, 
343, 155978, 47.435, -61.7411, -98.8557, -2.32218e-06, 4.69216e-06, 9.43915e-06, 
344, 13251.2, -4.69759, 48.2147, -73.407, 6.6705e-06, -6.50018e-06, 1.83201e-06, 
345, 264253, -79.4059, -13.3363, -196.022, 6.20193e-06, 1.02297e-07, 1.78353e-05, 
346, 21755, -30.7581, 153.581, -182.098, 1.222e-06, -1.49655e-05, 1.23782e-05, 
347, 90764.5, -80.3302, 86.2196, -55.6434, 6.61826e-06, -4.62984e-06, -3.44053e-07, 
348, 74264.3, 198.629, 166.036, -117.122, -1.38675e-05, -9.48063e-06, 6.08999e-06, 
349, 102460, -60.7052, -17.9628, 86.1489, 7.02331e-06, 5.84409e-06, -6.41055e-06, 
350, 60261.6, 0.540263, 52.6328, -36.8614, 1.39387e-05, -6.89274e-06, -2.76829e-06, 
351, 47450.9, 54.9703, -172.733, 71.5508, -1.26144e-06, 2.69117e-05, -1.62808e-05, 
352, 21819, 183.147, -99.8739, -38.8008, -1.69581e-05, 7.06623e-06, 2.12441e-06, 
353, 12264.1, -44.8648, 37.7977, -116.58, 5.63582e-06, 1.08369e-06, -4.00564e-07, 
354, 173334, -16.3765, 175.26, -71.2333, 1.97417e-06, -1.74591e-05, 2.28092e-06, 
355, 26411.5, 68.0231, 186.963, 169.181, -4.15036e-06, -1.31191e-05, -2.00342e-05, 
356, 202549, 68.5888, 40.5772, -147.723, -1.06462e-05, -7.5865e-06, 1.38109e-05, 
357, 47935.9, -89.5433, 177.359, -83.4207, 2.6454e-06, -1.70821e-05, 6.57968e-06, 
358, 23393.2, -44.4385, 40.863, -134.001, 1.70848e-06, -3.106e-06, 1.54628e-05, 
359, 73989.2, 113.885, -3.98474, 129.548, -1.19942e-05, -2.02037e-06, -7.02978e-06, 
360, 89323.1, -23.3237, -180.007, -148.352, 6.25205e-06, 2.00795e-05, 1.05197e-05, 
361, 9635.96, -121.442, -170.814, 14.8346, 1.85196e-05, 1.44389e-06, -5.57527e-05, 
362, 8105.03, 91.7852, 26.7583, -92.5568, -8.49536e-06, -6.1394e-06, 6.96365e-06, 
363, 21394.1, 64.6408, -113.117, 83.8544, 5.89664e-06, -1.88085e-05, -1.04004e-05, 
364, 98011.6, -92.7165, -103.952, 108.262, 8.49526e-06, 7.42806e-06, -7.3188e-06, 
365, 4013.99, -167.931, 31.3381, 98.3381, 1.89803e-05, 1.34355e-06, -9.45905e-06, 
366, 45432.3, -65.1008, -70.1567, 3.12289, 6.92772e-06, 8.29463e-06, -3.34933e-06, 
367, 113760, 31.7901, 192.542, -92.775, 1.99461e-07, -2.21215e-05, 1.97565e-06, 
368, 121607, -183.383, -57.1887, 32.2593, 1.86738e-05, 3.37181e-06, -3.28462e-08, 
369, 85848.4, 183.889, -56.4228, -33.1377, -1.98483e-05, 3.43224e-06, 1.47553e-07, 
370, 22652.5, 17.8421, -116.7, -78.6913, 6.83706e-07, 1.13361e-05, 4.38614e-06, 
371, 33829.6, -95.586, 42.7676, 119.137, 1.2303e-05, -2.83075e-06, -1.65968e-05, 
372, 84427.9, -7.45493, -41.4641, 60.3188, 4.66855e-06, 6.28826e-06, -6.92621e-06, 
373, 173564, 164.276, -37.6433, -121.512, -1.62771e-05, 2.16703e-06, 8.9444e-06, 
374, 157432, 145.865, 93.0778, 126.623, -1.02982e-05, -9.3357e-06, -1.36954e-05, 
375, 51853.5, 56.1376, 80.2686, 149.098, -4.56511e-06, -9.80207e-06, -1.59842e-05, 
376, 84930.8, 119.441, -97.3386, -94.8548, -1.55515e-05, 8.37564e-06, 8.92215e-06, 
377, 167124, 149.549, 163.119, -174.127, -7.60364e-06, -1.10867e-05, 9.19089e-06, 
378, 181302, -189.626, -8.53794, -116.479, 1.86044e-05, 2.00468e-06, 6.52915e-06, 
379, 3797.2, 66.4045, 128.835, -115.834, -1.14206e-05, -1.17805e-05, 8.22411e-06, 
380, 19965.1, 95.4696, 140.53, 196.424, -4.68353e-06, -9.2503e-06, -1.54051e-05, 
381, 88752.7, -83.3789, 18.8623, 106.308, 2.27835e-05, 5.08876e-06, -1.14588e-05, 
382, 432671, -4.77185, -126.011, 128.821, 8.22627e-06, 8.48524e-06, -1.61311e-05, 
383, 92823.3, -27.7408, 133.102, -102.334, 4.76617e-05, -4.59936e-05, 2.40057e-05, 
384, 296296, -91.0257, -142.82, 143.793, 9.05164e-06, 8.81163e-06, -4.11774e-06, 
385, 9902.17, 32.6707, -8.05313, -49.8299, 4.69455e-06, -2.72538e-06, -8.89331e-07, 
386, 20574, 121.899, 123.908, -116.7, -9.12143e-06, -1.06811e-05, 1.14216e-05, 
387, 10469.5, 172.813, -33.2831, -70.8248, -3.78108e-05, 3.2319e-05, -2.19788e-05, 
388, 31898.5, 158.709, -140.404, 14.6764, -1.95643e-05, 9.20374e-06, -8.18865e-07, 
389, 15479.6, 39.2879, -166.142, -143.196, -6.62802e-06, 1.50467e-05, 3.8271e-06, 
390, 70945.5, -165.067, -36.1002, 8.54463, 1.51607e-05, 3.06986e-06, 1.01707e-06, 
391, 232052, 111.603, -72.2775, 128.555, -1.06119e-05, 1.56575e-06, -1.0453e-05, 
392, 21818.5, -187.61, -0.0437237, 54.0942, 1.88569e-05, -5.85544e-07, -3.31519e-06, 
393, 29165.6, -89.6317, -129.432, -123.811, 7.41994e-06, 8.20479e-06, 9.02416e-06, 
394, 220711, -77.1936, 140.551, 120.818, 3.35746e-06, -1.15842e-05, -1.03569e-05, 
395, 108824, 43.7088, -130.854, 49.2356, 7.9399e-06, 2.53478e-05, -2.10585e-05, 
396, 55407.5, -43.8113, 102.12, -199.67, 3.53494e-06, -3.97007e-06, 1.98647e-05, 
397, 13557.4, -77.8798, 157.224, 179.146, 4.61276e-06, -1.08894e-05, -1.54164e-05, 
398, 23119.2, 180.275, -69.5446, -13.5608, -1.85588e-05, 5.02534e-06, -2.11853e-06, 
399, 72378, -175.885, -139.452, 123.145, 1.08942e-05, 8.582e-06, -5.45804e-06, 
400, 20631.4, 26.0688, 108.608, -0.0480495, -1.86572e-06, -7.29791e-06, 7.74312e-07, 
401, 279098, 192.946, 104.512, 161.707, -1.46659e-05, -5.79745e-06, -9.60852e-06, 
402, 404707, -86.457, 92.4182, 43.7071, 6.4425e-06, -7.24178e-06, -3.03791e-07, 
403, 40082.5, 77.4771, 60.0053, 87.8475, -9.91667e-06, -5.34158e-06, -1.07552e-05, 
404, 84698.7, 36.5671, 68.0565, 49.6213, 1.53394e-06, -7.12082e-06, -5.80153e-06, 
405, 211367, 186.06, -33.0252, 57.0705, -1.87672e-05, 1.42202e-06, -1.69831e-06, 
406, 192170, -52.2478, 6.8233, -0.199369, 1.33288e-05, -8.28673e-06, -6.2346e-07, 
407, 258865, 163.832, 173.02, -94.4785, -1.23773e-05, -1.42881e-05, 6.52442e-06, 
408, 43868.3, 107.737, -113.591, -30.9408, -1.45953e-05, 1.31864e-05, 6.11211e-07, 
409, 13264.7, 142.687, 121.98, -122.975, -1.21501e-05, -9.81286e-06, 1.20036e-05, 
410, 735.414, -164.752, -196.906, 81.4029, 9.18856e-06, 1.25666e-05, -3.7514e-06, 
411, 233418, -171.483, 38.2854, 34.7068, 1.76587e-05, -1.27922e-06, -3.13248e-06, 
412, 1566.07, -67.5604, -110.294, 194.525, 4.70162e-06, 3.92744e-06, -1.7283e-05, 
413, 22129.1, -73.7283, 133.347, 22.8264, 6.1119e-06, -9.26863e-06, 5.06904e-07, 
414, 82444.4, -25.7197, 49.5271, -139.209, 2.94818e-06, -4.19702e-06, 2.20357e-05, 
415, 141128, -80.4939, 2.03365, -106.902, 1.01369e-05, 2.76399e-06, 4.954e-06, 
416, 161128, 105.13, -169.736, 121.922, -9.87022e-06, 1.39358e-05, -3.37985e-07, 
417, 50305.6, 44.1204, -186.374, -38.3632, -4.75103e-06, 2.32793e-05, 5.15293e-06, 
418, 37044.1, -64.6536, 125.88, 53.2641, 2.80642e-06, -1.03422e-05, -3.68596e-06, 
419, 39387, -105.984, -157.818, 152.105, 1.33982e-05, 1.55481e-05, -1.04682e-05, 
420, 77315.6, -47.9081, 14.783, 111.884, -1.51787e-05, -4.11993e-06, -1.92858e-05, 
421, 30242.5, -17.3759, 192.34, 190.893, 1.02569e-06, -1.26471e-05, -1.24165e-05, 
422, 22873.9, 31.1615, -183.074, -114.85, -1.66533e-06, 2.10601e-05, 7.29603e-06, 
423, 152402, -162.284, -191.095, -180.248, 8.25761e-06, 1.30154e-05, 1.33833e-05, 
424, 14353.8, 125.669, 22.5169, 56.2829, -9.46673e-06, 4.36383e-06, -6.52668e-06, 
425, 9521.26, 82.8531, -90.2874, 68.2201, -1.10195e-05, -2.10221e-06, -4.43781e-06, 
426, 73056.4, 6.66878, 98.2521, -53.5132, 2.61405e-06, -1.10188e-05, 1.81318e-06, 
427, 57370.2, -95.4286, -123.729, 140.207, 1.06946e-05, -3.795e-06, -7.36291e-06, 
428, 29001.7, -129.185, 56.498, 55.447, 1.68339e-05, 4.1005e-07, 4.24527e-06, 
429, 116936, 73.7264, -53.1599, -143.159, -7.00789e-06, 2.60702e-06, 1.07007e-05, 
430, 118917, -15.479, 161.785, -110.24, 9.50833e-07, -1.80278e-05, 8.95489e-06, 
431, 78177.7, 8.50199, -83.1868, -68.9592, -7.74695e-07, 1.07312e-05, 8.58881e-06, 
432, 163775, 4.09543, 61.4771, -100.577, 4.10704e-06, -4.75865e-06, 1.48655e-06, 
433, 119818, -142.221, -197.009, -1.43948, 1.18716e-05, 1.80893e-05, -1.21116e-06, 
434, 26944.2, -60.1038, -91.3574, 92.3103, 7.52992e-06, 6.51279e-06, -6.10746e-06, 
435, 221089, 164.297, 150.537, -49.2579, -1.89321e-05, -1.46789e-05, 5.75939e-07, 
436, 8388.85, 51.042, -182.284, 154.154, 2.87667e-05, 1.69724e-05, -3.01444e-05, 
437, 77130.6, 73.4906, -160.585, -59.0055, -1.99772e-07, 2.95123e-05, -1.00033e-05, 
438, 66095.4, 102.576, -44.6564, -125.81, -1.10285e-05, 6.37214e-06, 1.21257e-05, 
439, 135426, 76.1229, -97.8197, 126.513, -2.66815e-06, 1.76745e-06, -1.41622e-05, 
440, 134384, 149.972, -83.8605, 102.35, -1.55513e-05, 4.29827e-06, -5.82597e-06, 
441, 153615, -119.015, -51.0236, 88.7689, 1.24666e-05, 4.18167e-06, -7.70319e-06, 
442, 28649.9, -95.4686, -47.673, 99.1386, 4.98011e-06, 3.14532e-06, -1.02238e-05, 
443, 32485.4, -16.2361, 184.268, -182.89, -2.75449e-07, -1.78593e-05, 6.17257e-06, 
444, 80881.9, 104.142, 183.219, 33.2957, -5.93236e-06, -1.91516e-05, -3.51941e-06, 
445, 124277, -168.247, -116.691, -154.747, -7.64387e-06, -2.09412e-06, 1.60394e-05, 
446, 280062, 2.68391, -170.111, -110.133, 1.05217e-06, 1.7995e-05, 2.70571e-06, 
447, 82938.5, 38.9702, 9.79347, 177.372, -1.76101e-06, -6.06353e-08, -1.75749e-05, 
448, 951.923, 31.5832, -60.3666, -159.742, 2.49254e-06, 4.72186e-06, 1.46113e-05, 
449, 9745.64, -24.1149, 75.7554, 196.781, -3.14803e-07, -5.82046e-06, -2.23971e-05, 
450, 59188.7, 25.3239, 186.838, -104.878, 5.29852e-06, -1.71126e-05, 1.25996e-05, 
451, 98668.3, 0.982193, -29.2565, -192.893, 1.1052e-06, 4.84303e-06, 2.36843e-05, 
452, 24361.2, -9.53316, 175.847, 185.144, -4.10582e-07, -1.15335e-05, -1.31287e-05, 
453, 53228.5, -170.964, 128.853, -92.5724, 1.66502e-05, -9.359e-06, 6.85339e-06, 
454, 84245.4, -163.387, 178.046, 5.35672, 1.22522e-05, -1.29974e-05, -1.47378e-06, 
455, 13462.7, -166.062, 137.434, 84.8832, 2.0041e-05, -1.04104e-05, -9.02395e-06, 
456, 38190.5, 133.253, 117.829, 102.192, -1.01047e-05, -7.22048e-06, -1.27765e-05, 
457, 87795.5, -0.409135, -122.305, 35.6254, 7.99696e-06, 5.93321e-06, -7.33561e-06, 
458, 19146.2, -90.3165, -64.4906, 38.3448, 9.83302e-06, 5.42743e-06, -4.00951e-06, 
459, 8428.82, -172.76, -171.982, 108.716, 9.7594e-06, 1.32379e-05, -3.34814e-06, 
460, 54897.7, 103.72, -31.841, 118.203, -1.02964e-05, 2.30761e-06, -6.55057e-06, 
461, 87806, -193.019, -20.6198, 189.302, 1.13867e-05, 1.14421e-06, -1.10079e-05, 
462, 219614, 118.958, -22.3408, -184.668, -5.30126e-06, 5.09155e-06, 1.78377e-05, 
463, 364379, 3.33967, -72.4047, 137.028, 3.28193e-06, 3.33384e-06, -1.5123e-05, 
464, 70706.8, 44.5418, 115.6, -66.2705, -9.69045e-07, -1.10489e-05, 5.10439e-06, 
465, 71405.7, 154.118, -153.103, 32.7028, -1.78696e-05, 1.29645e-05, -3.43664e-06, 
466, 106277, -104.388, -173.408, -67.6345, 5.47408e-06, 1.51558e-05, 1.64801e-06, 
467, 83615.9, 182.392, -31.1584, 157.855, -1.79701e-05, -6.71512e-07, -8.5787e-06, 
468, 14016.4, -157.986, -90.4146, 44.9641, 1.6134e-05, 9.47307e-06, 1.26303e-06, 
469, 13066.3, -51.273, -171.712, -58.0249, 6.63493e-06, 1.53356e-05, 6.98048e-06, 
470, 10982.6, 124.44, -30.0389, 165.133, -7.21575e-06, 7.118e-06, -1.27966e-05, 
471, 66296.1, -43.9461, 68.4175, -131.258, 8.02153e-06, -1.18975e-05, 1.12622e-05, 
472, 134341, -155.587, 127.503, 77.0247, 2.05796e-05, -6.1284e-06, -6.63735e-06, 
473, 189167, 34.9806, 92.3459, 52.6073, 1.24657e-06, -1.08172e-05, -7.89359e-06, 
474, 92831.2, -40.4125, -179.592, 36.0638, 1.71221e-05, 4.01354e-05, -4.81275e-05, 
475, 6779.32, -47.595, 92.5182, 8.49703, 6.01453e-06, -7.45127e-06, -2.70304e-07, 
476, 235404, 86.2821, -129.26, 66.2097, -6.75483e-06, 1.01584e-05, 3.91286e-06, 
477, 47715.6, -35.2382, 122.29, 144.229, -1.17555e-06, -7.97797e-06, -1.31036e-05, 
478, 33611.2, 158.755, -14.8849, -121.809, -1.82716e-05, -3.52381e-06, 8.4312e-06, 
479, 35922.7, -2.99548, 181.742, 121.735, 6.95165e-07, -1.37944e-05, -1.10788e-05, 
480, 105434, -125.305, 79.1168, 134.399, -6.40985e-07, 1.12362e-05, -1.49749e-05, 
481, 34595, 98.341, 79.2451, -106.585, -9.49685e-06, -9.99142e-06, 6.06281e-06, 
482, 94631.5, 25.8158, 81.8021, -67.2899, -3.54811e-06, -9.64287e-06, 2.57701e-06, 
483, 64805.2, 11.2608, -147.201, 71.5567, -5.23453e-08, 2.83895e-05, -5.10848e-07, 
484, 187728, 69.2432, 105.79, 97.1497, -6.89902e-06, -7.47541e-06, -1.51502e-05, 
485, 276622, 181.515, -100.612, 178.867, -1.34304e-05, 4.29809e-06, -1.26807e-05, 
486, 243315, -79.4779, -144.961, 162.414, 8.20036e-07, 8.58926e-06, -1.9656e-05, 
487, 40125.4, 79.9335, -56.6746, 186.918, -5.22761e-06, 2.47519e-06, -1.99615e-05, 
488, 192965, 36.9794, -191.84, -191.806, -2.21299e-06, 1.71539e-05, 1.71911e-05, 
489, 10206.2, 181.462, -84.5104, 148.531, -2.15392e-05, 7.93688e-06, -9.81666e-07, 
490, 99717.1, -65.6589, -143.108, -0.476225, 7.9511e-06, 1.02165e-05, -9.60687e-07, 
491, 23792.7, 61.7953, 22.6405, 45.1607, -4.89259e-05, 2.89257e-05, -1.9763e-05, 
492, 185185, -153.395, 101.777, -67.9886, 2.02383e-05, -6.75287e-06, -3.18647e-06, 
493, 160653, 50.4055, -128.258, 38.9706, -2.9121e-06, 5.41731e-05, -1.79152e-05, 
494, 229389, -135.226, 72.9775, -185.987, 1.01536e-05, -9.47138e-06, 2.06452e-05, 
495, 248929, 70.4783, -123.384, 83.0119, -3.22428e-06, 7.21891e-06, -6.87492e-06, 
496, 33504.3, -139.228, 56.0413, -77.2062, 1.365e-05, -4.13232e-06, 5.04207e-06, 
497, 21766.6, 116.294, -167.375, 80.0118, -2.03211e-05, 1.9753e-05, -3.38259e-06, 
498, 23915.7, 193.874, 161.851, 190.826, -8.80813e-06, -8.70747e-06, -1.00604e-05, 
499, 75412.4, -83.5457, 183.423, 164.06, 3.95269e-06, -1.3542e-05, -1.22389e-05, 
500, 179598, -54.298, 106.763, 190.867, 4.56297e-06, -8.17232e-06, -1.89352e-05, 
501, 325462, 19.251, 53.5505, -42.1391, -1.62356e-06, -6.81033e-06, 2.21737e-06, 
502, 71476.9, 78.319, -23.5065, 3.66235, -6.30993e-06, 8.84965e-07, -5.15676e-06, 
503, 9761.29, -165.829, 101.645, 172.161, 1.05967e-05, -8.5856e-06, -1.46291e-05, 
504, 212845, 162.701, -169.784, -178.465, -1.14957e-05, 1.19608e-05, 1.47687e-05, 
505, 60373.5, 105.604, -139.004, 23.2654, -1.42495e-05, 1.31709e-05, 6.75185e-07, 
506, 47826.2, 87.9603, -6.11791, -31.7597, -1.66469e-05, -3.70339e-06, 3.31489e-06, 
507, 188249, 79.8125, -183.785, -168.515, -7.69999e-06, 1.59705e-05, 1.31036e-05, 
508, 71138.1, 161.053, -63.1334, 191.528, -1.38892e-05, 4.40912e-06, -1.7168e-05, 
509, 72333.7, -45.1647, 128.733, -65.0026, 3.40408e-06, -1.39244e-05, 2.29049e-07, 
510, 30891.9, 137.07, 142.665, -117.391, -1.04799e-05, -1.23115e-05, 1.10708e-05, 
511, 251412, -38.7265, -175.946, 28.7222, 4.21456e-06, 1.13087e-05, 1.05063e-05, 
512, 52781.2, 179.499, -70.7175, -191.462, -1.19555e-05, 3.24112e-06, 1.70744e-05, 
513, 242341, 128.128, -123.196, -138.107, -8.85666e-06, 6.32466e-06, 1.03282e-05, 
514, 53369, -132.638, 109.501, -180.015, 6.32048e-06, -8.84216e-06, 1.41592e-05, 
515, 7985.99, -27.1539, 193.476, 6.75934, 3.05238e-06, -2.09073e-05, 5.87882e-07, 
516, 139299, -46.4195, 138.409, 135.062, 1.13666e-06, -1.17126e-05, -1.08431e-05, 
517, 28622.2, -149.981, -102.056, -1.97063, 1.32636e-05, 4.97201e-06, -9.76574e-07, 
518, 15175.5, 126.658, 190.488, 20.4238, -1.16547e-05, -1.97988e-05, 9.57992e-07, 
519, 89531.9, -132.212, -126.614, 28.283, 1.23857e-05, 7.47452e-06, -2.71234e-06, 
520, 118061, -12.8153, -43.4793, -144.606, 3.91454e-06, 4.68491e-06, 1.13661e-05, 
521, 49662, 183.848, -125.613, 185.79, -1.12153e-05, 3.87009e-06, -1.21287e-05, 
522, 1122.05, 2.41436, -67.7256, -127.492, 2.96726e-06, 4.45198e-06, 1.08332e-05, 
523, 10798.5, 162.045, -145.056, -150.865, -1.50141e-05, 9.34528e-06, 5.70005e-06, 
524, 26723.5, 11.7115, 15.8495, 93.748, -1.96615e-06, 2.60151e-06, -1.57291e-05, 
525, 5372.91, 101.16, -191.441, -96.6382, -1.44231e-05, 2.21473e-05, 4.24288e-06, 
526, 27640.3, -21.7838, -109.288, -113.384, 1.47104e-05, 1.10758e-05, -9.48415e-07, 
527, 674415, -177.353, -166.605, 198.511, 8.19391e-06, 9.71798e-06, -1.13257e-05, 
528, 35815.6, 167.848, -188.204, -146.602, -1.31173e-05, 1.56858e-05, 7.95946e-06, 
529, 450005, 110.642, 145.049, -56.1681, -1.00069e-05, -1.34226e-05, 4.24609e-06, 
530, 352452, 41.0449, 55.0494, 92.2907, -1.65527e-06, -6.17615e-06, -1.16777e-05, 
531, 3335.54, 198.582, -163.049, 29.7292, -1.51738e-05, 9.95243e-06, -1.58717e-06, 
532, 58929.6, 1.63452, 142.314, -35.4633, 3.63494e-06, -1.30448e-05, 7.48248e-06, 
533, 85345.4, 92.7449, 71.5944, -118.649, -8.65566e-06, -6.28246e-06, 1.19852e-05, 
534, 8915.71, -147.541, -98.199, -162.545, 5.06161e-06, 8.92155e-07, 1.33416e-05, 
535, 46907, 8.1391, -139.62, 75.4459, 7.1298e-06, 1.21586e-05, -7.29809e-06, 
536, 102952, 97.3984, -21.8116, -105.968, -0.000390177, -0.000277517, -0.000137553, 
537, 47345.7, 67.0867, 115.082, -163.443, -9.0053e-06, -1.05536e-05, 1.73315e-05, 
538, 40076.9, -95.8058, -65.2919, 90.3032, 5.62306e-06, 7.51206e-06, -6.69275e-06, 
539, 161767, 4.45955, -22.1329, 83.1203, 3.47339e-06, 4.34873e-06, -1.14855e-05, 
540, 48070.4, -157.876, 157.261, 29.7535, 1.41411e-05, -8.98974e-06, -6.25857e-07, 
541, 10865.6, -157.604, 1.23332, -5.05417, 1.50805e-05, -3.58818e-06, -3.35912e-08, 
542, 56397.1, -153.206, -117.952, -199.578, 5.87517e-06, 3.79483e-06, 1.63781e-05, 
543, 69453.3, 17.1275, -104.188, 141.023, -2.51366e-06, 6.07036e-06, -2.0671e-05, 
544, 1587.01, -167.537, -22.4446, -10.86, 1.80589e-05, 3.00103e-06, 3.05929e-06, 
545, 17601.1, -69.7713, 111.01, 130.313, 2.7384e-06, -6.74548e-06, -1.05929e-05, 
546, 84768.6, 11.6524, -134.811, 115.774, -6.98574e-06, 1.41887e-05, -1.06514e-05, 
547, 190202, 145.587, 96.9175, -101.021, -1.51114e-05, -8.62027e-06, 1.05165e-05, 
548, 181496, -129.098, 186.834, 180.604, 6.83167e-06, -1.02892e-05, -1.09382e-05, 
549, 143315, 142.657, -53.0878, 189.207, -7.24118e-06, 3.21036e-06, -1.68419e-05, 
550, 54068.3, -66.8206, -71.5067, 169.356, 6.59479e-06, 3.48351e-06, -1.62263e-05, 
551, 263933, 93.4517, -97.2511, -85.797, -9.40177e-06, 1.09687e-05, 1.0176e-05, 
552, 88304.6, 152.279, -35.7917, 73.7617, -1.41139e-05, 2.54476e-06, -5.54903e-06, 
553, 60114.1, 180.555, 73.4603, -116.069, -1.7558e-05, -5.27154e-06, 8.40016e-06, 
554, 331011, -192.229, -167.624, -53.3545, 1.82936e-05, 3.4269e-05, -6.34054e-06, 
555, 315007, 185.822, 28.6054, -184.533, -1.36912e-05, -2.4444e-06, 1.2449e-05, 
556, 262935, 1.04083, -9.85101, 5.82468, -6.75036e-06, -1.20861e-06, 7.40172e-07, 
557, 20051.8, 118.222, 47.2459, -93.2632, -9.02401e-06, -1.26645e-06, 1.12334e-05, 
558, 112994, -109.278, -43.59, 73.4811, 7.15489e-06, 1.60655e-06, -8.25942e-08, 
559, 46847.3, 51.0809, 179.052, -60.577, -7.36345e-07, -1.76565e-05, 6.35002e-06, 
560, 96235.5, 45.7091, -51.797, -165.82, -4.53993e-07, 1.49372e-06, 1.70738e-05, 
561, 60123.9, -173.931, -157.148, -193.739, 7.76356e-06, 9.91519e-06, 1.74335e-05, 
562, 81259.8, -23.8844, 194.617, -85.4444, 3.47653e-06, -2.1897e-05, 6.02839e-06, 
563, 356964, -49.3298, -37.4148, -12.0756, 1.05718e-05, 7.69578e-06, 1.21696e-06, 
564, 41893.1, 0.493577, -14.6486, -90.4394, 3.34249e-06, 3.42452e-06, 4.28431e-06, 
565, 75068.1, 161.854, -7.69063, 195.075, -1.76057e-05, -5.50127e-06, -2.5682e-05, 
566, 21457.1, 179.578, 57.9681, -57.2766, -1.91824e-05, -6.55409e-06, 1.86716e-06, 
567, 58224.2, 25.6112, -105.199, -131.506, -6.87122e-06, 6.02533e-06, 9.93151e-06, 
568, 50993.5, -47.9029, -161.151, -170.819, 5.71303e-06, 1.21288e-05, 1.62447e-05, 
569, 127801, 96.2419, -22.6611, -106.416, 0.000295908, 0.000226383, 0.000128503, 
570, 84358.5, 78.6549, -178.221, 24.0249, -8.60568e-06, 2.06327e-05, 3.11022e-07, 
571, 99801.4, 31.8375, -112.883, 52.3129, 6.41438e-06, 3.5792e-07, -5.73995e-06, 
572, 15485.3, -187.479, 60.2248, 45.1509, 1.99264e-05, -6.26847e-06, -3.66056e-06, 
573, 21562, 146.341, -119.094, 120.212, -1.88837e-05, 7.13203e-06, -8.85679e-06, 
574, 11356.2, 190.071, 143.255, -41.5176, -2.09284e-05, -9.18392e-06, 1.28315e-06, 
575, 21438.2, -79.9961, 46.8798, -163.965, 8.89361e-06, -3.35452e-06, 2.15733e-05, 
576, 35585, -60.4373, -54.7324, 103.048, 6.87806e-06, 4.62955e-06, -9.08039e-06, 
577, 24001.8, -53.836, 17.4958, -118.951, 7.61137e-06, 4.58089e-06, 1.90073e-06, 
578, 81137.3, 180.723, -18.3171, -56.2471, -2.07234e-05, 4.71124e-07, -1.54711e-06, 
579, 25592.9, 191.396, 18.1008, -158.533, -1.71373e-05, -6.68209e-07, 6.34881e-06, 
580, 383540, -78.5491, -194.423, -165.464, 6.97896e-06, 1.48484e-05, 1.04031e-05, 
581, 16674.9, 96.3021, 97.3884, -71.0075, -5.9887e-06, -8.03131e-06, 5.73359e-06, 
582, 179917, 17.2401, 81.8083, -104.642, 1.81848e-06, -1.99274e-06, -2.04251e-06, 
583, 71917.1, -110.116, 143.338, 58.7159, 7.58257e-06, -6.95806e-06, -1.14571e-06, 
584, 185684, -1.30487, -76.2199, 178.723, 4.28247e-06, 4.01846e-06, -2.10329e-05, 
585, 43304, 108.603, -15.5648, -76.4176, -1.2537e-05, 2.06297e-06, 1.2963e-06, 
586, 345937, 17.7008, 8.83333, -156.585, 9.61216e-06, 2.87082e-06, 1.78328e-05, 
587, 31658.3, 186.805, -189.139, 91.0845, -1.2175e-05, 1.19089e-05, -1.89724e-06, 
588, 1998.67, -190.927, -174.673, 110.504, 1.20076e-05, 1.25952e-05, -3.09752e-06, 
589, 15011.1, 14.7106, 94.3385, 6.60391, 1.65107e-06, -7.97868e-06, -1.6376e-07, 
590, 127168, -44.3557, 145.018, -196.138, 2.69425e-06, -1.37443e-05, 1.72459e-05, 
591, 174572, -18.0779, -14.463, 8.61113, 5.00591e-08, 3.52812e-06, -2.58004e-06, 
592, 85676.1, -114.35, -20.6103, -132.715, 9.91098e-06, 2.0264e-06, 1.05257e-05, 
593, 15989.9, 131.564, -130.745, -184.664, -7.79426e-06, 6.02726e-06, 1.74784e-05, 
594, 18882.1, -61.2444, 118.213, -187.745, 1.26903e-05, 1.85259e-05, 8.40075e-06, 
595, 70755.6, -48.9565, -197.768, 148.612, -5.0546e-07, 1.96994e-05, -1.26346e-05, 
596, 774340, -13.4129, -132.849, -152.933, 5.93578e-06, 9.56595e-06, 1.38415e-05, 
597, 60954.3, -25.9063, 70.36, -138.639, 5.2898e-06, -9.60212e-06, 1.58851e-05, 
598, 133923, -68.1692, 84.5352, 157.917, 5.7607e-06, -9.21757e-06, -1.72071e-05, 
599, 111675, -187.046, -168.389, -119.649, 3.12744e-05, 3.2754e-05, -3.72002e-05, 
600, 17636.8, 22.1931, -85.6519, -111.374, -1.26938e-06, 6.56944e-06, 7.13055e-06, 
601, 50047.7, 193.701, 52.738, -55.9375, -2.1652e-05, -4.12046e-06, 1.52259e-06, 
602, 27978.5, -195.006, 153.271, -93.1078, 1.60538e-05, -9.5759e-06, 5.13256e-06, 
603, 204788, 69.093, -176.183, -131.797, -6.46441e-06, 1.61681e-05, 8.18199e-06, 
604, 166169, -105.722, 153.609, 100.561, -7.60981e-06, -2.72608e-06, -7.27135e-06, 
605, 51839.5, 88.8755, -28.4429, -4.13287, -1.56247e-05, 3.33038e-06, 6.43153e-07, 
606, 42540.1, -105.05, 62.1216, -116.262, 1.63151e-05, 4.34508e-07, 7.43753e-06, 
607, 408.74, -2.62235, 101.404, 130.196, 1.9799e-06, -1.09857e-05, -1.03215e-05, 
608, 209274, -171.62, -117.536, 98.0637, 1.33939e-05, 7.96772e-06, -6.78078e-06, 
609, 19794.7, -191.055, -139.611, -26.8377, 1.39065e-05, 4.02488e-06, -1.49191e-05, 
610, 83633.3, -16.5952, 179.866, -193.958, 1.25947e-07, -1.3023e-05, 1.69139e-05, 
611, 94614.5, -155.832, -117.845, 79.0528, 1.04611e-05, 9.76633e-06, -3.51821e-06, 
612, 15097.7, -82.6083, 20.155, 90.2682, 1.53271e-05, 2.59445e-06, 4.34959e-06, 
613, 29211.7, -157.523, 123.092, 142.963, 1.4153e-05, -1.20363e-05, -1.46336e-05, 
614, 14883.6, -10.6561, 31.0815, 136.588, 1.85168e-06, -4.28868e-07, -1.46516e-05, 
615, 170057, 97.7807, -75.3956, -68.1375, -1.32942e-05, 1.60328e-06, 6.00918e-06, 
616, 59825.1, 181.961, -108.874, -161.02, -1.48809e-05, 2.968e-06, 1.04476e-05, 
617, 19442.2, 30.6438, 88.2955, -112.442, -2.69516e-05, -3.36672e-06, 6.63808e-06, 
618, 142645, 162.758, -131.371, -163.887, -1.18757e-05, 4.65951e-06, 1.2297e-05, 
619, 102576, 76.7016, 6.21212, 1.19267, -8.88599e-06, -2.1426e-06, 3.01614e-07, 
620, 32351.2, -144.076, 179.432, 94.402, 1.55475e-05, -1.72783e-05, -8.82923e-06, 
621, 18863.3, 186.036, 179.209, -178.088, -5.99092e-06, -3.83108e-06, 9.17797e-06, 
622, 94220, 170.308, 1.91947, 60.6371, -1.81675e-05, -1.44568e-06, -2.61009e-06, 
623, 23438.9, 139.058, -188.311, -156.986, -6.11673e-06, 1.94392e-05, 1.00975e-05, 
624, 56755, -199.96, -125.649, 46.041, 1.58397e-05, 9.45202e-06, -2.43296e-06, 
625, 257995, 157.658, -15.7478, 179.224, -1.67146e-05, 2.46524e-06, -1.22417e-05, 
626, 93021.5, -190.44, 175.172, 51.7355, 1.4677e-05, -1.16265e-05, 6.91935e-07, 
627, 1011.75, 65.8197, -43.1929, -6.9675, -5.63336e-06, -2.88193e-08, -1.75645e-06, 
628, 49624.3, -87.7954, -179.119, 184.095, 4.16952e-06, 1.28203e-05, -1.42816e-05, 
629, 28707, -160.39, -32.3139, 126.939, 1.63148e-05, 1.42906e-07, -1.01437e-05, 
630, 33303.2, -95.3556, 68.9924, -52.2749, 9.26841e-06, -2.40382e-06, 6.17319e-09, 
631, 76125.3, -120.66, -6.06779, 83.2922, 1.36993e-05, 3.26658e-06, -3.81858e-06, 
632, 109298, 29.8581, 103.654, -170.537, -6.83125e-06, -7.38509e-06, 2.03342e-05, 
633, 95538.9, 123.257, 97.9445, 182.055, -6.90533e-06, -8.49099e-06, -1.58269e-05, 
634, 117409, 5.27576, -111.319, -125.712, -6.23187e-06, 8.75927e-06, 6.4303e-06, 
635, 70684.6, -135.941, 165.988, -117.376, 1.02564e-05, -1.51109e-05, 1.04425e-05, 
636, 18793.5, -187.377, -192.73, 76.995, 1.05449e-05, 1.12406e-05, -3.25468e-06, 
637, 5726.53, -189.089, -42.4087, -161.611, 1.51515e-05, 9.24052e-07, 1.05977e-05, 
638, 45709.4, -149.762, -28.8802, 34.5024, 1.01315e-05, -4.42015e-06, 4.11928e-06, 
639, 134417, 198.068, -72.9125, 55.4755, -1.9056e-05, 5.77143e-06, -9.99933e-07, 
640, 14634.9, -93.4774, 27.7561, -132.286, 1.63338e-05, 2.0651e-06, 1.23895e-05, 
641, 116118, -146.103, 103.57, -77.6303, 3.3823e-06, -9.68483e-06, 1.82001e-05, 
642, 315138, -197.868, -79.2412, 93.745, 1.68652e-05, 2.57296e-06, -6.29516e-06, 
643, 101158, -54.4899, -89.4761, 133.189, 8.29968e-06, 3.72397e-06, -1.27911e-05, 
644, 24037.5, 129.842, 8.60986, 3.51229, -1.71757e-05, 2.73834e-06, 2.83595e-06, 
645, 89848, -146.862, 156.264, -108.694, 1.58007e-05, -9.53577e-06, 6.44372e-06, 
646, 117972, 169.156, -86.703, 157.532, -1.01653e-05, 6.27653e-06, -7.79071e-06, 
647, 45860.8, -155.626, -21.6472, -52.8112, 1.4399e-05, 3.68794e-06, -6.08038e-06, 
648, 9587.72, -94.103, -164.411, 101.543, 7.6095e-06, 1.30059e-05, -3.34594e-06, 
649, 22203.1, -133.356, -48.4445, -170.805, 1.3438e-05, 4.36446e-06, 6.34228e-06, 
650, 44632.5, -90.0435, -181.762, -154.079, 1.30043e-05, 5.92354e-06, 2.78749e-06, 
651, 54137.5, -127.757, -22.2396, 107.689, 1.35923e-05, 1.31666e-06, -1.14113e-05, 
652, 8125.5, -98.5354, -170.211, -110.353, 3.6658e-06, 1.46873e-05, 7.04955e-06, 
653, 75145.5, 58.2686, -57.4925, -10.3653, -3.8863e-06, -1.44075e-06, 5.62324e-07, 
654, 52075, -104.093, 186.372, -144.431, 5.82132e-06, -8.21648e-06, 8.84876e-06, 
655, 118668, -54.4638, 182.585, -21.3269, 3.10279e-06, -1.72805e-05, 1.17188e-06, 
656, 23859.3, 49.0393, -17.1695, 134.089, -4.4457e-06, -7.50011e-07, -1.22705e-05, 
657, 29456, 55.6331, 81.962, -13.0148, -3.84217e-06, -1.00223e-05, 2.20312e-06, 
658, 49905.7, -133.622, 84.6973, 162.016, 1.01592e-05, -4.71387e-06, -2.31285e-05, 
659, 331884, 61.4058, 174.543, 130.125, 9.16854e-06, -1.54438e-05, -1.12404e-05, 
660, 127706, -193.065, 82.8642, 158.597, 1.49586e-05, -6.73676e-06, -5.34684e-06, 
661, 293265, -198.607, -139.639, -52.1631, 3.92114e-05, -1.47992e-05, -1.38804e-05, 
662, 53949.4, -27.0868, 142.148, 105.537, 1.43051e-07, -1.24779e-05, -8.72941e-06, 
663, 61482.6, 86.9145, -88.7146, -61.7606, -6.55255e-06, 1.27581e-05, -5.04798e-07, 
664, 58877.1, -118.425, -56.7989, -51.5378, 1.22341e-05, 1.79057e-06, 1.05965e-06, 
665, 93743.5, 72.5306, -43.3582, -193.608, -5.0431e-06, -4.93281e-07, 2.26124e-05, 
666, 79667, 57.6137, -120.35, -116.132, -5.20171e-06, 9.50117e-06, 9.44706e-06, 
667, 84635.4, 20.8241, -62.3702, -121.51, 3.51485e-08, 4.10968e-06, 1.05465e-05, 
668, 1157.83, -142.628, -7.12544, 33.1841, 1.18863e-05, -1.75507e-06, -1.36674e-06, 
669, 14601.6, 82.6377, 54.2315, 109.029, -9.00607e-06, -4.37338e-06, -1.22869e-05, 
670, 55388.2, -188.991, 52.9649, 177.158, 9.0621e-06, -1.02216e-05, -1.62636e-05, 
671, 67549.1, -151.635, 116.827, 116.249, 1.35037e-05, -1.07126e-05, -4.58866e-06, 
672, 177476, 111.788, -19.4429, 57.6794, -1.14403e-05, 4.41975e-06, -4.79882e-06, 
673, 245289, 108.253, -77.0884, -34.5306, -1.91094e-05, 7.32764e-06, 6.93932e-08, 
674, 206543, 168.764, 91.3887, 184.198, -9.33928e-06, -4.42352e-06, -1.49524e-05, 
675, 108589, 115.117, -187.612, 193.477, -7.07072e-06, 1.59765e-05, -1.46773e-05, 
676, 261059, 41.6848, 121.001, -133.227, -8.23827e-06, -1.89524e-05, 1.20813e-05, 
677, 16455.5, 43.8737, -82.7326, 136.765, -5.84232e-06, 2.59104e-06, -1.55687e-05, 
678, 6864.09, 117.977, -85.4451, 43.4097, -1.46099e-05, 4.79861e-06, -3.03083e-06, 
679, 100264, -90.7487, 170.47, 77.6997, 4.31149e-06, -1.35313e-05, -9.0121e-06, 
680, 52607.1, 144.212, -100.634, -114.35, -1.39149e-05, 6.15222e-06, 8.16879e-06, 
681, 25595, 69.3092, -69.2308, -159.777, -2.13766e-06, 5.43555e-06, 2.53052e-06, 
682, 174028, -23.4736, -194.951, 167.097, 1.1769e-06, 1.52454e-05, -1.25522e-05, 
683, 11541.7, 63.3586, 109.419, -26.7008, -5.37579e-06, -9.7977e-06, 1.70002e-06, 
684, 283854, 8.6646, -100.841, -174.675, -8.07072e-07, 3.5072e-06, 2.02468e-05, 
685, 119847, -53.3121, -14.231, -34.1277, 1.32658e-05, -2.35398e-06, 7.63406e-06, 
686, 80709.6, -155.051, -15.0131, -4.06679, 1.32399e-05, 6.31911e-07, 2.84758e-07, 
687, 4596.96, -199.543, 187.18, 84.4068, 1.64153e-05, -1.8332e-05, -5.61166e-06, 
688, 3503.58, -22.5119, 43.9682, 44.375, 6.45257e-06, -6.7613e-06, -3.26363e-06, 
689, 37715.9, 199.017, 120.85, -182.324, -1.40009e-05, -7.44865e-06, 1.83928e-05, 
690, 49534.8, -139.883, 174.725, 70.7339, 1.64936e-05, -1.40724e-05, -5.41167e-06, 
691, 46990.8, -139.362, -1.62021, 175.047, 1.08865e-05, 1.21248e-06, -1.29065e-05, 
692, 12613.9, 61.4332, 121.983, 26.6968, -6.393e-06, -1.61953e-05, 2.45303e-06, 
693, 37646.6, -172.67, -195.297, -60.2271, 7.60249e-06, 1.97814e-05, 1.29669e-06, 
694, 106997, -188.642, -54.2732, -59.8302, 1.74163e-05, 2.60223e-06, 1.65745e-06, 
695, 24788.6, 169.734, 42.2357, -81.8712, -1.99222e-05, -4.13672e-06, 6.41268e-06, 
696, 16894.1, 179.934, 104.902, -116.947, -1.68612e-05, -7.41985e-06, 7.91666e-06, 
697, 2248.63, -155.433, -164.347, -33.0761, 6.79308e-06, 1.30181e-05, -3.18363e-06, 
698, 115041, -91.6869, 34.6395, 179.842, 8.60806e-06, 2.15061e-07, -1.90213e-05, 
699, 99640.7, 156.666, -79.037, 16.7475, -1.67435e-05, 5.81105e-06, -2.04707e-06, 
700, 105761, 49.7626, 159.388, -118.556, -2.80811e-06, -1.15369e-05, 1.34429e-05, 
701, 67029.7, 74.9749, 5.88059, 65.2983, -1.00189e-05, 4.31736e-06, -1.1131e-05, 
702, 125289, -122.839, -58.3724, -104.137, 7.57421e-06, 1.66138e-06, 9.9733e-06, 
703, 373969, -5.78313, -68.998, -52.1613, 4.00976e-06, 5.84555e-06, 3.51262e-06, 
704, 13445.6, -123.464, 101.901, 147.647, 4.47774e-06, -1.59123e-05, -2.22877e-05, 
705, 78609.6, 42.5747, -78.8422, 25.3123, -7.11951e-07, -1.16141e-06, -4.43394e-06, 
706, 114096, 70.8971, 169.959, 31.7999, -4.25933e-06, -1.88931e-05, -3.90813e-06, 
707, 659687, -186.496, -148.934, -59.3106, 6.67688e-07, 7.22824e-06, 8.85031e-06, 
708, 1469.91, 145.157, -190.286, -195.351, -6.00905e-06, 1.2996e-05, 1.38063e-05, 
709, 148202, 106, -119.66, 108.146, 2.24355e-05, -1.21263e-05, -2.22809e-05, 
710, 46192.1, -97.8287, -37.7981, 119.738, 8.95387e-06, 2.4186e-06, -1.34954e-05, 
711, 2831.45, 98.3611, 86.5428, 123.627, -5.34793e-06, 3.28854e-06, -8.14457e-06, 
712, 188591, 195.713, 118.53, -166.459, -1.26175e-05, -6.16253e-06, 6.74321e-06, 
713, 36742.7, -102.337, -154.545, -150.752, 6.7362e-06, 8.49178e-06, 1.06209e-05, 
714, 25948.2, 111.425, 48.5364, -197.679, -1.01784e-05, -1.14488e-05, 1.73456e-05, 
715, 22966.4, -3.6417, -16.3197, -99.2008, 6.92923e-06, 3.80879e-06, 1.2386e-05, 
716, 72690.4, 147.577, 142.187, -56.0002, -1.17789e-05, -1.23976e-05, 3.0919e-06, 
717, 37324.3, -85.0783, 193.998, -130.537, 4.30039e-06, -1.58158e-05, 7.02226e-06, 
718, 390336, -175.162, -129.933, 172.27, 3.64644e-06, -2.65877e-06, -1.10048e-05, 
719, 25169.4, -72.4858, -174.237, -99.8337, 6.15159e-06, 1.4996e-05, 4.49099e-06, 
720, 65520.3, 87.8478, 40.2556, 195.326, 1.81341e-06, -8.02247e-06, -2.75349e-05, 
721, 56199.3, 100.757, -164.998, 64.2541, -1.30856e-05, 1.99814e-05, 2.43475e-06, 
722, 67903.7, -113.538, 162.186, -135.223, 8.28728e-06, -1.87885e-05, 3.53834e-06, 
723, 107326, 8.13323, -3.68748, 50.3084, -1.22878e-07, -1.22946e-06, -7.3347e-06, 
724, 163062, 120.692, -129.239, 102.502, -3.30859e-05, 2.07155e-05, 2.47434e-07, 
725, 141818, -192.836, -94.7471, 42.7262, 1.68574e-05, 5.89347e-06, -1.07075e-06, 
726, 17870.8, 74.455, -55.9514, 104.371, -5.36925e-06, 1.31368e-06, -7.51039e-06, 
727, 118439, 95.5801, 149.293, -81.0385, -5.57542e-06, -1.37942e-05, 1.19603e-05, 
728, 9178.77, -112.829, -26.1686, 198.546, 8.90585e-06, 4.20277e-07, -1.87859e-05, 
729, 134726, -48.5369, -17.3476, -131.223, 7.96189e-06, 3.99605e-06, 1.07992e-05, 
730, 157217, -106.927, 196.106, -47.7427, 2.36648e-06, -2.08099e-05, 8.92314e-06, 
731, 137389, 62.5988, -84.4816, -69.1377, -6.35199e-05, -3.59209e-06, -5.99834e-06, 
732, 641597, 13.5193, 145.852, -6.47967, -1.19723e-06, -1.41383e-05, 9.67402e-07, 
733, 18617.2, 0.929816, -186.806, -164.614, 5.9968e-06, 2.50354e-05, 1.25704e-05, 
734, 47874.8, -64.6564, 102.344, -154.084, 8.9529e-06, -8.57859e-06, 1.58364e-05, 
735, 48715.6, -171.562, -79.6589, 68.5373, 1.40614e-05, 4.23047e-06, -4.51768e-06, 
736, 39173.1, 92.5923, 68.0543, 68.7422, -1.16384e-05, -4.68144e-06, -7.64103e-06, 
737, 103307, 107.064, 34.1319, -198.994, -8.04711e-06, -4.19778e-06, 1.97733e-05, 
738, 14507, 185.757, 47.2065, 72.212, -2.00627e-05, -2.20031e-06, -1.41972e-06, 
739, 341421, 13.4273, -186.351, -22.3303, 1.23095e-06, 2.5289e-05, 3.30222e-06, 
740, 15771.6, 163.092, -64.8236, -133.587, -1.2158e-05, 5.38e-06, 1.14974e-05, 
741, 165849, 2.61613, 24.5075, 83.9171, 4.34493e-06, -3.82657e-06, -8.52641e-06, 
742, 50923.5, -147.095, 91.9058, -20.0189, 1.33012e-05, -6.69192e-06, -1.97592e-06, 
743, 317554, -130.898, 55.7764, -172.369, 8.68e-06, 2.12636e-06, 1.13354e-05, 
744, 12064.7, 126.487, -142.52, 184.616, -9.82335e-06, 8.02991e-06, -1.67818e-05, 
745, 20172.6, -27.9739, -117.355, 56.8147, 1.20856e-05, 7.46448e-06, -4.90935e-06, 
746, 244599, 60.4725, 176.724, -37.3255, -6.4375e-06, -1.6351e-05, 1.0393e-06, 
747, 12724.6, -63.6219, 87.6542, -194.541, 6.32668e-06, -3.78998e-06, 1.8635e-05, 
748, 25022.8, -27.8592, -169.095, 170.516, 3.55489e-06, 1.02974e-05, -1.51171e-05, 
749, 77817.5, -110.197, -151.113, -0.277967, 2.27211e-05, -1.45193e-06, 4.33536e-06, 
750, 61222.9, -80.7518, -70.4361, 3.97747, 1.34666e-05, 6.34701e-06, -3.02501e-06, 
751, 11195, 159.658, 98.1735, -168.849, -1.32309e-05, -8.71184e-06, 5.74836e-06, 
752, 58174, 100.455, 26.9676, -51.0061, -9.77814e-06, -4.42701e-06, 2.22158e-06, 
753, 107906, 87.0698, 184.35, -1.85372, -6.87888e-06, -1.96022e-05, -1.63164e-06, 
754, 335.438, -64.6232, 153.473, -141.749, 5.63916e-06, -1.29728e-05, 1.11854e-05, 
755, 178129, 112.293, 8.82948, -177.448, -8.74105e-06, -3.58682e-06, 2.12341e-05, 
756, 107862, 6.35169, -46.7053, 130.056, 1.97806e-07, -5.53957e-06, -1.18373e-05, 
757, 170636, -10.2773, -103.932, -121.292, 6.32812e-06, 2.8926e-06, 4.9929e-06, 
758, 90028.5, 90.7428, -186.721, -100.164, -7.31761e-06, 1.87895e-05, 6.72379e-06, 
759, 36272.8, -43.7799, -191.256, -46.6213, 4.62886e-06, 2.16708e-05, 5.35742e-06, 
760, 1426.25, -164.168, -82.2154, -140.91, 1.03965e-05, -6.37149e-07, 8.46752e-06, 
761, 236986, -192.619, 38.3264, 171.948, 1.35702e-05, 2.0548e-06, -1.06058e-05, 
762, 100791, 52.6354, -78.4407, -154.69, -1.57283e-06, 7.94916e-06, 1.19482e-05, 
763, 343740, 107.686, 35.898, 178.224, -1.5681e-05, -8.57123e-06, -1.28847e-05, 
764, 121281, -15.726, 125.372, 191.356, -1.90916e-06, -9.10681e-06, -1.86448e-05, 
765, 18110.2, 102.22, 148.114, -50.6897, 3.65989e-05, -2.98787e-05, -2.64414e-05, 
766, 45710.3, -58.3001, 155.113, 8.40874, 4.84566e-06, -1.15501e-05, 2.868e-06, 
767, 188328, 36.5726, -194.866, 85.5083, 1.35583e-06, 2.3501e-05, -7.05204e-06, 
768, 36225.5, -179.107, 137.415, -194.976, 1.43519e-05, -1.12778e-05, 1.63755e-05, 
769, 72611.1, -64.1578, -147.891, -163.739, 9.10621e-06, 7.89885e-06, 1.31142e-05, 
770, 251088, -43.441, -84.1637, -156.715, 8.54076e-06, 4.4395e-06, 1.47054e-05, 
771, 185163, 146.108, -165.039, -157.207, -8.319e-06, 1.23962e-05, 1.01981e-05, 
772, 251935, 12.9993, -163.622, -152.43, 4.7044e-07, 1.5121e-05, 6.72593e-06, 
773, 19412.7, -134.861, -103.709, -135.685, 5.72652e-06, 3.20194e-06, 8.88845e-06, 
774, 18151.1, -17.7158, 70.4104, -2.6234, 7.65375e-06, -5.35923e-06, -9.11745e-09, 
775, 26502, 135.023, -142.262, -166.174, -6.0317e-06, 6.6598e-06, 1.6111e-05, 
776, 442442, 188.844, -153.992, 188.819, -8.0729e-06, 6.13865e-06, -9.87513e-06, 
777, 159754, 132.954, 92.8657, -23.3565, -1.44727e-05, 1.39872e-06, -3.49514e-06, 
778, 6374.99, -195.67, 32.7503, -6.68633, 1.90272e-05, -1.47693e-06, -2.8745e-07, 
779, 67820.9, -10.5878, 137.525, -55.6412, 2.82762e-06, -1.26256e-05, 3.26586e-06, 
780, 45912.1, -187.504, -182.495, -110.741, 1.34874e-05, 2.28776e-05, -4.99321e-07, 
781, 19117.2, -22.1059, 16.2919, -121.494, 3.00078e-06, 3.69886e-06, 7.17552e-06, 
782, 73372, 72.1523, 70.0589, -10.3821, -7.88114e-06, -7.33093e-06, 2.32949e-06, 
783, 49985.3, 41.7415, -197.636, -99.9992, -1.45745e-06, 2.37431e-05, 4.74613e-06, 
784, 223513, 156.677, -81.3389, -83.4267, -1.66615e-05, 6.39988e-06, 3.50812e-06, 
785, 71830, -11.2256, -54.956, 128.71, 1.2647e-05, -2.46259e-06, -1.01315e-05, 
786, 271223, 50.4347, -18.0029, -56.7431, -2.72766e-06, 1.08479e-06, 2.83502e-06, 
787, 142564, -5.95423, -18.0139, 39.9349, 3.51827e-06, 4.16539e-06, -7.22225e-06, 
788, 43821.6, -18.5861, -129.642, 147.874, 1.17263e-05, 1.07903e-05, -2.2846e-05, 
789, 293571, 36.2399, -54.5456, 187.128, -6.91723e-07, 1.78857e-06, -2.02483e-05, 
790, 182068, -143.702, 86.1973, 136.912, 3.41377e-05, 2.95527e-06, -2.06127e-05, 
791, 3882.64, 159.346, -176.281, -37.5446, -1.76912e-05, 1.24295e-05, -2.61392e-06, 
792, 106324, 181.608, -75.5835, -109.283, -1.69083e-05, 6.08602e-06, 4.31232e-06, 
793, 281720, 150.74, 89.5567, -188.619, -9.64276e-06, -6.09942e-06, 1.39756e-05, 
794, 124977, -59.774, 126.112, -189.499, 1.05404e-05, -9.75108e-06, 3.48059e-06, 
795, 13842.1, 93.0388, -49.9138, 113.184, -6.71818e-06, 1.90171e-06, -6.69007e-06, 
796, 106517, 96.7125, 30.0876, 183.408, 1.36468e-05, 8.29779e-06, -2.64493e-05, 
797, 38496.1, 5.42868, -174.986, -172.044, 1.13559e-05, 2.03152e-05, 2.27331e-05, 
798, 104998, 58.2016, -164.362, -83.0208, -6.02558e-06, 1.50415e-05, 2.33032e-06, 
799, 37540.4, -77.6139, 166.278, 103.866, -5.58791e-07, -1.73894e-05, -1.00722e-05, 
800, 72836.4, 193.137, -136.617, -126.223, -1.72906e-05, 7.78896e-06, 5.4547e-06, 
801, 117980, -179.419, 63.9682, -151.691, 1.56385e-05, -4.61174e-06, 8.45821e-06, 
802, 58093.9, 138.738, -133.576, -38.5136, -1.48578e-05, 9.98135e-06, 3.82003e-07, 
803, 152886, 34.7535, -1.37659, 112.078, -2.14584e-06, 6.42706e-07, -9.35604e-06, 
804, 6553.1, -88.7227, -96.4741, 147.446, 8.12542e-06, 2.55072e-06, -1.36315e-05, 
805, 139346, 55.0637, -76.479, -3.34312, -1.83833e-06, 3.07031e-06, -2.70697e-07, 
806, 101696, 44.4898, 25.1785, 47.7369, 5.10903e-05, 3.32584e-05, -4.7692e-05, 
807, 73054.7, -115.014, -165.274, 199.833, 4.25784e-06, 9.00802e-06, -1.45417e-05, 
808, 39324.5, 161.28, -138.476, 192.938, -3.33912e-06, 5.81871e-06, -1.4628e-05, 
809, 134492, 15.8954, 97.2225, 156.246, 1.02564e-06, -1.10578e-05, -1.74004e-05, 
810, 143930, 156.137, 117.449, 0.508684, -1.99009e-05, -9.24496e-06, -2.88329e-07, 
811, 164362, -149.747, 80.1511, -51.9384, 1.27167e-05, -2.52497e-06, 2.17297e-07, 
812, 63296.4, -195.274, 54.1273, 85.1528, 1.85022e-05, -2.96421e-06, -5.19927e-06, 
813, 129107, -134.722, -170.498, -120.876, 2.60353e-06, 1.54719e-05, 5.35269e-06, 
814, 71605.3, -117.014, 195.769, 31.5947, 7.39033e-06, -2.18057e-05, 3.06224e-06, 
815, 150705, 41.2816, 189.833, -32.4421, 2.13011e-06, -2.33878e-05, -3.22958e-07, 
816, 14565.4, -20.1039, 24.9161, -155.228, 3.9574e-06, -2.06495e-06, 2.04806e-05, 
817, 350158, -120.18, -173.421, 5.85788, 1.10328e-05, 1.74948e-05, -1.64875e-06, 
818, 65973.3, -175.417, -10.8525, 74.942, 1.73231e-05, -3.10817e-07, -6.5655e-06, 
819, 14620.8, 131.368, 17.7527, -150.353, -1.57696e-05, -8.10881e-06, 1.11605e-05, 
820, 99687, 121.335, 2.01015, 70.7901, -1.33073e-05, 1.57568e-06, -8.28916e-06, 
821, 78813.5, -166.945, 190.935, -158.382, 1.01656e-05, -1.23652e-05, 6.51502e-06, 
822, 52670.6, -32.3158, 4.24575, -29.2559, 6.06495e-06, -8.28501e-06, 4.97285e-06, 
823, 19096.8, 14.0904, -174.407, -22.4072, -7.19323e-07, -9.34737e-06, 5.89977e-06, 
824, 166820, -147.889, 52.0572, -27.9404, 1.30599e-05, -1.60718e-06, -5.27478e-07, 
825, 26810.7, -24.6572, -73.0784, -116.171, 3.57768e-06, 4.03009e-06, 8.46138e-06, 
826, 28486, -147.869, -117.902, -137.658, 2.49081e-06, 3.81766e-06, 6.97955e-06, 
827, 103034, -25.0073, -157.476, -98.6625, 7.43291e-06, 1.36258e-05, 1.57595e-06, 
828, 14279.7, 166.852, -120.352, -60.9619, -1.68009e-05, 8.76927e-06, 1.99224e-06, 
829, 8741.97, -120.763, 17.0777, -66.3086, 1.99966e-06, 1.18454e-05, -4.99765e-06, 
830, 53313.4, 100.406, 93.7965, 126.616, -8.45732e-06, -7.18574e-06, -1.25859e-05, 
831, 117922, 73.311, -131.931, 100.381, -2.36016e-06, 1.6227e-05, -1.9337e-05, 
832, 47162.9, -152.326, -175.953, -130.716, 8.24804e-06, 1.77217e-05, 9.48306e-06, 
833, 8286.71, -65.7295, 41.8458, 140.979, 1.11406e-05, -4.40256e-06, -1.56429e-05, 
834, 23512.6, 93.5936, -37.4013, -82.9873, -1.28211e-05, 6.91515e-06, 5.48836e-06, 
835, 48012.9, 98.6942, 131.894, -4.86647, -7.35615e-06, -1.27134e-05, 1.53973e-06, 
836, 244767, -127.3, 27.9565, -72.2551, 1.11733e-05, -2.13888e-06, 2.6742e-06, 
837, 11064.7, 172.558, 92.9004, -192.239, -1.74801e-05, -5.98616e-06, 1.39766e-05, 
838, 20634.6, 133.747, 166.004, -0.768772, -1.19281e-05, -1.69345e-05, -7.88586e-07, 
839, 57541, 152.963, 34.2503, -103.199, -1.56118e-05, -3.7414e-06, 8.83252e-06, 
840, 20463.4, 107.494, 182.132, 150.718, -8.56483e-06, -1.4112e-05, -1.46097e-05, 
841, 159860, -32.4039, -11.0326, 16.0079, 1.4373e-05, -3.22032e-06, -1.44366e-05, 
842, 62195.8, 104.859, -172.351, -62.043, -4.29405e-06, 1.34372e-05, 4.47666e-06, 
843, 45687.8, 150.639, 94.3186, 90.5965, -1.35989e-05, -5.99164e-06, -4.58156e-06, 
844, 34083.5, 107.795, -33.8827, -147.106, -9.97439e-06, 3.81476e-06, 1.48276e-05, 
845, 167100, -99.4343, -33.1789, 181.956, 7.16505e-06, 2.33594e-06, -1.52949e-05, 
846, 5197.57, 152.693, 111.209, 28.6143, -2.11142e-05, -6.31878e-06, -4.56818e-06, 
847, 136991, 186.737, -68.5729, 85.8807, -1.78793e-05, 4.56089e-06, -6.03591e-06, 
848, 76877.2, 78.6159, 173.234, 133.028, -1.80068e-06, -4.05317e-05, -4.73212e-06, 
849, 58225.5, -128.262, 154.547, -138.173, 1.41479e-05, -8.86604e-06, 1.08698e-05, 
850, 82478.8, 65.391, -77.7575, 180.869, -4.20363e-06, 6.15301e-06, -1.87452e-05, 
851, 48702.7, -57.0455, -151.828, 193.689, 2.63117e-06, 8.24102e-06, -1.74205e-05, 
852, 115173, 195.18, 1.58498, -91.3116, -3.12454e-05, -3.5063e-06, 8.30177e-06, 
853, 307338, 149.507, 134.474, 80.4692, -1.52575e-05, -1.10543e-05, -3.99685e-06, 
854, 185629, -184.812, -165.626, -125.69, 5.1639e-06, 1.71043e-06, 3.35582e-05, 
855, 56299.4, -165.869, 134.92, -15.4394, 1.44384e-05, -8.03696e-06, -1.6863e-06, 
856, 91465.5, -146.105, -35.6805, 198.796, 8.96207e-06, 1.77086e-06, -1.39806e-05, 
857, 130127, -34.2003, 188.123, -141.831, 1.11182e-06, -1.65327e-05, 9.42606e-06, 
858, 3417.81, -9.17414, -32.9333, -158.089, -1.98452e-06, 9.29569e-06, 7.30167e-06, 
859, 108190, 84.2424, -47.8861, 16.3992, -1.03188e-05, 3.3302e-06, -5.58774e-06, 
860, 123255, 94.7947, -138.883, 89.886, -1.29526e-05, 1.89005e-05, -6.57155e-06, 
861, 28925, -92.3905, 47.1536, 91.4671, 1.17871e-05, -2.62387e-06, -1.57859e-06, 
862, 23416.1, -7.61323, 41.6658, -44.639, 1.06627e-05, -2.2547e-06, 2.59798e-06, 
863, 17645.7, 121.943, -44.5289, -94.8068, -1.47533e-05, 4.33055e-06, 7.3776e-06, 
864, 10434.5, -177.852, 28.5743, -33.3242, 1.69766e-05, -9.77035e-07, 2.29693e-07, 
865, 50602.6, -158.196, -164.903, 32.1035, 1.35298e-05, 1.20226e-05, -4.82728e-06, 
866, 35549.3, -148.221, -38.6064, 129.661, 1.20614e-05, 2.11002e-06, -1.24543e-05, 
867, 21006.8, -86.3145, 21.0782, 77.6803, 1.06496e-05, 6.48659e-07, 3.9265e-06, 
868, 137997, 29.7985, 85.331, 135.052, -6.61369e-08, -1.29634e-05, -1.04926e-05, 
869, 80183, 180.45, 141.449, 165.106, -9.90475e-06, -1.10306e-05, -1.13561e-05, 
870, 199490, -90.2712, 77.2619, -116.195, 5.74736e-07, -8.545e-06, 1.18535e-05, 
871, 137961, -60.0579, -182.332, -12.7151, 7.56291e-06, 1.90253e-05, 5.91308e-07, 
872, 152630, -115.292, 68.2977, 61.5459, 9.24425e-06, -5.98967e-06, 3.32037e-06, 
873, 255954, 86.3979, -13.4649, 138.528, -5.04238e-06, -2.34909e-07, -1.16781e-05, 
874, 153344, 77.7348, -152.106, -63.3034, -1.26047e-05, 4.64338e-06, 5.29351e-06, 
875, 243212, -5.0473, -155.946, -3.10016, 6.97056e-06, 4.10071e-05, 1.56575e-05, 
876, 97858.1, -104.978, 198.828, -147.391, 6.95286e-06, -1.96921e-05, 1.07372e-05, 
877, 9197.93, 199.083, 175.271, -183.361, -1.51421e-05, -2.54149e-06, 8.22772e-06, 
878, 559028, 52.2661, -117.923, 32.8148, -9.40817e-06, -4.2141e-06, 8.19349e-06, 
879, 72394.2, 134.09, -155.065, -137.557, -7.25137e-06, 1.11287e-05, 6.19326e-06, 
880, 643448, -193.206, -117.899, -148.172, 2.59994e-05, -1.22861e-06, 9.05719e-06, 
881, 196113, -106.213, -95.267, -51.8399, 1.90453e-05, 6.54081e-06, 4.13037e-06, 
882, 87696.5, -9.38173, 151.886, 4.66665, 1.29694e-05, -1.6952e-05, -3.3872e-06, 
883, 54149.7, 88.8861, 107.626, 135.509, -5.3353e-06, -1.03217e-05, -1.47435e-05, 
884, 12053.6, 126.508, -53.7371, 62.7125, -1.26933e-05, 4.80223e-06, -4.12422e-06, 
885, 91619.3, -55.0243, -71.9294, -199.12, 6.47403e-06, 2.82504e-06, 1.92507e-05, 
886, 57455.7, 42.5039, -8.44653, -126.03, -5.11133e-06, 5.16312e-06, 8.88304e-06, 
887, 35863.2, -89.6016, 108.486, 79.8566, 5.60916e-06, -9.73011e-06, -6.09772e-06, 
888, 141989, 60.8916, 190.901, 150.174, -1.03488e-07, -2.05091e-05, -1.7665e-05, 
889, 88802, -113.279, 75.3497, 112.617, 8.13203e-06, -4.44499e-06, -7.02269e-06, 
890, 139498, 49.9537, -166.582, 66.3804, 5.14298e-06, 1.40371e-05, 1.1101e-06, 
891, 27006.8, 122.029, 114.373, 137.671, -8.17685e-06, -1.04835e-05, -1.46058e-05, 
892, 155547, 125.822, 26.9642, 79.4431, -1.3294e-05, -2.84361e-06, -8.97552e-06, 
893, 38489.7, 80.4619, 23.7792, 89.7055, -9.01695e-06, -1.24187e-06, -1.16765e-05, 
894, 47483.5, 121.341, 185.904, 142.217, -1.01971e-05, -1.48441e-05, -1.0263e-05, 
895, 161457, -110.297, 16.6687, 95.6582, 1.09196e-05, 2.96651e-06, -5.1271e-06, 
896, 36062.2, -134.443, 13.3365, -2.3059, 1.12365e-05, -5.45619e-07, -6.34231e-07, 
897, 77190.3, -129.388, -198.702, -71.5601, 6.87698e-06, 1.73562e-05, 2.2196e-06, 
898, 208617, 194.889, -137.335, -181.302, -1.44285e-05, 6.05572e-06, 1.16799e-05, 
899, 74295.9, -150.422, 4.72971, -65.1814, 1.49327e-05, -2.63687e-06, 1.34793e-06, 
900, 25043.3, -142.32, -164.421, -127.664, 1.01156e-05, 5.23734e-06, 1.49975e-05, 
901, 67224.6, 114.388, -82.4398, -181.037, -1.20048e-05, 5.39139e-06, 1.65528e-05, 
902, 88868.3, 122.641, -81.3774, 177.459, -7.01407e-06, 5.3743e-06, -1.63992e-05, 
903, 115188, 191.113, 192.767, -173.677, -8.95333e-06, -1.10742e-05, 6.45893e-06, 
904, 204594, -124.984, 179.049, 50.3876, 1.74937e-05, -1.87873e-05, -3.87332e-06, 
905, 201036, 98.471, -140.149, 177.624, -5.40052e-06, 7.75688e-06, -1.97145e-05, 
906, 28556.6, 126.4, -19.7526, -186.229, -5.46133e-05, -1.20861e-05, 2.78031e-05, 
907, 12157.4, 139.898, 159.371, -95.6329, -8.35169e-06, -1.39282e-05, 9.71269e-06, 
908, 34602.5, 41.742, 99.3282, 156.677, -4.26991e-06, -1.24763e-05, -1.84266e-05, 
909, 86744.5, -57.8733, -31.2825, 189.835, 4.25434e-06, 1.54665e-06, -1.7619e-05, 
910, 221669, 21.177, -116.426, 103.379, 1.62837e-05, 2.10858e-05, -9.4985e-06, 
911, 97442.4, -109.432, 154.552, -142.794, 2.51927e-06, -5.96099e-06, 1.61164e-05, 
912, 298610, 51.9301, 28.6327, 43.4319, -1.61473e-05, 5.62512e-05, -7.21208e-05, 
913, 379606, -119.878, 161.409, 102.857, 1.67775e-05, -1.64472e-05, -1.21798e-05, 
914, 97228.7, -39.9069, 158.817, 147.968, 6.43264e-07, -1.65873e-05, -1.38109e-05, 
915, 320598, 130.275, 110.685, -33.8122, -1.19591e-05, -1.10937e-05, 3.04362e-06, 
916, 7327.83, 173.485, 113.889, 177.048, -7.66856e-06, -1.22501e-05, -1.4408e-05, 
917, 35705, 42.8771, 122.129, 35.8093, -1.38034e-07, -1.67668e-05, -1.5522e-06, 
918, 342474, 21.2711, -116.134, 77.8298, 2.29478e-06, 4.89363e-06, -3.69179e-06, 
919, 66720.6, -130.82, -69.2722, 121.589, 1.53489e-05, 7.54775e-06, -2.21487e-05, 
920, 65542.4, 40.2343, 22.5565, 120.213, -3.33832e-06, -2.77156e-06, -1.41488e-05, 
921, 6241.52, -169.474, -80.9187, 166.386, 9.78154e-06, -2.51049e-07, -9.91764e-06, 
922, 618351, 51.7318, 34.5763, 36.5676, -4.22193e-06, -3.96057e-05, 3.92776e-05, 
923, 79778.9, -190.763, 173.214, -4.72624, 1.65143e-05, -9.71488e-06, 1.0314e-06, 
924, 45720.9, 155.171, -69.6872, 73.3178, -1.41688e-05, 4.82707e-06, -2.6916e-06, 
925, 8739.97, 89.2552, 114.087, 150.906, -5.76836e-06, -9.82969e-06, -1.72878e-05, 
926, 25700, -29.2419, -12.2327, -32.8558, 4.50057e-06, -2.6754e-06, 2.80102e-06, 
927, 169457, -34.6611, -16.4137, -2.33057, 9.47503e-06, 8.85374e-07, 4.91061e-06, 
928, 359465, -121.155, 158.45, -69.1592, 1.00354e-05, -1.35078e-05, 6.07036e-06, 
929, 271813, -158.629, 174.486, -43.5686, 1.57649e-05, -1.30961e-05, 2.14228e-06, 
930, 93145, -177.416, -114.154, -63.3484, 1.00604e-05, -4.04282e-06, 1.77494e-06, 
931, 1980.54, -199.86, -161.864, 124.085, 1.47872e-05, 1.13825e-05, -3.00122e-06, 
932, 105732, -153.436, -185.823, -161.524, 4.86659e-06, 1.28154e-05, 7.292e-06, 
933, 72024.8, -99.1083, 78.9466, 154.118, 4.89673e-06, -5.66829e-06, -2.06629e-05, 
934, 193279, -164.028, -150.944, -115.616, 6.21556e-06, 6.81675e-06, 3.35009e-06, 
935, 66304.2, 69.1144, 16.8622, 191.553, 2.50071e-07, -1.34337e-07, -2.06863e-05, 
936, 28554.2, -180.304, -132.902, 4.27886, 1.4265e-05, 7.41425e-06, -3.63564e-06, 
937, 146878, -126.158, -65.9399, 109.935, 9.98804e-06, 4.67365e-06, -7.28533e-06, 
938, 107389, 116.319, 113.273, 87.7876, -7.48285e-06, -7.88842e-06, -8.2355e-06, 
939, 254737, -170.437, 99.8242, -169.144, 1.40094e-05, -5.95307e-06, 1.06236e-05, 
940, 362900, 117.19, 25.476, 25.6233, -1.31917e-05, -1.61479e-06, -1.53762e-06, 
941, 310219, -109.178, 190.967, -26.6676, 5.56005e-06, -1.66586e-05, -4.60174e-06, 
942, 89928.3, 103.343, 176.135, -32.6013, -9.48718e-06, -1.97339e-05, -6.18221e-07, 
943, 33545.9, 109.346, 90.8021, -122.952, -1.07024e-05, -9.65388e-06, 1.27506e-05, 
944, 29356.3, 71.3723, -165.025, -67.8526, -2.15747e-06, 2.87542e-05, 1.21115e-05, 
945, 2891.82, -124.64, 134.4, -94.5069, 1.32283e-05, -8.26118e-06, 1.25733e-05, 
946, 106908, 111.237, -176.08, 155.057, -1.08822e-05, 1.54003e-05, -1.82113e-05, 
947, 53758.8, 38.8833, 133.713, -109.23, -3.25042e-06, -1.49075e-05, 3.229e-06, 
948, 59548.6, 8.5849, -102.974, 9.63108, 3.62005e-06, 1.12461e-06, 1.75828e-07, 
949, 31224.3, 144.183, -32.6384, -60.0468, -1.62123e-05, -1.71573e-07, 3.11407e-06, 
950, 135293, 81.8292, 168.473, 137.117, -2.36987e-05, 4.21665e-06, -3.49089e-05, 
951, 83674.9, -114.382, 33.3489, 96.1865, 1.56994e-05, -6.4001e-06, -8.12901e-06, 
952, 149938, 186.039, 13.7859, -32.221, -2.05763e-05, -6.14235e-07, -2.74164e-07, 
953, 53489, -45.2017, 110.422, -70.9209, 2.99046e-06, -5.61227e-06, 2.622e-06, 
954, 111690, 18.4151, -171.505, -168.129, 2.13648e-07, 2.0981e-05, 2.13374e-05, 
955, 16236.9, -164.658, 124.528, -170.17, 1.21787e-05, -7.33514e-06, 7.51991e-06, 
956, 91001.1, -22.6062, 198.168, 119.135, 2.01641e-06, -1.70026e-05, -9.33972e-06, 
957, 9403.74, -107.626, -122.621, -102.332, 7.77903e-06, 6.54588e-06, 7.10672e-06, 
958, 25399.8, 82.6156, 25.7825, -59.3444, -6.72608e-06, -5.5957e-06, 4.34157e-06, 
959, 62610.3, 186.998, 142.344, -11.9708, -1.82867e-05, -1.03032e-05, -6.77972e-07, 
960, 142089, -59.7025, -190.209, 139.075, 5.51538e-06, 1.7035e-05, -7.51445e-06, 
961, 74241.4, -58.8543, -195.856, -165.12, -8.2945e-06, 1.65601e-05, 1.04776e-05, 
962, 4867.39, -18.7078, -89.8114, -38.8992, 7.93746e-06, 1.2029e-05, 5.58864e-07, 
963, 62376.8, -90.4689, 133.133, 145.133, 8.72516e-06, -1.22378e-05, -1.79355e-05, 
964, 84458.3, 32.5213, 71.4333, 142.151, -2.2599e-06, -1.06875e-06, -1.8333e-05, 
965, 554298, -61.8756, 24.1467, 102.389, 3.00448e-06, -3.37814e-06, -4.52282e-06, 
966, 286819, -132.985, 91.8418, 131.58, 4.25758e-06, -1.7609e-05, -4.67023e-06, 
967, 190355, -152.596, 44.2586, 82.4438, 1.83181e-05, -1.48439e-06, -6.73471e-06, 
968, 59116.3, 137.48, -150.754, 29.1699, -1.14502e-05, 1.28898e-05, -1.77171e-06, 
969, 292484, 118.378, -2.65824, 190.416, -4.64699e-06, 9.43958e-07, -2.11324e-05, 
970, 9267.95, 8.38372, -192.266, -176.298, 3.37615e-06, 2.28008e-05, 1.61532e-05, 
971, 13799.8, -47.5431, -101.578, 118.384, 8.49626e-06, 5.55913e-06, -6.74171e-06, 
972, 36812.6, -11.9747, -111.82, -89.0486, 4.26177e-06, 1.03799e-05, 2.1449e-06, 
973, 8567.97, -87.8761, 66.9685, 87.0409, 1.19269e-05, -5.15733e-06, 4.05849e-07, 
974, 15274.9, -59.372, -125.617, -72.1721, 4.76825e-06, 1.15669e-05, 2.10878e-06, 
975, 16243.1, -48.6127, 11.1229, 112.251, 5.22537e-06, 8.13392e-05, -2.60423e-05, 
976, 36388.5, 26.4781, 135.995, -132.557, 3.4373e-06, -2.13495e-05, 1.20222e-05, 
977, 58456.9, -173.386, 179.667, -196.366, 1.01961e-05, -1.04525e-05, 1.12423e-05, 
978, 308042, 126.689, 67.051, -76.2992, -5.68963e-06, -2.37148e-06, -1.74972e-06, 
979, 177518, 181.255, -0.322972, -88.114, -1.26397e-05, -1.5401e-06, 4.43619e-06, 
980, 48173.2, 145.368, -142.25, 10.0779, -1.32847e-05, 1.06888e-05, 1.61543e-06, 
981, 16457, 160.455, -43.211, -11.4595, -1.9118e-05, 1.71418e-06, -1.76677e-06, 
982, 24972.9, 71.0148, -184.008, -48.7668, -5.60264e-06, 2.2686e-05, 3.53022e-07, 
983, 180722, 176.5, 25.6327, 97.9187, -1.7396e-05, -2.10017e-06, -7.14529e-06, 
984, 15823.6, -71.0612, 1.63334, 18.7519, 1.49664e-05, -1.94581e-06, -5.05908e-06, 
985, 67737, 54.2581, -145.609, -68.0973, 1.49927e-06, 9.40712e-06, 3.72736e-06, 
986, 54113.7, 85.1149, -74.0052, -187.416, -1.59339e-05, 9.1364e-06, 3.14351e-05, 
987, 129911, -180.279, -120.437, -143.855, -2.56451e-05, 1.01158e-05, -1.15876e-05, 
988, 11482.3, -87.1231, -40.8355, 123.57, 3.61964e-06, 4.49273e-06, -1.5049e-05, 
989, 187468, -153.02, -30.8839, -195.467, 1.2889e-05, 2.99544e-07, 1.48062e-05, 
990, 88037.8, -147.879, -81.8767, 50.7524, 1.05782e-05, 5.56619e-06, -2.29963e-06, 
991, 158223, -60.6455, 164.64, 29.9737, 3.55766e-06, -1.44229e-05, -8.38819e-07, 
992, 43448.3, 123.101, -52.8428, -61.0626, -1.40647e-05, 2.25471e-06, 6.51741e-06, 
993, 47459.5, -198.832, 5.87154, -40.688, 1.88254e-05, 7.64789e-08, 1.19786e-06, 
994, 93004.3, 97.8744, 132.943, -184.311, -6.23365e-06, -1.01996e-05, 1.58772e-05, 
995, 31263, 12.4154, -14.9309, 76.7635, -8.65096e-06, -4.68868e-06, -3.00157e-06, 
996, 11694.1, 195.073, 178.926, -185.291, -9.12212e-06, -7.67675e-06, 1.33104e-05, 
997, 9620.06, 37.3404, -76.4636, 148.935, -4.57692e-06, 3.21861e-06, -1.76741e-05, 
998, 59369.4, -155.084, 176.612, -183.216, 6.90752e-06, -1.26667e-05, 1.04715e-05, 
999, 12369.9, -185.429, 2.19999, -15.7268, 1.77104e-05, -9.65556e-07, 2.79638e-07, 
