ID, Mass [kg], pos_0 [m], pos_1 [m], pos_2 [m], vel_0 [m/s], vel_1 [m/s], vel_2 [m/s], 
0, 4574.8, -1.50348, 24.5615, -22.3785, -0.000485595, -0.00122131, 0.00130467, 
1, 250654, 20.662, 25.7437, 1.81293, -0.000330804, -0.000920404, 0.000223064, 
2, 115652, 46.0854, 21.6893, -35.9335, -0.00131583, -0.000632238, 0.00104712, 
3, 39114.5, 42.2026, 56.0889, 44.8746, -0.000806799, -0.00151798, -0.00095516, 
4, 346431, -41.5966, -23.224, -37.809, 0.00112367, -0.000149792, 0.00115335, 
5, 59458.5, -5.95828, 6.27689, -29.0618, 0.000247554, -0.0005433, 0.00046332, 
6, 98068.4, 35.3852, 40.9035, -9.18429, -0.00138094, -0.00103303, 0.00109496, 
7, 9557.36, 34.2417, 39.1114, -6.83633, -0.000122542, -0.000359118, 0.000341631, 
8, 97321.4, 12.7973, 52.2878, -12.5857, -0.000274516, -0.00176897, 0.000446728, 
9, 15994.7, 38.7002, 49.2093, -42.3868, -0.000556423, -0.00120056, 0.000908219, 
10, 15245.6, 27.7702, 5.52096, -8.07236, -0.000359541, -0.000241254, 0.000270686, 
11, 27545.8, 17.9518, -8.64067, 18.3719, -0.000588183, 3.02224e-05, -0.000506704, 
12, 136682, -33.0538, 15.2291, 24.483, 0.00122025, -0.00025337, -0.000629788, 
13, 54083.7, -53.9379, 29.4057, -53.6479, 0.00066459, -0.00019393, 0.0019996, 
14, 126753, -3.96835, -47.8738, -1.9777, 0.00125388, 0.00488836, 0.000334638, 
15, 253624, -49.8886, 35.384, 10.4819, 0.00103132, -0.00102433, 5.80597e-05, 
16, 72688.4, -53.2188, 43.2731, 23.6559, 0.00205155, -0.000614485, -0.000727634, 
17, 292312, 39.912, -15.4093, -11.1837, -0.00242138, 0.000722165, -0.000111152, 
18, 13506.6, 19.7285, 50.1389, -24.0674, -0.000390945, -0.00159403, 0.00076675, 
19, 17902.5, 5.60513, 48.0373, -50.1476, -0.000456255, -0.00170629, 0.00139083, 
20, 73665.3, 33.6906, -2.25685, -30.7344, -0.000968561, -0.00029837, 0.00146297, 
21, 50819.8, 18.9911, 36.0799, 9.91204, -0.00029729, -0.00140735, 7.49652e-05, 
22, 27101.9, -21.5297, 13.0726, -22.4539, -0.000205502, -0.00026361, 0.000390038, 
23, 101872, -20.9524, -31.7515, 41.664, 0.000292275, 0.000889508, -0.00164243, 
24, 1383.07, 4.27098, -11.283, -22.8098, 0.000371227, 0.000375104, 0.000699287, 
25, 102834, -27.0206, -51.3275, -49.5042, 0.000418834, 0.00132315, 0.000849095, 
26, 31906, -46.1555, -40.0636, -44.805, 0.00093095, 0.00111551, 0.00128314, 
27, 80141.7, -25.2239, -2.19182, 16.3482, 0.000949751, 0.000781093, -0.000393069, 
28, 102235, -2.19689, 4.11905, -41.413, -0.000894822, 5.61206e-05, 0.00130653, 
29, 42375.9, -3.3699, 30.8904, 19.7371, -0.00053348, -0.00256443, 0.000390157, 
30, 34960.2, -44.8582, -13.8424, -30.1791, 0.00126919, 0.00033333, 0.000291415, 
31, 339985, -18.994, 7.20228, 7.13062, -4.51552e-05, -0.000220671, 0.000415667, 
32, 46266.3, -55.2908, 51.6849, 40.7121, 0.00106978, -0.00115118, -0.000758255, 
33, 131735, -3.58785, 17.6869, -39.0316, -0.000473725, -0.00073396, 0.000683039, 
34, 17494.7, -51.3667, -2.18174, 4.68106, 0.00298064, 0.000308959, -0.000311372, 
35, 369.548, 26.308, -12.7946, -9.07025, -0.00145996, -0.00403636, -0.00129774, 
36, 21008.1, 11.0001, 37.9455, 49.2077, 6.27315e-06, -0.00121106, -0.00149555, 
37, 48130, 14.7318, 16.4782, -1.20824, 2.12457e-05, -0.000741746, 4.00407e-05, 
38, 79460.1, 39.636, -43.4605, 40.3698, -0.00190857, -0.00136084, -0.00131045, 
39, 217913, 14.1206, -30.0058, -32.8526, 0.000718829, 0.000325985, -2.19132e-05, 
40, 22286.8, 54.7394, -38.0773, 57.7366, -0.00108532, 0.000368329, -0.00115596, 
41, 254061, 19.0715, -48.375, 16.7037, -0.000449494, 0.00180506, -0.000743485, 
42, 305147, -6.98432, 41.2449, -11.4276, 0.000204374, -0.00179349, 0.000173949, 
43, 82555.2, 48.7806, -29.8172, -0.835459, -0.00176275, -0.000351462, 0.0011124, 
44, 96727.8, 42.4518, 4.3026, 36.5669, -0.00111058, -5.35862e-06, -0.0010353, 
45, 7828.74, -21.4838, 12.7773, -22.3596, 7.82436e-05, -0.00167764, 0.000564971, 
46, 43532.3, -23.1273, 12.6114, -12.9557, 0.000750214, -0.000438762, 0.000198951, 
47, 19428.6, -56.1362, 28.9337, -22.7478, 0.00165243, -0.000842659, 0.000868187, 
48, 148184, 17.9578, -34.7795, 53.8945, -0.000234893, 0.000735939, -0.00135357, 
49, 79800.2, -55.4878, -29.0955, 42.7325, 0.00156508, 0.000596684, -0.00083844, 
50, 58203.7, 33.3165, -38.5608, -38.1822, -0.00134739, 0.000506531, 0.00141173, 
51, 588.928, 8.03042, 39.7865, -15.2232, -0.000344608, -0.00152073, 0.000497141, 
52, 114708, -49.6747, -2.27871, 4.26708, 0.00134969, 0.000366604, 4.6481e-05, 
53, 145157, -31.8295, -37.1366, -0.515731, 0.000991715, 0.000775358, 7.93927e-06, 
54, 123367, 42.7919, -9.06128, -7.57363, -0.00247581, -0.000428929, -0.000167438, 
55, 82800.9, 10.6642, 39.824, -1.50367, -0.0001806, -0.00147469, 0.000305057, 
56, 1098.68, -53.3071, 1.99315, 51.2551, 0.00136345, 6.40462e-05, -0.0012187, 
57, 359959, 0.36081, 9.0953, 20.0457, -0.000397488, -0.000335295, 2.80883e-05, 
58, 77337.6, 18.9895, -21.5696, 44.7386, -0.00105301, 0.000121167, -0.00176425, 
59, 59809.6, 40.9277, -24.9949, 2.53019, -0.00179835, -3.37098e-05, -0.000551102, 
60, 62171.9, -57.3642, -14.2891, -55.982, 0.00120579, 0.000124163, 0.00155115, 
61, 36777.9, 6.76506, -38.0571, -3.23013, 0.000523201, 0.000567478, 0.000728604, 
62, 22588, 21.2759, -39.6305, 21.2612, -0.000546421, 0.00128032, -0.00118191, 
63, 117077, -39.4755, -30.7098, -53.1668, 0.000633363, 0.000696552, 0.00158804, 
64, 40703.3, 40.2588, 21.5379, 36.7754, -0.000873525, -0.0004261, -0.00125332, 
65, 99773.4, -47.5141, 54.1969, -56.0627, 0.000616242, -0.000888552, 0.000896699, 
66, 146921, 31.4387, 29.1295, -49.0295, -0.000679342, -0.000355353, 0.0017653, 
67, 46821.3, -48.345, 23.953, 12.0064, 0.00113822, 0.000360795, -2.35554e-05, 
68, 119725, 7.03101, -10.4506, 35.1511, -0.00272271, 0.000365144, -0.00253994, 
69, 2861.2, 3.68539, -1.82369, -41.9404, -0.00109439, -6.43719e-05, 0.00129625, 
70, 51061.4, 1.00837, -35.8859, -16.2342, 0.00061183, 0.00103211, 0.000425102, 
71, 225122, -13.4009, -22.5519, -48.3265, 0.000438519, 0.00126474, 0.00134928, 
72, 42407.6, 10.768, -13.163, -27.8632, 6.59224e-05, -5.90694e-05, 0.00125633, 
73, 64950.8, 8.81228, -16.3997, 49.8369, -0.000141144, 0.000451694, -0.0016582, 
74, 135169, 17.2773, 29.3645, -14.5356, -0.00043709, -0.00115086, 0.000554002, 
75, 120055, -52.6293, -54.0246, -25.5133, 0.00123181, 0.00134616, 0.000342575, 
76, 11572.7, 16.5072, -51.9372, 17.5753, 1.80774e-06, 0.00271532, -0.000750269, 
77, 4054.42, -41.748, -25.6707, -39.7446, 0.00107063, 0.00182723, 0.00264222, 
78, 34100.8, 17.1048, -1.76697, -39.3136, -0.000332914, -0.000368427, 0.00182216, 
79, 32269.3, 39.3514, 36.3442, 1.57184, -0.00233676, -0.00615549, 0.000835421, 
80, 11620.1, -54.1061, 2.49506, -47.698, 0.00148555, -0.000321464, 0.00120887, 
81, 107333, -49.6034, 47.7258, -23.6604, 0.00109751, -0.00099028, 0.000957444, 
82, 121678, -18.634, 30.1908, 45.7604, -0.00064922, -0.0008417, -0.00145499, 
83, 23461, -4.42785, 15.9224, 18.8633, 0.000515558, -0.000907096, -0.00014229, 
84, 185460, 21.7094, -24.9468, -40.1409, -0.000334677, 0.000653952, 0.00166833, 
85, 11273.2, -29.7078, 56.5979, 40.4845, 0.000551718, -0.00155735, -0.00116632, 
86, 41873.5, -32.102, 6.55402, 9.37674, 0.00169813, 0.000124162, 0.00010583, 
87, 64355.8, -16.0128, -36.825, -46.8489, 0.000307324, 0.00106528, 0.0012072, 
88, 319331, 1.95811, -8.77747, -52.2008, -8.86672e-05, -3.86661e-05, 0.00196123, 
89, 176015, 23.0813, 36.0499, -34.7892, -0.000502258, -0.00123204, 0.000950979, 
90, 89212.9, -37.5464, 47.1578, -39.9193, 0.000644698, -0.00102221, 0.000870374, 
91, 314847, -56.5609, -13.9559, -47.4839, 0.00145424, 0.000168823, 0.00105823, 
92, 11513.7, -1.83722, -22.8189, 29.2853, 0.000446213, 0.00081802, -0.00112096, 
93, 60759.4, -41.3817, -21.2319, -14.3854, 0.00193278, 0.00125775, 0.00015788, 
94, 315502, 11.9963, 28.5769, 16.4995, -0.000306197, -0.00104953, -0.000259315, 
95, 336702, -43.1788, -14.1395, 47.8232, 0.000869051, -0.00131742, -0.00130426, 
96, 63025.1, -55.2277, 32.1609, -43.891, 0.00158636, -0.000364216, 0.00121402, 
97, 93111.5, 43.9768, 39.858, -34.6813, -0.000822405, -0.000986043, 0.000786864, 
98, 82247.2, 56.286, 24.0366, -15.9933, -0.00186016, -0.000291011, 0.000240693, 
99, 58508.5, 54.2924, 13.5241, 25.8387, -0.00182617, 9.79164e-05, -0.000533676, 
100, 54623.7, 31.9848, -49.4242, -57.6702, -0.00037395, 0.000931955, 0.0013447, 
101, 212313, 18.569, 53.7486, 29.6418, -0.000195703, -0.00173743, -0.000591443, 
102, 4136.87, -18.9457, 2.39658, 32.4707, 0.000790819, 0.000256676, -0.00112945, 
103, 19859.7, -42.9529, -15.8811, 46.6736, 0.000698503, 0.00268231, -0.000582361, 
104, 257842, 40.6887, -27.1213, -46.1206, -0.00157062, 0.000539535, 0.00163219, 
105, 217454, 4.8118, -21.8583, -23.3993, 0.000355089, 0.000533832, 0.000899371, 
106, 6906.15, -40.7844, -7.29057, -2.39783, 0.00145731, 0.000388681, -0.000279729, 
107, 11849.4, 32.0298, -34.8794, 56.3783, 0.000153295, 0.000366111, -0.00181083, 
108, 63471.2, -56.5391, -51.0713, -20.2404, 0.00153026, 0.00100088, -7.28277e-06, 
109, 8740.37, -51.3605, -44.5185, -19.5359, 0.00158303, 0.000781471, -0.000214971, 
110, 10018.7, 54.4691, 44.2996, 53.9316, -0.00106823, -0.000613308, -0.00103334, 
111, 34340.8, 41.5857, -1.4945, 47.0677, -0.00102489, -0.000380046, -0.00165838, 
112, 98787, 10.9704, 22.282, 50.506, -0.000452386, -0.00139757, -0.00263324, 
113, 17167.7, 10.131, -49.6197, -46.2086, 0.000700957, 0.00097438, 0.00054446, 
114, 8770.42, 13.3147, 27.1077, 46.47, -0.000522074, -0.000952764, -0.00171255, 
115, 83301.8, -27.2353, 48.9573, -37.3139, 0.000438021, -0.0012213, 0.000938927, 
116, 15537.6, -47.6076, -55.8904, -53.5334, 0.00176062, 0.00212299, -0.000306297, 
117, 20079.8, -32.6593, 52.4264, -49.4373, 0.000413569, -0.000679365, 0.000915318, 
118, 15930, 33.9578, 19.1076, 6.69621, -0.00105093, -0.000658034, -0.000421561, 
119, 2624.96, 21.7333, -8.68792, 44.1485, -0.00073337, 0.000949885, -0.000126071, 
120, 10651.4, 30.3012, 24.425, -55.4833, -0.000559591, -0.000385284, 0.00178977, 
121, 70695.7, -54.3636, 24.8414, -20.0784, 0.00183947, -0.000621733, 0.000823466, 
122, 752.107, 14.1122, 42.3936, -7.1564, -0.000232048, -0.0016233, 0.000508143, 
123, 9040.08, -23.5763, 43.4168, -17.6153, 0.000440102, -0.00142098, 0.000576378, 
124, 23940.8, -5.15959, 46.8659, 4.80538, 5.34036e-05, -0.00142329, 0.000305582, 
125, 4863.81, 27.3608, -38.8521, 40.9728, -0.000242832, 0.000656906, -0.00133767, 
126, 44662.3, 8.43003, -51.4742, 36.4469, -0.00117862, 0.000706595, -0.00137055, 
127, 105114, -28.4041, 13.69, 21.9152, 0.000662806, -0.000239131, -0.00031519, 
128, 15227.5, 2.80933, 28.5779, -12.1694, 9.60938e-05, -0.0010787, 8.03149e-05, 
129, 18004.9, 29.8365, 26.957, 43.7734, -0.00115872, -0.00034865, -0.00159949, 
130, 102379, -31.6827, -53.5346, -12.6583, 0.000748234, 0.00160003, 0.000367054, 
131, 142022, -9.3186, -23.2706, -16.0768, 0.000464669, 0.000990385, 0.00054494, 
132, 34910.8, -44.7969, 31.5144, 19.0207, 0.000639775, -0.000779097, -0.000681845, 
133, 151649, -3.66591, -26.1079, -26.6955, 0.000989828, 0.000763229, 0.00211831, 
134, 150240, -1.70436, -20.7166, 10.5449, 0.000498499, 0.000384004, -0.000646463, 
135, 394326, 26.08, -13.2494, -9.12298, 4.70172e-07, -4.2071e-05, -0.000244006, 
136, 262651, -23.6914, 7.96748, 7.65979, 0.00211214, -0.000267624, 0.000473197, 
137, 140090, 33.4952, -21.0753, -4.25829, -0.00169577, 0.000388902, -0.000130442, 
138, 347717, -23.2074, 53.4872, 11.2986, 0.000199156, -0.00172327, 6.4308e-05, 
139, 57546, -44.0285, -38.306, 4.7914, 0.00229977, 0.000425122, 2.04012e-05, 
140, 2652.71, -2.17721, -20.8778, 37.392, 0.000385032, 0.00100173, -0.00135508, 
141, 5541.59, -16.3453, -55.2028, -11.0248, 0.000658912, 0.00181859, 0.000866139, 
142, 36408.9, -0.381118, 44.9146, 27.8161, 0.000134706, -0.00170465, -0.00107166, 
143, 14674.7, 3.04088, 18.8403, -26.9696, 0.00013867, -0.000596504, 0.000915005, 
144, 70416.7, -41.4635, -42.6666, -2.09004, 0.00118707, 0.00126048, 0.000247658, 
145, 9408.89, -44.2505, 7.83728, -29.3365, 0.00142145, -0.000203926, 0.000772941, 
146, 111697, -9.51423, -56.8961, 16.0911, 0.000759001, 0.00190021, -0.000737907, 
147, 130586, 36.0462, 51.0018, 51.021, -0.000559758, -0.00107725, -0.00127364, 
148, 165801, 47.5926, -51.7002, 2.17085, -0.000979888, 0.00178177, 0.00184499, 
149, 69021.3, -19.1787, -43.1402, -49.3295, 0.000296943, 0.00112428, 0.00130978, 
150, 52781.6, -31.2979, -36.0415, 15.7419, 0.000560913, 0.000679159, -0.00057118, 
151, 26517.7, 28.0065, 42.8274, -3.59408, 0.00024627, -0.00179206, 0.000121531, 
152, 156091, -10.9101, -56.7108, 39.8031, 0.00061836, 0.00161181, -0.00106488, 
153, 95321.6, -54.1518, 19.9826, -1.7194, 0.00204515, 0.000237413, 0.000506183, 
154, 13943.9, 7.56698, 54.1737, 40.9718, -8.62811e-05, -0.00172331, -0.000862223, 
155, 10779.6, 17.5113, 56.3975, 20.889, -0.000233854, -0.00187341, -7.60986e-05, 
156, 112584, 48.7054, 17.0904, 15.8125, -0.00122707, 9.29347e-05, -0.000732236, 
157, 323524, 40.884, -0.806746, -25.3548, -0.0020055, -0.00043442, 0.000978944, 
158, 123765, -34.998, -37.2486, 16.24, 0.00135741, 0.000938136, -0.000585024, 
159, 18012.9, -8.583, 6.46673, 28.4948, -4.29335e-05, -0.000226828, -0.000382582, 
160, 95375.1, 10.7568, -54.8041, 26.4662, 0.00135121, -0.00028571, -0.000890882, 
161, 328737, 32.6457, -23.0106, 6.26253, -0.00109605, 0.000206385, -0.000559277, 
162, 1254.65, -35.3257, -35.8152, 49.6572, 0.000633068, 0.000238239, -0.000908497, 
163, 185165, -3.61037, 6.91679, -41.6409, -0.000110712, -0.00123652, 0.00145315, 
164, 230507, 45.5662, -21.7073, 29.8012, -0.00161843, -0.000160612, -0.0018557, 
165, 339808, 0.0175511, -54.9183, 28.5182, 0.000493976, 0.00166604, -0.0006303, 
166, 253695, -45.0302, 29.78, 10.3766, 0.000513338, -0.000201452, 0.000161971, 
167, 54074, -43.0276, -20.7535, 20.6518, 0.00131211, 0.000666169, -0.000344509, 
168, 145576, -4.82452, -56.1157, -42.9614, 0.00022678, 0.00138888, 0.00092427, 
169, 65316, 45.9513, 38.6691, 39.8699, -0.00162133, -0.000433795, -0.00102315, 
170, 57883.6, 42.5228, 13.6451, 24.4033, -0.00102874, -0.000171965, -0.000746298, 
171, 31945.3, 55.1083, -54.0911, 48.4143, -0.00119827, 0.0010261, -0.000782894, 
172, 116099, 5.57548, -10.375, 34.7089, 0.000100875, 0.000589085, -0.00101162, 
173, 15398.4, 39.9749, -32.2384, -3.97029, -0.00198715, 0.000869892, 0.00142834, 
174, 203760, -24.431, 37.496, 42.3737, 0.000272169, -0.00180489, -0.00121438, 
175, 62638, 26.751, -51.7683, 45.7, 0.000107593, 0.00111456, -0.00154521, 
176, 10786.1, -0.336581, -43.7342, -48.4822, 0.000762387, 0.00177638, 0.00160177, 
177, 14248.4, 34.8227, 7.99019, -9.61172, -0.00160412, 0.000497828, 0.00131777, 
178, 449052, 37.5252, -45.2479, 39.746, -0.00047633, 0.00115714, -0.000705749, 
179, 20028, 27.9095, 52.1472, 39.4258, -0.000160773, -0.00152024, -0.00117278, 
180, 4304.79, -29.2345, -7.37407, -34.1889, 0.000898143, 0.00026761, 0.000851455, 
181, 17831.4, 51.9608, 20.5511, 24.0587, -0.00150863, -0.000541568, -0.000982866, 
182, 73613.8, 53.3886, 30.7002, -19.9232, -8.47378e-06, -0.000443255, -0.000732147, 
183, 25974.8, -25.4778, 52.3298, 19.2522, 0.000141679, -0.00159022, -0.000674, 
184, 198729, 6.03961, 16.294, 18.8676, -0.000645595, -0.000749178, -0.000349057, 
185, 135178, 0.0626483, 23.3034, -56.5218, -0.000150373, -0.000756888, 0.00182996, 
186, 8797.59, -26.3361, 23.3233, -37.2717, 0.00106064, -0.00118919, 0.00102853, 
187, 41800.3, -22.4246, -42.5244, -25.1215, 0.000643812, 0.00159149, 0.000728799, 
188, 1392.64, 45.2451, 1.06399, -48.9103, -0.00126493, -0.000249925, 0.00148848, 
189, 183757, 37.445, 44.7174, 43.3952, -0.000831166, -0.00110813, -0.00173279, 
190, 39470.2, 15.8393, 19.5562, 7.62399, -0.000237412, -0.00046778, -0.000138156, 
191, 48192.6, 13.3883, 42.2096, 8.605, -0.000116904, -0.00172657, -0.000296739, 
192, 311592, 49.3269, 19.7614, 32.4938, -0.00127282, -0.000583429, -0.000889533, 
193, 77520.2, 17.5455, 26.0897, 33.9679, -0.0030207, -0.000653599, -0.00289123, 
194, 19466.9, 5.91015, -25.8798, 42.2582, 5.63468e-05, 0.000838238, -0.00142463, 
195, 264031, -40.878, 57.1178, 21.0796, 0.00097063, -0.00183779, -0.000656233, 
196, 11653.9, 24.1538, -23.3567, 18.9307, -0.000438869, -0.00071569, -0.00164905, 
197, 26707.5, 51.0719, -42.7502, 10.36, -0.00181755, 0.00104417, -0.0010135, 
198, 202005, -3.2781, -48.8551, -1.80969, 0.000496759, 0.00268795, 7.39022e-05, 
199, 399290, 48.6057, -34.8396, -1.20581, -0.00211115, 0.00125891, 8.32326e-05, 
200, 149062, -15.8457, 0.940206, -28.5786, 0.000740927, -0.000230434, 0.000547691, 
201, 5198.9, -40.6376, 19.2035, -43.0064, 0.00100883, -0.000811912, 0.000993067, 
202, 231643, -2.38731, -6.58661, 45.5354, 1.0558e-05, 0.0006743, -0.00121634, 
203, 171035, -44.4124, 51.6608, 8.3593, 0.000547206, -0.0017766, -3.968e-05, 
204, 106721, 17.8684, 19.9894, 36.4035, -0.000875967, 0.000486295, -0.00148425, 
205, 69903.7, -21.5633, -8.87587, -16.3877, 0.000775707, 6.26917e-05, 0.000326443, 
206, 257560, 0.144036, 43.4543, 20.0143, -7.32813e-05, -0.00166973, -0.000415345, 
207, 66016, -13.1236, 45.0848, -13.7702, 0.000921714, -0.00170248, 0.000743458, 
208, 44029.6, -23.7779, -26.6486, 56.8035, 0.000653953, 0.000482586, -0.0015163, 
209, 92237.8, -56.7871, 50.6859, -31.4044, 0.000586369, 0.000215937, -0.000191798, 
210, 212320, -7.10996, 54.2978, -11.6686, 5.77504e-05, -0.00203478, 0.000508397, 
211, 1877.22, 37.4968, 2.61442, -53.8082, -0.000790248, -6.49368e-05, 0.00133052, 
212, 156056, -9.27945, 1.46674, -42.2617, 0.000503727, -0.000537535, 0.0013353, 
213, 142289, 33.8004, -54.4744, -8.33261, 0.000152456, 0.00339653, -0.000513982, 
214, 73278.2, 39.2019, -4.51707, -45.4944, -0.00121736, -0.000220901, 0.00173727, 
215, 171415, 9.42818, 40.5906, 33.0718, -7.7947e-05, -0.00143293, -0.000969343, 
216, 117497, 4.37859, -36.8395, -18.4877, 0.000120584, 0.00139196, 0.00102115, 
217, 26998, 28.4494, 25.7047, -13.7739, -0.000727078, -0.000648456, 0.000693505, 
218, 74838.3, -6.38804, 5.07538, -47.1043, -6.11565e-05, -0.000628395, 0.00258647, 
219, 11851.5, -54.7653, -7.70619, -11.6976, 0.0022281, 0.000362728, 0.000458588, 
220, 40003.2, -42.7046, -13.3238, 48.7663, -0.000530451, -0.000458793, -0.0049548, 
221, 26785.7, 12.6748, -19.5508, -30.3799, -0.000129558, 0.000282403, 0.00176268, 
222, 9865.64, 5.83841, -47.5723, 53.725, 0.00102323, -0.000670343, -0.000981448, 
223, 130561, 39.5826, -13.8387, -12.9541, -0.00165472, -0.00119346, 0.00200681, 
224, 99536.8, -39.6478, -36.1979, 2.42135, 0.00104477, 0.000496576, -4.67696e-05, 
225, 88264.4, -32.8024, -49.566, 51.3764, 0.00046575, 0.00100109, -0.000940746, 
226, 171440, 19.3248, -11.5113, -43.9584, -0.000522865, 3.93031e-05, 0.00181921, 
227, 187835, -39.1891, 12.2528, -20.1191, 0.000967578, 0.000136591, 0.000670733, 
228, 178062, -53.817, 45.4627, 1.78045, 0.00328196, -0.000772419, 0.000936906, 
229, 13321, -42.4691, -40.331, -7.63736, 0.00128167, 0.000941444, 0.00045544, 
230, 185364, 54.8873, 52.4278, -1.35021, -0.00146281, -0.00132409, -1.13348e-05, 
231, 30149.4, -47.2613, -19.1899, 45.4164, 0.00206639, 0.000835832, -0.00126214, 
232, 2569.64, -26.0536, 53.5507, 30.8703, 0.000333538, -0.00157585, -0.000576177, 
233, 173470, -41.4295, -25.7983, -36.9047, 0.000855916, 0.00238933, 9.9573e-05, 
234, 221191, -15.0659, -0.919669, 5.56741, 0.000579296, 0.000525135, 1.99251e-05, 
235, 8576.08, 16.9671, -44.8783, 54.4376, -0.000362022, 0.00091744, -0.00144729, 
236, 36258.3, 23.9619, 48.2408, 8.27636, -0.000487431, -0.0017411, -0.000134118, 
237, 361383, 55.7101, -54.7273, -51.9131, -0.000903494, 0.00078917, 0.000974755, 
238, 107110, 4.73554, 8.20401, -12.9313, 0.00016521, -0.00120846, 0.000610839, 
239, 23872.2, 50.3864, -53.5999, 11.4707, -0.00148021, 0.00145445, -0.00105237, 
240, 131388, -53.3148, 32.9405, -40.4808, 0.000833223, -0.000675996, 0.000727805, 
241, 273086, 49.8046, 17.5047, 6.64628, -0.00188569, 0.000100132, 0.000303744, 
242, 311.673, -17.8982, 35.9786, 2.01346, 0.000309163, -0.00106396, 0.000358934, 
243, 189395, 3.70141, -27.6999, -54.074, 0.00013074, 0.00124576, 0.00174662, 
244, 51786.9, 34.3312, -10.6814, 12.2403, -0.00116661, -0.000317791, -0.0008222, 
245, 105987, -53.605, 31.0279, 27.7336, 0.00153642, -0.000773214, -0.00122136, 
246, 28941.4, -27.0131, -34.3377, 6.92228, 0.00104965, 0.000748124, -0.000140198, 
247, 142213, 33.548, -53.073, -31.238, -0.000454375, 0.00174456, 0.000975319, 
248, 27427.5, 4.26869, -20.1261, 19.5584, 0.000202947, 0.000412997, -0.000993146, 
249, 76861.8, -25.2267, 14.8512, -20.394, 0.000955151, -0.000912108, 0.000134242, 
250, 104567, -3.8875, -38.4759, -32.0008, 0.000412444, 0.00144074, 0.00115421, 
251, 72328.7, 42.1186, 9.75172, 43.0204, -0.000930403, -0.000225799, -0.0015156, 
252, 413466, 54.5115, 12.5416, 39.6859, -0.00149615, -9.02504e-05, -0.00127897, 
253, 8850.87, -8.56467, 4.75976, -34.9597, 0.00051836, -0.000515893, 0.000470323, 
254, 19007.4, -52.345, 29.7131, -53.5775, -7.22128e-05, -0.000448638, 0.000934229, 
255, 21585.2, 36.1216, -51.3019, -7.76645, -0.000594799, 0.00172389, 0.000409947, 
256, 65218.8, 42.1786, 39.2892, 22.6369, -0.00157004, -0.000970806, -0.00034518, 
257, 9209.8, -32.419, -49.2084, -36.209, 0.000548063, 0.00132076, 0.000746873, 
258, 57957.9, 8.54498, -20.7992, -50.1755, -0.000307997, 0.00061987, 0.00133066, 
259, 95826.9, -33.4776, -2.52677, -31.4435, 0.00112262, -0.00014032, 0.000671577, 
260, 110397, 46.1804, -52.0127, 1.36923, -0.00170766, 0.000782335, -0.000262878, 
261, 3960.6, 46.0913, -23.0914, 27.704, -0.00399296, 0.00231378, -0.00245251, 
262, 16454.8, -32.0731, -22.2227, 32.8812, 0.00111544, 0.00133655, -0.000427498, 
263, 62015.7, 6.85031, 40.5736, 52.3207, 2.90637e-05, -0.00110474, -0.00168564, 
264, 199469, -29.7477, 4.33821, 19.2139, 0.0011458, 0.000328081, -0.000516894, 
265, 80399.2, 12.6881, -51.3447, 13.5991, 2.27971e-05, 0.00204202, -0.000211887, 
266, 83160.1, 12.1844, 21.8552, -37.0552, -0.000447161, -0.00083758, 0.00146569, 
267, 65737.3, -27.6754, 32.2087, 45.3244, 0.00139707, -0.0020277, -0.00150932, 
268, 98731.5, 39.0493, 5.17386, -57.5692, -0.000860937, -0.000246669, 0.00154191, 
269, 30861.5, -17.4707, 45.797, 30.4976, 0.000175555, -0.00145428, -0.00125705, 
270, 17018.2, 34.4838, 49.0233, -26.6485, -0.000543076, -0.00141802, 0.000884281, 
271, 134463, -21.5589, 34.9297, 9.92881, 0.000580788, -0.00102874, 5.9384e-05, 
272, 5411.62, -1.40698, -28.8958, -17.3073, 0.000474306, 0.000981694, 0.000452591, 
273, 341364, 27.0926, -46.3749, -14.4664, -0.000111458, 0.00160638, 0.000895823, 
274, 60353.7, 37.4569, -46.7825, -28.1541, -0.000929173, 0.000967042, 0.000886551, 
275, 27015.2, -4.88289, -8.08144, 31.9415, 0.000917751, 0.000658019, -0.000351298, 
276, 10274.7, -42.5941, 33.5528, 27.0377, 0.00125829, -0.000955406, -0.000526792, 
277, 312545, 33.4746, 56.3326, 31.0089, -0.000302512, -0.00181034, -0.000514726, 
278, 17464.5, -51.1743, -10.8709, 44.7897, 0.00192804, -0.000219412, -0.000323866, 
279, 109635, 36.091, -10.1858, -23.3422, -0.00212599, 0.000941763, 0.000269004, 
280, 188213, 55.5213, -2.06157, -37.3965, -0.00163921, -6.36707e-05, 0.00111023, 
281, 90047.9, -31.1313, -39.7819, -47.5363, 0.000511596, 0.00103502, 0.00108565, 
282, 71841.3, -54.5808, -53.4546, 7.63913, 0.00112775, 0.00131986, -0.000307543, 
283, 132508, 16.823, -22.8398, 1.04826, -0.000699487, 0.00224285, 0.00214292, 
284, 69313.9, -49.9543, -20.8889, -56.8477, 0.000957144, 0.000311675, 0.00150704, 
285, 9278.75, -21.4248, -18.0836, -20.5963, 0.00143136, 0.000497585, 0.000589026, 
286, 62947.7, -54.741, 32.6508, -37.1323, 0.00154158, -0.00049695, -1.65746e-05, 
287, 40011.4, -8.91685, -17.4902, 21.0536, 0.000608826, 0.000581823, -0.000822302, 
288, 185464, -46.7561, -28.9755, -49.3009, 0.00122738, 0.00062445, 0.00127198, 
289, 96563.8, -39.0188, -19.334, -14.2389, 0.00104629, 0.00081762, 0.000106502, 
290, 117067, -35.1503, -49.5961, 57.7832, 0.000650391, 0.000986431, -0.00143828, 
291, 10362.2, 33.8476, -44.7546, -7.08286, -0.000885465, 0.000818355, 0.000936896, 
292, 45679.5, 40.5187, 3.28341, 24.1767, -0.00122886, 1.01561e-06, -0.000784054, 
293, 77489.6, -58.5734, 54.2505, 55.189, 0.000820441, -0.000887199, -0.000805718, 
294, 30199.3, -25.3522, -14.7739, -16.4824, 0.00101377, 0.000626651, 0.000110861, 
295, 190165, -12.6811, 24.2179, -41.9505, 0.00187332, -0.00072719, 0.00186362, 
296, 23300.6, 16.658, 21.3098, 35.8535, 0.000818493, -7.5024e-05, -0.00107082, 
297, 94557, -7.0886, 12.0913, -38.1695, 0.000543911, -0.000727595, 0.000722202, 
298, 34229.4, 28.5345, 13.4822, -0.405046, -0.000437075, -0.000984108, 4.66586e-05, 
299, 37066.1, 49.6735, -23.5441, 12.5463, -0.00192977, 0.000199003, -0.000956228, 
300, 21989.4, -49.278, -42.902, -23.7564, 0.00180715, 0.000264418, -0.000353353, 
301, 284562, -43.0148, -47.6362, -20.4941, 0.000794779, 0.00114884, 4.06465e-05, 
302, 240593, 49.8205, -6.25697, 10.8699, -0.0019321, -3.25194e-05, -0.000428921, 
303, 276434, 22.4831, -1.00742, -30.3187, -0.000174972, -0.000621503, 0.00135862, 
304, 186666, 45.8184, -23.0475, 27.2114, -0.00177521, 0.000982453, 0.000184327, 
305, 32762.9, -34.0032, 12.652, 44.8147, 0.000967604, 0.000278184, -0.00132338, 
306, 128420, -5.51464, -36.8007, -14.6232, 0.000806912, 0.0011987, 0.000567442, 
307, 7048.91, -0.430801, 45.4057, 23.7867, 0.000183668, -0.00226527, -0.00124596, 
308, 16258.1, 34.033, -0.767561, -31.9361, -0.00165786, -0.00148529, 0.00275737, 
309, 36287.4, -11.6712, 14.3458, -49.3115, 0.000230456, -0.000790691, 0.00181318, 
310, 150927, -47.8658, -0.74176, -37.2663, 0.00141483, -0.000326536, 0.00082514, 
311, 169337, -47.5608, -50.4582, 0.146194, 0.00117451, 0.00131375, 1.66132e-05, 
312, 52510.7, 20.7227, 51.9094, 8.26818, -0.000229439, -0.00200928, -6.40777e-05, 
313, 39488.7, -31.3124, -20.9613, 33.6242, 0.000616785, 0.000629337, -0.000904601, 
314, 1162.82, -13.6998, 25.8639, -12.4081, 0.000788154, -0.000782972, 0.00017246, 
315, 318236, -10.6782, 22.6549, 44.3273, -2.4839e-05, -0.000794737, -0.00201027, 
316, 8145.56, -39.5257, -55.6623, 36.0785, 0.000440627, 0.00116452, -0.000823659, 
317, 33656.3, -18.876, -12.5324, -34.7196, 0.000464982, 0.000613829, 0.00122279, 
318, 42500.2, 49.5106, 45.9442, -2.6366, -0.00186809, -0.0012232, 0.000170319, 
319, 139696, 44.748, 56.5454, 29.6097, -0.00151416, -0.00189751, -0.000230767, 
320, 6602.03, 28.5988, 8.03828, 21.4052, -0.00102438, -0.000238934, -0.000639097, 
321, 272575, 41.245, 40.8927, 0.0463544, -0.0025362, -0.00234686, 0.000207844, 
322, 2833.52, 11.0653, -29.2825, -1.91222, 0.000415384, 0.00105207, 0.000288307, 
323, 17540.3, 33.482, -9.14242, 40.0684, -0.00233338, -0.00206907, 0.000307824, 
324, 49821.3, -26.1127, -35.3712, 11.8138, 0.000949946, 0.000969255, -0.000481769, 
325, 14999.5, 34.2114, 20.0129, 55.3076, -0.000835712, -0.000249886, -0.0015964, 
326, 78974.7, -20.0873, 21.1317, 27.5712, 0.00019104, -0.000739593, -0.000274854, 
327, 85222.3, 51.97, 4.50715, -16.3291, -0.0021079, -0.000114002, 0.000561969, 
328, 313325, -29.8338, -9.92288, 48.0061, 0.000437431, 0.000468501, -0.00137132, 
329, 244024, 36.015, 4.85291, 3.10431, -0.00138474, 2.11674e-05, -0.000554616, 
330, 234534, 53.6511, 21.2275, 18.6303, -0.00200367, -0.000637844, -0.00064545, 
331, 7717.53, -49.7074, 48.1098, 4.77124, 0.00284507, -0.0007805, 0.00119749, 
332, 465617, -33.8262, 30.3412, 29.7581, 0.000948836, -0.000552764, -0.000487627, 
333, 56130.5, 0.467777, 21.4744, 26.304, -8.90385e-05, -0.000853191, -0.00106193, 
334, 149970, -44.3402, -17.535, -24.5649, 0.00148957, 0.00056237, 0.000273965, 
335, 45033.8, 39.5817, -44.2869, 39.701, 0.00193405, 0.00244869, -0.000336334, 
336, 100849, 19.8706, 14.2053, -4.72251, -0.000450822, -0.000749874, 4.3929e-05, 
337, 82409.3, -1.79983, -39.1987, 17.0563, -0.000472632, 0.00137519, -0.000309017, 
338, 103459, 37.2899, -56.7575, -38.5698, -0.000521286, 0.00166364, 0.0012464, 
339, 26830.9, 53.3325, 26.8392, 52.1388, -0.00112296, -0.000406534, -0.00122231, 
340, 3629.87, 34.3869, -52.3825, 45.8806, -0.000744585, 0.00153974, -0.001605, 
341, 37288.8, -38.8858, 51.2961, -32.7861, 0.000646337, -0.00125525, 0.000654362, 
342, 161824, -20.6281, -35.1073, -25.4578, 0.000670861, 0.0011427, 0.000769243, 
343, 46248.3, -18.5996, -22.8944, -48.3018, 0.00125646, 0.000984166, 0.0014803, 
344, 98584.4, 36.9344, -32.7216, -0.219583, -0.000630741, 0.00188754, -0.00218879, 
345, 154839, 13.0981, -15.7486, 10.0983, -3.14649e-05, -0.000193425, -0.000716854, 
346, 12230.3, 6.39462, -42.0679, -16.5213, -3.93043e-05, 0.00179749, 0.000833506, 
347, 119353, -55.7889, 27.7302, 23.8209, 0.00230863, -9.18957e-05, -0.00147608, 
348, 231982, 47.7725, -32.4348, -13.8045, -0.00197498, 0.000462826, 0.00087052, 
349, 32928.3, -14.2149, 47.7677, -48.5268, -0.000121418, -0.00128025, 0.00136864, 
350, 17229.1, -11.5024, 12.9364, 17.9338, 0.000543819, -0.000699031, -4.50622e-06, 
351, 117897, -32.5454, 57.3258, -50.8943, 0.000363671, -0.00114528, 0.000924836, 
352, 73496.1, -45.3668, 32.2174, 46.9618, 0.00107684, -0.000934795, -0.00171492, 
353, 72975.4, -3.31433, -26.2226, -25.9925, -0.00020625, 0.00149162, -0.000969867, 
354, 15022.1, 34.3294, -45.2429, 29.9419, -0.000980467, 0.00114153, -0.000355898, 
355, 154988, -2.04073, 0.767711, 13.2338, 0.000119379, 0.00030047, -2.94055e-05, 
356, 344543, 8.34243, -41.7165, 0.3657, 0.000113931, 0.0014585, -5.87228e-05, 
357, 124801, -33.0446, -15.3215, -44.0251, 0.000937232, 0.000294806, 0.00142938, 
358, 276308, 23.6474, 35.9339, 17.5982, -0.00059763, -0.00130775, -0.000402825, 
359, 14497.8, 40.9657, 42.1758, -27.9828, -0.000756348, -0.00116307, 0.000770909, 
360, 19942.3, -55.1175, -41.3338, -19.409, 0.00158854, 0.000481779, -1.73588e-06, 
361, 101570, 26.5331, 5.21008, 35.3329, -0.00098381, -0.000134997, -0.00119283, 
362, 34958.9, 32.8441, -10.478, -49.9311, -0.00085422, -3.49712e-05, 0.00191232, 
363, 18685.6, -2.13281, 35.9876, -51.2386, 0.000214486, -0.000790718, 0.00167408, 
364, 55640.4, -46.1645, -11.9096, -32.3571, 0.00157223, -7.72861e-05, 0.00057413, 
365, 171914, -19.5519, -7.78515, -50.4599, 0.000787566, 0.000584958, 0.00199864, 
366, 24016.3, 29.0848, 29.4808, -10.5095, -0.000601787, -0.000679662, 0.000434791, 
367, 304377, 37.3331, -36.0921, 54.6249, -0.000678891, 0.000442153, -0.00155027, 
368, 40983.9, 41.1522, 33.0441, 26.1648, -0.00116957, -0.000134678, -0.000154076, 
369, 186385, -23.0119, 19.6156, 30.9722, 0.000700848, -0.000217685, -0.00107058, 
370, 74503.4, -39.8563, -11.1482, -36.0679, 0.00105065, 0.000179528, 0.00105241, 
371, 113339, -57.6871, -48.2388, 6.31027, 0.00148524, 0.000755014, -0.000152718, 
372, 313055, -28.4671, 4.66063, -43.956, 0.00122093, -0.000826022, 0.00144207, 
373, 150419, -23.8437, 30.5499, 46.7202, -0.000735438, -0.00131333, -0.00165834, 
374, 25001.6, 7.26097, 9.31597, 13.3483, -0.000617241, -0.000217534, 0.000202521, 
375, 35505.7, -25.2012, -48.2306, 19.6631, 0.000866351, 0.00124906, -0.000495684, 
376, 196428, -33.1105, 54.5109, 17.6516, 0.000641462, -0.00210878, 0.000606457, 
377, 61535.9, 50.6873, 39.7663, -42.5215, -0.00102896, -0.000653773, 0.00102538, 
378, 47427.7, 45.0059, -4.37653, 13.4636, -0.0011356, -0.000247152, -0.000898767, 
379, 357301, 10.5296, 18.7114, 47.9596, -0.000394536, -9.37166e-05, -0.00166633, 
380, 327266, 13.063, -28.9839, -31.0957, -0.000648081, 0.00162355, 0.00215922, 
381, 16941.1, 20.2785, -20.3242, 3.00949, -0.000874493, -0.000425913, -0.000765295, 
382, 15767.9, -39.5012, -6.23846, -4.01582, 0.00129012, 0.000155719, -5.69397e-05, 
383, 17859.1, -36.0524, 19.6547, -48.6753, 0.000718744, -0.000493245, 0.00123612, 
384, 250918, -43.4117, 23.4709, -16.7862, 0.000899258, -0.00145898, 0.000722159, 
385, 93097.9, -56.5749, 4.60667, -28.2831, 0.00170267, -6.39855e-05, 0.000625732, 
386, 330460, 32.2617, -3.73076, -28.7572, -0.000988966, -0.000377139, 0.00147203, 
387, 49230.4, -4.68302, 43.2705, 10.423, 0.000122012, -0.00145638, 3.07493e-06, 
388, 44238.6, 47.7983, -30.5642, 46.5507, -0.00133141, 0.000213406, -0.00121948, 
389, 3379.59, -7.40551, -28.601, 30.985, 0.000497298, 0.000750592, -0.00124342, 
390, 53842.4, 46.7172, -51.9331, -40.7802, -0.000812335, 0.00178821, 0.000942764, 
391, 66156.2, -11.2079, -40.3261, 52.3135, 0.000202334, 0.000980883, -0.00162293, 
392, 140915, 43.002, -6.65572, 45.6193, -0.00132612, 9.56519e-05, -0.00143467, 
393, 51859.5, -8.7966, 55.3718, 10.6958, 7.37856e-05, -0.00221131, -0.000282174, 
394, 27924.5, 45.6432, 15.001, -27.0335, -0.00159718, -0.000736868, 0.00120209, 
395, 25051.8, 32.3635, -3.95927, -54.0967, -0.000743525, -0.000157795, 0.0018158, 
396, 147329, -39.6816, 24.4194, -52.9771, 0.000722156, -0.00047821, 0.00136509, 
397, 103397, -18.6728, -15.0576, 25.7753, 0.000767318, 0.000684069, -0.000795328, 
398, 62905.9, -43.3318, -35.2545, -29.7108, 0.00100719, 0.000776286, 0.000467505, 
399, 24801.4, 8.77902, -52.9495, -4.35883, -0.000154111, 0.00226447, 0.00025396, 
400, 149392, 5.82297, -5.29708, -24.3189, 8.32038e-05, -0.000550106, 0.00117569, 
401, 206247, -0.541366, -47.2636, -15.2096, 0.000372682, 0.00165702, 0.00103827, 
402, 161830, 32.6561, -14.7532, 38.8396, -0.000802301, 0.000642908, -0.00127422, 
403, 248.006, -20.189, 21.0786, 27.8524, 0.00225634, 0.000236903, -0.000167371, 
404, 66605.3, -48.509, 0.0356717, -45.5364, 0.00127504, -0.000243631, 0.00141494, 
405, 74972.9, -16.6683, 27.6837, -34.0408, 0.000905601, -0.00074783, 0.000729009, 
406, 2233.68, 11.5001, -51.1071, 42.0356, -0.000430916, 0.00114378, -0.00148669, 
407, 102188, 29.8354, 5.77736, -22.3194, -0.000665646, -0.000804127, 0.000836988, 
408, 161007, 31.8564, 10.5375, 2.41459, -0.000757411, -0.000705512, -0.000523127, 
409, 624534, 50.4479, -51.3994, -24.7961, -0.00147102, 0.00119425, 0.000713786, 
410, 32604.1, -26.9562, -16.4353, -52.6083, 0.000822344, 0.000398829, 0.00189643, 
411, 13334.9, -24.8598, -35.7002, -55.9677, 0.000411237, 0.000872461, 0.00155636, 
412, 71271.7, 53.0219, 53.9536, 31.1031, -0.00155247, -0.00106789, -0.000521304, 
413, 10361.5, -44.9648, 24.5069, -34.5825, 0.00108397, -0.000621197, 0.000878104, 
414, 2953.02, -51.5473, 44.5778, 1.62206, 0.00310543, 0.00210691, 0.00251459, 
415, 2080.12, 53.0456, 56.8882, 3.50731, -0.001073, -0.00162491, -0.000342812, 
416, 52797.7, 20.9749, -31.523, 32.0787, -0.000504888, 0.000685899, -0.00163678, 
417, 13046.7, -10.3323, -38.9822, 31.1459, 0.000683016, 0.000926676, -0.00120175, 
418, 91746.3, 24.0296, -35.8295, -5.07831, -0.000261448, 0.000862332, 0.000362335, 
419, 43398.4, 24.3671, 36.8901, -4.40723, 4.63283e-06, -0.00122263, 0.0003211, 
420, 17902.4, -35.0351, -4.57482, 49.7003, 0.000709987, -3.9418e-05, -0.000749807, 
421, 62640.2, -41.6634, 9.43588, 38.6856, 0.00115661, 0.000222886, -0.00115909, 
422, 32940.7, -44.4904, 18.9678, 53.4508, 0.00107999, 7.72249e-05, -0.00146018, 
423, 84473.2, 12.2082, -36.9729, -15.8305, -6.24326e-05, 0.00128781, 0.000776149, 
424, 47057.9, 52.7666, 30.268, -19.2458, 0.000909686, -0.00131924, -0.00120077, 
425, 111829, -25.2547, 18.3836, -35.8799, 0.000876372, -0.000747988, 0.000905181, 
426, 28390.5, 24.3261, -6.8031, -31.3236, 0.00035225, 0.000435872, 0.000644758, 
427, 18002.8, -36.8354, -9.52135, 28.7045, 0.000653526, 0.000710605, -0.000721329, 
428, 25322.6, -20.732, 5.94717, 0.736489, 0.000898697, -3.30672e-05, 0.00111053, 
429, 104900, -44.3831, -38.8294, -40.8171, 0.00082422, 0.00104304, 0.000710167, 
430, 44971, -15.2569, -48.6986, 22.2593, 0.000730509, 0.00131934, -0.000780571, 
431, 222.379, -50.3894, -19.2317, -13.0929, 0.00195801, 0.000755941, 6.76141e-05, 
432, 26867.2, 43.1547, 42.0249, -18.5047, -0.00118557, -0.00107461, 0.00100706, 
433, 108046, -8.78639, 18.4501, -0.495532, 0.000351095, -0.000725615, 0.000275201, 
434, 167240, -45.2705, 38.186, -51.5717, 0.000416515, -0.00236146, 0.00104719, 
435, 13411.4, -4.09175, -16.9685, -12.8702, 0.000210005, 0.000384071, 0.000462062, 
436, 21000.1, -4.91374, 30.7319, 21.333, 0.000115735, -0.00112158, -0.00104339, 
437, 5928.82, -9.08551, -38.5377, 29.8232, 0.000399545, 0.000852457, -0.00105299, 
438, 44965.8, 22.2219, 6.47698, -4.71931, -0.000454658, -0.000335661, 9.70076e-05, 
439, 146962, 28.4365, 10.0003, -32.8091, -0.000852894, -0.000848577, 0.00136521, 
440, 120617, 17.9352, 10.6599, 39.9027, -0.000715024, 2.28486e-05, -0.00149805, 
441, 42285.3, 36.1605, -17.8545, -37.3953, -0.00156672, 0.000427178, 0.00149612, 
442, 6294.85, 27.9405, -7.22414, -25.8219, -0.000254521, 0.000342735, 0.00084642, 
443, 433741, 23.0932, -39.3197, 9.79119, -0.000433944, 0.00141147, -0.000686125, 
444, 77128.6, -37.4727, -22.0491, -3.76014, 0.00119129, 0.000516061, -0.000101851, 
445, 108881, 38.944, 38.3426, 1.28979, -0.000780843, 0.00282963, -0.00212369, 
446, 411498, -17.3498, 1.10744, -48.1292, 0.000707993, -0.000297742, 0.00236445, 
447, 58994.9, -2.31329, -16.4444, -18.8377, 0.000394313, 0.000199565, 0.000634125, 
448, 271748, 9.03782, 5.04373, 26.3233, -0.000743053, -0.000112476, -0.000956996, 
449, 263370, -57.8829, 52.7502, -33.0204, 0.00120587, -0.00135169, 0.00092259, 
450, 124623, 41.7144, -18.8655, 46.7566, -0.0011688, 0.000307025, -0.00151536, 
451, 130211, 33.5254, 32.3398, 19.8779, -0.00102688, -0.000639859, -0.000553919, 
452, 185789, -51.2391, 44.8768, 1.95832, 0.000296572, 0.000372453, 0.00135299, 
453, 56640.4, 25.0899, 42.6389, 32.1828, -0.000371288, -0.00152713, -0.000650791, 
454, 123596, -44.6729, 16.61, 25.3514, 0.00123548, -0.000185372, -0.000627564, 
455, 57130.9, 1.16805, 2.77283, -40.2214, -0.0014101, -0.000156062, 0.0010303, 
456, 27232.3, 53.9033, 23.9794, 8.04816, -0.00267548, -0.00113481, 0.0001583, 
457, 90050.9, 23.3476, 17.7723, 25.7393, -0.00135118, -0.000134856, -0.000566159, 
458, 225212, -8.59347, 26.8456, 16.5489, 0.000588522, -0.000883321, -1.01352e-05, 
459, 29403.5, 32.7252, 36.9622, -57.7203, -0.000472425, -0.000804349, 0.00146034, 
460, 97094.9, 8.68437, 8.42587, -28.4365, -0.000236648, -0.000539493, 0.00101446, 
461, 95046.6, -20.7156, -54.9949, 18.6744, 0.000797676, 0.00160591, -0.000466999, 
462, 12933.5, -56.2242, -2.7251, -55.8648, 0.00112869, -0.000188343, 0.00126578, 
463, 29567.2, -45.6827, 21.7813, 54.1964, 0.00407863, 0.00272278, -0.00196621, 
464, 22348.5, 27.851, 37.1354, 2.22031, -0.000147825, -0.00112373, -0.000146571, 
465, 11086.2, -41.4729, -30.3556, -18.3584, 0.0012218, 0.000854012, 0.000286913, 
466, 175327, 47.6127, -48.1985, -41.8906, -0.00113344, 0.000607902, 0.00118142, 
467, 46722.7, -28.7964, 49.8399, 1.45714, 0.00033179, -0.00148314, 0.000496836, 
468, 13038.1, -6.54819, 15.8711, -43.9003, 0.000344683, -0.000550855, 0.00204917, 
469, 204154, 24.2439, 15.9217, -44.9533, -0.000544862, -0.000706489, 0.00184773, 
470, 74930.8, -56.39, 27.0482, 41.0558, 0.00171728, -0.000342865, -0.00101281, 
471, 4298.72, -39.4493, -47.3133, -14.6702, 0.000683349, 0.00116601, -0.000222703, 
472, 23310.5, 11.6036, 14.6436, -36.2132, -0.000433937, -0.000561761, 0.00140314, 
473, 12171.2, 16.1585, 13.6961, -7.63113, 0.000165277, -0.000720944, 0.000566295, 
474, 243998, 35.9647, -22.7401, 29.2692, -0.000953884, 0.000533385, -0.00108002, 
475, 6337.34, -26.5028, -7.13548, 32.6086, -0.000661586, 0.00170773, -0.000378539, 
476, 53088.2, -5.79458, -56.169, -12.0043, 0.000542339, 0.00215685, 0.00080278, 
477, 93573.1, 6.78218, 25.9385, -14.4684, -4.2447e-05, -0.000746904, 0.000265373, 
478, 88242, -21.5212, 13.5543, -53.8059, 0.00084358, -0.000699434, 0.00191929, 
479, 271.992, -0.594864, 39.5565, -46.9169, 0.000757711, -0.000671965, 0.00151158, 
480, 31915.2, -38.8897, -8.21406, -33.9709, 0.00106684, -0.000273664, 0.000588801, 
481, 52316.8, -26.5439, -51.9912, -47.6228, 0.000569678, 0.00115511, 0.00137459, 
482, 122484, 20.1711, -49.7115, -25.6051, 0.00013544, 0.00170218, 0.00105125, 
483, 16077.6, 49.281, -22.3353, -44.3315, -0.0017179, 0.000175246, 0.00120979, 
484, 97358.8, -32.0465, -42.6937, 29.8489, 0.000767549, 0.000747454, -0.000616793, 
485, 88571.8, 19.5087, -9.06519, -31.8788, -9.98637e-06, 0.000332559, 0.00146647, 
486, 212658, 19.8797, -43.2929, -7.77965, 0.000216552, 0.00114196, 0.000252605, 
487, 267115, 7.08516, -13.3627, -55.7864, -0.000580669, 0.000413478, 0.00222865, 
488, 35194.9, 18.7395, 0.0900607, 3.43174, -0.000932745, -0.000167893, -0.000582164, 
489, 100509, 21.2727, -25.8181, 49.5444, -0.000549051, 0.000657607, -0.00172026, 
490, 2040.23, 48.8643, 19.1069, 30.9259, -0.0005128, 0.000697973, 0.00144599, 
491, 59981.6, -53.6593, -12.8769, -38.2921, 0.00187511, 0.00022828, 0.000648394, 
492, 224580, 56.743, 47.2535, -33.2571, -0.00121443, -0.000885199, 0.000760255, 
493, 54103, -43.5914, -41.1681, 9.7125, 0.00148583, 0.00123767, -0.000939099, 
494, 62185, -24.1794, 46.471, 37.3219, 0.000365002, -0.00183377, -0.00109504, 
495, 18672.2, -28.6987, -27.189, 15.4184, 0.00109935, 0.000484085, -0.00054782, 
496, 149746, 10.9506, -54.8845, 26.4421, -0.00137518, 0.00310347, -0.000574508, 
497, 73496.4, 40.3559, 36.0101, 54.4702, -0.000870968, -0.000494045, -0.0015366, 
498, 28000.6, -27.1796, -5.58167, 32.6056, 0.00220751, 0.00136495, -0.00196869, 
499, 57784, 30.7854, -39.6354, -33.3721, -0.000587997, 0.000727619, 0.000518426, 
500, 86854.9, -12.592, -33.4335, 10.4926, 0.000463876, 0.00140633, -4.18751e-05, 
501, 40670.7, 5.91115, -6.12331, -23.7711, 1.84307e-05, 0.00172906, -0.000490008, 
502, 204273, -0.983291, 50.6973, -39.6109, 7.49893e-05, -0.00163529, 0.000885676, 
503, 176724, 41.6134, 12.4377, -18.9379, -0.00190276, -0.00121886, 0.000863572, 
504, 34045.4, 54.4685, -30.5858, -1.44056, -0.00328832, 0.000397158, 0.000515194, 
505, 50108.7, -11.2833, -16.1413, -47.0118, 0.000239054, 9.66901e-06, 0.00171443, 
506, 2663.45, 11.2286, 10.1135, -3.99287, -0.000116218, -0.000697334, 9.31229e-05, 
507, 89392.9, 5.16493, 46.2803, -26.5731, -0.000322454, -0.0018875, 0.000701608, 
508, 94994.4, 44.7856, -36.1022, -18.4418, -0.00135037, 0.000819896, 0.00126249, 
509, 170126, -3.53648, -8.6421, 35.6611, 0.000583723, 0.00062621, -0.00123036, 
510, 68174.3, 3.54842, 40.2085, -43.6299, -0.00104872, 0.000830588, 0.00102078, 
511, 17846.6, 26.3106, 27.0669, 41.9166, -0.00106993, -0.000417843, -0.00164618, 
512, 74231.4, -37.0348, -15.9144, 26.1849, 0.00100117, 0.000826881, -0.000385875, 
513, 106292, -41.4548, 7.25428, 20.4534, 0.00117459, 0.00020236, -0.000252519, 
514, 19665.2, -33.9011, 53.0544, 19.5132, 0.00100264, -0.000288474, -0.00171319, 
515, 91152.1, -55.3234, 29.3528, -52.6214, 0.0017805, -0.000241115, 0.000644326, 
516, 304272, 4.70378, -53.1728, 36.2777, 9.88421e-05, 0.00136562, -0.00141534, 
517, 4240.33, -13.4221, 35.9107, -38.6516, 0.000380599, -0.0016069, 0.00193261, 
518, 42069.7, -29.0577, -44.8789, 57.8046, 0.000243961, 0.000654565, -0.00144717, 
519, 45549.7, 34.2868, 49.5689, 13.8849, -0.000683261, -0.0017614, -0.000205321, 
520, 169628, -10.2675, -19.0436, -52.3488, -2.45844e-06, 0.000503868, 0.00219159, 
521, 49875.1, 7.99647, 55.6831, 25.736, -1.00849e-05, -0.00190683, -0.000441794, 
522, 27354.4, 1.53719, -20.2942, 32.3024, 0.000224957, 0.00095856, -0.00117203, 
523, 146406, 12.6262, -18.7633, -25.4019, -0.000311614, 0.0003042, 0.00093389, 
524, 86248, 49.4199, 48.7722, -56.496, -0.000471956, -0.000874393, 0.00123317, 
525, 14072.6, 55.8059, -15.7663, -20.0724, -0.00213087, 0.000105991, 0.000765211, 
526, 79558.8, -39.8232, -40.1131, -54.2128, 0.000661937, 0.000989396, 0.00136829, 
527, 127695, -49.0033, -6.07952, 30.7217, 0.00170747, 0.000468156, -0.000610946, 
528, 200627, 25.3113, -0.850178, 46.8262, -0.000720839, -4.96708e-05, -0.00173811, 
529, 138.237, 34.5751, -49.19, -33.7026, -0.000304727, 0.00173825, 0.00128257, 
530, 146868, -48.4919, 14.6097, 38.3274, 0.00150496, -7.50168e-05, -0.0010756, 
531, 411061, -6.62148, -36.1033, 17.0058, 0.00103191, 0.00054814, -0.000747207, 
532, 23384.9, -23.424, 7.40485, -2.59466, 0.00109821, -0.00034024, 0.000754397, 
533, 41377.8, 12.4465, -10.7496, 37.1278, -0.00126631, 0.000502165, -0.00165641, 
534, 81775.5, -7.1817, 29.696, 53.4967, -4.24225e-05, -0.00096027, -0.00197253, 
535, 47331.1, 25.8009, 1.50161, 25.331, -0.000983638, -8.79884e-05, -0.000706684, 
536, 174010, 35.5089, 42.5901, 39.403, -0.000556677, -0.000704305, -0.000716332, 
537, 3693.11, -30.5208, 49.9997, 33.2081, 0.000722625, -0.0016507, -0.000918297, 
538, 25511.9, 35.8888, 56.143, -56.6085, -0.000314379, -0.000930984, 0.000902507, 
539, 21645.7, 35.2716, 51.5558, 33.9954, -0.000535512, -0.00104699, -0.00119207, 
540, 11272.6, -11.3454, 19.1662, -52.0773, 0.000192888, -0.000967465, 0.00205669, 
541, 112971, -20.5986, 3.62768, 51.8935, 0.00147532, -0.00023766, -0.000483455, 
542, 175930, -46.4815, -21.4379, 41.3247, 0.00127581, 0.000887362, -0.000507881, 
543, 275998, -16.356, -30.5343, 9.95533, 0.00123619, 0.000547252, -0.000300387, 
544, 262174, -42.479, -54.1106, 40.8048, 0.0010724, 0.000991866, -0.000825746, 
545, 102528, 12.035, -50.3946, -47.6704, -0.000348095, 0.00118944, 0.00105483, 
546, 711.843, 13.2543, -55.8603, -54.2599, -0.000243591, 0.00135755, 0.00136714, 
547, 20758.5, 17.879, 35.5257, -18.653, -0.000392432, -0.00154504, 0.000909468, 
548, 100717, 48.5721, 56.9435, -57.4825, -0.000523445, -0.000975507, 0.000822736, 
549, 46222, -45.9264, 31.0941, 43.9043, 0.00129679, -0.000294047, -0.00102545, 
550, 185842, 41.1158, 49.8778, 28.3437, -0.00116789, -0.00100725, -0.000161713, 
551, 47558, 39.664, 10.9002, -19.0171, -0.00051366, -0.000288769, 0.00146771, 
552, 48310.4, -2.90278, 21.9276, -27.5904, 5.95756e-05, -0.000857268, 0.000948723, 
553, 56207.7, -15.5563, 29.3212, 16.265, 0.000894736, -0.000886736, -0.000211409, 
554, 35393.7, 14.807, 41.855, 5.98316, -0.000403053, -0.00162046, 0.000369237, 
555, 91861, -26.7678, 56.5712, 34.274, 0.000378109, -0.00174958, -0.00088925, 
556, 92377.8, -14.9842, 12.8806, -54.2447, 0.000264544, -0.000652764, 0.00216899, 
557, 49631.4, 13.845, -20.4453, -48.9459, -0.000611151, 0.000588304, 0.00171798, 
558, 68569.6, 53.8655, 44.7907, -37.3836, -0.000770644, -0.000676623, 0.00120357, 
559, 33525.9, 7.77452, 30.9086, -41.3354, -0.000369196, -0.000920619, 0.0013341, 
560, 244521, 20.8468, -19.4862, -5.65958, 0.000149967, 0.00055196, 0.000303008, 
561, 295034, 7.18541, -49.6395, 54.2966, -8.58782e-05, 0.00105704, -0.0013833, 
562, 219316, -37.0201, -41.6167, 52.6363, 0.000815788, 0.000492921, -0.00108827, 
563, 77040.7, 2.70531, -40.7037, 17.4669, -0.000374038, 0.00153828, -0.000813129, 
564, 163638, -46.3016, -13.6477, -13.274, 0.00169649, 0.000308966, 6.3261e-05, 
565, 118307, -42.2185, -12.8297, 35.5713, 0.00115947, 0.00053631, -0.000592975, 
566, 1705.27, -48.6776, -16.7562, -9.20556, 0.00188611, 0.000715005, -0.000334732, 
567, 189384, -31.204, 41.8509, -16.5921, 0.000684282, -0.00121842, 0.000590655, 
568, 188838, 3.21871, 3.42349, -11.9237, 0.00030754, 0.00020171, 0.000761443, 
569, 56727.9, 0.43932, -31.1343, 20.3888, 0.000135041, 0.000470065, -0.00130758, 
570, 54937.1, -26.5352, -56.659, 41.1158, 0.00023062, 0.00142503, -0.000219535, 
571, 127999, -3.80779, 29.4538, 20.4962, 8.94593e-05, -0.00106477, -0.00107431, 
572, 32861.9, -51.1236, -45.6565, 21.715, 0.00128447, 0.000883594, -0.000412036, 
573, 14083.2, -14.6831, -29.1867, 55.5311, 0.00340563, -0.0011563, -0.0023698, 
574, 86420.1, 25.5385, -37.0505, -15.1455, -0.000425934, 0.000743429, 0.00104419, 
575, 35979.5, -14.8963, -10.6546, -26.2004, 0.00047848, 0.000311955, 0.000679857, 
576, 41594.4, -21.2592, -31.5022, 40.9194, 0.00128631, 0.000247071, 0.000628809, 
577, 207335, 40.4136, 46.7668, -9.00874, -0.00129084, -0.0019281, 0.000875081, 
578, 18203.9, -38.7847, -8.62909, -10.5164, 0.00137801, 7.75383e-05, -0.000108812, 
579, 57504.5, -21.245, -47.5095, -43.1246, 0.000326365, 0.00126636, 0.000764333, 
580, 103949, 51.2161, 46.0453, -53.5929, -0.00096204, -0.000490439, 0.000732395, 
581, 162763, -28.0136, -6.20739, 33.2342, 0.000534718, 0.000193047, -0.00070778, 
582, 76718.4, 56.7962, 49.1754, -29.3407, -0.00112874, -0.0014101, -0.000240438, 
583, 211777, -0.775798, 23.3995, 14.9286, -8.1795e-05, -0.000826371, 0.00018069, 
584, 50767.8, 23.9561, -6.80759, -30.749, -0.00106154, 0.00046019, 0.00200708, 
585, 81826.5, 20.2075, -45.921, -8.73333, 0.000228993, 0.00308868, 0.00066776, 
586, 47800.8, -15.2874, 32.654, 13.2434, 0.000432731, -0.00125788, 0.000156679, 
587, 19520.1, 32.2702, 7.07545, 8.97411, -0.000831209, -0.000243462, -0.00110347, 
588, 25365.3, 26.7291, 17.6655, 37.7494, -0.00126017, -0.000179109, -0.00136393, 
589, 47558.2, -47.2145, 46.2153, 16.2817, 0.000842279, -0.00117752, -4.56427e-05, 
590, 82129.5, -11.0818, 21.7053, 42.6771, 0.000714766, 0.00067191, 0.000555677, 
591, 51225.8, 42.0482, -41.3516, 1.74169, -0.00165901, 0.00164702, -0.000795113, 
592, 29001.5, -27.379, 49.4232, 1.58306, 0.000837433, -0.00163253, 0.000544063, 
593, 261614, -47.1805, 18.4567, -16.8707, 0.0018369, 0.000130342, 0.000742427, 
594, 45178.7, 12.1725, -21.1373, -15.5011, -0.000305999, 9.51609e-05, 0.000461684, 
595, 125348, 18.9051, -7.61458, 24.8053, -0.000812626, 0.000251295, -0.000865915, 
596, 38516.4, -2.86559, -8.70831, -49.1673, 0.000703073, 0.000490617, 0.00157021, 
597, 17559.6, -26.0853, 38.9086, 31.7016, -0.000375703, -0.0017269, -0.00186053, 
598, 83893.4, -11.528, -17.0708, -44.0146, 0.000175197, 0.000538416, 0.000824892, 
599, 41375.3, -9.51102, 23.9838, -40.5549, -0.00103265, -0.00094, 0.000107013, 
600, 133958, -21.6729, 8.51969, 10.5715, 0.000837701, -0.000647031, -0.00149779, 
601, 15762.2, 43.0025, 14.1419, -24.0652, -0.00144183, -0.000956343, 0.0014142, 
602, 46477.7, 46.6574, -45.6642, -7.47086, -0.00225848, 0.000819405, 0.000804667, 
603, 41415, -0.117097, 3.23288, -33.9022, -0.000322221, -0.00030478, 0.000584486, 
604, 51774.1, 34.57, 55.163, 53.5964, -0.000282372, -0.00155838, -0.00141699, 
605, 27934.7, -7.43992, 30.7493, -5.06863, 0.000279465, -0.000863584, -3.36129e-05, 
606, 13623.9, -49.3398, 53.0915, -10.6719, 0.00096529, -0.00152945, 0.000468885, 
607, 22093.2, 43.4068, -28.1641, -6.17866, -0.0017401, 0.000188716, 0.000779274, 
608, 1221.93, -3.28162, 42.4971, 18.831, 0.00110517, -0.00133724, -0.000117473, 
609, 22814.7, -14.7467, -18.6586, -55.7863, 0.000824133, 0.000360957, 0.00242332, 
610, 140093, -9.60315, 48.2042, -5.4565, 0.000361295, -0.00176318, -4.87543e-05, 
611, 858.566, 0.290567, -32.0105, -45.9462, 0.000197585, 0.00118071, 0.00133567, 
612, 205886, 34.0987, -22.8361, 12.3674, -0.00152801, 0.000187907, -0.00151303, 
613, 48933.4, 41.2354, -15.9526, -11.4476, -0.00158847, 0.000301885, -0.000186609, 
614, 128293, 12.4023, -19.9939, 55.934, -0.000241316, 0.000433847, -0.00188349, 
615, 119489, 54.9687, 9.17097, -27.6504, -0.00183475, -0.000376554, 0.00088345, 
616, 174868, -3.83893, -49.0192, -1.97436, -0.000297471, -0.00203198, 4.30575e-05, 
617, 31960, -54.971, 37.1134, -51.6483, 0.00125921, -0.000878661, 0.00100882, 
618, 179939, -16.0032, 0.416824, -43.8045, 0.000689735, 0.000139413, 0.000302902, 
619, 45139.7, 33.1273, -13.4866, -28.8233, -0.000786344, 0.000880644, 0.0011521, 
620, 104283, 30.203, -53.3186, 43.6577, -0.000482593, 0.00167214, -0.00113465, 
621, 33723.2, 56.6285, 31.1781, 30.5909, -0.00166164, -0.000795191, -0.000696028, 
622, 4520.86, 25.0249, -24.6597, 18.2824, -0.000999868, -0.00116414, -0.0016195, 
623, 95461.3, 37.0958, 8.70407, -15.9812, -0.00117683, -0.00029273, 0.000588485, 
624, 13987.9, -15.0477, 29.1938, 38.4338, 4.39705e-05, -0.00103832, -0.000801358, 
625, 125361, -7.73217, 22.9154, -19.2303, -0.000274855, -0.000167222, 0.00079588, 
626, 7811.26, -35.5634, 4.71154, -4.03545, 0.00128281, -2.28122e-05, 0.000154817, 
627, 58897.5, 41.5483, 34.1158, 27.61, -0.00147224, -0.000877586, -0.00117863, 
628, 191.82, -28.3777, 37.7675, 4.7476, 0.000933124, -0.000976021, -0.00101475, 
629, 4920.59, 7.43324, -0.962466, 11.6413, -0.000334999, 9.23372e-05, -0.000267839, 
630, 85414.8, -56.3241, 35.6746, -12.2223, 0.00161229, -0.000735338, 0.000606573, 
631, 80505.3, -52.1413, -44.2402, -27.5199, 0.0019963, 0.000754384, 0.000690787, 
632, 79937.6, -20.5553, 41.1516, -26.5549, 0.000636143, -0.0013373, 0.000729533, 
633, 92742.4, -47.5867, 35.8664, 38.6662, 0.00210285, -0.0031409, -0.000836963, 
634, 295994, -3.64752, -3.8632, 50.4644, 0.000192655, 9.79035e-05, -0.00227418, 
635, 106846, 29.8444, -21.1708, -1.28723, -0.000495747, 0.00037212, -0.00041088, 
636, 29803.2, 19.6971, 10.7201, 9.11274, -0.000624169, -0.000317999, -0.00046487, 
637, 184220, -14.5864, -29.2431, 55.5054, 6.38107e-05, 0.000640033, -0.00145663, 
638, 253237, 25.1067, -27.2627, 17.4303, -0.000993889, 0.000644348, -0.00138337, 
639, 33644.8, -42.8742, 48.2839, -11.2894, 0.000645939, -0.00136908, 0.000432693, 
640, 282909, -5.6549, 36.2091, -13.9766, -4.56701e-05, -0.00071352, 0.000776461, 
641, 215012, 34.327, 9.12758, -7.10477, -0.000400069, -0.000397452, 0.000403469, 
642, 268643, 31.3854, 40.1688, -12.2709, 0.00014016, -0.00198065, 0.00139017, 
643, 86480.7, -4.78819, -55.7537, 5.04792, 0.000282779, 0.00223796, -0.00033515, 
644, 6006.51, 40.1646, -58.0314, -46.3497, -0.000481575, 0.00132585, 0.00127874, 
645, 7505.04, 8.21728, 38.1261, -3.36737, 0.000206818, -0.00109141, 0.000552994, 
646, 652.682, 52.129, -40.7877, 27.7568, -0.00155289, 0.000853337, -0.000560989, 
647, 29934.9, 8.71487, -18.8848, 0.994388, -5.92078e-05, -4.09852e-05, 7.1734e-05, 
648, 115245, -4.09112, -0.865177, -42.5804, -0.00029268, 0.000371487, 0.00154766, 
649, 117817, -4.85036, 19.7356, -41.778, -0.000178008, -0.00121029, 0.00195401, 
650, 41871.4, -53.1055, 50.489, 20.1498, 0.00180568, -0.00181893, -0.000332398, 
651, 95471.2, -25.1134, -16.8008, -40.1631, 0.000736513, 0.000667456, 0.00102617, 
652, 20838.4, 12.7076, -8.10817, -54.5417, -0.000902259, -0.00034029, 0.00195477, 
653, 389678, 31.0317, -43.3516, 1.56517, -0.000469467, 0.00133882, -0.000692894, 
654, 24514.2, 36.5829, 19.9933, -38.3801, -0.000904636, -0.000684483, 0.00121268, 
655, 1907.91, 50.0545, -50.4814, -53.3734, -0.000351699, 0.000411174, 0.00139285, 
656, 28867.5, 3.96502, -30.6788, -36.7511, 0.000416869, 0.00116221, 0.00155518, 
657, 234250, 30.9972, -11.7001, -9.33892, -0.0018668, -0.000725089, -0.000143094, 
658, 68598.8, -22.8311, 31.6926, 46.4523, 0.00116034, -0.000301045, -0.00220119, 
659, 162359, -32.589, 20.6538, 48.688, 0.0012904, -0.000864457, -0.000745969, 
660, 112015, -53.357, -52.7111, 55.6353, 0.000884574, 0.000733076, -0.000821719, 
661, 10159.5, 7.77529, -34.3047, -9.04228, 0.00026075, 0.000958424, 0.000417756, 
662, 8948.89, -51.4331, -17.2176, 3.66924, 0.00159648, 0.000297861, -6.86767e-06, 
663, 73618.5, 28.8703, -53.6931, 5.44647, -0.00043611, 0.0023871, -0.000578645, 
664, 464083, 33.5985, -23.9147, -40.2331, -0.000862299, 0.00055324, 0.00135625, 
665, 80115.7, 4.52533, 45.091, -21.736, -0.000213236, -0.00151718, 0.000375458, 
666, 301840, -13.4431, 34.404, -33.6078, 0.000367941, -0.00137918, 0.00091944, 
667, 22185.9, -32.4056, -38.9679, 23.9204, 0.000918946, 0.000755204, -0.000640066, 
668, 161425, -47.427, 47.4061, -19.2578, 0.000753203, -0.00111485, 0.000253855, 
669, 167282, -53.3065, 11.1792, 24.0906, 0.00197899, -0.000117338, -0.000436199, 
670, 150547, -41.0383, 19.2955, -17.5253, 0.000215867, -0.000153107, 0.00063465, 
671, 520170, 17.8598, -27.0071, 11.5591, -3.06658e-05, 0.000598645, -0.000734223, 
672, 80936.2, -28.1498, -0.507178, -42.7961, 0.00235464, 0.00246241, 0.000821047, 
673, 76952, -54.138, -39.8127, 47.8509, 0.0011461, 0.000681395, -0.000823497, 
674, 1070.6, -24.6928, 33.3698, -57.1494, 0.000428956, -0.000850697, 0.00150245, 
675, 239824, 14.5246, -30.7964, 25.5432, -0.000107598, 0.000693097, -0.00151187, 
676, 29885.3, 53.2409, -46.412, -6.22786, -0.0023963, 0.00109053, 0.000320896, 
677, 113963, -11.7625, 24.1735, -41.5424, -0.00148725, -0.00163073, 0.00100331, 
678, 179000, 16.7663, -22.9985, 1.09667, 0.000787949, -0.000620157, -0.00169612, 
679, 12884.3, 10.5464, 54.6577, 2.72077, -0.000216502, -0.0019192, 0.00010702, 
680, 22952.2, 14.0353, -2.6091, 23.363, -0.000561651, 0.000142219, -0.000394915, 
681, 152536, -29.0299, -3.84214, -10.9189, 0.00111051, -3.82799e-05, 1.72724e-05, 
682, 69637.5, -10.2922, 39.2796, 13.1829, 0.000303973, -0.0014229, -6.07735e-05, 
683, 16790.7, 36.1741, 50.6973, 54.2146, -0.000643619, -0.00072744, -0.00227128, 
684, 32851.8, -12.3096, 34.3819, -12.8281, 0.00108301, -0.00089188, 0.000360445, 
685, 35243.5, -52.2219, 36.5564, 30.1921, 0.00158277, -0.00111564, -0.000885274, 
686, 301902, -39.703, -57.2929, 30.9954, 0.00086405, 0.00132096, -0.000208357, 
687, 19790.2, -35.726, 24.483, 50.0642, 0.00131503, -0.000860995, -0.00174813, 
688, 138678, -6.91582, -3.20658, -31.5957, 0.000232431, 0.000237551, 0.00060484, 
689, 102858, 41.5337, 54.1112, 31.2971, -0.000936104, -0.00155743, -0.00112218, 
690, 27447.3, -39.8267, -22.8639, 2.33622, 0.00130431, 0.000422949, -0.000311597, 
691, 397116, -51.1226, 47.5135, 3.52279, 0.000920125, -0.00234479, -0.000188908, 
692, 57952.1, -30.7522, -56.1533, 44.3267, 0.00108602, 0.00136019, -0.000723592, 
693, 103154, -24.2462, 12.4926, -23.2775, 0.000926184, -0.00022747, 0.000928691, 
694, 170498, 42.2838, 57.4648, -17.5228, -0.000675897, -0.00165466, 0.000649448, 
695, 86009.9, -10.2232, -40.0944, 47.4725, 0.000146511, 0.00089648, -0.000948091, 
696, 39445.8, 40.0801, -16.8862, -13.8992, -0.00196256, 0.00158511, 0.00235441, 
697, 13672.6, -52.0026, 43.7252, 14.8416, 0.00171523, -0.00121536, -0.000438049, 
698, 46579.1, 42.1592, -50.1523, -33.2805, -0.00103897, 0.00124622, 0.00110169, 
699, 76944, -13.7061, -18.7462, -39.0944, 0.000521352, 0.000879101, 0.00071047, 
700, 7507.47, -28.6199, -14.6082, 40.1037, 0.000535521, 0.000834992, -0.00088917, 
701, 193970, 26.819, 36.6873, 36.6971, -0.00074225, -0.000989658, -0.00115006, 
702, 186165, 47.3736, -51.0585, 0.503878, -0.00168493, 0.00316694, -0.00277544, 
703, 5760.46, 54.2835, 57.4906, -13.0018, -0.00128479, -0.0014169, 0.000367101, 
704, 120567, -33.251, -47.6978, 35.8463, 0.000648984, 0.000868968, -0.000733973, 
705, 418.246, 14.1853, -53.0021, -20.9529, 0.000226091, 0.00197602, 0.000793734, 
706, 113573, 10.7886, -33.6479, 20.2161, 0.000267021, 0.00112753, -0.000922146, 
707, 108654, -51.8081, -6.37582, -9.41272, 0.00170934, 0.000101446, 4.49748e-05, 
708, 109012, -54.9912, 10.6851, -20.1243, 0.00182711, 4.9113e-05, 0.000505511, 
709, 68615.7, 47.4754, 48.9816, 17.6992, -0.00140078, -0.00130227, -0.000161156, 
710, 66045.3, 31.7392, 39.3394, -11.9462, -0.00143675, 0.00165167, 0.000374287, 
711, 10361.7, -33.4893, -12.4629, -26.1131, 0.00115496, 0.000409969, 0.00101954, 
712, 32783.7, 17.6742, 26.0382, 34.2225, -0.000985404, -0.00189379, -0.00043199, 
713, 83687, -18.4946, -39.3414, 50.2869, 0.000549591, 0.000855952, -0.00119913, 
714, 20306.2, 55.4357, -50.8061, -13.949, -0.00198366, 0.00116581, 0.000228195, 
715, 75426.1, 10.1372, -51.9097, -51.1799, 0.000144471, 0.00135472, 0.00164863, 
716, 26267.3, 27.2367, 6.32915, 50.6109, -0.000857545, -0.000337246, -0.00186527, 
717, 207288, 3.72861, -20.0846, 1.61535, 0.000411499, 0.00050376, -4.54315e-05, 
718, 168483, 37.3948, 35.6153, -0.849646, -1.70303e-05, 0.00049181, 0.00168744, 
719, 38875.3, -35.7288, -3.91289, 51.1132, 0.000725729, -0.000294848, -0.00163125, 
720, 34272.9, 21.342, 18.4865, 26.1775, -7.3958e-05, -0.000482596, -0.000683838, 
721, 35847.3, -36.6704, -11.1875, -23.9385, 0.00145306, 0.000122241, 0.000680401, 
722, 88926.6, 53.5898, -16.2019, 21.6711, -0.00193795, 7.98605e-05, -0.000673931, 
723, 114684, 0.689678, -51.8397, -9.64789, -4.81713e-05, 0.00222898, 0.000656033, 
724, 282774, 35.2251, -47.9957, -17.9358, -0.000932157, 0.00142801, 0.00104694, 
725, 57765.3, -37.0588, 56.1821, 6.46012, 0.000495593, -0.00186915, 0.000424925, 
726, 44420.3, -13.1027, 50.906, 14.2832, 6.40662e-05, -0.0016939, -0.000344344, 
727, 160634, -0.237645, -3.84035, 25.366, 5.94331e-05, 0.000762316, -0.000649099, 
728, 120326, 14.76, -2.11387, 30.0205, -0.000773814, 0.000113494, -0.00124231, 
729, 88961, -47.1146, 35.4162, 10.4962, 0.00219005, -0.00114101, 3.88422e-05, 
730, 52263.2, 4.7088, 14.8455, -53.5016, -0.00045263, -0.000512588, 0.0018908, 
731, 144439, 45.4216, 32.4335, -50.6176, -0.000959302, -0.000517016, 0.00126779, 
732, 165405, 33.1763, -9.7574, 40.3317, -0.000833473, -0.000118582, -0.00161784, 
733, 287688, 26.4208, -10.698, -15.6582, -0.000518027, -0.000146334, 0.00152392, 
734, 26693.7, -11.7321, -57.7254, 40.062, -0.000794869, 2.35953e-05, -0.000543832, 
735, 166477, -47.8147, 36.6739, 38.6237, 0.000944514, 0.000196464, -0.00121018, 
736, 8402.84, 6.40134, 44.9364, 36.5718, 0.000198998, -0.00172915, -0.00132474, 
737, 67311.3, 34.0021, -54.1066, -8.56673, -0.00122531, 0.00113866, 0.00211852, 
738, 444000, 41.5745, -49.3223, -5.42952, -0.00121185, 0.00164343, 0.0004285, 
739, 19722.6, -21.539, -33.0915, -6.387, 0.000832803, 0.000785198, 0.000279752, 
740, 10695.5, 13.1709, 40.0858, -42.7852, -0.000587417, -0.00118281, 0.00119205, 
741, 95951.2, 30.9654, 32.4769, -45.7386, -0.000201046, -0.00178424, 0.000564549, 
742, 10709.1, -6.04469, -36.1157, 16.7374, 0.00547695, -0.00173515, -0.00168206, 
743, 185386, -10.7378, -2.07192, -15.1598, 0.000570969, -0.000181377, 0.000428914, 
744, 13632, -53.8518, -3.87466, -37.1671, 0.00197365, -0.000192784, 0.000685652, 
745, 56427.5, -7.62947, 23.3648, -16.7691, 0.00015245, -0.00078508, -0.000781249, 
746, 28292.1, 16.6855, -37.0724, -31.8325, -0.000279601, 0.001866, 0.00118619, 
747, 69123.5, 20.1944, -20.9938, 45.4144, 0.000338366, 0.000714621, -0.000969067, 
748, 53176.2, 49.1985, -0.374228, 34.1871, -0.00154694, 0.000201953, -0.000860958, 
749, 80710.5, 30.2142, 33.5713, -45.0112, -0.000998591, -0.000465258, 0.00160181, 
750, 100923, -31.3129, -25.6677, -49.1811, 0.000813053, 0.000885884, 0.00144181, 
751, 12473.1, -46.3344, 0.659198, -25.177, 0.00148407, -2.69497e-05, 0.000433603, 
752, 22879, -38.1716, -18.0664, -14.175, 0.000478039, -0.000625556, -0.000159242, 
753, 102585, -42.3344, -39.4921, 5.86359, 0.000995146, 0.00126703, -0.0005132, 
754, 130514, 43.319, 44.7085, 40.5173, -0.00162672, -0.000977864, -0.000948702, 
755, 46188.4, -47.6678, 57.2283, -26.8345, 0.000611854, -0.00143773, 0.000518289, 
756, 68066, -27.5843, 30.7224, 43.7161, 0.000947584, -0.00037008, -0.000174476, 
757, 69332, -39.1335, -3.08571, 53.5345, 0.00122391, -0.000264909, -0.00168833, 
758, 32392.9, 44.2485, -41.7814, -45.6519, -0.000971979, 0.000569239, 0.0014505, 
759, 146585, -53.8929, -18.5378, -32.4859, 0.00183757, 0.000522343, 0.000375425, 
760, 33437.4, 56.7635, -25.9924, -56.8408, -0.00109386, 0.000238529, 0.00113023, 
761, 28658.3, -45.2017, 24.3553, 37.402, 0.00132781, -0.000266989, -0.000972655, 
762, 544562, -8.5293, -14.1928, -3.2735, 0.000591555, 0.000272195, 4.25352e-05, 
763, 21509.8, -32.2627, -35.747, -16.3142, 0.000945096, 0.000923942, 0.000449284, 
764, 460005, 39.0499, 36.9252, 1.53257, -0.00115416, -0.00103474, -0.000840846, 
765, 71580.5, -52.834, 44.0087, 49.6627, 0.000996494, -0.000953656, -0.000906883, 
766, 12519.3, 40.2402, 38.8636, -41.0025, -0.000657137, -0.00116365, 0.00106636, 
767, 106403, -49.4155, -9.47351, -38.3121, 0.00138153, -6.38957e-05, 0.000955516, 
768, 124931, 37.0701, 42.7328, 27.2658, -0.000801926, -0.000960167, -0.000485798, 
769, 59525, 37.3083, 38.6668, 17.6022, -0.00108543, -0.00122771, -0.000284595, 
770, 1484.23, -46.2816, 54.1349, 36.1616, 0.000852765, -0.00142116, -0.000902092, 
771, 105869, 47.2111, -52.4892, 1.24462, -0.00318558, 0.000488476, -0.00150974, 
772, 187879, 3.09217, 5.6583, -7.41226, 0.000269216, -0.000592193, -0.000414645, 
773, 207092, 29.6418, -41.1054, -38.1514, -0.000136335, 0.0012062, 0.00156515, 
774, 120651, 7.30734, -10.3237, 35.4549, 0.00174228, 0.000694526, -0.000148948, 
775, 147856, -49.6412, -31.1462, 37.9777, 0.00118981, 0.000871917, -0.000498946, 
776, 5010.25, 28.6318, -52.0434, 55.2948, -0.000321396, 0.00105516, -0.00143697, 
777, 9534.88, -24.5851, -20.8821, -46.1664, 0.000699298, 0.00073604, 0.00133078, 
778, 849.465, 45.2621, -7.84157, -47.4418, -0.00142837, -2.69362e-06, 0.00158994, 
779, 802013, -6.03099, 7.07445, 25.7553, 0.000689017, -5.29518e-05, -0.00108403, 
780, 163351, -33.3764, -11.0487, -18.1673, 0.00129007, 0.000197913, 0.000132267, 
781, 51450.7, 42.2052, 32.9901, 38.2488, -0.00119535, -0.000360699, -0.00111155, 
782, 182227, -16.7781, -55.6008, -0.602205, 0.000688582, 0.00299336, 6.11411e-05, 
783, 271502, 49.1601, 21.9556, 9.45517, -0.00143785, -0.00119368, -0.000383658, 
784, 136160, -50.6517, 5.90191, 26.3324, 0.001502, 0.000450594, -0.000681961, 
785, 19747.6, 50.4698, -54.7452, -12.0451, -0.00169216, 0.00178998, 0.000328203, 
786, 58283.5, 4.85803, 44.5922, -29.1029, -0.000179352, -0.00106329, 0.00135588, 
787, 54705.5, 31.7028, -19.1732, 30.865, -0.000375171, -1.58771e-05, -0.00116801, 
788, 149196, -27.9443, 26.9181, 54.4044, 0.000475146, -0.000496762, -0.00244425, 
789, 139613, 3.1727, 44.0962, 6.81041, -0.000181749, -0.00161865, 0.000103045, 
790, 118494, 28.108, 33.5121, 53.5988, -0.000740875, -0.000571908, -0.00170876, 
791, 72171.9, -32.4992, 20.3444, 48.8247, -0.000153027, 0.00205812, -0.00327476, 
792, 82124.2, 6.00504, -23.6107, -53.6073, -0.00035405, 0.000499272, 0.00187635, 
793, 133602, -52.8566, -40.2033, -44.8257, 0.00137663, 0.000871188, 0.000876439, 
794, 113134, 8.87697, 29.9645, -17.6103, -0.000236018, -0.00139058, 0.000796797, 
795, 27699.6, 42.3522, -46.7194, 50.8324, -0.000695867, 0.000984137, -0.00174531, 
796, 11103.5, 49.243, -55.8804, 54.5583, -0.00105028, 0.00150882, -0.000645361, 
797, 83594.2, -1.30299, -44.7696, -48.9429, 9.82651e-05, 0.00105356, 0.00127627, 
798, 128122, 32.2157, 11.0281, -13.9741, -0.000517325, -0.00103966, 0.000753052, 
799, 6356.22, 42.9228, 0.33289, -19.9061, -0.00215061, -0.00034703, 4.31316e-05, 
800, 202905, -34.1108, 36.0957, 37.2298, 0.00104816, -0.00139527, -0.00126295, 
801, 36862.2, -24.2563, 6.57461, 41.2933, 0.000658836, 0.000131683, -0.00118551, 
802, 76193.1, 30.4813, 31.0624, -16.0379, -0.000786774, -0.000774502, 0.00109501, 
803, 36928, -7.45862, -43.6337, 35.8407, 0.000429448, 0.000935156, -0.00111802, 
804, 79105.9, 40.859, -38.3938, 2.15439, -0.00135127, 0.000996688, -0.00102015, 
805, 267222, 32.5123, -30.5044, -53.0093, -0.00054876, 0.00068961, 0.00190501, 
806, 74411.9, -17.5266, 47.1859, -47.3644, 0.00051444, -0.00115253, 0.00111805, 
807, 58879.3, -33.7031, 35.2039, -4.06936, 0.000806758, -0.00085568, 0.000537391, 
808, 395875, 47.545, -43.9803, 42.6367, -0.00190616, 0.000589402, -0.000884178, 
809, 37800.9, -34.0039, -46.174, 24.6292, 0.000978683, 0.00117926, -0.000291563, 
810, 133702, -13.6873, 43.1586, 41.1266, -6.88149e-05, -0.00155224, -0.00123246, 
811, 226665, -52.6501, 22.8748, 3.33432, 0.00165106, -0.000250535, 0.000142987, 
812, 152231, 7.02962, 29.7481, 41.7872, 7.62359e-05, -0.00106458, -0.00145611, 
813, 116957, -43.3727, 13.6481, -43.7062, 0.00131641, -0.000401991, 0.0011599, 
814, 266297, -27.4932, 38.3508, 29.0441, 0.00038858, -0.00146173, -0.000351313, 
815, 385024, -1.32269, 10.011, 50.274, -3.1112e-05, -0.000180509, -0.00187612, 
816, 5856.78, 15.0953, -53.8686, -39.1702, -2.57962e-05, 0.00154394, 0.000991968, 
817, 116889, -44.7779, -33.8483, -3.11459, 0.00158045, 0.000569544, 0.000255153, 
818, 142618, 13.942, 3.31947, 1.45031, -0.000226647, -0.000637866, -0.000171706, 
819, 130746, -3.77493, 27.746, 33.7329, 5.11407e-05, -0.0010481, -0.00107649, 
820, 50165.9, -12.3865, 50.2734, -24.4561, 0.000304144, -0.00167478, 0.000805608, 
821, 70138.9, -12.5758, 0.0490157, 55.3135, 0.000200794, 0.000257875, -0.00209806, 
822, 128356, -45.4282, 37.1317, -51.583, 0.000913853, 0.00111095, 0.00101301, 
823, 358585, -17.0966, -51.3026, -0.745781, 0.000906404, 0.00110242, 6.02091e-05, 
824, 12727, -9.84704, 51.4311, 35.9947, -8.6267e-06, -0.00176448, -0.000951946, 
825, 108300, 47.8959, 52.1352, -12.4434, -0.00139591, -0.00147953, 0.00051781, 
826, 4598.19, 36.9139, -39.1494, -4.59592, -0.00106618, 0.00101059, 0.000734654, 
827, 46239.7, -28.5632, 27.9676, -18.4483, 0.00070695, -0.000908306, 0.000596131, 
828, 11158, -25.4464, 35.2661, 2.68173, 2.98264e-05, -0.000216043, 0.000228648, 
829, 136009, -0.0546891, -4.62734, -44.5273, -0.000568381, 0.000349122, 0.00139479, 
830, 60366.7, 8.34126, 46.6045, 31.1684, -2.16906e-05, -0.00195311, -0.000724915, 
831, 9970.58, 29.1832, -19.6052, 0.621777, -0.000484635, -0.000877434, -0.00109092, 
832, 264569, -51.5068, 11.7491, 10.8643, 0.00162349, 0.000245315, 6.24395e-05, 
833, 31142.2, -27.52, -37.4839, -28.4624, 0.000890396, 0.00119047, 0.000842106, 
834, 149453, -22.0003, 26.4286, -46.3467, 0.00083266, -0.00100434, 0.00153909, 
835, 22158.5, -40.7225, 30.4141, 9.12721, -0.000351362, -0.000739542, 0.000420169, 
836, 129004, 4.66939, -53.1517, 13.194, 0.000174117, 0.00196593, -0.000319899, 
837, 123147, 25.0767, -9.68692, -14.2575, 0.000259784, -0.000857169, 0.000827675, 
838, 98729.5, -54.7503, 43.8697, 56.5197, 0.000933924, -0.000701903, -0.00121519, 
839, 297583, -48.9397, 22.3357, -9.2433, 0.00149158, -0.000500566, 7.66713e-05, 
840, 17776.9, 34.427, 50.9141, -35.9741, -0.00051934, -0.00134804, 0.00082948, 
841, 5420.4, -27.5585, -12.3557, -29.7953, 0.000944432, 0.000432723, 0.000934693, 
842, 19314.1, 56.9728, 32.309, -31.3257, -0.00144683, -0.000564122, 0.000918677, 
843, 1169.51, -14.3652, 3.09852, -48.6156, -0.00086061, -0.0013794, 0.00253346, 
844, 720.894, -31.5039, -38.0025, 0.209546, 0.000499751, 0.00250852, -0.00145533, 
845, 85923.1, -20.5127, -11.3968, -31.46, 0.000813889, 0.000357246, 0.00069945, 
846, 13041.9, 37.6803, 38.31, -48.1546, -0.000703689, -0.00110639, 0.00124664, 
847, 198975, -40.75, -6.50457, 26.3683, 0.00121446, 0.000426632, -0.000344214, 
848, 33964.5, 19.7338, 13.351, -7.70694, -0.000404907, -0.000553199, 0.00105435, 
849, 96766.9, 22.5374, 23.2659, 10.3211, -0.000760688, -0.000562963, -0.000482863, 
850, 40912.9, 56.1, 11.8396, 34.7852, -0.00208945, 0.000183165, 4.65673e-05, 
851, 24487.1, -23.5971, 50.7013, 23.3802, 0.000296517, -0.00167596, -0.000696354, 
852, 217810, 54.105, 30.4469, -20.4463, -0.00249915, -0.000758795, 0.00148312, 
853, 19082.4, -45.3379, -21.3555, 47.6255, 0.00115291, 0.00148724, -0.00160588, 
854, 137186, -43.2735, -13.7584, 47.7751, 0.00197806, 0.00445021, -0.000516428, 
855, 124769, -29.1049, -13.2788, -22.8299, 0.000834782, 0.000581038, 0.00074792, 
856, 81025.3, 28.0049, -55.5499, -30.1229, 0.000113172, 0.00196869, 0.000936835, 
857, 55175.8, 33.4006, -45.4268, -0.0255123, -0.00195928, 0.00258465, -0.000443531, 
858, 39900.2, 1.25778, -13.111, 37.7998, 0.000319262, 0.00128033, -0.00164764, 
859, 36554, 30.1789, 3.50324, 28.86, -0.00119179, -0.000126264, -0.000858892, 
860, 78858.9, -7.94578, -0.802848, -40.9135, 0.000299529, 0.00103215, 0.000431604, 
861, 194174, 30.3651, -21.1643, -10.3047, -3.14355e-05, 0.00136809, 0.00199354, 
862, 331548, 25.2082, -50.8758, 30.8185, -0.000534894, 0.00152418, -0.000884329, 
863, 80453, 30.1265, -21.2692, -10.5415, -0.00291254, 0.000605584, -0.00131504, 
864, 1876.19, 4.69542, 4.79003, -45.3358, -0.000909571, -0.000550856, 0.00195667, 
865, 30314.1, -2.4841, 24.222, -21.1149, -0.000286806, -0.000975947, 0.000732344, 
866, 91938.3, -41.1234, -53.4841, -23.276, 0.000487869, 0.0018788, 0.000645422, 
867, 15465.4, 15.2395, -13.1221, -32.5491, -6.20609e-05, 0.000316738, 0.00153082, 
868, 192434, -27.9099, 37.9652, 1.86289, 0.000618907, -0.00109963, 0.000329413, 
869, 2387.77, 39.3946, 16.4239, 8.5554, -0.001018, -0.000460143, -0.00050135, 
870, 79228.6, -15.6843, 29.5743, 24.9879, 0.000402067, -0.00107297, -0.000672205, 
871, 84929, -1.29745, -30.6101, 11.6978, 0.000257701, 0.000601432, -0.000188611, 
872, 225238, -46.7377, -44.2041, -26.6554, 0.000961337, 0.000825596, 0.000801602, 
873, 89455.4, 14.111, -1.28818, 1.86961, -0.000183377, 0.000311411, -0.000308395, 
874, 3947.75, -34.0725, 25.0537, -49.245, 0.000517757, -0.000788664, 0.00116449, 
875, 70131.3, -47.4475, -55.7057, -53.6684, 0.000450279, 0.000730099, 0.00112111, 
876, 126168, -48.2623, 47.4565, 21.0122, 0.000683196, -0.00152986, -0.000426102, 
877, 30287.9, -2.04236, 15.1862, -45.3454, -0.000541362, -0.00073099, 0.00209214, 
878, 195826, 2.97594, 41.582, -43.7493, 9.96034e-05, -0.00173302, 0.00090714, 
879, 121268, -50.9623, 46.2085, 23.4202, 0.00152675, -0.00138088, -0.00116677, 
880, 56668.2, -7.00794, -34.9321, 16.9209, -0.00116835, 0.00390735, -0.00145732, 
881, 66791.6, 42.8747, 16.6847, -40.5663, -0.00116175, -0.000355718, 0.00143221, 
882, 34431.9, -21.101, -44.0196, 57.3754, 0.000288406, 0.000879197, -0.0014454, 
883, 71037.7, 46.8306, 10.4542, 3.50731, -0.00169377, 8.0137e-05, -3.26326e-05, 
884, 68765.2, -33.4455, 54.7249, 16.9607, -0.000229464, -0.000445679, -0.00269765, 
885, 2486.97, -8.87641, -23.6821, -0.53414, 0.000612697, 0.00124816, 0.000106239, 
886, 82511.8, -11.7192, -20.7375, 2.653, 0.00102035, 0.000824648, -0.000389507, 
887, 78671.4, 11.9541, -2.1154, -7.93863, -0.000134675, -9.90686e-05, 0.00026909, 
888, 20657.7, -35.2234, 53.7066, 17.2278, 6.77088e-06, -0.00206601, 0.000367957, 
889, 10598.1, -57.091, -43.2632, -20.3317, 0.00180064, 0.000729105, 0.000152566, 
890, 2905.58, -52.4732, 43.6025, 52.806, 0.000499398, -0.000747893, -0.00128563, 
891, 16801.3, 24.5977, 17.9642, 10.9513, -0.000920563, -0.000206704, -0.000549932, 
892, 1415.01, -5.31308, 39.3955, 48.126, -6.07947e-07, -0.00127288, -0.00151373, 
893, 437351, -46.1071, 21.2867, 54.2422, 0.00099142, -0.000429289, -0.00148658, 
894, 182695, 5.36023, 49.9285, 47.7952, -1.41409e-05, -0.00142251, -0.00124111, 
895, 31935.4, -14.0986, -23.0344, -55.8295, 0.000575674, 0.00107312, 0.00232679, 
896, 43211.1, -53.0275, 39.9139, -7.45524, 0.00132453, -0.000837535, 0.000734185, 
897, 61549.1, 35.3925, -9.32869, -24.1889, -0.000274323, -0.000620788, 0.000947213, 
898, 24678.7, 44.5605, 34.9039, 51.2588, -0.00124764, -0.000398414, -0.00127151, 
899, 139573, -27.0514, -55.7717, 45.6987, 0.000118231, 0.00118456, -0.00118073, 
900, 60624.2, -26.5638, 15.3729, 45.8216, 0.000432222, 0.000142201, -0.00138648, 
901, 78899.6, -51.6067, -56.5045, -31.4355, 0.000932229, 0.00135876, 0.000857215, 
902, 241778, -51.5753, -24.9444, 10.0507, 0.00155136, 0.000508286, -0.000240171, 
903, 72551.5, 25.0141, 13.2494, -41.4212, -0.00076877, -0.000176031, 0.00109055, 
904, 14860.2, 26.5901, 39.4521, 2.90013, -5.32771e-05, -0.00167849, -0.000225993, 
905, 98489.5, -3.36449, -35.3309, 55.5258, -2.6696e-05, 0.000665005, -0.00152984, 
906, 80533.2, 22.8766, -36.6273, 27.6934, -0.000668221, 0.00107577, -0.00130306, 
907, 192660, -19.3183, 3.19226, 53.419, 5.77831e-05, 0.000183699, -0.00246133, 
908, 6421.63, 54.9855, 22.0999, 40.8136, -0.00153859, -0.000835445, -0.00128474, 
909, 56933.7, -36.9237, -6.88648, 56.2081, 0.000715454, 0.000279093, -0.00206908, 
910, 142726, 52.645, 9.12743, -9.28294, -0.00206188, -0.000345259, 0.000164361, 
911, 45986.6, 22.8194, 31.1666, -41.4295, -0.000294719, -0.00084155, 0.00132034, 
912, 5689.4, 54.3553, 36.2209, 18.3064, -0.00170426, -0.00094759, -0.000398819, 
913, 38111, -46.0344, 39.1754, 33.4479, 0.00101981, -0.0014428, -0.000528342, 
914, 53947.5, -44.5183, -46.9087, -49.0031, 0.000754228, 0.00114208, 0.00098779, 
915, 67492.3, -34.2713, 12.4556, -38.1854, 0.000946933, -0.000683191, 0.00108587, 
916, 24548.6, -55.8089, -27.2297, 25.1018, 0.00149513, 0.000609913, -0.000392364, 
917, 142283, 31.9087, -46.3383, -3.32765, -0.000275932, 0.00201505, 0.000624892, 
918, 41739.1, 41.1163, -53.9191, -15.566, -0.00114692, 0.00215636, 0.000786782, 
919, 275295, -25.847, -42.9129, -5.46559, 0.000898704, 0.00118471, 0.000362358, 
920, 54599.4, 21.6834, -8.41598, 44.5924, -0.000473043, 0.000263994, -0.00171009, 
921, 26240.7, -21.897, 31.7099, 37.7826, 4.6679e-05, -0.000822639, -0.000621765, 
922, 88630.2, -4.34848, -13.7891, 52.8838, 0.000207544, 0.000835983, -0.0019072, 
923, 116227, 8.05539, 20.7973, -25.9567, -0.000185929, -0.000808524, 0.000864959, 
924, 79391, -28.3442, -3.19504, -21.1962, 0.000971507, -0.000252355, 0.000527511, 
925, 6722.27, 38.6798, -16.3897, 8.90238, -0.00177573, -0.000395598, -0.000727045, 
926, 99.7815, -2.86401, 48.5924, 9.92386, -0.000283799, -0.0018317, -0.00028222, 
927, 84285.3, -48.8539, 3.9339, 20.0475, 0.00156503, 0.00060467, 9.45862e-06, 
928, 11581.8, 23.584, 47.0491, -50.4262, -0.000347103, -0.00111592, 0.00116613, 
929, 39767.1, 35.8245, -9.74435, -24.9332, -0.00205607, 0.000687675, 0.00262374, 
930, 12505.7, 2.04055, 12.9033, -16.2167, 0.000313199, -0.000943178, 0.000724507, 
931, 240481, 18.6338, 27.2449, 34.5069, -0.00104708, 0.0011534, -0.00175029, 
932, 241043, -16.0843, -19.0984, -12.9429, 0.00101087, 0.00065631, 0.000198787, 
933, 186316, 3.03537, 42.4082, -50.1075, -0.000136829, -0.00112243, 0.00187443, 
934, 175276, -27.6992, 29.2731, 47.6234, 0.0012555, -0.000341057, -0.00197859, 
935, 125291, -9.98462, 24.1865, -19.8559, 0.00129796, -0.0012069, 0.000921048, 
936, 47323, -7.86922, -56.3771, 13.9292, 2.57456e-08, 0.00175264, 0.00017738, 
937, 523725, -54.0155, 28.1829, 18.2173, 0.00180842, -0.000339987, -0.000245907, 
938, 437422, 50.5206, -28.2668, 3.01333, -0.00235633, -2.0829e-05, -0.000870297, 
939, 71488, -0.958914, 3.38142, 31.0428, -0.000367475, 0.000287412, -0.00192301, 
940, 10082.6, 41.5165, -54.9225, -12.6613, -0.00126823, 0.00251605, 0.000442709, 
941, 88578.7, 10.7265, 25.8483, -30.7573, -0.000372247, -0.00122744, 0.00113176, 
942, 11122.4, 17.9783, -34.8004, 53.3895, -5.08144e-05, 0.000852784, -0.00444977, 
943, 71632, 41.3586, 33.1047, -40.0045, -0.000918536, -0.000705365, 0.000967412, 
944, 39166.7, 25.6168, 26.6833, 5.01435, -0.00114118, -0.000885601, -0.000270788, 
945, 41823.9, -2.45178, 20.6938, 48.5798, -0.000146364, -0.000679175, -0.00189291, 
946, 75308.2, -37.935, 11.9643, -35.2269, 0.00137785, -0.000458166, 0.00070586, 
947, 69802.4, -14.5081, 25.2161, -11.6005, 0.00078262, -0.00076308, 0.000180684, 
948, 4601.05, -46.5298, -7.88925, -28.5473, 0.00160084, -0.000216783, 0.000228221, 
949, 19147.1, 38.8679, -35.0524, 31.8259, -0.00112799, 0.000710035, -0.000786791, 
950, 2870.7, 1.42585, -3.78616, -7.70798, 0.000258655, 0.000195134, 0.00013691, 
951, 225295, 19.4711, 18.7935, -22.1746, -0.000564619, -0.000857017, 0.000876216, 
952, 19240.5, 0.691071, -1.09209, 48.7779, -0.000963323, -0.000272073, -0.00171198, 
953, 113536, -28.2761, -0.298651, -42.9315, 0.000287394, -0.000563699, 0.00121833, 
954, 245146, 36.6172, -13.217, -34.9961, -0.00149912, 8.57902e-05, 0.00154353, 
955, 116391, 36.0057, 9.6217, -5.90764, -0.00272755, -0.000982158, -0.000619577, 
956, 64666.8, -53.7593, 42.6663, 8.11957, 0.00213103, -0.000861814, -0.000543403, 
957, 41450.3, -13.836, -9.40973, 37.7401, 0.000739651, 0.000618746, -0.00120985, 
958, 123717, 43.3352, -46.0831, 43.0914, -0.000855091, 0.00188447, -0.00167027, 
959, 30204, 43.7166, 7.92116, 19.0284, -0.00133333, 2.84003e-07, -0.000622209, 
960, 42351.3, -3.86765, -1.32616, 7.60863, 0.000254193, 0.000192131, 0.000229745, 
961, 168150, -54.5748, 3.77092, 34.0757, 0.00179096, 0.000240219, -0.000984622, 
962, 35635.4, 15.8636, 56.1951, -38.9681, -0.000352217, -0.00140997, 0.000835524, 
963, 57537.6, -46.9336, 31.6796, -57.0283, 0.00071951, -0.000378313, 0.00161873, 
964, 62787.2, -3.36238, -40.1026, 18.1291, 0.000454597, 0.00246436, -0.00159062, 
965, 164321, -16.2611, 47.4839, 26.2545, 4.91084e-05, -0.00169742, -0.000558008, 
966, 97809.3, -27.514, 52.7252, -29.2996, 0.000473426, -0.00148334, 0.000612129, 
967, 281159, 35.9301, 43.373, -4.13551, -0.000219889, -0.00217554, 0.000184626, 
968, 15527.7, 53.8585, 7.73876, -9.99553, -0.00199301, -0.000424689, 9.5114e-05, 
969, 11675.2, -39.0412, -7.41679, 41.614, 0.000944893, -7.54956e-05, -0.000807159, 
970, 223298, 17.7312, 35.3821, 50.112, -0.00041173, -0.000987989, -0.00171117, 
971, 8694.56, 8.48943, -14.9815, -2.70804, 0.0001833, -0.000150808, 0.000287186, 
972, 36384.6, -28.7915, -24.0184, -49.3519, 8.96119e-05, 0.000381101, 0.00162853, 
973, 10051.6, 29.8257, 46.785, -36.8785, -0.000476678, -0.00134012, 0.000914822, 
974, 7432.33, 39.6116, -1.94863, -31.3553, -0.00198708, -0.000372288, 0.00216221, 
975, 77005.6, 8.02773, 7.82389, -14.9889, -0.000720221, -0.000619595, 0.000966, 
976, 115791, -6.42896, 51.5656, 7.42533, -2.94559e-05, -0.00186554, 7.33999e-05, 
977, 71104, 46.9052, 52.8873, 47.2731, -0.00120694, -0.00107935, -0.00110889, 
978, 47819.2, -50.959, -11.8557, 46.5152, 0.00202369, 0.000185681, -0.0012311, 
979, 96558.8, -34.1115, 11.4662, 35.6164, 0.000920545, 0.00010532, -0.00103352, 
980, 13852.3, 43.704, 52.0191, 3.16628, -0.00105646, -0.00196551, -0.000286653, 
981, 158748, 9.34434, -24.4218, -16.0799, 0.000165814, 0.000930547, 0.000401469, 
982, 91520.7, -17.0552, 11.7916, 19.3233, 0.000778377, -0.000412376, -0.000512718, 
983, 155936, -17.6845, -20.1218, -21.2459, 0.000831287, 0.00082181, 0.000929262, 
984, 355940, 17.4286, 28.6676, 33.2852, 0.000310835, -0.00222391, -7.66827e-05, 
985, 21170.1, 41.824, -8.01023, -7.10756, -0.000898822, -0.001542, -0.000710984, 
986, 21096.7, 42.6528, -7.24469, -18.6129, -0.00232411, -0.000154791, 0.000647743, 
987, 9317.19, 16.9268, 0.968627, 24.8126, -0.00107508, -0.000203596, -0.000558949, 
988, 13800.7, 2.07099, -33.2414, 12.7859, -0.000176649, 0.000997002, -0.000372339, 
989, 15282.6, 54.1772, -17.9726, -17.9784, -0.00211705, 0.00027708, 0.000639706, 
990, 54048.6, 41.6886, 9.49786, -15.3729, -0.00212763, -0.000275298, 1.0978e-06, 
991, 32670.3, -34.8086, -45.5823, 6.32531, 0.000932307, 0.00149969, -0.000328177, 
992, 38697.2, 21.94, 45.7543, -2.06545, -7.48244e-05, -0.0018675, 0.000220921, 
993, 17842.7, 30.4373, 49.5139, -46.9271, -0.000415877, -0.00117945, 0.00100819, 
994, 128813, 35.3022, -46.1679, -34.8593, -0.000791684, 0.00115323, 0.00128608, 
995, 142436, 47.679, -52.928, 56.8444, -0.000769498, 0.000889255, -0.00121682, 
996, 23086.5, -40.3692, 15.355, -50.2254, 0.00100775, -0.000285955, 0.00154718, 
997, 26778.6, -17.9292, -15.3398, 17.1301, 0.000911513, 0.000562789, -0.000480956, 
998, 253077, 37.2246, -31.8553, -1.33853, -0.00120468, 0.000334046, 0.000819797, 
999, 44938.6, 18.1323, 2.00377, -23.0115, -0.000128085, -0.000580281, 0.000649406, 
