ID, Mass [kg], pos_0 [m], pos_1 [m], pos_2 [m], vel_0 [m/s], vel_1 [m/s], vel_2 [m/s], 
0, 266668, 6.0965, -12.371, -9.46843, -6.59392e-05, 0.000493829, 0.000153447, 
1, 88936.2, 11.4221, -16.2087, -18.9142, -0.000307211, 0.00042679, 0.000436547, 
2, 157943, -11.4148, -14.0362, 12.5701, -0.000232527, 0.000943638, 0.000679686, 
3, 169378, -5.15204, -3.72162, -18.3096, 0.000160352, -4.09777e-05, 0.000616134, 
4, 52366.8, -19.2785, -3.54429, 18.9061, 0.000574819, -0.000185832, -0.000492769, 
5, 13155.9, -13.3887, -17.1545, 12.1964, 0.000405868, 0.000858515, 0.00015368, 
6, 92017.3, 2.86512, -12.2406, -1.51305, -0.000991882, 0.000648667, 0.000956232, 
7, 28783.3, -6.55311, 17.645, 5.59163, 0.000203803, -0.000701281, -4.01324e-06, 
8, 28069.8, -10.0478, 17.4106, -11.5737, 3.38617e-05, -0.000622093, 0.000337275, 
9, 332411, 16.1019, -16.1402, 17.6323, -0.000294254, 0.00020793, -0.000244383, 
10, 147602, -10.5486, -6.18252, 7.40094, -8.8971e-05, 0.000362435, -0.000301998, 
11, 126955, -16.1574, 15.7075, 7.09217, 0.000385936, -0.000420867, -1.58792e-05, 
12, 8145.24, 8.52073, 3.04975, 16.1722, -0.000565107, -0.000220512, -0.000436654, 
13, 75407.3, -12.6591, -9.83836, 16.7598, -0.000258269, 0.000112458, -0.000402178, 
14, 60007.4, -19.7598, 11.1257, 1.82789, 0.000530753, -0.000251719, 4.89732e-05, 
15, 37540.7, -17.1571, 19.3846, -14.0237, 5.3379e-06, -0.000951801, 0.000253123, 
16, 22790, 8.8097, 0.434385, -13.5056, -0.00030993, -0.000334033, 0.000418589, 
17, 20769.2, -2.60875, 1.57024, -6.96895, -9.63398e-05, 0.000143142, 0.000544525, 
18, 211002, -17.1205, -15.3627, 2.80146, 0.000394359, 0.000425275, 0.000142251, 
19, 150055, -11.9511, -13.5018, 13.686, 0.000528768, 0.000181629, -0.000931807, 
20, 5236, -8.27952, 13.4975, 0.0870434, 0.000347509, -0.000415168, -1.23187e-05, 
21, 271282, -6.14611, -0.457472, 13.1241, 0.000100267, 0.000128765, -0.000381347, 
22, 49300.1, 7.5309, 17.7686, -10.7845, -0.00040412, -0.000284031, 0.000216825, 
23, 117718, 19.1275, 4.18955, -3.41851, -0.000798576, 0.000207291, -9.77575e-05, 
24, 83176.3, 13.5908, -16.8076, 1.3412, -0.000519837, 0.000479429, -0.000165576, 
25, 16921.9, -12.8456, -5.53084, 11.5615, 0.000102437, -0.000100157, -0.000445666, 
26, 8127.9, -6.50135, -3.82914, -17.2775, 0.000927526, 2.36104e-05, -7.88201e-08, 
27, 117537, -2.32653, -3.93032, -12.7944, 0.000178138, -0.000158478, 0.0001903, 
28, 74393.9, -4.82696, 2.84361, -5.17467, 0.000384987, 0.000243646, 0.000541201, 
29, 57188.8, 1.04845, -10.6084, -1.18311, 0.000809934, -0.000649732, 0.00119668, 
30, 27579, 2.02868, -12.6714, 11.3216, -0.000321982, 0.000358181, -0.000328494, 
31, 8833.03, -5.02962, 3.13433, 15.4354, 2.59579e-05, -0.000284674, -0.000601803, 
32, 127385, 5.20307, 19.5919, -12.0009, -0.000123887, -0.00050118, 0.000415185, 
33, 26112.7, -8.4605, 7.14009, 1.93804, 0.000486905, -0.00031303, 0.000160591, 
34, 25816.1, -19.8444, 8.43114, -12.964, 0.000494693, 7.24666e-05, 0.000238031, 
35, 196477, -0.119245, 0.544658, 7.96339, -0.000448981, 0.000221717, -0.000163253, 
36, 134895, 7.17741, -5.57936, 16.2292, -0.00042819, 0.000254565, -0.000515476, 
37, 90647, -2.20392, 12.3067, 4.90749, -4.298e-05, -0.00075581, 0.000103235, 
38, 70759, -2.23519, 6.97577, 14.3211, -0.000360489, -0.000293611, -0.000599582, 
39, 13187.3, -0.131072, 12.066, 2.8563, -0.000385719, -0.000525215, 0.000184812, 
40, 33368, 13.5001, -14.0544, -4.23001, -0.000557309, 0.000220402, -7.13083e-05, 
41, 134346, 2.71519, -6.97303, -0.833363, -7.10924e-05, -0.000236061, -9.2441e-05, 
42, 105929, 3.25007, 7.76914, 1.09222, -0.000473051, -0.000269842, 0.000114294, 
43, 83973.3, -17.9485, 2.94299, 8.33046, 0.000870649, -0.00057348, 4.56507e-05, 
44, 3121.57, -12.2775, -5.11383, 15.9573, 0.000259665, -0.000308291, -0.000296154, 
45, 27466.3, -19.2266, -16.9944, 5.25162, 0.000627806, 0.000568717, -0.000155526, 
46, 38628.7, 12.2339, -17.6853, 12.7439, -0.000202373, 0.000376027, -0.000105157, 
47, 41308, 6.27215, -6.26385, -5.23305, -0.00045408, 0.000383386, 0.000918218, 
48, 127460, -2.13312, -15.8894, 8.22839, -0.000225078, 0.000909127, -0.00046055, 
49, 499917, -18.5844, 15.7239, -13.9427, 0.000355686, -0.000237181, 0.00026317, 
50, 18781.7, -1.84596, 11.6129, 5.60892, -0.000501072, -0.000173366, -0.000620274, 
51, 41104.5, 1.51652, -3.76778, -16.3219, -3.04184e-05, -0.00026271, 0.000533781, 
52, 171754, -7.24779, 14.0184, 11.168, 0.000454217, -0.000430829, -0.000216106, 
53, 188750, 10.8214, -10.1422, -14.1933, -0.000799922, 0.000315021, 0.000610472, 
54, 188123, -11.2729, -10.1078, -13.7228, 0.000316351, 0.000172331, 0.000434983, 
55, 5496, -2.8602, 16.9227, -8.8297, 0.000196215, -0.000508978, 0.000465692, 
56, 314149, 1.59552, 16.9965, -6.80757, -0.000179342, -0.00044978, 0.000300114, 
57, 286386, -1.27305, -16.1853, 19.5806, -0.000162207, 0.000361886, -0.000429908, 
58, 3262.44, -19.0609, 3.45837, 16.8185, 0.000575738, -0.000230356, -0.00046312, 
59, 498.907, 18.9198, 17.7021, -16.4992, -0.000372703, -0.000154514, 0.000259247, 
60, 10715.1, -19.1297, -6.12806, 10.647, 0.00125858, -4.7378e-05, -0.000149916, 
61, 28147, 19.6169, -6.40916, -16.4316, -0.000487687, 5.39003e-06, 0.000282345, 
62, 126417, 13.5214, -16.3791, -7.04923, -0.000477662, 0.000488036, 0.000162185, 
63, 304337, -14.2258, -19.2475, 16.9118, 0.000245534, 0.000614554, -0.000320827, 
64, 73901.1, 4.21462, 4.05643, 14.0377, -0.000568597, -0.000269526, -0.000289921, 
65, 141050, 8.83514, -4.89957, -11.9532, -0.000332947, -0.000435994, 0.000322152, 
66, 71538.3, -1.44122, 6.74122, -9.13898, -0.000142212, -0.000230812, 0.000523856, 
67, 43197.3, 11.4771, -4.81239, -7.89939, -0.00063568, -0.00020651, 4.38689e-05, 
68, 292601, 6.44534, -7.58299, -18.3092, -0.000485713, -0.000366594, 0.000606648, 
69, 23084.1, 11.6238, 7.56123, -5.50142, -0.000398784, -0.000341656, 0.000161628, 
70, 7607.71, -16.9206, 1.88633, 8.11705, 0.000482854, 0.000148103, -0.000163175, 
71, 13540.8, 1.39942, -6.74738, 13.8806, -0.000247128, 0.000287086, -0.000221726, 
72, 72502.9, 8.44704, 13.7313, 7.98275, -0.000454084, -0.000351754, -0.000275378, 
73, 55178.4, -11.5366, -6.00608, 17.2661, -1.26827e-05, -0.000170321, -0.000613573, 
74, 138200, 7.19965, 15.4535, 1.62129, -0.000495685, -0.00031292, -0.000146075, 
75, 441048, -2.74661, 6.1715, 5.73685, -0.000217927, -0.000496069, 1.96899e-05, 
76, 104741, 1.57517, 18.1526, 7.58058, -0.000265161, -0.000620547, -0.000184801, 
77, 235448, -4.08089, 15.8793, 11.1226, -0.000227144, -0.000738677, -0.000277456, 
78, 56549.9, -7.7877, -9.6325, 6.38828, -0.000121999, 0.000480044, 7.60281e-05, 
79, 18431.9, 4.42791, -18.7778, 0.356822, -0.000148595, 0.000798552, -3.82001e-05, 
80, 174616, -7.43844, -11.0705, 14.9988, -0.000276231, 0.000238921, -0.00044264, 
81, 162861, -4.50616, 2.91544, 4.99836, 0.000122244, 0.000895592, -7.16064e-06, 
82, 32822.2, 17.6072, 19.7641, 19.6803, -0.000205778, -0.000191207, -0.000172935, 
83, 36038, 6.37536, -11.2857, 1.99341, 6.45714e-06, -5.37636e-05, -0.000284464, 
84, 151751, -6.22768, 9.0505, -4.48382, 0.000216846, -0.000354633, 0.000298061, 
85, 1755.34, 19.6917, 6.17614, 6.37855, -0.000477706, -0.000147559, -0.000135799, 
86, 125093, -19.6473, -12.3542, -18.3595, 0.000330251, 0.000185148, 0.000335738, 
87, 62753.9, -13.6157, 4.20062, 18.3704, 0.000697675, -0.000210603, -0.000525, 
88, 104089, -3.55815, 0.96878, 17.0701, -0.000136964, 2.43991e-05, -0.000813537, 
89, 74659.5, -12.1508, -8.65014, 5.34466, 0.000390714, 0.000648273, 0.000335255, 
90, 54457.8, -1.03798, 16.7998, -3.83991, 0.000125692, -0.000500736, 0.000118346, 
91, 250388, -18.0016, 0.673454, 11.2881, 0.000666097, -0.000123574, -0.000367942, 
92, 9592.63, 4.13884, 10.4557, -15.0377, -0.000169218, -0.000235452, 0.000445298, 
93, 51769.5, 10.2814, 4.0728, -17.4494, -0.000286818, -0.00021693, 0.000431158, 
94, 88315.6, 17.8363, -19.2576, -3.7086, -0.00046741, 0.000395447, 1.94102e-05, 
95, 44569.9, -4.94868, 5.11424, 8.62526, 0.00065012, -6.65366e-05, -0.000457812, 
96, 55054.8, 1.20673, -10.6876, -0.851408, 0.0001814, -0.00080787, -0.000455044, 
97, 6549.1, 12.0743, -5.03407, -2.32413, -0.000652624, 1.61106e-05, -0.000125406, 
98, 176773, 5.92449, -5.50616, -3.85897, -0.000276907, -0.00021438, -6.5909e-05, 
99, 4096.57, -15.4698, -4.96218, -9.51984, 0.000434619, -0.00023109, 0.000444926, 
100, 283032, -16.2731, -7.21324, 10.1921, 0.000666666, 0.000181772, -6.80121e-05, 
101, 15065.6, -12.2057, -2.49637, -17.4482, 0.000340991, -4.75454e-05, 0.000443544, 
102, 33276.8, 16.373, 14.8592, -8.61095, -0.000496972, -0.000279625, 6.6154e-05, 
103, 12989.8, 17.1936, -7.95388, -19.3807, -0.000442466, 4.97549e-05, 0.000413322, 
104, 26736.4, -1.09395, -3.56411, 10.4874, -0.000239299, 0.000381767, -0.000268482, 
105, 201331, 10.2061, -9.02412, -10.3726, -0.000624719, 9.49843e-05, -4.1449e-05, 
106, 153368, 8.95763, 2.92053, -5.76771, -0.000341894, -0.00031585, 0.000290856, 
107, 15450.3, -4.94463, 15.0041, -10.831, -1.68753e-05, -0.000426648, 0.000457481, 
108, 669.306, 2.44786, -12.1346, 5.71661, -0.000217147, 0.000338445, -0.000432549, 
109, 16366.5, 10.9767, -12.7373, 11.9465, -0.000325816, 0.000228249, -0.000225342, 
110, 76031.2, 8.57313, 19.575, 2.17775, -0.000405252, -0.000664662, -0.000126448, 
111, 6213.7, -16.3246, -9.72332, -6.36199, 0.00158801, 0.000943177, -0.00125047, 
112, 161030, 14.4248, -0.818835, 11.1109, -0.000494459, -5.50824e-05, -0.000173896, 
113, 103552, 2.58456, 5.27636, 17.8176, -0.00038186, -0.000369504, -0.000686688, 
114, 105761, -2.49311, -14.5533, 7.07512, 5.52512e-05, 6.59297e-05, 0.000245313, 
115, 3988.7, -3.18674, -19.4805, 13.6068, -0.000108591, 0.000631131, -0.000221933, 
116, 95735.7, -16.0969, 2.13985, 6.90851, 0.000324575, -0.000232619, 0.000348157, 
117, 112453, -13.4399, -3.84012, -1.12267, 0.000810232, 0.000182894, 0.000140405, 
118, 30694.8, -15.424, -18.6168, -5.29473, 0.000290369, 0.000481637, 0.000143555, 
119, 36195, 5.45757, 15.0543, 0.81745, 0.000200018, -0.000253723, 0.000232226, 
120, 18641.6, -0.678693, 15.8526, -1.98816, -0.000210247, -0.000210075, -0.000134034, 
121, 9923.13, -1.09421, 4.39921, 10.6303, -0.000615117, -4.86069e-05, -0.000527784, 
122, 10388.6, -17.4212, 2.79215, -2.44942, 0.000573277, -0.000140206, 0.000210615, 
123, 6088.92, 6.05576, 10.2522, -18.6635, -0.000166438, -0.000220867, 0.000447262, 
124, 57978.1, -17.5043, -5.97524, -16.565, 0.000385674, -1.49277e-05, 0.00039231, 
125, 28974.4, 9.42544, -16.4308, -8.56696, -0.000289013, 0.000740541, 0.000181892, 
126, 149499, 17.6449, 5.96159, -4.11713, -0.000286074, -0.00044746, 0.000166711, 
127, 156428, -12.9723, 9.9821, -12.4945, 0.000291386, -9.61425e-06, 0.000392587, 
128, 11817, -0.943751, 5.74784, 4.07432, -0.00120884, -6.22772e-05, 0.000862161, 
129, 241608, -9.93096, 3.8241, 18.8459, 0.000188806, -0.000135206, -0.00069831, 
130, 83899.8, 16.5599, -5.79214, -6.52, -0.000672468, 6.06601e-06, 6.72145e-05, 
131, 161283, -11.1902, -2.90695, -2.05891, 6.02118e-05, -7.84163e-05, 0.000406684, 
132, 170745, -5.61321, 16.6996, -0.709993, 0.000216077, -0.0005967, 5.16483e-05, 
133, 354581, -15.4998, -9.20623, -7.43692, 0.000424402, 0.000195241, 0.000242534, 
134, 115421, 18.2551, -2.83485, 17.0152, -0.000421482, -1.39019e-06, -0.000293876, 
135, 65429.1, 7.75403, 6.34168, 6.96464, -0.000551667, -0.000218109, -0.000170761, 
136, 868.309, 11.5432, -9.41144, -12.3985, -0.00136221, -2.33321e-06, 0.000139656, 
137, 4759.2, -16.6456, 0.122479, -2.09074, 0.000637623, -0.000143335, 0.000240077, 
138, 8998.31, -4.79089, 14.0484, 15.2511, -8.23721e-05, -0.000545462, -0.000729936, 
139, 37395.4, -10.5122, -16.977, -9.24484, 0.000272263, 0.000545049, 0.000149026, 
140, 181316, 12.2494, 14.5743, -11.3156, -0.000334647, -0.00024168, 0.000267737, 
141, 139423, -2.38098, 5.59395, -17.0939, -2.9473e-05, -0.000203999, 0.00051537, 
142, 47155.6, 3.75068, -15.412, -8.90313, 0.000148375, 0.000880623, 0.000180193, 
143, 320658, -4.29453, -14.087, -13.0991, 0.000356918, 0.000290863, 0.000348978, 
144, 22569.4, 18.4759, -10.4449, -3.38834, -0.000620622, 0.000138772, -2.60185e-05, 
145, 17996.4, 17.8753, 6.70371, 16.5702, -0.000366163, -0.000176102, -0.000246568, 
146, 85832.2, 7.72844, -10.4736, -13.7887, 4.0274e-05, 0.000504671, 0.000455462, 
147, 187866, -12.6495, 11.4112, -2.82889, 0.000445712, -0.0003188, 8.96508e-05, 
148, 48707.3, -4.65964, 3.30564, 4.81337, 0.00125531, -0.00117135, 0.00113683, 
149, 31339.9, 0.925316, -7.02279, 15.6065, -0.000171553, 0.000294319, -0.000534656, 
150, 43750.7, -12.658, -10.5775, 10.1883, 0.000249672, 0.000396865, 8.68278e-05, 
151, 243138, -11.673, -4.11803, 5.32145, 0.000359997, -0.000145306, 0.000284692, 
152, 14872.6, -6.01636, 10.5466, 15.9113, 4.17781e-05, -0.00091276, -0.000786067, 
153, 28768.5, -15.4752, 7.42725, -14.9795, 0.000395751, 0.000107845, 0.000492483, 
154, 44811.9, -11.5059, 6.7132, 7.238, 0.000485897, -0.00034815, -3.90117e-05, 
155, 235285, 4.53716, -9.46708, -19.0677, 0.000417184, 0.000620255, 0.000847957, 
156, 118566, -12.6859, 11.3252, 15.4463, 0.000297564, -0.000496683, -0.000451222, 
157, 1429.46, -5.63563, -15.479, -13.452, 0.00120607, 0.00181333, 0.00064798, 
158, 61874.8, -9.08292, 7.08462, -15.5212, 0.000117796, -7.90305e-05, 0.000526596, 
159, 547423, -16.3537, -9.88506, 18.5312, 0.000509056, 0.00016827, -0.000580842, 
160, 16024.9, 12.2473, -16.5561, -1.05324, -0.000349416, 0.000539411, 0.000111501, 
161, 59294.4, -6.84776, -18.4001, 8.65894, 9.0152e-05, 0.000708983, -2.65234e-05, 
162, 34022.8, -15.1892, -1.73523, 8.71413, 0.000437375, -4.96264e-05, -3.62884e-05, 
163, 51310.5, -1.35826, 17.9001, -1.39217, -9.33982e-05, -0.000783186, -0.000133578, 
164, 125646, -19.2413, 16.9437, 12.8753, 0.000418539, -0.000336368, -0.000174774, 
165, 38198.4, 8.04303, 17.3474, -0.103007, -0.000512452, -0.000630608, 0.000340885, 
166, 175587, -10.3562, 13.0641, -10.3757, 6.90849e-05, -0.000389204, 0.00026456, 
167, 33247.4, -18.4927, -16.8505, -11.9362, 0.000355583, 0.000371728, 0.000222277, 
168, 39322.1, -14.097, 10.0734, 14.9033, 0.000827171, -2.69917e-05, -0.000202339, 
169, 42408.8, 6.72807, -7.69746, -14.2186, 4.75729e-05, -0.000197295, 0.000230973, 
170, 165238, -6.33795, 8.30981, 15.2605, 0.000176066, -0.000340088, -0.000560103, 
171, 133165, 2.42191, -11.8858, 0.292967, -0.000832715, 0.000188581, -0.00107562, 
172, 17222.9, -13.2337, 19.2809, -8.56679, 0.000189107, -0.000561909, 6.80883e-05, 
173, 19550, -2.94042, 13.0468, -7.33611, 2.02249e-05, -0.000318561, 0.000407046, 
174, 2321.65, 15.1755, 0.942157, -2.44067, -0.000543314, -8.4479e-06, -6.33003e-05, 
175, 266285, 8.7856, -12.5513, 2.51849, -0.000461148, 0.000415622, -0.000539492, 
176, 51769.7, -17.3388, 19.5351, 16.2754, 0.000238633, -0.000437251, -0.000327154, 
177, 2547.76, 9.86885, 14.0663, -6.63474, -0.000349804, -0.000272019, 6.95743e-05, 
178, 33600.1, 7.00369, -0.908773, 18.2557, -0.000483034, -7.51456e-05, -0.000651432, 
179, 95862, 4.86334, -2.37662, 14.5368, -0.000331784, 6.76778e-05, -0.000337741, 
180, 231629, 1.06958, -12.5871, -0.578951, 0.000793282, 0.00116859, 8.75133e-05, 
181, 48845.6, -1.27779, -5.27548, -14.3414, -6.01253e-05, 0.000213858, 0.000593906, 
182, 63218.1, 9.35336, -12.2738, 0.915876, -0.00096977, 0.000110279, 0.000996294, 
183, 250917, -2.90733, 4.92344, -3.46513, -0.000134422, -0.000149268, 0.000233905, 
184, 4676.91, -6.04865, 0.464873, -1.40491, 0.000183646, 0.000130732, 0.000219838, 
185, 14.7536, -9.9029, 17.2153, -15.5593, -1.00144e-05, -0.000418666, 0.000480376, 
186, 1700.44, -17.0386, 8.60626, -8.45103, 0.000514593, -2.70723e-05, 0.000117681, 
187, 132400, -4.80076, -13.789, -13.1245, -0.000415989, 0.000739252, 0.000310867, 
188, 31027.4, 6.95183, -5.84651, 13.0217, -0.000424412, 0.000304608, -3.3876e-05, 
189, 137319, 9.56032, 0.109834, -2.66145, -0.000484858, -8.96594e-05, -0.000112248, 
190, 22200.4, -9.58315, -0.798754, -19.4234, 0.000293794, -0.000116102, 0.000537922, 
191, 36036.5, 16.8593, 18.8208, -15.6343, -0.000284987, -0.000260173, 0.000241738, 
192, 105589, -7.98664, 19.0246, 17.6233, 8.86639e-05, -0.000511535, -0.000421059, 
193, 42408.1, 7.32247, -1.07532, 11.7236, -0.000551819, -5.13557e-05, -0.000127502, 
194, 8889.27, 0.0549564, -10.4599, 11.1412, -0.000221136, 0.000243761, -0.000297906, 
195, 67618.7, -2.12594, 10.3194, 16.0209, -0.000340148, -0.000556704, -0.000668736, 
196, 139645, 1.73738, 0.903006, 16.9842, -0.000289207, 4.20139e-05, -0.000640819, 
197, 16526.9, -16.3274, -2.28499, -7.8674, 0.000503232, -0.000136614, 0.000323861, 
198, 18896.2, 16.3832, 8.45641, 5.26479, -0.000473676, -0.00021831, -0.000138178, 
199, 122718, -3.42958, 6.13669, 10.5787, -9.50911e-05, -0.000352368, -0.000584607, 
