ID, Mass [kg], pos_0 [m], pos_1 [m], pos_2 [m], vel_0 [m/s], vel_1 [m/s], vel_2 [m/s], 
0, 97975.8, 24.8482, -34.6082, -20.0021, -0.000742123, 0.000861594, 6.35157e-05, 
1, 77894.7, -9.48104, -23.9809, -31.3618, 0.00104477, 0.000882159, 0.00057339, 
2, 11402, -36.6428, -28.1023, 42.4132, -0.000690517, 0.00069334, -5.40995e-05, 
3, 66098.7, 24.3792, 18.4269, 12.9778, -0.000802405, -0.000396419, -0.00026155, 
4, 44838.5, 43.3048, 37.5156, 19.1456, -0.00111981, -0.00116922, 0.000223567, 
5, 294431, -25.6669, 17.0555, 8.46295, 0.000719267, 0.000789501, -0.000485394, 
6, 45520.7, -16.7508, 26.8112, -43.369, -0.000103953, -0.000187792, 0.00101818, 
7, 104607, -32.4326, -27.9583, 38.0638, 0.000821027, 0.000692769, -0.000838275, 
8, 18630.4, 29.8632, 30.2033, 19.9038, -0.000634456, -0.000834618, -0.00030478, 
9, 6880.78, 11.0981, -37.2662, 29.3519, -0.000306349, 0.000909644, -0.000752337, 
10, 62559.5, 33.1159, 12.6317, 37.7212, -0.00048756, -0.000295688, -0.000848269, 
11, 25475.3, -22.0169, -14.6818, -40.2206, 0.000176433, 0.000118928, 0.00145672, 
12, 71640.3, 25.3121, -2.09109, 12.4996, -0.00225604, 0.000333385, 0.000907694, 
13, 19375.1, 28.0555, -2.04976, -34.7064, -0.000796161, 7.13912e-06, 0.000263553, 
14, 192659, -36.5738, -28.4349, 41.03, -0.000212333, 0.000756845, -0.000217645, 
15, 90493.3, 11.5397, 10.5648, 33.5488, -0.00126005, -8.25175e-05, -0.00142867, 
16, 55088.9, -13.9156, -11.0213, -22.3313, 0.000301367, 0.000239196, 0.000833839, 
17, 128599, -16.4568, -3.94073, 23.3941, -5.00203e-05, 0.000272022, -0.00109188, 
18, 2686.61, -17.9549, -5.44357, 24.6426, -0.000859153, -0.000732589, -0.000133073, 
19, 57797.8, -41.6742, 24.7885, 23.7225, 0.0019198, -0.000340624, -0.000504068, 
20, 50565.7, 34.8939, 24.6403, -15.4953, -0.00110539, -0.000299775, 0.000212029, 
21, 170562, -6.74597, -23.1852, -32.918, -0.000516129, 0.00021238, 0.00138716, 
22, 46366.2, 25.5369, 16.3566, -21.8598, -0.000420432, -0.00045814, 0.000213366, 
23, 48064, 41.88, 35.6019, 20.4249, -0.00054242, -0.000324164, -0.000314355, 
24, 10737.9, 21.434, 21.1195, 29.409, -0.000470552, -0.000637749, -0.000647069, 
25, 6821.61, -32.6585, -12.1115, 2.71324, 0.000972074, 0.00121904, 0.000910185, 
26, 85103.7, -18.5889, -18.5969, 22.026, 0.000104558, 0.000397567, -0.000272206, 
27, 20373.4, 4.9025, -34.3037, -23.7071, -0.000570208, 0.00143495, -0.000254986, 
28, 40858.5, -27.2212, -13.0863, 28.5948, 0.000469199, 0.000629133, 0.000128352, 
29, 20052.6, 22.1273, 1.30802, -27.3425, -0.00047083, -0.000512187, 0.000296487, 
30, 30553.1, 42.1012, -18.3778, -9.14723, -0.00129124, 0.000512444, 0.000365467, 
31, 162518, -28.4296, -44.7832, 7.41539, 0.000465381, 0.00115566, -9.66698e-05, 
32, 65626.2, 12.0834, -12.07, -0.482478, -0.000556825, 0.000519522, -4.44228e-05, 
33, 187658, -40.1266, -29.6848, 44.2591, 0.00161821, 0.000895804, -0.0014734, 
34, 143234, 11.6082, 43.3033, -46.7765, -0.000146608, -0.000603033, 0.000795765, 
35, 251764, -36.6472, 34.1812, -37.6188, 0.00237456, -0.00149068, 7.24067e-05, 
36, 188234, 3.83355, -45.4279, 11.2422, -0.000341987, 0.00119723, -0.000236499, 
37, 145115, -16.956, -27.317, 18.8622, 4.35744e-05, 0.00100493, -0.000266189, 
38, 97491.5, 38.6565, -6.04287, 1.99477, -0.00074797, 0.00059505, 0.000212584, 
39, 31783.6, -30.9711, 35.4369, -27.9164, -7.13765e-05, -0.000532184, -0.000223664, 
40, 3660.49, -14.6997, -26.5593, -0.239137, 0.000714941, 0.00124663, -0.000257067, 
41, 6882.93, 19.404, 28.2071, 13.4952, -0.000234724, -0.00164332, -0.000305629, 
42, 15820.5, 25.822, 7.34059, -32.7249, -0.000653231, -0.000628114, 0.000789923, 
43, 12851.8, 10.2971, 10.6279, 35.5325, -0.000162575, -0.000594269, -0.000887446, 
44, 207554, -43.7276, -39.5759, -27.3955, 0.000900713, 0.00127919, 0.000457561, 
45, 14218.7, 18.0728, 16.4621, -13.7996, -0.000579135, -0.000420194, 0.000417928, 
46, 94578.2, 38.4442, 29.4392, 38.5743, -0.00131744, -0.000965598, -0.00101926, 
47, 139467, 46.6391, 31.6231, 46.2081, -0.000852279, -0.000466393, -0.000851526, 
48, 34799.6, 28.6103, 25.2918, 8.12314, -0.00107266, -0.000810153, -5.85146e-05, 
49, 52524.3, -11.5578, 14.8465, -13.4518, 0.000155905, -8.95941e-05, 0.00108318, 
50, 168682, -42.3509, -26.6, -28.2011, 0.00193189, 1.53617e-06, 0.000649703, 
51, 4879.07, -33.2206, -8.79215, -32.9444, 0.000764851, -0.000742832, 0.00130467, 
52, 127413, -27.4412, -42.1671, 43.6928, 8.12372e-05, 0.00110898, -0.0011027, 
53, 2820, -17.4682, 39.9768, 3.90967, 9.40757e-05, -0.00147934, 0.000574529, 
54, 67623.2, 13.447, 10.1924, 36.8703, -0.000489991, -0.000133081, -0.000669802, 
55, 124781, -12.2484, 39.7982, -23.14, -0.000218096, -0.000262618, 4.63583e-05, 
56, 44370.6, 0.652239, -0.949305, -5.81272, -0.000268481, -0.000594051, 0.00158848, 
57, 51907.6, -7.73469, -29.5935, 2.14827, -2.12936e-05, 0.00142321, -0.000304171, 
58, 101111, -44.9652, 41.831, 7.86989, 0.00118829, -0.000907032, 9.7018e-05, 
59, 12663.5, 36.2386, -4.74055, 20.0793, -0.000681833, 0.000611619, -0.000474047, 
60, 211734, -9.41542, 39.7614, 18.8141, -9.72122e-05, -0.00106053, -0.000662223, 
61, 14072.5, 33.1389, -23.5484, -14.9484, -0.000724146, 0.000316588, 0.000370341, 
62, 39936.1, 38.7595, -43.6607, -13.8727, -0.000640059, 0.00105472, 0.000163023, 
63, 94816.2, -26.6946, 13.9329, 2.57287, 0.00266683, -0.00023653, 0.00247432, 
64, 294722, 22.9642, -1.6252, 13.7654, -0.000224097, -0.000123367, -0.000795227, 
65, 115209, -36.0271, -39.4526, -7.10502, 0.000822357, 0.000915484, 4.75473e-05, 
66, 297505, -5.6419, 43.6523, 13.9573, -0.000723117, -0.00160097, 0.000363024, 
67, 109371, 36.8732, -12.7464, 27.1767, -0.000748262, 0.000609481, -0.000498733, 
68, 50319.5, 11.6537, -22.0225, 12.3866, -0.000962631, 0.000742864, -0.000736464, 
69, 94497.4, -14.8624, 3.30694, -37.4024, 0.000241455, -0.000198914, 0.00113493, 
70, 28507.8, 17.8481, -2.87677, 37.2817, -0.000321319, 0.000310356, -0.00111058, 
71, 20301.8, -3.00813, -30.135, -10.6675, -0.000473561, 0.00136057, 0.000255502, 
72, 5514.46, -23.6622, -11.9682, -40.3197, 0.000479758, -0.000384953, 0.0014166, 
73, 51713.3, 8.60912, -24.3976, 14.6141, -0.000197139, 0.00108655, -0.000945034, 
74, 54078.6, -25.2897, -12.0033, 26.9299, 0.00105424, 0.000938582, -0.000203658, 
75, 100331, -19.876, -43.7596, -23.1934, 0.000327747, 0.00132726, 0.000601568, 
76, 16592, -18.1413, 2.45628, 42.687, -0.000234547, -1.81283e-05, -0.00136172, 
77, 214624, 1.7611, -3.70464, 2.76757, 0.000616304, 0.00258189, -0.00367379, 
78, 77042.2, -2.30616, -14.6689, -1.53011, -0.000752766, 0.000881566, -0.000399941, 
79, 131835, -38.0456, 37.1147, -44.4012, 0.00144404, -0.000644883, -0.000809161, 
80, 36841.1, 27.0545, 15.0272, -23.7968, -0.00111812, -5.24723e-05, 0.000945602, 
81, 30218.7, -37.121, -43.015, 22.4354, 0.000918037, 0.00100701, -0.000177536, 
82, 5693.83, -24.4128, -17.4194, -20.4464, 8.31945e-05, 0.000292829, 0.00018822, 
83, 46120.3, 44.4294, 14.9483, -35.7114, -0.000911014, -0.000230189, 0.000567951, 
84, 20479.4, -23.4821, -42.2998, -7.55299, 0.000372989, 0.00129662, 3.29613e-05, 
85, 115679, -12.5454, -42.5664, 22.5391, -0.000212495, 0.00122863, -0.00043136, 
86, 124413, -37.7261, -23.2897, 41.2728, 0.0011775, -0.000766565, -0.000900514, 
87, 14754.9, 31.3958, 3.5909, 23.9895, -0.000518146, -0.000400326, -0.000866497, 
88, 1562.9, 1.70121, 23.5724, -28.0168, -0.000277587, -0.000459126, 0.000843193, 
89, 213089, 42.2074, 1.34515, 20.7463, -0.00138938, -0.000239934, -0.000808054, 
90, 131961, 42.1492, -0.473223, 9.64504, -0.0015083, -0.00031183, 4.08602e-05, 
91, 25620.6, -43.1403, 2.73443, -11.498, 0.00172784, -3.91848e-05, 0.000416928, 
92, 36643.2, -29.1922, 27.3402, 20.5972, -0.00108842, 0.00130361, -7.86703e-05, 
93, 10124.3, -15.8495, -3.53372, 22.3246, -0.000751105, -4.78351e-05, 0.00128836, 
94, 134912, 17.3232, -13.2966, -0.116226, -0.0013151, 0.000520605, 4.96581e-05, 
95, 352934, 1.75828, -3.59756, 2.61053, -0.00105002, -0.00185743, 0.00171834, 
96, 53519.9, -34.3496, -7.08108, 40.1969, 0.000706316, 0.000683937, -0.000859754, 
97, 179640, -23.7407, 11.6071, 8.30355, 0.00167013, -0.00279699, 0.000616105, 
98, 92275.8, 34.0991, -19.5155, -28.3451, -0.00112456, 0.000466419, 0.000456753, 
99, 37250.3, -9.11254, -39.6212, -37.9639, 0.000317635, 0.000835944, 0.000910943, 
100, 237086, -25.2217, -39.0768, 31.4468, 0.00019076, 0.00113791, -0.000414071, 
101, 89616.5, -36.934, 3.35675, -10.5801, 0.00113207, -6.52842e-05, 0.00056387, 
102, 131392, -34.8166, -10.7369, 23.6262, 0.00135648, 0.000228257, -0.000170642, 
103, 134711, 37.626, 29.5293, 36.7516, 8.74206e-05, -0.000479661, 0.000425569, 
104, 108522, 20.1472, -16.0436, -33.8637, -0.000143179, 0.000656756, 0.00083504, 
105, 228291, 42.5881, -4.94501, 40.0157, -0.00097467, -0.000713951, -0.00136203, 
106, 233820, 26.3755, 42.9927, -15.7659, -0.000851269, -0.00157594, 0.000395314, 
107, 93778.3, -30.7629, -12.2131, -19.3133, 0.000757521, -0.000368377, 1.11174e-05, 
108, 109531, -5.57401, -6.2785, -2.72912, 0.000730021, -8.27895e-05, 0.000641767, 
109, 162559, -32.1881, -14.3287, 0.279229, 0.0011, 0.000404809, -4.61153e-05, 
110, 104548, -19.7724, 44.0218, -42.6155, -0.00021687, -0.000865307, 0.00084955, 
111, 390486, -34.4386, 1.35978, 42.4896, 0.000667397, -0.000201295, -0.00116318, 
112, 17258.3, 2.77131, -25.2009, 22.2704, -0.00026963, 0.000746427, -0.00100922, 
113, 11495, 38.6767, 14.3745, -2.84869, -0.00108629, -0.000475636, 0.000259015, 
114, 198051, 25.3844, 35.6883, -22.6093, -0.000448551, -0.000180363, 0.000514953, 
115, 43163.1, 9.48829, -25.5092, 4.70748, -0.000601103, 0.00160499, -5.53963e-05, 
116, 54122, -17.6962, 27.0869, 31.3175, -0.000738393, -0.000700705, -0.00213892, 
117, 7321.58, -18.4537, 14.3216, 21.1644, -0.000567711, 0.000614149, -0.00107575, 
118, 45671, 35.1134, 25.488, -43.9194, -0.000642607, -0.000310669, 0.000810777, 
119, 335394, -25.6826, 32.4083, 20.9276, 0.000467216, -0.00212037, 0.000173752, 
120, 146744, -14.4976, -29.8297, -16.8633, 0.000114387, 0.000969955, 0.000716066, 
121, 144968, -29.2421, 27.4388, 21.2758, 0.00014828, 0.000480026, -0.00217923, 
122, 58573.5, 6.79913, 15.1076, -4.53803, -0.000675998, -0.000933574, 0.000328755, 
123, 69771.2, -11.8497, -5.93553, -23.3565, 5.84067e-05, -0.00043017, 0.00101762, 
124, 73065.8, -32.5228, 36.5783, 3.90997, 0.00107726, -0.00121283, 0.000443534, 
125, 176383, 43.2684, -1.83101, 41.5369, -0.000495397, 0.00120813, -0.000306415, 
126, 46062, 36.0944, -13.5725, -3.58715, -0.00100033, 0.000741199, 0.000396819, 
127, 56478.2, 39.3087, 31.7515, 34.4073, -0.000495625, -6.89021e-05, -0.00162263, 
128, 73371.6, 6.87101, 7.96251, -43.6116, -0.000188043, -0.000300424, 0.0012142, 
129, 64320, -21.875, 31.548, 12.6128, -0.000145094, -0.00132894, 0.000962971, 
130, 34299.5, -36.9461, -22.0614, -27.9998, 0.00192612, 0.000708156, 0.00166018, 
131, 95466.1, -15.3164, -36.6866, -14.9341, 0.000165041, 0.00164516, 1.86624e-05, 
132, 38698.9, -39.7283, -38.8107, 6.75512, 0.00108212, 0.000724665, -0.000152331, 
133, 99701.7, -16.5413, 13.8362, 7.9716, -0.00147026, -0.00025145, -0.0002996, 
134, 390402, -7.87117, -18.0199, -4.9248, 0.000365718, 0.000857324, 0.000287486, 
135, 51660.2, 3.1238, 12.2819, 35.768, 0.000339906, -0.000321089, -0.00141888, 
136, 67734.6, 25.9179, 42.4825, -14.4675, 0.000304703, 0.000286424, -0.00223163, 
137, 2782.49, 5.06447, -2.3414, -30.5978, -0.000175478, -0.000585767, 0.00130297, 
138, 74344.9, 20.9338, 24.9412, 13.3407, -0.000464188, -0.000881301, -0.000329081, 
139, 97141.8, 23.4178, -20.3151, -5.09592, -0.000987094, 0.00095532, 0.00029252, 
140, 210366, -9.33312, 23.7026, -10.4121, -0.000177362, -0.00071653, 0.000597871, 
141, 40577, 3.00393, 27.1612, -5.19837, -0.00060791, -0.000946654, 0.000234571, 
142, 42182, 41.3431, 1.00072, 18.4618, -4.49292e-05, -0.00027357, 0.000992593, 
143, 43465.5, -29.9552, 22.1066, 25.345, 0.00284415, 0.000797537, -0.0014805, 
144, 15541.7, -25.1896, 23.6452, 18.6057, 0.000615493, -0.000434718, 0.00144253, 
145, 77758.8, 7.14184, -11.2189, -3.94865, -0.000698816, 0.00055195, 0.00100374, 
146, 59817.6, 4.7509, -16.8135, -17.9564, -0.00044948, 0.00047396, 0.000867752, 
147, 25797.1, -5.85672, -42.8301, -30.6306, 5.45468e-06, 0.00117549, 0.000504632, 
148, 56695.6, 9.22481, -20.3674, 5.49573, -0.000513991, 0.000925522, -0.000369611, 
149, 5675.67, -23.839, 22.9202, 23.8774, 0.0026833, -0.00294348, 0.00288397, 
150, 10058.9, 6.51953, -30.326, 18.6971, -0.000361636, 0.00117992, -0.000848363, 
151, 109307, 35.8459, -31.9507, 30.3953, -0.00129258, 0.000932421, -0.000373473, 
152, 64680.1, 8.64504, 11.1444, 34.2458, 0.000629655, -0.000294795, -0.000635981, 
153, 355851, 18.5635, -37.0758, -33.3281, -0.00050127, 0.000798486, 0.000680744, 
154, 112081, 26.6162, -6.47329, -36.3169, -0.00136243, -0.00237967, 0.00475668, 
155, 136525, 46.5547, -39.0214, -42.8852, -0.000666499, 0.000441842, 0.000510261, 
156, 24618.5, -43.3486, -18.2528, -16.7279, 0.00144126, 0.000138266, -0.000118696, 
157, 30278.3, -11.2582, 1.56783, -5.38637, 0.000450216, -0.000295105, 0.000849952, 
158, 74807.4, -36.8257, 39.9906, -35.7132, 2.39008e-05, -0.00260801, -0.000466961, 
159, 13757.2, -28.5872, -28.6852, 42.6089, -0.000731433, 0.000453068, -0.0016306, 
160, 30157.7, 9.43764, -8.58673, -14.2268, -0.000708521, -4.45659e-05, 0.000969603, 
161, 499913, -32.9019, -19.0171, -27.9056, 0.000444743, 3.39797e-05, 0.000890363, 
162, 243908, 2.89258, -44.7903, -45.5585, -4.11868e-05, 0.000782746, 0.000892124, 
163, 156234, -17.6521, -20.0323, 31.0445, -0.000333592, 0.000547429, -0.00120036, 
164, 180799, 26.4337, 38.2558, -26.1002, -0.000641119, -0.000685136, 0.00106781, 
165, 449860, -23.6184, 13.7174, 4.80966, 0.000293712, 0.000570704, 0.000400789, 
166, 12627.8, 9.15308, 37.7882, 42.2034, -0.000271152, -0.000315345, -0.00052521, 
167, 72413.6, 42.4337, -37.2464, -11.0896, -0.00101426, 0.00067074, 7.46565e-05, 
168, 123248, -7.92136, 37.0149, 25.6945, -0.000767554, -0.000796306, -0.0015306, 
169, 19058.1, 37.8338, -33.1795, -7.75837, -0.000712718, 0.000627939, -0.000196642, 
170, 37240.7, 10.2285, -17.1058, 37.523, -0.000253332, 0.000447706, -0.00105449, 
171, 10520.8, 34.1861, -24.3756, -14.8193, -0.00138522, 0.000864732, 0.000231042, 
172, 66867.4, -25.7669, -11.407, 28.4544, 8.05447e-05, -0.000598659, -0.00167534, 
173, 286204, -31.7717, 40.6951, 26.4669, 0.00110448, -0.00164508, -0.00101053, 
174, 7121.25, -16.2209, -4.1371, 23.611, -2.38139e-05, -0.00248806, 0.000664364, 
175, 44439.5, 6.21782, 9.28498, -4.35651, -0.00072754, -0.000528313, 0.000593758, 
176, 95063.2, -6.34319, 21.5495, 15.0989, -0.000862865, -0.000510648, -0.000422948, 
177, 172893, -11.5954, 36.4564, -21.0713, 4.51813e-05, -0.00146573, 0.000977305, 
178, 46650.2, 41.3377, -35.757, 24.1002, -0.00099508, 0.000914533, 2.75304e-05, 
179, 38532.6, -36.7569, 38.9187, -25.767, 0.000739415, -0.000952439, -0.000532508, 
180, 32991.6, -30.4615, -27.1353, 18.1176, 0.000991224, 0.000748827, -6.88679e-05, 
181, 177479, -38.4875, 35.1932, -35.5711, -0.000360835, 0.000591788, 0.00115553, 
182, 87.2575, 27.2944, 39.8176, -29.8091, -0.000980535, -0.0013703, 0.00190692, 
183, 128620, 5.28385, 0.702138, -32.9738, -0.000134653, -0.000174107, 0.000931039, 
184, 162169, 39.8547, -4.89107, 1.41937, -0.00142399, -8.15584e-05, 0.000589153, 
185, 20340.7, 1.6607, -2.96958, 7.72916, -0.000444827, -0.000744194, -0.0024242, 
186, 53688.5, 1.04884, 22.1158, -43.5333, -0.000138063, -0.000389889, 0.000983015, 
187, 29804.3, -21.3005, -21.7519, 9.48438, 0.000673268, 0.000691807, -3.65037e-05, 
188, 354857, 26.3631, -6.86378, -36.0606, -0.000565973, 0.000595524, -0.000295102, 
189, 50155.5, 23.3211, 41.837, -42.6606, -0.000548443, -0.000600692, 0.000834321, 
190, 7112.4, -26.1929, 31.4346, 22.851, 0.000306019, -0.00190653, -0.00340697, 
191, 126540, -41.2125, -30.207, -27.5232, 0.000367714, 0.0013526, 0.000367206, 
192, 354318, -38.1472, 35.9014, -40.1883, -0.000388289, 0.00036838, 0.00167307, 
193, 107194, 10.3999, 42.3054, 46.8062, -0.00027674, -0.000698765, -0.000839028, 
194, 224461, 30.0389, -29.9089, 32.0561, -0.000118992, 0.000627881, -0.000780089, 
195, 635832, -24.0299, 24.245, 24.2707, 0.000609786, -0.000169538, -0.00114544, 
196, 66151.1, 6.07295, -35.8121, -21.7448, -0.000127202, 0.000905055, 0.000454402, 
197, 47866.1, -15.3885, -25.6819, -14.3687, 0.000839174, 0.000237317, 0.000128929, 
198, 66662.6, 25.2891, 24.6434, 0.0460553, -0.000754489, -0.00062389, 0.000184127, 
199, 70426.5, -26.3748, 34.3766, -1.57779, 0.000493043, -0.00117662, 0.000737026, 
