ID, Mass [kg], pos_0 [m], pos_1 [m], pos_2 [m], vel_0 [m/s], vel_1 [m/s], vel_2 [m/s], 
0, 5682.38, 0.372296, -3.95061, -0.73495, 0.00685784, 0.000493177, -0.00315315, 
1, 51291.5, 7.90327, 13.6196, -9.04473, -0.00318488, -0.0031898, 0.00270756, 
2, 73779.3, -2.54937, -2.39482, 1.66134, 0.000761287, 0.00389668, -0.00676213, 
3, 9731.99, -2.73645, -1.67481, -6.66524, 0.00568602, -0.00649449, 0.00551943, 
4, 104587, -0.725731, 1.66846, 0.812629, -0.00470952, -0.00575337, 0.00176385, 
5, 42215, -4.03863, 1.36054, -3.34091, 0.00396024, 0.00397594, 0.00554049, 
6, 57220.4, -8.14604, 7.20863, 4.82339, 0.00720673, -0.00934021, -0.000644036, 
7, 44855.5, -0.181079, 1.06474, -1.83987, -0.000795173, -0.00179804, 0.00542172, 
8, 276797, -5.17352, 6.86023, -4.14253, 0.00286702, -0.00192974, 0.00763242, 
9, 2643.18, -3.23908, 0.492111, -1.86287, 0.000162571, 0.000129563, 0.00611927, 
10, 33961.7, -9.48356, 4.21492, 5.02731, 0.00105112, -0.00324821, -0.00260021, 
11, 8691.35, 2.05772, -8.4366, 3.59184, -0.00607018, 0.00621795, -0.000268208, 
12, 141682, -3.84062, -0.814567, 1.90962, -0.00348888, -0.0014739, 0.00120908, 
13, 288611, -2.05364, -1.73976, 0.742006, 0.00996278, 0.00210612, 0.00348352, 
14, 512847, -7.2517, 5.39274, 4.8286, 0.0046212, -0.0066874, -0.00798697, 
15, 15651.7, -0.416701, 0.0321777, 2.44834, 0.00109658, 0.00121643, 0.00279301, 
16, 182451, -1.3357, 7.33224, -8.9006, -0.0027801, -0.00448363, 0.005612, 
17, 62197.8, -3.65166, 8.5857, -2.26933, 0.00420778, 0.00145507, 0.00285509, 
18, 185440, -0.26501, -2.22073, 5.16695, 0.00466253, 0.00586224, 0.00196052, 
19, 36701.4, -10.0927, -6.21525, 9.03347, 0.00427554, 0.00374823, -0.00441442, 
20, 106936, 7.47193, 10.0219, -1.75127, -0.00488519, -0.00467193, 0.0012217, 
21, 161838, -2.4321, -3.66175, 3.90427, -0.00364551, 0.00129135, -0.00176557, 
22, 144875, -2.85023, -0.945333, 0.166228, -0.0097162, 0.00725787, -0.0082571, 
23, 100936, -6.59241, 0.795931, -4.93048, 7.51251e-05, -0.00765031, 0.00304488, 
24, 95186.1, -6.70284, -6.30366, -7.19256, 0.00192512, 0.00535533, 0.00654746, 
25, 151808, -3.20117, 10.427, -9.14837, -0.00217052, -0.00473672, 0.00490144, 
26, 118354, -7.05555, 3.80634, -4.23144, 0.00269422, -0.0030965, 0.00722892, 
27, 149234, -4.91803, -0.41179, -0.270014, 0.0040889, 0.00591824, 0.00623493, 
28, 9985.68, -2.43971, -0.0402106, 1.4392, 0.00725496, -0.0055095, 0.000497648, 
29, 180895, -3.8603, -2.9084, 0.942843, -0.00960137, 0.00684671, -0.00830273, 
30, 486.041, 0.185641, -5.49757, 3.93477, -0.00844191, 0.00530918, -0.00193073, 
31, 70262.9, -2.74597, -4.28767, -2.11134, -0.00132627, 0.00864103, 0.00643263, 
32, 45902.1, -2.13463, 1.42543, -0.385823, -0.000415764, 0.00108508, 0.00706021, 
33, 24444.7, 0.523618, -1.0725, -0.949218, -0.00319056, 0.000642231, 0.00568893, 
34, 65679.9, -7.07248, 2.49035, 3.12114, 0.00804403, 0.00272681, -0.00468241, 
35, 3309.29, -2.39013, -1.56488, 1.54711, 0.0131316, 0.0018851, -0.000504191, 
36, 8280.38, 8.00454, -7.21662, -2.00456, -0.00528564, 0.00329783, 0.00242962, 
37, 94538.9, -0.157829, 0.0766775, 3.33361, 0.00167179, 0.00239222, -0.00499936, 
38, 30213.7, -7.71901, 3.49096, 4.9202, -0.00154269, 0.000726266, -0.00302216, 
39, 53471.9, -0.291153, 7.37685, 1.29576, -0.00357782, -0.00815357, 0.00542087, 
40, 43100.3, 7.12904, -5.22237, 7.19934, -0.00853331, 0.000345939, -0.00388528, 
41, 44746.6, -5.78314, 0.492818, -6.33438, 0.00341473, -0.00846582, 0.00402697, 
42, 34053.9, -5.97248, 1.17061, -6.90431, 0.00219242, -0.00455553, -0.00330121, 
43, 54380.2, 0.202209, -0.955969, -0.387405, -0.00676945, 0.00077705, 0.00737015, 
44, 38723.2, -8.36571, 7.04813, 3.11562, 0.000263221, -0.00209601, -0.00321956, 
45, 2321.23, -2.7091, -1.00207, -0.391317, 0.0083172, 0.000664682, 0.0055486, 
46, 241169, 0.755266, 5.1141, -1.06484, -0.00364382, -0.00781126, 0.00235435, 
47, 344827, -0.0688466, -0.131837, -1.56699, -0.00578371, 0.000848859, 0.0072529, 
48, 39271.1, -0.650401, -1.45199, 1.10671, -0.00622085, -0.00921757, -0.00434963, 
49, 19687.8, 10.1928, -9.45322, -0.95095, -0.00480881, 0.00329867, 0.00151749, 
50, 61216.8, -6.05842, -0.569638, 5.09464, -0.00358699, 0.00701214, -0.00136551, 
51, 19182.2, 6.18953, -5.26695, 8.04342, -0.00479751, -0.000560939, -0.000768338, 
52, 12420.5, -3.3033, -3.78227, 1.36936, -0.00323243, 0.00524977, -0.00190291, 
53, 85447.4, 7.76223, 4.43894, 8.76529, -0.00505634, -0.00177148, -0.00360181, 
54, 361436, -6.37885, 4.05312, 4.64708, 0.000117741, -0.00320163, -0.00206837, 
55, 158926, -5.61323, 3.6195, 7.7816, 0.00268108, -0.00398126, 0.000216273, 
56, 49282.6, 6.75032, -5.04115, 6.74924, -0.00405214, -0.000658499, -0.00139822, 
57, 218355, 1.43002, 2.38678, 3.42354, -0.00428034, -0.00522398, -0.00538105, 
58, 22371.5, -9.88223, 6.74431, 7.96226, 0.00709451, -0.0039879, -0.0019588, 
59, 55919.9, 3.19969, -6.37531, 3.2703, -0.00424067, 0.00642666, -0.00183193, 
60, 21598.8, 0.185278, -3.65492, 1.12091, -0.00594527, 0.00973215, -0.00931606, 
61, 398.952, -1.1377, -0.669889, 3.45362, -0.00162659, 0.00377083, 0.00342572, 
62, 1108.92, -5.79802, 7.5942, -6.13961, 0.00436046, -0.00479593, 0.000917339, 
63, 108555, -0.101621, -2.7144, 2.51512, 0.0107288, 0.00461376, 0.00501278, 
64, 244863, -5.24297, 2.36409, -7.79149, 0.00155252, -0.00192309, 0.00695804, 
65, 220694, 7.11671, -5.05819, 7.19372, -0.00591834, 0.00273264, -0.00235106, 
66, 61700, 1.51706, -7.97456, -7.07881, -0.00284161, 0.00446761, 0.0047359, 
67, 55388.9, 12.808, -6.26587, -11.2301, -0.00338165, 0.00173936, 0.00270794, 
68, 211156, 0.415043, -1.47269, 1.98809, 0.000954735, 0.0013994, -0.000194223, 
69, 12720.6, -6.30278, 0.447492, -5.27475, 0.0064341, 0.00792456, 0.00450678, 
70, 25096, -4.62568, 0.0912015, 2.48467, 0.00699261, -0.00110633, -0.00704361, 
71, 179870, -2.24425, -4.94324, 4.16803, -0.00171044, -0.00152644, 0.00176569, 
72, 79123.8, 5.74774, 5.26187, -0.286194, -0.00694317, -0.00433791, 0.00127905, 
73, 110870, -5.36786, 3.90288, 4.07066, 0.00407985, -0.00453813, -0.006751, 
74, 43359.1, -9.1964, -3.19419, -3.88296, 0.00539116, -0.00643476, 0.00866821, 
75, 140124, 0.786158, -3.43851, 0.431806, 0.00252858, 0.00544001, -0.00221448, 
76, 229268, 2.95866, -6.41033, 3.59202, -0.00670152, 0.00697783, -4.61137e-05, 
77, 302149, -7.03752, 0.593057, 6.32552, 0.00666225, 0.00201741, -0.00619071, 
78, 100708, 2.81249, -1.02931, 3.0283, 0.00543453, 0.00482951, -0.00211069, 
79, 46633.4, -1.30049, -0.928186, 3.22295, -0.00101261, 0.00566587, -0.00106012, 
80, 143926, 0.838288, -3.42669, 0.406375, 0.00379518, 0.00192008, -0.00679776, 
81, 270.261, 5.61133, -0.14165, -5.87598, -0.00538731, 0.000952243, 0.00585713, 
82, 159650, -3.80965, 0.128758, 0.765454, 0.00166046, 0.00590296, -0.00253926, 
83, 24756, 1.37152, 3.42357, 2.68775, -0.00433814, -0.00739548, -0.00756308, 
84, 18375.3, -5.50283, -5.29796, 1.38937, -0.00479366, 0.00641139, -0.0017671, 
85, 491877, -9.42988, 6.74482, 7.60063, 0.0026248, -0.00116804, -0.00366733, 
86, 194807, -7.89926, 3.39565, 3.25378, 0.00226246, -0.00306993, -0.00454023, 
87, 8649.23, -10.7713, 1.98908, -5.9629, -0.00174923, -0.00248841, 0.0012895, 
88, 138901, -6.96082, -1.77429, -0.948257, -0.00348084, 0.00747825, -0.00548377, 
89, 50202.9, 0.26882, 2.54689, 3.36265, -0.00424284, -0.00618902, -0.00113061, 
90, 98321.9, -3.715, -2.76252, 2.52295, -0.00136929, 0.00987523, -0.00875773, 
91, 384069, -3.9388, -0.353752, -0.538234, 0.000895675, 0.00886296, -0.00402417, 
92, 81279.9, -5.16698, 4.3326, -4.7682, 0.00523163, 0.00771191, 0.00298764, 
93, 91375.2, -0.277713, 1.591, -3.73072, -0.00578702, 0.00108263, 0.00484675, 
94, 5476.7, 1.20481, 1.90265, 1.84718, 0.00387586, 0.0100078, -7.1654e-05, 
95, 33452.5, -2.50417, -4.67588, -0.314591, -0.00358138, -0.00500204, -0.00435369, 
96, 25752.1, 13.9813, 12.3985, 11.7756, -0.00286704, -0.00299285, -0.00237164, 
97, 200797, 0.169061, 0.104879, -3.09284, -0.0108533, 0.000728215, 0.00564145, 
98, 298981, -1.77612, -1.39354, 2.28821, -0.00294822, 0.00555043, -0.00971614, 
99, 93146, -0.0757676, 3.7696, 0.00121292, -0.00435743, -0.00906446, 0.00220847, 
100, 8612.85, 5.73438, -5.36417, 5.61614, -0.00560452, 0.0053268, -0.00158283, 
101, 24343.5, -6.11547, 0.714754, -2.29593, 0.00149057, -0.00585122, -0.00175098, 
102, 10296.7, -2.10926, -2.18915, 2.86816, -0.0102876, 0.0090695, -0.0117668, 
103, 15719.8, -4.74085, 7.89651, -4.54475, 0.00585875, -0.00229377, 0.000295099, 
104, 230040, -6.82464, 0.904366, -5.08654, 0.00670767, -0.00550575, 0.00798587, 
105, 17846.1, -0.285559, -3.26273, 1.66217, 0.00603522, -0.00216861, -0.00497625, 
106, 22216.6, -1.70831, -2.61781, 1.67623, 0.00107336, 0.00431125, -0.00671749, 
107, 98486.7, -6.0727, 4.21312, -6.20272, 0.00685274, -0.00661163, 0.00243279, 
108, 214214, 8.76141, 6.37507, 9.50184, -0.00474163, -0.0015517, -0.00162778, 
109, 131614, -4.58495, 0.863662, -3.09266, 0.00533072, 0.00738412, 0.00477866, 
110, 160023, 0.347573, -1.08437, 2.23989, -0.000451303, 0.000393429, -0.00436897, 
111, 115735, -2.72713, -1.44151, 2.46818, -0.000223665, 0.000933655, 0.00261171, 
112, 378585, -9.09711, 7.61788, 5.58296, 0.00536263, -0.00773147, 0.000648165, 
113, 83295.8, 1.59154, 4.79848, 5.47037, -0.00235072, -0.00516521, -0.00498992, 
114, 148827, 4.32848, 3.69981, -1.23675, -0.00741647, -0.00162611, 0.00232907, 
115, 285284, -6.28033, 6.51188, -8.76056, 0.00348171, 2.12819e-05, 0.00146956, 
116, 515864, -3.38531, -2.59536, 3.30321, 0.00354759, 0.00846844, -0.00241504, 
117, 88363.5, -6.47458, -3.75352, -5.87932, 0.00214777, 0.00674922, 0.00500844, 
118, 155064, -10.6937, 2.58361, -5.58012, -0.00400081, -0.00456349, 0.00434765, 
119, 18098.3, -4.76524, -1.43089, 0.962911, -0.0023871, 0.00606396, -0.00119676, 
120, 34391.6, -9.25345, 6.83008, 9.12085, 0.00340186, -0.00236422, -0.0022489, 
121, 78154, 0.74078, -4.00201, 1.499, 0.00544565, 0.00739122, 0.00245595, 
122, 10497, -0.455558, 0.523848, -3.14526, -0.00714907, -0.000723204, 0.00416595, 
123, 59058.1, -3.76184, -2.70372, 2.70868, -0.00288343, -0.00866719, 0.00142566, 
124, 5646.35, -2.7477, -3.11455, -0.400456, -0.00722429, 0.00421108, -0.00845737, 
125, 103346, -6.80239, 5.32612, 3.24845, 0.00395539, -0.00665095, -0.003601, 
126, 64702.5, 11.1185, 5.06289, 2.09155, -0.00499745, -0.00149201, -0.00418692, 
127, 199056, 1.23397, -2.52562, 1.02451, -4.66022e-05, 0.00814513, -0.00121973, 
128, 192649, -2.32811, -0.457578, -1.50825, -0.00254063, -0.000276799, 0.00712451, 
129, 1707.71, -0.189951, 1.3529, 2.8869, -0.00589503, -0.00749553, -0.00170696, 
130, 19869.9, -4.30881, 5.62008, 2.29182, 0.00493851, -0.00413672, -0.00655717, 
131, 143979, 0.155771, 5.91677, -0.784183, -0.000927562, -0.0029911, -0.000158737, 
132, 37850.6, 7.80919, -8.25635, 9.85918, -0.00288412, 0.00422313, -0.00451864, 
133, 50031.5, -8.36791, 3.22339, 4.92575, 0.00658906, -0.00841589, -0.00838586, 
134, 369068, 7.554, 4.81163, 4.83468, -0.00550617, -0.00225144, -0.00281212, 
135, 3806.98, -5.11746, 4.55235, -5.00584, 0.00101289, 0.00757816, 0.00566036, 
136, 64591.7, -5.58114, -2.79701, 4.98607, -0.00430258, 0.00272791, 0.00173179, 
137, 1688.15, 1.13198, -1.16298, 2.87366, 0.00616791, 0.0108845, -0.00265164, 
138, 439943, -6.38409, -0.250395, -2.9584, 0.00547449, -0.00347616, 0.00582029, 
139, 72054.1, -0.77021, -0.875273, 3.43498, -0.00176276, 0.00567507, 0.00181369, 
140, 10511.3, -6.04295, 5.3219, -6.01191, 0.00270085, 4.39784e-05, -0.000624781, 
141, 28560.6, -6.22452, -0.563393, -3.39275, 0.00601216, 0.00837003, 0.00816414, 
142, 92270.6, -4.91251, -2.37851, -3.31269, 0.00199625, 0.00840162, 0.00705365, 
143, 57507.6, 8.69554, -0.813652, -8.88972, -0.00468053, 0.000565525, 0.00421619, 
144, 106955, 0.9461, 5.80517, -3.24091, -0.00173842, -0.00406201, -0.00237125, 
145, 53021.1, -3.34272, -1.59617, 1.43388, 0.00303405, 0.000796471, -0.00815426, 
146, 127593, -3.47948, 0.051397, 2.35976, 0.00473794, -0.00573186, -0.00125923, 
147, 31386.3, 0.70367, 0.331277, 1.99452, -0.00197518, 0.00700632, -0.000456996, 
148, 89613.6, -2.27125, -1.99588, 3.10753, -0.00784951, 0.0122888, 0.00675218, 
149, 251415, -6.23329, 4.56166, -7.96104, 0.00212592, -0.00205295, 0.00495203, 
150, 55890.6, -0.0226974, -3.53185, 1.32547, 0.0091534, 0.00799636, -0.00103622, 
151, 174949, -6.42365, 1.29906, -5.13091, 0.00134964, -0.001387, 0.00763205, 
152, 66072.8, -7.27223, 6.67825, 1.45812, 0.00198332, -0.00143528, -0.00561016, 
153, 19075.8, -2.16288, -6.7314, -1.79382, -0.000944167, 0.00777569, 0.00533533, 
154, 47261.5, -1.70736, -3.50224, 3.91499, 0.00198343, 0.000337723, 0.0047121, 
155, 102102, -0.500187, -0.358935, 2.11521, -0.00363903, 0.00472768, -0.00310304, 
156, 5375.03, -0.633426, -0.0431668, 1.72263, 0.00710897, 0.0074508, -0.00659374, 
157, 3761.7, -4.99098, -2.91334, 5.65117, -0.00304815, 0.00119505, 0.000967902, 
158, 7652.65, -0.0969739, 3.83749, 4.2973, -0.00649513, -0.00396248, -0.00458876, 
159, 47070.1, 0.0515006, -1.28812, 0.348781, 0.000900409, 0.0080034, 0.00123408, 
160, 17972.9, -8.03389, 0.212261, -1.90023, 0.00260182, -0.000449025, 0.0092698, 
161, 218629, -6.46891, 3.73963, -4.61849, 0.00227828, 0.00346697, 0.00279895, 
162, 138887, -2.96679, 1.6666, 2.95505, -0.00373507, 0.00609376, -0.00330433, 
163, 33277.3, 0.300878, -0.224676, 0.0104358, -0.00710979, -0.00177126, 0.0105434, 
164, 167891, -3.26927, -3.72443, -0.0280841, -0.00387152, 0.000271751, -0.00335218, 
165, 62570.5, 0.218418, 12.3192, 1.20288, -0.00219776, -0.00528667, 0.0010902, 
166, 38130.4, -2.05345, -8.1671, -7.43297, -0.00105605, 0.0051067, 0.00534092, 
167, 22403.8, -6.74923, 3.54477, -5.65796, 0.00323128, -0.000277853, 0.000170513, 
168, 1479.59, -6.70963, 4.69218, 7.6368, 0.000539566, -0.00520491, 0.00230473, 
169, 20399.9, -6.26242, 3.30369, -10.3879, 0.00517868, 0.00241217, 0.0048271, 
170, 115854, -2.26082, -1.90433, 1.70063, 0.00139806, -0.00146212, -0.00955719, 
171, 27762.9, -1.99036, -2.95609, 1.18435, -0.00743739, 0.0124225, -0.00859226, 
172, 250928, 1.09479, 5.97916, -3.04874, -0.00384752, -0.00712697, 0.00195952, 
173, 74469.2, 10.2072, 0.695404, 6.22982, -0.0034729, -0.00504085, -0.00249506, 
174, 143481, 10.1064, -6.39949, 8.4697, -0.00525882, 0.00326644, -0.00400792, 
175, 27145.1, -0.826423, -0.520746, 3.00755, -0.00473452, 0.00669399, -0.00286129, 
176, 32620.6, -2.88411, -4.15772, -0.0601789, -0.00632467, -0.00483892, -0.00716323, 
177, 52575.7, -7.62433, 8.07773, -8.40389, 0.00132055, 0.000203682, 0.00181109, 
178, 19746.4, -2.98721, -4.91904, 5.56443, -0.00369085, 0.00551325, -0.00608554, 
179, 33623.1, 6.00282, 5.33022, 4.89163, -0.00794584, -0.0024102, -0.000969198, 
180, 50349.8, 5.77556, 6.30652, 7.41904, -0.00580396, -0.000909585, -0.00387671, 
181, 89376.8, 4.47664, 3.83955, 1.48737, -0.00719832, -0.00162271, 0.00109629, 
182, 42160.2, -6.5316, 2.41397, -8.62121, 0.00354767, -0.00234518, -0.00161569, 
183, 100544, -6.23384, -0.832563, -1.20038, 0.00713635, -0.00215933, 0.00560173, 
184, 1446.88, -2.71337, -2.86106, -1.10856, 0.000453157, 0.00910345, 0.00704854, 
185, 119694, -6.94154, 0.830409, -2.31519, 0.00232644, 0.00481239, 0.00354042, 
186, 120999, 1.18602, -0.219832, 3.50135, 0.00831926, 0.0101736, 0.000351098, 
187, 52698.3, -4.32209, -2.49563, 0.25049, -0.000566358, 0.00739816, -0.00627214, 
188, 105467, -3.80473, -2.17073, 3.68494, -0.007518, 0.00368694, 0.00574269, 
189, 99748.4, -7.82055, 7.87382, -4.61754, 0.00478706, 0.0016561, 0.00238378, 
190, 77133, -1.78888, -1.6666, 3.26675, 0.00284088, 0.00742831, -0.0020227, 
191, 178804, -5.42825, -0.734087, -4.24391, 0.00554128, -0.00819818, 0.00771714, 
192, 8685.6, -4.37592, -3.95027, 2.82324, -0.00337452, 0.00516093, -0.000324181, 
193, 256954, -2.72106, -4.16153, 1.93902, -0.00257002, -0.00646527, -0.00624649, 
194, 53540.6, -4.02136, 0.672282, 4.59263, -0.00448175, 0.00918638, 0.000977567, 
195, 220652, -4.93179, 2.36559, -5.06752, 0.00606301, -0.00348348, 0.00472135, 
196, 10258.1, 0.614502, 7.20613, -1.36095, -0.00801337, -0.00695657, 0.00204564, 
197, 6083.3, -5.66332, 6.69786, -5.22344, 0.0097543, -0.000856594, 0.0026371, 
198, 127562, -3.33962, -4.49177, 1.57667, -0.0061487, -0.00350531, 0.00207553, 
199, 34766.2, 7.84706, 5.38593, 6.23908, -0.00738605, -0.00427234, -0.00440419, 
