ID, Mass [kg], pos_0 [m], pos_1 [m], pos_2 [m], vel_0 [m/s], vel_1 [m/s], vel_2 [m/s], 
0, 97975.8, 23.4856, -33.0396, -19.8939, -0.0009345, 0.00106657, 6.82898e-05, 
1, 77894.7, -6.62606, -22.4571, -30.9757, 0.00155846, 0.000570449, 0.000363395, 
2, 11402, -36.8155, -27.2594, 40.0736, 0.00050371, 0.000849332, 0.000278754, 
3, 66098.7, 22.9046, 17.7195, 12.4945, -0.00101271, -0.000469169, -0.00033385, 
4, 44838.5, 41.0029, 35.0664, 19.7816, -0.00178243, -0.00187175, 0.000606023, 
5, 294431, -23.8613, 17.3363, 7.09251, 0.00157622, -0.000764303, -0.00122066, 
6, 45520.7, -16.948, 26.4747, -41.5107, -0.000140547, -0.000224782, 0.00126639, 
7, 104607, -31.3599, -26.7207, 36.8396, 0.00049534, 0.00082661, -0.000656962, 
8, 18630.4, 28.7003, 28.6811, 19.3431, -0.000795927, -0.00103687, -0.00038514, 
9, 6880.78, 10.5356, -35.607, 27.9798, -0.000385844, 0.0011304, -0.000934622, 
10, 62559.5, 32.227, 12.0883, 36.1763, -0.000605288, -0.00037299, -0.0010503, 
11, 25475.3, -21.7058, -14.4584, -37.5525, 0.000202582, 0.000159159, 0.00182495, 
12, 71640.3, 19.8505, -1.35276, 13.3739, -0.00268371, 0.000253399, -0.000416553, 
13, 19375.1, 26.3139, -2.93072, -34.3368, -0.00136564, -0.00120021, 0.000174668, 
14, 192659, -37.2061, -27.1924, 41.1497, -0.000244579, -8.81669e-05, 0.000474087, 
15, 90493.3, 9.06724, 10.4839, 31.7429, -0.00149741, -4.33479e-05, -0.000519931, 
16, 55088.9, -13.3326, -10.5418, -20.8051, 0.000423684, 0.000363688, 0.00104272, 
17, 128599, -16.4859, -3.52133, 21.5639, -4.83851e-05, 0.00023483, -0.00114018, 
18, 2686.61, -18.9349, -6.21911, 23.9049, -0.000411112, -0.00029146, -0.000709194, 
19, 57797.8, -38.0721, 24.1925, 22.7542, 0.00252843, -0.000386429, -0.000696189, 
20, 50565.7, 32.8754, 24.1032, -15.1108, -0.00137626, -0.000358994, 0.000260279, 
21, 170562, -8.12763, -22.7522, -30.0724, -0.00076947, 0.000513214, 0.00190285, 
22, 46366.2, 24.9067, 15.34, -21.6857, -0.000322105, -0.000944073, -0.000134598, 
23, 48064, 41.1402, 35.3061, 19.6435, -0.000298993, -1.18516e-05, -0.000689475, 
24, 10737.9, 20.5629, 19.9514, 28.222, -0.000602324, -0.000799066, -0.000813366, 
25, 6821.61, -30.7722, -10.394, 3.80919, 0.00133864, 0.000939348, 0.000488074, 
26, 85103.7, -18.4073, -17.8766, 21.5578, 0.00011584, 0.000486565, -0.00029671, 
27, 20373.4, 4.06208, -31.9506, -23.8169, -0.000479786, 0.00147805, 9.62002e-05, 
28, 40858.5, -25.7275, -11.5729, 28.0847, 0.00130997, 0.00110302, -0.000854841, 
29, 20052.6, 21.2736, 0.350755, -26.825, -0.000578286, -0.000669042, 0.000337408, 
30, 30553.1, 39.7481, -17.4406, -8.47991, -0.00160147, 0.000640069, 0.000455013, 
31, 162518, -27.5807, -42.6695, 7.23914, 0.000578342, 0.00144412, -0.000120009, 
32, 65626.2, 11.0818, -11.1491, -0.528362, -0.000655239, 0.000598336, 1.95787e-06, 
33, 187658, -36.6639, -27.4679, 40.9003, 0.00244447, 0.00285563, -0.00307924, 
34, 143234, 11.3422, 42.2055, -45.3272, -0.000180284, -0.000746411, 0.000985808, 
35, 251764, -33.7636, 32.7075, -37.5802, 0.00125644, -0.000442285, 0.000125419, 
36, 188234, 3.20949, -43.2396, 10.8079, -0.000425371, 0.00149396, -0.000298007, 
37, 145115, -16.8838, -25.4581, 18.3855, 4.3499e-05, 0.00128529, -0.000317682, 
38, 97491.5, 38.0829, -4.23336, 2.11581, -0.00114986, 0.000500387, 0.00048513, 
39, 31783.6, -31.1828, 34.4866, -28.4289, -0.000202723, -0.000630683, -0.000423036, 
40, 3660.49, -13.3611, -24.2544, -0.717131, 0.000937645, 0.00159242, -0.000330443, 
41, 6882.93, 19.0906, 25.0065, 12.9124, -9.63394e-05, -0.00237507, -0.000423318, 
42, 15820.5, 24.6231, 6.1696, -31.2917, -0.000821991, -0.000814371, 0.000970687, 
43, 12851.8, 9.81287, 10.1712, 32.5978, -0.000396983, 0.000471201, -0.00300085, 
44, 207554, -42.0722, -37.2144, -26.556, 0.0011379, 0.0016272, 0.000575515, 
45, 14218.7, 17.0132, 15.6892, -13.0316, -0.000724353, -0.000531365, 0.00052721, 
46, 94578.2, 36.7852, 28.6125, 35.7209, -0.000421117, -0.00026618, -0.00133627, 
47, 139467, 45.0801, 30.7683, 44.6514, -0.00106581, -0.00058589, -0.00106312, 
48, 34799.6, 26.6396, 23.8012, 8.0209, -0.00135301, -0.00102468, -6.59629e-05, 
49, 52524.3, -11.2746, 14.7149, -11.45, 0.000192765, -6.47372e-05, 0.00138134, 
50, 168682, -39.0548, -27.2325, -26.8657, 0.0014465, -0.000843709, 0.000982994, 
51, 4879.07, -31.8273, -10.2144, -30.5247, 0.000946674, -0.00101941, 0.00167829, 
52, 127413, -27.2922, -40.1188, 41.6699, 0.000102303, 0.00141406, -0.00138662, 
53, 2820, -17.3002, 37.2477, 4.99533, 0.000111058, -0.00188282, 0.000767987, 
54, 67623.2, 12.27, 9.98737, 35.2591, -0.000970565, -0.000118532, -0.00132765, 
55, 124781, -12.553, 38.8502, -22.7455, -0.00016512, -0.000856926, 0.000412565, 
56, 44370.6, 0.203437, -2.18967, -2.59934, -0.000165586, -0.000951106, 0.00258917, 
57, 51907.6, -7.76295, -26.9581, 1.57492, -1.09246e-05, 0.00182418, -0.000403231, 
58, 101111, -42.7841, 40.1575, 8.05516, 0.00149582, -0.0011536, 0.000131746, 
59, 12663.5, 35.0611, -3.57788, 19.1976, -0.000748764, 0.000827757, -0.000614078, 
60, 211734, -9.51116, 37.8849, 17.5487, 1.28662e-05, -0.00121234, -0.000921376, 
61, 14072.5, 31.9406, -23.0568, -14.2874, -0.000847099, 0.000371288, 0.0004158, 
62, 39936.1, 37.5955, -41.7291, -13.5669, -0.000790482, 0.00132192, 0.000214586, 
63, 94816.2, -20.4846, 15.2789, 7.85399, 0.00304144, 0.00175582, 0.0026796, 
64, 294722, 22.8786, -1.88578, 12.5011, -0.000312272, -0.000119464, -0.000617642, 
65, 115209, -34.5238, -37.7726, -7.02046, 0.00102647, 0.00115177, 5.5985e-05, 
66, 297505, -7.06397, 40.6109, 14.7172, -0.0010605, -0.00218059, 0.000605237, 
67, 109371, 35.5118, -11.6272, 26.2577, -0.000924565, 0.000767446, -0.00063174, 
68, 50319.5, 9.83805, -20.6934, 11.0552, -0.00128542, 0.000877806, -0.000886972, 
69, 94497.4, -14.4199, 2.9398, -35.3289, 0.000302909, -0.000253059, 0.0014149, 
70, 28507.8, 17.255, -2.31276, 35.2522, -0.000409215, 0.000382549, -0.00138532, 
71, 20301.8, -3.88456, -27.6265, -10.1863, -0.000605633, 0.00172733, 0.000338281, 
72, 5514.46, -22.7516, -12.7419, -37.7147, 0.000652558, -0.000589259, 0.00179179, 
73, 51713.3, 8.28491, -22.3406, 12.8077, -0.000191442, 0.00146621, -0.00130281, 
74, 54078.6, -24.4499, -10.7876, 27.0863, 5.91515e-05, 0.000362052, 3.41873e-06, 
75, 100331, -19.2799, -41.3239, -22.0944, 0.000404583, 0.00166988, 0.000749546, 
76, 16592, -18.5787, 2.4172, 40.1943, -0.000304821, -3.11795e-05, -0.00170451, 
77, 214624, 1.59322, -1.90496, -0.600827, -0.000406474, 0.000489479, -0.00149663, 
78, 77042.2, -3.78479, -13.1272, -2.31045, -0.00109357, 0.00096801, -0.000568678, 
79, 131835, -35.6437, 35.8048, -44.6715, 0.00149712, -0.00091675, 0.000346703, 
80, 36841.1, 24.8457, 15.1569, -21.7889, -0.00163797, 0.00040335, 0.00169506, 
81, 30218.7, -35.4435, -41.1651, 22.1199, 0.00114483, 0.00126975, -0.000209024, 
82, 5693.83, -24.3287, -16.8897, -20.1172, 4.90339e-06, 0.000356712, 0.000214148, 
83, 46120.3, 42.7719, 14.5297, -34.675, -0.00112624, -0.000284114, 0.000706195, 
84, 20479.4, -22.8057, -39.9258, -7.49597, 0.000458012, 0.00162353, 3.66758e-05, 
85, 115679, -12.9341, -40.3187, 21.7534, -0.000265597, 0.00153605, -0.000534552, 
86, 124413, -35.6589, -25.3196, 39.7585, 0.0011733, -0.00199958, -0.000787997, 
87, 14754.9, 30.4698, 2.84808, 22.391, -0.000616817, -0.000514878, -0.00110135, 
88, 1562.9, 1.19287, 22.7316, -26.4744, -0.000347694, -0.000575258, 0.0010539, 
89, 213089, 39.8518, 0.734377, 19.0261, -0.00142708, -0.000447272, -0.000991336, 
90, 131961, 39.3978, -1.04633, 9.70523, -0.00187549, -0.000393189, 2.94919e-05, 
91, 25620.6, -39.9505, 2.66455, -10.7115, 0.00220197, -4.5922e-05, 0.000555751, 
92, 36643.2, -28.3048, 28.5874, 19.854, 0.00193554, 0.00024604, -0.00159626, 
93, 10124.3, -17.7933, -4.41225, 23.8511, -0.000997057, -0.00052872, -5.26632e-06, 
94, 134912, 14.8237, -12.3165, -0.0265731, -0.00178223, 0.000691926, 5.86198e-05, 
95, 352934, 0.589787, -5.20454, 3.70033, -0.000645878, -0.000603404, 0.000122355, 
96, 53519.9, -33.0562, -5.71997, 38.6417, 0.000883661, 0.00101816, -0.0010476, 
97, 179640, -21.0125, 8.10721, 8.60998, 0.00167437, -0.00158353, -4.93137e-05, 
98, 92275.8, 32.0357, -18.6541, -27.5182, -0.00141526, 0.00059499, 0.00055932, 
99, 37250.3, -8.53705, -38.0928, -36.2952, 0.000389224, 0.00104373, 0.00114196, 
100, 237086, -24.8828, -36.9937, 30.6972, 0.000224178, 0.00142463, -0.000506287, 
101, 89616.5, -34.8787, 3.23369, -9.54916, 0.00139252, -8.65223e-05, 0.000703517, 
102, 131392, -32.3089, -10.3236, 23.3232, 0.00173467, 0.000277983, -0.000201373, 
103, 134711, 37.3455, 28.1739, 37.9606, -0.000654953, -0.00105048, 0.000270322, 
104, 108522, 19.916, -14.7918, -32.3592, -0.000130898, 0.0008976, 0.00101548, 
105, 228291, 40.9336, -5.6848, 37.8138, -0.00107605, -0.000268077, -0.00138072, 
106, 233820, 24.9428, 40.507, -15.117, -0.000847692, -0.00153477, 7.87016e-05, 
107, 93778.3, -29.409, -12.9413, -19.3339, 0.000899464, -0.000538776, -4.39251e-05, 
108, 109531, -4.07959, -6.41596, -1.47369, 0.00113866, -7.65484e-05, 0.000914313, 
109, 162559, -30.1777, -13.568, 0.223389, 0.00137347, 0.000528598, -2.35679e-05, 
110, 104548, -20.1851, 42.437, -41.0644, -0.000293016, -0.00108477, 0.00105743, 
111, 390486, -33.2141, 0.975191, 40.3587, 0.000839507, -0.000275624, -0.00145869, 
112, 17258.3, 2.27575, -23.8256, 20.4211, -0.000340462, 0.000947228, -0.00126618, 
113, 11495, 36.691, 13.5017, -2.37125, -0.00135577, -0.00059839, 0.000328786, 
114, 198051, 24.7077, 35.7316, -22.0789, -0.000323119, 0.000376874, -7.22426e-05, 
115, 43163.1, 8.38445, -22.489, 4.61033, -0.000757677, 0.00213077, -6.32217e-05, 
116, 54122, -19.2343, 25.7793, 27.151, -0.00122032, -0.000917678, -0.00307674, 
117, 7321.58, -19.5339, 15.5745, 19.1523, -0.000763548, 0.000955225, -0.00140436, 
118, 45671, 33.9438, 24.9223, -42.4438, -0.000795111, -0.000384669, 0.00100291, 
119, 335394, -24.9552, 27.9867, 21.1711, 0.000497764, -0.00346146, 6.27494e-05, 
120, 146744, -14.2854, -28.0245, -15.5224, 0.000154883, 0.00126913, 0.000942975, 
121, 144968, -28.2374, 28.3473, 18.2356, 0.00128929, 0.000520939, -0.00120845, 
122, 58573.5, 5.54923, 13.3745, -3.91911, -0.000863554, -0.00120365, 0.00043532, 
123, 69771.2, -11.7534, -6.76966, -21.4794, 5.65196e-05, -0.000608164, 0.0012943, 
124, 73065.8, -30.5264, 34.322, 4.75116, 0.00138378, -0.00157084, 0.000597371, 
125, 176383, 42.1957, -0.360537, 40.6093, -0.000803789, 0.000692968, -0.000788905, 
126, 46062, 34.2709, -12.2075, -2.83602, -0.00124172, 0.000939056, 0.000531747, 
127, 56478.2, 38.2308, 31.235, 32.096, -0.000797232, -0.000525171, -0.00126106, 
128, 73371.6, 6.5287, 7.40912, -41.3943, -0.000232726, -0.00038072, 0.00151232, 
129, 64320, -22.2089, 29.0061, 14.5679, -0.000294317, -0.00183392, 0.00150609, 
130, 34299.5, -32.5105, -19.8349, -25.4404, 0.00412407, 0.00302444, 0.000672869, 
131, 95466.1, -15.0008, -33.6042, -14.8933, 0.000226731, 0.00216429, 3.56918e-05, 
132, 38698.9, -37.7462, -37.4843, 6.47921, 0.00135637, 0.000906792, -0.000186517, 
133, 99701.7, -19.8378, 13.4714, 7.32141, -0.00288125, -2.81895e-07, -0.000527749, 
134, 390402, -7.1504, -16.3951, -4.36167, 0.000533008, 0.00115686, 0.000414546, 
135, 51660.2, 3.80131, 11.6805, 33.2008, 0.000504314, -0.000422372, -0.00173657, 
136, 67734.6, 26.0483, 41.4783, -18.5605, -0.000367059, -0.00138611, -0.00175375, 
137, 2782.49, 4.76857, -3.03471, -28.514, -0.000189708, -0.000281776, 0.00127068, 
138, 74344.9, 20.0822, 23.3293, 12.7358, -0.000586365, -0.00109726, -0.000414841, 
139, 97141.8, 21.5899, -18.5688, -4.55091, -0.00126432, 0.00119178, 0.000378872, 
140, 210366, -9.66333, 22.3768, -9.29603, -0.000229372, -0.000916153, 0.000778158, 
141, 40577, 1.87249, 25.4278, -4.75858, -0.000786947, -0.00118563, 0.000308121, 
142, 42182, 40.2556, 1.33238, 21.4391, -0.00171173, 0.000348761, 0.00105846, 
143, 43465.5, -23.2988, 24.2369, 22.0827, 0.00781665, 0.00232572, -0.00349351, 
144, 15541.7, -23.2442, 24.1069, 22.8742, 0.00354351, 0.00312495, 0.00311365, 
145, 77758.8, 5.81832, -10.1507, -2.08105, -0.000941443, 0.000773563, 0.00128737, 
146, 59817.6, 3.912, -15.9378, -16.3448, -0.000584841, 0.000604839, 0.00111869, 
147, 25797.1, -5.84743, -40.6809, -29.7093, 5.69042e-06, 0.00146779, 0.000628161, 
148, 56695.6, 8.27733, -18.6884, 4.81182, -0.000654493, 0.00113284, -0.000471301, 
149, 5675.67, -21.0449, 22.3801, 26.7819, 0.00118924, 0.000546684, 0.000648064, 
150, 10058.9, 5.85385, -28.1632, 17.1421, -0.000458281, 0.00148133, -0.0010645, 
151, 109307, 33.2995, -30.17, 29.7609, -0.00191891, 0.00129278, -0.000387749, 
152, 64680.1, 10.297, 10.3452, 32.6011, 0.000999314, -0.000737745, -0.00169692, 
153, 355851, 17.6489, -35.617, -32.0824, -0.000623081, 0.000995635, 0.000851535, 
154, 112081, 23.8269, -9.39999, -31.8711, -0.00159751, -0.00121964, 0.00197904, 
155, 136525, 45.3453, -38.2187, -41.9588, -0.000819449, 0.000544598, 0.000628122, 
156, 24618.5, -40.683, -18.0184, -16.9793, 0.00184378, 0.000146366, -0.000197989, 
157, 30278.3, -10.3955, 1.00634, -3.83031, 0.000619091, -0.000400587, 0.00106238, 
158, 74807.4, -37.7886, 34.491, -37.2121, -0.00218243, -0.00279075, -0.00113358, 
159, 13757.2, -30.1265, -27.793, 39.5558, -0.00122522, 0.000682764, -0.00215688, 
160, 30157.7, 8.11861, -8.66476, -12.4162, -0.00091815, -4.96418e-05, 0.00126396, 
161, 499913, -32.164, -19.0365, -26.252, 0.00042173, -0.000128459, 0.00119847, 
162, 243908, 2.81703, -43.3616, -43.9318, -5.17454e-05, 0.000973902, 0.00110782, 
163, 156234, -18.2638, -19.0152, 28.8266, -0.000417868, 0.000706924, -0.00153281, 
164, 180799, 25.1166, 36.666, -23.6027, -0.00104143, -0.0014065, 0.00225885, 
165, 449860, -23.4249, 14.5539, 6.12284, 0.000369719, 0.000695512, 0.00145316, 
166, 12627.8, 8.67297, 37.2333, 41.275, -0.000316323, -0.000362629, -0.00061026, 
167, 72413.6, 40.5818, -36.0283, -10.9553, -0.00126299, 0.000825976, 9.00285e-05, 
168, 123248, -9.35661, 35.5801, 22.7661, -0.0009953, -0.000957939, -0.00210464, 
169, 19058.1, 36.5413, -32.0528, -8.11636, -0.000875107, 0.000754156, -0.000243504, 
170, 37240.7, 9.76319, -16.2848, 35.5967, -0.000319353, 0.000562467, -0.00131447, 
171, 10520.8, 31.4901, -22.6774, -14.3961, -0.00179922, 0.00111249, 0.000322105, 
172, 66867.4, -25.1383, -12.3416, 25.3703, 0.00065766, -0.000316927, -0.0017475, 
173, 286204, -29.7155, 37.5851, 24.5881, 0.00142967, -0.00219898, -0.00130604, 
174, 7121.25, -16.7894, -6.35327, 23.2042, -0.000423442, -0.000755927, -0.000692984, 
175, 44439.5, 4.88443, 8.31066, -3.2813, -0.000913551, -0.000675506, 0.000725667, 
176, 95063.2, -7.98311, 20.6346, 14.3319, -0.00116688, -0.000610926, -0.000519221, 
177, 172893, -11.5802, 34.1218, -19.504, -1.98241e-05, -0.00143799, 0.000970608, 
178, 46650.2, 39.5058, -34.0798, 24.1469, -0.00125992, 0.00114915, 2.89811e-05, 
179, 38532.6, -35.4235, 37.1507, -26.8573, 0.000892608, -0.00122312, -0.000832419, 
180, 32991.6, -28.6408, -25.7551, 18.0002, 0.00124999, 0.000951332, -7.40086e-05, 
181, 177479, -38.1526, 36.0982, -35.4709, 0.000855537, 0.00041875, -0.00208539, 
182, 87.2575, 25.4009, 37.1395, -25.6677, -0.00138263, -0.0019776, 0.00348984, 
183, 128620, 5.03881, 0.372234, -31.2645, -0.000166675, -0.000231731, 0.00117121, 
184, 162169, 36.7747, -5.46105, 2.68525, -0.00164774, 6.2336e-05, 0.000643713, 
185, 20340.7, 0.574787, -5.60218, 1.8926, -0.00121368, -0.00336882, -0.0032637, 
186, 53688.5, 0.796932, 21.4047, -41.7395, -0.00017172, -0.000484446, 0.00122242, 
187, 29804.3, -20.073, -20.4805, 9.42611, 0.000835631, 0.000873121, -3.34211e-05, 
188, 354857, 25.4295, -6.19258, -35.2435, -0.000732467, 0.00023105, 0.000900449, 
189, 50155.5, 22.3202, 40.7446, -41.1451, -0.000682414, -0.000742013, 0.00102787, 
190, 7112.4, -23.881, 30.0294, 18.0821, 0.00161859, -0.0012194, -0.00138775, 
191, 126540, -40.1486, -26.8102, -26.9845, 0.00184665, 0.00292614, 0.000317898, 
192, 354318, -38.0152, 35.9886, -36.3589, 0.000660371, -0.000429171, 0.00345644, 
193, 107194, 9.89493, 41.029, 45.2758, -0.00034431, -0.00087107, -0.00104278, 
194, 224461, 29.9163, -28.8011, 30.6118, 7.90652e-06, 0.000717003, -0.00100447, 
195, 635832, -23.2643, 24.1635, 21.9852, 6.88682e-05, 0.000123602, -0.0016053, 
196, 66151.1, 5.7751, -34.0777, -21.019, -0.000234672, 0.00122133, 0.000446552, 
197, 47866.1, -13.9021, -25.4772, -14.2546, 0.000953654, -7.96173e-05, -3.14322e-05, 
198, 66662.6, 23.9108, 23.495, 0.391181, -0.000940635, -0.000789442, 0.000241729, 
199, 70426.5, -25.4678, 32.205, -0.179985, 0.000623485, -0.00149923, 0.000993029, 
