ID, Mass [kg], pos_0 [m], pos_1 [m], pos_2 [m], vel_0 [m/s], vel_1 [m/s], vel_2 [m/s], 
0, 86447, -9.44979, 43.8094, -17.6746, 0.000266925, -0.00107025, 0.000496913, 
1, 189575, -44.0289, -22.5224, 3.85666, 0.000746718, 0.000621902, -0.000313718, 
2, 31834.7, 1.20613, -39.6259, -39.1674, 0.000934292, 0.00204679, -9.56142e-05, 
3, 198333, 27.9836, 36.5237, 8.23176, -0.000279875, -0.00110079, -8.40276e-05, 
4, 26595.9, -13.3132, 19.2026, 1.76025, 0.000314295, -0.000126319, -0.000396063, 
5, 74974.9, -26.6618, -21.3792, -26.1782, -5.76802e-06, 0.000139812, 0.000397658, 
6, 97542.7, 46.5401, -35.371, 46.0191, -0.000774914, 0.000968452, -0.00126952, 
7, 2615.97, 1.23133, 41.553, -36.0199, 0.000137774, -0.000803279, 0.0006802, 
8, 21192.8, 38.4246, -34.2135, -3.38987, -0.00102806, 0.000985291, 0.000126161, 
9, 81679.8, 26.5688, 28.1763, 21.081, -0.000323412, -0.000331997, -0.00104222, 
10, 127647, -27.5309, -31.1505, 36.6769, 0.000268129, 0.000301872, -0.000787508, 
11, 16957.3, -14.1624, -22.6845, 9.91841, 0.000463222, 0.000845148, -0.000537742, 
12, 46224.1, 44.8085, 45.8705, -28.1998, -0.000566937, -0.000685327, 0.000564778, 
13, 23966.4, 20.9909, 32.3247, 3.58298, -2.96097e-05, -0.000639582, -3.87492e-05, 
14, 11985.5, -0.37173, -10.8432, 42.6603, -0.000533774, 4.68442e-05, -0.000701207, 
15, 3133.43, -14.8894, 2.62659, 18.813, 0.000265134, -0.00216185, -0.000890929, 
16, 16899.7, 2.85448, -15.1322, 37.8859, -0.000261152, 0.000462438, -0.000620197, 
17, 19424.5, 1.44425, 44.026, -9.36949, 0.000112672, -0.00145913, 0.000304046, 
18, 130822, 41.1637, -34.1148, 5.92993, -0.0020613, 2.17022e-05, 8.92083e-05, 
19, 25233.8, -25.9853, 14.7078, -28.6684, 0.000587546, -0.000317574, 0.000863467, 
20, 47646.9, 45.9371, -41.2233, -25.8946, -0.000640222, 0.000675625, 0.000365796, 
21, 165666, 8.61357, -2.65214, -19.0409, -0.000217831, 0.000354437, -0.000946254, 
22, 68385.5, 10.5411, 1.37379, -21.072, -0.000743849, 0.000217976, 0.000447878, 
23, 221148, 43.6713, -37.9402, 26.8044, -0.000455592, 0.000560001, -0.000359683, 
24, 74530.5, 27.4671, -9.29805, -21.9151, -0.000737248, 0.000286359, -0.000133661, 
25, 43250.2, 33.7587, 20.1185, 46.8808, -0.000284093, -0.000160706, -0.000831671, 
26, 16449.5, -41.3978, -47.8153, -25.4652, 0.000445603, 0.000597106, 0.000189522, 
27, 30641.9, -26.2533, 32.5548, -1.20103, -5.35888e-05, -0.00175668, -0.000772472, 
28, 85788.3, 11.3661, 3.51362, -21.5082, -0.000589791, -0.00136913, 0.000363539, 
29, 18634, -36.6644, 43.152, 4.16403, 0.000678106, -0.000879372, 0.000203188, 
30, 2394.47, 35.2913, -19.6338, -1.72745, -0.000473333, 1.03991e-05, -0.000408697, 
31, 128472, 39.9269, 13.1348, 28.1286, -0.000711824, -3.55092e-05, -0.000841794, 
32, 63731.5, 13.3126, 7.72376, -39.42, -0.000515444, -7.39846e-05, 0.00106933, 
33, 1929.75, -13.4067, -0.68534, 40.1705, 6.56581e-05, -8.05785e-05, -0.00096911, 
34, 137164, -14.8821, 4.32217, 19.617, 0.000242813, -0.000531319, -0.000402526, 
35, 50524.2, 2.27309, 3.53866, -37.3072, -0.000802285, -0.000477221, 0.00170706, 
36, 6629.78, 38.7703, -17.7554, -28.7695, -0.00113783, 0.000603606, 0.00127372, 
37, 38240.2, 34.2059, -22.0724, -44.7782, -0.000950247, 0.000484371, 0.00101738, 
38, 18423.8, 1.71937, -3.55409, -24.9042, 0.000720956, 0.00114852, -0.000633978, 
39, 194740, 32.0711, -36.6155, -5.38495, -7.04507e-05, 0.0010956, 2.17693e-05, 
40, 166672, 9.87745, -23.9155, -40.6115, 0.000439262, 0.000333796, 0.00134797, 
41, 63465.7, 24.9679, 15.7482, -14.4264, -0.000479013, 0.000244008, 0.000408534, 
42, 21989.4, 21.0836, 36.5533, -8.48127, -0.000239927, -0.00127522, 0.000237254, 
43, 7506.47, 34.3985, -26.5593, -12.2138, -0.000277257, 0.000315585, 0.000429519, 
44, 1030.15, 37.1561, 5.84698, -15.8601, -0.000854757, 0.000192094, 0.000507828, 
45, 60141.1, 0.164216, 21.1225, 3.22141, 9.15756e-05, 7.2163e-05, -0.000717683, 
46, 69136.8, -30.8328, -6.42482, 23.6935, 0.000456086, 0.000431382, -0.000461356, 
47, 4636.02, 24.9967, -47.1101, 36.057, -8.34912e-05, 0.000689351, -0.000422508, 
48, 148424, -18.3872, 12.0093, 41.7252, -8.56882e-05, -0.000166983, -0.0009073, 
49, 101751, 33.712, 41.2833, -2.94122, -0.000588623, -0.00117874, 0.000203402, 
50, 113749, -23.1101, -26.7841, -37.4167, 0.0010762, -0.000126621, 0.000262505, 
51, 14312.6, 7.77564, 13.7316, -43.2935, 0.000260367, -0.000215766, 0.00132402, 
52, 115787, 40.1081, -5.57982, 41.0529, -0.000404053, 3.14481e-05, -0.000762582, 
53, 10116, 45.0239, 43.8692, -23.3579, -0.000633493, -0.000531704, 0.000348583, 
54, 33789.7, 3.85863, 30.5604, -0.0481648, 0.000827483, -9.16752e-05, -0.00198751, 
55, 186460, 33.0575, 33.5906, 16.0451, -0.000807254, -0.000800843, -0.000756125, 
56, 245187, 40.1016, -26.5769, -8.01897, -0.000920613, 0.000274742, 8.08778e-05, 
57, 290437, -13.632, -3.31604, 19.0902, 0.000102587, 0.000476004, -0.000296902, 
58, 80698.8, -12.1693, 13.4418, 25.9323, -2.99016e-06, -0.00040947, -0.000694742, 
59, 117814, 19.7046, 23.1953, -12.0432, 0.000412852, -0.0002956, 0.000398551, 
60, 74301.5, -38.0213, 20.9238, 19.8786, 0.00145235, 0.00129809, 0.00152636, 
61, 87026.1, 7.12568, -41.2628, -36.2726, -0.000385279, 0.0015396, -3.35389e-05, 
62, 54123.3, 24.7831, 29.411, -27.6253, -3.87129e-06, 0.00161546, 0.00337302, 
63, 142469, 11.0708, 22.021, -44.8227, 0.000148714, -0.000830943, 0.00124306, 
64, 25240.3, 24.7342, -7.56904, 28.9253, -0.000386577, 0.000343729, -0.000746503, 
65, 84495.7, -31.9213, 9.41017, 46.3758, -0.00010479, 0.000375462, -0.00115914, 
66, 190154, 25.3385, 29.0569, -21.7612, -0.000589704, -0.000713432, -0.000205236, 
67, 106916, -19.7732, 24.2784, -15.2331, 0.000276431, -3.05445e-05, 0.000718306, 
68, 142208, 41.3942, 24.5862, 5.24439, -0.000723162, -0.000651535, -0.000794947, 
69, 222966, -34.6119, 25.2109, 21.2541, -0.000342, -0.00148642, -0.000541654, 
70, 23261.8, -10.4629, -31.9494, -12.8079, 0.000332651, 0.000839149, -2.78539e-05, 
71, 37181.8, -24.2972, 26.2943, 7.90429, 0.000175775, -0.000472872, -0.000371567, 
72, 387724, 22.3566, 12.1013, 15.0703, -0.000244387, 1.04556e-05, -0.000493696, 
73, 94415, 40.7691, -14.1682, -23.1484, -0.000954136, 0.000528829, 0.000374057, 
74, 92650.1, -5.00339, 25.9605, -6.35999, 0.000957033, 3.19801e-05, 0.000585923, 
75, 18296.3, -40.8487, -0.682529, 38.7715, 0.000292181, 0.000611998, -0.000459091, 
76, 120001, -40.3347, -19.3687, -8.7421, 0.000651013, 0.00011557, 0.00203814, 
77, 272530, 16.0793, -6.19166, 13.0342, -0.000125155, 0.000600917, -0.000605167, 
78, 17526.5, -30.0563, -27.5078, 37.4101, 0.000769331, -0.000373601, -0.000489125, 
79, 64817.7, 5.37833, -24.5796, -17.7954, 0.000263109, 0.000820834, -0.000163302, 
80, 92249, 44.508, 6.48231, 15.2667, -0.000968512, 0.00031486, -0.000495093, 
81, 18467.1, -46.005, 5.04669, 21.3004, 0.00117163, 0.000127417, -0.000891323, 
82, 36826.6, 15.8984, 45.4535, 17.3618, 4.32804e-05, -0.00127435, -0.00049995, 
83, 11297.7, 31.7587, -31.1949, -8.56785, -4.09944e-05, 0.000219173, 3.90048e-05, 
84, 79293, 6.85262, -31.9173, -40.5078, 0.00156077, 0.00170739, 0.000684639, 
85, 99758.2, 16.3926, 14.865, 26.0543, 7.19761e-05, -0.000260143, -0.00113042, 
86, 23343, -35.702, -5.29869, 19.9699, 0.000752415, 0.000463742, -0.000151187, 
87, 148233, 45.0703, 13.0225, -3.66352, -0.00100225, 0.0015972, 8.37904e-05, 
88, 11527.8, -38.228, 15.4479, 41.994, -0.00019358, 0.00102306, -0.000582871, 
89, 14718.3, 35.0572, 28.0609, -6.82751, -0.000637032, -0.000898355, 0.000376125, 
90, 46494.3, -2.12995, 1.60797, -25.08, 0.000394086, -0.000430935, -0.0011721, 
91, 34379.9, -25.6538, -20.7422, -26.3601, 0.00175424, 0.00110879, -5.29915e-05, 
92, 23079.1, 28.3625, -14.9721, 1.05461, -0.000408231, 0.000374952, -0.000282721, 
93, 79660.5, -44.4718, 2.00364, 14.8099, 0.000770022, -0.000924093, -0.000265906, 
94, 77532.3, -43.5712, -39.4521, 46.713, 0.000454475, 0.000542244, -0.00045551, 
95, 85363.6, 38.1058, 19.5907, 13.7466, -0.000794753, -6.34237e-05, -0.000765652, 
96, 11260.4, -13.0596, 22.7345, 22.4658, 5.27569e-05, -0.000751504, -0.000520061, 
97, 31876, 30.4673, 12.5366, -18.4345, -0.000877432, 6.41225e-05, 0.000700376, 
98, 49282.2, 46.5451, 12.3037, -19.765, -0.00100517, -3.44641e-05, 0.00074729, 
99, 38415.4, -2.55539, 23.7254, -2.43352, 0.000100397, 9.93411e-05, -0.000582877, 
100, 8080.94, -36.2038, 2.54832, -28.3287, 0.00156448, 0.000316945, 0.00160829, 
101, 70282.6, 44.8878, 45.6773, 38.6798, -0.000358964, -0.00082275, -0.000349656, 
102, 317827, 3.62013, -34.7302, -41.4607, 8.85084e-05, 0.000793844, 0.00089823, 
103, 237904, -46.4138, 46.2863, 17.815, 0.00055337, -0.000919517, -0.000102717, 
104, 119615, -19.5812, 31.7909, -8.35715, 0.00036197, -0.000990051, 0.000373769, 
105, 31893.4, 5.89267, -38.5103, -2.12565, 0.000109403, 0.000853927, -0.000256696, 
106, 173086, -36.9374, 21.9969, 20.3171, 0.00113977, -0.000496992, -0.00122781, 
107, 486074, -38.8365, 16.7649, 42.1519, 0.00049745, -0.000464473, -0.000768039, 
108, 40410.8, -25.8558, -30.4175, 45.2365, -0.000113711, 0.000598907, -0.00130113, 
109, 28247.2, -45.9424, 50.1971, 16.264, 0.000628684, 0.000139949, -0.000502567, 
110, 23910.7, -25.2147, 35.8345, -29.4152, 0.000436805, -0.000836322, 0.000691887, 
111, 40242.6, -6.98302, -45.8863, 27.1428, 6.59619e-05, 0.000712323, -0.000280093, 
112, 24016.7, -44.5112, 5.29442, 16.1982, 0.0010939, -0.000760269, -0.00060047, 
113, 129600, 8.84909, -43.1651, -19.4005, 3.86406e-05, 0.000999989, -7.01606e-05, 
114, 114317, 15.5137, 34.965, 15.9748, 0.000363185, -0.00101563, -0.000442153, 
115, 174934, -45.8844, 5.25764, 41.3463, 0.00093661, 0.000360167, -0.000601073, 
116, 143212, -1.87866, -1.30186, -28.4352, 6.39138e-05, 0.00128007, -3.75766e-05, 
117, 8073.33, -32.8799, 18.2638, 31.7472, -9.75941e-05, -0.000257367, -0.000488032, 
118, 37893.5, -6.31039, 18.5212, 27.6643, -0.000226532, -0.000619712, -0.000775146, 
119, 62400.5, 22.6969, 39.3969, 29.6419, -0.000129728, -0.000822062, -0.000915867, 
120, 242481, -3.14821, 1.74747, -33.3874, 1.42443e-05, 0.000331598, 0.0027825, 
121, 220498, 16.7703, -19.6195, -36.8864, -0.00105484, -0.000253207, 0.000111897, 
122, 32681.3, 6.67524, 2.55218, 32.1173, 4.41361e-05, 7.0286e-05, -0.000859916, 
123, 348699, 45.2052, 18.1505, -3.2664, -0.00122195, 8.66884e-06, 0.000395592, 
124, 49173.7, 42.3859, -25.2262, 46.7649, -0.000266347, 1.56673e-05, -0.000696343, 
125, 91676.5, 25.5128, -3.71131, -21.2052, -0.000650133, -0.000361374, 0.000198526, 
126, 613.996, 45.3649, -20.9118, 5.17384, -0.000921729, 8.84239e-06, -0.000349694, 
127, 36070, 10.3102, -41.4209, 36.5909, 3.0953e-05, 0.000683145, -0.000464366, 
128, 60243.7, 44.8319, -11.1898, 35.3236, -0.000700527, 0.000263903, -0.000381561, 
129, 66572.3, 0.390615, -36.7915, -41.4162, -0.00049605, -0.000174838, 0.000274454, 
130, 41874.2, -38.0622, 26.1813, -34.9275, 0.000557212, -0.000325611, 0.000916138, 
131, 116662, -44.2869, 4.10478, 15.166, 0.00106935, 0.00129561, 0.00017161, 
132, 109779, -10.7358, -8.30231, 38.411, 7.93859e-05, 0.000194626, -0.000783315, 
133, 456997, -32.73, 14.4581, -6.38637, 0.000791998, -0.000146486, 0.000193674, 
134, 2780.32, -2.83951, 41.0182, -4.57655, 0.000517031, -0.00149405, 6.41358e-06, 
135, 102119, -5.45088, 11.0503, -32.8235, 0.000689123, -0.00128297, 0.00111713, 
136, 164662, -33.9575, 3.43199, -25.6618, 0.000755643, 3.03943e-05, 0.000642458, 
137, 84084.3, 26.2122, 35.7678, -35.7198, -0.000593841, -0.0012447, 0.00110562, 
138, 245299, -40.431, -18.8617, -11.0413, 0.000752661, 0.00064988, -0.000644721, 
139, 102038, -4.85995, -13.4725, 45.811, -0.000107708, 0.000394849, -0.000987943, 
140, 146704, -32.8251, -26.1668, 34.6734, 0.00103955, 0.00015578, 0.000169688, 
141, 170925, 46.0845, 37.241, 42.0374, -0.000471842, -0.000240738, -0.000620976, 
142, 107951, 38.7219, -17.5261, -23.5317, -0.00131653, 1.12095e-05, 0.000298374, 
143, 64717.1, -7.9341, -21.5361, 2.221, 0.000758119, 0.000852846, -0.000567828, 
144, 28582.1, 18.2265, 31.2522, 22.2046, 0.000225262, -0.000471621, -0.00162047, 
145, 18763.1, -47.2019, -25.7708, -31.9329, 0.000726024, 0.000385754, 0.000469307, 
146, 44368.5, 2.44995, 38.4353, -17.5118, 5.00909e-05, -0.00102861, 0.000704993, 
147, 247503, -3.75509, 2.22209, -31.3328, 0.00105249, -0.00105443, -0.000481475, 
148, 54470.7, -11.3725, -17.9875, 29.2672, -4.56528e-06, 0.000754153, -0.000538486, 
149, 158577, 24.8645, 23.6816, -9.60531, -0.000708079, -0.000444649, -0.000145142, 
150, 59031.2, 16.4465, -3.81961, 8.00494, -0.000162527, 3.24099e-05, 0.000638976, 
151, 120654, 28.3189, -14.4245, -28.672, -0.00095286, 0.000248111, 0.000323184, 
152, 33810.4, 24.7253, 33.0747, -34.789, 0.000134312, -0.000301757, 0.0013806, 
153, 52884.6, -12.0379, -10.0654, 21.0014, -0.000106935, 0.00126818, -0.000549839, 
154, 76725.2, 47.2069, -36.4284, 47.2359, 5.37538e-05, -0.000275544, 0.000244194, 
155, 2384.17, -39.3417, -24.3805, -18.0475, 0.000680683, 0.000976004, 0.000761672, 
156, 54252.8, -1.84726, 11.7759, -27.9273, -5.80926e-05, -0.00116306, 0.000159155, 
157, 18995.8, 38.7647, 9.3388, -7.60995, -0.000376814, 0.000516325, 0.000546783, 
158, 133837, -24.4532, -3.22394, -7.8168, 0.00038004, 0.000401514, 0.000135652, 
159, 166899, 17.8952, -17.7399, -36.3481, 0.00149839, 0.00157436, 0.000964205, 
160, 192252, 44.5431, 22.891, -1.7383, -0.00101352, -0.0017671, 1.136e-05, 
161, 17027.9, -12.7321, 15.9007, 39.4604, -0.000442654, -0.000635242, -0.000796965, 
162, 130287, -46.0578, -15.4876, 39.8031, 0.000699898, 0.000327776, -0.000511665, 
163, 72430.1, 13.1071, -15.7627, -17.7276, -0.000112053, 0.000701808, -0.000281657, 
164, 60583, -21.8246, 3.84141, 2.86381, 0.000264093, 0.000184329, -0.000146912, 
165, 38146.6, -32.3344, 44.1039, 9.44516, 0.000292831, -0.00100261, -0.00018251, 
166, 1307.56, -34.7528, -14.6628, 46.586, 0.000289523, 0.00020235, -0.000882581, 
167, 124087, -7.2489, 23.6835, -7.4016, -4.5621e-05, -0.000683286, 9.78877e-05, 
168, 30066.1, 7.13243, 32.5495, -2.55241, 0.000440539, 0.0017642, 0.000273003, 
169, 177463, -24.4688, 34.7415, 0.513623, 0.000601704, -0.000835453, -5.25552e-05, 
170, 1123.4, 21.5725, -43.0582, -12.5198, -6.25664e-05, 0.00110356, 2.74144e-05, 
171, 71647.5, 46.5618, 44.6496, -15.7897, -0.000713286, -0.000765998, 0.000231247, 
172, 73299.5, 15.8114, 2.69073, 33.1722, -0.000226556, 0.000144889, -0.000996434, 
173, 120519, 24.237, -17.0971, -37.5064, -0.00203503, 0.000742469, 0.00132379, 
174, 243541, -19.9284, -30.5969, -40.0313, 0.000307793, 0.000847486, 0.000763756, 
175, 232847, 5.24677, 32.4352, -2.66704, 0.000788895, -0.0035518, -0.00019044, 
176, 50296.6, -38.9781, -4.03623, -2.09726, 0.000867108, 0.000210986, 1.66029e-05, 
177, 17627.5, -1.78177, -4.31928, -38.9969, 0.00023452, 0.000878726, 0.00180376, 
178, 115556, 5.99772, -3.74396, -22.4906, 8.93881e-05, 0.000787983, 0.000560449, 
179, 21083.5, -21.2595, 31.7342, -30.5421, 0.000276415, -0.000604782, 0.000843948, 
180, 120384, 14.2009, 17.7497, -41.1001, -0.000534832, -0.000244383, 0.000782808, 
181, 104093, -10.3513, -22.1003, 3.90768, -0.000212047, 0.000650035, 0.000162894, 
182, 90014.4, -7.60917, -1.56433, -30.6125, 0.00188053, 0.00103863, 0.000542425, 
183, 39510.6, -36.7087, -12.3356, -21.4066, 0.000727961, 0.000155384, 0.000672325, 
184, 37719.2, -33.5272, -30.8159, -13.441, 0.000364016, 0.000980568, 0.000143853, 
185, 182373, 5.14025, 32.0096, -2.69258, -0.00126536, 0.00183801, 0.000282821, 
186, 153608, 20.3966, -16.579, -36.42, -0.00143147, -0.00132442, 0.00110856, 
187, 201002, 20.1286, -27.7526, 34.1769, -0.000110378, 0.000479839, -0.000564875, 
188, 658.569, 34.3064, -12.4479, 40.8863, -0.000129872, 0.000337049, -0.000723377, 
189, 143642, -29.5918, -27.6627, 38.3504, -0.000473069, 0.00135104, -0.000518391, 
190, 250454, -40.5494, 28.8873, -22.6721, 0.000787649, -0.000533764, 0.000493664, 
191, 55591.1, 18.3168, 31.9574, 19.0183, -0.000112069, -0.000377267, -0.000754763, 
192, 141084, 27.2546, -29.1303, -16.1232, -0.00019118, 0.000764867, 0.000227888, 
193, 52387.2, 15.3925, -19.2216, -36.318, 0.00128956, 0.0022156, 0.000283185, 
194, 39745, 43.7785, -31.5439, 36.8403, -0.000373268, 0.000122914, -0.000406782, 
195, 89443.4, 31.5561, 5.04145, 1.42773, -0.000530177, 0.000397941, -0.000107989, 
196, 196180, 24.9942, 29.3609, -26.9073, -0.000453704, -0.00127071, 0.000731212, 
197, 56906.6, -18.6606, 21.4589, -15.2788, 0.000728475, -0.00115798, 0.000624204, 
198, 249087, 38.6125, -35.1885, 6.9373, 0.000247163, 0.000934153, -0.000688161, 
199, 137680, -37.4632, 18.4857, 16.8645, 0.000816661, 0.000196165, 0.000306961, 
