ID, Mass [kg], pos_0 [m], pos_1 [m], pos_2 [m], vel_0 [m/s], vel_1 [m/s], vel_2 [m/s], 
0, 86447, -6.28495, 31.4435, -11.9891, 0.000729994, -0.00276256, 0.00126105, 
1, 189575, -35.1546, -15.341, -0.378816, 0.00219962, 0.00165688, -0.00126314, 
2, 31834.7, 10.7041, -16.8052, -28.6139, 0.00292742, 0.00358485, 0.0034928, 
3, 198333, 23.5077, 23.1298, 9.8171, -0.00221719, -0.00257454, -0.0002891, 
4, 26595.9, -9.65536, 17.99, -3.18142, 0.000733432, -0.000228945, -0.00113659, 
5, 74974.9, -21.2231, -16.8358, -22.7326, 0.00149965, 0.00110764, 0.000696679, 
6, 97542.7, 41.3255, -29.8116, 38.2445, -0.000958964, 0.000959394, -0.00133039, 
7, 2615.97, 2.83595, 32.3858, -28.2522, 0.0003586, -0.00201713, 0.00170957, 
8, 21192.8, 31.2652, -23.8641, -8.27765, 0.000320213, 0.00384114, 9.14142e-05, 
9, 81679.8, 24.5773, 24.8237, 6.36038, 0.000424153, -0.00177483, -0.00410666, 
10, 127647, -27.9983, -20.845, 29.6003, 0.000684339, 0.00129043, -0.00142732, 
11, 16957.3, -7.68286, -14.0837, 0.755394, 0.00141793, 0.00154474, -0.001883, 
12, 46224.1, 38.4342, 38.0972, -21.6292, -0.00139139, -0.00170085, 0.00151489, 
13, 23966.4, 22.2589, 24.3828, 4.80307, 0.00133105, -0.00206547, 0.00130539, 
14, 11985.5, -8.72492, -9.37158, 36.508, -0.00126802, 0.000996213, -0.00169853, 
15, 3133.43, -9.77235, -2.38462, 19.5981, 0.00011027, 0.000849698, -0.000905713, 
16, 16899.7, -0.462819, -9.90784, 30.9804, -0.000817061, 0.0011315, -0.00148516, 
17, 19424.5, 3.14706, 26.1315, -5.58949, 0.000433793, -0.00451613, 0.00103902, 
18, 130822, 28.9141, -29.7357, 3.86423, -0.00134412, 0.00160539, -0.00110988, 
19, 25233.8, -19.4776, 11.0887, -18.7998, 0.00137067, -0.000786955, 0.00218235, 
20, 47646.9, 38.6977, -33.6578, -21.7695, -0.00156939, 0.00162788, 0.000893595, 
21, 165666, 3.61528, 1.48019, -22.2909, -0.00273662, 0.000388429, -0.00165863, 
22, 68385.5, -0.9729, -2.25538, -25.1829, -0.00243599, 0.00132477, -0.00166393, 
23, 221148, 38.6598, -31.7883, 22.9983, -0.00105746, 0.00129228, -0.000765842, 
24, 74530.5, 17.3836, -7.18566, -20.0985, -0.00211811, -0.000777964, 0.000679177, 
25, 43250.2, 30.5407, 18.3244, 37.666, -0.00070228, -0.000384735, -0.00195798, 
26, 16449.5, -36.4988, -41.3176, -23.356, 0.00103084, 0.00135321, 0.000451025, 
27, 30641.9, -19.0769, 21.2249, -3.1536, 0.00245089, -0.00164846, 0.000230855, 
28, 85788.3, -0.329427, 0.0342106, -24.9733, -0.000948154, 0.00213419, 0.000623628, 
29, 18634, -28.6932, 33.1072, 7.19503, 0.00172066, -0.00241855, 0.00121141, 
30, 2394.47, 30.3696, -22.3792, -6.95581, -0.000564104, -0.00267611, -0.000763524, 
31, 128472, 31.6785, 12.7974, 18.1532, -0.00186955, -4.24326e-05, -0.00230709, 
32, 63731.5, 7.00338, 6.05874, -26.2618, -0.00146851, -0.000738145, 0.00330505, 
33, 1929.75, -12.4299, -1.91335, 29.1736, 0.000292863, -0.000350593, -0.00237823, 
34, 137164, -11.3655, -3.60287, 16.0653, 0.000451596, 7.3619e-06, -0.000720038, 
35, 50524.2, 3.63455, -1.00802, -16.2176, 0.00252596, 0.000593912, 0.00162822, 
36, 6629.78, 26.4065, -15.1595, -16.1343, -0.00254967, 0.000590635, 0.000950627, 
37, 38240.2, 22.9128, -16.5707, -32.8684, -0.00264552, 0.00125551, 0.00277192, 
38, 18423.8, -0.867607, 0.827283, -21.4469, 0.00142776, -0.00142594, 0.00355653, 
39, 194740, 30.796, -22.7676, -6.7236, -0.00182101, 0.00235554, -0.00135673, 
40, 166672, 13.6528, -13.4958, -26.8925, -0.000411905, 0.00263546, 0.00324029, 
41, 63465.7, 18.2614, 21.4504, -9.71575, -0.00184767, 0.000771559, 0.000179133, 
42, 21989.4, 18.6631, 21.2756, -6.54282, -0.000361039, -0.00353251, -3.92752e-06, 
43, 7506.47, 30.2243, -26.2037, -3.24374, -0.00286551, 6.87516e-05, 0.000211579, 
44, 1030.15, 27.5446, 8.78571, -9.97994, -0.00205205, 0.000862061, 0.001378, 
45, 60141.1, 3.01437, 22.3016, -5.37521, 0.00123616, -0.000848864, -0.000145925, 
46, 69136.8, -26.0782, -0.831182, 18.2213, 0.000842541, 0.00161382, -0.00111528, 
47, 4636.02, 24.08, -39.5465, 31.369, -0.000193727, 0.00159038, -0.000997886, 
48, 148424, -19.1887, 10.0244, 31.2504, -0.000237203, -0.000605369, -0.00229529, 
49, 101751, 26.7953, 27.1248, -0.309088, -0.00160179, -0.00336229, 0.000724787, 
50, 113749, -12.0103, -25.8743, -36.1159, 0.00159235, 0.00115063, 0.00109001, 
51, 14312.6, 11.1346, 14.2113, -29.7517, -0.000148249, 2.6045e-05, 0.00236816, 
52, 115787, 35.7914, -5.55497, 32.3788, -0.000833542, -0.00017884, -0.00194225, 
53, 10116, 38.0878, 37.8592, -20.2429, -0.00139738, -0.00126742, 0.000273011, 
54, 33789.7, 13.9686, 23.2426, -16.0617, 0.00165822, -0.0021348, -0.00164189, 
55, 186460, 23.4969, 24.0737, 5.36797, -0.00138457, -0.0024992, -0.00130352, 
56, 245187, 29.912, -25.054, -5.29361, -0.000978571, 0.000550896, 0.0015269, 
57, 290437, -12.865, 2.15518, 14.9893, 0.00022511, 0.000708113, -0.000993143, 
58, 80698.8, -12.1587, 8.6089, 17.9684, -2.71453e-05, -0.00114146, -0.00186625, 
59, 117814, 23.4344, 18.3343, -8.53695, -0.000609858, -0.0011597, 0.000165817, 
60, 74301.5, -24.8656, 22.749, 12.4687, 0.00163003, -0.00110438, -0.00163488, 
61, 87026.1, 1.81765, -21.55, -35.0179, -0.000117158, 0.00307613, 0.0014452, 
62, 54123.3, 18.2339, 16.892, -9.89069, -0.00186354, -0.000903779, 0.00275426, 
63, 142469, 9.76643, 11.0186, -28.7811, -0.000712577, -0.00202803, 0.00322982, 
64, 25240.3, 20.3493, -3.44108, 20.3298, -0.000965196, 0.000958172, -0.00191643, 
65, 84495.7, -38.3584, 12.5577, 31.4177, -0.00059829, -0.00108259, -0.00251442, 
66, 190154, 20.3243, 22.6153, -21.4344, -0.00062541, -0.0011341, 0.00207168, 
67, 106916, -15.1277, 19.8744, -6.17003, 0.000854857, -0.00109847, 0.00260586, 
68, 142208, 32.698, 11.5664, -4.45972, -0.00266684, -0.00194942, -0.00020729, 
69, 222966, -31.2854, 13.9014, 15.2318, 0.000839614, -0.00180422, -0.000764289, 
70, 23261.8, -6.62137, -22.4561, -13.275, 0.000866747, 0.00207393, -0.000138171, 
71, 37181.8, -21.7568, 20.7755, 3.03485, 0.000774146, -0.00127995, -0.00127582, 
72, 387724, 19.6294, 12.6341, 9.40659, -0.0006569, 0.000234956, -0.00112717, 
73, 94415, 24.997, -14.1605, -20.1247, -0.00351727, 0.000362847, 0.000599761, 
74, 92650.1, 5.10936, 19.7865, -2.8574, 0.0020894, -0.00179262, -0.000151399, 
75, 18296.3, -36.4468, 10.0412, 34.4082, 0.00222437, 0.0036554, -0.000959028, 
76, 120001, -33.4549, -14.7331, -2.23532, 0.00115038, 0.00102878, 0.00102182, 
77, 272530, 15.02, 0.875302, 6.47737, -0.000236002, 0.00147406, -0.00111086, 
78, 17526.5, -23.6599, -27.3895, 31.0238, 0.00184661, -0.000148236, 8.34445e-05, 
79, 64817.7, 8.76733, -14.8672, -20.5343, 0.000913374, 0.00223269, -0.000957301, 
80, 92249, 33.1312, 10.5361, 9.18944, -0.00261904, 0.000995214, -0.00144869, 
81, 18467.1, -31.2683, 11.4541, 11.8301, 0.00307986, 0.00195642, -0.000508614, 
82, 36826.6, 16.94, 30.2619, 11.3522, 0.000406601, -0.00352793, -0.00146428, 
83, 11297.7, 32.0628, -22.8327, -1.2168, -6.61293e-05, 0.00345862, 0.000760777, 
84, 79293, 12.9698, -15.4829, -29.8544, -2.2317e-05, 0.00401604, 0.00375654, 
85, 99758.2, 18.2541, 12.1287, 11.465, 0.00105047, -0.000386677, -0.00420426, 
86, 23343, -25.6546, -0.783423, 18.6932, 0.00277262, 0.000145851, -0.000601947, 
87, 148233, 25.8841, 22.6199, 8.49253, -0.00472164, 0.000112319, 0.00168293, 
88, 11527.8, -34.0518, 12.0371, 33.7118, 0.000386216, -0.00167697, -0.00190879, 
89, 14718.3, 29.4658, 17.0274, -1.76946, -0.000395701, -0.0025745, 0.00116715, 
90, 46494.3, -0.507908, 5.41944, -33.7976, 0.00106254, 0.000684068, 0.000800578, 
91, 34379.9, -17.1773, -15.0624, -24.0677, 0.00131208, 0.000864354, 0.000672876, 
92, 23079.1, 23.7305, -10.834, -2.33481, -0.00101534, 0.000877754, -0.000788857, 
93, 79660.5, -33.6489, 4.68956, 13.4973, 0.00271232, 0.00143039, -0.00045665, 
94, 77532.3, -38.6088, -33.4956, 41.6967, 0.00103466, 0.00124916, -0.00105544, 
95, 85363.6, 28.9212, 19.4529, 3.82144, -0.00222099, 0.000337242, -0.00223583, 
96, 11260.4, -12.484, 13.9502, 16.6556, 0.000123513, -0.00204023, -0.00125515, 
97, 31876, 20.437, 15.1226, -10.3579, -0.00221212, 0.00124219, 0.00175434, 
98, 49282.2, 34.7035, 12.4139, -10.7805, -0.00273845, 0.000157457, 0.00218345, 
99, 38415.4, 0.424211, 25.2322, -5.2091, 0.00160897, -0.00108298, 0.000483656, 
100, 8080.94, -21.4813, 5.86872, -13.5107, 0.00214885, 0.000350963, 0.00210254, 
101, 70282.6, 40.9711, 33.9304, 35.4651, -0.00110082, -0.00295018, -0.00093184, 
102, 317827, 5.95301, -27.2861, -33.7928, 0.000700608, 0.00227688, 0.00151031, 
103, 237904, -40.128, 36.9812, 16.2729, 0.00135874, -0.00189024, -0.000368186, 
104, 119615, -15.9032, 20.2394, -4.78066, 0.00076503, -0.00267252, 0.000282261, 
105, 31893.4, 7.17538, -28.8386, -5.10488, 0.00029195, 0.0021162, -0.000671031, 
106, 173086, -29.3115, 13.8787, 13.4684, 0.00214162, -0.00132683, -0.00128255, 
107, 486074, -33.4377, 10.9812, 33.9459, 0.00028459, -0.000907524, -0.00152122, 
108, 40410.8, -28.5655, -20.3695, 27.7665, -0.00033525, 0.00313202, -0.00277332, 
109, 28247.2, -40.1594, 41.5643, 14.7463, 0.0011685, -0.00267268, -3.23958e-06, 
110, 23910.7, -20.0639, 26.2057, -21.465, 0.00121398, -0.00215835, 0.00178421, 
111, 40242.6, -6.2518, -38.0432, 23.9904, 0.000156294, 0.00165709, -0.000681879, 
112, 24016.7, -33.4834, 4.1685, 13.0229, 0.00152227, 0.000479138, 0.00142619, 
113, 129600, 9.26441, -31.5411, -20.2859, 8.53845e-05, 0.00262901, -0.000217821, 
114, 114317, 22.2402, 23.8613, 10.6255, 0.00208032, -0.00231311, -0.00250371, 
115, 174934, -32.3629, 12.0155, 33.8051, 0.00501442, 0.00133625, -0.0028171, 
116, 143212, 4.9279, -0.288826, -19.8086, 0.00291182, -0.00112301, 0.00274678, 
117, 8073.33, -33.2614, 14.7471, 26.5858, 0.000180063, -0.000895589, -0.000865761, 
118, 37893.5, -9.38856, 11.2348, 18.7439, -0.000853677, -0.00170578, -0.00201065, 
119, 62400.5, 21.1533, 29.8725, 18.7522, -0.000347535, -0.00215921, -0.00251509, 
120, 242481, 1.49974, 2.79758, -23.1331, 0.00232466, -0.000999243, 0.00226222, 
121, 220498, 12.1656, -15.6715, -26.2577, -0.000599356, 0.000506396, 0.00055247, 
122, 32681.3, 7.34258, 3.46031, 22.2373, 0.000198482, 0.000229305, -0.00219245, 
123, 348699, 33.7152, 16.6643, -2.21629, -0.00282041, -0.00159944, -0.000945036, 
124, 49173.7, 39.6023, -25.5026, 39.0929, -0.00053311, -0.000211785, -0.00163384, 
125, 91676.5, 18.3635, -8.20362, -22.6182, -0.00194387, -0.00035436, -0.000803772, 
126, 613.996, 34.6416, -21.6483, 0.837624, -0.00240771, -0.000520913, -0.00115685, 
127, 36070, 10.6521, -33.9074, 31.3986, 7.09227e-05, 0.00158447, -0.00111574, 
128, 60243.7, 36.74, -7.57943, 31.4254, -0.00189132, 0.00113351, -0.000659704, 
129, 66572.3, 6.93765, -22.9952, -30.3427, 0.000769004, 0.00321548, 0.00225412, 
130, 41874.2, -31.698, 22.4788, -24.2413, 0.00141319, -0.000819031, 0.00243389, 
131, 116662, -33.2615, 8.20634, 15.4673, 0.00253212, 0.0004632, -0.000411073, 
132, 109779, -9.8877, -6.05217, 29.6208, 0.000177191, 0.000492687, -0.00189225, 
133, 456997, -23.564, 12.8894, -4.17242, 0.00206108, -0.000309254, 0.000497233, 
134, 2780.32, 5.04562, 22.512, -2.64142, 0.00144551, -0.00362905, 0.00181958, 
135, 102119, 6.69167, -5.99306, -20.0902, 0.00259394, -0.00138268, 0.00207506, 
136, 164662, -25.2668, 3.88817, -18.1105, 0.00193917, 0.000144505, 0.00173564, 
137, 84084.3, 19.63, 20.7169, -19.6747, -0.00218768, -0.00362279, 0.00235193, 
138, 245299, -31.9757, -13.3405, -9.79935, 0.00182567, 0.00111589, 0.000706994, 
139, 102038, -5.95625, -8.99137, 34.3602, -0.000339766, 0.00092889, -0.00247456, 
140, 146704, -25.968, -21.9885, 35.2924, 0.000803588, 0.000588142, -0.00177806, 
141, 170925, 40.9052, 35.6967, 35.0038, -0.000974083, -0.000131004, -0.00136507, 
142, 107951, 27.5031, -11.9262, -19.3681, -0.00257798, 0.000898505, 0.000916789, 
143, 64717.1, -6.2408, -13.3953, 0.652802, -0.000245477, 0.00165548, 9.1083e-05, 
144, 28582.1, 16.1254, 26.4186, 8.084, 0.000437889, -0.00208367, -0.00192665, 
145, 18763.1, -39.19, -21.4778, -26.7513, 0.00169719, 0.000919475, 0.00109827, 
146, 44368.5, 3.29695, 26.0996, -8.87013, 0.000223326, -0.00294364, 0.00216569, 
147, 247503, 3.28307, 1.79585, -22.8125, 0.0013539, 0.000686643, 0.00182055, 
148, 54470.7, -11.3407, -9.35549, 23.4454, 3.67487e-05, 0.00191484, -0.00122466, 
149, 158577, 18.6832, 18.4819, -11.4602, 0.000138714, -0.00122322, 0.000140085, 
150, 59031.2, 13.5022, -2.82364, 13.1926, -0.000457789, 0.00103182, -0.000514357, 
151, 120654, 16.245, -12.9428, -26.9142, -0.0025345, -0.000771155, -0.000315461, 
152, 33810.4, 20.9522, 25.0374, -24.751, -0.00135226, -0.00275577, 0.00277073, 
153, 52884.6, -14.2712, 9.11755, 15.0668, -0.000121549, 0.00267134, -0.000782896, 
154, 76725.2, 43.4035, -32.7481, 41.9555, -0.00103917, 0.00112376, -0.00153167, 
155, 2384.17, -33.0932, -9.55864, -8.13116, 0.00131451, 0.00266113, 0.00113079, 
156, 54252.8, 2.67447, -9.26111, -24.6756, 0.00234961, -0.00309285, 0.00204959, 
157, 18995.8, 34.2657, 19.3255, -1.1753, -0.00415433, 0.000903098, 0.00108455, 
158, 133837, -20.0967, 1.59282, -6.11704, 0.000958542, 0.00113166, 0.000419867, 
159, 166899, 17.4496, -13.7852, -26.8472, -0.00238067, 0.00129983, 0.00294117, 
160, 192252, 32.4846, 16.4161, -2.63385, -0.00200695, 0.00213039, 0.00148694, 
161, 17027.9, -21.1504, 10.0441, 32.2079, -0.00181148, 0.000394523, -0.0014145, 
162, 130287, -38.1947, -11.8992, 34.1335, 0.00169448, 0.000750853, -0.00121464, 
163, 72430.1, 11.912, -7.99785, -21.8187, -0.000251997, 0.00147719, -0.0010514, 
164, 60583, -18.9386, 6.18677, 0.925483, 0.000589374, 0.000609255, -0.000515428, 
165, 38146.6, -29.0738, 32.9039, 7.02454, 0.000740874, -0.00229798, -0.000786322, 
166, 1307.56, -31.467, -12.6635, 36.6155, 0.000706962, 0.000376921, -0.00214773, 
167, 124087, -2.51784, 19.9677, -4.23097, 0.00171431, -0.000563532, 0.000773325, 
168, 30066.1, 4.52177, 20.6801, -3.09287, -0.00129868, -0.00339548, -0.00040358, 
169, 177463, -18.5469, 23.0764, -1.7287, 0.00129746, -0.00293872, -0.000762912, 
170, 1123.4, 20.904, -30.4388, -12.2738, -0.000135259, 0.00279423, 5.18281e-05, 
171, 71647.5, 38.5064, 35.9979, -13.2227, -0.00174992, -0.00187747, 0.000554128, 
172, 73299.5, 13.3406, 4.39103, 21.7082, -0.000511732, 0.000378605, -0.00254553, 
173, 120519, 9.53424, -18.9283, -33.2335, -0.00019782, 0.000118638, 0.0015973, 
174, 243541, -15.9603, -22.0707, -30.7209, 0.00125216, 0.00143111, 0.00164078, 
175, 232847, 2.09037, 20.4541, -3.24432, -0.000723083, -0.000338499, -0.000418108, 
176, 50296.6, -29.1235, -1.52497, -1.96126, 0.00215657, 0.000590344, 2.48316e-05, 
177, 17627.5, 2.43151, 2.49176, -12.5836, 0.00150946, -0.000320444, 0.00345734, 
178, 115556, 6.86127, 3.5778, -22.5603, -0.00216791, 0.000368045, -0.000448244, 
179, 21083.5, -18.3829, 25.0935, -21.013, 0.000514789, -0.0013763, 0.00204765, 
180, 120384, 11.339, 15.5349, -33.3331, -0.000129013, -0.00120554, 0.00237806, 
181, 104093, -8.70769, -13.6147, 3.03018, 0.000734552, 0.00198225, -0.000524988, 
182, 90014.4, 11.0231, 5.99143, -20.5188, 0.00154331, -0.000561882, 0.00197339, 
183, 39510.6, -29.0114, -10.8048, -13.3353, 0.00146015, 0.000226639, 0.00192912, 
184, 37719.2, -29.5049, -19.4283, -11.485, 0.000846056, 0.00258769, 0.000532859, 
185, 182373, 3.83599, 23.3532, -3.00716, -0.000567707, -0.00384659, -0.000538265, 
186, 153608, 10.1692, -18.5085, -28.0561, -0.000485585, 0.000221856, 0.00257886, 
187, 201002, 18.8894, -22.453, 27.8865, -0.000269794, 0.00112353, -0.00134639, 
188, 658.569, 33.403, -8.1632, 32.7428, 6.03509e-05, 0.00112504, -0.00179751, 
189, 143642, -26.3629, -22.7328, 33.2542, 0.000536844, 0.00192751, 0.000323733, 
190, 250454, -31.6089, 22.836, -17.0975, 0.00195338, -0.00132001, 0.00120753, 
191, 55591.1, 19.2089, 24.9144, 6.47284, 0.00116546, -0.00213362, -0.00232642, 
192, 141084, 25.1891, -20.4438, -13.581, -0.000468974, 0.00187742, 0.000553099, 
193, 52387.2, 21.4271, -11.6406, -24.6549, -0.00180638, 0.000821838, 0.00249431, 
194, 39745, 39.7651, -29.9363, 32.5526, -0.000821752, 0.00042049, -0.00082567, 
195, 89443.4, 25.7186, 10.5198, 0.423798, -0.00120014, 0.00145051, -0.000188432, 
196, 196180, 20.4296, 22.3563, -13.8883, -0.0011633, -0.00195708, 0.00224408, 
197, 56906.6, -14.0448, 17.2197, -7.58491, 0.000572635, -6.14997e-05, 0.00192636, 
198, 249087, 35.0599, -26.4178, -0.265553, -0.00164699, 0.00170272, -0.00146704, 
199, 137680, -31.6892, 20.745, 25.0284, 0.00100736, -0.00079759, 0.000713343, 
