ID, Mass [kg], pos_0 [m], pos_1 [m], pos_2 [m], vel_0 [m/s], vel_1 [m/s], vel_2 [m/s], 
0, 94943.7, 16.4746, -0.521852, -18.8153, -1.52993e-05, -1.09752e-06, 2.07685e-05, 
1, 62676.1, 19.994, 17.1688, 15.1406, -1.91447e-05, -1.30003e-05, -9.48537e-06, 
2, 129817, 8.55166, 0.127119, 12.8063, -3.77819e-05, -9.21818e-07, -2.59405e-05, 
3, 116722, -18.1854, -15.6237, -10.935, 2.50369e-05, 1.00128e-05, 1.34316e-05, 
4, 50768, 6.25188, -3.74498, -7.26599, -1.08481e-05, -3.52343e-06, 1.12344e-05, 
5, 151125, -10.4184, 16.98, 10.5446, 1.4822e-05, -3.778e-05, 5.68462e-06, 
6, 8210.88, -16.8417, 5.67831, -7.43383, 2.33193e-05, 1.74338e-05, 4.14433e-06, 
7, 64135.2, 15.3233, -11.1005, 10.7094, -2.54187e-05, 2.96658e-05, -1.1223e-05, 
8, 49086.3, 3.16012, 1.37578, 12.6742, -2.79341e-05, -5.68218e-06, -2.19406e-05, 
9, 179608, 13.4149, 12.8523, 19.5332, -1.74261e-05, -1.08798e-05, -2.02641e-05, 
10, 140950, 12.2892, -10.6291, -6.67915, -2.11026e-05, 1.43067e-05, 7.52943e-06, 
11, 1383.39, 13.2177, 6.6912, 12.7318, -2.34203e-05, -7.88776e-06, -1.7805e-05, 
12, 250361, -0.75114, -10.4097, 12.8032, 1.8193e-06, 2.63527e-05, -2.06141e-05, 
13, 41751.1, -17.199, 13.6483, 10.4879, 2.85798e-05, -2.17022e-05, -1.07613e-05, 
14, 18464.4, 15.2833, 9.65811, 3.52273, -2.25441e-05, -1.89094e-06, -4.8996e-06, 
15, 47062.8, -18.9318, -1.42398, 1.48721, 3.74054e-05, 1.53615e-05, 9.78176e-06, 
16, 93408.5, 8.98542, -4.79405, -12.6471, -1.5008e-05, 3.0682e-06, 1.23877e-05, 
17, 63985.3, 14.0554, -7.93509, 9.99391, -2.67031e-05, 4.04992e-05, -1.04308e-05, 
18, 495397, -6.19019, -19.7812, -15.0107, 3.78743e-08, 3.03703e-05, 2.27615e-05, 
19, 8175.9, 0.607398, 7.51863, 12.6487, -1.19902e-05, 1.80174e-06, -1.15171e-05, 
20, 133265, -16.996, 19.9515, -11.37, 1.07104e-05, -3.91257e-05, 1.2528e-05, 
21, 62915.9, -15.8957, -7.43487, -3.01483, 1.88494e-05, 9.51857e-06, 1.35979e-05, 
22, 26672.9, -1.78473, 8.87502, -3.86468, -3.03307e-06, -4.99615e-06, 1.76079e-05, 
23, 10031, 13.3981, -8.32117, 7.8929, -1.82416e-05, 3.57154e-05, 1.72247e-05, 
24, 97630.6, -0.0138901, -4.27513, 14.7135, 6.98228e-06, 1.50443e-05, -3.73137e-05, 
25, 3753, 5.73334, -14.7941, 7.24298, -6.73044e-06, 2.40809e-05, -1.22889e-05, 
26, 274293, -17.0251, 10.3727, -8.9235, 2.47238e-05, 1.21417e-05, -1.24216e-05, 
27, 10704.8, 12.2404, -2.46397, 8.09791, -1.53389e-08, -3.41859e-05, 3.41422e-05, 
28, 54714.2, 3.45906, -11.483, 16.7379, -1.06149e-05, 2.32108e-05, -3.24027e-05, 
29, 62041.6, 6.62861, -9.11403, 1.82032, -1.32606e-05, 1.11895e-05, 8.46377e-07, 
30, 83991.8, -16.35, 8.04046, 11.1312, 2.82021e-05, -5.29239e-05, -5.51922e-05, 
31, 85336, -7.36148, 14.8094, -4.90332, 4.58984e-06, -2.01726e-05, 7.66011e-06, 
32, 6405.9, -0.396343, 5.2772, 7.15391, -1.3031e-05, -3.97827e-06, 4.26779e-06, 
33, 6024.27, -1.70174, -8.26506, 14.1011, 2.00653e-05, -2.82122e-06, -4.31274e-05, 
34, 37843.3, 18.7452, 13.2914, 2.83061, -3.03362e-05, -1.04914e-05, -1.02256e-05, 
35, 113731, -10.5075, 11.7673, 14.8588, 2.12467e-05, 1.2746e-05, -2.3657e-05, 
36, 1721.18, -19.0721, 1.97144, -1.28192, 3.41201e-05, 7.14715e-06, 1.90043e-05, 
37, 497942, -13.4906, 0.162983, 6.82144, 1.56962e-05, 2.45501e-05, -1.6618e-05, 
38, 27248.6, -3.51854, -10.8178, 3.35481, 3.5437e-06, 1.11433e-05, 3.84069e-05, 
39, 70169.5, 0.552243, -5.22249, 10.8775, -2.72975e-06, 1.81338e-05, -2.22782e-06, 
40, 82630.2, -5.82035, -2.48454, 4.22097, -3.94685e-06, 1.19922e-05, -4.03407e-07, 
41, 36719.1, 10.2513, -0.124769, -16.5137, -1.22542e-05, -1.03957e-05, 2.26584e-05, 
42, 29280.3, -9.28004, -15.6163, 13.8573, 1.14578e-05, 2.2257e-05, -2.12649e-05, 
43, 14429.9, 9.56971, 13.8291, 11.9759, -3.1905e-05, -1.55794e-05, -1.41477e-05, 
44, 46028.9, -18.1354, -8.00991, 0.379321, 3.57398e-05, -1.90694e-05, 5.70468e-05, 
45, 49132.5, 6.16174, 13.7674, 1.25888, -1.34104e-05, -6.07949e-06, 2.12123e-05, 
46, 99196.6, 17.748, 2.87391, -13.6636, -1.83986e-05, -5.62486e-06, 1.37622e-05, 
47, 23307.7, -14.2802, 8.25848, -4.86573, 6.94635e-06, -2.256e-06, -1.97103e-06, 
48, 68725, -2.98603, 9.6226, 4.92559, 5.07672e-07, -1.04567e-05, 5.65627e-06, 
49, 44059.3, 0.833277, 6.08, -8.11131, -6.4728e-06, -6.02218e-06, 1.9011e-05, 
50, 30410.5, 7.95866, 3.60829, -2.06247, -1.55995e-05, -5.54714e-06, 1.43488e-05, 
51, 50893.4, 17.1779, -8.98592, 16.0466, -2.39074e-05, 1.66594e-05, -2.12395e-05, 
52, 143593, 18.9974, 3.35701, 19.0005, -2.13014e-05, -1.57633e-06, -1.74235e-05, 
53, 21526.1, -19.389, 13.475, 15.3705, 2.87444e-05, -1.62769e-05, -2.057e-05, 
54, 3371.29, -11.9675, 6.09423, -19.4606, 6.34728e-06, -4.37905e-07, 3.29057e-05, 
55, 71829.6, 2.93389, 17.7804, 15.2531, -1.01591e-05, -5.71048e-05, -3.2648e-05, 
56, 117977, -12.8624, -17.9112, 3.73823, 1.98456e-05, 2.49503e-05, -8.98418e-06, 
57, 88711.1, -8.09257, 17.0864, -17.0364, -4.48034e-06, -1.55198e-05, 2.11174e-05, 
58, 75328.6, 1.83382, -11.1969, -11.1844, -1.56368e-05, 9.56284e-07, 5.34979e-06, 
59, 259081, 19.0568, -5.20087, -8.29634, -2.42229e-05, 3.16863e-06, 1.0201e-05, 
60, 62103.3, -11.7996, 18.9268, -19.5362, 5.05129e-06, -1.72277e-05, 2.36726e-05, 
61, 225027, 0.802622, 18.0738, -5.29878, -4.77885e-06, -2.99392e-05, 8.34279e-06, 
62, 49835.1, -0.739313, 12.4278, 19.8418, -1.12017e-05, -1.40271e-05, -5.61725e-05, 
63, 10291, -8.56214, 12.8098, -8.86431, -5.23996e-06, -1.25042e-05, 1.6703e-05, 
64, 33558.3, 13.2015, 1.22275, 7.24676, -2.80507e-05, -1.21135e-05, 3.01735e-06, 
65, 44258.8, -7.36022, 15.5216, -8.2997, -1.48397e-06, -2.3923e-05, 2.10683e-05, 
66, 14345.9, -9.20156, 12.6574, 0.40984, 1.04079e-05, -2.13082e-05, 6.6386e-06, 
67, 204759, -6.23314, -12.2552, 6.92768, 1.17916e-05, 2.4666e-05, -1.65159e-05, 
68, 120827, -3.15683, 12.3688, 13.8045, 5.18467e-06, -4.80515e-05, 0.000123565, 
69, 25946.8, -0.567234, -11.8404, -13.4641, 2.05122e-06, 3.09053e-05, 2.36127e-05, 
70, 169218, -13.8161, 3.94939, 2.81068, -1.16233e-05, -1.04765e-06, 4.65751e-05, 
71, 8726.37, -7.28466, 9.5436, -11.6455, -1.09935e-05, -8.30135e-06, 2.34771e-05, 
72, 179484, -4.91414, -0.563762, 0.581177, -4.74729e-06, -8.68287e-07, 1.4942e-05, 
73, 225280, -11.6496, -14.2735, -14.6239, 1.79651e-05, 6.11697e-06, 2.1124e-05, 
74, 1065.8, -1.48132, -14.0185, -5.44551, -3.26782e-06, 1.91223e-05, 1.27296e-07, 
75, 23039.3, 8.63785, 19.8685, -19.4104, -6.17758e-06, -1.34562e-05, 1.55749e-05, 
76, 97718.6, -2.23295, 3.24263, 15.7011, 2.99611e-06, 1.4349e-06, -3.47146e-05, 
77, 97225.7, 7.98127, -1.40882, 0.547933, -1.95952e-05, -6.86689e-06, 7.22045e-06, 
78, 108293, 6.80602, -13.3856, 1.43878, -1.20984e-05, 2.15789e-05, 2.68522e-07, 
79, 20755.1, -10.7415, 5.92637, -17.3032, 6.17449e-07, 1.56619e-06, 3.21119e-05, 
80, 12051.5, -14.2771, 11.2932, 9.32026, 1.62433e-05, -2.69655e-05, -5.12241e-06, 
81, 7274.55, 11.4562, -18.7397, -15.7838, -6.66498e-06, 1.79723e-05, 1.33609e-05, 
82, 41167, 16.8698, -3.13315, 0.533863, -2.69026e-05, 3.28596e-06, 2.55778e-06, 
83, 17941.4, -6.39521, -15.5592, 12.2122, 5.6171e-06, 2.86046e-05, -2.07102e-05, 
84, 44427.1, 11.1889, 5.71972, -4.64184, -1.64589e-05, -4.45679e-06, 1.34114e-05, 
85, 22172.5, 15.6122, -19.8507, -8.5357, -1.25226e-05, 1.97681e-05, 2.46573e-06, 
86, 31611.7, -16.2377, 6.96987, 10.8996, 1.089e-05, 5.54949e-05, -5.94942e-05, 
87, 26634.8, -16.5141, -3.83533, -6.89529, 1.59107e-05, 8.26321e-06, 1.08747e-05, 
88, 75754.5, 8.92006, 12.0506, -12.8469, -8.33649e-06, -1.11461e-05, 1.80894e-05, 
89, 113107, -16.8299, -19.3988, 12.2207, 1.38693e-05, 1.77665e-05, -1.2407e-05, 
90, 27261.6, -11.3331, -8.93628, -0.8566, 1.46547e-05, 9.33084e-06, 5.32303e-06, 
91, 351484, -1.71401, 15.522, 1.66454, 4.76844e-06, -2.52081e-05, 5.50703e-06, 
92, 329973, -10.8592, 3.48325, 16.7918, 1.63208e-05, 4.41647e-06, -2.99606e-05, 
93, 29994.8, -19.6741, -10.8264, 11.6209, 2.15296e-05, 1.36937e-05, -1.40277e-05, 
94, 66540.9, 14.1347, 13.7364, -11.0777, -7.32476e-06, -1.35213e-05, 1.98938e-05, 
95, 84875.3, -3.2003, -10.9612, 4.6356, -1.2226e-05, 1.71087e-05, -1.04953e-05, 
96, 264300, -18.2718, 8.56239, 3.42124, 4.1946e-05, -6.74438e-05, 7.49641e-06, 
97, 86518.6, -11.0234, -6.58669, 19.9117, 1.32545e-05, 1.43783e-05, -2.59206e-05, 
98, 315093, 19.0342, 13.5957, -3.35253, -2.50547e-05, -1.19076e-05, 6.57612e-06, 
99, 201632, 3.37835, -16.5739, -10.7981, -2.55949e-05, 3.57448e-05, -1.39763e-06, 
100, 359073, -13.2072, 8.45205, -11.4388, -8.10328e-06, 9.2959e-06, 2.54668e-05, 
101, 54977.4, 15.9278, 11.2354, 0.166677, -1.73493e-05, -3.19889e-07, -1.64406e-06, 
102, 118203, 14.1915, -4.17961, 14.7038, -2.74427e-05, 7.79821e-06, -3.31976e-05, 
103, 14953.6, 18.0654, -19.6589, -9.0209, -1.94347e-05, 1.70995e-05, 2.16792e-06, 
104, 46864, 1.48659, -14.7251, -9.12945, 6.26928e-06, 9.70859e-06, -1.86225e-05, 
105, 25231.1, -17.8139, 15.703, 10.385, 3.01398e-05, -3.44994e-05, -8.27034e-06, 
106, 30079, -6.79962, -9.40662, 18.7178, 7.05299e-06, 1.85854e-05, -2.69307e-05, 
107, 3629.19, 13.8927, -4.22376, 15.0576, 3.25204e-05, 1.70913e-05, -0.000101078, 
108, 66090.9, 2.29699, 12.7842, -0.05005, -1.38167e-05, -4.59373e-06, 1.82966e-05, 
109, 61393.7, 7.09868, -0.0101375, 11.9834, 1.54881e-05, 5.66732e-06, 5.63989e-06, 
110, 20439.4, 18.4042, 6.5014, 9.08235, -3.31246e-05, -4.3534e-06, -6.6748e-06, 
111, 141284, 1.85271, -15.3982, -12.8062, 2.07875e-06, 1.34087e-05, 3.89524e-05, 
112, 92531.1, 1.09964, 16.8697, -8.00428, -8.92601e-06, -9.00651e-06, 4.40858e-05, 
113, 31864.8, -9.18266, -4.88829, 6.72884, 2.67914e-05, 4.0789e-05, -1.48888e-05, 
114, 44313.2, 12.2577, 15.7328, -2.63034, -1.15235e-05, -1.99601e-05, 1.41847e-05, 
115, 4750.24, -15.8291, 1.11991, -12.4327, 1.0509e-05, 5.30822e-06, 2.55877e-05, 
116, 44452.8, -6.57931, -13.8031, -5.69317, 1.7533e-06, 1.58483e-05, 1.5433e-05, 
117, 11256, 13.9597, 11.4838, -2.02142, -6.93148e-06, -3.21186e-06, 1.1809e-05, 
118, 19927.1, 10.0158, -16.0639, 18.3565, -1.04418e-05, 1.86584e-05, -1.80106e-05, 
119, 274949, 0.109866, 0.568037, 11.9104, 1.49993e-06, 4.5183e-06, -1.14574e-05, 
120, 100403, 14.4629, 16.4719, 3.33396, -2.91514e-05, -2.06351e-05, -1.78996e-06, 
121, 71368.6, -16.4602, 7.30369, 10.2442, 4.09528e-05, 4.5405e-06, 2.55554e-05, 
122, 191445, -4.98696, -6.9523, -12.4843, 1.53505e-05, -5.0852e-06, 1.69698e-05, 
123, 172817, -9.06169, 15.2506, 15.44, -6.7499e-06, -4.28557e-05, -3.63059e-05, 
124, 64236.3, 7.27138, -3.66763, -0.455233, -1.03929e-05, 1.69978e-05, 1.50725e-05, 
125, 55232.1, -6.89269, -18.0632, -13.2883, 2.52882e-05, -3.14559e-05, -4.26847e-05, 
126, 82879, 8.32099, -3.34277, -15.6152, -7.22454e-06, -4.34807e-06, 2.78246e-05, 
127, 194422, -2.37496, -9.00004, -17.2663, 4.80385e-07, 2.3872e-06, 3.80171e-05, 
128, 19393.7, -1.04593, 4.80872, 18.7367, -6.87162e-06, -3.41529e-08, -4.58868e-05, 
129, 294796, 9.19731, 17.0224, 4.64244, -2.63064e-05, -3.1798e-05, -5.79251e-06, 
130, 3377.38, -2.07639, -5.58704, -11.6875, -1.16377e-05, -1.17143e-05, 1.33025e-05, 
131, 80.222, 3.39568, 2.92852, 1.21459, 3.55201e-06, 7.04447e-06, 1.23447e-05, 
132, 80445.4, 8.15064, 1.39116, 16.448, -2.03093e-05, -2.43329e-06, -4.15174e-05, 
133, 62558.6, -8.16835, 1.71832, 19.939, -1.79379e-07, 1.31823e-05, -4.63893e-05, 
134, 16081.4, -8.31339, 1.90423, 13.4676, 1.91764e-06, 1.50523e-05, -1.52117e-05, 
135, 23462.2, -3.31627, -7.93458, -11.5578, -2.18364e-05, 1.7416e-05, -9.29269e-06, 
136, 225632, -17.9575, 6.30136, 3.5571, 4.47963e-05, 2.61803e-05, 8.67226e-06, 
137, 67903, 10.1172, -6.92437, -19.7014, -1.11732e-05, 5.55361e-06, 2.5727e-05, 
138, 35061, 7.30438, -1.31259, 5.6983, -2.99846e-05, -1.37407e-05, 2.13443e-05, 
139, 88062.7, 6.89732, 9.01959, -18.9352, -8.25148e-06, -7.20021e-06, 2.38821e-05, 
140, 1521.39, -16.8672, 15.2372, -7.14603, 9.54572e-06, -3.99407e-05, -3.65258e-05, 
141, 457142, -3.15608, 11.9772, 15.4693, 3.56761e-06, -3.91424e-06, -6.24181e-05, 
142, 9623.76, -0.498606, 19.2793, 1.67286, -5.53427e-06, -5.59421e-05, 2.23551e-06, 
143, 117111, -4.51788, 5.08528, 7.49374, -1.46251e-06, -3.82525e-06, -2.09898e-06, 
144, 51587.4, 16.9498, -10.6346, -5.0385, -2.66117e-05, 1.61507e-05, -4.55564e-07, 
145, 59160.8, 0.989952, -13.0897, 2.73715, -8.23402e-06, 2.56313e-05, -8.19334e-07, 
146, 46437.6, -3.19798, -2.07311, -16.9779, 1.48591e-06, -1.02143e-05, 2.88828e-05, 
147, 315819, 18.0559, -17.2192, -17.0844, -1.34422e-05, 1.10976e-05, 1.18969e-05, 
148, 9477.01, -18.4895, 0.239133, 3.13966, 4.66224e-05, 1.70577e-05, 4.26533e-06, 
149, 23731.9, 18.6309, -4.94124, -4.51391, -2.34876e-05, 1.77994e-06, -1.41696e-05, 
150, 1616.21, -13.8675, -7.62862, -14.0107, 1.94946e-05, -8.52484e-07, 2.43135e-05, 
151, 145441, -18.0039, -8.64659, 1.47143, 2.51618e-05, 2.70391e-05, -2.17451e-05, 
152, 89905.1, 4.68677, -12.0849, 11.9564, -1.61748e-05, 2.74797e-05, -1.44256e-05, 
153, 50014.5, -9.77852, -19.4421, 6.72624, 5.19405e-06, 3.14455e-05, -1.50833e-05, 
154, 21290.7, -4.86096, 8.32954, -10.6856, -6.89109e-06, -5.50145e-06, 2.09316e-05, 
155, 452855, 3.31623, 13.9662, 13.5953, -2.1606e-05, -1.7177e-05, -2.0063e-05, 
156, 61176.7, -15.4507, 12.4402, -12.925, -2.4487e-05, -1.07511e-05, 5.97331e-05, 
157, 5863.45, 17.3872, -1.88298, -8.06911, -1.26453e-05, -1.86929e-05, 7.91114e-06, 
158, 105664, 7.83735, -9.15099, -7.02714, -9.73676e-06, 7.97705e-06, 8.60871e-06, 
159, 31320.7, -11.3358, -8.32623, -11.4085, 1.37464e-05, -1.65314e-06, 1.88912e-05, 
160, 47367.3, -0.814742, -7.3615, 0.0974449, -6.05528e-06, 1.00863e-05, 8.18041e-06, 
161, 98301.7, -14.3538, -19.4864, -10.9373, 1.5804e-05, 2.60922e-05, 7.62361e-06, 
162, 73178, 14.8401, 7.49153, 9.4532, -2.5136e-05, -8.23857e-06, -8.60784e-06, 
163, 51504.1, 18.4411, 15.663, -11.0903, -2.35672e-05, -1.51527e-05, 1.7249e-05, 
164, 370259, -17.558, 14.443, -10.5099, 1.55565e-05, -5.37885e-05, -7.02531e-06, 
165, 149722, 3.79288, 11.69, 6.89598, -1.35536e-05, -5.76092e-06, 2.84963e-06, 
166, 198765, 9.14339, -17.8943, 5.15159, -1.4064e-05, 2.68663e-05, -7.42875e-06, 
167, 139660, 6.08009, -2.49164, 7.04351, -6.87276e-06, 1.2399e-05, -1.62232e-06, 
168, 83268.5, 5.49653, 4.52055, 14.1584, -1.76514e-05, -1.30943e-05, -2.3809e-05, 
169, 111579, -8.1261, -15.0458, 0.188226, 1.90595e-05, 6.75315e-05, -9.30317e-05, 
170, 19096.2, 16.938, 16.8318, -11.5902, -6.36868e-06, -2.78345e-05, 2.06628e-05, 
171, 200677, -19.5278, -1.29035, -9.93313, 2.32968e-05, 5.38646e-06, 1.62104e-05, 
172, 52868.7, 3.72266, -2.37561, 18.1896, -9.91713e-06, 1.08122e-05, -4.07809e-05, 
173, 41037.8, 2.16129, -4.98604, 13.8085, -2.53715e-05, 2.21976e-05, -2.4672e-05, 
174, 4465.77, 0.336405, 8.3716, -14.313, -1.65048e-06, -7.16795e-06, 2.15528e-05, 
175, 6545.54, -12.4023, -19.0983, 2.59806, 6.95366e-06, 5.54554e-05, 1.90882e-05, 
176, 62246.2, -13.298, -9.80383, -9.22132, 1.91354e-05, 6.27619e-06, 9.70387e-06, 
177, 128306, -0.210351, -2.90203, -9.79535, -4.95806e-06, -7.15075e-06, 1.40296e-05, 
178, 85947.3, 8.62382, -16.4815, -3.634, -1.47114e-05, 2.579e-05, 3.18727e-06, 
179, 85524.8, 16.9965, 11.9177, -8.87751, -1.76968e-05, -2.69624e-06, 1.66082e-05, 
180, 258268, -7.9643, -14.459, -1.10815, 2.31604e-06, 4.16268e-06, 4.30775e-05, 
181, 46445.2, 3.81443, 9.56901, -16.2146, -6.59871e-07, -9.11234e-06, 1.8912e-05, 
182, 79205.4, -7.80576, 6.33342, 3.51959, 2.10423e-07, -1.34506e-05, 1.07615e-05, 
183, 34651.8, 16.9868, 4.31455, 1.92105, -2.66046e-05, -1.05426e-06, 2.55e-06, 
184, 92155.5, -0.494443, -9.86127, -13.3507, -7.80816e-06, -1.40144e-06, 1.76822e-05, 
185, 83068, -16.5618, 5.31636, 17.6922, 3.21237e-05, -2.00034e-06, -3.05353e-05, 
186, 70401.9, 4.87157, 4.27555, 1.40636, -1.13473e-05, -5.33573e-06, 9.45215e-06, 
187, 187320, -18.2611, 12.7319, -12.2253, 5.32177e-05, 1.85086e-05, 7.12794e-05, 
188, 247302, -15.4371, 4.19466, 5.11327, 2.86184e-05, -3.80861e-06, -2.08088e-05, 
189, 41300.5, -6.61427, -2.68887, -1.56975, 1.11256e-05, 1.45319e-05, 2.54834e-05, 
190, 175489, -18.9751, -18.253, -5.36418, 2.12968e-05, 1.91721e-05, -1.61886e-07, 
191, 80320, -7.94628, -3.65097, 6.48414, 1.51599e-06, 1.54953e-05, -1.20728e-05, 
192, 384764, 13.4167, -4.19052, 9.62637, -2.54679e-05, 6.70606e-06, -4.5834e-06, 
193, 72170.5, 2.93733, 16.1007, 10.154, -7.40099e-06, -4.63052e-05, 1.42894e-05, 
194, 154299, -11.2662, 14.5572, 14.5531, 5.09783e-05, -2.74192e-05, -1.22979e-05, 
195, 83475.5, 7.05769, 15.6822, 3.63745, 1.37036e-05, -5.76389e-06, 1.65978e-05, 
196, 56140.2, -18.9099, 18.2797, 1.94115, 1.94117e-05, -2.5197e-05, -7.24621e-07, 
197, 10070.3, 16.2564, -3.45071, 9.3045, -7.82529e-05, -8.22533e-06, 1.51058e-06, 
198, 29593.9, -8.18971, 4.08599, 10.646, 5.65891e-06, -1.56543e-06, -1.48613e-05, 
199, 2474.18, 17.0653, 10.0612, 5.17203, -2.91965e-05, -5.69303e-06, -8.57189e-06, 
