ID, Mass [kg], pos_0 [m], pos_1 [m], pos_2 [m], vel_0 [m/s], vel_1 [m/s], vel_2 [m/s], 
0, 5682.38, -5.50731, -2.71269, 6.18243, 0.00300036, -0.000110002, -0.00826406, 
1, 51291.5, 10.3821, 16.0508, -11.1423, -0.00233299, -0.00223873, 0.00196286, 
2, 73779.3, -0.98336, -4.77216, 4.65696, -0.000991394, 0.00402921, 0.00150186, 
3, 9731.99, -9.23501, 5.73292, -9.01945, 0.00771946, -0.00963464, -0.000602456, 
4, 104587, 2.38054, 5.16241, -0.652926, -0.00251943, -0.00306913, 0.00152527, 
5, 42215, -9.11085, -1.92828, -7.07069, 0.00585924, 0.00246588, 0.00307613, 
6, 57220.4, -13.9044, 13.1293, 6.08867, 0.00401504, -0.00422434, -0.000572699, 
7, 44855.5, -0.259117, 0.617495, -5.4236, 0.000826184, 0.00216455, 0.00304377, 
8, 276797, -8.41722, 5.65368, -10.4866, 0.00482219, 0.00563399, 0.00431658, 
9, 2643.18, -3.34791, -0.434376, -5.63969, -1.40928e-05, 0.00114237, 0.00299738, 
10, 33961.7, -7.39034, 7.09933, 7.12161, -0.00422142, -0.00133285, -0.00186574, 
11, 8691.35, 7.12033, -11.6458, 3.54611, -0.00546986, 0.000833238, 0.000202286, 
12, 141682, 0.201544, -3.55281, 2.39779, -0.00261883, 0.00585345, -0.00352392, 
13, 288611, -8.95541, -3.2878, 0.309266, 0.00509692, 0.00210293, -0.000360401, 
14, 512847, -11.4342, 9.35288, 10.9251, 0.00444408, -0.00206968, -0.00505771, 
15, 15651.7, -2.89774, -5.96375, 2.81978, 0.00225923, 0.0104746, -0.00641783, 
16, 182451, 0.541419, 10.6968, -12.8854, -0.00149809, -0.00316159, 0.0034747, 
17, 62197.8, -7.5828, 5.35825, -5.15412, 0.00466615, 0.00522261, 0.00417386, 
18, 185440, -4.78011, -5.30161, 0.0355397, 0.00289, 0.00247573, 0.00365075, 
19, 36701.4, -13.252, -8.95572, 12.303, 0.00283129, 0.00244567, -0.0029526, 
20, 106936, 11.1094, 13.4802, -2.64144, -0.00328624, -0.00310873, 0.000789723, 
21, 161838, -1.12033, -1.88604, 1.64881, 0.000633731, -0.00121238, 0.00268208, 
22, 144875, 1.94693, -6.88846, 8.31583, -0.00186495, 0.00460231, -0.00709379, 
23, 100936, -8.28497, 6.51742, -8.90627, 0.00479676, -0.00267974, 0.00740851, 
24, 95186.1, -7.99587, -10.0157, -12.0692, 0.00106516, 0.00314625, 0.0044134, 
25, 151808, -1.35041, 13.5706, -12.7701, -0.00193991, -0.00243614, 0.00328096, 
26, 118354, -8.27997, 4.20382, -9.73388, 0.00216069, -0.00137044, 0.0024478, 
27, 149234, -6.18977, -4.95193, -4.41, 0.000526648, 0.00387684, 0.00332778, 
28, 9985.68, -8.03814, 1.8875, 1.53896, 0.00473119, -0.000938371, -0.000539334, 
29, 180895, 3.47174, -4.18644, 7.42905, -0.0047787, -0.000331026, -0.00488916, 
30, 486.041, 6.25343, -8.16206, 4.47458, -0.00516236, 0.00176986, 1.04991e-05, 
31, 70262.9, -1.6775, -9.92498, -6.0921, -0.000985482, 0.004739, 0.00313618, 
32, 45902.1, -1.72888, -1.35643, -5.80682, -0.00105244, 0.00327723, 0.00511321, 
33, 24444.7, 1.83086, -0.236693, -5.56633, -0.00126822, -0.00146661, 0.00514224, 
34, 65679.9, -12.4387, 0.736581, 7.21505, 0.00427586, 0.00159186, -0.00426115, 
35, 3309.29, -9.58693, -3.40991, 1.29273, 0.00403608, 0.00187591, 0.00176988, 
36, 8280.38, 11.9117, -9.5994, -3.83637, -0.00351669, 0.0021122, 0.00166924, 
37, 94538.9, -3.16478, -6.17891, 2.70778, 0.00207639, 0.00999647, 0.00306171, 
38, 30213.7, -5.38214, 4.50528, 6.2305, -0.00221723, -0.00225558, -0.000592577, 
39, 53471.9, 2.70611, 12.3939, -4.0416, -0.00327789, -0.00280573, 0.00569344, 
40, 43100.3, 12.6524, -5.78473, 9.40863, -0.00420027, 0.00119472, -0.00138373, 
41, 44746.6, -9.63306, 6.96155, -7.4302, 0.00380177, -0.0038015, 0.00290295, 
42, 34053.9, -8.90864, 5.01947, -3.42929, 0.00335386, -0.00335462, -0.00187437, 
43, 54380.2, 3.57085, -0.22111, -7.04036, -0.00234735, -0.00168866, 0.00668645, 
44, 38723.2, -7.62347, 6.41611, 7.35984, -0.00119267, 0.00341728, -0.00526487, 
45, 2321.23, -9.52754, -2.15201, -2.65917, 0.00610482, 0.00151653, 0.00151269, 
46, 241169, 2.89898, 10.6727, -3.23211, -0.0025885, -0.00493857, 0.00193077, 
47, 344827, 3.82453, -0.582472, -6.44922, -0.003418, -7.36406e-05, 0.00390419, 
48, 39271.1, 2.52346, 4.39131, 5.69573, -0.00211127, -0.00503712, -0.00463803, 
49, 19687.8, 13.8515, -11.8982, -2.14056, -0.00336637, 0.00220199, 0.00111852, 
50, 61216.8, -0.203734, -6.51935, 2.44139, -0.00529624, 0.00533533, 0.0052644, 
51, 19182.2, 10.7463, -4.7375, 7.42978, -0.00461044, -0.000282289, 0.000986576, 
52, 12420.5, -0.449123, -2.32602, 4.70339, -1.86952e-05, -0.00276991, -0.00389214, 
53, 85447.4, 11.8701, 6.46283, 10.8952, -0.00420886, -0.00296425, -0.000678004, 
54, 361436, -7.5072, 6.62774, 6.57226, 0.00336435, -0.00266054, -0.00300424, 
55, 158926, -8.45513, 7.01886, 5.09704, 0.00263231, -0.00315821, 0.00300255, 
56, 49282.6, 10.3448, -4.84885, 8.31513, -0.00359679, 0.000226318, -0.00150972, 
57, 218355, 3.84385, 6.11476, 7.08799, -0.00178007, -0.00341395, -0.00316371, 
58, 22371.5, -11.8569, 8.71876, 8.24618, -0.00173594, -0.000811173, -0.000261784, 
59, 55919.9, 6.68108, -11.0787, 4.20542, -0.00411236, 0.0042048, 0.000303578, 
60, 21598.8, 2.64466, -8.67852, 8.22507, -0.000508541, 0.00301276, -0.00637918, 
61, 398.952, -2.43141, -6.4081, 2.34214, 0.00485112, 0.00481839, -0.00601646, 
62, 1108.92, -9.10769, 9.06894, -6.45301, 0.00309975, 0.00123123, 0.000590253, 
63, 108555, -9.29291, -3.22331, -0.11788, 0.00770957, -0.00215568, 0.000863978, 
64, 244863, -7.68018, 4.68872, -10.6476, 0.00432031, -0.00361922, -0.00122612, 
65, 220694, 11.5686, -6.80883, 8.77159, -0.00412592, 0.00126013, -0.00134331, 
66, 61700, 3.60962, -11.1808, -10.5697, -0.00187266, 0.00281594, 0.00313732, 
67, 55388.9, 15.4344, -7.62948, -13.3359, -0.00246221, 0.00129246, 0.00197724, 
68, 211156, -3.5967, -5.32633, 4.38616, 0.00336659, 0.00883734, -0.00294793, 
69, 12720.6, -10.3929, -4.11231, -6.88654, 0.00262992, 0.00336872, 0.000228269, 
70, 25096, -8.39942, 0.324242, 7.28409, 0.00271224, -0.000116148, -0.0041694, 
71, 179870, -0.685864, -0.268109, 1.43887, -0.00175295, -0.00320373, 0.00155825, 
72, 79123.8, 10.5714, 8.29451, -1.20916, -0.00414578, -0.00260997, 0.00081614, 
73, 110870, -9.99954, 7.37477, 8.43697, 0.004759, -0.00436358, -0.00361762, 
74, 43359.1, -11.7165, 3.95934, -10.5947, 7.76141e-06, -0.00893873, 0.00576973, 
75, 140124, -3.97363, -4.11662, 4.75022, 0.00446928, 0.000254721, -0.003662, 
76, 229268, 7.51078, -11.1638, 3.42299, -0.00357502, 0.00406109, 7.32635e-06, 
77, 302149, -11.7403, -0.678917, 10.3058, 0.00410338, 0.000953099, -0.0031739, 
78, 100708, -5.94456, -5.53664, 2.77435, 0.00756231, 0.00550492, 0.0012075, 
79, 46633.4, -3.06805, -6.27479, 3.00578, 0.0038272, 0.00257796, -0.00309091, 
80, 143926, -4.41791, -2.77796, 5.84475, 0.00398568, 3.62936e-05, -0.00271577, 
81, 270.261, 9.37494, -0.845962, -10.2429, -0.00320302, 0.000643845, 0.00396425, 
82, 159650, -1.56542, -7.65815, 4.46894, -0.00456412, 0.00446437, -0.00664778, 
83, 24756, 4.09644, 7.91595, 8.83372, -0.00196173, -0.00347825, -0.0058886, 
84, 18375.3, -0.231301, -5.67766, 3.65729, -0.00241785, -0.00554165, -0.00380639, 
85, 491877, -10.086, 7.85997, 8.82655, -0.00090823, -0.0019135, 0.000370195, 
86, 194807, -7.62143, 6.91191, 7.73559, -0.00156339, -0.00503357, -0.00362037, 
87, 8649.23, -5.90369, 4.54362, -7.41283, -0.00564065, -0.00259681, 0.00373545, 
88, 138901, 0.12725, -6.03574, 5.44028, -0.00678855, 0.0029525, -0.00744641, 
89, 50202.9, 3.63164, 6.4284, 3.9038, -0.00306542, -0.00308466, -0.000489436, 
90, 98321.9, -0.718536, -5.90792, 5.59754, -0.00262351, -0.000916107, 0.00346263, 
91, 384069, -1.5336, -6.83141, 4.88217, -0.00493623, 0.00253795, -0.0033301, 
92, 81279.9, -10.6036, -2.032, -7.19485, 0.00478739, 0.00488949, 0.00183293, 
93, 91375.2, 3.93139, -1.1422, -5.65795, -0.00350837, 0.00454313, 0.00167912, 
94, 5476.7, -4.99983, -8.35253, 4.20735, 0.00581502, 0.00738969, -0.0045194, 
95, 33452.5, -0.492187, 0.167456, 7.00171, -0.00147413, -0.00284615, -0.00749576, 
96, 25752.1, 16.1934, 14.7849, 13.6464, -0.00205897, -0.00228906, -0.00177651, 
97, 200797, 7.25076, -0.465031, -5.83811, -0.00550605, 0.000539246, 0.00186978, 
98, 298981, -1.65002, -6.1152, 4.66297, 0.00229632, 0.0040412, 0.00418464, 
99, 93146, 3.09627, 11.1535, -3.42227, -0.00279613, -0.00585653, 0.00551583, 
100, 8612.85, 9.96408, -9.23173, 6.87988, -0.00382358, 0.0033933, -0.00119383, 
101, 24343.5, -6.66452, 4.44104, -1.72268, 0.000141056, -0.00317445, -1.57893e-05, 
102, 10296.7, 3.97854, -7.61743, 9.0418, -0.00451457, 0.00432844, -0.00403041, 
103, 15719.8, -9.79839, 7.05323, -5.25241, 0.00488414, 0.00331653, 0.00190655, 
104, 230040, -8.1886, 6.45336, -9.10208, -0.0026182, -0.0046601, 0.00203497, 
105, 17846.1, -5.41853, -1.60631, 5.5177, 0.00264813, 0.000456669, -0.00266874, 
106, 22216.6, -2.16475, -4.19773, 4.47451, -0.00122784, 0.00297845, 0.00232575, 
107, 98486.7, -10.4807, 7.41226, -7.73908, 0.00220799, -0.000114023, 0.0021167, 
108, 214214, 12.1532, 7.04805, 10.0435, -0.00273887, 0.000138392, 0.000357065, 
109, 131614, -9.6248, -4.24883, -6.21989, 0.0046337, 0.00378175, 0.00252266, 
110, 160023, -3.86302, -5.64646, 3.55979, 0.00481296, 0.00978469, 0.000324426, 
111, 115735, -1.48173, -5.26148, 2.71644, -3.43586e-06, 0.00724033, -0.00548472, 
112, 378585, -12.5875, 12.6901, 5.03151, 0.00303934, -0.0042352, 0.000283654, 
113, 83295.8, 3.09901, 8.14564, 8.63797, -0.00135724, -0.00244557, -0.00229687, 
114, 148827, 9.44074, 4.79095, -2.7045, -0.00437597, -0.000925568, 0.00107211, 
115, 285284, -8.61296, 4.06274, -8.14107, 0.00236323, 0.00440783, -0.00106338, 
116, 515864, -1.73297, -5.49285, 2.63354, -0.00521066, -0.000956772, -9.87224e-05, 
117, 88363.5, -7.69182, -8.44836, -9.07711, 0.000694953, 0.00399215, 0.00241709, 
118, 155064, -5.09194, 5.25611, -8.80047, -0.0044481, -0.00149588, 0.00333801, 
119, 18098.3, -0.336293, -5.5342, 4.15504, -0.0013363, 0.00483363, -0.00689522, 
120, 34391.6, -9.95832, 7.31735, 7.69374, -0.00283948, 0.000193113, 0.000796622, 
121, 78154, -5.05018, -4.92099, 2.01853, 0.00447418, -0.00249481, -0.00476734, 
122, 10497, 4.62157, -0.671395, -5.10415, -0.00321277, 0.00285336, 0.00271851, 
123, 59058.1, 0.982268, 1.59668, 1.07273, -0.00480086, -0.00154599, 0.00118004, 
124, 5646.35, 0.71792, -3.30789, 8.41809, -0.000978665, -0.000730082, -0.00692853, 
125, 103346, -9.94313, 9.16393, 7.76761, 0.00297244, -0.00168091, -0.00607033, 
126, 64702.5, 14.3311, 6.11982, 6.05102, -0.00207489, -0.00093311, -0.00463422, 
127, 199056, -3.86605, -5.82911, 3.78256, 0.00673345, -0.00269657, -0.00503077, 
128, 192649, -0.475924, -0.203062, -5.59893, -0.00168416, -0.000428356, 0.00300304, 
129, 1707.71, 4.00746, 6.6825, 3.91732, -0.0035182, -0.00497344, -0.00111717, 
130, 19869.9, -9.68631, 6.78593, 8.43074, 0.00643133, 0.000430166, -0.00643971, 
131, 143979, 1.69366, 7.22008, -1.33756, -0.00197922, -0.000992152, 0.000906448, 
132, 37850.6, 9.99116, -11.3773, 13.2404, -0.00201317, 0.00281894, -0.00306718, 
133, 50031.5, -10.7739, 10.9865, 11.3418, -0.000467681, -0.00585168, -0.00495707, 
134, 369068, 11.5373, 6.51264, 7.12983, -0.00381387, -0.00146643, -0.00246178, 
135, 3806.98, -8.92872, -2.45353, -8.05861, 0.00531448, 0.00589974, 0.00119451, 
136, 64591.7, 1.24154, -4.64599, 0.707291, -0.00627108, 0.00172645, 0.00373999, 
137, 1688.15, -6.74274, -6.46816, 2.49161, 0.00549604, 0.0020499, 0.00200611, 
138, 439943, -8.93837, 4.2404, -8.62419, 0.000423407, -0.00735853, 0.00735642, 
139, 72054.1, -3.13504, -6.21637, 2.8078, 0.00468111, 0.00419968, -0.00632625, 
140, 10511.3, -8.82899, 2.55474, -6.61905, 0.00366583, 0.00395921, 0.00397909, 
141, 28560.6, -10.0676, -5.27998, -8.97776, 0.00301324, 0.00356759, 0.00476396, 
142, 92270.6, -6.29429, -7.9793, -8.10062, 0.00137818, 0.00481607, 0.00419215, 
143, 57507.6, 12.2273, -1.2179, -12.0992, -0.00323531, 0.000352527, 0.0029664, 
144, 106955, 2.41621, 9.54834, -0.19055, -0.00134266, -0.00390584, -0.00274831, 
145, 53021.1, -1.07017, -4.26632, 5.72825, -0.00462794, 0.00517859, 0.000274827, 
146, 127593, -6.08829, 2.6188, 2.51376, 0.00189228, -0.00145158, 6.39925e-05, 
147, 31386.3, -4.06522, -6.99283, 3.83858, 0.00799275, 0.00427267, -0.00240752, 
148, 89613.6, 2.19848, -8.67829, -1.94144, -0.0031853, 0.00452069, 0.00369079, 
149, 251415, -8.40042, 5.70742, -8.97558, 0.0033185, 2.18883e-05, -0.00316595, 
150, 55890.6, -6.75205, -4.8068, 3.91058, 0.00265359, -0.00147588, -0.00318816, 
151, 174949, -8.57428, 4.54782, -8.40783, 0.00511089, -0.00590356, 0.00151679, 
152, 66072.8, -8.16375, 6.22404, 8.11194, -0.000687047, 0.00138188, -0.00790472, 
153, 19075.8, -1.47832, -11.5502, -5.56508, -0.000566649, 0.00356773, 0.0033249, 
154, 47261.5, -3.12575, -1.76869, -0.360377, 0.000115379, -0.00096665, 0.00199352, 
155, 102102, -2.94102, -6.48747, 4.00274, 0.00776574, 0.00586048, -0.000235489, 
156, 5375.03, -4.71479, -8.69099, 4.82364, 0.000533316, 0.00715172, 0.000499193, 
157, 3761.7, 0.517484, -3.85748, 0.822553, -0.00622154, 0.00190449, 0.00522326, 
158, 7652.65, 5.09409, 5.50621, 6.74611, -0.00397394, -0.000643629, -0.00150951, 
159, 47070.1, -3.35957, -6.34177, 4.47996, 0.00359323, 0.000368647, -0.00834063, 
160, 17972.9, -6.79012, 3.14503, -9.60235, -0.000984557, -0.00675677, 0.00640596, 
161, 218629, -8.33435, 0.218576, -7.9627, 0.00275791, 0.00210388, 0.00351076, 
162, 138887, -1.01785, -7.48663, 3.30142, 0.00297712, 0.00967481, 0.000657505, 
163, 33277.3, 3.63693, -0.193226, -8.69591, -0.00186296, 0.00101501, 0.00705929, 
164, 167891, -0.0533407, -1.84015, 6.52028, -0.00113724, -0.000881514, -0.00682844, 
165, 62570.5, 1.92012, 15.8223, 0.0807215, -0.00163993, -0.00265976, 0.00137942, 
166, 38130.4, -1.21896, -11.8089, -11.3811, -0.000789295, 0.00317744, 0.00355516, 
167, 22403.8, -8.10207, 1.61221, -6.65525, 0.00197711, 0.00239919, 0.0038022, 
168, 1479.59, -7.88067, 7.5733, 3.98329, 0.00182896, -0.000699225, 0.00297249, 
169, 20399.9, -10.1492, 1.52246, -12.0242, 0.00328488, 0.00111082, -0.000791972, 
170, 115854, -1.72493, -3.70566, 5.78555, -0.00180366, 0.00522654, 0.00116728, 
171, 27762.9, 2.07016, -8.57953, 7.93248, -0.00270449, 0.00257453, -0.00572207, 
172, 250928, 2.94324, 10.504, -2.7295, -4.96274e-05, -0.00394303, -0.00200514, 
173, 74469.2, 12.1321, 5.61815, 8.01301, -0.000779947, -0.00628303, -0.00130727, 
174, 143481, 13.9315, -8.85313, 11.5404, -0.00337306, 0.00222453, -0.00282219, 
175, 27145.1, -2.67036, -6.27962, 3.05394, 0.00889192, 0.00310137, -0.00109354, 
176, 32620.6, 0.341052, 0.0956168, 7.61652, -0.000915988, -0.0025589, -0.00609037, 
177, 52575.7, -7.68102, 4.64274, -8.64057, 0.00152573, 0.00736783, -0.000354495, 
178, 19746.4, 0.313716, -7.2487, 7.88205, -0.00321849, 0.000226534, 0.000676228, 
179, 33623.1, 13.1229, 6.03949, 6.82791, -0.00595995, -3.84581e-05, -0.00377577, 
180, 50349.8, 11.0111, 6.3893, 10.0231, -0.00630229, 0.000287682, -0.00201843, 
181, 89376.8, 9.50949, 4.80575, 0.307276, -0.00435801, -0.00076602, 0.00143042, 
182, 42160.2, -8.97447, 4.33065, -4.90092, 0.00252155, -0.00153206, -0.0027837, 
183, 100544, -9.755, 2.64364, -7.94619, 0.00111378, -0.00614, 0.0092607, 
184, 1446.88, -3.05483, -8.79326, -4.88975, 0.000301129, 0.00495715, 0.00269454, 
185, 119694, -7.09372, -2.82764, -6.59694, -0.00032871, 0.00294561, 0.004574, 
186, 120999, -7.03758, -7.80569, 1.92984, 0.00572757, 0.00500191, 0.000780875, 
187, 52698.3, -0.468688, -5.12074, 5.68069, -0.00323341, 0.00126081, -0.00161031, 
188, 105467, 2.79928, -5.00156, -0.689176, -0.00475623, 0.00205344, 0.0022813, 
189, 99748.4, -10.0755, 4.30428, -7.2848, -0.000733671, 0.0058561, 0.005118, 
190, 77133, -2.79365, -6.00685, 2.91877, -0.00298385, 0.00246234, -0.00358529, 
191, 178804, -9.57165, 7.88233, -9.57869, 0.00170883, -0.00685624, 0.00519321, 
192, 8685.6, -0.0939176, -2.48996, 3.2403, -0.00207656, -0.00302133, -0.000506669, 
193, 256954, -0.104642, 1.04442, 5.27196, -0.00264747, -0.0024682, -0.00153244, 
194, 53540.6, 0.680827, -8.01429, 0.821478, -0.00275256, 0.00708398, 0.00347124, 
195, 220652, -10.2809, 4.08617, -8.43075, 0.00154192, -0.00173732, 0.00359183, 
196, 10258.1, 6.28004, 10.951, -3.21916, -0.00441368, -0.0025236, 0.0018639, 
197, 6083.3, -12.2586, 5.28519, -7.27726, 0.00381482, 0.00334959, 0.00261871, 
198, 127562, 0.85198, 0.530126, 3.43668, -0.00170413, -0.00358368, -0.00410809, 
199, 34766.2, 13.1954, 8.16079, 9.40934, -0.00440016, -0.00173087, -0.00322075, 
