ID, Mass [kg], pos_0 [m], pos_1 [m], pos_2 [m], vel_0 [m/s], vel_1 [m/s], vel_2 [m/s], 
0, 5682.38, -28.6425, -7.8571, -4.93331, -0.00291811, -0.0034826, -0.00169687, 
1, 51291.5, -27.0835, -18.0177, 25.1142, -0.00449165, -0.00397931, 0.0053394, 
2, 73779.3, -3.84847, -2.74814, 0.115724, -0.00538248, -0.00328219, 0.000375139, 
3, 9731.99, -5.22984, 21.5213, 21.649, -0.00077134, 0.00386479, 0.00115801, 
4, 104587, 0.226086, -1.29909, 1.81831, -0.000207836, 0.00600388, -0.00549352, 
5, 42215, -2.27896, 3.88572, -2.08779, 0.00154884, 0.00246244, 0.0010792, 
6, 57220.4, 22.3399, 13.6788, -24.8871, 0.00340581, 0.00446525, -0.00333213, 
7, 44855.5, -4.49286, 6.03385, 4.4353, 3.41576e-05, 0.0022949, -0.00098011, 
8, 276797, -0.479331, 6.99003, -1.91505, 0.00250428, 0.0034021, -0.00418743, 
9, 2643.18, 4.34453, -0.464533, -0.415988, -0.000967768, 0.00111275, -0.00536631, 
10, 33961.7, 9.23684, -15.4794, -8.00578, -0.000237268, -0.000877017, 0.000687126, 
11, 8691.35, -8.33757, 42.3464, -33.9171, -0.000429952, 0.00626537, -0.00609398, 
12, 141682, 5.53358, -1.61058, 2.07227, -0.00209787, 0.00328793, -0.00350085, 
13, 288611, -16.0938, -11.0077, -1.92797, 6.90041e-06, -0.00169738, 0.000246065, 
14, 512847, -1.39959, 0.875378, 3.52545, -0.000495676, -0.00393094, -0.00271636, 
15, 15651.7, -0.67302, 4.80341, -1.47975, 0.00243226, 0.00826107, -0.00328658, 
16, 182451, 15.5407, -14.187, 36.8477, 0.00370436, -0.00182103, 0.0047911, 
17, 62197.8, -14.9266, -11.2919, 3.99234, -0.00151756, 0.000913251, -0.000563471, 
18, 185440, -17.3674, -13.7843, 4.06414, 0.000234029, -0.00266156, 0.000408366, 
19, 36701.4, 22.0755, 34.082, -31.8102, 0.00407652, 0.00570678, -0.00551506, 
20, 106936, -46.065, -26.6918, 13.4015, -0.00785917, -0.00467742, 0.00224609, 
21, 161838, -3.4967, -2.48505, 5.44106, 0.00247868, 0.00175007, -0.00386219, 
22, 144875, -2.91782, -3.65271, -0.123381, 0.00191706, 0.00602529, -0.00290085, 
23, 100936, 4.39408, 20.922, 11.6893, -0.000403653, 0.00147802, -0.0008009, 
24, 95186.1, 30.0647, 28.2457, 26.6495, 0.00529466, 0.00377083, 0.00375074, 
25, 151808, 21.4433, -19.1171, 37.0574, 0.00459298, -0.00266974, 0.00611275, 
26, 118354, 0.0132953, -1.68683, -3.33731, 0.00278061, -0.00295183, 0.00302008, 
27, 149234, 1.60054, -5.13867, -2.04704, -0.0020336, -0.00291368, -0.00211219, 
28, 9985.68, 7.26002, 1.94727, 0.109539, 0.00477647, 0.00338607, -0.00195111, 
29, 180895, 3.39316, 0.887654, 5.62529, -0.00400969, -0.00794824, -0.000804158, 
30, 486.041, 9.62817, 10.0903, -4.35691, 0.000644292, -0.00249241, 0.00290757, 
31, 70262.9, 1.11839, 4.77221, 1.30832, 0.00156556, 0.00819564, -0.00302772, 
32, 45902.1, -1.86142, 2.72862, -0.517879, -0.00550139, 0.0084003, -0.00412303, 
33, 24444.7, 0.0220187, -1.02397, 3.90322, -0.00845973, 0.00450644, 0.00250079, 
34, 65679.9, 1.48117, -1.98686, -0.92259, 0.00121653, -0.00903996, -0.000954639, 
35, 3309.29, -15.9713, -19.1525, -6.40609, 0.000569031, -0.00478506, -0.000767182, 
36, 8280.38, -32.7313, 32.1688, -12.238, -0.00473191, 0.00521135, -0.00318145, 
37, 94538.9, 1.78804, 0.836319, -5.13988, 0.00196389, -0.00330881, -0.00287952, 
38, 30213.7, 42.3363, -12.5084, -11.4002, 0.00854267, -0.0010345, -0.000117548, 
39, 53471.9, -8.54216, 2.03736, -11.7725, 0.00125758, 0.00306, 0.00123287, 
40, 43100.3, -16.1273, 20.3886, -19.356, -0.00137851, 0.00228901, -0.00284737, 
41, 44746.6, 11.8597, 28.182, 9.0416, 0.00160096, 0.00371412, -0.000966632, 
42, 34053.9, 1.70793, 16.2275, 30.8286, -0.000365968, 0.00312207, 0.00446486, 
43, 54380.2, -4.08915, 6.02556, 5.25999, 0.00178747, 0.00234949, -0.00347902, 
44, 38723.2, 18.7238, -5.35185, -23.5599, 0.00191941, -0.000201193, -0.00370773, 
45, 2321.23, -16.5816, -8.77166, -0.00917621, 0.000986074, -0.00228097, 0.000936859, 
46, 241169, 12.7462, 2.95467, -0.332749, 3.65949e-05, -0.00237968, 0.00103874, 
47, 344827, -3.96762, 5.08539, 4.84453, 0.00123932, 0.000786217, -0.00275226, 
48, 39271.1, 6.55346, -3.09352, 3.54696, -0.00330492, -0.00226952, -0.00224881, 
49, 19687.8, -37.1031, 32.6259, -13.143, -0.00658862, 0.00617913, -0.00352537, 
50, 61216.8, 9.95948, -9.70473, 3.15521, -0.000238472, 0.000864617, 0.00259419, 
51, 19182.2, -28.3499, 38.5602, -23.4282, -0.00453207, 0.00699051, -0.00489842, 
52, 12420.5, -1.96974, -0.588458, -3.81862, -0.00355146, -0.000939167, 0.00348703, 
53, 85447.4, -47.0553, -4.44117, -21.0563, -0.00776833, -0.000795003, -0.00319116, 
54, 361436, -2.36201, 2.45969, 6.51704, 0.00141046, -0.00425773, -0.00319873, 
55, 158926, 14.7205, 7.69658, -24.3177, 0.00252272, 0.00107378, -0.00234045, 
56, 49282.6, -20.0117, 31.3733, -31.3545, -0.00195213, 0.00513722, -0.00625714, 
57, 218355, 0.387878, 2.21354, 1.26257, 0.00336095, -0.00340596, 0.00261098, 
58, 22371.5, 42.6535, -13.5373, -9.83735, 0.00883141, -0.00180054, -0.000966818, 
59, 55919.9, -14.7851, 24.5452, -30.4836, -0.000533555, 0.00243265, -0.00420266, 
60, 21598.8, 3.92295, -3.53728, -4.19519, 0.000145604, -0.00220514, -0.00273683, 
61, 398.952, -1.36861, 4.39002, 0.615739, -0.00279936, 0.00871557, -0.00277397, 
62, 1108.92, 2.47124, -5.55695, 35.0728, 0.000831812, -0.000492685, 0.00432466, 
63, 108555, -6.30105, -3.23943, -0.374185, 0.00472801, -0.00502685, 0.00201652, 
64, 244863, 11.0475, -4.68446, 22.6591, 0.000754383, -0.000336937, 0.00126117, 
65, 220694, -19.1607, 30.3129, -25.7909, -0.00184658, 0.00486812, -0.00439545, 
66, 61700, -5.11562, 42.0907, 20.0516, 2.09608e-05, 0.0065218, 0.00281805, 
67, 55388.9, -25.3849, 7.88418, 19.603, -0.00472879, 0.00125602, 0.00367997, 
68, 211156, -1.84408, -1.29777, 0.662149, -0.0030497, 0.00144313, 0.00180703, 
69, 12720.6, -1.87376, -13.0978, 3.70271, 0.000319637, 0.00192301, -0.00141369, 
70, 25096, 2.98903, 0.917449, 0.414083, 0.00582317, 0.00738179, 0.00396137, 
71, 179870, 6.62831, 10.2945, -2.82895, 6.92089e-05, -0.00296208, 0.00292565, 
72, 79123.8, -41.9551, -11.7234, -2.072, -0.00503433, -0.00145211, -0.000563451, 
73, 110870, 3.52437, 1.98681, -3.29368, 0.000576696, 0.00372316, -0.00267499, 
74, 43359.1, 18.1297, 22.5609, 18.7031, 0.00159953, 0.00493552, 0.000997315, 
75, 140124, 1.3789, 7.67791, 1.90475, -0.0010846, 0.00199898, -0.00336343, 
76, 229268, -13.5893, 21.1235, -24.1299, -0.00106337, 0.00206501, -0.00249285, 
77, 302149, 1.04947, -0.287917, -1.93341, 0.0042083, -0.00444639, -0.00305858, 
78, 100708, -17.4498, -10.9074, -2.51992, 0.000599402, -0.00235715, 0.00309516, 
79, 46633.4, -2.91385, -0.8284, -1.24639, -0.00574665, -0.00312883, 0.00314488, 
80, 143926, 2.39398, -4.23712, 1.27697, 0.00672919, 0.00399739, -0.00340705, 
81, 270.261, -36.5963, 6.64884, 16.3309, -0.00440793, 0.000626947, 0.00169205, 
82, 159650, -4.67986, 3.15884, -1.39885, -0.00254304, 0.00315009, 0.00244549, 
83, 24756, 6.26618, -5.79602, 0.10472, -0.00304683, -0.00259268, -0.000429782, 
84, 18375.3, 4.49335, -5.53439, 3.58841, -0.00542643, 0.000192428, -0.000406351, 
85, 491877, 36.2814, -12.9618, -14.4464, 0.00622346, -0.00149333, -0.0018331, 
86, 194807, -0.840554, 2.28872, -0.33446, -0.00196703, -0.00112567, -0.00235165, 
87, 8649.23, 15.1456, 8.20785, 6.27697, -0.000132931, 0.00272031, -0.000551101, 
88, 138901, -2.36148, -8.44551, 12.3458, -0.00268926, -0.000526013, -0.00101445, 
89, 50202.9, 9.12697, -6.09129, 3.59397, -0.000291878, -0.00120259, -0.00267247, 
90, 98321.9, 2.48519, 6.00403, -3.48029, 0.0023322, 0.00598375, -0.00613051, 
91, 384069, -0.994616, 2.73977, -0.0919913, 0.00227946, 0.00109546, 0.00506629, 
92, 81279.9, -9.90208, -13.2057, -0.568177, -0.00106754, 0.000581296, -0.00163465, 
93, 91375.2, -2.61359, 0.794606, 4.53863, -0.00122755, 0.00348, -0.00400251, 
94, 5476.7, -11.7902, -17.3193, 7.49252, -0.000498251, -0.00244917, 0.00111152, 
95, 33452.5, 3.17658, 1.01987, 2.35724, -0.00260306, -0.00879301, -0.00323435, 
96, 25752.1, -30.5421, -9.03129, -8.54344, -0.00668659, -0.00256729, -0.00228909, 
97, 200797, -0.938809, 3.16428, 3.50346, -0.00118598, -0.00313795, 0.000784536, 
98, 298981, 3.8927, 4.58964, -2.85244, 0.00188664, -0.00136679, -0.00106075, 
99, 93146, -5.99087, 2.12885, 0.220279, -0.00510541, 0.00449678, -0.00182083, 
100, 8612.85, -16.4554, 11.414, -16.7316, -0.000442816, 0.000805495, -0.001173, 
101, 24343.5, -3.08419, 11.8818, 3.61346, 0.000507691, -0.00369565, -0.00240954, 
102, 10296.7, -6.93593, 16.9796, -10.0242, 0.000221573, -0.000783001, 0.00137697, 
103, 15719.8, -9.30286, -3.26688, 19.86, 8.56563e-05, 0.00169473, -0.000131686, 
104, 230040, 0.862881, -4.03088, 2.20389, 0.00318816, -0.00325185, 0.00526633, 
105, 17846.1, 5.01605, -2.95966, 0.962506, 0.00638557, 0.00489628, -0.00339974, 
106, 22216.6, -3.04439, -2.85324, -0.061093, -0.0088595, -0.00474202, 0.00118303, 
107, 98486.7, 0.427954, 14.8261, 17.0318, 0.000720073, 0.00182699, -0.00114654, 
108, 214214, -37.7719, -0.109784, -30.0301, -0.00676363, 7.89687e-05, -0.00557424, 
109, 131614, -1.73512, 1.66797, 4.56063, 0.0053836, 0.000429475, 0.00524079, 
110, 160023, -2.50443, -2.12522, 1.23009, -0.00262765, -0.000460026, 0.00324211, 
111, 115735, -2.73438, 6.76135, -2.50793, -0.000551412, 0.00182031, 0.000539832, 
112, 378585, 21.7133, 5.94422, -30.6642, 0.00314374, 0.00199392, -0.00455347, 
113, 83295.8, -25.9427, 6.12915, -3.5864, -0.00158383, 0.00148121, 0.000468866, 
114, 148827, 7.35487, 3.96172, 1.28145, 0.00635904, 0.000223023, 0.00106968, 
115, 285284, -2.78805, -23.136, 37.1759, -6.66806e-05, -0.00432897, 0.00600847, 
116, 515864, -1.11189, 2.10182, 4.18537, 0.00195931, 0.00345663, 0.000558435, 
117, 88363.5, 6.34275, -9.61617, 19.1791, -0.000626927, -0.00216116, 0.000865032, 
118, 155064, 17.5534, 9.72493, 4.56902, 0.00265727, 0.00314459, -0.00243241, 
119, 18098.3, -3.27214, 0.719747, -0.381151, -0.00545544, 0.00487591, -0.00203137, 
120, 34391.6, 38.4372, -18.5555, -9.67321, 0.00667954, -0.00215672, -0.000182315, 
121, 78154, 3.94804, 6.5067, 0.821159, 0.00109154, 0.00654722, -0.00292016, 
122, 10497, -3.14843, 2.24944, 3.67791, -0.00219823, -0.00500666, -0.00177844, 
123, 59058.1, -4.34588, 19.7182, 5.09364, 0.000676498, 0.000211377, 0.00135826, 
124, 5646.35, -5.58435, -4.39919, -1.4251, -0.00327712, 0.00313425, -0.0022261, 
125, 103346, -1.78525, 0.777625, -1.25247, -0.00459277, 0.000567068, -0.00222099, 
126, 64702.5, -45.582, 0.291718, 14.3622, -0.00753884, 7.22055e-05, 0.00320991, 
127, 199056, -2.44752, 0.753709, 3.80292, 0.000424275, -0.00509759, 0.00617323, 
128, 192649, -2.25889, 2.08855, -1.97701, 0.00206937, 0.00437875, -0.00373048, 
129, 1707.71, -1.08989, 4.38394, 4.20326, 0.00112134, -0.00167491, 0.00889341, 
130, 19869.9, -2.61774, 2.6492, 4.15984, -0.00332053, 0.00237534, -0.00151669, 
131, 143979, 2.84898, 1.9719, -1.77338, -0.00214142, -0.0015313, 0.00287053, 
132, 37850.6, -51.7646, 26.0639, -14.3803, -0.00983566, 0.00444536, -0.00233652, 
133, 50031.5, -1.4423, 2.48834, 4.29572, 0.00395426, -0.00242703, -0.00481875, 
134, 369068, -21.334, 1.83198, -8.82563, 0.000331351, 0.00039931, -0.000263162, 
135, 3806.98, -0.615471, -17.2183, 0.468937, -0.000914277, -0.000405261, -0.000782601, 
136, 64591.7, 8.75222, -9.04189, -4.59637, -0.000566422, -0.00115877, 0.0034478, 
137, 1688.15, -7.1952, -15.939, 7.02663, 0.00200192, -0.00343108, 0.00168166, 
138, 439943, 2.85067, 3.00698, 3.9229, 0.000455587, 0.00745692, -0.00132858, 
139, 72054.1, -1.54335, 6.21232, 2.76891, -0.00439619, -0.00397134, 0.0039689, 
140, 10511.3, -3.72763, -15.8255, 23.732, -0.000381035, -0.002504, 0.00199625, 
141, 28560.6, 4.74103, 1.54076, 0.34869, 0.00136707, -0.00847736, -0.00148579, 
142, 92270.6, 1.91873, 3.37864, 1.91156, 0.00684557, -0.00732056, 1.29249e-05, 
143, 57507.6, -36.926, 11.6754, 22.6414, -0.00580984, 0.00195645, 0.00359336, 
144, 106955, -7.08511, -3.88115, 17.6596, 0.00153519, 0.000194395, -0.000535845, 
145, 53021.1, -2.15469, -2.14209, -1.48536, 0.00173797, -0.00406231, -0.0010228, 
146, 127593, -1.39353, 5.30464, -1.10097, -0.00798436, -0.00149193, -0.000331955, 
147, 31386.3, -1.99859, 4.38028, 1.93971, 0.00270057, -0.00178165, 0.0022143, 
148, 89613.6, -5.70399, 13.9016, -15.8203, 0.00191136, -0.00142694, -0.00239003, 
149, 251415, 13.0082, -2.35113, 20.4747, 0.000768269, -0.000131949, -0.000365815, 
150, 55890.6, -2.92999, -11.4534, 0.524581, 0.00482992, -0.00272984, 0.000244593, 
151, 174949, 3.02133, 2.64028, 0.815307, -5.52024e-05, 0.00584242, 0.00157997, 
152, 66072.8, 10.5793, -9.212, 11.535, -0.000721424, 0.00109539, 0.00106003, 
153, 19075.8, -1.33469, -3.5003, 7.70334, -0.00235101, -0.00301003, 0.00732581, 
154, 47261.5, 2.7674, 0.62966, 4.37524, 0.00843992, 0.00441629, -0.00109255, 
155, 102102, -3.01873, 1.60788, 0.685627, -0.00582181, -0.000454338, -0.000238847, 
156, 5375.03, 0.243978, 2.78376, -1.26972, -0.00880084, -0.00276325, 0.000512875, 
157, 3761.7, 6.61033, -2.94636, -3.59583, -0.00273904, -0.00135677, 0.0045443, 
158, 7652.65, 2.60596, 5.91292, 11.4135, 0.000690736, -0.00228042, -0.00115923, 
159, 47070.1, -0.733843, 2.32371, 4.70154, -0.00754664, -0.00359402, 0.00221312, 
160, 17972.9, 4.07956, 1.2059, 4.57038, 0.00127868, -0.000512297, -0.00101592, 
161, 218629, -1.74113, -8.74042, 6.34603, -0.000473413, 0.00370766, -0.00197078, 
162, 138887, 0.869283, -1.56019, -0.0513335, 0.00167543, -0.00379433, 0.00379589, 
163, 33277.3, 12.0293, -10.3116, -1.25328, 0.00036827, -0.00228227, 0.00329464, 
164, 167891, 1.96315, 2.97765, 0.997113, 0.00318858, -0.000812033, 0.00576392, 
165, 62570.5, -3.24559, -43.2039, -10.3298, 0.000209357, -0.00719788, -0.00183144, 
166, 38130.4, 8.24959, 38.7655, 21.4177, 0.00215446, 0.00557716, 0.00283998, 
167, 22403.8, 6.025, -16.3306, 33.7564, 0.00146921, -0.00295056, 0.00404571, 
168, 1479.59, 20.9442, 12.1679, -32.2111, 0.00393415, 0.00266056, -0.0050748, 
169, 20399.9, 1.43733, -25.7489, 35.0354, 0.00014288, -0.00537634, 0.00494415, 
170, 115854, -3.8413, 0.215121, 4.03286, -1.98283e-05, -0.00271828, -0.000281787, 
171, 27762.9, -2.74758, -0.163087, 2.21305, -0.000914511, 0.00739909, -0.00244715, 
172, 250928, 6.05359, 3.55841, -6.17715, 0.00123205, -0.000358796, -0.00310168, 
173, 74469.2, -33.7369, 19.4443, -9.53464, -0.00522651, 0.00494343, -0.00176119, 
174, 143481, -41.8606, 28.8059, -18.8236, -0.00718437, 0.00520251, -0.00378121, 
175, 27145.1, -2.76599, 0.282197, -0.54608, -0.00395571, -0.000656695, 0.00194911, 
176, 32620.6, 9.83861, 4.66033, 8.74146, 0.000445638, -0.00218074, -0.00144551, 
177, 52575.7, 0.219899, -25.5536, 44.5307, -4.21353e-05, -0.00487801, 0.00851304, 
178, 19746.4, -3.87, -3.15848, 4.89494, 0.00304261, 0.00139672, -0.0042732, 
179, 33623.1, -20.6101, 4.0425, -4.87509, -0.00050879, 0.00116597, 0.00164312, 
180, 50349.8, -37.5285, -24.6395, -19.7116, -0.00597629, -0.00399525, -0.00304988, 
181, 89376.8, -11.1792, 3.68842, -2.43022, 0.00373386, 0.001452, 0.00277064, 
182, 42160.2, 1.63015, -0.620074, 42.1813, 2.21734e-05, -6.41286e-05, 0.007324, 
183, 100544, -22.6203, -13.2133, -1.22522, -0.00178604, -0.00203943, 0.00114388, 
184, 1446.88, 4.67529, 3.26938, -1.58388, -0.00131668, 0.000491187, -0.00475759, 
185, 119694, 2.92824, -0.0799432, 1.5237, 0.000541413, -0.0083224, 0.00303941, 
186, 120999, 1.13284, -2.98297, 4.00129, 0.00795254, -0.00181763, 0.00259591, 
187, 52698.3, -2.70164, -2.06473, -0.457345, -0.00862544, -0.00191424, -0.000641675, 
188, 105467, 9.61849, -5.24748, -0.582365, -0.000972035, 0.00079152, 0.00333243, 
189, 99748.4, -4.82454, -28.7694, 16.0023, -0.0010326, -0.00397435, 0.00193114, 
190, 77133, -1.77672, 0.406348, 0.810462, -0.00251407, -0.000442488, 0.00647575, 
191, 178804, -0.401539, -5.14975, -0.81279, 0.00341663, -0.00440427, 0.00260022, 
192, 8685.6, 0.72321, 2.72924, 2.66482, -0.000265039, 0.00058264, -0.0093449, 
193, 256954, 10.5337, 9.40937, 20.8101, 0.00333941, -0.000947868, 0.00328264, 
194, 53540.6, 10.0873, -3.27207, 6.14126, -0.000759033, 0.00222063, 0.000840065, 
195, 220652, -0.563736, 3.51855, 5.88716, -0.00373235, 0.00140212, 0.00315906, 
196, 10258.1, 4.60188, 3.03115, 1.98134, -0.0047956, 0.005702, -0.00447048, 
197, 6083.3, -16.6086, -10.8969, 18.7887, -0.00239586, -0.000141019, 0.0010758, 
198, 127562, 9.45061, 14.801, -4.531, 0.000186227, -0.000867328, 0.000670463, 
199, 34766.2, -10.4892, -0.436191, -6.7616, 0.00373878, 0.000367924, 0.000265171, 
