ID, Mass [kg], pos_0 [m], pos_1 [m], pos_2 [m], vel_0 [m/s], vel_1 [m/s], vel_2 [m/s], 
0, 5682.38, -1.92028, 4.49684, 0.828618, -0.0122904, 0.00408513, 0.00336875, 
1, 51291.5, 0.642935, 5.8994, -2.7313, -0.00727748, -0.00791523, 0.00607021, 
2, 73779.3, -3.09388, 0.792233, 1.06596, 0.00177985, -0.00548056, 0.00110345, 
3, 9731.99, 1.0075, -2.52538, 7.40083, -0.00134274, 0.00620116, 0.00786117, 
4, 104587, -0.865742, 4.5373, 0.0876683, 0.00419677, 0.0048985, 2.33134e-05, 
5, 42215, -1.78364, -0.538753, 1.24164, -0.000916748, 0.00248519, -0.00313676, 
6, 57220.4, 3.60164, -4.45332, -6.74187, 0.00567556, 0.000605948, -0.00810086, 
7, 44855.5, -5.23128, 3.3819, 1.26285, 0.00440772, 0.00364298, -0.00548324, 
8, 276797, 0.0155293, -6.24789, 3.48495, 0.00224562, -0.00536808, 0.000108479, 
9, 2643.18, -1.75488, 2.21433, -1.70496, -0.00249451, 0.00287375, -0.00749116, 
10, 33961.7, 4.46064, -1.19075, -3.84884, 0.00607522, -0.00555162, -0.00579005, 
11, 8691.35, -5.9009, 10.5568, -4.20937, -0.00129856, 0.0104771, -0.00834763, 
12, 141682, -2.41758, 6.02785, -2.32719, -0.00229048, 0.00142923, -0.000103051, 
13, 288611, -3.19569, 4.43482, 0.637088, -0.00885982, -0.00282665, -0.00415056, 
14, 512847, 3.24342, -1.01825, -2.68626, 0.00261222, 0.00286713, -0.00152037, 
15, 15651.7, -6.33156, 5.44892, -2.08301, 0.000228262, 0.00375626, 0.00240202, 
16, 182451, -2.45644, -2.88622, 8.75056, 0.00422943, -0.00495875, 0.0110569, 
17, 62197.8, -1.00469, -0.931848, 2.1247, -0.00427352, -0.010829, 0.00127824, 
18, 185440, -2.79254, 3.47501, -2.49387, -0.00946625, -0.00273314, -0.0032875, 
19, 36701.4, 1.47788, 5.33281, -3.90486, 0.00715834, 0.00921031, -0.00912511, 
20, 106936, -6.90877, -2.78011, 2.18456, -0.0121498, -0.00882736, 0.0032154, 
21, 161838, 0.0595182, 6.49757, -3.78222, 0.00241734, 0.00135938, -0.000938732, 
22, 144875, -5.38669, 6.89714, -3.75227, 0.00403534, 0.00173053, 0.00298927, 
23, 100936, 1.63741, 3.14915, 6.77077, 0.00402343, 0.00849298, 0.00560358, 
24, 95186.1, 3.092, 8.10211, 7.11643, 0.00823452, 0.00710095, 0.00633289, 
25, 151808, -1.96036, -2.94157, 5.18357, 0.00691778, -0.00754938, 0.0107965, 
26, 118354, 3.85581, -1.14269, 6.41835, 0.00291175, 0.00118876, 0.00311078, 
27, 149234, -4.02193, 1.07703, 0.0467855, -0.00773992, 0.00238961, -9.47376e-05, 
28, 9985.68, -4.17465, 3.67809, 0.12315, -0.00887509, 0.00806925, -0.000786872, 
29, 180895, -4.40792, 10.4639, -5.40404, 0.00335891, 0.00509724, 0.000589223, 
30, 486.041, -2.07624, 9.40697, -4.75236, 0.00475936, 0.00464411, -0.00400636, 
31, 70262.9, -2.11132, 8.49711, 3.18318, 0.00151748, 0.000741165, -0.00202229, 
32, 45902.1, -2.66584, 3.66218, -1.13125, 0.00156118, 0.0073096, 0.000529071, 
33, 24444.7, -6.41031, 3.05017, 0.666876, 0.0047471, 5.11489e-05, -0.00520958, 
34, 65679.9, -0.734323, -2.6896, -1.98246, 0.000431208, -0.000517021, 0.00123617, 
35, 3309.29, -0.785908, 5.46457, 1.34682, -0.0100882, 0.00184567, 0.000760017, 
36, 8280.38, -6.64259, 4.26983, 1.98883, -0.0108994, 0.010481, -0.00163614, 
37, 94538.9, -6.10341, 5.15385, 1.04145, 0.00244379, 0.00243652, 0.00106292, 
38, 30213.7, 3.17003, -2.31081, -2.95612, 0.00853633, -0.0069322, -0.003378, 
39, 53471.9, -6.82552, -6.32441, -2.25873, -0.00232308, -0.00227066, -0.00599147, 
40, 43100.3, -6.07531, 4.96991, -1.96614, -0.00425445, 0.00843724, -0.00714668, 
41, 44746.6, 0.417057, 1.57983, 7.78034, 0.00376993, 0.00973259, 0.00616191, 
42, 34053.9, -0.100431, -0.934815, -0.0798891, 0.00506746, 0.0035515, 0.0113663, 
43, 54380.2, -3.02187, 3.11727, -1.06933, 0.00671605, -0.000245935, -0.00546191, 
44, 38723.2, 3.15891, -1.8257, -1.38577, 0.00989799, -0.00308867, -0.00417168, 
45, 2321.23, -2.87205, 4.30183, 0.405996, -0.00916994, 0.000735097, -0.00574698, 
46, 241169, -7.09049, -0.994274, 2.55211, -0.00045042, 0.00357997, -0.000421625, 
47, 344827, -4.55923, 2.63792, 0.987788, 0.00508924, 0.00126772, -0.00778886, 
48, 39271.1, -7.73354, 0.443017, -1.50295, 0.00140511, 0.00811238, 0.00231094, 
49, 19687.8, -1.89761, 0.033138, 1.80549, -0.0124576, 0.0111721, 0.00117707, 
50, 61216.8, -0.755189, 4.69632, -2.67669, 0.00599269, -0.00662842, -0.00423657, 
51, 19182.2, -4.18797, 1.75079, -0.227367, -0.00875535, 0.0131429, -0.00835151, 
52, 12420.5, -1.3835, 2.04145, -0.793447, -0.00309576, -0.00530681, 0.0021731, 
53, 85447.4, -7.12809, 0.0076772, -2.97582, -0.0129748, -0.00202945, -0.00876467, 
54, 361436, 4.22374, -1.51219, -3.26002, 0.00600065, -0.00354806, 0.000667125, 
55, 158926, 0.0571636, 0.518327, -4.76366, 0.00552329, 0.00325843, -0.00975064, 
56, 49282.6, -4.79466, 2.25924, -0.026466, -0.00835184, 0.0106967, -0.0104411, 
57, 218355, -7.88711, 1.68303, -0.95538, 0.00120492, 0.0045053, 0.00256177, 
58, 22371.5, 3.09271, -3.25192, -5.89031, 0.00813237, -0.00516597, -0.00535798, 
59, 55919.9, -9.13795, 9.05859, -5.78638, -0.00394309, 0.00658237, -0.00846606, 
60, 21598.8, -8.48612, 9.99186, -0.333563, -0.00143729, 0.00300561, 0.0022098, 
61, 398.952, -3.22871, 4.08097, -3.72308, 0.00150322, 0.0027689, 0.00338624, 
62, 1108.92, -0.85498, -2.06726, 6.86112, 0.000459358, -0.00182751, 0.0117038, 
63, 108555, 4.68821, 7.66627, 3.23361, -0.00278397, 0.00503237, -0.00180514, 
64, 244863, 2.5152, -0.14341, 9.83164, 0.00536749, -0.00086267, 0.00614405, 
65, 220694, -7.02659, 4.16635, -2.39681, -0.00675394, 0.00931428, -0.00896787, 
66, 61700, -4.01574, 7.47755, 4.75791, -0.00134045, 0.0118266, 0.00575022, 
67, 55388.9, 5.25064, -2.44361, -5.2006, -0.00747262, 0.00360015, 0.00594267, 
68, 211156, -5.48576, 3.60777, -0.498276, 0.00413719, -0.00133828, 0.00197148, 
69, 12720.6, 0.798043, -1.94026, 6.28204, 0.000212823, -0.00718785, 0.00309906, 
70, 25096, -3.08729, 2.93238, 0.497812, -0.00877629, 0.00230756, 0.00717711, 
71, 179870, -1.85404, 5.83069, -2.20129, 0.00395388, 0.00786766, -0.00537913, 
72, 79123.8, -13.7531, -3.27713, 0.534003, -0.00988732, -0.0032923, -0.000501666, 
73, 110870, 1.40643, -0.170509, -0.785853, 0.00224733, 0.00312444, 0.00103798, 
74, 43359.1, 3.98271, -3.14889, 8.79434, 0.00774568, 0.00579994, 0.00508451, 
75, 140124, -9.32051, 3.10044, -0.988116, -0.00385163, -0.00343259, -0.00223593, 
76, 229268, -7.37076, 8.13299, -6.31255, -0.00229694, 0.00516681, -0.0076477, 
77, 302149, 0.260098, 0.897499, -6.88294, 0.000393222, -0.00136877, -0.00181472, 
78, 100708, -4.20219, 3.88648, 0.0723165, -0.0126123, -0.00427727, 2.80399e-05, 
79, 46633.4, -2.81287, 3.44994, 0.841576, 0.00233172, -0.000357228, 0.00479499, 
80, 143926, -7.16671, 5.00348, 1.02787, -0.00813006, 8.27896e-05, 0.00488421, 
81, 270.261, -10.9275, 2.70608, 5.86632, -0.00939108, 0.00168375, 0.00443352, 
82, 159650, -2.80699, 1.3405, 1.61943, 0.00041762, -0.000407887, -0.00109397, 
83, 24756, -9.27819, -0.405875, 0.582481, -0.00160041, 0.00491373, 0.00230115, 
84, 18375.3, 3.01331, 5.2972, -0.184264, 0.00822478, -0.00130351, 0.00116337, 
85, 491877, 2.56879, -2.99038, -3.95874, 0.0111842, -0.00753188, -0.00512069, 
86, 194807, 2.86867, -2.11159, -3.30695, -2.02566e-05, -0.000909794, -0.00167502, 
87, 8649.23, -5.40666, -0.788147, 1.6467, 0.010221, 0.000230058, 0.00644386, 
88, 138901, 0.904602, 5.58915, -0.902065, 0.00655693, -0.00323046, 0.00587739, 
89, 50202.9, -6.66467, 2.36061, -3.61747, 0.000265366, 0.00560584, 0.00210934, 
90, 98321.9, -1.96556, 3.28131, -0.688504, -0.00191896, -0.00744415, 0.00634795, 
91, 384069, -3.00171, -1.00681, 2.40306, -0.00132796, -0.00204699, 0.00154471, 
92, 81279.9, 0.34062, 3.93048, 3.58728, -0.000740819, -0.00945219, 0.00486964, 
93, 91375.2, -3.85892, 0.0683003, 6.17618, 0.00376987, -0.00012215, -0.000104543, 
94, 5476.7, -0.427493, 6.95, 0.341, -0.00519662, -0.00419369, -0.00104882, 
95, 33452.5, -4.43116, 2.08093, -0.497827, 0.00213316, 0.0131631, 0.00378121, 
96, 25752.1, 7.60829, 6.42513, 6.82065, -0.00584503, -0.00485522, -0.00422471, 
97, 200797, -5.30423, 3.00717, 7.43892, 0.00430106, 0.00112934, 0.00119302, 
98, 298981, -1.81231, 2.28277, 1.7553, 0.00338269, -0.00577632, 0.00518994, 
99, 93146, -6.6999, -0.458327, 2.09757, 0.00027892, 0.00732883, 0.000938946, 
100, 8612.85, -7.59046, 4.8988, -3.5948, -0.00634122, 0.00283433, -0.00831906, 
101, 24343.5, 0.36144, 3.98232, 4.59529, -0.000780628, 0.00922284, 0.0047699, 
102, 10296.7, -7.23386, 9.88013, -9.66585, 0.000287885, 0.00518148, -0.00317173, 
103, 15719.8, -3.33514, -3.21062, 5.29112, -0.00389876, -0.0042232, 0.00855371, 
104, 230040, 2.80346, 3.93884, 8.23844, 0.0010035, 0.00445883, 0.00151735, 
105, 17846.1, -3.52476, 4.04774, -0.796721, -0.00962602, 0.00380503, 0.00623823, 
106, 22216.6, -2.58821, 0.965946, 0.887644, 0.00196855, -0.0058018, 0.00227264, 
107, 98486.7, -1.17549, 0.164585, 8.71713, -0.000349387, 0.00471429, 0.00846434, 
108, 214214, -3.19555, 0.970868, 1.10583, -0.0106862, -0.00489659, -0.0122974, 
109, 131614, -2.68691, -2.6868, 2.12705, -0.000957962, -0.000690595, -0.0019719, 
110, 160023, -5.19255, 4.42407, -0.683391, 0.00221647, -0.00258003, -0.000602755, 
111, 115735, -3.44415, 4.7457, -2.69253, 0.000219232, -0.00033244, 0.003401, 
112, 378585, 3.0485, -3.07637, -3.08869, 0.00732268, 0.00159075, -0.0110943, 
113, 83295.8, -10.3127, -1.72892, -5.06666, -0.00701932, 0.000244513, -0.00249661, 
114, 148827, -10.2586, -3.29313, 0.50001, -0.00316234, -0.00309061, -0.000296125, 
115, 285284, -1.32904, 0.14698, 4.01721, -0.000882787, -0.00794379, 0.0126561, 
116, 515864, -5.45254, 2.09006, -0.561496, -0.00312504, -0.00294385, 0.00645397, 
117, 88363.5, 3.74199, 3.60491, 7.53198, 0.00499652, -0.00262242, 0.00567183, 
118, 155064, -8.8907, -3.4589, 3.37196, 0.00686534, -0.0014917, 0.00560253, 
119, 18098.3, -2.96236, 0.411138, 1.04246, -0.00589489, -0.00101752, 0.00383043, 
120, 34391.6, 3.09993, -2.85248, -5.59735, 0.0123119, -0.00866744, -0.00614381, 
121, 78154, -4.80061, 4.98957, -0.0525003, -0.00593369, -0.00559587, -0.00396357, 
122, 10497, -3.91909, 2.88805, 5.61741, 0.00364924, 0.00134034, -0.00162977, 
123, 59058.1, -3.09903, -0.918238, -0.243412, 0.00225213, 0.0108048, -0.00192349, 
124, 5646.35, -4.59697, 9.02712, -1.28566, 0.00399788, 0.00356036, 0.00350008, 
125, 103346, 4.15227, -1.13991, -3.66975, 0.00300811, 0.002306, 0.00197182, 
126, 64702.5, -4.55091, 0.620243, -1.7952, -0.0157358, -0.00328201, 0.00314838, 
127, 199056, -4.96442, 1.81851, -1.63808, 0.00551896, -0.000376199, 0.00141505, 
128, 192649, -1.56067, 1.72614, -2.34642, 0.00115291, -0.000235868, -0.00627331, 
129, 1707.71, -4.70715, 3.69165, -1.60323, 0.0034293, 0.00752488, 0.00593174, 
130, 19869.9, -1.96098, -3.79787, 2.2865, 5.85208e-05, 0.00184142, 0.00550996, 
131, 143979, -8.67124, -3.05042, 4.2421, -0.00389586, -0.000965287, 0.00406121, 
132, 37850.6, -2.46023, 3.08222, -1.10979, -0.0146646, 0.0100454, -0.00790327, 
133, 50031.5, 2.88142, 0.303519, -2.51782, -0.000776173, -0.00174725, 0.00128101, 
134, 369068, -8.8586, -0.517237, -1.53814, -0.0099079, -0.000291371, -0.00402832, 
135, 3806.98, -0.843355, 3.21821, 5.07142, 0.00415614, -0.00915641, 0.00226213, 
136, 64591.7, -0.289865, 3.89146, -2.76443, 0.00716733, -0.00144887, -0.00770091, 
137, 1688.15, -1.66482, 8.20984, -2.31037, -0.00602213, -0.000949126, -0.00167774, 
138, 439943, -0.435002, 4.45611, 3.51595, -0.00240678, 0.0023609, -0.00227075, 
139, 72054.1, -2.86544, 3.07488, -1.15949, 0.00111554, 0.00251273, 0.00737078, 
140, 10511.3, -1.24371, -0.40706, 5.2166, 9.58831e-06, -0.00388067, 0.0110009, 
141, 28560.6, 0.301763, -0.990956, 2.62412, -0.00396734, -0.00348359, -0.00259143, 
142, 92270.6, 1.04258, 1.31849, 3.0003, 0.000459759, -0.00427155, -0.00237477, 
143, 57507.6, -4.82408, 1.08917, 2.42361, -0.012464, 0.00358583, 0.00950452, 
144, 106955, -7.13388, -1.54497, 7.05921, -0.00319341, -0.00152601, 0.00808364, 
145, 53021.1, -5.32205, 3.0202, 2.13357, -0.000972136, -0.00420894, -0.00050799, 
146, 127593, -4.46847, 4.77948, -0.253922, -0.00551664, 0.00430559, 0.00357044, 
147, 31386.3, -4.74182, 0.21642, -1.4531, 0.00140617, 0.00270411, 0.00295448, 
148, 89613.6, -9.79961, 11.4896, 0.652599, -0.00130189, 0.00456902, -0.00432869, 
149, 251415, 1.49627, -1.2676, 8.5809, 0.00488155, -0.00242179, 0.00877167, 
150, 55890.6, -1.10454, 9.17057, 0.722677, -0.00645012, 0.00202366, 0.000368496, 
151, 174949, 3.77902, 2.63664, 5.11006, 0.00251331, 0.00292334, 0.000479505, 
152, 66072.8, 3.08195, -3.94115, 0.678494, 0.00623095, -0.00554025, 0.00402456, 
153, 19075.8, -2.96351, 9.99978, -0.520661, 0.000826916, 0.00398718, -0.00361881, 
154, 47261.5, -3.99716, 4.12263, -3.72012, -0.00443253, 0.00193064, -0.00642032, 
155, 102102, -0.731963, 2.32354, 1.15554, 0.00136505, -0.000651949, 0.00265853, 
156, 5375.03, -6.81392, 1.93765, -0.355242, -0.00699107, -0.00324453, 0.00293649, 
157, 3761.7, -0.0914886, 4.92915, -3.34383, 0.00679345, 0.00160702, -0.00644798, 
158, 7652.65, -3.74839, -1.91531, -4.01795, 0.00161217, 0.0022265, 0.000227541, 
159, 47070.1, -4.91632, 1.63552, -2.54198, 0.00217218, 0.00160041, 0.00189675, 
160, 17972.9, 3.3595, 2.10582, 0.430846, 0.000806174, 0.000983983, -0.00474458, 
161, 218629, -0.422045, -4.20429, 3.94992, 0.000441982, -0.00773326, 0.00388463, 
162, 138887, 1.33197, -0.265845, 0.323419, 0.00663193, -0.000901188, 0.00337184, 
163, 33277.3, -7.43264, 3.38433, 1.50816, 0.00363376, 0.00401166, -0.00652366, 
164, 167891, 1.15327, 6.83852, 2.41849, 0.0045719, 0.0017229, 0.00311908, 
165, 62570.5, -3.67668, -5.4659, -0.553074, -0.00050054, -0.0127969, -0.00339619, 
166, 38130.4, -2.08141, 8.00303, 5.59244, 0.00261694, 0.0109765, 0.00598837, 
167, 22403.8, -0.953661, -0.8539, 7.94177, 0.001439, -0.00437173, 0.0110561, 
168, 1479.59, -0.814948, -1.3798, -2.1444, 0.00678132, 0.00207496, -0.0117513, 
169, 20399.9, -0.276808, 1.19036, 6.68465, 0.00149618, -0.00728952, 0.0110981, 
170, 115854, -4.16804, 5.30591, 3.74634, 7.03811e-05, -0.000720386, 0.00494419, 
171, 27762.9, -4.5142, 10.2839, -3.835, 0.00132482, 0.00162323, -0.000518622, 
172, 250928, -7.669, -3.1667, 6.00526, -0.00234149, -0.00024737, 0.00295999, 
173, 74469.2, -1.77135, -4.47234, 0.672028, -0.0118117, 0.00161753, -0.00431942, 
174, 143481, -4.64285, 2.50535, -0.505718, -0.0148334, 0.00959134, -0.00686615, 
175, 27145.1, -1.02973, 2.23101, 2.2122, 0.00151825, 5.40108e-05, 0.00330911, 
176, 32620.6, -6.75487, 0.259157, -3.21493, 0.00253078, 0.00747318, 0.00383084, 
177, 52575.7, -1.508, 0.7076, 1.77827, 0.00316898, -0.00969893, 0.0132237, 
178, 19746.4, 1.13707, 7.39727, -3.58718, 0.00275301, 0.00161974, 0.000356265, 
179, 33623.1, -7.98472, -2.10947, -3.14322, -0.00581425, -0.00119687, -0.00548684, 
180, 50349.8, -7.30457, -3.26923, -3.40159, -0.00908688, -0.00811821, -0.00604297, 
181, 89376.8, -10.7062, -2.70772, -3.35435, -0.00473044, -0.00214787, -0.00370889, 
182, 42160.2, 0.624805, 0.0980413, 1.13165, 0.00343247, -0.00100776, 0.0140557, 
183, 100544, -2.11362, 4.9557, 1.43752, -0.00709889, 0.00122689, -0.0030935, 
184, 1446.88, -2.46137, 2.08086, -0.884429, -0.00201986, -0.00667082, -0.00553941, 
185, 119694, 1.19764, -1.12439, 3.76166, -0.00178325, -0.00171584, 0.00188911, 
186, 120999, 5.51196, 10.1494, 0.510531, -0.00105315, 0.00308976, -0.00232714, 
187, 52698.3, -1.49734, 0.655605, 2.48719, -0.00251267, -0.00672074, 0.00201226, 
188, 105467, -2.57471, 3.43924, -1.47351, 0.00788278, -0.00278843, -0.00819951, 
189, 99748.4, 0.529841, -1.2776, 2.46199, -6.0912e-05, -0.0116205, 0.00571506, 
190, 77133, -4.10729, 2.45546, 0.170927, 0.0011082, -0.000881328, 0.00382085, 
191, 178804, 1.33581, 3.5512, 7.72859, 0.00174142, 0.00764836, 0.000579914, 
192, 8685.6, -0.132883, 4.25457, -4.61781, -9.34791e-05, -0.00104301, -0.00168507, 
193, 256954, -5.11731, 0.410333, -4.14051, 0.000592486, 0.00909521, 0.00173899, 
194, 53540.6, -6.09944, 5.08892, -1.07712, 0.00489571, -0.00544645, -0.0051232, 
195, 220652, -1.15936, 1.83038, 7.43126, 0.00186876, 0.00175687, 0.00123664, 
196, 10258.1, -3.86479, -7.50563, 4.04312, 0.00209135, -0.00325812, 0.00330761, 
197, 6083.3, -0.0559063, -2.9712, 5.78337, -0.00541049, -0.00650094, 0.00730267, 
198, 127562, -1.76842, 4.1033, -0.00403855, 0.00788799, 0.00952053, -0.00412387, 
199, 34766.2, -9.37256, -0.0182571, -1.33421, -0.00822851, 3.30404e-05, 0.000505461, 
