ID, Mass [kg], pos_0 [m], pos_1 [m], pos_2 [m], vel_0 [m/s], vel_1 [m/s], vel_2 [m/s], 
0, 5682.38, -37.5835, -21.8859, -11.2024, -0.00144094, -0.00295865, -0.00123616, 
1, 51291.5, -45.3978, -34.4783, 47.1777, -0.00400882, -0.00363864, 0.00487421, 
2, 73779.3, 8.06208, 3.4462, -1.75632, 0.000837924, 0.000508118, -0.00213651, 
3, 9731.99, -7.74046, 35.2471, 23.9913, -0.000418777, 0.00256156, 9.82686e-05, 
4, 104587, -1.49678, -4.70208, 1.08362, -0.00391977, -0.00164151, -0.00187341, 
5, 42215, 2.74429, 5.56332, 2.02274, 0.00175154, 0.00462267, 0.0023051, 
6, 57220.4, 35.7287, 32.1763, -37.7067, 0.00283919, 0.00406024, -0.00267418, 
7, 44855.5, 0.141449, -6.90489, 4.66835, -0.00128889, 0.00479565, 0.00141118, 
8, 276797, -2.41577, -3.85975, 5.18131, 0.000289973, -0.00087828, 0.00101418, 
9, 2643.18, 0.396104, 1.41173, 5.65792, 0.00669608, -0.0068094, -0.00144026, 
10, 33961.7, 3.59506, -9.75037, 0.117661, -0.00256328, 0.00493223, 0.00329043, 
11, 8691.35, -10.0597, 68.8422, -59.7712, -0.000372291, 0.00594592, -0.00581385, 
12, 141682, -4.0703, 3.38823, 6.88695, 0.00436407, -0.00319994, -0.000731058, 
13, 288611, -7.75571, -13.183, 4.52667, 0.00348717, 0.00162575, 0.000775719, 
14, 512847, 2.54933, 0.869953, 3.35823, -0.00196017, 9.71152e-05, -0.00412849, 
15, 15651.7, 7.86512, 13.4299, -6.36075, 0.00105457, -0.00159172, 0.0008714, 
16, 182451, 30.8652, -21.44, 56.0454, 0.00336666, -0.00155154, 0.00412037, 
17, 62197.8, -11.1634, -5.8362, -1.69026, 0.00416251, 0.00201199, -0.00102494, 
18, 185440, -9.65257, -15.8465, 2.30482, 0.00357507, 0.00258172, -0.000599926, 
19, 36701.4, 39.329, 58.1898, -55.0776, 0.00387515, 0.00540653, -0.00521456, 
20, 106936, -79.3851, -46.5352, 22.9411, -0.00749437, -0.00446607, 0.00214891, 
21, 161838, 1.28378, -2.98894, 1.14814, 0.000267576, 0.00536529, 0.000734783, 
22, 144875, 3.55984, 9.64169, 6.26061, 6.96059e-05, -0.00330619, -0.000350325, 
23, 100936, 1.22044, 18.7104, 5.1039, -0.000826226, -0.0030016, -0.00207587, 
24, 95186.1, 52.2092, 43.8576, 42.2262, 0.00492298, 0.00344574, 0.00344702, 
25, 151808, 40.7173, -30.1247, 62.5209, 0.00429704, -0.00242737, 0.00564931, 
26, 118354, 0.928142, 2.52113, 0.200261, 0.00488419, -0.00565267, -0.00625807, 
27, 149234, 7.20056, 3.57935, 0.840229, 0.00121396, -0.00249688, -0.00368344, 
28, 9985.68, 4.79921, 9.07038, -0.141775, -0.00471445, -0.00176068, 0.00151747, 
29, 180895, -9.89906, -3.79221, -5.60844, 0.00036751, 0.00210823, 6.59501e-06, 
30, 486.041, -8.08733, -3.10354, 2.27625, -0.00245382, 0.00163313, -0.00229698, 
31, 70262.9, 3.00819, -5.65092, 5.78659, 0.00126499, -0.00284533, 0.00380959, 
32, 45902.1, -4.19803, 13.4638, -0.427754, 0.0019267, -0.00161403, 0.00144386, 
33, 24444.7, -0.188076, 9.24478, -4.64687, 0.00409568, -0.0027108, -0.000922419, 
34, 65679.9, -1.87072, -12.4749, 6.62827, -0.000892068, 0.00261525, 0.00150236, 
35, 3309.29, -11.2213, -35.2178, -7.62903, 0.00142958, -0.00281861, 4.21303e-05, 
36, 8280.38, -52.3618, 53.9107, -25.658, -0.00434495, 0.00483016, -0.00300176, 
37, 94538.9, -1.44762, 6.40055, 5.11092, 0.00036055, 0.00134729, -0.00189459, 
38, 30213.7, 78.177, -16.6208, -11.5502, 0.0079934, -0.000887352, 1.41733e-05, 
39, 53471.9, 5.36452, -0.728688, 7.7177, 0.00134309, -0.00861952, 0.00156057, 
40, 43100.3, -20.4758, 28.3482, -29.5833, -0.000712436, 0.00146905, -0.00195226, 
41, 44746.6, 17.3404, 40.8413, 4.08403, 0.000986567, 0.00225285, -0.00122245, 
42, 34053.9, 0.0218803, 28.4018, 47.6443, -0.000388293, 0.00254135, 0.00342501, 
43, 54380.2, 5.11214, -0.457109, 0.556584, -0.00287159, -0.00578983, 0.000878422, 
44, 38723.2, 25.1559, -5.59942, -36.9476, 0.00113772, 3.94999e-05, -0.00255917, 
45, 2321.23, -9.21508, -15.6956, 2.193, 0.00150292, 0.0010256, 0.00310736, 
46, 241169, -5.34834, 3.23733, 0.189984, 0.0014839, 0.00239522, -0.00249908, 
47, 344827, 3.86496, 0.399781, 1.31596, -0.00372331, -0.00432526, 0.00279115, 
48, 39271.1, 0.520048, 7.90797, 2.5037, 0.00590042, -0.00171538, 0.000655454, 
49, 19687.8, -64.9622, 58.8083, -28.1533, -0.00625893, 0.00588953, -0.00338567, 
50, 61216.8, -1.73389, 5.84717, -6.13357, -0.000104057, 0.000168551, -0.00593171, 
51, 19182.2, -47.5231, 68.2413, -44.2551, -0.00430843, 0.00668434, -0.00469413, 
52, 12420.5, 10.8901, 1.06242, 2.86702, 0.000250831, -0.0011645, -0.00488526, 
53, 85447.4, -79.8242, -7.80572, -34.4419, -0.00733968, -0.000755611, -0.0029881, 
54, 361436, 0.220315, -0.906159, -0.128275, 0.00146165, -0.00107931, -0.00331848, 
55, 158926, 23.6998, 11.5279, -31.2061, 0.00166631, 0.000704605, -0.000977724, 
56, 49282.6, -27.9998, 52.924, -57.7053, -0.00175411, 0.00480892, -0.00589452, 
57, 218355, -0.00630067, 1.0628, 3.51104, -0.00424767, 0.00523802, 0.00180418, 
58, 22371.5, 79.8054, -20.9609, -13.7243, 0.00830847, -0.00164148, -0.000844759, 
59, 55919.9, -16.4467, 34.0276, -47.2366, -0.000271755, 0.00197838, -0.00356199, 
60, 21598.8, 5.65419, 7.51793, 7.98666, 0.00302649, 0.00202004, 0.00129719, 
61, 398.952, 2.3749, -2.01642, 4.16163, 0.00119408, -0.00921163, 0.0095348, 
62, 1108.92, 5.82675, -7.22617, 50.9273, 0.000718087, -0.000304267, 0.00309927, 
63, 108555, 8.05378, 5.31959, 5.09495, -0.00341441, 0.00276203, -0.00258193, 
64, 244863, 10.9846, -4.90112, 21.8447, -0.000793741, 0.000270595, -0.0017049, 
65, 220694, -26.506, 50.3908, -43.8989, -0.00157488, 0.00441627, -0.00398024, 
66, 61700, -4.86042, 69.0517, 31.6766, 8.23039e-05, 0.00594281, 0.00255976, 
67, 55388.9, -43.6058, 12.6295, 33.8958, -0.0038018, 0.000974719, 0.00300399, 
68, 211156, 2.54921, 1.21106, 1.59803, 0.00495791, -0.00227132, -0.00204657, 
69, 12720.6, 5.58765, 12.4527, 6.835, 0.000546681, 0.00216615, 0.00212014, 
70, 25096, -0.211955, 19.6494, 12.0463, -0.00159692, 0.00136835, 0.000850726, 
71, 179870, -7.84436, -7.38327, -2.51486, -0.000290345, -0.000367858, -0.00191473, 
72, 79123.8, -62.0224, -17.5608, -4.3507, -0.00428027, -0.00125393, -0.000490691, 
73, 110870, 1.99261, -5.0912, 2.06006, 0.00517811, -0.00255802, -0.00602564, 
74, 43359.1, 23.4746, 41.8315, 21.5028, 0.000965575, 0.00400445, 0.000404144, 
75, 140124, 0.847431, 0.582039, 2.82941, 0.000862156, 0.00794367, -0.00845638, 
76, 229268, -17.0345, 28.3664, -32.7751, -0.000573057, 0.00133525, -0.00157585, 
77, 302149, -0.9047, 6.9351, 2.42034, 0.00157284, 0.00116871, -0.00215333, 
78, 100708, -8.91918, -13.2878, 5.00708, 0.00387928, -0.000324202, 0.00356974, 
79, 46633.4, 2.64945, 1.35838, -3.45102, -0.00446842, -0.00424957, -0.00462325, 
80, 143926, 1.25281, 14.5707, 1.62522, -0.00301791, 0.000856161, 0.00284835, 
81, 270.261, -53.7466, 8.99818, 22.8648, -0.00357011, 0.00047275, 0.00135468, 
82, 159650, 6.47771, -6.15589, -1.89763, -0.00158003, 0.000581342, -0.00044045, 
83, 24756, 2.37431, 7.66518, 3.00462, 0.00621699, -0.000309872, -0.000991317, 
84, 18375.3, 6.06953, 9.37371, -0.758125, 0.004062, -0.00243776, -0.000458569, 
85, 491877, 61.7564, -18.8741, -21.7342, 0.00556335, -0.00126287, -0.00155788, 
86, 194807, -3.82315, 1.36318, 0.659311, -0.0012851, 0.000822058, 0.00213171, 
87, 8649.23, 4.02967, 11.448, -0.262679, -0.00492408, -0.00247747, -0.00186942, 
88, 138901, 2.08899, 3.6608, -1.66783, 0.00892718, 0.00330969, 0.00119362, 
89, 50202.9, 3.89133, 5.66725, 7.54353, 0.00349526, -0.00073069, 0.00143584, 
90, 98321.9, 5.68869, 16.3815, -12.7272, 4.23418e-05, 0.000428496, -3.35918e-05, 
91, 384069, 0.725052, 1.27184, 4.01052, 0.000617664, -0.00749659, -0.0012249, 
92, 81279.9, -6.57632, -1.34998, -2.42679, 0.00464832, 0.00455515, 0.00115086, 
93, 91375.2, 1.11794, -0.14016, 4.21689, -0.00212541, -0.00880613, 0.00133153, 
94, 5476.7, -11.2847, -20.5294, 8.46953, 0.000847103, 0.000997813, -0.000681745, 
95, 33452.5, -11.7021, -6.03876, 1.20697, -0.000375841, 0.00226085, 0.000429069, 
96, 25752.1, -57.1388, -19.5106, -17.6017, -0.00573289, -0.00229181, -0.00194902, 
97, 200797, 1.94928, -0.11559, 0.732916, 0.00315784, 0.0049522, 0.000928384, 
98, 298981, 2.70193, 1.92575, 0.96947, 0.00257511, 0.00579089, -0.00372318, 
99, 93146, 4.71775, -2.93618, 2.77081, -0.000450871, -0.00994598, 0.00241671, 
100, 8612.85, -14.7548, 12.5971, -17.7977, 0.00115046, -0.000266081, 0.000645844, 
101, 24343.5, 1.50928, -7.24067, 8.3541, -0.00117215, 0.00259583, 0.000394425, 
102, 10296.7, 3.10367, -1.86662, 3.86142, 0.00756332, -0.0107165, 0.00247288, 
103, 15719.8, -1.74843, 3.42008, 6.62659, 0.00475663, -1.82852e-05, -0.00808068, 
104, 230040, 1.35231, -0.826475, -1.75084, 0.00180258, -0.00277244, 0.00506488, 
105, 17846.1, 10.9334, 18.0213, -4.88203, -0.00138743, 0.00291558, 0.000239976, 
106, 22216.6, -14.8986, -5.03454, 5.86401, 0.00102979, 0.000580437, 0.000604232, 
107, 98486.7, 2.78181, 14.2599, 4.84265, 0.000270615, -0.00314492, -0.00428269, 
108, 214214, -66.2429, 0.237706, -53.4694, -0.00637115, 7.91734e-05, -0.0052429, 
109, 131614, 0.118658, 4.3114, 1.26181, -0.00251323, -0.00193541, -0.00322646, 
110, 160023, 1.17406, 0.251269, 2.38785, -0.000614547, -0.00492334, 0.00196112, 
111, 115735, -0.260822, 1.90168, 1.57687, 0.000159005, 0.00893299, 0.00123753, 
112, 378585, 34.1983, 14.3021, -48.6899, 0.00266, 0.00184655, -0.00382818, 
113, 83295.8, -27.5788, 11.0299, -0.691729, 0.000709652, 0.000743916, 0.000798586, 
114, 148827, 10.5559, -1.59266, 3.27137, -0.00498203, -0.00160149, -0.000107329, 
115, 285284, -2.99192, -41.0227, 61.8821, -3.26425e-05, -0.00394258, 0.00542629, 
116, 515864, 1.52195, -0.20234, 3.6547, -0.00018795, -0.00227494, 0.00329288, 
117, 88363.5, 1.62811, -14.0353, 15.6031, -0.00140491, 0.000379093, -0.00256349, 
118, 155064, 21.8152, 19.0216, -6.24414, -0.000275601, 0.00124134, -0.00226272, 
119, 18098.3, 1.62172, -4.62339, 0.0908964, -0.0055861, -0.00464714, -0.00324349, 
120, 34391.6, 66.0596, -27.2463, -10.0867, 0.00608034, -0.00188031, -3.90891e-05, 
121, 78154, -2.52778, 0.330307, 0.547899, 0.00197639, -0.0083919, 0.00626422, 
122, 10497, 0.345324, -3.49247, 1.46743, -0.00200207, 0.00273095, 0.0024475, 
123, 59058.1, 1.74084, 8.12343, 6.76744, 0.0025066, -0.00662734, -0.00181657, 
124, 5646.35, 8.98195, 2.54589, 4.78132, 0.00243609, -0.00558462, 0.000179111, 
125, 103346, 9.04087, -5.22836, -0.91915, -0.000863245, -0.000929234, -0.00376072, 
126, 64702.5, -77.0442, 0.584986, 27.9243, -0.0069964, 6.38026e-05, 0.00303991, 
127, 199056, 0.77385, -2.44092, 4.9673, -0.00234141, -0.00504983, 0.00468385, 
128, 192649, 0.698094, 0.43173, 2.00412, 0.00125953, 0.0064823, 0.0069855, 
129, 1707.71, 2.08471, 4.18667, -1.00211, 0.000224032, 0.00658855, 0.00351238, 
130, 19869.9, 4.00592, 2.34014, 1.21602, 0.0040905, -0.00403137, -0.00345658, 
131, 143979, 3.13326, 1.63398, -2.91612, 0.000414498, 0.00322449, -0.00194838, 
132, 37850.6, -93.875, 45.066, -24.3381, -0.00953961, 0.00430076, -0.00224986, 
133, 50031.5, -1.25297, 0.260068, 3.71018, 0.00293442, 0.00133966, 0.00547656, 
134, 369068, -12.0303, 2.48459, -5.69396, 0.00444296, -0.000331428, 0.00204456, 
135, 3806.98, -2.2993, -2.57175, 0.736894, 0.00277685, 0.00935156, 0.00271161, 
136, 64591.7, -3.10714, 6.53821, 2.59542, 0.000542529, 0.00479058, -0.00611628, 
137, 1688.15, 2.85358, -21.8927, 10.761, 0.00228577, 0.000511514, 0.000116609, 
138, 439943, 3.87489, -1.76401, 4.8952, 0.00463259, 0.0030502, 0.00520227, 
139, 72054.1, -0.00266802, 5.56986, 3.12696, -0.00580642, -0.000654502, 0.00500131, 
140, 10511.3, -4.74376, -23.7784, 28.5846, -9.8141e-05, -0.00122896, 0.000366257, 
141, 28560.6, -8.66321, -11.6467, 5.56822, -0.00294247, 0.000510887, 0.000912524, 
142, 92270.6, -2.17024, -1.35643, 4.08359, -0.000636044, 0.00872932, -0.00240525, 
143, 57507.6, -60.8277, 19.7476, 37.475, -0.00525205, 0.00177677, 0.00326873, 
144, 106955, 1.4184, 2.51685, -4.86894, -0.000722979, 0.0022217, -0.00693788, 
145, 53021.1, 1.70246, -1.35547, -0.28971, 0.000533654, -0.00919212, 0.00242946, 
146, 127593, -0.261403, -6.99059, 6.92384, 0.00597322, 0.00116303, -0.00109701, 
147, 31386.3, 0.105565, -0.513919, 3.43597, -0.00595967, 0.00768392, 0.00345203, 
148, 89613.6, 3.91831, 3.96774, -18.3888, 0.00223279, -0.0028597, 0.00136759, 
149, 251415, 10.4866, -1.88654, 11.1765, -0.00260194, 0.000505999, -0.00452538, 
150, 55890.6, 11.5172, -2.29825, 3.39928, -0.00108669, 0.00619665, 0.000449968, 
151, 174949, 4.59291, -4.64188, 2.14117, 0.00599475, -0.00378019, 0.00509599, 
152, 66072.8, -0.567343, 1.90865, -3.48097, 0.000125253, 0.000137489, -0.00901324, 
153, 19075.8, -6.86463, -5.7646, 20.7942, -0.000347445, 0.000502995, 0.000417948, 
154, 47261.5, 8.88659, 11.7294, -5.72328, -0.00211257, 1.01322e-05, -0.00112712, 
155, 102102, -0.880237, -0.253593, 1.82688, -0.00851897, 0.00125515, 0.0047827, 
156, 5375.03, -1.10256, -3.7524, 8.92554, 0.00527199, 0.000729263, -0.00322585, 
157, 3761.7, -9.42592, 10.784, 8.35653, -0.000450199, 0.00293955, -0.00103328, 
158, 7652.65, -2.48085, 0.351957, -9.43827, 0.000446844, 0.00117025, -4.62504e-05, 
159, 47070.1, 1.14765, -0.591918, 1.66826, 0.000149921, 0.00770011, 0.00184991, 
160, 17972.9, 4.1912, 3.16433, 2.99494, 0.000151604, 0.00536128, -0.000485113, 
161, 218629, 8.78904, 16.7205, -0.254829, 0.00189466, 0.00211764, 0.000401529, 
162, 138887, 3.11894, -1.04645, 0.768116, -0.00292328, -0.00258432, 0.00742584, 
163, 33277.3, 3.49406, -8.60339, 11.2202, -0.00392464, 0.00344115, 0.000961573, 
164, 167891, 4.30558, 2.22161, 0.99843, 0.00176355, 0.00207067, 0.0085021, 
165, 62570.5, -2.27303, -73.0261, -17.8788, 0.000232428, -0.00658493, -0.00166002, 
166, 38130.4, 17.2763, 61.5294, 32.9821, 0.00200588, 0.0049645, 0.00251922, 
167, 22403.8, 11.952, -27.9867, 49.1525, 0.00127147, -0.00245839, 0.00314511, 
168, 1479.59, 37.1011, 23.2212, -52.7713, 0.00354345, 0.00243944, -0.00446633, 
169, 20399.9, 1.98788, -48.0363, 55.182, 0.000117324, -0.00491969, 0.00439532, 
170, 115854, 0.627035, 0.646159, 2.46956, 0.00571292, 0.00186873, 0.00202186, 
171, 27762.9, 1.1344, -0.238362, 3.87522, 0.00422655, 0.0103545, -0.00119798, 
172, 250928, 0.729818, -2.37675, 8.79904, 0.00119946, -0.00362334, 0.00275843, 
173, 74469.2, -54.9, 39.9949, -16.6818, -0.00460714, 0.00454858, -0.00155793, 
174, 143481, -72.3512, 50.9185, -34.8994, -0.00686472, 0.00498289, -0.00362314, 
175, 27145.1, -2.26647, 1.32917, 3.20826, 0.00266408, 0.000346776, 0.00369916, 
176, 32620.6, -3.0577, 5.18712, 2.15287, 0.00276378, 0.00189143, 0.00264118, 
177, 52575.7, 0.0248955, -46.186, 80.5781, -4.48803e-05, -0.00463542, 0.00810243, 
178, 19746.4, -0.0426398, -5.10966, 5.03725, -0.00144491, -0.00276964, 0.00318123, 
179, 33623.1, -13.3824, 6.52308, 3.94859, 0.00421574, -0.000384065, 0.00205088, 
180, 50349.8, -62.546, -41.3692, -32.4019, -0.0055695, -0.00372723, -0.00281547, 
181, 89376.8, 10.8694, -10.8484, 1.39199, 1.42884e-05, -0.00307345, -0.00166704, 
182, 42160.2, 1.65692, -0.859799, 72.1775, -9.65933e-07, -5.11388e-05, 0.0065714, 
183, 100544, -23.3357, -18.6576, 4.28419, 0.00111909, -0.000525694, 0.0012586, 
184, 1446.88, 3.30792, -4.15015, 4.63951, 0.00607194, -0.00379632, -0.00393478, 
185, 119694, -2.42087, 0.253604, 2.81187, 0.0063843, 0.00591933, -0.00354285, 
186, 120999, -5.66376, 1.88616, 1.42257, -0.00650306, -0.00106851, 0.00147234, 
187, 52698.3, -2.4871, 0.457549, 5.79274, 0.00852661, 0.000622833, -0.00186592, 
188, 105467, -4.79295, 3.87593, -1.68115, 0.00283545, -0.00165805, -0.00323516, 
189, 99748.4, -8.90325, -43.1779, 22.9489, -0.000842391, -0.00278274, 0.00133067, 
190, 77133, 1.15435, 0.0869862, 2.77033, 0.00476434, 0.0041145, -0.00610643, 
191, 178804, -1.14114, 2.40061, -2.85649, -0.000877222, -0.00506759, -0.00394111, 
192, 8685.6, 3.60693, 0.000698062, 5.16247, -0.00155833, 0.00133132, -0.00278137, 
193, 256954, 22.145, 3.74936, 30.3011, 0.00209102, -0.00148753, 0.00133036, 
194, 53540.6, -2.77588, -1.14798, -5.43963, 0.00215673, -0.000788494, 0.000583811, 
195, 220652, 0.639591, 1.78281, 3.88653, -0.0103311, -0.00413325, -0.00117789, 
196, 10258.1, -9.40302, 1.89879, 1.47821, 0.00296515, -0.00287646, 0.0013315, 
197, 6083.3, -23.3112, -9.53011, 19.6455, -0.000695173, 0.000655362, -0.000549353, 
198, 127562, -2.69428, -6.94671, 3.42027, -0.00156774, -0.00712007, 0.00267101, 
199, 34766.2, 3.01669, -0.733821, 11.3993, -0.00175469, -0.000886521, -0.000500669, 
