ID, Mass [kg], pos_0 [m], pos_1 [m], pos_2 [m], vel_0 [m/s], vel_1 [m/s], vel_2 [m/s], 
0, 83183.7, 21.4919, 47.4364, 0.989491, -7.32849e-05, -0.000150688, -1.90202e-05, 
1, 128657, 2.48645, -41.3217, 44.3311, -1.55397e-05, 0.000103487, -0.000123291, 
2, 47972.7, -44.8793, 39.5743, -32.8311, 9.21887e-05, -0.000112714, 8.90431e-05, 
3, 33292.3, -11.3489, 36.7278, 4.62949, 6.03283e-06, -0.000148858, -3.9711e-05, 
4, 53679.7, 7.59346, -19.7115, 15.1454, -5.67567e-05, 6.97061e-05, -0.000118856, 
5, 235.298, -43.9011, -31.4972, 13.9724, 0.00014647, 3.48999e-05, 1.77147e-06, 
6, 51642.8, -23.3565, -48.0985, -23.9339, 5.09457e-05, 0.000227348, 2.56465e-05, 
7, 18172.4, -10.7233, 42.819, 45.2495, -1.23056e-05, -9.83601e-05, -0.000105382, 
8, 49899.2, 8.76933, -35.3291, 28.1598, -2.23507e-05, 0.000132839, -8.61099e-05, 
9, 177450, -16.471, 16.687, 31.9612, -3.92905e-06, -9.32002e-05, -0.000113038, 
10, 101538, -39.4428, -38.3288, -16.7988, 0.000197256, 9.8256e-05, 1.44992e-05, 
11, 173078, -45.1697, 7.93172, 24.3265, 0.00014846, -1.96001e-05, -7.94478e-05, 
12, 235982, -43.0523, -19.6376, 35.6773, -0.000670634, 9.15096e-05, -0.000155602, 
13, 70247.8, 41.6749, 48.5222, -36.535, -7.26339e-05, -8.57521e-05, 6.48143e-05, 
14, 39201.1, 5.24323, -45.2488, -22.2825, -3.11621e-05, 0.000321766, 1.78819e-05, 
15, 57565.2, 4.51053, 44.9379, 12.1598, 3.2872e-05, -0.000150482, -2.1534e-05, 
16, 390951, 13.1817, -17.285, -2.81094, -2.65557e-05, 0.000114918, -1.15006e-05, 
17, 141386, -32.9639, -41.648, -21.6464, 9.53015e-05, 0.000155916, 5.92864e-05, 
18, 126243, -44.0937, -3.28138, -8.43048, 0.000136173, -5.8373e-05, 4.85942e-05, 
19, 237835, -19.6173, 28.3908, -2.91391, 4.33697e-05, -0.000113558, 2.20603e-06, 
20, 33312.9, 23.8787, 44.1008, 19.2694, -0.000128312, -0.000119013, -6.07084e-05, 
21, 218860, 10.9574, 3.59341, -0.850734, 6.56028e-05, -0.000159868, -8.40682e-05, 
22, 75238.4, -21.1732, -1.57199, 14.0333, 9.28856e-05, -1.49502e-05, 4.04978e-06, 
23, 52869.6, 34.5598, -7.68052, -34.4423, -9.35326e-05, 4.7694e-05, 0.00015487, 
24, 184404, -39.4489, 32.0519, 46.1879, 8.66075e-05, -8.88237e-05, -0.00010722, 
25, 40067.7, 47.3611, 12.7263, 15.8874, -0.000168162, -5.63696e-05, -1.97807e-05, 
26, 36311.1, -21.2411, 45.5721, -5.9603, 7.15197e-05, -0.000202228, -1.29093e-05, 
27, 61313.8, 31.521, -12.4235, 19.1593, -8.53767e-05, 3.0706e-05, -0.000102101, 
28, 165565, 22.2772, -28.0013, -6.80835, -0.000111769, 0.000177836, 5.19371e-05, 
29, 12545.8, -34.6484, 30.5304, 49.6486, -8.98618e-05, -3.36386e-05, -0.00023123, 
30, 120708, 3.43752, 6.14344, 36.0845, -5.2986e-05, 1.07882e-05, -0.000132362, 
31, 188330, 4.04906, 18.5407, 35.7625, -3.10469e-05, 8.74201e-06, 7.98718e-06, 
32, 168542, 13.3079, 33.1905, 17.6331, -2.67841e-05, -0.000125456, -5.2381e-05, 
33, 21895.1, -30.0953, 29.1688, -26.4856, 9.64021e-05, -0.000130271, 8.29463e-05, 
34, 54309.5, 5.77226, -41.6298, -23.0081, -7.47426e-05, 7.49065e-05, 7.69582e-05, 
35, 114158, -45.1116, -44.023, 48.2276, 0.000164904, 5.18012e-05, -0.000150121, 
36, 17002.8, 28.5958, 8.57916, -4.23782, -4.35117e-05, 1.1192e-05, -3.83194e-05, 
37, 13778.1, -17.8322, -28.2884, -29.8515, 0.000116342, -0.000136678, 5.04512e-05, 
38, 145485, -6.96177, -13.7727, -43.9719, 7.8912e-06, -1.77228e-05, 0.000175457, 
39, 22080.7, 33.1635, -43.3865, -18.2287, -8.36724e-05, 0.000145237, 3.73229e-05, 
40, 76098.9, -47.555, 19.5532, 11.3536, 0.000194916, -6.29968e-05, -1.31565e-05, 
41, 152709, 34.8982, 4.25579, 5.38703, -9.25197e-05, -5.6955e-05, -8.77269e-05, 
42, 185115, -37.4319, 25.3351, 9.4317, 0.000102242, -8.24189e-05, 5.14252e-05, 
43, 268899, -33.6187, -48.031, 45.3724, -5.12185e-05, 0.000131705, -0.000120763, 
44, 16945.9, -17.1802, -14.9149, -5.01775, 9.39765e-05, 1.48521e-05, 2.21331e-05, 
45, 86302.2, 39.649, 49.3468, -9.72702, -9.25077e-05, -0.000121679, 4.36735e-05, 
46, 8704.85, -5.13612, -37.5353, -9.23861, -1.50505e-05, 0.000207315, 2.4521e-05, 
47, 5070.43, -39.1576, -21.6289, 37.208, -0.000384662, 0.000334362, -0.000244071, 
48, 165598, -1.39779, -8.79229, -5.02897, 6.75163e-05, -9.45457e-06, 5.26597e-06, 
49, 61598.2, -48.3385, 24.6214, -14.7903, 0.000148636, -7.83367e-05, 2.88844e-05, 
50, 49162.5, 10.885, -28.0485, 30.9171, -6.75612e-05, 5.77843e-05, -0.000128071, 
51, 64917.6, -26.4874, -8.04695, -38.3227, 6.78708e-05, -3.2124e-05, 0.000157334, 
52, 167901, 19.5821, -9.09076, -1.20224, -0.000170783, -2.97341e-05, -8.00928e-05, 
53, 12321.9, -21.8378, -16.9336, 18.124, 0.000106367, 6.2319e-05, -2.88608e-05, 
54, 33262.7, -23.6044, 34.5391, -22.8502, 5.96881e-05, -0.000148262, 6.10238e-05, 
55, 207078, -10.3111, 0.736327, -16.676, 2.79829e-05, 2.5385e-06, 6.13838e-05, 
56, 27724.5, 14.5912, -38.3665, 14.5375, -4.59441e-05, 0.000151912, -5.98415e-05, 
57, 17609.8, 25.2273, -45.0699, 15.2091, -5.99919e-05, 0.000157981, 4.61033e-07, 
58, 12328.7, -32.3131, 20.7767, 36.8562, 9.10068e-05, -7.02981e-05, -0.000138845, 
59, 43139.2, -40.5621, -24.3339, 5.96839, 0.000138341, 6.0334e-05, -2.33077e-05, 
60, 106846, -39.8305, -46.0619, 41.8084, 0.000180487, 7.0982e-05, 4.75215e-05, 
61, 72802.7, 41.4535, -21.5417, 18.6293, -0.000138603, 4.58179e-05, -9.09355e-05, 
62, 46181.4, -27.5017, 23.1388, -41.7714, 7.91246e-05, -6.92989e-05, 0.000148795, 
63, 4752.12, -34.3502, -29.6441, -45.5176, 0.000243047, -0.000160535, -3.32082e-06, 
64, 32357.5, 17.4824, -34.2947, -13.8708, -6.3845e-05, 0.000198617, 8.78491e-05, 
65, 5018.35, -37.0113, -6.99795, -13.2526, 9.07663e-05, 5.21183e-05, 7.3833e-05, 
66, 117960, 20.5439, -2.02887, -30.9618, -5.48546e-05, 3.73086e-06, 0.000131501, 
67, 203303, 42.3424, -2.7003, 1.22322, -0.000196412, 3.86396e-05, -3.45006e-05, 
68, 33578.2, -38.3363, 46.2991, 8.30966, 8.32734e-05, -0.000163823, -5.75515e-07, 
69, 69966.1, -2.11918, -30.8994, -47.9685, -3.71405e-05, 7.28563e-05, 0.000195741, 
70, 82804.5, 28.8723, 20.795, -49.4367, -6.99277e-05, -5.21608e-05, 0.000136118, 
71, 105137, 37.4222, -11.8519, 31.8829, -9.33535e-05, 4.02546e-05, -0.000124629, 
72, 182238, -42.8707, -39.5951, 22.182, 0.000115009, 7.74935e-05, -5.70975e-05, 
73, 48300.2, 44.4018, -31.8305, 16.0785, -0.000141504, 0.000114444, -8.25985e-05, 
74, 83811.3, 46.8833, 17.5939, 29.6988, -0.000151709, -0.000173971, -6.672e-05, 
75, 182626, -27.758, 1.17959, -16.3544, 0.000121759, -0.000479347, 0.000427087, 
76, 51722.9, -25.901, -17.3925, 34.3164, 6.72068e-05, 8.8877e-05, -7.42218e-05, 
77, 79504.8, -26.1242, 0.104148, 30.8292, 9.75374e-05, -1.13803e-05, -9.99426e-05, 
78, 158424, 49.16, -8.22929, -28.5915, -0.000158995, 2.76051e-05, 9.20197e-05, 
79, 47214.5, 47.0817, -2.62087, 45.4777, -0.000108105, 2.86946e-05, -0.000144344, 
80, 219522, -7.51475, 23.8497, -41.7383, 2.19619e-05, -6.7657e-05, 0.000156055, 
81, 19106.9, -35.5065, -46.1417, 9.77222, -5.99156e-05, 0.000142129, 6.82026e-05, 
82, 39951.1, 42.5311, 2.84919, -30.3307, -0.000159493, -4.95971e-05, 0.000139173, 
83, 78693.6, 15.5715, -47.401, 25.9267, -1.0514e-05, 0.00015925, -6.21966e-05, 
84, 69951.7, 30.8047, 12.7124, -5.55362, -9.01172e-05, -0.00013253, -1.67547e-06, 
85, 121505, -23.1089, 7.10392, 24.0926, 6.07909e-05, -5.74855e-05, -3.40297e-05, 
86, 33226.7, 26.498, 8.72899, -10.5002, -6.92933e-05, -4.33457e-05, 0.000109289, 
87, 5700.47, 23.2124, 33.1553, -44.3758, -7.89568e-05, -9.40623e-05, 0.000126984, 
88, 145508, 2.8973, -24.9443, -36.4794, -6.12897e-05, 5.08708e-05, 0.000147029, 
89, 311726, -5.29957, -30.2388, 2.61759, -5.89999e-05, 0.000232824, -1.00115e-05, 
90, 111004, 33.1237, 1.62358, -29.3267, -9.07737e-05, -3.51696e-05, 0.000123408, 
91, 189341, 14.3975, 49.3942, 20.6101, -2.92096e-05, -0.000163366, -7.33195e-05, 
92, 110340, 42.3458, -33.8612, -5.40635, -0.000139498, 0.000147997, 2.99179e-05, 
93, 227786, 34.0487, -40.529, 28.3482, -0.000139448, 6.22025e-05, -8.76644e-05, 
94, 45429.1, -35.6303, -30.4143, -29.9395, 0.000153529, 4.54641e-05, 8.54069e-05, 
95, 79096.9, 15.3364, 24.4217, 20.9138, -5.46317e-05, -5.05433e-05, -9.51793e-05, 
96, 172391, 5.82448, -21.7459, -18.6459, -3.51947e-05, 0.000113937, 0.000110456, 
97, 40891.5, -34.5228, 26.1655, 15.513, -1.77377e-05, -6.03273e-05, -0.000132589, 
98, 44851.2, 45.6582, -45.8933, 40.9476, -9.38145e-05, 7.76659e-05, -9.14407e-05, 
99, 41855.3, 48.0752, -31.7441, -11.0436, -0.000190832, 8.15969e-05, 8.05223e-05, 
100, 55364.7, -35.6035, -34.3545, -10.143, 0.000110479, 6.78921e-05, -2.31906e-05, 
101, 133489, 44.5923, 12.2653, 42.0109, -9.02688e-05, -3.69511e-05, -0.000176252, 
102, 116718, -30.8657, -39.4461, 3.16613, 8.25865e-05, 0.000141557, -6.6788e-06, 
103, 41489.7, -46.5905, 19.543, 23.6267, 0.000170993, -8.73032e-05, -8.65135e-05, 
104, 25317.1, -3.8789, -7.73404, 17.3001, -3.91557e-05, -2.85525e-05, -3.51075e-05, 
105, 122915, -27.6756, -0.60394, -14.9329, 6.04539e-05, 0.000686796, -0.000506995, 
106, 22003.9, 11.9047, -8.70909, 6.01065, -6.79742e-06, -2.1193e-05, -0.000199164, 
107, 44393.1, 31.9269, 18.8174, 46.3204, -4.00267e-05, -6.20183e-05, -0.00014271, 
108, 27861.9, 16.6444, -40.1851, -32.2149, -6.42833e-05, 0.000119323, 8.79891e-05, 
109, 3915.15, -42.923, 2.11721, -31.9605, 0.000123195, -2.47793e-05, 9.25702e-05, 
110, 44656.7, -45.6379, 37.6395, -17.5326, 0.000108301, -0.000147599, 8.81078e-06, 
111, 64096.1, 43.3178, -47.982, -44.4641, -0.000111658, 0.000195204, 8.61795e-05, 
112, 92587, -45.1341, 30.9787, -24.2871, 0.000115425, -8.96596e-05, 7.61396e-05, 
113, 11750, -21.2122, -16.2707, 45.9571, -5.7814e-05, 0.000119484, -0.000181017, 
114, 261549, 9.37399, 30.9323, -35.6359, -4.82996e-05, -8.55648e-05, 0.000112233, 
115, 10260.2, -26.1657, 31.3514, -31.3477, 6.43619e-05, -0.000129233, 0.00011673, 
116, 9883.83, 49.7445, -27.8736, -3.87941, -0.000217552, 4.63494e-05, 1.50659e-06, 
117, 420908, 38.4075, -35.8731, -43.657, -3.16177e-05, -4.18718e-06, 0.00015611, 
118, 43656.3, 20.0486, -37.1529, 38.0695, -4.86565e-05, 7.53562e-05, -0.000144338, 
119, 5442.94, 42.1379, 1.85036, 35.1294, -5.64606e-05, 8.14663e-05, -0.000152705, 
120, 64753.8, -7.01095, 38.6513, -19.0693, 3.5866e-05, -0.000136293, 4.82468e-05, 
121, 5238.72, 13.1841, 34.8755, 10.4944, -2.95276e-05, -0.000135714, 8.3173e-05, 
122, 36292.8, -12.4309, 18.0871, -32.696, 4.54467e-05, -5.95411e-05, 0.000124124, 
123, 239246, -0.753242, -13.1977, 34.0697, -9.58205e-05, 3.71513e-05, -0.000173695, 
124, 35916.3, -19.0495, 41.7347, -9.56047, 3.69379e-05, -0.000150843, 5.62081e-05, 
125, 59978.1, 47.5285, -28.9961, 9.08063, -0.000193529, 8.0363e-05, -2.94037e-05, 
126, 68914.6, -16.9023, 2.01273, 44.1875, -5.77634e-05, -0.000109636, -0.000131979, 
127, 139141, 4.30459, 22.165, 40.028, -5.05176e-05, -0.000244179, -0.000297361, 
128, 48573.4, 39.8641, 47.7648, -1.26067, -0.00010019, -0.00011104, -4.44153e-05, 
129, 16414.7, -0.744913, 20.997, -13.5107, -5.14716e-06, -0.000124617, 2.51097e-05, 
130, 33001.4, 13.9738, 1.58745, -1.28135, -0.000507169, 0.000187853, -1.14739e-05, 
131, 8395.87, 10.6341, -9.16333, -10.906, -1.62336e-05, -2.42861e-05, 0.000171069, 
132, 60106.1, 29.5275, -23.0657, -0.00715628, -9.96222e-05, 5.24061e-05, -2.44497e-05, 
133, 207157, 15.4416, 15.8715, -9.17123, -3.71099e-05, -0.000131886, 5.06119e-05, 
134, 73184.1, -18.8873, 48.5618, 43.015, 2.30723e-05, -0.000117136, -7.9813e-05, 
135, 36373.7, 13.5902, -35.9173, 5.95122, -5.57365e-05, 0.000184161, -4.16e-05, 
136, 129576, 22.9494, 13.4816, 18.1066, -6.86353e-05, -5.5161e-05, -8.93303e-05, 
137, 29531.3, 32.9087, 22.4611, -36.6901, -9.45631e-05, -8.05509e-05, 0.000106791, 
138, 56000.4, -13.345, -1.50529, 15.6388, -1.088e-05, -4.46187e-05, -2.53901e-05, 
139, 168899, 4.82272, 49.0598, -35.6045, -8.73034e-06, -0.00014691, 9.34515e-05, 
140, 86223.5, -28.1683, -17.4092, -33.1532, 9.78519e-05, 1.09205e-05, 0.000106245, 
141, 203477, -47.9242, -13.2973, -9.61515, 0.000179029, 8.04813e-05, 2.3679e-05, 
142, 27856.9, -8.84413, 44.6116, 9.65426, 2.99637e-05, -0.000163505, -4.19961e-05, 
143, 84533.1, 21.2772, -5.59685, -8.39107, -0.000157206, -4.44697e-05, 0.000160736, 
144, 350304, -16.3427, -35.4592, -34.9679, 2.31771e-05, 7.84367e-05, 0.000144784, 
145, 72268.6, 4.39176, -13.5134, -19.9102, -1.30122e-06, -5.50713e-05, 0.000151636, 
146, 15177.3, -48.9569, -9.50419, -20.8228, 0.000184762, -0.000109462, 9.91379e-05, 
147, 210355, -49.6211, 2.24896, 5.14145, 0.000174646, -1.98641e-05, -3.13409e-05, 
148, 79347.4, 39.0531, -39.8515, -39.906, -0.000115766, 0.000445993, -0.000290783, 
149, 348165, 11.071, 45.1463, -13.9899, -2.784e-05, -0.000148299, 3.1945e-05, 
150, 39793.7, 42.9724, 22.6509, 35.1121, -6.60468e-05, -0.000151033, -0.000129924, 
151, 141654, -43.4571, -19.6142, 35.625, 0.00153198, -3.68739e-05, 0.000126114, 
152, 17705.2, 43.2912, -5.6493, 40.6707, -8.1318e-05, 5.26454e-05, -0.000118026, 
153, 8128.89, -36.2605, -8.04229, 29.6648, 0.000124103, -2.02506e-05, -4.64159e-05, 
154, 60076.2, -23.4376, -4.29477, 44.0755, 0.000133249, 1.29388e-05, 7.96294e-05, 
155, 211378, -21.4881, -42.7065, -42.9553, 6.00083e-05, 0.000190191, 0.000177638, 
156, 141972, 12.8908, 4.73717, -40.0454, -2.90008e-05, -3.32973e-05, 0.000168766, 
157, 74665, -10.9651, -27.6323, 15.4543, 4.24115e-05, 0.000129886, -0.000133053, 
158, 517293, 44.2897, 15.4176, -13.241, -0.000154439, -8.96589e-05, 5.60829e-05, 
159, 172971, -40.5276, -47.1815, 13.1303, 0.000104516, 0.000163106, -3.89026e-06, 
160, 51121.1, 14.8497, 34.013, -4.52269, -5.01381e-05, -9.77279e-05, -1.5031e-05, 
161, 91130.1, -22.8762, 22.6074, 25.8235, 4.7536e-05, -0.000142974, -4.37396e-05, 
162, 149283, -37.6661, 33.6442, 17.1711, 0.000100161, -0.000200341, -5.26138e-05, 
163, 83452.9, -46.2036, 13.3987, -5.99305, 0.00014774, -7.97638e-05, 3.81309e-05, 
164, 64226.9, 10.6848, -0.958491, -6.7211, 1.56973e-05, 4.2928e-07, 0.000176736, 
165, 7853.04, 15.0744, -25.4257, -31.9404, -9.83058e-05, 7.16293e-05, 0.000130149, 
166, 42725.7, -0.551224, 20.2811, 48.576, 1.33284e-05, -7.06267e-05, -0.000229476, 
167, 80232.7, -42.0779, 15.2516, -31.8326, 0.000131837, -5.36033e-05, 0.000111295, 
168, 56861.4, -27.4284, -14.5104, 46.2668, -9.72649e-06, 6.94047e-05, -0.000173285, 
169, 3283.8, -10.5588, -14.0409, 27.5514, 0.000121038, 0.00118022, -0.00288489, 
170, 2064.05, 41.0102, 40.6943, 41.2366, -6.72521e-05, -9.25618e-05, -8.4429e-05, 
171, 92729.6, 28.1612, -44.9277, 27.5947, 4.26108e-05, 0.000214239, -5.8513e-05, 
172, 92313.6, -48.3143, -14.6991, -22.0591, 0.000156677, 6.14053e-05, 0.000119301, 
173, 134604, -9.18037, -24.6654, 3.6904, 0.000152907, -0.000111681, -6.11155e-05, 
174, 167355, -21.3998, -28.9891, 2.09291, 0.0001161, 9.49056e-05, -1.20155e-05, 
175, 333184, -12.528, -34.9249, -23.3127, -5.48289e-06, 0.000114789, -1.91734e-05, 
176, 109996, 42.5981, 30.1937, 20.2256, -0.000106819, -0.000121482, -4.70584e-05, 
177, 116129, -36.806, 28.5851, 28.7619, 9.2107e-05, -0.000110271, -0.000114002, 
178, 23919, -2.54599, -31.5572, 31.0251, -2.41185e-07, 0.000134284, -0.000113331, 
179, 157841, -20.3264, 45.6245, -44.136, 4.56994e-05, -0.000107205, 9.49885e-05, 
180, 123810, 43.8388, -5.59866, -11.3371, -0.000172396, 5.05912e-05, 6.93311e-05, 
181, 16634.9, -20.7666, -10.1577, 36.966, 3.46404e-05, 1.22734e-05, -0.000113727, 
182, 156081, 36.3328, -27.0445, 2.11743, -0.000149249, 0.000106374, -4.09907e-05, 
183, 3124.3, -39.4155, 32.1266, 23.2274, 0.000175877, -0.000158459, -0.000139468, 
184, 53389.1, -17.4771, -16.4486, 33.5866, 6.09515e-05, 0.00010972, -0.000156671, 
185, 210128, -26.2221, 16.2029, -24.2962, 8.93674e-05, -9.01408e-05, 9.70423e-05, 
186, 42801, -24.8125, 15.2114, 39.6526, 8.49011e-05, -7.95834e-05, -0.000178638, 
187, 235088, -31.7901, -33.7104, -48.5915, 0.000111705, 4.54151e-05, 0.000162718, 
188, 202835, -21.8373, -3.6073, 49.0877, 1.06448e-05, -2.26302e-05, -0.000281071, 
189, 89831.3, 48.163, -31.2498, -43.823, -0.000230277, -2.64761e-05, 9.00778e-05, 
190, 200924, -36.5784, -15.5645, 46.694, 9.64158e-05, 1.61086e-05, -0.00019781, 
191, 201667, -8.66796, 12.0186, -21.1289, -1.73015e-06, -0.000103644, 9.28594e-05, 
192, 39680.8, 12.8504, -49.3051, -37.2287, -3.80104e-05, 0.000143825, 9.24236e-05, 
193, 266396, 45.6587, 8.76907, 29.0879, -0.000120301, 2.17797e-05, -6.65658e-05, 
194, 596.634, -35.9295, 45.4737, 10.169, -2.37239e-05, -0.000143736, -7.92829e-05, 
195, 210775, -48.2407, -2.97361, -44.5276, 0.000109331, -9.97305e-06, 0.000113398, 
196, 63484.8, -41.8452, -7.74142, -0.296385, 8.78895e-05, 4.81551e-05, -7.21346e-05, 
197, 43718.9, 42.8375, 17.0633, 6.85828, -0.000146089, -0.000110926, -4.40214e-05, 
198, 265739, -10.5347, -13.7505, 26.8182, 2.55443e-05, 3.12737e-05, -2.40187e-05, 
199, 27023.6, -31.7474, -6.58561, 22.5988, 0.000120566, 2.25471e-05, -2.37491e-05, 
