ID, Mass [kg], pos_0 [m], pos_1 [m], pos_2 [m], vel_0 [m/s], vel_1 [m/s], vel_2 [m/s], 
0, 10438.7, 14.1208, -4.45501, -5.8866, -0.00175356, 0.000167353, 8.13366e-05, 
1, 6654.64, -4.25354, 14.7658, 16.8436, 0.000833299, -0.000972222, -0.00127477, 
2, 188574, -10.0047, 10.9889, 2.2278, 0.000889302, -0.000372108, -0.000714871, 
3, 37.6105, 14.4129, 1.77417, 10.9965, -0.00253354, 0.000786693, -7.22337e-05, 
4, 156575, -14.2896, 9.25281, -11.0306, 0.00152121, -0.000648175, -8.96935e-05, 
5, 68600.3, -17.6071, -19.0972, -3.02703, 0.00095186, 0.00103672, 0.000124371, 
6, 25394.3, -10.9087, 16.0621, -11.304, 0.00137664, -0.001937, 8.36328e-05, 
7, 79727.6, -18.0653, -3.60364, 8.11424, 0.00127813, 0.00107692, -0.000316013, 
8, 20636.5, -14.5255, 1.20205, -6.09777, 0.000477303, -0.000774013, 0.00179448, 
9, 1631.49, 8.67303, -17.5727, 11.7777, -0.000472873, 0.00117059, -0.000798126, 
10, 92118.6, -5.33869, 9.14459, -9.03704, 9.02611e-05, 0.000432102, -0.0011344, 
11, 22412.4, 6.36618, -6.50422, -18.0962, 0.000174153, 0.00138482, 0.00148032, 
12, 147192, 1.18126, 2.77089, -4.14103, -5.30975e-05, 0.00038419, 0.000174763, 
13, 68437, -6.50872, -17.1869, 13.5672, -0.000601097, 0.00206352, -0.000600444, 
14, 48261.5, -17.8792, -14.2131, -8.96299, 0.00119341, 0.000837372, 0.000292429, 
15, 4115.53, -9.6097, 13.2924, -15.0462, 0.00158354, -0.00188952, 0.000296989, 
16, 187519, -7.65247, -13.2263, 7.62902, 0.00012812, 0.000779746, -0.000146028, 
17, 41299.2, -13.0678, -6.33855, 11.188, 0.000431164, -0.000177676, -0.0010324, 
18, 31312.4, 14.2165, 1.45239, -16.8153, -0.00191919, -0.000302651, 0.000770158, 
19, 20522.5, 12.5695, -12.2702, -0.083112, -0.00140054, 0.000848126, -0.000165127, 
20, 107552, -14.5347, 1.25831, -6.33516, 0.000314992, -4.45068e-05, -0.000852364, 
21, 71003.2, -1.38506, 6.09409, -2.94224, 0.000445319, -0.000556626, -0.00045731, 
22, 113893, -16.4856, 18.1701, 14.2519, 0.000433316, -0.00126842, -0.000574577, 
23, 377662, 9.30762, 5.69905, 12.1334, 0.00359656, 0.00134897, -0.00272688, 
24, 33818.9, -4.77039, -9.27175, -17.3196, -0.000646037, 0.00147935, 0.000316891, 
25, 72081.8, -16.8423, -17.3716, 4.32406, 0.00108068, 0.00113953, -2.67878e-05, 
26, 42615.9, 0.892309, -7.5566, -1.29163, -0.000306899, 0.000444384, -7.02397e-05, 
27, 73029.4, 0.379618, -6.45798, 4.33038, 5.49407e-05, 0.000470468, -0.000391799, 
28, 278349, -4.45513, 12.4476, -12.7563, 0.00365946, -0.00309612, -0.00127122, 
29, 119212, -10.4788, 12.3686, -17.1071, 0.00115586, -0.00167524, 0.00133437, 
30, 4323.1, 5.8683, -2.27121, -8.56813, -0.000437704, 2.18916e-06, 0.000268832, 
31, 250092, 15.5777, -14.8483, 17.654, -0.000660562, 0.00070273, -0.000748564, 
32, 2919.37, -1.4022, 5.00587, 16.7156, 0.00105022, 4.2162e-05, -0.00146363, 
33, 15081.1, -6.46222, -6.997, 5.45569, 0.000380098, -6.4062e-06, -0.00030383, 
34, 72653.2, 9.48318, 4.84861, 12.4336, 0.00227315, -0.00207341, 0.000505148, 
35, 227948, 9.25409, -13.3232, -16.316, -0.00072029, 0.00127658, 0.00103084, 
36, 54512.8, -4.14934, 0.990239, -7.94161, 0.000309592, 0.000512645, -6.87681e-05, 
37, 132334, 16.3987, 17.8509, -15.8374, -0.000806048, -0.00115123, 0.000956661, 
38, 124410, -15.4154, -12.8531, 11.4197, 0.00175113, 0.000584937, -0.00155844, 
39, 233658, -14.177, -15.0778, 13.4081, 0.000774996, 0.00137944, -0.00132814, 
40, 294451, -15.2481, 3.16528, -17.4498, 0.0011186, 0.00149785, 0.00150831, 
41, 18072.9, 3.22153, 2.89471, 8.50107, 0.00119777, 0.000282065, -1.09323e-06, 
42, 168697, -10.4247, 6.2667, -15.3804, 0.00119559, -0.000136441, -0.000259559, 
43, 58869.8, -14.3939, 8.83406, 16.8839, 0.00075129, -0.000655948, -0.000928394, 
44, 457733, 8.70866, 7.40376, 16.8841, -0.000976462, -5.20048e-05, -0.00263121, 
45, 2111.71, 6.16753, -18.504, 13.2368, -0.000371734, 0.00115837, -0.00076784, 
46, 30392.2, 7.11248, 0.516265, -13.4894, -0.00122379, 0.000289327, 0.000785673, 
47, 2286.25, -2.3224, -10.0459, -7.61848, -4.42305e-05, 0.000231394, 0.000149506, 
48, 75203.2, -17.6534, -4.93451, -3.90507, -0.000250141, 0.000275397, 2.52468e-05, 
49, 166748, -1.93201, 17.8203, 4.25244, 0.000204687, -0.00140192, -0.00012671, 
50, 18376.9, 18.7739, 17.9324, -1.36721, -0.00100577, -0.00114351, -0.000449046, 
51, 8818.69, 16.7503, -14.1854, 3.84883, -0.00115273, 0.000764704, -0.00015336, 
52, 46667.2, 6.49485, -12.4697, -0.565179, -0.00064685, 0.000598079, -0.000139053, 
53, 81946, 6.68674, 5.25779, 8.62382, 0.000941217, -0.000586435, 0.00112278, 
54, 258170, -7.61884, -12.4653, 12.4708, 1.15654e-05, 0.000232112, -0.00110682, 
55, 14387.8, -4.37626, -15.5545, -8.18205, -0.000712552, -0.00169608, -0.00207762, 
56, 72595.4, -13.0034, -7.99467, -15.1349, 0.00110248, 0.000635161, 0.00123337, 
57, 127861, 0.757164, 8.98073, 13.677, 0.00137837, -0.000446264, -0.00110846, 
58, 99632, 13.4004, 11.8927, -13.1974, -0.000359265, -0.000534081, 0.000941037, 
59, 42252.2, 15.5793, 14.7223, 11.0359, -0.00113089, -0.00122745, -0.000498958, 
60, 87983.4, 8.13035, -8.10292, -0.682052, -0.000927142, 0.000579689, -0.000435481, 
61, 196363, -1.64836, 7.97479, -14.8143, -0.00230491, 0.000133534, 0.00164848, 
62, 53625.6, -4.35559, 8.70416, -9.28088, 0.00104225, -5.41164e-05, -0.00141292, 
63, 36442.2, 12.2459, -2.39251, 5.36586, -0.0013755, 0.000766154, 0.000149094, 
64, 325076, 8.97098, 15.8112, -2.49025, -0.000467438, -0.0012103, -0.000120669, 
65, 80050.7, -12.8257, 8.85561, -18.4773, 0.0036727, -0.00208067, 0.00211015, 
66, 111018, -18.2575, 6.69797, -5.10678, 0.00153548, -0.000616813, -0.000404935, 
67, 165997, -5.68588, -15.0875, 2.50682, 5.48893e-05, 0.0012419, -7.54441e-05, 
68, 55805.8, -5.8013, -15.3545, -8.94666, 0.00160078, -0.000434367, 0.00029265, 
69, 31234.3, -9.78764, 11.5809, 1.58139, 0.000212904, -0.00253552, 0.00109919, 
70, 186090, 3.55605, 4.46584, -0.619249, -0.000791759, -0.000315599, -0.00015682, 
71, 28094, 4.76459, 2.88121, 4.34589, 0.000485783, 0.000500762, 0.000382606, 
72, 957885, 18.9439, 12.6293, -9.085, -0.001216, -0.000451842, 0.000161655, 
73, 4474.79, -14.9502, -16.3765, -0.318263, 0.00102191, 0.00089427, 0.000153237, 
74, 10808.5, 12.9676, -0.625834, -1.30975, -0.00135983, 0.00024519, 6.51231e-05, 
75, 1477.59, -13.2887, 0.529906, -8.77342, 0.000262785, 0.000342657, 0.000551592, 
76, 46803.5, -17.9801, -1.37661, -8.6133, -0.00031243, 0.00132754, -0.000265124, 
77, 163629, -6.07501, 17.0985, -16.5197, 0.000513532, -0.0022615, 0.00137117, 
78, 91417.6, -17.8079, 8.45631, 16.1407, 0.00151927, -0.000140862, -0.000940365, 
79, 969.187, 2.64756, 7.04649, 6.30283, 0.000436343, -0.000842906, 0.000592739, 
80, 26478.7, 8.78681, 7.9105, 16.7324, 0.00190277, -0.00207722, -0.00379903, 
81, 117213, -12.1535, 8.06269, 18.4576, 0.000260898, -0.000297405, -0.00141329, 
82, 437308, 5.52629, -1.98034, 12.0386, -7.36119e-05, 0.00120422, -0.000464465, 
83, 17332.5, -13.7011, 5.55434, 18.0366, 0.000916004, 0.000613467, -0.00117571, 
84, 24899.3, -4.33809, -13.7046, -8.10114, -0.000364433, 0.00209483, -0.000281342, 
85, 98799.6, -9.12563, -16.5998, -13.6393, 0.0012694, 0.00148003, 0.0029629, 
86, 140967, -2.06531, 15.3029, 10.9649, 0.000473732, -0.00135905, -0.000474376, 
87, 3055.51, -1.06044, 4.56635, 5.50609, 0.000828138, -0.000105796, -0.000356235, 
88, 131508, -4.63327, -9.26355, -17.3018, 0.001034, 9.90215e-05, 0.00271175, 
89, 72894.3, -6.06591, -15.0606, -9.02375, 0.00145906, 0.00229486, 0.0013093, 
90, 57118, -4.45336, -10.0408, -17.0145, 0.000115563, 0.00329521, 0.00105663, 
91, 2617.69, -5.74277, -3.56405, -17.845, 0.000300543, 0.000353736, 0.00149122, 
92, 9206.39, -2.87698, 12.0641, 13.2645, 0.00129887, -0.000934036, -0.00154433, 
93, 216586, 8.08029, 18.5467, -18.3663, -0.000540665, -0.00124315, 0.000923758, 
94, 58892.3, 11.2529, -6.38041, -5.06621, -0.00184646, 0.000451067, -0.00026584, 
95, 81944.5, 1.31479, 14.1768, -17.8221, -0.000563501, -0.00180209, 0.00186403, 
96, 11783.7, -11.7509, -1.49723, -11.845, 0.00065219, 0.000558076, 0.000448382, 
97, 99126, -17.2446, 0.897708, -6.99878, 0.00188024, -0.000636711, -0.000264754, 
98, 151994, -17.3675, -1.55572, -8.35377, 0.0021944, 0.000500924, 0.000917055, 
99, 87258.7, -8.7414, -6.34886, -7.3857, 0.000547933, 0.000504612, -0.000122889, 
100, 48596.7, 1.20379, -15.1594, 14.4636, -0.000359777, 0.00104596, -0.000966947, 
101, 44096.9, -10.7279, 14.1574, -7.33245, 0.00162983, -0.00155436, -0.000692797, 
102, 8359.99, 9.59383, 4.67026, -6.60542, -0.00102603, -4.22142e-05, 9.90032e-05, 
103, 70351.6, 2.98953, 16.0391, 16.9847, -0.000228333, -0.00101928, 0.000505524, 
104, 45294.6, 15.9193, -15.6832, 12.6204, -0.000818038, 0.000876778, -3.50984e-05, 
105, 19504.5, 11.456, 13.3881, 11.5377, -0.00129251, -0.00153466, -0.000460853, 
106, 54049.2, -15.9408, 8.59688, 14.8794, 0.000683403, -0.000263629, 7.95372e-05, 
107, 165846, -7.3524, 13.1108, -8.29672, 0.00102294, -0.00148896, -0.00123993, 
108, 334000, 8.38276, -3.88823, -18.0158, -0.000559046, 0.00043781, 0.00137917, 
109, 380350, 1.42561, -3.33331, 17.9722, 0.000433239, 0.000649231, -0.00155317, 
110, 169825, 12.2846, -1.0624, -17.2374, -0.00157139, 0.000106332, 0.000950335, 
111, 49417.8, 9.29372, 4.68333, 11.1816, -0.00555646, -0.00378645, 9.0434e-05, 
112, 22932.1, 6.12586, 4.31734, -11.9686, -0.00100995, -8.68908e-05, 0.000162941, 
113, 33159.4, -10.7308, -13.0282, 7.79166, 0.00114812, 0.000799777, 7.03322e-05, 
114, 329915, -17.9587, -2.39345, 8.32323, 0.00110069, -0.000428402, -0.000599794, 
115, 46014.7, -4.74284, 14.5708, 9.67485, 0.0012584, -0.00087994, -0.000262405, 
116, 70885.7, -5.43708, -6.65332, -15.0229, 0.000700066, -0.00024319, 0.000620092, 
117, 39878, 2.02252, 7.08629, 7.6645, 0.000883524, -0.000686871, 4.34701e-05, 
118, 7990.99, 2.81708, -7.17321, -2.50962, -0.000425693, 0.000389786, 5.72964e-05, 
119, 45208.6, 8.00707, 9.1009, 2.49028, -0.000674735, -0.000914127, 0.00022416, 
120, 21852.8, -12.1998, -18.4572, 14.5069, 0.000393603, 0.00192441, -0.00104627, 
121, 39421.6, 7.85164, 4.85965, 16.3726, 0.00228757, 0.00242329, -0.00181058, 
122, 29750.7, 8.09846, -4.20225, -5.09304, -0.000889451, -0.000560068, -0.000472807, 
123, 92556.9, -15.3769, 3.31709, -17.3849, 0.00397138, -0.00257283, -0.00046704, 
124, 232939, 0.845521, -16.043, 4.03777, -0.000284631, 0.00125417, -0.00049099, 
125, 64576, 6.78406, -7.91697, -13.2484, -0.000308289, 0.000722102, 0.000489883, 
126, 80969.1, -17.8171, 0.30701, -0.149524, 0.00125863, -0.000194901, -0.000515786, 
127, 69836.7, -8.33232, -14.3849, 1.434, 0.00118734, 0.000734917, 0.000333461, 
128, 34136.6, -11.8218, -17.0157, 0.963459, 0.000919567, 0.00135359, 8.98577e-05, 
129, 80050.6, 9.60219, -16.6419, 6.92734, -0.000919368, 0.00115538, -0.000470191, 
130, 67728.8, 7.73608, 0.277429, -13.9541, -0.000422739, -9.74715e-05, 0.000150532, 
131, 150978, -18.2448, 14.9965, 13.9908, 0.00106986, -0.000465143, -0.000471849, 
132, 81625.8, -0.434943, 8.88721, 14.2648, 0.000331338, -0.000445539, -0.000691358, 
133, 2593.03, 9.80999, -11.8153, -4.65505, -0.00125934, 0.00118381, 3.45124e-05, 
134, 644361, 9.64274, 5.78499, 11.8207, -0.00387118, -0.000784718, 0.00191113, 
135, 21866.9, -9.61763, 11.8818, 10.4288, 0.000789715, -0.000629888, -0.000622081, 
136, 41691.7, -4.20436, 7.81264, -12.5704, 0.000715659, 0.00112619, -0.000266493, 
137, 91347.5, -7.66405, -15.9585, 14.3724, 0.000290033, 0.00131211, -0.00168018, 
138, 106353, -17.034, -4.76845, -3.98097, 0.00229624, 0.00112622, -0.000519902, 
139, 48040.2, -10.7244, 5.70453, 15.2442, 0.00044004, 8.65003e-05, -0.000632389, 
140, 37577.6, -0.891585, -7.72224, -0.751884, 0.000553884, 0.000446844, -0.00023719, 
141, 18448.8, 0.930041, 12.734, -13.3532, -0.00177432, -0.00276049, -0.000726975, 
142, 80498.5, -15.3747, -9.24734, 7.01293, 0.000990253, 8.30966e-05, 0.000344731, 
143, 7666.73, 5.92563, -17.3403, -9.82038, -0.000307593, -0.000306685, -0.00207368, 
144, 13225.3, -7.716, 0.0548943, -5.60739, 0.000519145, 0.000286347, -0.000393928, 
145, 193634, 12.2782, -9.83395, -11.8536, -0.00147381, 0.000819985, 0.000325632, 
146, 240149, 7.80112, -6.67893, -6.88091, -0.00063728, 0.000557446, 0.000199077, 
147, 329761, 3.2699, 15.6193, 15.3567, 5.27851e-05, -0.00160212, -0.00132997, 
148, 44620.5, 17.2566, 10.9316, 1.70166, -0.00129865, -0.000478972, -0.000275039, 
149, 326998, 9.14591, 4.99078, 17.2867, -0.000580632, -0.00153895, -0.00258881, 
150, 96085.7, -17.6751, 12.3402, -9.27297, 0.00169081, -0.00111497, -0.000112735, 
151, 156236, 0.235711, 10.8551, -14.5093, -0.00177694, -0.00262292, 0.000262374, 
152, 21221.8, -0.86944, -4.99281, -8.29027, -1.979e-05, 0.000443288, 0.000163928, 
153, 52477.7, 18.6529, 15.0681, 9.76955, -0.00139595, -0.000899414, -0.000296669, 
154, 23635, -12.9773, -8.92268, -13.7338, 0.00111818, 0.00125025, 0.000233634, 
155, 46830.7, 13.4733, 0.424303, 15.4103, -0.00194811, 0.000795377, -0.00137765, 
156, 92630.3, 6.65824, 3.46746, 6.03243, -0.000452937, 0.000493103, 0.000873238, 
157, 48406.4, -13.3151, 14.1885, 5.85698, 0.00102635, -0.000995164, -0.000464404, 
158, 196582, -8.70072, -16.4229, -12.6889, 0.000514037, 0.00127436, -1.57554e-05, 
159, 30074.5, -3.28053, 4.50475, 1.36637, 0.000698503, -8.7948e-05, -0.000584415, 
160, 33571.4, -12.4144, 5.10012, -18.1747, 0.00125089, 5.17776e-05, 0.00209998, 
161, 8737.73, 18.6389, -15.5181, 12.4401, -0.0013038, 0.000693885, -0.000114161, 
162, 508060, -7.83061, 4.62629, -18.2137, 0.000115696, 0.000585092, 0.00179726, 
163, 44193, -6.7187, -6.90008, -11.6684, 0.000519414, 0.00046096, 0.000157328, 
164, 29803.4, 7.74616, -15.34, 8.67087, -0.000394647, 0.000855472, -0.000913208, 
165, 169235, 12.0695, 6.27601, -16.5204, -0.00101131, -0.000211181, 0.00107253, 
166, 23700.2, -19.0499, -5.48892, 15.4803, 0.00106079, 0.000104917, -0.00118154, 
167, 86765.8, -14.7694, -18.5242, -15.1552, 0.0010525, 0.00107709, 0.00072893, 
168, 145148, -12.5591, 8.66364, -18.3128, 0.000445592, -0.000520652, 0.00147749, 
169, 52934.1, -5.26669, -17.9115, -4.9163, 0.000378842, 0.00204514, -0.000419688, 
170, 1922.37, -7.61276, -7.88542, -16.4672, 0.00150504, 0.000511678, 0.00123245, 
171, 22445.4, 13.4886, -5.68801, 15.6257, -0.0010602, 0.00127445, -0.00122855, 
172, 481411, 0.340387, 8.5449, -15.3203, -0.000220063, 0.000725784, 0.00117797, 
173, 207195, 7.03309, -16.5138, 0.269658, -0.000902252, 0.00155292, -0.000136961, 
174, 59874.5, 4.89398, 12.2397, -18.0789, -0.00126142, -0.000824093, 0.00163043, 
175, 157715, 5.95372, -17.2986, -9.75679, -0.000580368, 0.00156631, 0.000541018, 
176, 23284.3, 9.70024, -9.08712, -15.6865, -0.0010499, 0.000643676, 0.00104733, 
177, 26682, -2.72024, 11.8188, 12.4302, 0.00114489, -0.000543216, -0.000510372, 
178, 2733.56, -3.43284, 16.0891, 7.90401, 0.000730139, -0.00134442, -1.97463e-05, 
179, 21708.5, 3.97904, 4.5045, -0.726099, 0.00253885, 8.11318e-05, 0.000198042, 
180, 35339, -13.5873, -5.90624, -10.4446, 0.00178581, 0.000843514, 0.000754846, 
181, 8547.22, 9.16069, 5.99256, 3.58372, -0.00119054, -0.000367317, 0.000725778, 
182, 35159.6, 10.4504, 14.7065, 11.0984, -0.000678886, -0.00189877, -0.000211391, 
183, 26059.5, 13.4714, 3.32442, 2.94231, -0.00154237, 0.000162273, 0.00036975, 
184, 170910, -15.3773, -11.9219, 9.90748, 0.00115114, 0.000193254, 0.000410346, 
185, 34629.4, 2.06925, 3.27606, -10.7882, -0.000597364, 0.000538059, 8.23656e-05, 
186, 176.156, -14.32, 13.4039, -5.41763, 0.00131134, -0.00113736, -0.00061533, 
187, 17432.8, 5.17346, -12.5564, -6.07146, -0.000708219, 0.00102769, 0.000172298, 
188, 38613.7, 13.5892, -3.60072, 14.2249, -0.00154828, 0.00126563, -0.00145868, 
189, 103423, 1.031, -13.3734, -5.95057, -0.000413437, 0.000952895, 8.66415e-05, 
190, 29362.8, -8.1774, -13.0391, 17.6776, 0.000263704, 0.000441179, -0.00189441, 
191, 226096, -4.55542, -15.0729, -7.75932, -0.000542341, 0.00113037, -0.000109923, 
192, 449215, -4.40183, 12.4143, -12.7863, -0.00156644, -0.000781613, 0.00112726, 
193, 35466.9, -13.9229, -5.94742, -10.5916, 0.000251806, 0.000746733, 0.000144731, 
194, 130.538, 1.17109, 8.06394, -16.064, -0.00370021, 0.00104781, 0.00424099, 
195, 95093.9, -4.03043, -8.75422, -15.7064, -0.000393784, 0.000462463, -0.000232361, 
196, 99101.5, 13.2109, -2.63343, 12.6145, -0.00156176, 0.000969049, -0.000175024, 
197, 92771.6, -16.8917, 18.9128, -14.4398, 0.00108757, -0.00123246, 0.000429677, 
198, 13109, 7.31521, -17.0511, 0.366345, 0.000400072, -0.00119129, 0.000439814, 
199, 168093, 0.848738, -9.07121, -17.4905, -0.000417551, 0.000825269, 0.0012914, 
