ID, Mass [kg], pos_0 [m], pos_1 [m], pos_2 [m], vel_0 [m/s], vel_1 [m/s], vel_2 [m/s], 
0, 5682.38, 0.896396, 3.02966, -0.0792847, -0.0084733, 0.00655373, 0.00305928, 
1, 51291.5, 2.37628, 7.8136, -4.25156, -0.00580419, -0.00641215, 0.00518036, 
2, 73779.3, -3.38456, 2.48822, 0.713991, 8.88977e-05, -0.00643936, 0.00194349, 
3, 9731.99, 1.25133, -3.96065, 5.12851, -0.000372293, 0.00444611, 0.00916275, 
4, 104587, -2.43274, 2.83015, 0.199576, 0.00707931, 0.00769935, -0.000828807, 
5, 42215, -1.75922, -0.819013, 2.11676, 0.000919972, -0.000553363, -0.00285717, 
6, 57220.4, 1.97286, -4.40426, -4.34082, 0.00649525, -0.0011178, -0.00980629, 
7, 44855.5, -5.84124, 2.10783, 2.3849, -1.77126e-05, 0.00541505, -0.00326975, 
8, 276797, -0.656676, -4.50043, 3.36576, 0.00275342, -0.00778536, 0.000909134, 
9, 2643.18, -1.43952, 1.52556, 0.537854, 0.000251117, 0.00212461, -0.00908317, 
10, 33961.7, 2.18868, -0.157751, -2.03641, 0.0105021, -0.0021245, -0.00680503, 
11, 8691.35, -5.46784, 7.51992, -1.93526, -0.00193151, 0.0123689, -0.00864564, 
12, 141682, -1.87472, 5.17947, -2.04935, -0.00175096, 0.00505811, -0.00218112, 
13, 288611, -0.882176, 4.6146, 1.58435, -0.0082691, 0.00139031, -0.00301822, 
14, 512847, 2.3409, -1.88223, -2.46722, 0.00442838, 0.00250335, -0.000341311, 
15, 15651.7, -6.09709, 4.05104, -2.43476, -0.00211835, 0.00650615, 1.9227e-05, 
16, 182451, -3.53426, -1.39727, 5.53441, 0.00372431, -0.00624992, 0.0130901, 
17, 62197.8, -0.200279, 2.21465, 1.67946, -0.00131298, -0.0121866, 0.00237518, 
18, 185440, -0.484418, 3.96692, -1.11848, -0.00732551, -0.000671366, -0.00665394, 
19, 36701.4, -0.731475, 2.69663, -1.22791, 0.00970711, 0.0105222, -0.0112023, 
20, 106936, -3.49006, -0.0850395, 1.27817, -0.0137793, -0.0112696, 0.00356218, 
21, 161838, -0.704501, 5.8849, -3.32256, 0.0033261, 0.00331024, -0.00255782, 
22, 144875, -6.39042, 6.23427, -4.38028, 0.00355784, 0.00292631, 0.00165419, 
23, 100936, 0.405455, 0.837109, 5.13099, 0.0052797, 0.00868326, 0.00688554, 
24, 95186.1, 0.781274, 6.00813, 5.28362, 0.00906028, 0.00871088, 0.00750021, 
25, 151808, -3.74179, -0.649302, 2.00044, 0.0059015, -0.00984397, 0.0131376, 
26, 118354, 2.83346, -1.34973, 5.46607, 0.00483163, 0.000243241, 0.00409324, 
27, 149234, -1.88549, 0.874797, 0.279461, -0.00818254, -0.000634357, -0.00165667, 
28, 9985.68, -1.7246, 1.34929, 0.344276, -0.00911191, 0.00859097, -0.00111407, 
29, 180895, -5.29826, 8.91393, -5.43742, 0.00324418, 0.00651497, -0.000410947, 
30, 486.041, -3.40013, 7.95196, -3.55457, 0.00507152, 0.00634212, -0.00497175, 
31, 70262.9, -2.5097, 7.9871, 3.61493, 0.00140214, 0.00312196, -0.00111832, 
32, 45902.1, -3.2089, 1.58414, -0.913772, 0.00204661, 0.00749271, -0.00232198, 
33, 24444.7, -7.12991, 2.88017, 1.83293, 0.000725709, 0.00121338, -0.00360093, 
34, 65679.9, -0.755718, -2.23113, -2.17587, -0.000422626, -0.00334487, 6.55768e-05, 
35, 3309.29, 1.59536, 4.6231, 1.16909, -0.00737252, 0.00423434, 0.000506712, 
36, 8280.38, -3.35185, 1.20392, 2.02787, -0.0133033, 0.0118882, 0.00157795, 
37, 94538.9, -6.36584, 4.08761, 0.566124, -0.000568337, 0.00543469, 0.00246628, 
38, 30213.7, 0.918899, -0.408052, -2.15241, 0.00864992, -0.00666538, -0.00308258, 
39, 53471.9, -6.11146, -5.49036, -0.580834, -0.00305268, -0.00407872, -0.00651082, 
40, 43100.3, -4.64648, 2.23485, 0.186208, -0.00664327, 0.0115628, -0.00812563, 
41, 44746.6, -0.66745, -0.993705, 5.89908, 0.00407043, 0.00917638, 0.00783936, 
42, 34053.9, -1.44876, -1.6301, -2.99336, 0.00447388, 0.00140863, 0.00994923, 
43, 54380.2, -4.72787, 3.01686, 0.526052, 0.00536566, 0.00131024, -0.00569267, 
44, 38723.2, 0.311294, -0.876647, -0.575749, 0.0115211, -0.00407774, -0.00218319, 
45, 2321.23, -0.705047, 3.73216, 1.82961, -0.00699064, 0.00311484, -0.0046288, 
46, 241169, -6.6877, -1.80964, 2.4696, -0.00250375, 0.00251582, 0.000989325, 
47, 344827, -5.59141, 2.22453, 2.68836, 0.00254378, 0.00180748, -0.00495716, 
48, 39271.1, -7.84167, -1.57923, -1.83246, -0.00088089, 0.00666989, 0.000221117, 
49, 19687.8, 1.21317, -2.6454, 1.44604, -0.0106647, 0.00883945, 0.0017128, 
50, 61216.8, -2.52188, 6.05082, -1.28669, 0.00692395, -0.0031397, -0.00608967, 
51, 19182.2, -1.7829, -1.31403, 2.08762, -0.0088685, 0.00949039, -0.00877171, 
52, 12420.5, -1.00513, 3.42873, -1.13039, 0.000219191, -0.0045978, 9.90714e-05, 
53, 85447.4, -3.4488, 0.816449, -0.344693, -0.0143826, -0.00426855, -0.010808, 
54, 361436, 2.04676, -0.693798, -3.1123, 0.00962196, -0.00208049, -0.00222514, 
55, 158926, -1.43315, -0.327958, -1.84618, 0.00528694, 0.00288944, -0.0121991, 
56, 49282.6, -2.23765, -0.380195, 2.54912, -0.0103831, 0.00918704, -0.00822648, 
57, 218355, -7.75876, 0.443629, -1.53849, -0.00229105, 0.00467309, 0.00156689, 
58, 22371.5, 0.815817, -1.63863, -3.99386, 0.008718, -0.00697693, -0.00898237, 
59, 55919.9, -7.88972, 7.13422, -3.43608, -0.00554456, 0.00789847, -0.00905884, 
60, 21598.8, -7.98477, 9.01067, -0.919296, -0.00235677, 0.00439215, 0.00214982, 
61, 398.952, -3.62949, 3.19002, -4.10176, 0.00138324, 0.00381264, -0.000620103, 
62, 1108.92, -1.03489, -1.38868, 3.47252, 0.000943511, -0.00334773, 0.0138017, 
63, 108555, 5.26127, 6.18318, 3.67697, -0.00142513, 0.00602804, -0.00147034, 
64, 244863, 0.930049, 0.12564, 7.89767, 0.00647952, -0.0012923, 0.00849448, 
65, 220694, -4.69764, 1.50573, 0.237816, -0.0106564, 0.00991798, -0.00994868, 
66, 61700, -3.54892, 4.00791, 2.96077, -0.00223091, 0.0141419, 0.00799803, 
67, 55388.9, 7.01776, -3.31835, -6.60402, -0.00594042, 0.00298679, 0.00472594, 
68, 211156, -6.09753, 3.582, -0.999407, 0.000317934, 0.00148213, 0.00154992, 
69, 12720.6, 0.595038, 0.145541, 5.31007, 0.0015195, -0.00831892, 0.00409162, 
70, 25096, -1.00478, 2.24486, -1.2487, -0.00639568, 0.00295466, 0.00518356, 
71, 179870, -2.99216, 3.17664, -0.487245, 0.00432024, 0.0119661, -0.00754233, 
72, 79123.8, -10.8837, -2.31861, 0.67136, -0.011736, -0.00388318, -0.000582941, 
73, 110870, 0.603604, -0.976278, -1.038, 0.0039109, 0.00274655, 0.00111893, 
74, 43359.1, 1.77373, -4.55631, 7.2851, 0.00869078, 0.00462659, 0.00623252, 
75, 140124, -7.85187, 3.86125, -0.358141, -0.00722979, -0.00217577, -0.00245528, 
76, 229268, -6.63315, 6.60662, -4.08876, -0.00339722, 0.00643545, -0.00899765, 
77, 302149, 0.0990192, 1.23308, -6.08951, 0.000857517, -0.00111026, -0.00420149, 
78, 100708, -0.812427, 4.48544, 0.110176, -0.0120472, -1.20573e-05, -0.000610591, 
79, 46633.4, -3.40405, 3.24381, -0.53085, 0.00160882, 0.00222251, 0.00486776, 
80, 143926, -4.59936, 4.54133, -0.426355, -0.0105637, 0.00384002, 0.0057918, 
81, 270.261, -8.20174, 2.20205, 4.53821, -0.0111218, 0.00211003, 0.00560361, 
82, 159650, -2.82112, 1.51757, 1.56086, -0.000511128, -0.00082608, 0.00170176, 
83, 24756, -8.48392, -1.61654, -0.101488, -0.00428806, 0.00405217, 0.00254574, 
84, 18375.3, 0.534609, 5.43542, -0.420627, 0.0104492, 0.000566147, 0.000464067, 
85, 491877, -0.263193, -0.707812, -2.21047, 0.0102857, -0.00928753, -0.0077405, 
86, 194807, 2.64597, -1.53503, -2.55247, 0.00263447, -0.00354879, -0.00402657, 
87, 8649.23, -7.90672, -0.632598, -0.116134, 0.00797727, -0.00130535, 0.00682367, 
88, 138901, -1.09673, 6.14207, -2.37172, 0.00819844, -0.000651663, 0.00495006, 
89, 50202.9, -6.46441, 0.835025, -3.75305, -0.00177383, 0.00565166, -0.00109853, 
90, 98321.9, -1.76374, 4.90121, -2.1202, -0.000120513, -0.00416564, 0.00402635, 
91, 384069, -2.54997, -0.123657, 1.79834, -0.00193796, -0.00449491, 0.00304394, 
92, 81279.9, 0.123212, 6.17364, 2.1955, 0.00198453, -0.00688295, 0.00576136, 
93, 91375.2, -4.73383, 0.142129, 5.90904, 0.00267837, -0.000385166, 0.00219558, 
94, 5476.7, 0.80813, 7.7374, 0.684815, -0.00394644, -0.00167018, -0.00150063, 
95, 33452.5, -4.92406, -1.02253, -1.32788, 0.00135312, 0.0100515, 0.00238815, 
96, 25752.1, 9.05502, 7.66306, 7.8912, -0.00499662, -0.00439621, -0.00376737, 
97, 200797, -6.31147, 2.62144, 6.87349, 0.00314781, 0.00175747, 0.00307643, 
98, 298981, -2.88443, 3.58942, 0.130693, 0.00406346, -0.00339078, 0.00674556, 
99, 93146, -6.58632, -2.30248, 1.86683, -0.0011378, 0.00589599, 0.00060012, 
100, 8612.85, -5.55565, 3.86731, -1.04453, -0.00898014, 0.00530189, -0.0107935, 
101, 24343.5, 0.275451, 1.48589, 3.00903, 0.00157237, 0.00918187, 0.0068284, 
102, 10296.7, -7.26252, 8.40783, -8.69018, -0.00010602, 0.0058121, -0.00413977, 
103, 15719.8, -2.17742, -1.74944, 2.71496, -0.00451796, -0.00687417, 0.0109072, 
104, 230040, 2.35105, 2.62061, 7.57103, 0.00247217, 0.00536304, 0.00351492, 
105, 17846.1, -1.03032, 2.67027, -2.08045, -0.0086143, 0.00590166, 0.00293079, 
106, 22216.6, -3.21374, 2.66999, 0.390298, 0.00193987, -0.00639119, 0.00190537, 
107, 98486.7, -1.02944, -1.0002, 6.13641, -0.000859077, 0.00369633, 0.010873, 
108, 214214, -0.35585, 2.36765, 4.03949, -0.0104283, -0.00519619, -0.00929975, 
109, 131614, -2.39364, -2.05678, 2.58631, -0.00124941, -0.00414654, -0.00121122, 
110, 160023, -5.5144, 4.49241, -0.460784, 0.000209327, 0.00205434, -0.000902966, 
111, 115735, -3.48389, 4.44951, -3.18456, 3.86675e-05, 0.00247198, 0.000154642, 
112, 378585, 0.922748, -2.97858, -0.251653, 0.00850757, -0.002153, -0.0103076, 
113, 83295.8, -8.24892, -1.70594, -4.20196, -0.0084746, -0.000493012, -0.00404127, 
114, 148827, -9.17048, -2.29732, 0.603394, -0.00503235, -0.00434669, -0.000516886, 
115, 285284, -1.32239, 2.37504, 0.297873, 0.00128014, -0.00839582, 0.0146026, 
116, 515864, -4.33003, 2.88666, -2.04629, -0.00488991, -0.00260287, 0.00392164, 
117, 88363.5, 2.13001, 4.16317, 5.91587, 0.00691512, -0.0013401, 0.00658324, 
118, 155064, -10.4718, -2.87574, 1.82133, 0.00488429, -0.00278882, 0.00609185, 
119, 18098.3, -1.55712, 1.13907, 0.160661, -0.00433145, -0.00398124, 0.0027169, 
120, 34391.6, -0.257791, -0.418801, -3.387, 0.0125939, -0.00935206, -0.0105876, 
121, 78154, -3.03291, 5.8297, 0.917195, -0.00710417, -0.000854483, -0.00338634, 
122, 10497, -4.77292, 2.42011, 5.76475, 0.00268092, 0.00216631, 0.000595359, 
123, 59058.1, -3.63727, -3.41044, 0.419746, 0.00163962, 0.00767232, -0.00284073, 
124, 5646.35, -5.60275, 7.77855, -2.18739, 0.00345094, 0.00580814, 0.00320506, 
125, 103346, 2.76306, -1.75092, -3.54663, 0.00738657, 0.00152679, -0.00294522, 
126, 64702.5, -0.38471, 1.7663, -2.19229, -0.0150093, -0.00452754, -0.000320058, 
127, 199056, -6.08437, 2.15957, -1.46149, 0.00225472, -0.00185206, -0.00220331, 
128, 192649, -2.10431, 1.89997, -0.278925, 0.00276732, -0.000999133, -0.00924279, 
129, 1707.71, -5.45225, 1.45869, -2.49567, 0.00171637, 0.00834216, 0.000620961, 
130, 19869.9, -1.96142, -3.90479, 0.808672, -8.80708e-05, -0.0011905, 0.00545685, 
131, 143979, -7.41466, -2.62436, 3.01077, -0.00567839, -0.00246087, 0.00512854, 
132, 37850.6, 1.023, 0.425043, 1.20348, -0.0110869, 0.00973852, -0.00893497, 
133, 50031.5, 2.84848, 0.360563, -2.78423, 0.00152252, 0.00127284, 0.000536458, 
134, 369068, -5.89857, -0.210568, -0.387647, -0.0122047, -0.00208633, -0.00448667, 
135, 3806.98, -1.91259, 5.47502, 4.07482, 0.00376876, -0.00725113, 0.00512615, 
136, 64591.7, -2.54727, 3.98791, -0.40873, 0.00931312, 0.00146462, -0.00987865, 
137, 1688.15, -0.118832, 8.16768, -1.76521, -0.00544131, 0.00130753, -0.00240846, 
138, 439943, 0.0668416, 3.57759, 3.86564, -0.00114135, 0.00431789, -0.000196725, 
139, 72054.1, -3.2415, 2.38496, -2.61484, 0.00171498, 0.00266515, 0.00307818, 
140, 10511.3, -1.3531, 0.80484, 1.85514, 0.00109131, -0.00513964, 0.0141392, 
141, 28560.6, 1.10007, 0.114841, 3.15567, -0.00187092, -0.00457715, -0.00138305, 
142, 92270.6, 0.546927, 2.44361, 3.4782, 0.00345444, -0.00416376, -0.0011338, 
143, 57507.6, -1.22161, 0.438239, -0.351089, -0.0135757, 0.000944052, 0.0101645, 
144, 106955, -6.13042, -1.11153, 4.63791, -0.00441287, -0.00178164, 0.0100549, 
145, 53021.1, -4.71066, 3.80355, 1.80425, -0.00343458, -0.00140489, 0.00261292, 
146, 127593, -2.88698, 3.01946, -1.0437, -0.00611933, 0.00837708, 0.00182375, 
147, 31386.3, -5.00383, -0.0930358, -1.96563, 0.000480241, -7.49552e-05, 0.000605084, 
148, 89613.6, -9.35217, 10.1307, 1.79211, -0.00206671, 0.00559869, -0.00414866, 
149, 251415, 0.0847364, -0.461662, 6.02923, 0.00578828, -0.00368507, 0.0104271, 
150, 55890.6, 0.550036, 8.32569, 0.63715, -0.00579441, 0.0043761, 0.000245368, 
151, 174949, 2.8139, 1.81571, 4.89679, 0.00485446, 0.00319574, 0.00122246, 
152, 66072.8, 1.19104, -2.20559, -0.565849, 0.0081413, -0.00727217, 0.00546267, 
153, 19075.8, -3.17153, 8.64407, 0.464652, 0.000684228, 0.00625568, -0.00370328, 
154, 47261.5, -2.76572, 3.38616, -1.46944, -0.00447934, 0.00395984, -0.0104715, 
155, 102102, -1.62241, 2.39374, 0.481789, 0.00491467, 0.000469129, 0.00240209, 
156, 5375.03, -4.33623, 2.87316, -1.24631, -0.0109746, -0.00330066, 0.00345965, 
157, 3761.7, -2.15336, 4.18603, -1.28006, 0.00848631, 0.00447439, -0.00922016, 
158, 7652.65, -4.14821, -2.2469, -3.82489, 0.0014292, 0.000137353, -0.00170413, 
159, 47070.1, -5.347, 1.36612, -2.4182, 0.00076293, 0.00029116, -0.00273019, 
160, 17972.9, 2.79571, 1.75181, 1.68883, 0.00361965, 0.00160523, -0.00461772, 
161, 218629, -0.654683, -1.87332, 2.75815, 0.00142861, -0.00982799, 0.00513003, 
162, 138887, -0.701286, 0.0759275, -0.604767, 0.00852749, -0.00178495, 0.00336726, 
163, 33277.3, -7.98504, 2.18089, 3.03231, 0.000508867, 0.00485511, -0.00487457, 
164, 167891, -0.274012, 6.0372, 1.55149, 0.00611772, 0.00461617, 0.0033082, 
165, 62570.5, -3.46331, -1.69223, 0.440143, -0.00120321, -0.0156497, -0.00407181, 
166, 38130.4, -2.76235, 4.78579, 3.7578, 0.0023312, 0.0132197, 0.00796475, 
167, 22403.8, -1.32346, 0.441724, 4.77226, 0.00125831, -0.00520725, 0.0127155, 
168, 1479.59, -2.62616, -1.63283, 1.16036, 0.00672935, -0.000694425, -0.0127959, 
169, 20399.9, -0.749721, 3.12104, 3.45054, 0.00178291, -0.0068675, 0.0134028, 
170, 115854, -4.02344, 5.16908, 2.15665, -0.00123221, 0.0020445, 0.00685377, 
171, 27762.9, -4.85388, 9.62806, -3.6765, 0.00120332, 0.00335344, -0.000722786, 
172, 250928, -6.89707, -2.92758, 5.00434, -0.00350306, -0.00163643, 0.00459482, 
173, 74469.2, 1.33846, -4.57629, 1.86132, -0.0111141, -0.000912662, -0.00436744, 
174, 143481, -0.740059, 0.0724904, 1.45701, -0.0137944, 0.008104, -0.00727671, 
175, 27145.1, -1.81663, 2.06859, 1.04727, 0.00372988, 0.00126562, 0.00554436, 
176, 32620.6, -7.18954, -1.59629, -3.90014, 0.000721816, 0.00636041, 0.00143204, 
177, 52575.7, -2.69281, 3.4304, -1.61594, 0.00528371, -0.00979225, 0.0112954, 
178, 19746.4, 0.222223, 6.68784, -3.53571, 0.00407518, 0.00371078, -0.000835114, 
179, 33623.1, -6.23027, -1.5073, -1.46025, -0.00740617, -0.00354212, -0.00711942, 
180, 50349.8, -4.75123, -0.799594, -1.58669, -0.0100055, -0.0105067, -0.00769378, 
181, 89376.8, -9.21124, -1.99159, -2.24334, -0.00655094, -0.00323179, -0.00463734, 
182, 42160.2, -0.492078, 0.371775, -2.5592, 0.00480869, -0.000703864, 0.0128689, 
183, 100544, -0.462895, 4.15726, 2.03058, -0.00497367, 0.00441043, -0.0012814, 
184, 1446.88, -2.18439, 3.83315, 0.827964, -0.000241878, -0.00516534, -0.00654412, 
185, 119694, 1.37607, -0.500048, 3.07652, 0.000600601, -0.00298588, 0.00317549, 
186, 120999, 5.67958, 9.19418, 1.14627, -0.000161662, 0.00405497, -0.00240159, 
187, 52698.3, -1.13984, 2.43474, 1.70566, -0.000204022, -0.00618179, 0.00425469, 
188, 105467, -4.67796, 3.78643, 0.925532, 0.00705494, 0.000566641, -0.0087347, 
189, 99748.4, 0.170283, 1.99927, 0.857925, 0.00327377, -0.0124724, 0.00621019, 
190, 77133, -4.32578, 2.63108, -0.897215, 0.000163611, -0.000461303, 0.00395183, 
191, 178804, 0.826689, 1.39903, 7.30476, 0.00219738, 0.00838866, 0.00270258, 
192, 8685.6, -0.258992, 4.38761, -3.85233, 0.00111734, 0.000136814, -0.00411396, 
193, 256954, -5.17854, -1.86846, -4.24441, -0.000191173, 0.00782516, -0.000877601, 
194, 53540.6, -7.05342, 6.06913, 0.323639, 0.00236616, -0.00209549, -0.0051675, 
195, 220652, -1.60346, 1.29339, 6.80374, 0.00136629, 0.00226009, 0.00362521, 
196, 10258.1, -4.37016, -6.39469, 3.09116, 0.00165788, -0.00512458, 0.00380767, 
197, 6083.3, 1.23451, -1.02225, 3.60772, -0.00396021, -0.00816208, 0.00894826, 
198, 127562, -3.99001, 1.33152, 1.10416, 0.00751336, 0.0104983, -0.00365303, 
199, 34766.2, -6.5914, -0.00609614, -1.31475, -0.0122442, -0.000540654, -0.00103386, 
