ID, Mass [kg], pos_0 [m], pos_1 [m], pos_2 [m], vel_0 [m/s], vel_1 [m/s], vel_2 [m/s], 
0, 5682.38, -36.5757, -19.888, -10.3615, -0.00158473, -0.00303387, -0.00128674, 
1, 51291.5, -42.7104, -32.0416, 43.9134, -0.0040518, -0.00366985, 0.00491639, 
2, 73779.3, 6.38072, 2.65861, 0.300317, 0.00476872, 0.00193574, -0.00405263, 
3, 9731.99, -7.44746, 33.4871, 23.8919, -0.000460499, 0.00271858, 0.000202001, 
4, 104587, 1.96009, -1.49562, 2.62411, -0.00478524, -0.00894591, -0.0016094, 
5, 42215, 1.00098, 0.205534, 1.35734, 0.00244674, 0.010596, -0.00173407, 
6, 57220.4, 33.8178, 29.4529, -35.9033, 0.00289279, 0.00410791, -0.00273545, 
7, 44855.5, 0.992325, -8.9095, 3.51119, -0.00119674, 0.00136884, 0.00199813, 
8, 276797, -1.22573, -2.27909, 3.58497, -0.00461075, -0.00432544, 0.00383526, 
9, 2643.18, -2.82822, 4.88199, 4.52087, 0.00297477, -0.00366376, 0.00340556, 
10, 33961.7, 5.14613, -12.3935, -1.88956, -0.00209481, 0.00315129, 0.00274896, 
11, 8691.35, -9.80977, 64.8669, -55.8851, -0.000377328, 0.00597655, -0.00584127, 
12, 141682, -6.21978, 5.06544, 6.71631, 0.00216039, -0.0018492, 0.00107505, 
13, 288611, -10.2204, -13.9332, 3.89344, 0.00373149, 0.000592999, 0.0013229, 
14, 512847, 1.05005, 0.130233, 3.26938, 0.00531148, 0.00115946, 0.00454225, 
15, 15651.7, 7.06752, 14.2238, -6.73077, 0.00133852, -0.00080741, 0.000244372, 
16, 182451, 28.6076, -20.3965, 53.2752, 0.00340441, -0.00157828, 0.00418898, 
17, 62197.8, -13.5279, -7.01089, -0.893283, 0.00294073, 0.00154726, -0.00134452, 
18, 185440, -11.7965, -17.1836, 2.80392, 0.00286957, 0.00143109, -0.000850283, 
19, 36701.4, 36.7385, 54.5749, -51.5908, 0.00389412, 0.00543516, -0.00524277, 
20, 106936, -74.3762, -43.5505, 21.5051, -0.00752835, -0.00448554, 0.00215781, 
21, 161838, 1.07487, -4.03166, 1.54797, 0.000524641, -0.00302447, -0.00173799, 
22, 144875, 3.32877, 11.2315, 6.21061, 0.000573316, -0.00152401, 0.000466822, 
23, 100936, 1.79503, 20.4012, 6.4365, -0.000885566, -0.00208107, -0.00192226, 
24, 95186.1, 48.9138, 41.5491, 39.9176, 0.00496063, 0.00347791, 0.00347688, 
25, 151808, 37.8421, -28.4987, 58.7388, 0.00432656, -0.00244955, 0.00569422, 
26, 118354, -1.07241, 4.21061, 5.06487, 0.000984712, 0.000113307, -0.00666883, 
27, 149234, 5.09537, 4.33473, 3.32241, 0.00524829, 0.000588292, -0.00331082, 
28, 9985.68, 7.61099, 9.64389, -0.9677, -0.00365467, -5.32151e-05, 0.000939356, 
29, 180895, -9.78255, -5.05931, -5.29779, -0.000716431, 0.00166862, -0.000962339, 
30, 486.041, -5.5507, -3.86158, 3.74131, -0.00540777, 0.000419386, -0.00210021, 
31, 70262.9, 1.35994, -1.98619, 2.24557, 0.00443176, -0.00920418, 0.00707113, 
32, 45902.1, -5.3038, 14.1437, -1.30898, 0.00138472, -0.000456912, 0.00119224, 
33, 24444.7, -2.80247, 10.5118, -3.66192, 0.00367364, -0.00112552, -0.00198661, 
34, 65679.9, -1.24996, -13.7396, 5.46829, -0.000955797, 0.00119791, 0.00193994, 
35, 3309.29, -12.1501, -33.2639, -7.63375, 0.00135399, -0.00304439, -2.98577e-05, 
36, 8280.38, -49.4524, 50.6776, -23.6501, -0.00438134, 0.00486677, -0.00302032, 
37, 94538.9, -1.12597, 4.41391, 5.55068, -0.00146631, 0.00483207, 0.00103999, 
38, 30213.7, 72.8288, -16.0252, -11.5566, 0.00804693, -0.000899151, 4.45301e-06, 
39, 53471.9, 3.4954, 4.71767, 5.29756, 0.00412363, -0.00707794, 0.00575835, 
40, 43100.3, -19.9774, 27.3385, -28.2478, -0.000783543, 0.00156029, -0.00205405, 
41, 44746.6, 16.6598, 39.2823, 4.89524, 0.00105552, 0.00242475, -0.0012096, 
42, 34053.9, 0.281555, 26.6863, 45.3264, -0.000390362, 0.00260452, 0.00352845, 
43, 54380.2, 3.84998, 3.45387, 0.869587, 0.00679453, -0.00401943, -0.000934906, 
44, 38723.2, 24.3693, -5.61875, -35.1963, 0.00122291, 1.79456e-05, -0.00269455, 
45, 2321.23, -10.4869, -16.2275, 0.671891, 0.00196529, 0.000439936, 0.00161988, 
46, 241169, -4.89696, 1.10543, 2.03284, -0.00294515, 0.00367675, -0.00283982, 
47, 344827, 3.72148, 2.79784, 0.377969, 0.00362115, -0.00225488, -0.000233091, 
48, 39271.1, -3.08557, 7.84996, 2.08092, 0.00469055, 0.00172711, 0.000624499, 
49, 19687.8, -60.7786, 54.8721, -25.8911, -0.00628819, 0.00591564, -0.00339892, 
50, 61216.8, -1.35869, 5.10844, -1.39809, -0.00130259, 0.00242269, -0.00847804, 
51, 19182.2, -44.6433, 63.7744, -41.1184, -0.00432847, 0.00671246, -0.00471311, 
52, 12420.5, 9.8782, 1.66966, 5.93363, 0.00275201, -0.000853536, -0.00416958, 
53, 85447.4, -74.916, -7.30059, -32.4431, -0.00738094, -0.000759367, -0.00300686, 
54, 361436, 1.48611, 0.587699, 3.96062, -0.0036463, -0.00205678, -0.0056606, 
55, 158926, 22.553, 11.0414, -30.5019, 0.00177394, 0.000754685, -0.00113585, 
56, 49282.6, -26.8244, 49.7069, -53.7629, -0.00177139, 0.00483998, -0.00592951, 
57, 218355, 3.75757, -1.44284, 1.3201, -0.00244116, 0.00133269, 0.00357383, 
58, 22371.5, 74.2485, -19.8619, -13.1577, 0.0083577, -0.00165473, -0.000854736, 
59, 55919.9, -16.2569, 32.6921, -44.8376, -0.000297857, 0.0020277, -0.00363353, 
60, 21598.8, 3.27676, 5.60174, 6.49729, 0.00410529, 0.00400487, 0.00342785, 
61, 398.952, 0.207366, 4.85986, -0.704241, 0.00344439, -0.00794527, 0.003916, 
62, 1108.92, 5.34329, -7.01703, 48.815, 0.00073198, -0.000323338, 0.00323755, 
63, 108555, 9.58136, 3.04891, 6.4079, -0.00117238, 0.0038851, -0.00131399, 
64, 244863, 11.4263, -5.04423, 22.8084, -0.000536417, 0.000160068, -0.00119517, 
65, 220694, -25.4475, 47.4309, -41.2311, -0.00160005, 0.00446146, -0.00402148, 
66, 61700, -4.91362, 65.0698, 29.9613, 7.71169e-05, 0.00600021, 0.0025848, 
67, 55388.9, -41.0416, 11.971, 31.8717, -0.00388999, 0.00100094, 0.00306762, 
68, 211156, 0.343622, -0.181401, 3.247, -0.0013316, 0.00472218, -0.00106038, 
69, 12720.6, 4.88048, 10.4727, 5.22528, 0.00171842, 0.00379046, 0.00262364, 
70, 25096, 0.874966, 18.5281, 11.3562, -0.0016623, 0.00201945, 0.0012407, 
71, 179870, -7.29961, -6.76684, -1.01601, -0.00138704, -0.00151816, -0.00255426, 
72, 79123.8, -59.1419, -16.7177, -4.0208, -0.00435996, -0.0012751, -0.000498809, 
73, 110870, -1.22856, -1.34875, 5.33274, 0.00339628, -0.008039, -0.00203907, 
74, 43359.1, 22.8111, 39.1253, 21.2157, 0.00102577, 0.00411308, 0.0004582, 
75, 140124, 1.54863, -3.21539, 5.79634, -0.000730532, 0.00330733, -0.000687548, 
76, 229268, -16.6337, 27.4475, -31.6891, -0.000629746, 0.00142155, -0.00168258, 
77, 302149, -1.28577, 4.68268, 3.72097, -0.000809562, 0.00584547, -0.001568, 
78, 100708, -10.4198, -13.109, 2.67371, 0.00112572, 0.000102866, 0.00279823, 
79, 46633.4, 4.55927, 2.92909, 1.53489, 0.000284525, 0.000187318, -0.00939518, 
80, 143926, 3.29417, 13.5203, -0.198581, -0.00308583, 0.00230765, 0.00260137, 
81, 270.261, -51.3356, 8.67756, 21.9498, -0.00366198, 0.00048909, 0.00139019, 
82, 159650, 7.04257, -5.91056, -1.13513, -4.85474e-05, -0.00131057, -0.00177819, 
83, 24756, -1.75923, 6.5016, 3.45284, 0.00567689, 0.00387749, -0.000266886, 
84, 18375.3, 3.10818, 10.3355, -0.216896, 0.00470264, -0.000355186, -0.00114336, 
85, 491877, 58.0239, -18.0249, -20.6865, 0.00563176, -0.0012844, -0.0015848, 
86, 194807, -1.52945, 0.797891, 0.141254, -0.00634641, 0.00121071, -0.00116524, 
87, 8649.23, 7.18143, 12.5648, 1.08281, -0.00448205, -0.00103492, -0.00207307, 
88, 138901, -3.49363, 0.424113, -0.877598, 0.00652346, 0.00562448, -0.00372326, 
89, 50202.9, 1.2792, 5.3202, 5.6643, 0.00419845, 0.00215231, 0.00444247, 
90, 98321.9, 5.6229, 15.9446, -12.5519, 0.000156854, 0.000884362, -0.00049665, 
91, 384069, 1.65612, 3.61157, 2.50855, -0.00235499, 0.000406408, 0.00458466, 
92, 81279.9, -9.06096, -4.21018, -2.84134, 0.00296068, 0.00407375, 0.000266657, 
93, 91375.2, 2.36332, 3.57831, 0.768332, -0.00048841, -0.000990602, 0.00528905, 
94, 5476.7, -11.748, -21.0042, 8.83761, 0.000552755, 0.000430513, -0.000415457, 
95, 33452.5, -11.0362, -7.37972, 0.893484, -0.00157939, 0.00174502, 0.000490956, 
96, 25752.1, -53.2897, -17.9739, -16.293, -0.00581285, -0.00231748, -0.00197641, 
97, 200797, -0.370284, -1.60057, 2.28785, 0.00113622, -0.000167269, -0.00365458, 
98, 298981, -0.243217, -2.07399, 4.48697, 0.00435642, 0.00373369, -0.00332115, 
99, 93146, 2.46115, 4.19042, 1.1901, 0.00689388, -0.0088662, 0.00247187, 
100, 8612.85, -15.4464, 12.7161, -18.1356, 0.000924684, -9.25745e-05, 0.000369728, 
101, 24343.5, 2.11268, -8.27338, 7.47495, -0.000645965, 0.000534849, 0.00212888, 
102, 10296.7, -1.5475, 5.29746, 0.738268, 0.00435662, -0.00802192, 0.00534905, 
103, 15719.8, -4.27257, 2.9211, 11.0437, 0.00306687, 0.00122635, -0.0054539, 
104, 230040, 0.453644, 1.37162, -2.84481, 0.000543084, -0.00315425, -0.00166425, 
105, 17846.1, 11.7046, 15.8642, -4.92116, -0.000903235, 0.0035566, -0.00011988, 
106, 22216.6, -15.2527, -5.36522, 5.36518, 3.21387e-05, 0.000413622, 0.000890085, 
107, 98486.7, 2.58912, 15.9001, 7.59871, 0.000316007, -0.00182228, -0.00394105, 
108, 214214, -61.9821, 0.184812, -49.9631, -0.00640766, 7.94656e-05, -0.00527318, 
109, 131614, 2.03697, 2.98405, 3.54883, -0.00181276, 0.00624451, -0.00189596, 
110, 160023, 1.54671, 0.993779, 2.27143, 0.00107783, 0.00292973, 0.00099047, 
111, 115735, 1.9326, -3.77811, 1.76168, -0.00343954, 0.00472403, -0.00126583, 
112, 378585, 32.4083, 13.0641, -46.1125, 0.00270909, 0.00186639, -0.00390287, 
113, 83295.8, -27.9461, 10.4917, -1.21454, 0.00039152, 0.000869172, 0.000768208, 
114, 148827, 13.1387, -0.49773, 3.24573, -0.00284265, -0.00170295, 0.000162687, 
115, 285284, -2.96904, -38.3811, 58.2449, -3.60297e-05, -0.00398048, 0.00548283, 
116, 515864, 1.33237, 1.55517, 1.11631, -0.000146294, -0.000887103, 0.00218562, 
117, 88363.5, 2.54185, -14.1071, 17.1113, -0.00133213, -0.000142952, -0.00197326, 
118, 155064, 21.8955, 18.1108, -4.6986, 3.96661e-05, 0.00149193, -0.00236996, 
119, 18098.3, 3.86291, 0.27585, 3.08677, 0.000746375, -0.00938509, -0.00416948, 
120, 34391.6, 61.9842, -25.9837, -10.0567, 0.00614302, -0.00190672, -5.11068e-05, 
121, 78154, -2.78622, 5.42804, -2.40581, -0.00104056, -0.00648095, 0.00284445, 
122, 10497, 2.07437, -2.97455, 0.968186, -0.00114316, -0.00464259, -0.00159995, 
123, 59058.1, 0.206606, 11.9406, 7.50663, 0.00205766, -0.0049091, -0.000544083, 
124, 5646.35, 6.43337, 5.89341, 4.32118, 0.00521626, -0.00399685, 0.00132876, 
125, 103346, 8.85693, -4.20922, 1.76919, 0.00142562, -0.00213833, -0.00415938, 
126, 64702.5, -72.3619, 0.542185, 25.8915, -0.00704693, 6.45871e-05, 0.00305669, 
127, 199056, 1.92444, 2.73936, 0.241735, 0.000945773, -0.00753641, 0.0063742, 
128, 192649, 0.948468, -2.4057, 0.194585, -0.000750785, 0.00117245, -0.00213508, 
129, 1707.71, 1.90431, -1.39427, -1.54288, 0.000379922, 0.00829812, -0.00248494, 
130, 19869.9, -0.141529, 2.28527, 3.6187, 0.00575907, 0.00358843, -0.00235109, 
131, 143979, 2.09975, -0.440841, 0.368756, 0.00310161, 0.00206982, -0.00831934, 
132, 37850.6, -87.5044, 42.1936, -22.8352, -0.00956656, 0.00431367, -0.00225737, 
133, 50031.5, -0.0280301, -0.532328, -0.0870101, -0.00594737, 0.00140983, 0.00358303, 
134, 369068, -14.6641, 2.61807, -6.86037, 0.00350768, -8.55474e-05, 0.00148578, 
135, 3806.98, -3.09327, -7.78668, -0.407081, 0.000187456, 0.00640045, 0.000967803, 
136, 64591.7, -2.50457, 2.36909, 6.18604, -0.00264661, 0.00743351, -0.00403944, 
137, 1688.15, 1.30276, -22.0433, 10.6101, 0.00235893, -5.69971e-05, 0.000335905, 
138, 439943, -0.546723, -1.6608, 0.388555, 0.00666618, -0.00376204, 0.00641554, 
139, 72054.1, 3.75802, 3.72942, -0.0702148, -0.00452349, 0.00659212, 0.00345141, 
140, 10511.3, -4.66531, -22.9023, 28.2721, -0.000137013, -0.00139905, 0.000572596, 
141, 28560.6, -6.58133, -12.1399, 4.58942, -0.00315031, 0.000584286, 0.00180851, 
142, 92270.6, -0.835207, -6.12396, 4.96555, -0.00273894, 0.00486682, -0.000157046, 
143, 57507.6, -57.3075, 18.5569, 35.2849, -0.00530627, 0.00179451, 0.00330004, 
144, 106955, 1.90202, 0.29277, 1.65809, 0.000218652, 0.00370149, -0.0131595, 
145, 53021.1, 1.12329, 4.30943, 0.70382, 0.000519129, -0.00556862, -0.00465196, 
146, 127593, -3.9682, -6.9568, 7.02889, 0.00500751, -0.00111814, 0.00069893, 
147, 31386.3, 3.93307, -2.43702, 1.23973, -0.00253932, -0.000973235, 0.00262932, 
148, 89613.6, 2.40473, 5.83619, -19.0821, 0.00229714, -0.00273743, 0.000720228, 
149, 251415, 11.8929, -2.15931, 13.8448, -0.00169188, 0.000319836, -0.0035349, 
150, 55890.6, 11.478, -6.0093, 2.97539, 0.00100279, 0.00507499, 0.00081283, 
151, 174949, -0.539697, -0.379589, -0.0492472, 0.00812234, -0.00804258, -0.000597721, 
152, 66072.8, 0.468674, 1.06083, 4.05285, -0.00514982, 0.00410278, -0.0117458, 
153, 19075.8, -6.54679, -6.04909, 20.3006, -0.000602734, 0.000345676, 0.00106513, 
154, 47261.5, 10.0807, 11.4963, -4.76649, -0.00144531, 0.000691834, -0.00174224, 
155, 102102, 4.9522, -0.32322, 0.332391, -0.0056817, -0.000941597, -0.000203367, 
156, 5375.03, -4.15674, -3.83563, 10.1029, 0.00397133, -0.000319005, -0.000511098, 
157, 3761.7, -8.86361, 8.5858, 8.87288, -0.00126533, 0.00365548, -0.000485775, 
158, 7652.65, -2.61198, -0.417259, -8.78441, -7.0396e-05, 0.0011234, -0.00193973, 
159, 47070.1, 0.846835, -2.21037, 1.59982, 0.00169088, -0.00248209, -0.001743, 
160, 17972.9, 1.06497, -1.55194, 2.66531, 0.00919188, 0.00595114, 0.00155485, 
161, 218629, 7.39305, 15.0095, -0.482139, 0.00229579, 0.00305344, 0.000263968, 
162, 138887, 3.15507, 1.71163, -2.26229, 0.00255833, -0.00430759, 0.00151198, 
163, 33277.3, 5.94028, -10.5376, 10.1985, -0.00340199, 0.00239202, 0.00201268, 
164, 167891, 1.60854, -0.407595, -2.65999, 0.005285, 0.00431077, 0.00193377, 
165, 62570.5, -2.4273, -68.6149, -16.7663, 0.00023018, -0.00664558, -0.00167694, 
166, 38130.4, 15.9334, 58.1984, 31.2917, 0.00202197, 0.00502627, 0.00255088, 
167, 22403.8, 11.0966, -26.3291, 47.0236, 0.00129429, -0.00251346, 0.00324112, 
168, 1479.59, 34.7254, 21.5865, -49.7736, 0.00358191, 0.00246345, -0.00452477, 
169, 20399.9, 1.90916, -44.7402, 52.2337, 0.000118853, -0.00496614, 0.00444798, 
170, 115854, 0.663141, -1.06023, 1.53342, -0.00397871, 0.00261892, 0.000498772, 
171, 27762.9, -0.106638, -4.24779, 2.81885, 0.000480951, 0.00197482, 0.00312546, 
172, 250928, 0.160918, 0.285186, 5.15604, 0.000140251, -0.00386359, 0.00932784, 
173, 74469.2, -51.8095, 36.9486, -15.6369, -0.00466268, 0.00458797, -0.00157634, 
174, 143481, -67.7637, 47.5888, -32.4784, -0.00689401, 0.00500328, -0.00363784, 
175, 27145.1, -1.83108, 0.482242, 0.333771, -0.00434661, 0.00160691, 0.00441737, 
176, 32620.6, -3.92711, 2.77654, 0.441959, -0.000400096, 0.0052242, 0.00216063, 
177, 52575.7, 0.05492, -43.0876, 75.1624, -4.51479e-05, -0.00465731, 0.00814008, 
178, 19746.4, 1.12697, -1.25583, 1.84817, -0.0013997, -0.00949082, 0.00653722, 
179, 33623.1, -15.8628, 6.63046, 2.53682, 0.0032561, 4.05151e-05, 0.00215825, 
180, 50349.8, -58.8188, -38.8752, -30.5172, -0.00560932, -0.00375293, -0.00283736, 
181, 89376.8, 10.5102, -8.41759, 2.50471, 0.00110973, -0.00426361, -0.00164025, 
182, 42160.2, 1.65727, -0.82553, 67.7715, -3.77564e-08, -5.16781e-05, 0.00664362, 
183, 100544, -23.9711, -18.2338, 3.43637, 0.000782478, -0.000744917, 0.00128273, 
184, 1446.88, -0.90624, 0.0445336, 5.35287, 0.00488969, -0.00766626, 0.00279883, 
185, 119694, -4.70906, -3.42449, 4.73517, 0.00101896, 0.00488964, -0.00214608, 
186, 120999, 0.112632, 2.01423, 0.394038, -0.0112884, 0.00173401, 0.000373281, 
187, 52698.3, -6.93543, -0.151411, 6.01433, 0.00508266, 0.00108425, 0.000749519, 
188, 105467, -5.7738, 4.17663, 1.16764, -7.23203e-05, 0.000711459, -0.00488212, 
189, 99748.4, -8.33222, -41.2782, 22.0397, -0.000870215, -0.00291637, 0.00139733, 
190, 77133, 0.396975, -1.10192, 4.82577, -0.000850499, 0.000680125, 0.00152058, 
191, 178804, 0.135594, 4.61123, 1.00674, -0.00321075, -0.000733656, -0.00744203, 
192, 8685.6, 2.57702, -0.588546, 4.46022, 0.00490573, -0.000183972, 0.00481547, 
193, 256954, 20.6985, 4.73127, 29.3428, 0.00224827, -0.00145575, 0.00154696, 
194, 53540.6, -3.75454, -0.453966, -4.9402, 0.000685874, -0.00121458, -0.00207353, 
195, 220652, 5.75739, 1.51841, 2.86609, -0.00431928, 0.00212089, 0.00337801, 
196, 10258.1, -10.6101, 3.66089, 0.598813, 0.000782365, -0.00236489, 0.00125059, 
197, 6083.3, -22.7604, -9.93808, 19.9443, -0.000956034, 0.000567132, -0.000344616, 
198, 127562, -0.447132, -0.815619, 1.79233, -0.00699189, -0.0112803, 0.00215211, 
199, 34766.2, 3.93792, -0.128548, 10.7945, -0.000973818, -0.000955722, 0.00225974, 
