ID, Mass [kg], pos_0 [m], pos_1 [m], pos_2 [m], vel_0 [m/s], vel_1 [m/s], vel_2 [m/s], 
0, 137515, 1.80165, -29.9466, 75.689, 8.4594e-06, 5.63049e-06, -2.67115e-05, 
1, 129808, 65.3497, -8.80031, 58.5698, -1.82513e-05, 3.85194e-06, -1.38291e-05, 
2, 25205.6, 19.7943, -9.40344, 67.3175, -1.98713e-05, -5.06549e-08, -2.68246e-05, 
3, 108079, 7.14157, -80.1907, 94.922, -5.03143e-06, 1.9285e-05, -2.904e-05, 
4, 287972, -7.22772, -94.9806, 70.4031, -2.52712e-06, 3.18424e-05, -1.77178e-05, 
5, 71126, -16.2078, -95.1971, -1.01512, 2.96918e-06, 4.15597e-05, 2.10463e-07, 
6, 4174.4, 52.4381, -74.2121, 32.5569, -1.05723e-05, 3.95363e-05, 3.33737e-06, 
7, 139305, 67.2205, 59.5798, 73.3137, -2.02504e-05, -7.52837e-06, -1.9257e-05, 
8, 48371.9, -73.8431, 49.501, -65.9637, 9.22092e-06, -1.28611e-05, 1.08272e-05, 
9, 57312.9, -15.6749, 78.6748, 33.5846, -1.69045e-05, -4.70384e-05, 1.18419e-05, 
10, 11575.5, -45.2199, 38.0874, -49.1315, 7.10368e-06, -7.89686e-06, 1.43156e-05, 
11, 71739.6, 90.3569, -82.3234, 52.0195, -1.40087e-05, 1.02961e-05, -8.53139e-06, 
12, 17509.7, 61.0366, -87.5294, -58.0407, -1.12474e-05, 2.67416e-05, 1.43285e-05, 
13, 133974, -62.5617, -36.1743, -76.1385, 1.71101e-05, 8.89082e-06, 2.24509e-05, 
14, 250202, 85.2539, -42.2331, 11.3479, -4.09076e-05, 1.39246e-05, -8.19478e-06, 
15, 46378.9, -11.0323, -53.6618, 61.0396, -5.23787e-06, 1.01832e-05, -3.75552e-05, 
16, 22823.5, -52.19, -63.6471, -6.57077, 1.84052e-05, 2.85982e-05, 9.29446e-06, 
17, 20354.1, -49.5982, -92.8896, -64.3323, 4.42877e-06, 2.74944e-05, 1.75317e-05, 
18, 39959.8, -92.097, -59.8221, 6.77876, 3.70249e-05, 1.98991e-05, -3.40226e-06, 
19, 19296.8, -96.1578, 57.0591, -76.9272, 2.83701e-05, -3.69211e-05, 1.59209e-05, 
20, 35787.8, -5.52246, -61.9452, -46.6224, 1.02509e-07, 1.6615e-05, 2.45047e-05, 
21, 248730, 12.0901, -29.9498, 79.8074, -1.21086e-05, 3.81062e-06, -3.48676e-05, 
22, 43584.3, 16.5477, 91.6816, -9.63941, 1.78255e-07, -3.42304e-05, 3.56519e-06, 
23, 138678, 24.0825, -11.4709, 40.3456, 2.23312e-06, -1.21816e-06, -6.34543e-07, 
24, 51133.8, 4.68748, -66.7735, -38.1779, -8.78196e-06, 2.43346e-05, 2.41392e-05, 
25, 193501, 1.22504, -61.299, -8.35198, 2.21467e-05, 7.98082e-06, 2.91029e-05, 
26, 54996.2, -3.65489, 93.5019, 2.55278, 7.50724e-07, -3.52125e-05, 2.44888e-06, 
27, 66545.9, 76.2549, 2.1523, -84.9223, -1.98616e-05, -1.04686e-05, 2.51169e-05, 
28, 106302, -90.9505, -9.11281, 75.4201, 3.89012e-05, 7.28352e-06, -1.39429e-05, 
29, 84850.3, -55.9477, -13.511, -30.5361, 1.42578e-05, -5.83464e-06, 1.02304e-05, 
30, 8237.03, 42.9443, -34.6996, -98.9575, -2.44786e-05, -1.16196e-05, 3.47983e-05, 
31, 9803.33, 61.1975, -22.4274, 4.55749, -1.48582e-05, 1.15076e-06, -1.40522e-07, 
32, 5929.48, 9.61835, -65.4564, -73.8709, -1.68133e-06, 1.80798e-05, 2.47568e-05, 
33, 7537.52, 21.3912, -0.03281, -91.9832, -6.7192e-06, -2.18177e-06, 3.23196e-05, 
34, 31516.4, -50.7744, 57.1431, -48.0524, 1.65154e-05, -1.65002e-05, 3.11622e-05, 
35, 35119.7, -56.7797, -29.2328, -91.3276, 3.33926e-05, -1.71217e-05, 5.95519e-05, 
36, 15174.3, -21.6947, -84.4783, 0.110481, -4.12933e-07, 3.97885e-05, -3.01289e-06, 
37, 19242.7, 22.6641, 90.0767, -28.8418, 4.00103e-06, -3.10993e-05, 8.70047e-06, 
38, 62638.4, 75.4623, 37.6836, -4.96355, -3.28926e-05, -7.73145e-06, -2.83363e-06, 
39, 111738, 95.9823, 89.7948, -52.7017, -2.47443e-05, -2.43795e-05, 7.20291e-06, 
40, 18148.4, -40.7047, 33.907, 93.0274, 1.14101e-05, -4.73103e-06, -3.38152e-05, 
41, 30057, -11.5326, 34.047, 87.1317, 2.35948e-06, -5.74061e-06, -2.68782e-05, 
42, 380089, 48.1959, 71.8449, -1.24371, 3.02969e-05, -3.1243e-05, 7.60903e-06, 
43, 77763.3, 34.108, 5.18619, -11.9469, 1.5313e-05, 4.50337e-05, 2.73065e-05, 
44, 97610.9, -18.1898, 55.1505, 26.6548, -1.01723e-05, 1.2579e-05, 9.37126e-06, 
45, 198829, 94.6594, -4.80251, -15.7634, -3.66039e-05, 4.02237e-06, 1.05425e-05, 
46, 37023.3, -30.436, 40.782, -84.6137, 5.99118e-06, -8.77482e-06, 2.15812e-05, 
47, 141930, -94.7764, -74.8009, 72.009, 3.28584e-05, 2.81805e-05, -1.64172e-05, 
48, 202204, -80.5736, 52.9068, -17.3392, 2.28134e-05, -1.27702e-05, 4.32487e-06, 
49, 94019.2, -75.4375, -68.9855, 33.3189, 2.53067e-05, 1.61779e-05, -3.03721e-06, 
50, 442768, 69.0684, 1.95284, 98.426, -1.26517e-05, -9.40833e-06, -3.29638e-05, 
51, 45488.8, -41.4837, 53.8956, -49.2372, 6.05113e-07, -1.10515e-05, 1.87316e-05, 
52, 34385.9, -10.1647, -85.8031, 37.5432, -7.25393e-06, 3.61924e-05, -6.15689e-06, 
53, 53666.2, -38.46, 82.256, 90.2861, 3.59025e-06, -2.415e-05, -2.36538e-05, 
54, 143486, 39.0739, -53.819, 49.8758, -1.19031e-05, 1.82858e-05, -1.96431e-05, 
55, 106556, 77.6025, 76.215, 74.8443, -2.53021e-05, -2.07782e-05, -1.76184e-05, 
56, 44635.2, 23.3003, 12.5056, -4.09333, -8.66661e-06, -8.25773e-06, 9.21687e-07, 
57, 204597, -69.5918, -46.9703, 93.6456, 2.5739e-05, 1.20393e-05, -3.23541e-05, 
58, 10691, -5.73923, -47.5067, -84.8255, 6.69369e-07, 1.43959e-05, 3.63118e-05, 
59, 53734.9, 5.24257, 14.2503, 66.6599, -5.98007e-06, 7.85086e-06, -2.57226e-05, 
60, 37849.7, -99.8089, -76.8269, 56.7955, 5.49128e-05, 1.91802e-05, -1.18521e-05, 
61, 54185.6, -91.1671, -41.7496, -9.49028, 4.26136e-05, 1.71599e-05, 1.08725e-05, 
62, 47007.4, 55.611, -69.7426, 21.4789, -2.12418e-06, 2.74685e-05, -4.37415e-06, 
63, 36582.8, 44.6231, 27.4953, -2.7244, -9.67606e-06, 2.98786e-07, -1.45591e-06, 
64, 55629.6, 58.707, 61.1894, -59.6041, -1.30024e-05, -2.2317e-05, 2.782e-05, 
65, 97336.5, 63.1187, 90.2269, -52.4844, -7.25949e-06, -2.84949e-05, 1.54671e-05, 
66, 10658.2, 19.0865, 18.433, -75.8836, 3.62996e-07, -6.49578e-06, 2.64845e-05, 
67, 60234.2, 48.858, -94.0402, 33.8545, -9.7991e-06, 3.35918e-05, -4.91063e-06, 
68, 38197.3, 43.4945, 86.5612, 92.7625, -4.34879e-05, -1.63434e-05, -1.04761e-05, 
69, 63284.1, -46.1452, -62.879, 30.3741, 8.608e-07, 9.22269e-06, 3.96711e-06, 
70, 158528, 47.5205, 17.7129, -55.3813, -1.3068e-05, -3.18031e-06, 2.46694e-05, 
71, 64425.1, -73.6467, 70.0851, 54.5305, 2.19797e-05, -2.35149e-05, -1.66178e-05, 
72, 380236, -77.2185, -33.0972, -28.8117, 3.14668e-05, -3.24209e-06, 8.98634e-06, 
73, 53289.3, -16.1149, -85.7592, 38.213, 9.18447e-06, 3.71478e-05, -5.49922e-06, 
74, 243794, 67.506, 94.3981, -2.65509, -1.4561e-05, -3.36455e-05, -1.83705e-07, 
75, 11910.1, -73.1678, 93.3409, 92.0636, 1.81465e-05, -2.48012e-05, -1.59167e-05, 
76, 466762, -88.7151, -69.1072, -72.0351, 2.074e-05, 1.65035e-05, 1.62875e-05, 
77, 57839.7, 9.17697, 9.25631, -88.1958, -2.51624e-06, -4.17197e-06, 3.06113e-05, 
78, 14339.6, -77.1754, -66.2393, 43.9391, 3.04045e-05, 1.7277e-05, 3.9068e-06, 
79, 90317.5, -67.4689, 82.3404, -0.387582, 1.08962e-05, -2.70388e-05, -7.80358e-07, 
80, 16615.5, -19.529, 27.0433, 87.9347, 4.6883e-06, -1.84986e-06, -3.50482e-05, 
81, 130930, 38.9325, 46.9163, 12.5657, -6.69228e-06, -1.69092e-05, -8.1673e-06, 
82, 108317, -9.52561, -57.1939, 88.6828, -2.4281e-06, 1.58461e-05, -3.49486e-05, 
83, 201561, -74.0868, -37.9994, -43.5175, 2.28466e-05, 6.55335e-06, 3.01141e-05, 
84, 6306.69, -67.8485, 99.8802, -79.9652, 9.01607e-06, -2.27165e-05, 1.44763e-05, 
85, 65180.2, 78.895, 81.2852, -25.0818, -2.46399e-05, -3.26428e-05, -1.75767e-06, 
86, 55930.5, -60.9879, 20.7684, 96.7691, 8.12252e-06, -6.44676e-06, -3.45439e-05, 
87, 139684, -71.9206, -47.7084, -29.6626, 2.79186e-05, 4.40476e-05, 4.8502e-05, 
88, 50836.7, -82.376, -27.0783, -21.8564, 4.07491e-05, -7.99859e-06, -2.31648e-06, 
89, 78997.9, 53.7774, -87.7158, 91.3114, -2.69892e-06, 3.49191e-05, 3.04641e-06, 
90, 38581.7, 36.9888, -20.7571, -24.8684, -1.12608e-05, 5.43155e-06, 1.19424e-05, 
91, 77686.4, 39.1617, -32.9012, -13.6316, -1.07772e-05, 5.61391e-06, 8.42979e-06, 
92, 66255.4, 51.1553, 71.6936, -0.596665, -0.000226216, -1.78421e-05, -4.89698e-05, 
93, 336396, -1.4378, 59.1451, 99.1443, -1.23232e-06, -2.0718e-05, -3.40982e-05, 
94, 2093.79, 43.3832, 33.8058, 3.15768, -7.21833e-06, -5.42055e-06, -7.81734e-06, 
95, 2289.27, 18.0668, -30.4524, 14.9556, -9.09155e-06, 5.17563e-06, -2.12188e-06, 
96, 30865, -57.4601, -12.0922, 12.2426, 1.90918e-05, -2.89446e-06, 2.34117e-06, 
97, 107742, 54.5327, -61.0859, -27.538, -2.72392e-06, 2.68789e-05, 1.43078e-05, 
98, 55617.1, 19.1943, -12.6027, -35.3101, -1.98577e-06, 7.05915e-06, 1.51172e-05, 
99, 12862.7, 86.7949, 43.791, -55.2493, -3.14372e-05, -6.15631e-06, 2.52126e-05, 
100, 46508.5, 87.0354, 40.9383, -49.6177, -3.27565e-05, -2.32236e-06, 1.60651e-05, 
101, 127410, 60.3044, 3.08514, 13.5427, -1.69945e-05, -2.10953e-06, -8.73288e-07, 
102, 169976, 7.25536, 25.0618, 67.2955, -2.51214e-05, -1.09808e-05, -2.98802e-05, 
103, 76914, -27.6891, 79.9148, 24.2742, 1.16306e-05, -3.90957e-05, 1.27965e-05, 
104, 101057, 57.4004, -69.6135, 44.8708, -1.22354e-05, 2.13232e-05, -2.07647e-05, 
105, 22990.8, 48.3542, 67.2787, 6.14155, -8.70008e-06, -1.04896e-05, -3.28643e-05, 
106, 27257.4, 2.23039, 30.7813, 37.1857, 2.56483e-06, -3.42647e-05, 6.1344e-06, 
107, 145793, -56.7226, 42.4345, 22.719, 1.84229e-05, -1.02432e-05, 1.52664e-06, 
108, 346607, -20.492, 66.5932, -96.3101, 3.69225e-06, -1.60702e-05, 2.75505e-05, 
109, 83944, -94.6078, -99.8966, 70.3462, 1.85947e-05, 2.4946e-05, -1.07311e-05, 
110, 59788.3, 80.8569, -10.0249, -92.3834, -2.29876e-05, 3.89674e-06, 3.86646e-05, 
111, 167711, 90.7661, -68.2126, -80.8163, -1.72824e-05, 1.12844e-05, 1.72345e-05, 
112, 41198.2, -74.1767, 45.7165, -45.1052, 1.53338e-05, -1.32422e-05, 3.40552e-06, 
113, 210097, 38.6202, -31.6809, -62.0913, 1.5763e-05, -1.01514e-05, 2.16482e-05, 
114, 10567.7, -98.047, 62.6718, 52.363, 2.91699e-05, -1.21861e-05, -6.9655e-06, 
115, 475964, -9.92276, -15.4044, 11.6093, -3.91923e-06, 1.47947e-05, -2.48708e-05, 
116, 96739.3, -91.6043, 12.1523, 52.359, 3.8356e-05, -8.71472e-06, -6.26967e-06, 
117, 10476.1, 34.5983, 14.3844, -0.110098, -1.52418e-05, -8.25974e-06, -2.35186e-06, 
118, 104434, -91.453, -67.2573, 34.9266, 3.67284e-05, 7.5277e-06, -5.53004e-06, 
119, 60825.2, -42.2025, -58.4429, -28.0242, 8.3315e-06, 2.25414e-05, 1.20886e-05, 
120, 71529.3, -11.3098, 75.0464, 62.0838, 8.34714e-07, -2.88986e-05, -1.82415e-05, 
121, 389640, 85.181, -73.4968, 98.8343, -1.72873e-05, 1.22187e-05, -2.03918e-05, 
122, 159565, 79.3469, 11.6556, 34.8529, -1.51991e-05, -6.71994e-08, -1.29988e-05, 
123, 28843.8, 34.7079, 2.21048, 58.6511, -1.26859e-05, -5.03297e-06, -2.70036e-05, 
124, 16629.3, -77.0142, -57.0675, -7.45105, 1.94975e-05, 2.67861e-05, 1.43915e-06, 
125, 21128.3, 8.78424, 69.1825, -11.1036, 3.86528e-05, -5.68258e-05, -5.60977e-05, 
126, 125128, -80.9931, -49.5926, -10.8357, 2.92336e-05, 1.90299e-05, 3.60031e-06, 
127, 2240.06, -85.1563, -56.1998, -55.2664, 2.51724e-05, 1.61408e-05, 1.53857e-05, 
128, 271821, 29.3459, -2.05582, -9.10377, -8.28625e-06, 7.34636e-06, 4.80325e-06, 
129, 309015, -9.33342, -77.6639, -36.4377, -1.78998e-06, 3.28061e-05, 2.00254e-05, 
130, 54512.4, -70.9958, 63.7028, 87.4408, 2.37547e-05, -2.11995e-05, -2.03816e-05, 
131, 137884, 65.954, 68.9616, -29.6716, 3.0547e-06, -4.82147e-05, -2.54032e-05, 
132, 106458, 22.3704, 46.4817, -94.6838, -4.32335e-06, -1.05444e-05, 2.79941e-05, 
133, 4949.06, 9.78942, -92.8822, 0.0192014, -8.29504e-06, 3.62919e-05, 4.84575e-06, 
134, 104404, -0.93234, 41.645, 99.7387, -5.12221e-07, -2.39876e-06, -4.12269e-05, 
135, 508907, 70.5297, -14.1997, 87.8794, -8.93887e-06, 4.26393e-06, -1.83103e-05, 
136, 97919.3, 6.99635, 91.2672, -67.7591, -1.33189e-06, -2.59678e-05, 1.38701e-05, 
137, 19996.6, -3.76779, -65.2254, -60.747, -6.56682e-07, 1.62557e-05, 2.03153e-05, 
138, 9021.02, -90.0884, 74.801, 39.9424, 2.81848e-05, -1.27807e-05, -7.41565e-06, 
139, 24564.3, 22.0848, 99.0182, 94.3717, 6.68311e-07, -3.22146e-05, -2.12759e-05, 
140, 105532, 24.2743, -2.80083, 8.64318, -1.08117e-05, 1.63256e-06, -2.59745e-06, 
141, 102628, -27.5464, -44.993, 18.7219, 1.13998e-05, 1.08407e-05, -4.49368e-06, 
142, 41178.7, 2.8763, 51.0271, -58.5489, 9.38808e-07, -1.33642e-05, 1.77522e-05, 
143, 71851.9, 64.3829, -61.0744, 18.5947, -2.18914e-05, 1.58805e-05, -7.45615e-06, 
144, 125049, -33.771, 68.3992, -82.4975, 6.25459e-06, -1.9332e-05, 3.37293e-05, 
145, 39059.1, 52.3154, 10.5012, 81.6217, -1.92164e-05, -7.54101e-06, -2.96794e-05, 
146, 2222.49, -93.8458, -16.5776, -53.3813, 3.68017e-05, -7.2063e-06, 1.96166e-05, 
147, 1217.31, 86.8977, 53.2072, 3.91613, -3.10132e-05, -1.58362e-05, -3.84269e-06, 
148, 23141.8, -62.3328, -86.411, 11.1998, -1.8902e-05, 5.96839e-05, 1.32828e-05, 
149, 62823, 91.1922, -73.0353, -44.8417, -2.71872e-05, 2.33163e-05, 1.08544e-05, 
150, 45628.3, 20.7762, -57.2277, -78.5681, 2.8923e-06, 1.89588e-05, 2.36214e-05, 
151, 44317.5, 96.1465, -92.8122, 19.2253, -2.1838e-05, 2.30513e-05, 2.81531e-06, 
152, 63313.4, 54.4676, -25.1385, -94.2415, -1.47004e-05, 8.46951e-07, 3.00795e-05, 
153, 78409, -9.024, -89.8371, -15.7984, -1.25825e-06, 4.52514e-05, 5.93685e-06, 
154, 38287.2, -62.2266, -64.9342, -41.8294, 1.79603e-05, 2.18722e-05, 2.13987e-05, 
155, 208087, -10.6214, -60.2826, 49.4396, -3.19749e-05, 1.88743e-05, -2.24387e-05, 
156, 164982, 23.4808, 98.3261, -72.8354, -3.6618e-06, -2.58792e-05, 1.49862e-05, 
157, 75018, -48.632, 51.6724, 38.5165, 2.24112e-05, -1.11645e-05, -5.24564e-06, 
158, 68802.4, -65.7212, 76.5463, -14.0619, 2.76145e-06, -1.95001e-05, 1.45197e-05, 
159, 49822.7, 10.7187, -98.6083, -65.6074, -1.82286e-06, 2.79991e-05, 1.56151e-05, 
160, 47401.1, 50.9403, 64.899, 82.4431, -1.57762e-05, -7.90295e-06, -2.18481e-05, 
161, 134215, 37.9239, -72.2827, -24.4646, -7.9457e-06, 2.99559e-05, 8.52287e-06, 
162, 214775, 29.1861, -43.9595, 70.7196, -1.52352e-05, 1.37133e-05, -2.35865e-05, 
163, 44131.1, 90.4245, -21.3798, 35.1851, -3.34026e-05, 8.28615e-06, -8.38046e-06, 
164, 142856, 37.3621, -39.0917, -99.368, -5.25494e-06, 1.41568e-06, 4.16749e-05, 
165, 23663.7, -72.0822, 58.7139, 25.378, 2.3645e-05, -1.5625e-05, -4.51198e-07, 
166, 411325, -24.8009, 74.9943, 39.7722, 5.26149e-05, -7.28453e-05, 4.51523e-05, 
167, 214652, -13.9761, -54.2585, 42.9774, -4.41625e-06, -9.57669e-06, 1.35084e-05, 
168, 50072.3, 23.493, -27.2837, -46.9225, -6.15457e-06, 5.55571e-06, 1.78318e-05, 
169, 54251.2, 42.0239, 25.1813, -86.9973, -1.89874e-05, -1.93075e-06, 3.2421e-05, 
170, 284812, -26.9722, -38.6809, -44.754, -8.19826e-06, 6.80257e-06, 1.63544e-05, 
171, 13174.9, -22.2528, -30.6557, -47.8042, -9.43615e-06, -8.92161e-06, 2.5356e-05, 
172, 29589.3, 54.3031, -83.256, -38.833, -7.95236e-06, 3.45887e-05, 1.25087e-05, 
173, 10204, -1.54954, -28.4481, 37.0575, 5.41771e-06, 4.69192e-06, -4.6182e-06, 
174, 27018.6, -98.2441, 70.1311, -75.6631, 2.33136e-05, -2.28291e-05, 1.25304e-05, 
175, 105327, 87.7359, -33.6398, 5.34308, -4.07807e-05, 1.72723e-06, 5.44989e-06, 
176, 17302.1, 41.8153, -33.4379, 35.6367, -1.90285e-05, 9.29391e-06, -9.62003e-06, 
177, 34778.9, -65.1933, 82.9128, 92.1209, 1.51871e-05, -1.93694e-05, -2.48555e-05, 
178, 200058, -51.9814, -77.0893, 69.0074, 1.47478e-05, 2.68852e-05, -1.78533e-05, 
179, 20449.3, 48.1504, 27.8335, -44.6541, -1.05196e-05, -6.26016e-06, 1.61966e-05, 
180, 38363.9, 41.3726, -24.3764, 59.9505, -1.99405e-05, 1.07333e-05, -2.24977e-05, 
181, 4318.4, 84.427, -2.35491, 88.726, -2.85744e-05, -3.82904e-05, -3.39226e-05, 
182, 8145.87, -64.014, 24.9121, -23.1535, 1.6721e-05, -1.11674e-05, 6.54618e-06, 
183, 287976, -93.7046, 38.1521, -74.4716, 1.81451e-05, 1.63746e-05, 2.96823e-05, 
184, 298968, -87.1181, -34.4026, 3.67993, 2.72331e-05, 3.34624e-05, -2.5053e-05, 
185, 28313.9, 83.8746, 4.72185, -72.6217, -2.50038e-05, -3.71706e-06, 1.76905e-05, 
186, 110182, 27.0743, -25.0158, 32.6126, -1.32957e-05, 1.32656e-05, 3.10428e-07, 
187, 20030.9, 27.0072, -41.4042, -97.128, -1.69258e-06, 1.42419e-05, 3.71866e-05, 
188, 378122, -57.3329, 60.035, 92.9436, 1.18334e-05, -1.58802e-05, -2.75828e-05, 
189, 102919, 2.56021, 16.8545, 1.40327, -4.2259e-05, -1.38523e-05, 3.09925e-05, 
190, 434.974, -61.5858, -16.8329, -99.6437, 1.51644e-05, -4.36681e-07, 3.41936e-05, 
191, 135004, -72.2351, 79.0065, -9.79752, 1.84488e-05, -2.63098e-05, 4.18174e-06, 
192, 83231.7, 28.3109, 73.0628, -17.6058, -1.93665e-06, -2.8994e-05, 7.31236e-06, 
193, 78884.2, 70.1693, 2.47496, 62.5076, -2.23667e-05, -8.87228e-06, -1.85836e-05, 
194, 57836.8, 47.8027, -34.7009, 8.18103, -8.1802e-06, 3.61189e-07, -2.84418e-06, 
195, 172810, 53.1817, 50.4355, -57.9823, -1.22674e-05, -1.73214e-05, 2.56653e-05, 
196, 25089.9, -60.6698, -79.728, -71.4321, 9.47588e-06, 1.61104e-05, 2.23518e-05, 
197, 14835.9, -96.4545, 9.47543, -67.2008, 4.15598e-05, 6.58399e-06, 1.62874e-05, 
198, 41462.8, 63.9624, 94.2455, -40.7145, -8.31209e-06, -3.5134e-05, 8.17232e-06, 
199, 20225.9, 75.71, 80.2032, -90.9461, -4.57272e-06, -1.03791e-05, 2.87055e-05, 
200, 12558.3, -9.06995, -80.9275, -16.9109, -1.37724e-05, 1.66444e-05, 1.82586e-06, 
201, 21289.3, 0.0144097, 93.3851, -89.9217, 1.09004e-06, -2.49762e-05, 2.2021e-05, 
202, 64252.2, 72.4669, -9.40723, -34.6096, -4.38269e-05, -1.60518e-06, -4.41127e-06, 
203, 24681.2, 64.7574, 33.7626, 91.8413, -1.41199e-05, -1.062e-05, -2.42726e-05, 
204, 47706.2, -5.97845, 51.477, 19.0614, -6.49656e-07, -9.22446e-06, -1.68786e-06, 
205, 106210, 34.8737, -97.5182, -80.0544, -1.13729e-06, 3.02513e-05, 1.41334e-05, 
206, 113180, 1.40788, 45.5641, -3.95611, 3.43031e-06, -1.89651e-05, 8.7423e-06, 
207, 262317, 66.8997, 57.1992, -10.8951, -2.49809e-05, -1.97533e-05, -6.11729e-06, 
208, 15599.7, -66.5628, -12.0599, -93.391, 1.63302e-05, -1.56574e-06, 3.11299e-05, 
209, 38473.4, -72.8974, -74.0909, -24.7256, 3.87001e-05, 2.69392e-05, 8.63848e-06, 
210, 124143, -44.7658, -26.2324, -91.6732, 4.02856e-06, 8.33169e-06, 4.07015e-05, 
211, 73783.2, 26.407, 86.4781, 77.4485, 1.17078e-06, -4.82436e-05, -7.56086e-06, 
212, 255073, 33.1072, 74.616, -45.147, -3.12621e-07, -2.47014e-05, 1.66204e-05, 
213, 38759, -30.2911, -1.06028, -83.5934, 5.28598e-07, -1.12104e-05, 2.7686e-05, 
214, 113047, -84.9107, -48.0363, 21.7351, 2.78266e-05, 1.47961e-05, -5.04222e-06, 
215, 22401.8, 70.7837, -47.0027, -38.6454, -2.63232e-05, 7.0161e-06, 2.01297e-05, 
216, 246490, 4.55865, -24.3827, -36.3774, -2.85033e-06, 4.08157e-06, 1.93262e-05, 
217, 140609, -64.9908, 73.0596, -72.8483, 1.07846e-05, -2.04455e-05, 2.44663e-05, 
218, 81245.9, 23.6954, 47.6704, 50.7166, -1.14239e-05, -1.37545e-05, -1.1511e-05, 
219, 369390, 42.3339, -82.7272, -85.9024, -8.7653e-06, 2.36268e-05, 2.07288e-05, 
220, 228467, 87.2047, 28.9125, 97.2851, -2.0896e-05, -8.3928e-06, -2.13512e-05, 
221, 257664, 66.9422, -87.3897, 53.3211, -1.21403e-05, 2.80713e-05, -1.37827e-05, 
222, 32068, -9.34957, -19.2791, 62.3612, -3.71632e-06, -4.11942e-06, -2.41988e-05, 
223, 433217, -80.3071, 4.56376, -57.0971, 1.81839e-05, -3.60098e-06, 1.34042e-05, 
224, 125891, -6.75819, -81.5212, 6.45792, -5.27208e-07, 3.36932e-05, -1.50238e-07, 
225, 220680, 42.2409, 10.366, 76.1292, -1.24032e-05, -4.67284e-06, -2.88867e-05, 
226, 134233, 56.1121, -48.4597, 69.9784, -1.50997e-05, 1.40718e-05, -2.09915e-05, 
227, 66167.5, -95.5278, 59.9817, -94.757, 2.44177e-05, -1.68288e-05, 2.69235e-05, 
228, 43579.5, 91.1806, 9.54631, -16.6186, -3.53151e-05, -5.89377e-06, 2.62703e-05, 
229, 216618, -64.8478, -15.8001, -2.77088, 1.51248e-05, -6.97025e-06, 1.65467e-06, 
230, 380341, -84.9598, -4.3839, -29.5878, 2.79416e-05, -4.04488e-06, 1.111e-05, 
231, 415059, -91.9088, -21.3267, 21.3575, 3.47734e-05, -4.6592e-06, -5.35791e-06, 
232, 18379.4, -75.9945, -63.0686, 98.0775, 1.92206e-05, 1.56472e-05, -2.945e-05, 
233, 20976.6, -39.8403, 92.9432, 11.6819, 7.81158e-06, -3.28913e-05, 3.21122e-06, 
234, 154875, 0.718396, 3.16936, 49.8437, 1.78113e-06, -2.74793e-06, -1.29018e-05, 
235, 108617, -91.0687, 76.579, -95.7871, 1.42221e-05, -1.88367e-05, 1.98328e-05, 
236, 81481.3, -46.105, -77.168, -49.6794, 1.59518e-05, 2.57102e-05, 2.05886e-05, 
237, 10598.2, -94.9767, -65.381, -94.5388, 1.92191e-05, 1.16188e-05, 2.39458e-05, 
238, 35029.8, -7.22889, 53.8948, 6.9826, 5.78779e-06, -1.54287e-05, 1.07359e-05, 
239, 372523, 71.7611, -60.9959, -25.2531, -2.33066e-05, 3.067e-05, 1.25017e-05, 
240, 133662, -53.7701, -56.5095, -0.722212, 2.44238e-05, 1.29193e-05, 4.42635e-07, 
241, 79156.4, -38.4763, 89.7526, -15.4425, 7.77957e-06, -2.82847e-05, 7.45479e-06, 
242, 3804.72, -26.9254, -50.1596, 61.5597, 9.3602e-06, 8.42728e-06, -2.56964e-05, 
243, 81368.3, -63.4505, 6.30081, 84.907, 1.44251e-05, -9.47489e-06, -4.49857e-05, 
244, 96252, -42.5414, 64.991, 67.0188, 1.00586e-05, -2.58207e-05, -1.84049e-05, 
245, 47732, -64.1127, -44.4752, 52.9253, 2.30393e-05, 9.20856e-06, -9.26778e-06, 
246, 64974.9, -49.14, 9.62218, -64.911, 9.45253e-06, -9.49217e-06, 2.09906e-05, 
247, 230450, 52.7167, 85.3521, 21.6612, -1.22504e-05, -2.91867e-05, -7.27912e-06, 
248, 88008.8, 92.5235, -11.7739, 97.9178, -3.17436e-05, -9.98046e-06, -3.14895e-05, 
249, 13617.7, -44.8324, 26.7505, 9.82207, 1.58439e-05, -9.60706e-06, 1.13263e-06, 
250, 120125, 3.70745, -56.7238, -26.6588, -8.67467e-06, 3.86536e-07, 1.38196e-05, 
251, 12362.1, -74.5352, 76.4214, -12.1887, 4.42638e-05, 4.89583e-06, 3.09157e-05, 
252, 45224.2, -93.2301, 69.0844, 81.5364, 2.46752e-05, -1.6237e-05, -1.69035e-05, 
253, 82287.7, 34.3877, -76.9399, 37.9317, -6.50319e-06, 3.63588e-05, -2.03008e-05, 
254, 138222, 22.0044, 37.0845, 93.6958, -1.35518e-05, -2.04386e-06, -3.28728e-05, 
255, 15408.6, 64.7552, -9.5179, 45.9864, -2.15627e-05, 5.75219e-06, -7.4434e-06, 
256, 262620, 42.5465, 42.4142, -59.3055, -1.93189e-06, -9.85602e-06, 2.4688e-05, 
257, 215587, 36.7025, 74.6107, 34.4099, -9.80606e-06, -2.62524e-05, -3.65546e-06, 
258, 25813.3, 40.2494, 30.7521, -63.3525, -5.48521e-06, -1.32645e-06, 2.83263e-05, 
259, 15745.2, 86.6052, 47.1193, -78.3946, -1.65437e-05, -5.37538e-06, 1.70027e-05, 
260, 135926, 36.6315, 21.3695, 67.122, -1.16781e-05, -1.36723e-05, -2.35585e-05, 
261, 52909.9, -11.9275, -82.8284, -17.3581, 1.11814e-05, 3.23216e-05, 8.55426e-06, 
262, 101496, 12.0878, -31.0114, -93.0284, 7.18278e-06, -1.43446e-06, 3.71027e-05, 
263, 182098, -40.3409, -73.8679, -37.4242, 7.91728e-06, 2.5494e-05, 1.42081e-05, 
264, 65149.9, -36.8026, -69.0508, 66.8273, 7.96242e-06, 1.04033e-05, -1.73786e-05, 
265, 34432.1, -32.4074, -56.495, 96.4069, -5.36582e-06, 2.82743e-06, -3.23246e-05, 
266, 96075.2, 87.6444, 27.9249, 15.3055, -3.07082e-05, -1.29733e-05, 6.08526e-06, 
267, 65976, -21.7523, 41.1641, -24.2961, 7.86181e-06, -1.58655e-05, 1.33889e-05, 
268, 139009, 53.6691, -34.4279, -57.2852, -2.93384e-05, 2.79932e-06, 1.25764e-05, 
269, 10532.1, -80.3832, 29.59, 43.0474, 3.85526e-05, -1.56115e-05, -5.1903e-06, 
270, 1403.98, -47.1481, -12.8801, 77.9953, 7.42043e-06, 3.23365e-06, -3.26893e-05, 
271, 27452, -40.6311, -51.9949, 68.4784, 6.69056e-06, 1.99572e-05, -2.30089e-05, 
272, 463503, -93.5222, 44.408, -63.649, 2.0647e-05, -1.34462e-05, -2.48632e-06, 
273, 242226, -99.2537, -76.7709, 99.7727, 1.91076e-05, 1.32863e-05, -2.04088e-05, 
274, 77182, -92.6568, -21.1734, -50.8327, 3.30866e-05, 5.26952e-06, 1.40897e-05, 
275, 3167.87, -82.7454, 92.4997, -58.4151, 1.47107e-05, -2.54696e-05, 7.7506e-06, 
276, 76954.1, -1.88482, 43.2147, 90.6396, 4.39257e-07, -6.12655e-06, -1.99376e-05, 
277, 77148.2, 68.874, -20.9018, 26.1396, -2.32057e-05, 3.38893e-06, -1.62341e-05, 
278, 11077.9, 96.2881, -88.9389, -19.0116, -2.39814e-05, 2.57025e-05, 2.12287e-06, 
279, 53815.2, -44.1328, -10.7626, 91.0534, 7.0844e-07, 9.84322e-07, -3.41879e-05, 
280, 162404, 72.0264, -50.4258, 82.7727, -1.70417e-05, 1.08226e-05, -2.01544e-05, 
281, 119239, -26.8525, 76.7035, -76.7751, 3.00247e-06, -2.68051e-05, 1.52633e-05, 
282, 100833, 13.8001, 64.5317, 51.5009, -9.55688e-07, -2.16324e-05, -7.50949e-06, 
283, 445225, -21.7358, 72.3248, 43.5481, -3.82293e-05, 7.00822e-06, -6.55901e-05, 
284, 402229, -76.3685, 31.7185, 81.6112, 2.0596e-05, -9.09266e-06, -1.71494e-05, 
285, 172470, -48.9933, 57.2704, -41.4425, 1.36229e-05, -1.7451e-05, 9.34574e-06, 
286, 402527, -39.369, -34.4303, -22.8829, 2.45596e-06, -1.58274e-08, 7.92219e-06, 
287, 29959, -57.0142, -32.4344, 95.1312, 1.05813e-05, -1.0176e-05, -4.2759e-05, 
288, 146119, -75.7672, 62.8601, 47.5211, 2.88718e-05, -1.34768e-05, -6.42279e-06, 
289, 293714, -84.0106, 33.2881, 98.8065, 2.2361e-05, -1.04972e-05, -3.08203e-05, 
290, 172935, -54.9246, -41.6896, 92.2503, 2.1405e-07, 5.71027e-06, -3.91919e-05, 
291, 62953.5, 42.584, 94.323, -12.7398, -3.94043e-06, -3.45196e-05, 1.30748e-06, 
292, 288936, 83.659, -16.4507, 5.39307, -4.15238e-05, 3.00436e-06, 3.36859e-06, 
293, 20470.5, 6.58887, 42.782, 17.0475, -4.1771e-06, -1.69815e-05, -3.3392e-06, 
294, 85637.7, -13.2352, -51.9662, -20.6165, 5.28735e-06, 1.53102e-05, 1.30776e-05, 
295, 141638, -89.7245, -92.3072, -83.014, 1.60626e-05, 1.95814e-05, 1.53293e-05, 
296, 104480, 5.75109, -73.3014, 37.2174, -1.98565e-05, 3.34504e-05, 3.31053e-06, 
297, 93303.4, 95.5922, 19.9909, 27.6085, -5.2152e-05, -1.57566e-05, -5.17429e-06, 
298, 23735.2, -11.5883, -83.986, -45.6281, 2.97657e-06, 3.91069e-05, 2.94957e-05, 
299, 62958.1, 0.992818, -19.0983, -4.75648, -1.02644e-05, -3.03686e-09, 5.81976e-06, 
300, 72164, -27.1339, 56.7682, 31.3586, 1.43865e-05, -6.95495e-06, -7.9522e-06, 
301, 36870.2, 8.03251, 71.527, -6.14782, 5.22496e-06, -3.61462e-05, -7.90945e-06, 
302, 452783, -60.8731, -72.7507, -23.0641, 1.75371e-05, 2.73119e-05, 8.04755e-06, 
303, 3487.38, -6.38159, 21.3054, -5.22782, 1.27049e-05, -2.64258e-05, 3.93311e-05, 
304, 403027, 54.6593, 34.0913, 33.5702, -1.47176e-05, -1.82555e-05, -8.20803e-06, 
305, 28643.8, -88.604, 66.2713, 72.5173, 2.48393e-05, -1.65173e-05, -1.152e-05, 
306, 9665.02, 33.3032, -90.1226, -76.2507, 2.6219e-06, 2.24995e-05, 6.87431e-06, 
307, 106322, 24.0831, -5.12912, -35.2421, -5.9434e-06, -8.015e-07, 1.2278e-05, 
308, 54457.2, 1.90071, 27.9248, 41.9392, 1.63707e-05, -3.28916e-05, -3.42803e-05, 
309, 48192.6, 38.1981, -81.7517, -47.7686, -7.5479e-06, 3.00172e-05, 1.39335e-05, 
310, 132262, 64.0546, -71.8755, 17.6868, -1.66699e-05, 3.83976e-05, 2.05044e-05, 
311, 39947, -91.5889, 8.70227, -18.844, 3.21892e-05, -1.11066e-05, 1.04105e-06, 
312, 36231, 99.3137, -71.3655, 85.32, -2.5594e-05, 1.09428e-05, -1.20947e-05, 
313, 105632, 9.41958, -94.7941, -33.8578, -6.83282e-06, 3.51492e-05, 1.26145e-05, 
314, 27618, 39.1352, 71.27, 73.2033, -1.53919e-05, -1.02602e-05, -1.38503e-05, 
315, 1371.47, 38.2169, -30.2469, 87.0896, -1.20333e-05, 8.14047e-06, -3.24304e-05, 
316, 186284, -50.7681, -36.9543, -40.898, 1.69055e-05, 8.90893e-06, 2.01246e-05, 
317, 21069.1, 21.4445, -41.2902, -59.0525, -1.55185e-06, 1.06874e-05, 2.06883e-05, 
318, 48331.7, 46.3376, -45.4411, 10.6297, -7.59993e-06, 1.31703e-05, -7.46435e-06, 
319, 248816, 61.2326, -49.3394, -23.6101, -1.12942e-05, 4.78913e-06, 1.2895e-05, 
320, 51742.7, 66.8281, 89.8263, 15.7433, -2.07043e-05, -2.85673e-05, -8.96043e-06, 
321, 155466, -75.023, 3.79585, 59.7217, 3.4621e-05, -3.10414e-06, -1.82749e-05, 
322, 76370.7, 95.8747, 36.6721, 4.13314, -3.50308e-05, -1.24192e-05, 2.78466e-06, 
323, 239981, -22.3992, -16.325, 61.2783, 4.84599e-06, 6.9815e-06, -2.37045e-05, 
324, 6971.86, 99.4599, 94.8242, 13.1616, -2.18671e-05, -2.12612e-05, -5.51208e-06, 
325, 116378, -8.54852, 78.7178, -81.3786, 1.36835e-05, -1.93032e-05, 2.21889e-05, 
326, 13279.7, -9.83022, -79.345, 92.0608, 2.2505e-07, 2.07295e-05, -2.9642e-05, 
327, 27509.6, 25.8947, 53.5603, -13.8322, 4.60934e-06, -2.29582e-05, 1.14009e-05, 
328, 39479.5, 25.2224, 82.2274, 61.8979, 1.51263e-05, -3.53076e-05, -1.14207e-05, 
329, 35488.5, 94.2101, 8.75216, 69.652, -3.04224e-05, -6.31072e-06, -1.75164e-05, 
330, 180038, -92.1269, -32.2143, 29.783, 3.34649e-05, 1.33677e-05, -1.57624e-05, 
331, 36969.3, 19.6772, -38.7319, 5.50951, -1.31714e-05, 1.0531e-05, 5.62667e-07, 
332, 56273.2, 60.1338, -95.276, -94.7475, 2.74149e-05, 3.30545e-05, 9.94655e-06, 
333, 20078.7, 46.3755, -93.0926, -8.34951, -1.03798e-05, 3.29881e-05, 2.79453e-06, 
334, 24537.3, -40.2838, 50.3021, -33.5955, 3.0646e-06, -7.87087e-06, 5.58344e-06, 
335, 95477.2, 9.76703, -13.8512, 60.7596, 5.31015e-08, 7.58956e-06, -1.34098e-05, 
336, 72842.2, 8.50659, -37.4653, -13.1869, -9.22632e-06, 1.3622e-05, 1.57956e-05, 
337, 24160.5, 50.3712, 7.54139, -42.6408, -1.28838e-05, -4.2918e-06, 2.68405e-05, 
338, 187990, 72.0921, 43.8685, -56.408, -2.60884e-05, -8.77216e-06, 2.51852e-05, 
339, 45617.3, 35.05, 28.3011, -23.4756, -8.4567e-06, -8.31091e-06, 1.37301e-05, 
340, 80601.3, -41.1357, 19.7361, 67.3714, 9.259e-06, -9.74531e-06, -1.94903e-05, 
341, 10211.3, 79.4138, 36.3151, -34.3272, -2.17183e-05, -1.01674e-05, 3.41291e-05, 
342, 301260, 18.2171, 21.997, -22.4131, -1.1532e-05, -5.45632e-06, 2.34877e-05, 
343, 17952.9, 51.8826, -54.1849, -24.5553, 6.11506e-06, 1.37183e-05, 1.02564e-05, 
344, 737537, -43.278, -69.5277, 97.4499, 6.19006e-06, 1.80899e-05, -3.04393e-05, 
345, 11674.1, 22.3639, 24.6554, -12.7246, -2.19762e-05, -1.47955e-05, -5.8902e-06, 
346, 1073.1, 65.3933, -84.3451, -49.9313, -1.08421e-05, 3.01279e-05, 1.74636e-05, 
347, 162634, 95.5551, -60.8439, -10.2735, -3.55329e-05, 1.43427e-05, -4.84898e-06, 
348, 9511.92, -12.7098, -30.7515, 65.0568, 8.34315e-06, 1.20073e-05, -4.88069e-05, 
349, 173548, -53.8566, -76.3931, 50.8439, 1.44302e-05, 2.86037e-05, -1.25037e-05, 
350, 2111.08, -21.3219, 63.0235, 28.6211, 7.72258e-05, -0.000172402, -2.02551e-05, 
351, 79141.1, 54.5881, 69.8009, 65.2837, -1.16421e-05, -1.66425e-05, -9.38289e-06, 
352, 250748, -56.2535, -35.4568, 78.9915, 1.30782e-05, 4.35261e-06, -2.28812e-05, 
353, 186512, -55.9039, -69.78, 32.0794, 2.85261e-05, 2.01442e-05, 4.17892e-06, 
354, 112546, -13.4767, 67.4047, -7.28443, 8.25205e-06, -2.55613e-05, 1.17128e-05, 
355, 770.948, -21.9658, 65.7167, 31.182, 8.68874e-06, -4.26936e-05, -2.55711e-06, 
356, 69943.5, -5.22523, 79.6102, 28.7262, -8.78721e-06, -3.65635e-05, -2.99935e-07, 
357, 78293.7, -27.568, -38.4919, -9.03036, 3.00073e-06, 5.01499e-06, 3.95497e-07, 
358, 215183, -88.8515, 71.986, -34.7849, 1.88865e-05, -1.84518e-05, 5.93494e-06, 
359, 22843.3, -35.2418, -38.0724, -34.7492, 4.20172e-06, 1.08231e-05, 1.52002e-05, 
360, 118317, -91.8417, 14.5155, -68.9805, 2.69884e-05, -3.60235e-06, 2.26366e-05, 
361, 135175, -94.4492, -77.2128, 54.9394, 2.49283e-05, 2.39141e-05, -2.02648e-06, 
362, 20150.5, -62.0689, -42.9841, 98.9037, 1.4449e-05, 4.20012e-06, -5.1112e-05, 
363, 53613.8, 31.0706, -4.40358, 76.0143, -1.22273e-05, -3.04566e-06, -3.1971e-05, 
364, 84980.2, 98.1206, -68.6201, -51.7466, -3.13877e-05, 1.56392e-05, 1.07979e-05, 
365, 13257.9, -71.8275, 91.2067, 95.3723, 1.50192e-05, -1.98664e-05, -2.43659e-05, 
366, 25634.3, -18.4808, 11.1645, -38.2687, 7.38707e-06, -1.42144e-05, 1.86262e-05, 
367, 229903, 10.6671, -8.14128, 69.0099, -1.37927e-06, -4.73879e-06, -3.23019e-05, 
368, 86023.2, 25.3833, 80.6838, 78.4976, 1.0512e-05, -1.51838e-05, -1.0773e-05, 
369, 86451.1, -58.6393, -48.5105, 88.6446, 1.38968e-05, 2.48999e-05, -2.23727e-05, 
370, 44262.4, -10.8555, 5.3173, -53.8989, 2.71742e-06, -9.63474e-06, 2.06133e-05, 
371, 75934.3, -49.7596, 89.495, 84.2131, -5.07562e-06, -2.1837e-05, -1.97732e-05, 
372, 38768.1, 21.8106, 96.0185, -53.5568, -1.39916e-06, -2.84692e-05, 1.02148e-05, 
373, 5439.21, 22.0422, -67.7053, -71.8271, -3.68806e-07, 2.13577e-05, 2.09388e-05, 
374, 87748.1, 24.409, 45.2523, -64.9087, 2.19115e-06, -1.47999e-05, 2.21024e-05, 
375, 20472.9, -30.4261, 84.5858, -6.39419, 7.00839e-06, -2.81851e-05, 6.30401e-06, 
376, 222105, 10.4166, 67.7325, -14.2075, -4.70877e-07, -2.1564e-05, 1.6378e-05, 
377, 5519.12, -52.8956, 14.7325, -31.7602, 1.18665e-05, -1.55949e-05, 8.9917e-06, 
378, 43887.1, -64.7314, -23.9955, -1.21436, 1.36686e-05, 1.79948e-05, -1.57738e-06, 
379, 39868.7, -46.5151, 72.0666, 90.33, 5.59782e-06, -2.34493e-05, -2.39541e-05, 
380, 47695.4, 41.6501, 88.2391, 93.8947, -4.33313e-06, -5.3175e-05, -3.73051e-05, 
381, 83655.5, -26.3032, 34.198, -98.9623, 6.49107e-06, -7.1259e-06, 2.90736e-05, 
382, 6670.31, 67.195, -55.2102, 97.5105, -9.67921e-06, 8.92697e-06, -2.76047e-05, 
383, 224301, 98.2975, -61.5924, -64.6843, -3.01286e-05, 6.37268e-06, 1.36492e-05, 
384, 92128.3, -61.6435, -74.4496, 19.48, 1.74711e-05, 1.85007e-05, 8.29139e-06, 
385, 109778, -6.40609, 77.5119, 6.62842, 3.0485e-06, -3.42437e-05, 5.48709e-06, 
386, 7699.52, 54.4588, -15.3197, -17.2839, -1.21106e-05, 3.28162e-06, 1.5149e-05, 
387, 21145.5, -59.2506, -37.9672, 91.149, 3.32968e-05, -1.61155e-05, -3.13059e-05, 
388, 14544, 39.35, 26.7583, -87.0948, 1.52902e-05, -2.21949e-05, 3.417e-05, 
389, 261671, 34.2296, 82.2356, 60.9665, -1.41676e-05, -3.58863e-05, -9.61932e-06, 
390, 208365, -64.5078, -17.2739, 72.7068, 1.92259e-05, 3.85199e-06, -2.12735e-05, 
391, 160805, 4.00864, 29.7242, -97.3308, -3.92858e-06, -4.58833e-06, 2.91015e-05, 
392, 106633, 1.89259, -62.3838, -27.5534, 7.95605e-07, 3.63203e-05, 1.78054e-05, 
393, 155888, 7.99013, -42.4017, 82.0111, -2.25705e-06, 1.81944e-05, -3.56232e-05, 
394, 54326.8, -77.6522, 27.2396, -89.6375, 1.19014e-05, 5.09781e-07, 2.86946e-05, 
395, 44464.7, -62.0701, 11.7254, 18.2037, 2.18336e-05, -1.00755e-05, 1.25097e-06, 
396, 137577, 51.7162, 39.3211, -4.21018, 1.07003e-05, 4.52172e-06, -2.28961e-05, 
397, 117734, 63.1592, -48.7499, -56.5364, -2.69387e-05, 1.86246e-05, 2.31359e-05, 
398, 74308.5, 31.4222, 33.262, 13.2597, -7.80469e-06, -1.00826e-05, -5.14003e-06, 
399, 74060.7, 32.5043, 21.3545, -49.8988, -9.54436e-07, -7.66064e-06, 2.09897e-05, 
400, 130202, 5.2791, 22.7062, 39.8896, -1.14251e-05, 2.73393e-06, -9.21987e-06, 
401, 142264, 81.2118, 76.0105, -12.5711, -2.70623e-05, -2.21004e-05, -3.81062e-06, 
402, 126537, 84.9935, -6.55938, 86.4835, -3.32009e-05, -8.56418e-06, -1.75564e-05, 
403, 40101.1, -42.7956, -95.152, -12.4876, 1.10622e-05, 3.73885e-05, 4.25858e-06, 
404, 35291, -69.4458, 4.22038, -10.9035, 1.63808e-05, -1.6968e-05, 1.84912e-06, 
405, 275135, -91.5917, 24.4995, -46.9095, 2.56749e-05, -4.88656e-06, 4.35977e-06, 
406, 61876.6, 66.7994, 15.9634, 90.7577, -1.42738e-05, -1.64113e-05, -2.17357e-05, 
407, 124979, -47.2237, -42.6113, 46.0897, 1.50675e-05, 1.15959e-05, -8.14677e-06, 
408, 181576, 6.79323, 48.3396, 48.6216, -1.86522e-06, -1.64344e-05, -1.04605e-05, 
409, 69936.8, 91.548, 48.0603, -85.265, -1.93268e-05, -6.97346e-06, 2.11543e-05, 
410, 91129.4, 91.2233, -64.1026, -19.7187, -2.75915e-05, 1.86738e-05, -8.01411e-07, 
411, 164563, -25.7358, 12.0675, 47.2629, 8.62885e-06, -8.49744e-06, -8.41791e-06, 
412, 104196, -12.9461, -62.974, -10.0499, 9.02684e-06, 2.26471e-05, 4.56052e-06, 
413, 19646.5, -89.9943, -60.0163, -87.1439, 2.04025e-05, 1.07459e-05, 2.65687e-05, 
414, 32570.9, -76.2203, 13.588, -32.6319, 1.86354e-05, -1.33802e-05, 4.21415e-06, 
415, 128372, -85.1157, -59.6061, -0.982979, 3.00172e-05, 2.33253e-05, 1.30851e-06, 
416, 67039.2, -3.81197, -7.32524, 2.70993, -6.68471e-06, -9.07309e-06, 1.34902e-05, 
417, 20140.8, 68.2518, 93, -81.5586, -7.79803e-06, -3.29307e-05, 6.46411e-05, 
418, 141850, -4.6511, -99.4935, 35.7903, -3.68087e-06, 3.96363e-05, -6.31991e-06, 
419, 38150.6, -36.418, -89.7249, -94.6261, 3.94992e-06, 1.95461e-05, 2.25502e-05, 
420, 104441, -59.6983, 47.9825, 71.4819, 1.70419e-05, -1.42517e-05, -2.07128e-05, 
421, 103400, 17.0023, -59.0051, -25.5984, -1.30061e-05, 2.09795e-05, 1.28415e-05, 
422, 25509.5, 75.4216, 82.9486, -87.2611, -8.6169e-06, -1.70115e-05, 2.13271e-05, 
423, 140197, 34.6158, -10.5594, 36.8636, -1.89156e-05, 4.86309e-06, 2.32722e-07, 
424, 26110.1, -50.0457, 94.1279, -70.5541, 6.78307e-06, -3.05488e-05, 1.79968e-05, 
425, 157.92, 30.5304, -20.1734, -5.68994, -1.15138e-05, 6.87254e-06, 4.18195e-06, 
426, 80127.6, 3.13955, -39.7233, -59.0483, -2.95795e-06, 1.03227e-05, 2.19949e-05, 
427, 29485.5, 17.1275, 7.91895, -30.9914, 3.66931e-07, -2.9165e-06, 2.03808e-05, 
428, 237526, -94.3783, -51.0082, 60.961, 3.29298e-05, 3.30274e-06, -9.84592e-06, 
429, 182019, 87.475, 83.3671, -73.7845, -1.05234e-05, -1.72857e-05, 2.94803e-05, 
430, 3.0331, 68.8986, -98.8581, 94.9959, -1.0285e-05, 2.41732e-05, -1.79799e-05, 
431, 56489.6, 58.3382, 35.5252, -22.9342, -1.26269e-05, -7.08337e-07, 1.46472e-05, 
432, 6047.19, -55.7874, 91.5226, -65.6698, 1.59854e-05, -3.40797e-05, 1.42421e-05, 
433, 47060.1, 19.2775, 58.8607, 11.1506, -7.61886e-06, -2.25152e-05, -2.47619e-06, 
434, 77062.2, 47.9778, 55.0981, 8.89234, -1.30559e-05, -2.02357e-05, -1.08029e-05, 
435, 84393.8, -80.3934, -67.3547, 76.4362, 6.19054e-06, 1.89814e-05, -3.83913e-05, 
436, 42820.4, -78.3184, 16.5535, 44.7719, 3.62067e-05, -1.66736e-05, 6.1834e-07, 
437, 29310, 71.6976, 48.7742, 72.1565, -2.21707e-05, -4.68852e-06, -1.83539e-05, 
438, 103304, -24.2752, -87.3486, -12.8433, 8.51943e-06, 3.72618e-05, 8.41587e-06, 
439, 196636, 92.9643, 83.0977, -67.309, -3.16418e-05, -1.70535e-05, 6.81449e-06, 
440, 44965.5, 38.7826, -66.4304, 9.41858, -9.55151e-06, 2.95408e-05, 1.25245e-06, 
441, 33641, 68.9516, 24.7875, -93.2461, -1.23804e-05, -3.52055e-06, 2.5783e-05, 
442, 145449, 75.1445, 30.5218, 25.9808, -2.04647e-05, -1.38175e-05, -2.70257e-06, 
443, 134341, 14.7874, 62.4609, 67.3182, -8.63476e-07, -1.76212e-05, -1.91163e-05, 
444, 41642.5, 56.9425, -46.9761, -55.1496, -6.24649e-06, 1.87552e-05, 1.58709e-05, 
445, 102475, 28.5228, 34.8746, -75.9197, -2.67015e-06, -9.72909e-06, 2.80141e-05, 
446, 207675, -72.5154, 56.3027, -79.0207, 4.31205e-06, -1.73947e-05, 1.87764e-05, 
447, 103780, 2.30332, -90.9016, 11.8225, -6.14864e-06, 3.74801e-05, -9.21902e-07, 
448, 31410.6, 3.11408, 26.6269, 39.5438, 1.31044e-06, -2.57267e-05, 1.62958e-05, 
449, 143633, -61.2084, -90.7167, -67.5567, 1.08977e-05, 2.44216e-05, 1.65343e-05, 
450, 465200, 67.6983, -93.0839, -96.7566, -1.70852e-05, 1.78679e-05, 2.12184e-05, 
451, 179925, 61.8556, -47.7501, -0.681146, -2.06346e-05, -0.000105485, -3.36807e-05, 
452, 72554.8, -76.7581, -13.0481, 18.8158, 2.23475e-05, -8.25932e-06, -4.18936e-06, 
453, 10732, -11.5426, -44.3994, -9.22182, 5.90185e-06, 1.80642e-05, 6.06601e-06, 
454, 107760, 92.4779, -18.5589, 96.3295, -3.18459e-05, 1.75271e-05, -2.3447e-05, 
455, 78906.1, -60.6486, -49.1468, -70.822, 1.11884e-05, 1.67034e-05, 2.22569e-05, 
456, 65879.1, -74.2083, 28.286, 41.5845, 2.59401e-05, -1.42391e-05, -2.0897e-06, 
457, 99119, 95.732, 72.797, -1.45527, -3.01488e-05, -1.51736e-05, -4.98564e-06, 
458, 24877.5, 16.1179, 73.4565, 8.22001, -8.16144e-06, -3.44903e-05, -3.83581e-06, 
459, 185880, 48.6775, 3.44624, 50.1952, -2.23742e-05, -3.69228e-06, -1.74884e-05, 
460, 148212, 76.0863, 7.26021, -3.16606, -2.11825e-05, -3.22439e-06, 2.73168e-06, 
461, 153844, 92.0834, -72.3714, -92.4953, -1.85114e-05, 1.20526e-05, 2.45059e-05, 
462, 33196.7, 36.3763, -40.9151, -92.2558, 3.32838e-06, 6.71281e-06, 1.27549e-05, 
463, 80327.9, -73.797, -66.5476, 48.7308, 1.57079e-05, 2.27025e-05, -1.11544e-05, 
464, 177313, 26.5795, -21.7891, 51.6268, -1.08457e-05, 1.90901e-05, -2.07261e-05, 
465, 81205.1, -69.9545, 56.277, -3.55874, 2.03529e-05, -1.56361e-05, 3.3792e-06, 
466, 3476.91, 66.1132, -75.7447, -49.3677, -9.19858e-06, 2.55554e-05, 2.31172e-05, 
467, 72627.9, 41.0141, 13.7469, -35.2545, -7.79248e-06, -6.32461e-06, 1.53876e-05, 
468, 180622, -11.3866, 89.58, -65.1264, 4.69743e-06, -2.80969e-05, 1.14409e-05, 
469, 82038.2, 68.3198, -18.7175, 67.5566, -1.80242e-05, 1.16843e-05, -1.38446e-05, 
470, 215973, 61.5198, -49.8209, -2.12846, 8.68976e-06, 0.000150085, 0.00010773, 
471, 353774, 32.5892, 17.0933, 45.9831, -9.90169e-06, -1.2579e-05, -1.53239e-05, 
472, 47873.9, -61.2009, 29.3466, 24.7742, 2.11597e-05, -6.47559e-06, -1.51434e-06, 
473, 208.061, -95.8077, 21.4269, -68.9098, 3.38717e-05, -5.06414e-06, 1.85268e-05, 
474, 8412.34, 64.4718, 62.0401, 16.2415, -2.24136e-05, -2.06103e-05, -9.98075e-06, 
475, 2082.5, -0.780892, 54.226, 23.3702, -9.65241e-06, -1.53035e-05, -1.07838e-05, 
476, 71062, -12.2042, 63.5689, 74.1578, 1.7087e-06, -1.87907e-05, -1.16911e-05, 
477, 13223.4, -77.7561, -96.7089, -11.8701, 2.10646e-05, 2.93579e-05, 4.47517e-06, 
478, 193482, 37.8773, 95.7487, -28.7106, -2.94067e-06, -3.29681e-05, 8.42083e-06, 
479, 115214, -68.8005, -60.6321, -76.0453, 1.1091e-05, 1.7019e-05, 2.41379e-05, 
480, 25713.8, 24.2448, -53.9422, -80.6249, -8.2292e-06, 8.93223e-06, 2.96591e-05, 
481, 242169, -87.8213, -76.7159, 30.5728, 2.94668e-05, 2.78067e-05, 1.31354e-06, 
482, 166957, -24.3597, 16.1579, -94.2246, 3.88573e-06, -4.0099e-06, 2.85772e-05, 
483, 14158.5, 79.0106, -71.2762, 4.69538, -2.75863e-05, 2.73822e-05, -2.34675e-06, 
484, 163784, 5.6697, 96.0219, 86.7974, 3.11538e-06, -2.86134e-05, -1.84232e-05, 
485, 130117, -36.8407, 26.8918, -12.3623, -1.19717e-05, -9.72301e-06, 2.61281e-05, 
486, 23142.7, -75.9776, 96.0137, 21.5252, 7.20473e-06, -2.83447e-05, 5.91654e-06, 
487, 144626, -41.2416, 27.2128, -9.55667, 3.7302e-05, -1.27845e-05, -6.10845e-06, 
488, 15006.5, 12.4751, 59.3561, -28.7923, 4.22284e-06, -1.57884e-05, 1.78216e-05, 
489, 58561.9, -48.492, -53.6335, 34.1956, 1.45367e-05, 6.95671e-06, -4.33131e-06, 
490, 157392, 32.4501, 89.2098, 96.7397, 4.29436e-08, -3.40924e-05, -3.49321e-05, 
491, 71718.8, -19.4393, -49.7877, 11.6376, 8.14776e-06, 2.04439e-05, -5.41721e-07, 
492, 80148.3, -91.8172, 90.5151, 14.1548, 9.00637e-06, -2.87484e-05, 1.75002e-05, 
493, 84766.4, -63.9796, 10.819, 54.0587, -1.44596e-05, -3.40366e-05, -2.16571e-05, 
494, 165267, -97.6759, 8.58806, -1.41988, 3.25636e-05, -8.67924e-06, -9.15439e-07, 
495, 18739.5, -52.0538, -57.422, -64.1108, 9.50676e-06, 1.98291e-05, 2.35442e-05, 
496, 298194, -86.3278, -66.0175, 70.1553, 2.49923e-05, 9.887e-06, -1.31128e-05, 
497, 91382.2, -99.7919, 47.2086, 80.2753, 3.00319e-05, -1.12034e-05, -1.35877e-05, 
498, 25828.5, 16.8189, -61.5372, -9.76346, -1.40068e-05, 2.54047e-05, 3.51789e-06, 
499, 5261.75, 54.4752, -6.30768, 89.3818, 6.90229e-07, 5.02128e-07, -2.76962e-05, 
500, 47253, 37.3749, -4.36388, 44.2267, -2.15133e-05, -5.12392e-06, -1.42056e-05, 
501, 3769.67, 69.1879, -20.1036, -32.4968, -2.51139e-05, 1.05918e-05, 6.92659e-06, 
502, 27459.8, -74.1908, 50.5432, -86.777, 3.07673e-06, -4.38208e-06, 3.25715e-05, 
503, 28802.8, -37.0221, 51.3257, 40.7402, 1.25717e-05, -4.6684e-06, -1.50595e-05, 
504, 86434.4, 9.87099, 24.8752, -24.7891, 2.38575e-05, -1.87774e-05, 3.1316e-05, 
505, 40836.5, -17.6594, -25.4727, 71.8385, 5.31712e-06, 5.98469e-06, -3.58951e-05, 
506, 1824.67, -70.3183, 24.0252, -78.5789, 7.6272e-06, -4.11896e-06, 2.40948e-05, 
507, 71047.1, 1.41174, 64.2305, 13.9143, -1.99059e-05, -3.2796e-05, 6.55774e-06, 
508, 8853.14, 80.4564, -63.5655, 84.0217, -1.12735e-05, 1.60862e-05, -1.67163e-05, 
509, 94565.4, -33.0737, -44.8446, -8.63263, 1.09322e-05, 1.91913e-05, -1.10643e-06, 
510, 67510.5, 95.2475, 67.9408, 65.1159, -2.5014e-05, -1.5886e-05, -1.44473e-05, 
511, 93679.5, -84.5084, 79.6975, -65.5398, 1.78195e-05, -2.34833e-05, 1.02046e-05, 
512, 63104.5, 85.3185, -61.142, 81.6481, -2.40325e-05, 9.73944e-06, -1.29348e-05, 
513, 120807, -63.0927, 41.162, -88.1329, 4.08202e-06, -4.72876e-06, 2.64266e-05, 
514, 20361.7, -1.27403, -95.9878, -12.0869, -6.91767e-06, 4.28438e-05, 3.54243e-06, 
515, 9753.05, 8.49432, -14.0411, 51.7125, 2.14046e-06, 1.54106e-06, -7.70986e-06, 
516, 195495, 74.2793, -20.4817, 96.7467, -1.83784e-05, 1.86899e-05, -4.40055e-05, 
517, 17564.2, 49.3626, -6.64278, 57.0434, -1.91941e-05, 7.51335e-06, -2.31264e-05, 
518, 129541, 27.5388, -0.891291, -44.3542, -6.97043e-06, -4.67883e-06, 2.42293e-05, 
519, 41218.5, 34.9166, 6.45157, -11.632, -9.30488e-05, -0.000124599, -1.84508e-05, 
520, 195381, 71.7359, 26.8533, -27.4112, -1.56067e-05, -5.88762e-05, -1.09625e-05, 
521, 219583, -45.9724, 2.66325, 58.6757, 7.48272e-06, -1.20126e-05, -1.52514e-05, 
522, 86519.6, -10.8086, -12.6493, 8.32323, 3.51301e-05, -8.9408e-05, 0.000102584, 
523, 45241.7, 72.8362, 17.9037, 25.6449, -1.40755e-05, -4.47906e-06, -4.40179e-07, 
524, 100536, -63.7391, -70.4298, 30.6452, 3.65654e-05, 1.86194e-05, -1.82517e-06, 
525, 21015.6, 45.7769, 47.0739, -86.0137, -1.02721e-05, -1.0114e-05, 2.79018e-05, 
526, 412771, -40.4148, -16.6884, -79.2503, 7.4946e-06, 1.84754e-06, 2.19369e-05, 
527, 436565, 92.1879, 14.6582, 43.654, -3.49625e-05, -4.53514e-06, -1.92209e-05, 
528, 499987, 63.6535, -45.9699, 5.02273, -3.09033e-05, -2.43992e-06, -4.09029e-05, 
529, 89434.5, 62.9725, -83.6639, -89.1186, -9.87102e-06, 4.48626e-06, 1.00616e-05, 
530, 121.895, 60.1163, 60.9669, -37.0202, 2.33188e-06, -4.20933e-06, 2.3487e-05, 
531, 41044.7, -27.4384, -68.8184, -96.54, 4.44415e-06, 1.50645e-05, 2.6607e-05, 
532, 36070.1, -17.4478, 8.55731, 87.6503, 5.82339e-06, 1.54531e-06, -3.2393e-05, 
533, 207186, 78.3605, -9.08434, -83.7581, -1.98875e-05, 3.46036e-06, 1.98398e-05, 
534, 43000.1, 73.8976, -53.6113, -98.7191, -1.43413e-05, 5.57078e-06, 2.43648e-05, 
535, 32894.1, 25.7424, 70.7603, 38.18, 3.42189e-07, -2.34119e-05, -2.3746e-06, 
536, 1446.38, -42.8792, 6.81216, 16.0013, 1.26263e-05, -1.23252e-05, 1.18681e-06, 
537, 2698.92, 40.5802, -84.7698, -19.4462, -9.82594e-06, 3.51372e-05, 5.09863e-06, 
538, 22937.9, -9.46681, -70.7074, -67.929, 1.63889e-05, 3.97032e-06, 1.81011e-05, 
539, 283670, -0.910865, -70.5992, 44.4028, -1.21455e-05, 3.07503e-05, -1.1675e-05, 
540, 172992, 44.5738, 45.552, -28.763, -4.68294e-06, -4.02549e-06, 1.45694e-05, 
541, 105856, -4.30968, 23.0139, 11.9827, -1.61718e-06, -5.42993e-05, -3.51788e-05, 
542, 222901, 90.7702, 9.69807, -8.34034, -3.52733e-05, -6.13284e-06, 1.45205e-06, 
543, 62397.9, -32.165, 5.26935, -54.4712, 6.3098e-06, -1.28906e-05, 1.93245e-05, 
544, 70324.6, -95.9205, -7.28845, 94.3639, 2.94015e-05, 4.15736e-06, -2.57087e-05, 
545, 118656, 72.9641, -77.373, -11.0021, -1.99183e-05, 3.30415e-05, -2.00144e-06, 
546, 88506.9, -16.8252, -20.485, 11.4425, 4.16475e-05, 2.78239e-05, -5.523e-06, 
547, 181132, 85.3289, 34.749, -96.4913, -1.59855e-05, -3.73993e-06, 2.30284e-05, 
548, 6180.54, -34.2337, -59.8585, 79.7052, 1.92239e-06, 1.24327e-05, -2.53257e-05, 
549, 18843.3, 16.5109, -0.819811, 89.0898, -6.16323e-06, -1.13184e-06, -3.66448e-05, 
550, 68749.5, -25.0061, 48.2616, 36.6834, 4.88297e-06, 1.40174e-07, -1.29398e-05, 
551, 52783.6, -93.9091, 49.4035, -44.0315, 8.67167e-06, -4.2696e-05, -1.09178e-05, 
552, 23618.9, 59.424, 28.5559, -21.5591, -1.43484e-05, 7.19934e-06, 7.88566e-06, 
553, 336172, -43.2986, -38.9135, 65.648, 7.98242e-06, 9.21513e-06, -1.87977e-05, 
554, 137164, -84.4563, -45.4831, -44.635, 3.8219e-05, 1.62616e-05, 2.06518e-05, 
555, 174150, -18.9362, -58.4447, 50.1656, 1.61193e-05, -1.83126e-05, -3.73689e-05, 
556, 198969, -74.6083, -31.2773, 71.5783, 2.95889e-05, 7.46833e-06, -1.53879e-05, 
557, 49704.8, 9.42066, 58.3641, 12.4112, -7.47587e-06, -1.92365e-05, -5.3351e-07, 
558, 191235, -36.6947, 65.4129, -75.2433, 1.20721e-05, -9.95592e-06, 9.19885e-06, 
559, 267518, -82.8136, -10.5859, -70.0534, 1.27976e-05, 8.57023e-06, 2.36476e-05, 
560, 54949.3, -74.194, -93.1974, -77.2151, 1.13929e-05, 2.24194e-05, 1.71456e-05, 
561, 51446.5, 86.8906, -21.0901, -7.89135, -3.46891e-05, 6.74839e-06, 1.27257e-05, 
562, 86587.3, -78.4408, 77.4292, 19.1786, 1.70156e-05, -1.539e-05, 3.39207e-07, 
563, 27461.5, 33.5441, -46.1456, -14.3067, -1.30867e-05, 2.09193e-06, 8.35224e-06, 
564, 196928, -66.4096, -83.5667, 11.7527, 2.63097e-05, 2.89398e-05, 8.22993e-06, 
565, 62877.7, 60.1969, 96.3279, -0.0951287, 8.98261e-06, -3.96005e-05, -8.28974e-06, 
566, 75919.2, -81.0927, 13.9235, 93.9691, 1.67583e-05, -4.62569e-06, -3.29442e-05, 
567, 186037, 3.88772, 75.1735, -54.149, -3.75387e-08, -2.05898e-05, 1.22715e-05, 
568, 27329.1, 43.4318, 66.0956, 55.5338, -2.07237e-05, -1.3162e-05, -9.16095e-06, 
569, 25427.7, -71.8943, 81.1525, 86.2108, 2.0097e-05, -1.97363e-05, -1.7377e-05, 
570, 77004.1, -77.0034, -59.9033, 49.1504, 2.642e-05, 2.15523e-06, -8.81268e-06, 
571, 10185.4, -36.6176, 82.3759, 6.38868, 9.06935e-06, -2.89254e-05, 6.54837e-06, 
572, 20587.9, 16.6678, -12.4052, -48.9128, -2.0027e-06, 1.5582e-07, 2.41453e-05, 
573, 1834.59, 76.807, 52.4255, -51.5701, -2.65284e-05, -1.37653e-05, 1.90745e-05, 
574, 57037.9, -77.9903, 48.3348, 12.0455, 2.65483e-05, -2.76559e-05, 7.69959e-06, 
575, 270235, 96.3506, -65.1393, -29.9471, -3.52015e-05, 1.53339e-05, 1.06029e-05, 
576, 175115, -91.6906, -7.03372, -71.3972, 4.19154e-05, -1.46119e-06, 2.57883e-05, 
577, 268205, -39.2188, -98.4289, -38.0141, 7.81667e-06, 3.37751e-05, 1.19791e-05, 
578, 138981, 89.3923, -98.4732, 52.2294, -7.90252e-06, 3.16526e-05, -8.87245e-06, 
579, 260968, 32.5277, -55.3045, 31.5423, -1.22312e-05, 2.27014e-05, -7.92998e-06, 
580, 257400, -49.9698, -39.8525, -21.255, 2.48601e-05, 1.5255e-05, 2.5685e-06, 
581, 25836.9, -84.9374, 89.7281, 24.4933, 1.054e-05, -1.62762e-05, 3.37739e-07, 
582, 40650.6, -65.278, -97.3385, -10.4644, 1.64886e-05, 3.31936e-05, 4.21848e-06, 
583, 126703, 92.1927, 69.7773, 34.4938, -2.47022e-05, -2.0808e-05, -4.14712e-06, 
584, 157319, 31.3408, -53.5439, -14.4768, -8.83947e-06, 2.13302e-05, 7.26073e-06, 
585, 14838.5, -64.4387, 95.6233, 36.701, 7.64364e-06, -3.29989e-05, -4.83784e-06, 
586, 54522.1, 61.855, 69.909, 72.0691, -1.13683e-05, -1.37242e-05, -2.47956e-05, 
587, 39805.9, -15.281, 54.7501, -44.1643, 3.96215e-06, -1.41528e-05, 1.18737e-05, 
588, 294298, -9.94265, -28.0958, -19.3214, 4.29092e-06, 5.18236e-06, 1.53124e-05, 
589, 5173.55, 8.28564, 78.906, -95.5961, 2.86675e-06, -1.24758e-05, 2.61696e-05, 
590, 56484.5, 21.4913, -58.0321, -44.9218, -1.93695e-06, 1.93912e-05, 1.33558e-05, 
591, 20028.3, 99.1692, 47.6576, -81.9512, -2.77928e-05, -5.16458e-06, 1.60629e-05, 
592, 118298, -47.2224, -2.42739, 27.0524, 1.13493e-05, -1.54266e-05, -4.76486e-06, 
593, 89014.2, -22.2956, 58.2392, 91.754, 9.95616e-06, -3.0043e-05, -3.54412e-05, 
594, 114512, 3.69941, 82.5606, 64.2822, 9.02307e-07, -3.15774e-05, -1.29388e-05, 
595, 81352.4, -42.4093, 29.179, -84.5726, 7.95095e-06, -6.58839e-06, 2.37988e-05, 
596, 54727.8, 51.1962, -33.6584, -66.963, -3.6993e-05, -1.93829e-06, 4.88197e-05, 
597, 90953, 96.8142, -31.417, -35.3392, -3.32961e-05, 4.6729e-06, 1.30638e-05, 
598, 43966.7, 77.0921, -86.2663, 34.3645, -1.84774e-05, 2.83699e-05, 3.14239e-07, 
599, 51185.6, 99.9811, 21.3542, -65.898, -2.60153e-05, -1.97524e-06, 1.65476e-05, 
600, 28022.1, 37.6049, 39.5216, 74.549, -1.45356e-05, -1.19298e-05, -2.27103e-05, 
601, 319238, -12.816, -19.1359, -72.6042, 4.57798e-07, 1.34229e-06, 2.53198e-05, 
602, 499653, -79.239, 1.22047, 81.0723, 2.74716e-05, -5.55027e-07, -2.37418e-05, 
603, 20560.1, 28.3456, -38.2978, -13.9191, -7.43752e-06, 7.52611e-06, 9.18477e-06, 
604, 209899, -85.7139, -44.259, -92.1145, 1.92985e-05, 7.29481e-06, 2.68203e-05, 
605, 14643.9, 83.6429, -9.78163, 20.2008, -3.30254e-05, 3.85627e-06, -9.38595e-06, 
606, 91768.4, -8.84307, -88.2249, 26.1816, 5.21403e-07, 3.49258e-05, 3.03961e-07, 
607, 74527.6, -8.03208, 67.4316, 81.7817, -3.38014e-06, -2.73302e-05, -2.233e-05, 
608, 2108.41, -73.3166, 59.2945, -20.765, 1.05895e-05, -2.1804e-05, 1.02163e-05, 
609, 252851, 76.9584, 80.1403, -38.0398, -1.73567e-05, -3.10804e-05, 1.40179e-05, 
610, 88158.4, 2.78933, -13.7945, -89.4109, -3.06369e-06, -4.7008e-06, 3.26533e-05, 
611, 15281.4, 19.7394, -22.9055, 36.1448, 1.2564e-05, 2.03853e-05, -1.1394e-06, 
612, 280913, -1.8145, 16.7797, 95.5656, -1.80617e-06, 2.82494e-07, -3.45324e-05, 
613, 71520.6, -71.5187, -24.6272, 8.09326, 1.78697e-05, 3.5689e-06, -6.93045e-06, 
614, 22786.6, -94.7316, -58.5789, -69.7976, 3.34269e-05, -9.14223e-07, 1.28955e-05, 
615, 5127.05, -98.5295, -10.7182, 17.3579, 4.2152e-05, -1.54301e-05, -1.83413e-07, 
616, 184623, 62.2899, 35.8034, -53.945, -1.6373e-05, 2.23086e-07, 2.20401e-05, 
617, 75060.1, -13.5196, -71.2053, 69.8911, -1.16034e-06, 2.6289e-05, -2.89349e-05, 
618, 45736.6, -23.9634, -96.4594, 54.5952, 6.48296e-06, 3.70172e-05, -1.17448e-05, 
619, 205395, -3.36081, -29.1372, -90.977, 3.11297e-06, 7.30158e-06, 3.35753e-05, 
620, 174652, 82.9148, 40.9329, 32.9638, -2.56832e-05, -2.01322e-05, -9.57905e-06, 
621, 62051, 77.5289, -44.3875, 12.156, -1.82782e-05, 1.81352e-05, -1.44051e-05, 
622, 196423, -55.477, -16.6577, 34.5148, 2.38321e-05, 1.53523e-06, -2.51196e-06, 
623, 119330, -1.89502, 78.974, -80.6201, -1.58026e-05, -1.86367e-05, 1.9102e-05, 
624, 306362, -88.0336, -29.5781, -1.23919, 3.87498e-05, -2.01153e-05, 2.65973e-05, 
625, 300377, -0.970731, 25.227, 64.3403, 1.16048e-05, -1.16662e-05, -1.61137e-05, 
626, 208694, -82.1234, 51.7616, -99.5214, 1.03658e-05, -8.56221e-06, 3.33696e-05, 
627, 211281, 98.8832, -94.1991, 50.9854, -3.03163e-05, 2.43465e-05, -4.6179e-06, 
628, 29751.5, 58.7374, 2.26203, -27.3967, -2.29261e-05, 5.29665e-07, 2.6169e-06, 
629, 228931, -11.129, -30.3711, 58.3582, 2.08931e-06, 8.98264e-06, -1.62029e-05, 
630, 8513.31, -42.1286, 43.3367, 9.9372, 1.37171e-05, -1.24476e-05, 5.98629e-06, 
631, 191321, 13.3794, 25.178, -14.7753, 7.32632e-06, -1.97671e-05, -4.28614e-06, 
632, 152637, -37.9893, -9.80693, 69.2238, 5.22554e-06, 2.81506e-07, -2.97003e-05, 
633, 56895.4, 28.4741, -43.6065, 33.0029, -1.94717e-05, 8.65286e-06, -1.63472e-05, 
634, 16114.9, 61.0112, -38.239, -51.06, -3.9335e-05, 1.31718e-05, 9.33222e-06, 
635, 126034, -79.3292, -33.1122, 90.8273, 2.78222e-05, 2.93756e-06, -2.87953e-05, 
636, 33540.9, -71.3798, 12.1065, -40.7645, 1.29452e-05, -1.13563e-05, 9.29094e-06, 
637, 144334, 10.0522, -76.4405, 75.8313, -8.36207e-06, 2.58002e-05, -2.22337e-05, 
638, 29310, -17.8622, 69.8595, 81.8693, -2.87555e-06, -5.364e-05, -2.57353e-05, 
639, 51304.8, -6.64883, -38.8608, -62.9143, 2.7321e-06, 1.08368e-05, 2.43124e-05, 
640, 10368.5, 21.2989, -71.9412, -49.9568, -2.60429e-06, 3.06815e-05, 1.64595e-05, 
641, 20487.6, -60.6405, 47.5422, 26.1002, 3.01937e-05, -2.37832e-05, -7.37244e-06, 
642, 16336.1, -46.7763, -58.7056, -4.82531, 5.47559e-06, 1.72221e-05, 1.56324e-05, 
643, 15569.3, -88.2289, 26.3536, -70.6024, 1.48684e-05, 4.17741e-06, 1.97749e-05, 
644, 34735.2, -95.3435, 88.125, 12.2594, 4.22574e-05, -8.11516e-06, 2.16718e-05, 
645, 149247, 11.4326, -32.7419, -3.51394, -1.37125e-05, 7.19038e-06, 3.68396e-06, 
646, 282.435, 25.1634, -40.1099, -22.9572, -8.42102e-06, 9.17782e-06, 1.47791e-05, 
647, 294610, 57.8021, -49.45, 41.972, -2.06322e-05, 1.06838e-05, -1.35696e-05, 
648, 18053, 95.3146, 4.65294, -90.4243, -2.2535e-05, -1.81067e-06, 2.06778e-05, 
649, 34729.1, 75.8483, -61.0413, 92.9592, -1.24216e-05, 7.88272e-06, -2.21814e-05, 
650, 43605.4, 19.1006, -47.4295, -41.421, -5.26992e-06, 1.11016e-05, 1.58621e-05, 
651, 54558.4, 38.6047, -84.7892, 98.8991, 8.23434e-07, 1.8961e-05, -2.26825e-05, 
652, 13866.5, -6.28697, 51.9995, -17.2796, 7.26225e-06, -1.90611e-05, 1.43958e-05, 
653, 32062.6, 54.1754, 52.4478, -1.39389, -1.30287e-05, -2.50792e-05, -1.09695e-05, 
654, 117474, -99.524, 81.5192, 26.8414, 3.07348e-05, -8.8795e-06, -7.09755e-06, 
655, 110908, -2.88524, -19.5541, 94.578, 1.01581e-06, 2.13569e-06, -3.81675e-05, 
656, 348356, 57.6175, 41.9019, -8.08549, -2.92008e-05, -1.18746e-05, 3.77939e-06, 
657, 317256, -58.5692, 4.04005, 76.179, 8.12521e-06, -5.36768e-06, -2.36448e-05, 
658, 281872, 9.65361, -0.656891, -66.6327, -1.80913e-06, -4.77445e-06, 2.49382e-05, 
659, 267387, 88.925, 14.5082, 24.7285, -3.13263e-05, 5.1279e-07, 4.71476e-06, 
660, 38785.3, -23.7389, 34.7258, 82.3491, 3.68901e-06, -1.22721e-05, -2.93705e-05, 
661, 73545.3, 94.1457, -10.8062, 84.3177, -4.02797e-05, 2.39921e-06, -1.1843e-05, 
662, 122413, -81.6393, -81.6198, 66.9139, 1.55572e-05, 3.28573e-05, -1.29078e-05, 
663, 60218.2, -9.60872, 96.494, -9.72862, 4.31018e-06, -3.2334e-05, 7.61198e-06, 
664, 69716.5, -19.6379, 66.5511, 81.3846, 1.52202e-05, -1.81072e-05, -1.95829e-05, 
665, 4920.35, 59.24, 91.0623, -13.2145, -7.06204e-06, -3.24149e-05, 9.08281e-06, 
666, 101777, -13.204, -71.1856, -28.9914, 1.07061e-05, 1.68977e-05, 5.58278e-06, 
667, 48838.5, 78.5871, -26.8617, 98.3484, -2.88758e-05, 3.07812e-05, -3.48385e-05, 
668, 164496, -78.0967, -4.37636, 49.538, 3.58022e-05, 6.56826e-06, -3.00803e-06, 
669, 37097.9, -61.2625, 91.7333, 21.0179, 9.66898e-06, -2.94273e-05, 1.04976e-06, 
670, 43921.3, 51.2701, -74.251, -38.0424, -6.74072e-06, 2.75725e-05, 1.48681e-05, 
671, 37703, -65.8356, 41.0512, 62.5887, 2.62199e-05, -7.86484e-06, -9.82364e-06, 
672, 798.753, -48.6584, -94.4833, -55.3083, 9.78101e-06, 3.00228e-05, 1.62193e-05, 
673, 18251.7, 96.9594, -99.7266, -53.3767, -1.78833e-05, 2.12736e-05, 8.92469e-06, 
674, 63301.2, 14.8576, 68.911, -25.6861, 1.31457e-06, -2.55466e-05, 1.90434e-05, 
675, 5645.49, 15.2774, -16.4165, -45.2226, -2.34594e-06, 3.56661e-06, 2.15057e-05, 
676, 105515, 2.5424, -26.385, 51.0729, -2.96646e-06, 6.90237e-06, -1.22636e-05, 
677, 49412.3, 64.6822, -8.45336, -41.9212, 0.000140181, -0.000187838, 6.12296e-05, 
678, 145236, 93.7199, -63.5814, 44.1138, -3.43481e-05, 1.02935e-05, -4.91658e-06, 
679, 166666, 1.32589, -80.5374, -18.8491, -1.02283e-05, 3.39954e-05, 7.14307e-06, 
680, 144418, 90.105, 80.1248, 95.5464, -1.76844e-05, -1.49853e-05, -1.66133e-05, 
681, 251381, -98.3336, 47.1284, -75.2857, 4.17668e-05, -2.35447e-05, 2.76e-05, 
682, 12000.2, -58.5374, -10.8771, 58.8901, 2.83362e-05, 4.06405e-06, -1.89839e-05, 
683, 36045, 28.7699, 34.3723, 88.6614, -2.03955e-05, -3.16355e-06, -2.33769e-05, 
684, 5069.94, -15.9196, 46.9827, 9.53533, 1.01666e-05, -1.3524e-05, 7.0898e-06, 
685, 55255.2, 25.3573, -93.9441, -13.4433, -9.29506e-06, 3.37914e-05, 5.44117e-06, 
686, 18691.9, -18.3295, 95.0228, 4.12901, 6.59118e-06, -3.39232e-05, 3.40818e-06, 
687, 19833.6, -13.7786, -33.4558, 79.1106, 5.38587e-06, 8.57688e-06, -3.53539e-05, 
688, 25936.4, 82.5911, 71.1052, -71.1773, -1.32221e-05, -4.59503e-06, 2.14521e-05, 
689, 30394.7, -42.4549, -82.5951, -91.0091, 7.32897e-06, 1.64315e-05, 2.2864e-05, 
690, 250129, -43.4625, -26.5109, -53.6923, 1.31677e-05, 1.98327e-06, 2.38249e-05, 
691, 89717.7, -20.0583, 66.5401, -50.1248, 2.81534e-06, -1.92901e-06, -3.279e-06, 
692, 27580.7, -43.1951, -67.7086, -6.66284, 8.73835e-06, 2.70124e-05, 8.00893e-06, 
693, 8430.48, -13.9062, 64.6826, -59.5586, -2.01763e-06, -1.0015e-05, 1.98168e-05, 
694, 5175.77, -45.0065, 20.84, -73.3667, 7.78743e-06, -7.97168e-06, 2.09842e-05, 
695, 36659.8, -18.7756, -65.5507, 58.6631, 3.45688e-05, 2.2788e-05, -4.66274e-05, 
696, 61625.5, 25.8474, -91.9704, 61.3437, -9.38472e-06, 2.97181e-05, -1.38704e-05, 
697, 3612.55, 64.1689, 77.959, 0.0793952, -2.16523e-05, -2.54564e-05, -6.28386e-06, 
698, 8724.27, -96.6983, 54.288, 74.0379, 2.8492e-05, -1.58568e-05, -8.38433e-06, 
699, 93358, -11.2606, 52.5392, 92.7099, 4.94605e-06, -1.16663e-05, -2.7725e-05, 
700, 151788, -49.0523, -9.80889, 21.3006, 1.45466e-05, 6.20394e-07, 6.31438e-06, 
701, 17833, 65.4127, -0.0361446, -19.8577, -2.2055e-05, -8.87955e-07, 6.1311e-06, 
702, 23791.1, 0.765117, -54.4959, 72.3137, -2.19627e-06, 1.6683e-05, -2.63102e-05, 
703, 49316.3, -70.2885, 59.8414, 40.6059, 1.94468e-05, -1.16133e-05, 3.94573e-06, 
704, 78367.1, 6.02575, -32.7432, 39.0407, -2.438e-06, 1.10407e-05, -7.22032e-06, 
705, 229728, 83.6769, 35.0328, -28.1397, -3.82836e-05, -7.15036e-06, 9.8897e-06, 
706, 17562.9, 99.5075, 37.1477, 23.4569, -4.28563e-05, -2.01366e-05, 1.1184e-05, 
707, 26544.9, 25.9277, 39.0144, 8.05497, -1.26994e-06, -1.67722e-05, -3.43434e-07, 
708, 210086, -96.7823, 44.4818, -45.8454, 3.19553e-05, -6.4609e-06, -4.69925e-07, 
709, 17695.8, -73.8508, 66.3497, 2.1656, 2.07813e-05, -1.73829e-05, -1.51116e-07, 
710, 163942, -54.5447, 45.4512, 56.2324, 2.54382e-05, 3.20988e-06, -5.20807e-06, 
711, 68256.5, -46.4471, -61.2313, 1.95167, 1.41586e-05, 3.26348e-05, 3.21403e-06, 
712, 185281, -88.7554, 86.9442, 71.1884, 2.02485e-05, -2.03072e-05, -1.24592e-05, 
713, 374582, -49.1651, -11.5796, 51.7104, 1.34314e-05, 3.24161e-06, -9.7335e-06, 
714, 12468.1, -89.375, -76.79, 89.241, 1.58048e-05, 1.9257e-05, -2.19484e-05, 
715, 15756, -44.26, -47.7602, -96.6106, 5.42465e-06, 1.53352e-05, 3.13593e-05, 
716, 59065.9, 38.4272, -48.0873, 8.49528, -5.14817e-06, 1.72341e-05, 5.99815e-07, 
717, 79127.3, -52.5012, -10.0086, 95.5178, 1.03566e-05, 5.35487e-07, -3.85984e-05, 
718, 44405.2, 4.23936, -81.102, -85.1631, -2.5164e-07, 2.11806e-05, 2.55447e-05, 
719, 7744.66, 41.9449, -77.1424, 38.9172, -1.65076e-05, 3.3578e-05, -1.3745e-05, 
720, 28020.8, -55.7446, -98.5863, -79.9153, 6.33739e-06, 2.36793e-05, 2.04802e-05, 
721, 56009.9, -65.3502, 44.6809, -49.2201, 9.47974e-06, -1.0065e-05, 6.20524e-06, 
722, 126935, 17.6729, -49.5944, 15.9294, -9.09882e-06, 1.09321e-05, 1.25961e-06, 
723, 3712.53, 61.2639, -72.4891, -30.5539, -1.12415e-06, 3.20377e-05, 8.19549e-06, 
724, 412671, 73.1636, -75.5907, -35.803, -1.74682e-05, 3.07247e-05, 1.36466e-05, 
725, 117369, -20.7225, 70.8267, -53.4915, 8.72948e-06, -3.33532e-05, 1.91698e-05, 
726, 246312, -77.1381, -7.32118, -13.2307, 2.44885e-05, -8.18635e-06, 1.5039e-06, 
727, 3493.91, -23.4006, -71.0119, -49.7236, 4.42127e-06, 2.15832e-05, 2.34977e-05, 
728, 76526.4, 64.9395, -70.7652, 21.8603, -3.05625e-05, 2.09901e-05, -3.93436e-05, 
729, 29524.1, -31.7092, 34.128, -0.273801, 1.08074e-05, -1.63538e-05, 2.94817e-06, 
730, 9446.7, 15.0496, 50.9097, -6.73917, -1.57413e-07, -1.87871e-05, 5.91358e-06, 
731, 201790, 50.5793, 79.854, 96.6138, -2.17515e-05, -1.60593e-05, -2.88345e-05, 
732, 203609, 97.6971, 90.2046, -10.5703, -2.62488e-05, -2.35072e-05, -2.34963e-07, 
733, 845885, -5.9718, 15.9847, 5.85623, 1.42944e-05, -5.51882e-06, 5.24123e-06, 
734, 259699, -37.1543, 55.2009, 25.903, 1.90817e-05, -1.16603e-05, 1.011e-05, 
735, 28764.8, 58.8472, -88.9168, -12.362, -1.18635e-05, 3.39222e-05, 2.46391e-06, 
736, 503969, -21.4751, -65.5168, 46.6011, 2.12836e-05, 4.11147e-05, -5.30416e-07, 
737, 54385.1, 45.713, 83.8349, 76.4304, -2.17919e-05, -2.96319e-05, -9.61688e-06, 
738, 31933.8, -16.0154, -75.0229, -41.3604, 2.12131e-05, 2.00889e-05, 3.38033e-05, 
739, 104564, 86.1693, -65.6132, 49.6933, -1.94535e-05, 1.29076e-05, -1.73762e-05, 
740, 77604.4, 87.6933, -97.6555, 92.5175, -1.68541e-05, 2.00442e-05, -1.60819e-05, 
741, 21072.6, 16.7909, -0.39614, -16.4343, 9.13911e-07, 6.45105e-07, 1.40905e-05, 
742, 73216.7, 72.0979, -55.786, -23.2561, -3.44788e-05, -4.57312e-05, -1.48716e-05, 
743, 68823.4, 34.9217, -74.5765, 32.6234, -9.56158e-06, 2.67801e-05, 5.62806e-06, 
744, 21798.1, 26.5623, -32.09, 67.6864, -1.34095e-05, 6.3805e-06, -2.26676e-05, 
745, 324805, 68.2345, 91.4788, -75.4525, -7.5211e-06, -2.15145e-05, 1.52434e-05, 
746, 383522, 55.5721, -82.5971, 98.5417, -9.18382e-06, 1.36613e-05, -2.54521e-05, 
747, 30173, 12.1905, 70.5275, 5.17549, -1.98834e-06, -2.88465e-05, 2.27227e-06, 
748, 165036, 66.7688, 74.5786, 67.1911, -2.15368e-05, -2.52815e-05, -8.88998e-06, 
749, 99387, 43.7505, -7.97093, 27.9645, -2.02795e-05, 4.6858e-06, 3.43838e-06, 
750, 26637.8, -16.1047, -82.229, 78.2219, 2.2375e-06, 2.58577e-05, -2.74683e-05, 
751, 10934.7, -45.8361, -21.7312, -12.8993, 1.30787e-05, -7.91508e-06, 2.95472e-07, 
752, 49890.4, 59.2776, -49.6835, -7.6555, 8.35128e-06, 2.13098e-05, 5.8445e-05, 
753, 151897, -94.2111, 90.2035, 20.485, 2.78783e-05, -2.20594e-05, -7.39359e-06, 
754, 46704.5, -11.0574, -47.9823, 56.6562, -3.87999e-06, -1.29766e-06, -2.3553e-05, 
755, 181623, -40.6947, -9.80658, -89.3409, 8.36791e-06, -1.22271e-05, 4.33796e-05, 
756, 30594.7, -15.1529, -45.6239, 11.9797, -3.33022e-06, 7.57312e-06, -3.88336e-06, 
757, 11613.2, -13.4527, 3.86923, -37.7085, 2.39591e-06, -1.20709e-05, 2.43113e-05, 
758, 46658.6, -82.919, -72.7307, 50.0696, 2.45557e-05, 2.42189e-05, -6.97135e-06, 
759, 23579.1, -9.49178, -66.5786, 76.0084, -4.20681e-06, 1.85639e-05, -3.24415e-05, 
760, 68999.8, -93.454, -87.5566, -4.55415, 2.53295e-05, 2.34358e-05, 3.57325e-06, 
761, 22846.1, -25.6041, 19.4746, 78.9856, 6.84081e-06, 9.3939e-06, -2.88284e-05, 
762, 17699.7, -15.4807, 71.555, -58.4611, -5.902e-06, -2.19565e-05, 2.28003e-05, 
763, 105015, -14.902, 12.5987, 62.7579, 6.79362e-06, -3.88453e-06, -2.06261e-05, 
764, 23537.5, 61.3833, -70.0144, -57.9171, -1.22093e-05, 2.10426e-05, 2.00917e-05, 
765, 49203, -65.9284, 79.9542, 59.8343, 1.43816e-05, -2.64425e-05, -1.45177e-05, 
766, 25731.4, -87.9251, 62.7679, 97.8953, 2.07676e-05, -1.51713e-05, -2.24529e-05, 
767, 179824, -4.13708, -32.9988, -1.05581, -1.78677e-06, 8.13255e-06, -4.81296e-07, 
768, 208818, -46.7369, -28.0214, 34.7294, 1.13069e-05, 1.07043e-05, -2.82462e-06, 
769, 340528, 44.6085, -37.5817, -62.6474, -1.42948e-05, 2.54108e-05, 2.60839e-05, 
770, 18429.4, 39.6811, 39.9369, 53.5927, -1.36609e-05, -1.66112e-05, -1.70633e-05, 
771, 9118.47, -82.5917, -49.8268, -43.3808, 2.14179e-05, 5.01864e-05, 1.09904e-05, 
772, 10661.9, 64.7916, 3.58468, -38.9644, -2.56098e-05, -1.09645e-05, 1.74532e-05, 
773, 198575, -77.4194, 49.8693, 77.8064, 2.45007e-05, -1.83867e-05, -1.53583e-05, 
774, 2031.19, 2.73176, -57.5862, 64.256, -8.01104e-06, 1.82109e-05, -2.1203e-05, 
775, 260433, -15.691, -2.37194, -27.4185, 7.10665e-06, -7.51593e-06, 1.51653e-05, 
776, 56653.3, 63.8083, 41.2774, -24.3862, -2.29216e-05, -8.89713e-06, 1.43302e-05, 
777, 81988.9, 3.4748, -62.4285, -6.24631, -7.41374e-05, 5.72383e-05, -6.053e-05, 
778, 30322.8, 17.3315, -41.8268, -67.4686, -1.25614e-06, 1.08939e-05, 2.55405e-05, 
779, 1979.73, 20.5457, -86.0493, 60.8519, -7.08316e-06, 2.60088e-05, -1.40776e-05, 
780, 312189, 91.6863, 64.9431, -53.283, -2.83823e-05, -9.30703e-06, 1.53411e-05, 
781, 153669, -4.42046, 37.0127, -76.3532, 8.46807e-07, -9.44106e-06, 2.0771e-05, 
782, 29926.7, -51.0839, 43.1125, -9.58968, 1.4367e-05, -1.36814e-05, 8.88999e-06, 
783, 157548, -36.378, -77.0479, -57.4731, 4.83008e-06, 2.39779e-05, 2.51205e-05, 
784, 52502.3, -46.2897, -81.0917, -11.3821, 1.19054e-05, 3.35521e-05, 4.40576e-06, 
785, 120530, 87.8766, 50.563, 49.4755, -2.27084e-05, -1.17344e-05, -1.49453e-05, 
786, 252831, 35.5761, -71.3947, -85.0979, 2.66249e-07, 7.58113e-06, 2.31802e-05, 
787, 50001.9, 30.6363, 15.0086, 37.2694, -3.96661e-06, -5.64808e-06, 1.46112e-05, 
788, 82313.1, -14.8257, 55.7349, -96.9656, -4.04697e-06, -1.38781e-06, 2.729e-05, 
789, 267053, -4.86708, -76.7865, -70.2653, 3.68034e-07, 2.46769e-05, 2.37666e-05, 
790, 62933.1, 62.0621, 66.02, 96.0111, -1.75186e-05, -9.6387e-06, -2.57944e-05, 
791, 173038, -39.3645, 62.7088, 35.8206, 2.39488e-05, -2.52932e-05, -8.44655e-06, 
792, 6496.12, 19.8161, 59.1662, 49.1695, -1.07382e-05, -1.42579e-05, -4.16187e-06, 
793, 43798.7, 4.84071, -84.7724, -97.7619, 1.25175e-06, 1.85556e-05, 2.53777e-05, 
794, 28074, 44.8514, -0.633954, 38.4875, -2.70928e-05, 1.65128e-06, -2.28616e-05, 
795, 182409, 22.0375, -57.3969, 83.4351, -1.19825e-05, 1.83976e-05, -3.30148e-05, 
796, 81772.4, -88.0769, 80.4424, 4.60777, 1.684e-05, -1.5732e-05, 1.41739e-06, 
797, 16627.6, 60.0373, -80.8376, 47.0904, -3.70487e-06, 2.87279e-05, -1.01743e-05, 
798, 37215.4, -56.8183, 91.2684, -29.849, 9.80042e-06, -2.69805e-05, 7.38703e-06, 
799, 54624.4, 60.9078, -41.0733, -43.374, -1.90932e-05, 9.14046e-06, 1.08112e-05, 
800, 462420, 34.5537, 79.3029, 87.1737, -9.1436e-06, -1.67969e-05, -2.09495e-05, 
801, 88868.7, -3.94027, -16.9983, -12.2382, -1.89156e-07, -6.50097e-06, 1.39635e-05, 
802, 342093, 45.8326, -14.6018, -63.0635, -1.13104e-05, -5.37224e-06, 2.74597e-05, 
803, 68154.8, -15.3857, -66.3304, 58.5278, -1.86661e-05, 3.61465e-05, -4.12211e-05, 
804, 12021.6, 13.38, -55.0767, 54.2081, -1.08699e-05, 1.80234e-05, -1.51481e-05, 
805, 5134.61, 86.2343, 81.5035, -66.2341, 5.14234e-06, -9.1267e-06, -1.75007e-06, 
806, 53532.8, 84.6438, 10.7564, -27.9585, -3.10904e-05, -9.55086e-07, 1.63118e-05, 
807, 194843, -20.2141, 60.9029, 28.2112, 2.97491e-08, -2.88219e-05, 3.77141e-06, 
808, 102978, 27.4747, -14.375, 77.1285, -1.27598e-05, 5.41757e-06, -3.40459e-05, 
809, 106495, 74.3174, 84.7748, 48.8451, -1.90032e-05, -2.56327e-05, -7.36787e-06, 
810, 123823, 71.5399, -31.8839, -25.2298, -2.60877e-05, 2.70211e-06, 1.15925e-05, 
811, 63212.3, 29.7549, 85.1197, -82.8539, -6.55914e-06, -1.69812e-05, 1.89362e-05, 
812, 68389, -59.3385, 91.0146, 84.1935, 7.5271e-05, 1.09144e-05, -6.48695e-05, 
813, 10122.1, 56.209, -97.0783, 22.2171, -1.2758e-05, 3.27461e-05, 1.71071e-08, 
814, 168107, 98.2727, 58.5235, 48.4021, -3.08047e-05, -1.61195e-05, -1.06542e-05, 
815, 55858.4, -12.3899, 27.9306, 99.9154, 7.03357e-06, -4.5337e-06, -3.80752e-05, 
816, 26276.5, 89.7046, -55.4899, 43.4996, -2.61614e-05, -9.70943e-07, -7.3976e-06, 
817, 937.795, -44.1034, -54.4711, -41.1599, 1.26488e-05, 2.41544e-05, 1.96688e-05, 
818, 32944.9, -30.0722, -87.2584, -75.7022, 4.55093e-06, 2.36293e-05, 2.26489e-05, 
819, 79145.1, 75.0091, 90.7218, -3.29881, -3.63778e-05, -2.14445e-05, -1.88336e-06, 
820, 54121, -65.729, -39.595, -36.9135, 5.75038e-06, 9.7567e-06, 2.15072e-05, 
821, 82618.1, 55.6421, 23.8068, 36.933, -1.81989e-05, 6.53887e-06, -1.51836e-05, 
822, 106234, 68.9212, 60.5942, 48.1488, -1.8806e-05, -1.792e-05, -9.59416e-06, 
823, 153890, -50.6129, -69.6142, 34.752, -1.55668e-05, 2.33837e-05, -2.03941e-05, 
824, 104238, -99.2423, 83.7723, -35.0532, 2.32558e-05, -2.24462e-05, 6.40155e-06, 
825, 40374.4, 3.22166, 0.227596, 26.3293, -1.76918e-06, 8.73429e-08, -9.91468e-06, 
826, 2868.92, -14.1129, -89.5379, -13.0667, 1.13807e-05, 4.20742e-05, -1.1668e-06, 
827, 198651, -77.1823, -85.1999, -37.3462, 2.25912e-05, 2.74032e-05, 1.12241e-05, 
828, 35194.3, -44.2944, 98.1608, 47.6937, 1.08892e-05, -3.52099e-05, -6.94216e-06, 
829, 59762.4, -93.3434, 80.5955, -0.191995, 3.05959e-05, -1.61854e-05, 1.03126e-05, 
830, 100720, -92.6163, 96.4653, -80.7924, 1.3615e-05, -1.95851e-05, 1.20184e-05, 
831, 16247.7, 12.722, 71.4846, 49.249, 1.46615e-06, -3.65995e-05, -2.46105e-06, 
832, 80633.7, 2.72595, -40.2991, 7.72376, -4.33242e-06, 1.64735e-05, -6.828e-06, 
833, 18042.1, 16.7635, -32.6886, -45.964, -3.17791e-06, 1.06291e-05, 1.9243e-05, 
834, 142643, 21.7177, -42.8159, 29.1879, -2.08583e-06, 1.03496e-05, -5.72695e-06, 
835, 28664.8, -73.3564, 38.5546, 7.16998, 2.84161e-05, -3.69161e-05, 3.09828e-06, 
836, 72336.7, -43.9895, 57.3796, -35.2904, -1.34521e-07, -1.96527e-05, -4.32321e-06, 
837, 210223, -36.6553, -95.2234, 41.7082, 8.32818e-06, 3.69196e-05, -6.00283e-06, 
838, 5484.94, 77.7997, 97.9054, -40.5823, -1.61862e-05, -3.45463e-05, 8.38705e-06, 
839, 30369.1, -92.1558, 16.8323, -23.2103, 2.97358e-05, -1.32684e-05, 2.98216e-06, 
840, 76508.4, -99.6804, -68.5159, 76.6232, 3.93599e-05, 7.4825e-06, -2.40363e-05, 
841, 26881, 58.4416, -36.7906, -51.9757, -2.21279e-05, 4.33768e-06, 8.71402e-06, 
842, 2576.41, -12.3417, 88.0021, 16.2494, 2.85118e-06, -3.8194e-05, 2.33339e-06, 
843, 62074.2, 67.513, -24.2171, 19.5099, -1.85641e-05, 8.29925e-06, -4.34003e-06, 
844, 38151.2, 68.5393, 2.54336, -84.48, -7.15737e-06, -6.01472e-06, 2.59315e-05, 
845, 108625, -5.26574, 18.4402, 30.5604, 7.84526e-06, -8.33198e-06, -9.40339e-06, 
846, 507868, 70.9211, 60.1053, -29.452, -3.00522e-05, -2.84848e-06, 6.15593e-06, 
847, 57393.8, -14.4105, -96.6339, 58.2374, 1.53215e-06, 3.67173e-05, -9.10828e-06, 
848, 124368, 75.1313, -29.9586, -57.4745, -2.88765e-05, 4.15271e-06, 2.16231e-05, 
849, 50644.5, -15.8365, -51.265, 84.6339, 5.38473e-06, 7.73098e-06, -3.02772e-05, 
850, 182584, 85.1961, 76.2265, -94.427, -1.53394e-05, -9.68041e-06, 2.40312e-05, 
851, 48938.4, -20.9624, 29.01, -63.9721, 5.31785e-06, -8.83433e-06, 1.84836e-05, 
852, 239479, -37.0205, 43.0522, 71.4828, 9.17147e-06, -1.13689e-05, -1.98321e-05, 
853, 58340.6, -85.9109, -88.2247, -97.1122, 1.14108e-05, 1.42793e-05, 2.19513e-05, 
854, 4589.88, -9.35426, 94.6974, 79.4951, 5.73337e-06, -2.96146e-05, -1.60079e-05, 
855, 37797.2, 88.1469, -31.2631, 48.6876, -2.99847e-05, 1.08905e-05, -1.15605e-05, 
856, 16614.6, 49.6548, -18.4247, -56.9317, -2.79477e-05, 8.6433e-06, -5.14904e-07, 
857, 181627, -53.2483, -93.7259, 80.596, 1.12327e-05, 3.15015e-05, -1.92846e-05, 
858, 81470.9, -75.0469, 11.8154, -74.5823, 1.03723e-05, -4.90285e-06, 2.91247e-05, 
859, 37877.6, 44.7557, 97.2486, 31.452, -6.42098e-06, -3.45732e-05, -6.79621e-06, 
860, 193807, -82.5566, -37.7126, -71.498, 2.40769e-05, 7.46757e-06, 2.05966e-05, 
861, 5734.31, -57.5694, 11.9158, 62.6688, 1.17169e-05, -1.7572e-05, -1.68405e-05, 
862, 176077, -36.085, -77.5782, 69.5141, 3.39327e-06, 3.18684e-05, -2.13556e-05, 
863, 104581, 46.8106, 88.1631, -84.0674, -5.35787e-06, -1.85321e-05, 2.1168e-05, 
864, 21790.1, 54.5824, 99.0818, 35.042, -1.36567e-05, -3.23809e-05, -8.8367e-06, 
865, 104432, 82.1074, 53.2532, 98.6975, -1.78399e-05, -1.00429e-05, -2.15483e-05, 
866, 15719.8, -19.3172, 41.0336, -64.0179, 4.8831e-06, -1.17467e-05, 1.71238e-05, 
867, 8643.74, 70.853, 73.5245, 91.3545, -1.95009e-05, -1.65141e-05, -2.18537e-05, 
868, 12852.4, 13.8006, -42.1666, 71.9821, -8.40332e-06, 1.55369e-05, -1.76371e-05, 
869, 192516, 22.2517, -96.0175, 14.3594, -9.37973e-06, 3.42824e-05, -1.05131e-06, 
870, 39470.1, -13.3823, 62.1145, 12.7501, 1.33905e-05, -2.39883e-05, 1.19817e-05, 
871, 76.3458, 30.9141, 55.6846, 57.2536, -1.46275e-05, -1.0093e-05, -1.43801e-05, 
872, 106.542, 83.6656, -50.729, 33.2588, -2.93657e-05, 1.06353e-05, -8.50686e-06, 
873, 119091, -8.7525, 38.4397, -99.4647, 1.41041e-06, -8.27171e-06, 2.92997e-05, 
874, 16133.4, -77.9351, 16.1687, -65.4323, 1.05519e-05, -1.35825e-05, 2.09185e-05, 
875, 37378.9, -35.805, 93.9117, 79.2278, 3.17605e-06, -2.909e-05, -1.55228e-05, 
876, 179333, 0.585473, -99.5459, 90.4981, -3.10583e-06, 2.64992e-05, -2.26852e-05, 
877, 40820.7, 62.7477, -32.9205, 70.4242, -1.68035e-05, 1.17131e-05, -1.8283e-05, 
878, 120207, -63.7934, 46.5108, -61.0471, 5.18677e-06, -9.84838e-06, 1.38505e-05, 
879, 223373, 27.5373, -8.72553, 51.015, 4.33746e-06, -1.30593e-05, -2.59085e-05, 
880, 139560, -72.4541, 33.5521, 6.95598, 2.27173e-05, -1.61062e-06, 3.26389e-06, 
881, 107947, 81.679, 1.05367, 26.9763, -2.60459e-05, 1.0372e-05, -3.77569e-06, 
882, 73397.6, 43.8771, 0.415721, 34.2266, -1.8564e-05, -8.5826e-06, 4.0463e-06, 
883, 280129, 85.6748, -10.7814, 54.0973, -3.07804e-05, 5.65335e-06, -1.23416e-05, 
884, 35900.5, 91.9883, -65.1597, -65.8802, -2.76193e-06, 2.24938e-05, 1.9205e-05, 
885, 287432, 30.6117, -60.6006, -54.447, -7.40081e-06, 2.14461e-05, 1.91774e-05, 
886, 198421, 68.9419, -72.9212, 42.7568, -2.27608e-05, 2.03598e-05, -8.77176e-06, 
887, 218240, -54.4843, -32.7764, -87.6145, 1.17815e-05, 1.53791e-05, 2.80236e-05, 
888, 18087.8, 81.6733, -47.7896, 46.4761, -2.65294e-05, 7.56259e-06, -1.27936e-05, 
889, 26048.5, 78.2581, -22.6173, 83.4642, -3.30639e-05, 2.71263e-05, -9.20922e-06, 
890, 6213.29, -4.52845, -3.73796, 31.4773, 4.84706e-06, 1.92856e-07, -1.1282e-05, 
891, 184599, 13.1415, 45.2895, 91.8108, -5.95215e-06, -8.71491e-06, -2.67059e-05, 
892, 106094, 97.0519, -85.5606, 55.5076, -2.79154e-05, 7.63348e-06, -1.96872e-05, 
893, 56010.3, -74.2124, -41.3156, -31.4106, 2.97879e-05, 1.37611e-05, 2.57309e-05, 
894, 198884, -69.4163, 8.17474, 46.3422, 2.80926e-05, -9.35816e-06, 1.99034e-05, 
895, 56096.8, -8.37, 41.8262, -41.0252, 4.24102e-06, -1.32497e-05, 1.60496e-05, 
896, 25853.2, -27.5526, -4.36717, -49.9742, 3.24573e-06, -8.68571e-06, 1.60181e-05, 
897, 45164.9, 84.0428, 81.5436, -37.2716, -4.96589e-05, -3.44232e-05, 3.53435e-06, 
898, 117075, 42.3874, -43.3226, -93.9986, -2.19226e-05, 1.5534e-05, 2.4411e-05, 
899, 53324, 30.9939, -10.9586, 50.4456, -7.5856e-05, 3.83935e-05, -1.38879e-05, 
900, 19146.6, -87.7276, 58.7128, 63.0437, 2.89676e-05, -1.38643e-05, -8.52592e-06, 
901, 91320.5, -35.3723, -15.3857, -56.5049, 1.86377e-06, -5.65936e-06, 2.27915e-05, 
902, 45862.4, -8.34533, -37.1741, -3.46637, 2.00839e-05, 2.94103e-05, 1.07186e-05, 
903, 173647, 11.9656, 13.6057, 14.9042, -1.4199e-05, -6.64417e-06, -7.53096e-06, 
904, 55139.1, -96.9314, -66.2368, -47.2611, 2.87832e-05, 1.68465e-05, 9.16411e-06, 
905, 161688, -92.6133, 13.4191, 94.2825, 3.24576e-05, -3.29507e-06, -2.54682e-05, 
906, 207642, 18.837, 84.3893, -94.7494, -3.11799e-06, -1.67988e-05, 2.40597e-05, 
907, 268044, 30.4888, 71.1517, 55.2588, -7.82008e-06, -1.62536e-05, -5.73058e-06, 
908, 170112, -53.9593, 2.56815, -36.5544, 1.20693e-05, -1.07943e-05, 1.17798e-05, 
909, 15459, 96.8515, 65.3603, 95.4006, -2.13506e-05, -9.30964e-06, -1.65677e-05, 
910, 158866, 52.624, 5.59698, -33.8213, -1.489e-05, -2.61595e-06, 1.26148e-05, 
911, 878.419, 25.074, -93.6036, -46.3472, -6.5373e-06, 3.07796e-05, 1.29471e-05, 
912, 42383.7, 90.1859, -22.4395, -27.3723, -3.27512e-05, 3.10749e-06, 1.13527e-05, 
913, 1697.36, 95.4386, 94.7074, 46.1405, -1.98242e-05, -2.1712e-05, -6.8673e-06, 
914, 181519, -71.1428, -46.2654, -25.0819, 1.48751e-05, 1.52975e-05, -2.87472e-05, 
915, 47429.5, 71.9385, 25.172, -28.0597, -5.33625e-05, 0.000250985, 0.000109218, 
916, 238716, 19.7488, -35.3791, -90.247, -7.41885e-06, 8.72202e-06, 2.79781e-05, 
917, 146497, -55.6064, 54.783, -1.42817, 1.29088e-05, -1.77184e-05, 5.46342e-06, 
918, 63190.9, -47.7714, 1.55444, 6.71936, 1.48433e-05, -9.34841e-06, 4.9377e-06, 
919, 126560, -8.81802, -49.4733, -75.9826, 3.18813e-06, 1.57664e-05, 2.79173e-05, 
920, 88712.6, -22.8437, -9.72035, 57.5808, 4.83677e-06, -2.16615e-05, -4.81526e-06, 
921, 91136.8, -36.801, 89.2371, 51.9459, 1.07648e-05, -3.54761e-05, -1.33973e-05, 
922, 7693.11, 75.6571, 28.5593, -55.1186, -2.81555e-05, 3.11561e-06, 2.26232e-05, 
923, 79346, -27.372, 57.3441, -3.12394, 1.15319e-05, -2.02231e-05, 9.88126e-06, 
924, 43141.3, -34.2934, 45.5774, 58.4988, 4.03492e-06, -1.21302e-05, -8.86894e-06, 
925, 104695, 77.3672, -94.952, 82.8048, -1.3247e-05, 2.11212e-05, -1.45851e-05, 
926, 151287, 15.168, -59.0918, 71.0033, -7.92161e-06, 2.13964e-05, -1.9112e-05, 
927, 44250.1, -43.2135, -72.5667, 4.06096, 1.22004e-05, 3.06083e-05, -1.88689e-06, 
928, 54026.6, 95.0421, -57.4672, -74.4869, -2.1392e-05, -2.07126e-06, 2.53222e-05, 
929, 43293.1, -65.9458, 41.3291, -26.1027, 1.51951e-05, -1.11002e-05, 6.84184e-06, 
930, 26513.8, 44.9323, 28.6012, 50.5949, -1.66892e-05, -1.63678e-05, -2.00333e-05, 
931, 49162.3, -45.233, 75.6783, -41.2605, 7.73299e-06, -2.64534e-05, 7.31578e-06, 
932, 57793.4, 72.8739, -96.584, 71.7623, -1.07421e-05, 2.46791e-05, -1.13064e-05, 
933, 205210, -65.1993, -61.9649, 70.5679, 1.586e-05, 1.52379e-05, -1.78849e-05, 
934, 149814, 82.0257, -70.6434, -54.9779, -1.72957e-05, 1.85011e-05, 1.91757e-05, 
935, 61765.5, -78.3598, 44.4954, 14.6736, 3.04359e-05, -1.87957e-06, -1.11253e-05, 
936, 16804.8, -18.6745, -18.8091, 2.43742, 2.54515e-05, 4.57247e-06, 1.70517e-05, 
937, 8794.23, -75.4714, -45.3345, -88.1219, 8.63172e-06, 1.11471e-05, 2.64635e-05, 
938, 144132, 95.0551, -84.6448, 33.961, -2.48877e-05, 1.893e-05, 1.56775e-06, 
939, 224139, -29.2009, -77.9771, -1.00981, 8.7793e-06, 2.93781e-05, 3.67466e-07, 
940, 51572.3, 22.2619, -19.6395, 37.6331, -5.44846e-09, 9.71132e-06, -4.95951e-06, 
941, 963.878, 68.637, -70.5293, -40.4852, 3.63577e-06, 5.1401e-06, 3.76898e-05, 
942, 31041.5, 22.7377, 57.6061, 64.8186, -1.33797e-05, -8.40661e-06, -1.71809e-05, 
943, 124927, 44.8839, 40.9345, -13.8735, 1.98204e-06, -9.01148e-06, 1.00559e-05, 
944, 123216, 97.1808, 35.0808, 29.3648, -3.7692e-05, -1.52588e-05, -7.44519e-06, 
945, 29406.9, 99.1097, 81.3166, -24.7893, -3.13608e-05, -1.78988e-05, 5.78286e-06, 
946, 161781, 33.5991, 17.634, -76.96, -6.78849e-06, -2.72878e-06, 2.87058e-05, 
947, 247605, -87.6643, 52.717, -84.3388, 1.53057e-05, -1.60909e-05, 2.62745e-05, 
948, 255651, -35.2551, -43.6664, -49.4369, 1.41177e-05, 2.35015e-05, 3.00561e-05, 
949, 63475.4, 50.4379, 61.3478, -98.3305, -8.52328e-06, -1.08052e-05, 2.57973e-05, 
950, 375260, -84.7367, 98.7278, 34.1424, 1.6722e-05, -2.76965e-05, -7.17554e-06, 
951, 143416, -74.7372, 81.6844, 42.9488, 2.18658e-05, -2.22914e-05, -9.43057e-06, 
952, 147240, -4.3123, 62.3334, 16.0888, 4.5438e-06, -2.2777e-05, -1.82312e-06, 
953, 3785.25, -37.8296, -99.5169, 94.1606, 3.8806e-06, 2.74313e-05, -2.18742e-05, 
954, 6177.06, -88.0366, -2.88408, -28.0495, 0.000155135, -6.49414e-05, -5.25971e-05, 
955, 56293.9, 53.1453, -1.95393, -59.3371, -1.88123e-05, -8.50797e-06, 2.48948e-05, 
956, 9033.4, -45.0423, -49.7871, -81.1123, 5.16209e-06, 1.81649e-05, 2.81856e-05, 
957, 60737.5, 67.6679, 27.4243, 46.5945, -2.24461e-05, -1.10511e-05, -2.15675e-05, 
958, 9226.1, -74.5378, -80.911, -46.5337, 1.7732e-05, 2.10579e-05, 2.20006e-05, 
959, 159274, -22.8843, 50.5185, 87.9792, 5.59559e-06, -1.01353e-05, -2.37594e-05, 
960, 139648, -57.2731, 92.2907, 82.523, -1.34558e-05, -4.64536e-05, 9.55501e-06, 
961, 35887.2, 37.038, 51.4458, -94.7283, -7.75814e-06, -1.09732e-05, 2.77429e-05, 
962, 85192.4, -94.9654, 86.4477, -14.8184, 2.15783e-05, -2.14571e-05, 5.05855e-06, 
963, 110696, -32.06, 46.2936, 89.2362, 1.72173e-05, -8.15087e-06, -3.253e-05, 
964, 80118.9, -62.3063, 59.6399, 54.3607, 2.10521e-05, -2.14337e-05, -1.00658e-05, 
965, 209811, 66.6772, 68.4914, -35.5055, -9.43989e-06, -3.36827e-05, 4.52986e-05, 
966, 183260, 42.7015, 54.8431, -31.493, 1.50593e-06, -2.61396e-05, 1.68971e-05, 
967, 171816, -50.6854, 51.6738, 57.8066, 6.44917e-06, -2.86099e-05, -1.4696e-05, 
968, 137162, -67.9729, 8.25644, 52.9668, 2.97028e-05, -3.19137e-06, -2.18039e-05, 
969, 136529, 19.3991, 56.6912, 92.2791, -1.10386e-05, -1.73361e-05, -2.793e-05, 
970, 28336.5, -19.8028, -17.988, -85.9469, 2.76642e-06, 1.1815e-06, 3.73159e-05, 
971, 109862, 52.3334, -69.2697, 37.2827, -8.3305e-06, 2.49248e-05, -5.01893e-06, 
972, 38366.4, -20.4627, -8.86398, -57.0126, 9.18002e-07, -6.05493e-06, 2.01399e-05, 
973, 20945.9, -68.4275, 94.4413, -50.8211, 1.20171e-05, -2.66775e-05, 6.99772e-06, 
974, 140460, 58.4643, -14.6828, -8.94761, -1.68478e-05, 1.24716e-06, 5.65011e-06, 
975, 7167.74, -34.1722, -22.8958, -90.3155, -6.30218e-06, 1.10168e-05, 4.08584e-05, 
976, 89096.6, -43.657, -57.4206, 5.19969, 2.78272e-06, 8.75995e-06, -1.1244e-05, 
977, 22430.1, 7.67937, -50.8544, -57.3828, -1.78083e-06, 1.74438e-05, 2.20997e-05, 
978, 203672, -62.909, 75.7796, -62.319, 1.04339e-05, -2.33076e-05, 5.64024e-06, 
979, 23503.1, 93.4058, 80.5302, 49.1363, -2.3472e-05, -2.2352e-05, -8.96884e-06, 
980, 133124, -64.0088, 81.7531, 38.2499, 8.93163e-06, -2.52334e-05, -2.59553e-06, 
981, 237355, -61.388, -85.9906, 26.3971, 1.56713e-05, 3.97104e-05, -4.8088e-06, 
982, 148031, 14.694, -58.4866, 17.2835, -4.24693e-06, 3.07219e-05, -2.71742e-06, 
983, 42760.4, 75.7581, -92.8898, -38.271, -1.66256e-05, 3.51046e-05, 9.39795e-06, 
984, 79636, -53.1808, 85.1499, 8.62754, 9.64696e-06, -2.77044e-05, 3.45102e-06, 
985, 13849.8, -17.358, 68.1057, 53.1058, -6.91067e-06, -1.4007e-05, -3.4689e-05, 
986, 30831.1, 23.9825, 79.4999, 90.3729, 2.02222e-05, -1.90338e-05, -3.30408e-05, 
987, 141699, 75.9524, -15.3343, 8.52227, -5.55689e-06, -1.6445e-06, -9.29012e-06, 
988, 94607.7, 78.3216, -12.2335, 77.0726, -3.03052e-05, 1.98666e-06, -2.5741e-06, 
989, 13606, -3.52412, -39.665, -15.3396, -2.86112e-06, 1.7823e-05, 1.30996e-05, 
990, 120034, -49.9249, 86.3855, -63.0654, 5.15001e-06, -2.69188e-05, 1.05796e-05, 
991, 110009, -42.7049, -8.90832, -50.1233, 1.2246e-05, -1.05894e-05, 1.56673e-05, 
992, 136329, -25.82, 27.1173, 78.2379, 7.4722e-06, -4.49398e-06, -2.38988e-05, 
993, 37150.9, 87.3735, 78.6842, -41.9418, -3.87406e-05, -1.94204e-05, 1.64951e-05, 
994, 362505, 66.4454, -10.5108, -41.4598, -4.35644e-05, 2.73024e-05, 1.38193e-05, 
995, 126534, 54.7458, 65.8115, -42.0197, -4.49192e-07, -2.25395e-05, 2.34139e-05, 
996, 13446.2, 62.1071, -62.86, -3.62074, -1.55489e-05, 4.11279e-05, 2.4222e-06, 
997, 119888, 31.748, 48.4125, -8.45645, 3.74065e-07, -1.80068e-05, 2.81626e-06, 
998, 34224.2, 33.3746, 68.7376, 90.7219, -7.38724e-06, 7.16343e-06, -3.27743e-05, 
999, 144060, -6.29614, -66.9145, 9.67395, 2.9211e-07, 2.37683e-05, -3.86701e-06, 
