ID, Mass [kg], pos_0 [m], pos_1 [m], pos_2 [m], vel_0 [m/s], vel_1 [m/s], vel_2 [m/s], 
0, 94943.7, 16.3857, -0.528232, -18.6945, -0.000293407, -2.10642e-05, 0.000398411, 
1, 62676.1, 19.8827, 17.0933, 15.0854, -0.000367097, -0.000249381, -0.000181989, 
2, 129817, 8.32602, 0.121548, 12.6525, -0.000766677, -1.91739e-05, -0.000518478, 
3, 116722, -18.0398, -15.5656, -10.8569, 0.000481034, 0.00019168, 0.000257957, 
4, 50768, 6.1888, -3.76548, -7.2007, -0.000208294, -6.77541e-05, 0.000215442, 
5, 151125, -10.3317, 16.7594, 10.5786, 0.000288281, -0.000731879, 0.000115365, 
6, 8210.88, -16.7058, 5.78033, -7.41048, 0.000449494, 0.000339012, 7.455e-05, 
7, 64135.2, 15.1754, -10.928, 10.6442, -0.000488451, 0.000570026, -0.000214831, 
8, 49086.3, 2.99466, 1.34225, 12.5463, -0.000556686, -0.000112388, -0.000423278, 
9, 179608, 13.3136, 12.7891, 19.4154, -0.000334405, -0.000208991, -0.000388897, 
10, 140950, 12.1664, -10.5459, -6.63536, -0.000405743, 0.000274747, 0.00014457, 
11, 1383.39, 13.0815, 6.64531, 12.6282, -0.000450204, -0.0001516, -0.000342601, 
12, 250361, -0.740464, -10.2561, 12.6833, 3.55701e-05, 0.000508016, -0.000395422, 
13, 41751.1, -17.0326, 13.5221, 10.4252, 0.000549941, -0.000417026, -0.000207369, 
14, 18464.4, 15.1522, 9.64719, 3.49428, -0.000433167, -3.58272e-05, -9.37727e-05, 
15, 47062.8, -18.7138, -1.33399, 1.54451, 0.000721444, 0.000299388, 0.000190588, 
16, 93408.5, 8.89816, -4.77608, -12.5754, -0.000288092, 5.97507e-05, 0.000235525, 
17, 63985.3, 13.899, -7.69665, 9.93302, -0.000519683, 0.000797326, -0.000201811, 
18, 495397, -6.19109, -19.6019, -14.8758, -7.22599e-06, 0.0006026, 0.000455302, 
19, 8175.9, 0.537155, 7.52995, 12.5819, -0.000233597, 4.01378e-05, -0.000219917, 
20, 133265, -16.9334, 19.7237, -11.2973, 0.000207433, -0.000753056, 0.000239391, 
21, 62915.9, -15.786, -7.37959, -2.93547, 0.000362639, 0.000182371, 0.000262972, 
22, 26672.9, -1.8024, 8.84608, -3.7621, -5.84609e-05, -9.52123e-05, 0.000339353, 
23, 10031, 13.2922, -8.11115, 7.99486, -0.000349113, 0.000701512, 0.000342759, 
24, 97630.6, 0.0275925, -4.18764, 14.4958, 0.00014, 0.000288861, -0.000721266, 
25, 3753, 5.69415, -14.6541, 7.17145, -0.000129536, 0.000462442, -0.000236418, 
26, 274293, -16.8816, 10.4477, -8.99969, 0.000472762, 0.000262748, -0.000265256, 
27, 10704.8, 12.248, -2.6731, 8.30514, 5.28581e-05, -0.000727953, 0.000715605, 
28, 54714.2, 3.39726, -11.3478, 16.5492, -0.0002043, 0.000447264, -0.000624078, 
29, 62041.6, 6.55147, -9.04899, 1.82534, -0.000254787, 0.000214617, 1.68525e-05, 
30, 83991.8, -16.1868, 7.71037, 10.7895, 0.000536327, -0.00115727, -0.00119718, 
31, 85336, -7.33496, 14.6921, -4.85891, 8.69472e-05, -0.000387549, 0.000146164, 
32, 6405.9, -0.472278, 5.25407, 7.1789, -0.000251261, -7.63569e-05, 8.30649e-05, 
33, 6024.27, -1.58364, -8.286, 13.848, 0.000394899, -8.50479e-05, -0.000843676, 
34, 37843.3, 18.5688, 13.2303, 2.77098, -0.000582701, -0.00020212, -0.000197427, 
35, 113731, -10.3827, 11.847, 14.7212, 0.000416538, 0.000282685, -0.000454305, 
36, 1721.18, -18.8733, 2.01325, -1.17066, 0.000657695, 0.000138887, 0.000369925, 
37, 497942, -13.3999, 0.307205, 6.72403, 0.000297829, 0.000481192, -0.000324246, 
38, 27248.6, -3.49686, -10.7541, 3.58857, 7.50596e-05, 0.000207085, 0.000808518, 
39, 70169.5, 0.536544, -5.11661, 10.8653, -5.12514e-05, 0.000351037, -3.76136e-05, 
40, 82630.2, -5.8435, -2.41456, 4.21846, -7.70656e-05, 0.000231926, -8.81751e-06, 
41, 36719.1, 10.18, -0.185263, -16.3818, -0.000235521, -0.000199889, 0.000435429, 
42, 29280.3, -9.21342, -15.4868, 13.7337, 0.00021998, 0.000427722, -0.000408046, 
43, 14429.9, 9.38378, 13.7384, 11.8934, -0.00061528, -0.00029976, -0.000273031, 
44, 46028.9, -17.9248, -8.13791, 0.740797, 0.00070469, -0.000482508, 0.00129757, 
45, 49132.5, 6.08439, 13.732, 1.38231, -0.000253312, -0.000116863, 0.00040779, 
46, 99196.6, 17.641, 2.84119, -13.5836, -0.000352945, -0.000108048, 0.000263935, 
47, 23307.7, -14.2395, 8.24573, -4.87777, 0.000135433, -4.09032e-05, -4.16491e-05, 
48, 68725, -2.98311, 9.56176, 4.95869, 9.54008e-06, -0.000200984, 0.000110023, 
49, 44059.3, 0.795629, 6.04503, -8.00067, -0.000124341, -0.000115277, 0.000365636, 
50, 30410.5, 7.86784, 3.57605, -1.97894, -0.000300214, -0.000106421, 0.000276112, 
51, 50893.4, 17.0388, -8.88903, 15.923, -0.000459692, 0.000319975, -0.00040835, 
52, 143593, 18.8736, 3.34787, 18.8992, -0.000408651, -3.00907e-05, -0.00033435, 
53, 21526.1, -19.2218, 13.3803, 15.2508, 0.000552547, -0.000313107, -0.000395346, 
54, 3371.29, -11.9307, 6.09178, -19.2692, 0.00012115, -7.75104e-06, 0.000631827, 
55, 71829.6, 2.87414, 17.4451, 15.0613, -0.000199611, -0.00111836, -0.000639377, 
56, 117977, -12.747, -17.7664, 3.68565, 0.000381376, 0.000477253, -0.000174757, 
57, 88711.1, -8.11871, 16.9961, -16.9136, -8.66206e-05, -0.0002981, 0.000405633, 
58, 75328.6, 1.74269, -11.1921, -11.1536, -0.000301539, 1.33223e-05, 0.000100912, 
59, 259081, 18.916, -5.18242, -8.23693, -0.000465123, 6.10516e-05, 0.000196468, 
60, 62103.3, -11.7702, 18.8266, -19.3985, 9.70067e-05, -0.000331087, 0.000454789, 
61, 225027, 0.774981, 17.8992, -5.25167, -9.07615e-05, -0.000578041, 0.000150663, 
62, 49835.1, -0.804408, 12.3463, 19.5137, -0.000214947, -0.00026903, -0.00108851, 
63, 10291, -8.59301, 12.737, -8.76725, -0.000103229, -0.000240591, 0.000320308, 
64, 33558.3, 13.0382, 1.15199, 7.26457, -0.000539692, -0.00023472, 5.96852e-05, 
65, 44258.8, -7.369, 15.3823, -8.17704, -2.94942e-05, -0.000460209, 0.000405484, 
66, 14345.9, -9.14114, 12.5333, 0.448705, 0.000199171, -0.00041024, 0.000129203, 
67, 204759, -6.16423, -12.1115, 6.8313, 0.000228658, 0.000475327, -0.000319399, 
68, 120827, -3.12888, 12.0489, 14.6981, 7.92679e-05, -0.0012118, 0.00362606, 
69, 25946.8, -0.555969, -11.6572, -13.3267, 3.48295e-05, 0.000616991, 0.000453952, 
70, 169218, -13.8902, 3.94463, 3.09036, -0.000267944, -1.07508e-05, 0.000955293, 
71, 8726.37, -7.34887, 9.49569, -11.509, -0.000212989, -0.000157011, 0.000451096, 
72, 179484, -4.94202, -0.568862, 0.668328, -9.2978e-05, -1.70136e-05, 0.000288631, 
73, 225280, -11.545, -14.2381, -14.5013, 0.000345799, 0.0001163, 0.000404641, 
74, 1065.8, -1.50029, -13.9073, -5.44483, -6.256e-05, 0.000366819, 2.02172e-06, 
75, 23039.3, 8.60195, 19.7903, -19.3199, -0.000118407, -0.000257807, 0.000298398, 
76, 97718.6, -2.21528, 3.25092, 15.499, 5.91178e-05, 2.71735e-05, -0.000668018, 
77, 97225.7, 7.86709, -1.44953, 0.589588, -0.000377795, -0.000137101, 0.000136389, 
78, 108293, 6.73564, -13.2601, 1.4404, -0.000232501, 0.000414817, 5.54627e-06, 
79, 20755.1, -10.738, 5.93561, -17.1166, 1.1294e-05, 3.09523e-05, 0.000616096, 
80, 12051.5, -14.1825, 11.1354, 9.29, 0.000313042, -0.000524635, -0.000101573, 
81, 7274.55, 11.4175, -18.6353, -15.7062, -0.000127498, 0.000344426, 0.000255806, 
82, 41167, 16.7134, -3.11402, 0.548826, -0.000516693, 6.32346e-05, 4.97052e-05, 
83, 17941.4, -6.36248, -15.3929, 12.0918, 0.00010829, 0.000549154, -0.00039758, 
84, 44427.1, 11.0931, 5.69384, -4.56383, -0.000316061, -8.53362e-05, 0.000257676, 
85, 22172.5, 15.5395, -19.7359, -8.5214, -0.000239645, 0.00037874, 4.70788e-05, 
86, 31611.7, -16.1757, 7.3109, 10.5616, 0.000222396, 0.00113904, -0.00103012, 
87, 26634.8, -16.4216, -3.78714, -6.83204, 0.000305367, 0.00015958, 0.000208882, 
88, 75754.5, 8.87158, 11.9858, -12.7418, -0.000160078, -0.000213974, 0.000347163, 
89, 113107, -16.7493, -19.2956, 12.1486, 0.000265821, 0.000340796, -0.000237784, 
90, 27261.6, -11.2478, -8.88217, -0.825504, 0.00028187, 0.000178214, 0.000103108, 
91, 351484, -1.68619, 15.3754, 1.69673, 9.21818e-05, -0.00048439, 0.00010682, 
92, 329973, -10.7641, 3.50899, 16.6174, 0.000314522, 8.51572e-05, -0.000576487, 
93, 29994.8, -19.549, -10.7468, 11.5394, 0.000413092, 0.000262986, -0.000269102, 
94, 66540.9, 14.0923, 13.6579, -10.9619, -0.000139127, -0.00025912, 0.000382842, 
95, 84875.3, -3.27239, -10.8616, 4.5718, -0.00024133, 0.000329284, -0.000220462, 
96, 264300, -18.021, 8.1498, 3.46783, 0.00085509, -0.00143999, 0.000165386, 
97, 86518.6, -10.9463, -6.50304, 19.7609, 0.000254616, 0.000276299, -0.00049805, 
98, 315093, 18.8885, 13.5265, -3.31428, -0.000481339, -0.0002287, 0.000126318, 
99, 201632, 3.22661, -16.3638, -10.8085, -0.000511276, 0.000701968, -4.25978e-05, 
100, 359073, -13.256, 8.50784, -11.2903, -0.000166414, 0.000190129, 0.000492208, 
101, 54977.4, 15.827, 11.2336, 0.156948, -0.000332626, -5.6077e-06, -3.26905e-05, 
102, 118203, 14.0327, -4.13415, 14.5085, -0.000520322, 0.000150696, -0.000654242, 
103, 14953.6, 17.9525, -19.5595, -9.00829, -0.000372758, 0.000327883, 4.16437e-05, 
104, 46864, 1.52461, -14.6707, -9.24153, 0.000130974, 0.000172599, -0.000383375, 
105, 25231.1, -17.6382, 15.5018, 10.3369, 0.00058173, -0.000666081, -0.000159392, 
106, 30079, -6.75858, -9.29848, 18.5612, 0.000135621, 0.000357318, -0.000517265, 
107, 3629.19, 14.043, -4.13109, 14.5077, 0.000313896, 0.000275888, -0.00162624, 
108, 66090.9, 2.21591, 12.7577, 0.0565696, -0.000270189, -8.72686e-05, 0.000352806, 
109, 61393.7, 7.20103, 0.0235494, 12.0227, 0.000382836, 0.000113862, 0.000153571, 
110, 20439.4, 18.2115, 6.47607, 9.04353, -0.000636653, -8.37376e-05, -0.000128192, 
111, 141284, 1.8679, -15.3221, -12.5755, 6.11636e-05, 0.000244103, 0.000776837, 
112, 92531.1, 1.04732, 16.8185, -7.74419, -0.000174189, -0.000165204, 0.000871821, 
113, 31864.8, -9.02403, -4.64799, 6.64138, 0.000533666, 0.000804226, -0.000291902, 
114, 44313.2, 12.1907, 15.6167, -2.5478, -0.000221038, -0.000383202, 0.000272719, 
115, 4750.24, -15.7682, 1.15073, -12.2839, 0.00020075, 0.000101641, 0.000491365, 
116, 44452.8, -6.56889, -13.7109, -5.60366, 3.50707e-05, 0.0003045, 0.00029488, 
117, 11256, 13.9197, 11.4653, -1.95263, -0.000130838, -6.07389e-05, 0.000227514, 
118, 19927.1, 9.9551, -15.9554, 18.2518, -0.000200255, 0.000358022, -0.000345474, 
119, 274949, 0.119049, 0.594416, 11.844, 3.1911e-05, 8.74493e-05, -0.000218994, 
120, 100403, 14.2933, 16.3518, 3.32352, -0.000560162, -0.000397159, -3.46046e-05, 
121, 71368.6, -16.2202, 7.34732, 10.412, 0.000789051, 0.000214316, 0.000591109, 
122, 191445, -4.89649, -6.98265, -12.3855, 0.000303, -0.00010292, 0.000327024, 
123, 172817, -9.10742, 14.9979, 15.2257, -0.000174695, -0.000846488, -0.000718636, 
124, 64236.3, 7.21119, -3.56749, -0.366699, -0.000197933, 0.000335117, 0.000295348, 
125, 55232.1, -6.73597, -18.2695, -13.5586, 0.000554425, -0.000771131, -0.000976903, 
126, 82879, 8.27894, -3.36824, -15.4531, -0.000138981, -8.47107e-05, 0.000536295, 
127, 194422, -2.37213, -8.98624, -17.0447, 9.42554e-06, 4.53086e-05, 0.000733378, 
128, 19393.7, -1.08587, 4.80845, 18.4693, -0.000131817, -1.08225e-06, -0.000884593, 
129, 294796, 9.04212, 16.8362, 4.608, -0.00052031, -0.000619161, -0.000116393, 
130, 3377.38, -2.14551, -5.65657, -11.6112, -0.000233163, -0.000234329, 0.000248212, 
131, 80.222, 3.41714, 2.97038, 1.2866, 7.35603e-05, 0.000141281, 0.000238466, 
132, 80445.4, 8.03198, 1.37668, 16.2059, -0.000393712, -4.89557e-05, -0.000802265, 
133, 62558.6, -8.16975, 1.79547, 19.6684, -5.82453e-06, 0.000256411, -0.000896564, 
134, 16081.4, -8.3026, 1.99218, 13.3795, 3.44072e-05, 0.000291817, -0.000289438, 
135, 23462.2, -3.45063, -7.82927, -11.615, -0.000470131, 0.000362282, -0.000199963, 
136, 225632, -17.7028, 6.47333, 3.60464, 0.00081729, 0.00064482, 0.000145496, 
137, 67903, 10.0523, -6.8921, -19.5518, -0.000214554, 0.000106472, 0.000493886, 
138, 35061, 7.12704, -1.39472, 5.82643, -0.000596067, -0.000279005, 0.000437176, 
139, 88062.7, 6.84933, 8.97773, -18.7964, -0.00015848, -0.000138146, 0.000458273, 
140, 1521.39, -16.812, 15.0012, -7.36258, 0.000181695, -0.000792752, -0.000729199, 
141, 457142, -3.13461, 11.9652, 15.0596, 7.47704e-05, 1.81112e-06, -0.00153256, 
142, 9623.76, -0.531301, 18.952, 1.68614, -0.000109713, -0.00108716, 4.4833e-05, 
143, 117111, -4.52661, 5.06312, 7.48166, -2.956e-05, -7.29202e-05, -3.95286e-05, 
144, 51587.4, 16.7952, -10.5407, -5.0411, -0.000510595, 0.000310306, -8.45815e-06, 
145, 59160.8, 0.941907, -12.9406, 2.73246, -0.000159173, 0.000492175, -1.52469e-05, 
146, 46437.6, -3.18928, -2.13269, -16.8099, 2.89208e-05, -0.000197315, 0.000555008, 
147, 315819, 17.9778, -17.1547, -17.0153, -0.000257597, 0.000212704, 0.000227941, 
148, 9477.01, -18.217, 0.339724, 3.1656, 0.000903846, 0.000336946, 8.9565e-05, 
149, 23731.9, 18.4946, -4.93104, -4.59747, -0.000449197, 3.31556e-05, -0.000279851, 
150, 1616.21, -13.7541, -7.63366, -13.8693, 0.000374656, -1.6919e-05, 0.00046665, 
151, 145441, -17.8584, -8.48384, 1.33553, 0.000477619, 0.000556637, -0.000481787, 
152, 89905.1, 4.59252, -11.9248, 11.8726, -0.000311867, 0.000529402, -0.000276737, 
153, 50014.5, -9.74835, -19.2592, 6.6384, 9.95084e-05, 0.000603644, -0.000290486, 
154, 21290.7, -4.90107, 8.29767, -10.5638, -0.00013251, -0.000104858, 0.000402522, 
155, 452855, 3.18997, 13.8666, 13.4785, -0.0004189, -0.00032759, -0.0003867, 
156, 61176.7, -15.6027, 12.3828, -12.5683, -0.00053628, -0.000169803, 0.00121226, 
157, 5863.45, 17.3142, -1.99286, -8.02312, -0.000239041, -0.000366807, 0.000151849, 
158, 105664, 7.78081, -9.10463, -6.97709, -0.000186461, 0.000153002, 0.00016522, 
159, 31320.7, -11.256, -8.33595, -11.2987, 0.000263153, -3.24905e-05, 0.000362998, 
160, 47367.3, -0.850016, -7.30284, 0.145155, -0.000116676, 0.000193748, 0.000157997, 
161, 98301.7, -14.2618, -19.3346, -10.893, 0.000303835, 0.000501326, 0.000146123, 
162, 73178, 14.6939, 7.44361, 9.40315, -0.000483155, -0.000158289, -0.000165223, 
163, 51504.1, 18.3037, 15.5751, -10.9901, -0.000454933, -0.000289802, 0.000330772, 
164, 370259, -17.4694, 14.1156, -10.5606, 0.000285124, -0.00113777, -0.000206578, 
165, 149722, 3.71388, 11.6565, 6.91298, -0.000261457, -0.000110819, 5.75142e-05, 
166, 198765, 9.06157, -17.738, 5.10841, -0.000270271, 0.000515977, -0.00014257, 
167, 139660, 6.04083, -2.41891, 7.03342, -0.000127111, 0.000242362, -3.5669e-05, 
168, 83268.5, 5.39378, 4.44406, 14.0198, -0.000339599, -0.00025372, -0.000457934, 
169, 111579, -8.00386, -14.615, -0.441278, 0.000443111, 0.00154966, -0.00238181, 
170, 19096.2, 16.9016, 16.6693, -11.4696, -0.000117628, -0.000539056, 0.000400084, 
171, 200677, -19.3923, -1.25898, -9.83885, 0.000447051, 0.000103739, 0.000311363, 
172, 52868.7, 3.66488, -2.31257, 17.9519, -0.000191152, 0.000208738, -0.000786518, 
173, 41037.8, 2.01187, -4.85596, 13.6652, -0.000499895, 0.000432991, -0.000472348, 
174, 4465.77, 0.326755, 8.32991, -14.1877, -3.20407e-05, -0.000137691, 0.000413767, 
175, 6545.54, -12.3636, -18.7706, 2.71423, 0.000121985, 0.00110029, 0.000402008, 
176, 62246.2, -13.1866, -9.76739, -9.16495, 0.000368041, 0.000120123, 0.000185949, 
177, 128306, -0.239199, -2.94371, -9.71386, -9.53144e-05, -0.000137996, 0.00026879, 
178, 85947.3, 8.53829, -16.3316, -3.61544, -0.000282377, 0.00049528, 6.13799e-05, 
179, 85524.8, 16.8936, 11.9021, -8.78096, -0.000339895, -5.13292e-05, 0.000318724, 
180, 258268, -7.95572, -14.4512, -0.819244, 1.14045e-05, -2.89961e-05, 0.00108546, 
181, 46445.2, 3.81064, 9.51603, -16.1048, -1.23741e-05, -0.000174885, 0.000362416, 
182, 79205.4, -7.80503, 6.25506, 3.58255, 7.50729e-07, -0.000259222, 0.000209195, 
183, 34651.8, 16.8321, 4.30843, 1.93591, -0.000510824, -2.02169e-05, 4.91292e-05, 
184, 92155.5, -0.539742, -9.87028, -13.2481, -0.00014917, -3.27107e-05, 0.000338089, 
185, 83068, -16.3747, 5.30469, 17.5143, 0.000618971, -3.87067e-05, -0.000588388, 
186, 70401.9, 4.80546, 4.24453, 1.4615, -0.000218714, -0.00010238, 0.000182621, 
187, 187320, -17.9413, 12.8573, -11.7892, 0.00109437, 0.00048605, 0.00152383, 
188, 247302, -15.2664, 4.17264, 4.98833, 0.000579456, -7.27613e-05, -0.000427101, 
189, 41300.5, -6.54936, -2.60366, -1.42041, 0.000215052, 0.000283781, 0.000496969, 
190, 175489, -18.8513, -18.1416, -5.36518, 0.000409086, 0.000368028, -3.47373e-06, 
191, 80320, -7.93823, -3.56152, 6.41404, 2.38584e-05, 0.00029294, -0.000231036, 
192, 384764, 13.2686, -4.15156, 9.59967, -0.000488539, 0.000128536, -8.83182e-05, 
193, 72170.5, 2.89363, 15.8298, 10.2404, -0.000146627, -0.000899882, 0.000297079, 
194, 154299, -10.9622, 14.3976, 14.4839, 0.00103141, -0.000527101, -0.000219917, 
195, 83475.5, 7.1442, 15.653, 3.73682, 0.000309983, -8.11213e-05, 0.000338223, 
196, 56140.2, -18.7969, 18.1333, 1.93692, 0.000373363, -0.000483131, -1.40246e-05, 
197, 10070.3, 15.7917, -3.501, 9.31461, -0.0015683, -0.000174753, 3.80284e-05, 
198, 29593.9, -8.15698, 4.07715, 10.5594, 0.000107497, -2.82858e-05, -0.000286553, 
199, 2474.18, 16.8955, 10.0282, 5.1221, -0.000560938, -0.000108969, -0.000165105, 
