ID, Mass [kg], pos_0 [m], pos_1 [m], pos_2 [m], vel_0 [m/s], vel_1 [m/s], vel_2 [m/s], 
0, 86447, -8.95145, 41.8184, -16.7524, 0.000350246, -0.00139418, 0.000644535, 
1, 189575, -42.6415, -21.3689, 3.26784, 0.000971481, 0.000806019, -0.000417628, 
2, 31834.7, 2.99205, -35.2949, -39.6012, 0.00135894, 0.00360938, -0.000467432, 
3, 198333, 27.472, 34.4628, 8.10124, -0.000351059, -0.00145356, -7.04011e-05, 
4, 26595.9, -12.7255, 18.9745, 1.01299, 0.000413552, -0.000155235, -0.000530851, 
5, 74974.9, -26.2151, -20.856, -25.5329, 0.000479028, 0.000456826, 0.000416489, 
6, 97542.7, 45.3997, -34.033, 44.2081, -0.000685198, 0.000765149, -0.00106033, 
7, 2615.97, 1.48819, 40.0615, -34.7568, 0.00018021, -0.00104249, 0.000883001, 
8, 21192.8, 36.4806, -32.4265, -3.19468, -0.00138646, 0.00121358, 9.60134e-05, 
9, 81679.8, 25.9726, 27.5734, 19.1167, -0.00041302, -0.000410941, -0.00139574, 
10, 127647, -27.3131, -30.1363, 35.4191, -6.42735e-07, 0.000952165, -0.000774674, 
11, 16957.3, -13.2871, -21.1181, 8.88902, 0.000624184, 0.00109268, -0.000746165, 
12, 46224.1, 43.7586, 44.5989, -27.1497, -0.00073203, -0.000888066, 0.000735134, 
13, 23966.4, 20.9603, 31.1281, 3.53242, -2.63456e-06, -0.000843733, -1.90567e-05, 
14, 11985.5, -1.40178, -10.7675, 41.3854, -0.000751257, 4.38937e-05, -0.000869305, 
15, 3133.43, -14.2444, -0.623148, 17.7713, 0.00068473, -0.00239095, -0.000343962, 
16, 16899.7, 2.36159, -14.274, 36.7393, -0.000350251, 0.000599432, -0.000797935, 
17, 19424.5, 1.6608, 41.299, -8.80943, 0.000157423, -0.00192039, 0.000391307, 
18, 130822, 36.7557, -34.4421, 6.59673, -0.00204735, 0.000166079, 0.000144772, 
19, 25233.8, -24.8978, 14.1176, -27.0656, 0.000757475, -0.00041282, 0.00112028, 
20, 47646.9, 44.7493, -39.9723, -25.2165, -0.000829449, 0.000871883, 0.000473299, 
21, 165666, 7.9596, -1.88882, -21.0283, -0.000850161, 0.000615836, -0.0015515, 
22, 68385.5, 9.85699, 1.77862, -20.7414, -0.000125843, -0.000563056, -7.86134e-05, 
23, 221148, 42.8303, -36.906, 26.1432, -0.000584498, 0.000719004, -0.000457243, 
24, 74530.5, 26.0582, -8.75384, -22.1488, -0.00101551, 0.000391631, -0.00014923, 
25, 43250.2, 33.2319, 19.8211, 45.3431, -0.000367769, -0.00020719, -0.00107016, 
26, 16449.5, -40.5748, -46.7144, -25.1147, 0.000572127, 0.000763997, 0.000244108, 
27, 30641.9, -25.8686, 29.8711, -2.18287, 0.000493158, -0.00161201, -0.000479452, 
28, 85788.3, 9.44432, 0.553491, -20.5212, -0.00190719, -0.00179432, 0.000810841, 
29, 18634, -35.4051, 41.5196, 4.54148, 0.000880428, -0.00114038, 0.000265041, 
30, 2394.47, 34.4229, -19.6489, -2.50013, -0.000599357, -3.63764e-05, -0.000550544, 
31, 128472, 38.6036, 13.0698, 26.5582, -0.000926157, -4.46845e-05, -0.00110307, 
32, 63731.5, 12.3471, 7.57545, -37.4214, -0.000681345, -0.000112509, 0.00140643, 
33, 1929.75, -13.2808, -0.842293, 38.3715, 9.09587e-05, -0.000114895, -0.00125715, 
34, 137164, -14.4144, 3.19626, 18.8526, 0.000342583, -0.000895429, -0.000542559, 
35, 50524.2, 0.574867, 2.57332, -33.8183, -0.00142104, -0.000791488, 0.0027502, 
36, 6629.78, 36.6555, -16.64, -26.2601, -0.00147836, 0.000767743, 0.00188253, 
37, 38240.2, 32.436, -21.1798, -42.8908, -0.00124168, 0.000619662, 0.00131909, 
38, 18423.8, 2.86417, -1.36496, -25.9686, 0.000621784, 0.00155904, -0.000674825, 
39, 194740, 31.9638, -34.5616, -5.34078, -5.76004e-05, 0.0014514, 3.31211e-05, 
40, 166672, 10.7435, -23.2201, -38.1309, 0.000645591, 0.000544693, 0.00171736, 
41, 63465.7, 24.0773, 16.2578, -13.6484, -0.000624731, 0.000400918, 0.000560046, 
42, 21989.4, 20.6378, 34.1716, -8.04827, -0.000310608, -0.00167515, 0.000296323, 
43, 7506.47, 33.9445, -25.9873, -11.353, -0.000266306, 0.000388552, 0.000654925, 
44, 1030.15, 35.5708, 6.22091, -14.9198, -0.00110713, 0.00027354, 0.000655393, 
45, 60141.1, 0.345043, 21.2888, 1.85834, 0.000137254, 0.00014126, -0.000977352, 
46, 69136.8, -29.989, -5.61306, 22.8335, 0.000587372, 0.000575111, -0.000603628, 
47, 4636.02, 24.8428, -45.8377, 35.2758, -0.000106924, 0.000884179, -0.00054369, 
48, 148424, -18.5473, 11.7018, 40.0406, -0.000112358, -0.000212983, -0.00117772, 
49, 101751, 32.6136, 39.0833, -2.55882, -0.000771553, -0.00154622, 0.000270626, 
50, 113749, -20.9248, -27.2373, -37.1163, 0.00174036, -0.000560902, -4.04933e-06, 
51, 14312.6, 8.29195, 13.358, -40.8293, 0.000386148, -0.000239007, 0.00172505, 
52, 115787, 39.3633, -5.52587, 39.6394, -0.000516639, 3.43468e-05, -0.000986479, 
53, 10116, 43.853, 42.881, -22.7235, -0.000814566, -0.000691314, 0.000433806, 
54, 33789.7, 6.43968, 30.364, -4.9665, 0.00178636, -0.000763822, -0.00296336, 
55, 186460, 31.5282, 32.0993, 14.6137, -0.00109269, -0.00104513, -0.00102195, 
56, 245187, 38.378, -26.0863, -7.86218, -0.0012152, 0.000328003, 0.000114655, 
57, 290437, -13.4512, -2.39227, 18.5456, 0.000116983, 0.000682716, -0.000376662, 
58, 80698.8, -12.174, 12.6795, 24.6441, -2.57487e-06, -0.000534188, -0.000899137, 
59, 117814, 20.6472, 22.6477, -11.2416, 0.000840726, -0.000381208, 0.000631606, 
60, 74301.5, -33.6539, 23.8863, 20.1805, 0.00234024, 0.00127447, -0.00132292, 
61, 87026.1, 6.36872, -38.301, -36.3985, -0.000563871, 0.00215725, -0.000139695, 
62, 54123.3, 24.7917, 28.6846, -21.6095, -0.000608342, -0.0022658, 0.00337815, 
63, 142469, 11.3688, 20.4179, -42.4573, 0.000227258, -0.00117365, 0.00170374, 
64, 25240.3, 24.0177, -6.92587, 27.538, -0.000499959, 0.000453116, -0.000970612, 
65, 84495.7, -32.1715, 10.1424, 44.1957, -0.00021995, 0.000540455, -0.00154659, 
66, 190154, 24.2711, 27.8745, -22.5805, -0.000636148, -0.000522455, -0.000940141, 
67, 106916, -19.1422, 23.9259, -13.8949, 0.000494181, -0.00037968, 0.000940852, 
68, 142208, 40.0847, 23.2748, 3.68716, -0.00089159, -0.00100109, -0.00114606, 
69, 222966, -35.5502, 21.5601, 19.894, -0.000475702, -0.00326713, -0.00179295, 
70, 23261.8, -9.84518, -30.3939, -12.8632, 0.000432041, 0.00108545, -4.11783e-05, 
71, 37181.8, -23.9644, 25.4133, 7.20253, 0.000237613, -0.00061786, -0.000498934, 
72, 387724, 21.906, 12.1283, 14.15, -0.000312819, 2.44819e-05, -0.000645775, 
73, 94415, 38.7891, -13.5268, -22.4967, -0.00149183, 0.000274533, 0.000432222, 
74, 92650.1, -3.53216, 25.6285, -5.3991, 0.000921602, -0.000427262, 0.000639461, 
75, 18296.3, -40.309, 0.503024, 37.9359, 0.000375569, 0.000866562, -0.000571268, 
76, 120001, -39.1446, -18.8482, -6.41669, 0.000831305, 0.00047266, 0.00108902, 
77, 272530, 15.8574, -5.0335, 11.8327, -0.000143409, 0.000856372, -0.000928875, 
78, 17526.5, -29.3675, -26.3932, 37.9834, -0.00044584, 0.00176718, -0.000207177, 
79, 64817.7, 5.87348, -23.0491, -18.1124, 0.000351011, 0.00107443, -0.000231936, 
80, 92249, 42.7044, 7.07853, 14.3384, -0.00126467, 0.000425182, -0.000655583, 
81, 18467.1, -43.7954, 5.26808, 19.5423, 0.00157407, 0.000153023, -0.00131381, 
82, 36826.6, 15.9887, 43.0747, 16.4295, 7.03648e-05, -0.00167203, -0.000654606, 
83, 11297.7, 31.7175, -30.822, -8.38324, -1.99004e-06, 0.000231952, 0.000221998, 
84, 79293, 8.97297, -29.2465, -39.3018, 0.00112939, 0.00168185, 0.000849074, 
85, 99758.2, 16.5401, 14.3844, 23.9333, 0.000113558, -0.000334156, -0.00149938, 
86, 23343, -34.2891, -4.4379, 19.6979, 0.000999534, 0.000600524, -0.000183778, 
87, 148233, 43.1437, 16.8569, -3.24552, -0.00150458, 0.0038368, 0.000812215, 
88, 11527.8, -38.3737, 16.8977, 40.846, 0.00177346, -0.00305938, -0.00127811, 
89, 14718.3, 33.8939, 26.372, -6.11787, -0.000797535, -0.00119643, 0.000504728, 
90, 46494.3, -1.76075, 0.714236, -28.3897, -0.00104129, -0.000144889, -0.00363072, 
91, 34379.9, -23.3803, -19.2738, -26.2368, 0.00123401, 0.000817888, 0.000175585, 
92, 23079.1, 27.6054, -14.2796, 0.526136, -0.000528635, 0.000481476, -0.000371897, 
93, 79660.5, -42.9361, 1.27487, 14.5031, 0.00112644, -0.000105835, -0.000146447, 
94, 77532.3, -42.7325, -38.4505, 45.8713, 0.000582538, 0.000696434, -0.000585362, 
95, 85363.6, 36.6308, 19.4683, 12.2988, -0.0010306, -8.97891e-05, -0.00103107, 
96, 11260.4, -12.9625, 21.3354, 21.503, 6.70196e-05, -0.000980546, -0.000670934, 
97, 31876, 28.8351, 12.6908, -17.1312, -0.00114295, 0.000133722, 0.000913061, 
98, 49282.2, 44.6717, 12.2522, -18.3704, -0.00131464, -2.67064e-05, 0.000979466, 
99, 38415.4, -2.43177, 23.9878, -3.6264, 2.64839e-05, 0.000268101, -0.000938104, 
100, 8080.94, -32.7385, 3.38164, -24.6797, 0.00327297, 0.000991611, 0.00355108, 
101, 70282.6, 44.2278, 44.1345, 38.0433, -0.000456593, -0.00109056, -0.000435516, 
102, 317827, 3.78647, -33.3322, -39.7726, 0.000106979, 0.000879139, 0.00118566, 
103, 237904, -45.3841, 44.6343, 17.6039, 0.000720389, -0.00112363, -0.000158621, 
104, 119615, -18.916, 29.9488, -7.66892, 0.000459134, -0.00129046, 0.000475843, 
105, 31893.4, 6.09657, -36.9271, -2.60324, 0.000143094, 0.00110503, -0.000334553, 
106, 173086, -35.2374, 21.5154, 19.214, 0.00114917, 0.000467301, 0.000652536, 
107, 486074, -37.9144, 15.8965, 40.7326, 0.000603016, -0.000523347, -0.000976656, 
108, 40410.8, -26.0944, -29.2813, 42.7854, -0.000187387, 0.000812488, -0.00174052, 
109, 28247.2, -44.864, 49.7736, 15.6072, 0.000711191, -0.000615735, -0.000328848, 
110, 23910.7, -24.4014, 34.2805, -28.1303, 0.00057016, -0.00108704, 0.000898509, 
111, 40242.6, -6.86121, -44.5708, 26.6238, 8.46485e-05, 0.000914489, -0.000362033, 
112, 24016.7, -42.1007, 4.07698, 13.9936, 0.00161931, -0.000136923, -0.00119508, 
113, 129600, 8.92029, -41.3048, -19.5327, 4.93853e-05, 0.00130304, -9.37175e-05, 
114, 114317, 16.2435, 33.04, 15.2, 0.000557335, -0.0013788, -0.000498104, 
115, 174934, -44.1258, 5.95103, 40.229, 0.00124445, 0.00050368, -0.000782256, 
116, 143212, -2.65614, 1.78597, -29.1816, -0.00195132, 0.00215729, -0.000342971, 
117, 8073.33, -33.0521, 17.7739, 30.8368, -0.000112834, -0.000351885, -0.000638511, 
118, 37893.5, -6.74038, 17.3678, 26.2243, -0.000307443, -0.000808306, -0.00100709, 
119, 62400.5, 22.4546, 37.8685, 27.9317, -0.000170454, -0.00106989, -0.00120232, 
120, 242481, -2.72463, 0.987811, -27.9455, 0.00134328, -0.00118503, 0.00221765, 
121, 220498, 15.768, -18.5786, -35.9721, 0.000203886, 0.0013796, 0.0011585, 
122, 32681.3, 6.76039, 2.685, 30.5192, 6.18223e-05, 9.45205e-05, -0.00111806, 
123, 348699, 42.8436, 18.4556, -2.3435, -0.00180722, 0.000886855, 0.00113719, 
124, 49173.7, 41.8967, -25.2053, 45.481, -0.000338091, 8.32789e-06, -0.000891724, 
125, 91676.5, 24.31, -4.42272, -20.8727, -0.000835953, -0.000528118, 0.000203602, 
126, 613.996, 43.647, -20.9058, 4.52219, -0.00120492, -4.06159e-06, -0.000457619, 
127, 36070, 10.3675, -40.1595, 35.7313, 3.9915e-05, 0.000876814, -0.000598935, 
128, 60243.7, 43.5324, -10.6919, 34.6224, -0.000907698, 0.000353962, -0.000484679, 
129, 66572.3, 0.508197, -36.4185, -40.6384, 0.000606653, 0.000657307, 0.000723828, 
130, 41874.2, -37.028, 25.5774, -33.2227, 0.000722513, -0.00042162, 0.0011945, 
131, 116662, -42.4606, 5.80181, 15.6069, 0.0012473, 0.000767237, 0.00021089, 
132, 109779, -10.5903, -7.93977, 36.9594, 0.000100431, 0.000254246, -0.00101251, 
133, 456997, -31.2569, 14.1882, -6.0275, 0.00103156, -0.000187124, 0.000250449, 
134, 2780.32, -1.86648, 38.2175, -4.56671, 0.000695645, -0.00197846, 7.96914e-06, 
135, 102119, -4.07793, 8.50267, -30.7081, 0.00103884, -0.00191201, 0.00152463, 
136, 164662, -32.5835, 3.47881, -24.5009, 0.000917413, 1.43165e-05, 0.000762792, 
137, 84084.3, 25.059, 33.3198, -33.5289, -0.000831528, -0.00183662, 0.00171773, 
138, 245299, -39.0297, -17.8088, -11.5219, 0.000975322, 0.000679426, -7.05017e-05, 
139, 102038, -5.05842, -12.7363, 43.975, -0.000137274, 0.000516989, -0.00128487, 
140, 146704, -30.6655, -25.9743, 35.3396, 0.00173873, 0.000115575, 0.000994835, 
141, 170925, 45.2126, 36.8057, 40.8884, -0.000606493, -0.000295292, -0.000800569, 
142, 107951, 36.4501, -17.2073, -22.9561, -0.00150003, 0.000375299, 0.000409809, 
143, 64717.1, -6.99765, -20.0618, 1.49753, 0.000442185, 0.000981499, -0.000356058, 
144, 28582.1, 18.6002, 30.4771, 18.954, 0.000187085, -0.000421205, -0.00249581, 
145, 18763.1, -45.8609, -25.0577, -31.0661, 0.000932469, 0.000496326, 0.000602745, 
146, 44368.5, 2.54948, 36.5127, -16.1925, 7.40798e-05, -0.00135233, 0.00092965, 
147, 247503, -1.90588, 1.05013, -31.9136, 0.000920995, -0.000483995, 0.00103256, 
148, 54470.7, -11.3796, -16.5871, 28.2763, -3.97596e-06, 0.000978943, -0.000686372, 
149, 158577, 23.4297, 22.8326, -9.93766, -0.00113067, -0.000612803, -0.000297605, 
150, 59031.2, 16.1107, -3.91951, 9.54065, -0.00027868, -0.000260035, 0.00147622, 
151, 120654, 26.4993, -13.9783, -28.0897, -0.00130807, 0.000302414, 0.000393972, 
152, 33810.4, 25.0726, 32.8129, -32.4886, 0.000284974, 0.000101464, 0.00119614, 
153, 52884.6, -12.2647, -7.58709, 19.9441, -0.0001822, 0.00183676, -0.000768432, 
154, 76725.2, 46.9331, -36.3597, 47.0075, -0.000329861, 0.000260922, -0.000412591, 
155, 2384.17, -38.0869, -22.5455, -16.5794, 0.000869055, 0.00130628, 0.00106602, 
156, 54252.8, -1.97706, 9.45436, -27.7435, -0.000116406, -0.00176948, 3.48015e-05, 
157, 18995.8, 38.0769, 10.3864, -6.56743, -0.000476762, 0.000798852, 0.000748559, 
158, 133837, -23.7472, -2.47385, -7.56189, 0.000493964, 0.000527813, 0.000180392, 
159, 166899, 20.6843, -16.6731, -34.9723, 0.00105645, 0.000487831, 0.000580448, 
160, 192252, 42.8197, 18.4926, -2.18885, -0.000842479, -0.00512398, -0.00155647, 
161, 17027.9, -13.5902, 14.7118, 37.9985, -0.000627995, -0.000838057, -0.00100826, 
162, 130287, -44.7607, -14.8826, 38.8581, 0.000904916, 0.000420205, -0.000657077, 
163, 72430.1, 12.9027, -14.4568, -18.2719, -0.000140355, 0.000914319, -0.000395673, 
164, 60583, -21.3364, 4.18796, 2.58648, 0.00033981, 0.000245407, -0.000197303, 
165, 38146.6, -31.7888, 42.2468, 9.1039, 0.000382072, -0.0012948, -0.000240104, 
166, 1307.56, -34.2153, -14.2951, 44.9478, 0.000375537, 0.000251138, -0.00114472, 
167, 124087, -7.02535, 22.7002, -7.07573, 0.000302572, -0.000559883, 0.000295453, 
168, 30066.1, 5.08531, 33.5649, -2.344, -0.00262799, -0.00114047, -2.7836e-05, 
169, 177463, -23.4273, 33.0781, 0.328153, 0.000694749, -0.00121703, -0.000172127, 
170, 1123.4, 21.4579, -41.0094, -12.4712, -7.91298e-05, 0.001432, 3.23508e-05, 
171, 71647.5, 45.2395, 43.2294, -15.3633, -0.00092279, -0.000991309, 0.000296167, 
172, 73299.5, 15.3933, 2.96147, 31.3201, -0.000290465, 0.000190428, -0.00129608, 
173, 120519, 19.4636, -16.3097, -34.8015, -0.00377932, -0.000724141, 0.00208306, 
174, 243541, -19.4475, -28.9232, -38.5322, 0.000234466, 0.00128252, 0.00114326, 
175, 232847, 5.23189, 28.2433, -2.64494, -0.000205918, -0.00194107, 4.68895e-05, 
176, 50296.6, -37.3691, -3.64334, -2.06942, 0.00112396, 0.000275672, 1.78055e-05, 
177, 17627.5, -1.36263, -2.57026, -35.4545, 0.000279945, 0.00135532, 0.0026592, 
178, 115556, 6.61799, -2.10232, -21.2133, 0.00113003, 0.00134013, 0.00110765, 
179, 21083.5, -20.7505, 30.6163, -28.9768, 0.000352626, -0.000777673, 0.00109304, 
180, 120384, 13.1726, 17.3459, -39.6978, -0.000747707, -0.000235322, 0.000932943, 
181, 104093, -10.4567, -20.8273, 4.00544, 5.50535e-05, 0.000919077, -2.32586e-05, 
182, 90014.4, -2.99535, 1.05894, -29.611, 0.00459508, 0.00265493, 0.00130314, 
183, 39510.6, -35.3644, -12.0471, -20.1538, 0.000932925, 0.000200282, 0.00088004, 
184, 37719.2, -32.855, -28.9909, -13.1672, 0.000467586, 0.00127814, 0.000196074, 
185, 182373, 4.92639, 32.7071, -2.37672, 0.000273115, -0.000368501, 0.000116394, 
186, 153608, 16.5173, -18.0665, -35.0784, -0.0027327, -0.000620709, 4.41182e-05, 
187, 201002, 19.9243, -26.866, 33.132, -0.000142278, 0.000616633, -0.00072754, 
188, 658.569, 34.0743, -11.8148, 39.5473, -0.000155523, 0.000447911, -0.000933185, 
189, 143642, -30.3658, -25.6981, 36.6848, -0.000526184, 0.00104212, -0.00171015, 
190, 250454, -39.0879, 27.897, -21.7568, 0.00102078, -0.000691541, 0.000638879, 
191, 55591.1, 18.0818, 31.2639, 17.6196, -0.000173954, -0.000494857, -0.000970737, 
192, 141084, 26.9044, -27.7093, -15.7033, -0.000241612, 0.000993553, 0.000291325, 
193, 52387.2, 19.4699, -17.2405, -35.8078, 0.00285341, 0.000998705, 0.0016263, 
194, 39745, 43.0911, -31.3119, 36.0877, -0.000476407, 0.000164824, -0.000522281, 
195, 89443.4, 30.5741, 5.80132, 1.23337, -0.000684483, 0.000546624, -0.000131234, 
196, 196180, 24.1265, 27.8876, -25.0386, -0.000539314, -0.000843123, 0.00190447, 
197, 56906.6, -17.5363, 19.8855, -14.103, 0.000680422, -0.000834274, 0.000831534, 
198, 249087, 39.368, -33.2572, 5.37106, -2.09817e-05, 0.00114573, -0.000943888, 
199, 137680, -35.8374, 19.4291, 17.9103, 0.00127459, 0.00122919, 0.00114335, 
