ID, Mass [kg], pos_0 [m], pos_1 [m], pos_2 [m], vel_0 [m/s], vel_1 [m/s], vel_2 [m/s], 
0, 83183.7, 20.1766, 44.7342, 0.648348, -0.000447209, -0.000917917, -0.000115982, 
1, 128657, 2.20728, -39.4675, 42.1248, -9.50488e-05, 0.000629312, -0.000747815, 
2, 47972.7, -43.2281, 37.5593, -31.2367, 0.000560241, -0.000682378, 0.000540778, 
3, 33292.3, -11.2513, 34.0448, 3.91059, 2.93748e-05, -0.000916389, -0.000246727, 
4, 53679.7, 6.57353, -18.4524, 12.9711, -0.0003464, 0.000431573, -0.000753614, 
5, 235.298, -41.2865, -30.9074, 14.0187, 0.000883807, 0.000186853, 2.08711e-05, 
6, 51642.8, -22.4127, -43.965, -23.4965, 0.000333113, 0.00142526, 0.000139433, 
7, 18172.4, -10.9497, 41.0673, 43.3669, -7.87235e-05, -0.000590828, -0.000636844, 
8, 49899.2, 8.3659, -32.9118, 26.6146, -0.000138038, 0.000834843, -0.000525055, 
9, 177450, -16.5722, 15.007, 29.9223, -4.65347e-05, -0.000574028, -0.00069784, 
10, 101538, -35.8198, -36.5767, -16.6076, 0.00126532, 0.000590172, 3.49645e-05, 
11, 173078, -42.4951, 7.59306, 22.9006, 0.000913253, -0.000110543, -0.000484969, 
12, 235982, -40.5679, -18.7836, 34.7668, 0.000113901, 0.000370826, -0.000425269, 
13, 70247.8, 40.3803, 46.9937, -35.3809, -0.000437032, -0.000515945, 0.000389202, 
14, 39201.1, 4.66696, -38.5206, -21.9834, -0.000317938, 0.00166245, 0.000255701, 
15, 57565.2, 5.11072, 42.2418, 11.7818, 0.000207667, -0.00091488, -0.000125474, 
16, 390951, 12.7849, -15.0409, -3.02197, -9.60224e-05, 0.000849589, -7.47431e-05, 
17, 141386, -31.2789, -38.8154, -20.5489, 0.00056069, 0.000976745, 0.000388827, 
18, 126243, -41.6764, -4.41755, -7.54112, 0.000811019, -0.000423131, 0.000310449, 
19, 237835, -18.8369, 26.349, -2.87419, 0.000266154, -0.000695854, 1.35553e-05, 
20, 33312.9, 21.5352, 41.9859, 18.1856, -0.000812537, -0.000710369, -0.000366211, 
21, 218860, 11.4909, 0.461833, -2.66596, -0.000310127, -0.00144279, -0.000787293, 
22, 75238.4, -19.4627, -1.85271, 14.1282, 0.000599738, -0.000101236, 4.04588e-05, 
23, 52869.6, 32.8754, -6.79555, -31.6346, -0.000574884, 0.000311692, 0.000964975, 
24, 184404, -37.8113, 30.4323, 44.3397, 0.000652729, -0.000581445, -0.00055039, 
25, 40067.7, 44.362, 11.7205, 15.5553, -0.00101272, -0.000339576, -0.000104472, 
26, 36311.1, -19.9275, 41.8789, -6.22783, 0.000459702, -0.00128359, -0.000106737, 
27, 61313.8, 29.9762, -11.8732, 17.3088, -0.00052984, 0.000186943, -0.000635739, 
28, 165565, 20.2438, -24.7441, -5.8694, -0.000702027, 0.00113211, 0.000320733, 
29, 12545.8, -37.5565, 30.3462, 44.5459, -0.00242468, 0.000406576, -0.00282258, 
30, 120708, 2.48781, 6.35432, 33.7375, -0.000322006, 8.13685e-05, -0.000791688, 
31, 188330, 3.51154, 19.4841, 36.6933, -0.00022705, -0.000227307, -0.000337931, 
32, 168542, 12.8278, 30.9165, 16.6906, -0.000162998, -0.000781782, -0.000322353, 
33, 21895.1, -28.3573, 26.8368, -24.9925, 0.000593747, -0.00079076, 0.000509227, 
34, 54309.5, 4.41077, -40.9644, -21.6213, -0.00038594, 0.000679638, 0.000357507, 
35, 114158, -41.9052, -43.1686, 45.4769, 0.00119722, 0.000257997, -0.000951211, 
36, 17002.8, 28.1566, 9.20831, -5.15771, 0.000119524, 0.00050868, -0.000455071, 
37, 13778.1, -15.6011, -31.3601, -29.1748, 0.000788635, -0.00133356, 6.07673e-05, 
38, 145485, -6.82522, -14.1047, -40.8094, 4.45567e-05, -0.000117988, 0.00108017, 
39, 22080.7, 31.6646, -40.7871, -17.5561, -0.000508344, 0.000880934, 0.000229229, 
40, 76098.9, -44.0173, 18.461, 11.1441, 0.00121782, -0.000356258, -6.05705e-05, 
41, 152709, 33.2869, 3.18306, 3.7494, -0.000526494, -0.000386542, -0.000581999, 
42, 185115, -35.5578, 23.9485, 10.5857, 0.000661767, -0.00040067, 0.000536297, 
43, 268899, -35.3628, -45.3494, 42.9739, -0.00124016, 0.0012459, -0.000689718, 
44, 16945.9, -15.4766, -14.6682, -4.6212, 0.000585766, 7.63033e-05, 0.000137214, 
45, 86302.2, 37.9933, 47.1646, -8.92338, -0.000561393, -0.000741604, 0.000281172, 
46, 8704.85, -5.39956, -33.8133, -8.76982, -8.54653e-05, 0.00126571, 0.000172723, 
47, 5070.43, -43.792, -17.7353, 33.3904, 0.00123728, 4.94634e-05, -0.00017174, 
48, 165598, -0.101383, -8.98148, -4.9217, 0.000472395, -7.1236e-05, 4.1183e-05, 
49, 61598.2, -45.6761, 23.2251, -14.279, 0.000903452, -0.000471417, 0.00017121, 
50, 49162.5, 9.67171, -27.0362, 28.6054, -0.000412534, 0.000334121, -0.000790687, 
51, 64917.6, -25.2548, -8.63997, -35.4928, 0.00042443, -0.000207626, 0.000964277, 
52, 167901, 16.3314, -9.75272, -2.74899, -0.00117777, -0.000280696, -0.000562266, 
53, 12321.9, -19.9136, -15.7914, 17.6228, 0.00065983, 0.000397618, -0.000164868, 
54, 33262.7, -22.5352, 31.874, -21.7514, 0.00036284, -0.000907723, 0.000374843, 
55, 207078, -9.81004, 0.809864, -15.5945, 0.000170264, 3.64475e-05, 0.000359925, 
56, 27724.5, 13.7641, -35.625, 13.4587, -0.000282455, 0.000937153, -0.000368771, 
57, 17609.8, 24.1721, -42.2375, 15.2302, -0.000351168, 0.00096178, 1.15684e-05, 
58, 12328.7, -30.6723, 19.4874, 34.3388, 0.000560599, -0.000448379, -0.000865333, 
59, 43139.2, -38.079, -23.2484, 5.54726, 0.000844525, 0.000370441, -0.000144089, 
60, 106846, -34.7834, -45.5311, 43.3262, 0.00322912, -0.000634376, 0.000224686, 
61, 72802.7, 38.9668, -20.7191, 16.9842, -0.000845225, 0.000279685, -0.000564086, 
62, 46181.4, -26.0829, 21.8902, -39.1048, 0.000481908, -0.000426284, 0.000905436, 
63, 4752.12, -28.5695, -34.8107, -46.9264, 0.00158497, -0.00115862, 0.000121368, 
64, 32357.5, 16.3282, -30.6806, -12.2614, -0.000395722, 0.00124739, 0.000559359, 
65, 5018.35, -35.454, -6.11458, -11.8936, 0.000502473, 0.00027796, 0.000476576, 
66, 117960, 19.5561, -1.96541, -28.5863, -0.000337091, 2.02172e-05, 0.000813336, 
67, 203303, 38.7694, -1.95953, 0.600512, -0.00123472, 0.00027151, -0.000211651, 
68, 33578.2, -36.8289, 43.3535, 8.30336, 0.000516869, -0.00100583, -2.41081e-07, 
69, 69966.1, -2.80362, -29.5851, -44.4343, -0.000239367, 0.000449362, 0.00120956, 
70, 82804.5, 27.6206, 19.8592, -46.9999, -0.000424441, -0.000318078, 0.000826324, 
71, 105137, 35.7414, -11.1315, 29.6477, -0.00057329, 0.000244168, -0.000759379, 
72, 182238, -40.8037, -38.2196, 21.1264, 0.000703989, 0.000462018, -0.000370599, 
73, 48300.2, 41.8637, -29.7574, 14.5634, -0.00086266, 0.000712031, -0.000527434, 
74, 83811.3, 44.1191, 14.0996, 28.4918, -0.000960623, -0.00138258, -0.000422791, 
75, 182626, -25.9785, 0.875747, -15.3238, 0.000607468, 0.000584974, -0.000177466, 
76, 51722.9, -24.7208, -15.7814, 32.9961, 0.000391032, 0.000554174, -0.000443897, 
77, 79504.8, -24.3615, -0.0773856, 29.0222, 0.000603733, -5.42267e-05, -0.000618172, 
78, 158424, 46.2948, -7.72553, -26.9329, -0.000978375, 0.000174386, 0.000566524, 
79, 47214.5, 45.14, -2.10113, 42.8828, -0.000660793, 0.00017833, -0.000884032, 
80, 219522, -7.11649, 22.632, -38.9421, 0.000136838, -0.000415216, 0.000949116, 
81, 19106.9, -37.268, -43.8393, 11.6814, -0.00106827, 0.000629024, 0.00113681, 
82, 39951.1, 39.6419, 1.95339, -27.8244, -0.000992588, -0.000306524, 0.000855038, 
83, 78693.6, 15.3742, -44.5474, 24.8089, -6.95929e-05, 0.000968477, -0.000380541, 
84, 69951.7, 29.0802, 10.1909, -5.54211, -0.000663838, -0.000945136, 3.29218e-05, 
85, 121505, -22.0138, 6.06675, 23.503, 0.000373868, -0.000355066, -0.000192799, 
86, 33226.7, 25.3376, 7.9671, -8.48788, -0.000353152, -0.000251005, 0.000702792, 
87, 5700.47, 21.8004, 31.4715, -42.1012, -0.000478377, -0.000570989, 0.000771835, 
88, 145508, 1.77368, -24.0306, -33.842, -0.000390819, 0.000310737, 0.000895979, 
89, 311726, -7.20242, -25.3725, 2.77713, -0.000405068, 0.00118753, 1.26283e-05, 
90, 111004, 31.5028, 0.989024, -27.1024, -0.000547934, -0.000217061, 0.000759511, 
91, 189341, 13.8777, 46.4577, 19.2923, -0.000174945, -0.0010002, -0.000448818, 
92, 110340, 39.8422, -31.1939, -4.8775, -0.000850554, 0.000910364, 0.000176134, 
93, 227786, 31.1847, -39.6528, 26.7426, -0.00129479, 9.24018e-05, -0.00057327, 
94, 45429.1, -32.8372, -29.6212, -28.395, 0.000963681, 0.000261349, 0.000529595, 
95, 79096.9, 14.3477, 23.5767, 19.1938, -0.0003395, -0.000263446, -0.000589983, 
96, 172391, 5.20211, -19.5629, -16.6267, -0.000209289, 0.000806423, 0.000699773, 
97, 40891.5, -35.1171, 24.926, 12.468, -0.000339494, -0.000638564, -0.00152076, 
98, 44851.2, 43.9865, -44.5093, 39.324, -0.000564117, 0.000467149, -0.000546006, 
99, 41855.3, 44.6005, -30.2529, -9.54675, -0.00120073, 0.000517511, 0.000528984, 
100, 55364.7, -33.6113, -33.1526, -10.638, 0.000682012, 0.000402163, -0.00019821, 
101, 133489, 42.9674, 11.6034, 38.7777, -0.000554482, -0.000224691, -0.00112747, 
102, 116718, -29.3711, -36.9058, 3.03333, 0.000512218, 0.000863349, -4.94274e-05, 
103, 41489.7, -43.5026, 17.9816, 22.0557, 0.00105694, -0.000528623, -0.000541065, 
104, 25317.1, -4.59103, -8.25158, 16.7127, -0.000245971, -0.000177142, -0.00018354, 
105, 122915, -25.9634, -0.614339, -14.172, 0.000587414, -0.0010257, 0.00104277, 
106, 22003.9, 11.8969, -9.19426, 2.11683, 5.37521e-05, -0.000220425, -0.00146658, 
107, 44393.1, 31.2155, 17.7012, 43.7547, -0.000239356, -0.000380587, -0.000873886, 
108, 27861.9, 15.4786, -38.0457, -30.6351, -0.000400854, 0.00072668, 0.000537728, 
109, 3915.15, -40.7103, 1.67158, -30.2863, 0.000753033, -0.00015163, 0.000573754, 
110, 44656.7, -43.69, 34.9717, -17.3918, 0.000664102, -0.000914612, 4.12018e-05, 
111, 64096.1, 41.2701, -44.3128, -42.9208, -0.000715493, 0.00131181, 0.000537788, 
112, 92587, -43.0711, 29.379, -22.9091, 0.000698377, -0.000540232, 0.000472967, 
113, 11750, -22.2855, -14.0715, 42.7131, -0.000376463, 0.000763308, -0.00110278, 
114, 261549, 8.50788, 29.3971, -33.6233, -0.000294246, -0.000521779, 0.000683722, 
115, 10260.2, -25.0106, 29.0244, -29.2413, 0.000392785, -0.000793956, 0.000720395, 
116, 9883.83, 45.7762, -27.0634, -3.8742, -0.00137498, 0.000266222, -7.05742e-06, 
117, 420908, 37.8367, -35.9584, -41.0055, -0.000220077, 0.000338801, 0.000557783, 
118, 43656.3, 19.1955, -35.803, 35.4751, -0.000282863, 0.000458302, -0.000883403, 
119, 5442.94, 41.153, 3.47002, 32.342, -0.000323483, 0.000614506, -0.000966354, 
120, 64753.8, -6.3653, 36.2071, -18.2067, 0.000220225, -0.000830405, 0.000292095, 
121, 5238.72, 12.6655, 32.346, 12.256, -0.00017013, -0.000907142, 0.000721341, 
122, 36292.8, -11.6254, 17.0075, -30.4762, 0.000270185, -0.000370792, 0.000751884, 
123, 239246, -2.57247, -12.5305, 30.8988, -0.000660086, 0.000227021, -0.0011005, 
124, 35916.3, -18.4184, 39.0803, -8.5101, 0.000200882, -0.000878572, 0.000374898, 
125, 59978.1, 44.0543, -27.5454, 8.5686, -0.00118144, 0.000496136, -0.000167752, 
126, 68914.6, -18.1483, -0.206307, 41.9357, -0.000510571, -0.000859749, -0.00071972, 
127, 139141, 3.35431, 16.7076, 33.613, -0.000270981, -0.00112173, -0.00129387, 
128, 48573.4, 38.0738, 45.7882, -2.09429, -0.000605809, -0.000665843, -0.000297958, 
129, 16414.7, -0.851766, 18.7444, -13.0526, -4.15816e-05, -0.000771695, 0.000158585, 
130, 33001.4, 8.57935, 3.28558, -1.81272, 0.000100511, -0.000834531, -0.000486627, 
131, 8395.87, 10.5274, -9.74286, -7.59821, 5.87906e-05, -0.000266637, 0.00123203, 
132, 60106.1, 27.7528, -22.1111, -0.443027, -0.000596574, 0.000330785, -0.000145436, 
133, 207157, 14.784, 13.4561, -8.26232, -0.000220755, -0.00083723, 0.000308343, 
134, 73184.1, -18.474, 46.4695, 41.5876, 0.000140308, -0.000707877, -0.000483479, 
135, 36373.7, 12.5945, -32.5873, 5.18345, -0.000337819, 0.00114101, -0.000269003, 
136, 129576, 21.7214, 12.4827, 16.4977, -0.000416445, -0.00034297, -0.000549021, 
137, 29531.3, 31.2133, 21.0149, -34.7729, -0.000575858, -0.000491938, 0.000652086, 
138, 56000.4, -13.5919, -2.29373, 15.1961, -0.000105515, -0.000262491, -0.000146191, 
139, 168899, 4.66512, 46.4239, -33.9284, -5.3935e-05, -0.000895952, 0.000569526, 
140, 86223.5, -26.3979, -17.226, -31.2412, 0.000607201, 5.73219e-05, 0.000651856, 
141, 203477, -44.6823, -11.7962, -9.17373, 0.00111404, 0.00053322, 0.000158214, 
142, 27856.9, -8.3136, 41.6826, 8.90283, 0.000177905, -0.000994033, -0.000254754, 
143, 84533.1, 18.1584, -6.70253, -5.26563, -0.00120923, -0.000538347, 0.0011584, 
144, 350304, -15.9038, -34.0063, -32.2764, 0.000161797, 0.000516336, 0.000959599, 
145, 72268.6, 4.43104, -14.7177, -17.115, 4.19242e-05, -0.000518005, 0.000978819, 
146, 15177.3, -45.5786, -12.0812, -19.2172, 0.00118205, -0.00132162, 0.00037005, 
147, 210355, -46.4828, 1.8854, 4.56688, 0.00106828, -0.00012616, -0.000199697, 
148, 79347.4, 37.4334, -31.7211, -44.4513, -0.000226573, 0.000840262, 0.000227432, 
149, 348165, 10.5708, 42.487, -13.4161, -0.000170333, -0.000903443, 0.00019526, 
150, 39793.7, 41.7812, 19.8413, 32.7719, -0.000408478, -0.000993628, -0.000797434, 
151, 141654, -40.146, -18.8105, 34.8257, 0.00227736, 0.000216069, -8.35171e-05, 
152, 17705.2, 41.8468, -4.68478, 38.5806, -0.000485664, 0.00033507, -0.000700615, 
153, 8128.89, -34.0258, -8.4138, 28.865, 0.000762997, -0.000129049, -0.000259267, 
154, 60076.2, -20.6984, -3.36337, 47.1297, 0.000487311, 0.000186316, -0.00033509, 
155, 211378, -20.3873, -39.2589, -39.6875, 0.00038357, 0.00118323, 0.00114119, 
156, 141972, 12.371, 4.13308, -37.0071, -0.000176383, -0.000207745, 0.00103642, 
157, 74665, -10.1603, -25.3352, 12.9641, 0.000287509, 0.00077049, -0.000883003, 
158, 517293, 41.5036, 13.7877, -12.225, -0.000952468, -0.000561878, 0.000348845, 
159, 172971, -38.5881, -44.2291, 13.023, 0.00070644, 0.00102047, -7.58822e-05, 
160, 51121.1, 13.9492, 32.2764, -4.79331, -0.000306536, -0.000584179, -9.25329e-05, 
161, 91130.1, -21.9871, 20.0009, 25.0598, 0.000316025, -0.000902361, -0.000251718, 
162, 149283, -35.8624, 29.9358, 16.1546, 0.000613071, -0.00130446, -0.000379147, 
163, 83452.9, -43.5518, 11.9515, -5.3001, 0.000901805, -0.000497734, 0.000238691, 
164, 64226.9, 11.3832, 0.307897, -2.42344, 0.000960491, 0.00222811, 0.00216344, 
165, 7853.04, 13.2975, -24.1253, -29.5878, -0.000608654, 0.000447525, 0.000805818, 
166, 42725.7, -0.31029, 18.9481, 44.3812, 8.82715e-05, -0.000469526, -0.0014566, 
167, 80232.7, -39.7138, 14.2873, -29.8336, 0.000803249, -0.000328748, 0.000680407, 
168, 56861.4, -27.6362, -13.315, 43.1387, -8.5715e-05, 0.000381451, -0.00107414, 
169, 3283.8, -10.0129, -13.1015, 26.3571, 0.000277858, 0.00147862, -0.00356304, 
170, 2064.05, 39.808, 39.0448, 39.7316, -0.000406972, -0.000556715, -0.000508083, 
171, 92729.6, 29.8085, -40.5065, 26.6307, 0.00134663, 0.00200315, -0.000258185, 
172, 92313.6, -45.4956, -13.4743, -19.8448, 0.000959258, 0.000498618, 0.000798058, 
173, 134604, -4.52975, -28.2, 1.8492, 0.0010052, -0.000103146, -0.000514876, 
174, 167355, -19.2498, -27.271, 1.87359, 0.000754044, 0.000592722, -7.52361e-05, 
175, 333184, -12.7, -32.898, -23.7944, -8.95966e-05, 0.000673673, -0.000222558, 
176, 109996, 40.6815, 28.0108, 19.3815, -0.000651341, -0.000743074, -0.000286759, 
177, 116129, -35.1568, 26.5889, 26.6757, 0.000559319, -0.000685582, -0.000723951, 
178, 23919, -2.56209, -29.1254, 28.9794, -9.90812e-06, 0.000834489, -0.000699494, 
179, 157841, -19.5096, 43.7098, -42.4376, 0.000276482, -0.000647713, 0.000575267, 
180, 123810, 40.7155, -4.66289, -10.0619, -0.00107297, 0.000328772, 0.000445009, 
181, 16634.9, -20.1269, -9.92714, 34.9173, 0.000219152, 8.8489e-05, -0.000697064, 
182, 156081, 33.6223, -25.1157, 1.37149, -0.00093369, 0.000663256, -0.000257147, 
183, 3124.3, -36.3253, 29.2907, 20.4266, 0.00101971, -0.000960938, -0.00109122, 
184, 53389.1, -16.2508, -14.4737, 30.7447, 0.00046964, 0.000673057, -0.000979154, 
185, 210128, -24.6109, 14.5732, -22.5455, 0.00055021, -0.000559294, 0.00059899, 
186, 42801, -23.2599, 13.7685, 36.3975, 0.000538576, -0.000495168, -0.00112652, 
187, 235088, -29.7885, -32.843, -45.6107, 0.000697349, 0.000285816, 0.00101363, 
188, 202835, -21.6908, -4.15282, 43.4808, 0.000207992, -0.000116351, -0.0015291, 
189, 89831.3, 43.7141, -31.9424, -42.1532, -0.0016479, -0.000318116, 0.000582037, 
190, 200924, -34.8632, -15.2805, 43.0812, 0.000575332, 9.3605e-05, -0.00125309, 
191, 201667, -8.70367, 10.1116, -19.4365, -1.39457e-05, -0.000666398, 0.000585227, 
192, 39680.8, 12.1623, -46.7293, -35.5737, -0.000236028, 0.000873543, 0.000561566, 
193, 266396, 43.5211, 9.2886, 27.9378, -0.000716908, 0.000242307, -0.000370909, 
194, 596.634, -37.0411, 43.3337, 8.15972, -0.000612491, -0.000435009, -0.000914609, 
195, 210775, -46.2821, -3.15239, -42.4976, 0.000664603, -6.06409e-05, 0.000688334, 
196, 63484.8, -40.2982, -6.85958, -1.71413, 0.000513928, 0.000305406, -0.000536038, 
197, 43718.9, 40.2056, 15.0608, 6.03891, -0.000898513, -0.000685166, -0.000289603, 
198, 265739, -10.0089, -12.9227, 25.813, 0.000198348, 0.000273583, -0.000282004, 
199, 27023.6, -29.5586, -6.16928, 22.1844, 0.000753696, 0.000145903, -0.00013641, 
