ID, Mass [kg], pos_0 [m], pos_1 [m], pos_2 [m], vel_0 [m/s], vel_1 [m/s], vel_2 [m/s], 
0, 10438.7, 15.2675, -4.56575, -5.94451, -0.000717775, 7.01121e-05, 3.90715e-05, 
1, 6654.64, -4.79312, 15.4021, 17.6783, 0.0003343, -0.000398773, -0.000522848, 
2, 188574, -10.5754, 11.2657, 2.65715, 0.000353161, -0.000187559, -0.000253544, 
3, 37.6105, 16.0311, 1.27286, 11.0704, -0.000992047, 0.000306003, -6.07305e-05, 
4, 156575, -15.2734, 9.67515, -10.9851, 0.000609779, -0.000263782, -2.09987e-05, 
5, 68600.3, -18.2336, -19.7796, -3.10915, 0.000394607, 0.000429829, 5.19132e-05, 
6, 25394.3, -11.7948, 17.3128, -11.3633, 0.000545769, -0.000773322, 3.96878e-05, 
7, 79727.6, -18.7336, -2.59942, 8.6308, 0.000104898, -0.00365047, -0.00087245, 
8, 20636.5, -14.8663, 1.68444, -7.30497, 0.000224378, -0.000245956, 0.00060838, 
9, 1631.49, 8.98296, -18.3441, 12.3028, -0.000194458, 0.000486454, -0.000330528, 
10, 92118.6, -4.98261, 8.72941, -8.45315, -0.000377957, 0.00029094, -0.000303315, 
11, 22412.4, 6.28424, -7.37955, -19.0678, 3.3191e-05, 0.000531503, 0.00061028, 
12, 147192, 1.2143, 2.52183, -4.25427, -2.01917e-05, 0.000154364, 7.02274e-05, 
13, 68437, -6.15415, -18.4908, 13.9658, -0.000202071, 0.000793415, -0.000253006, 
14, 48261.5, -18.6628, -14.7631, -9.15541, 0.000492309, 0.000345685, 0.000121186, 
15, 4115.53, -10.645, 14.4999, -15.243, 0.000646936, -0.000740487, 0.000124559, 
16, 187519, -7.74718, -13.7389, 7.74075, 6.55546e-05, 0.000322368, -7.92053e-05, 
17, 41299.2, -13.3522, -6.23134, 11.8667, 0.000179767, -6.19805e-05, -0.000426868, 
18, 31312.4, 15.4702, 1.63843, -17.3177, -0.000784095, -0.000109546, 0.000313803, 
19, 20522.5, 13.4877, -12.8278, 0.0240513, -0.000576144, 0.000350794, -6.65493e-05, 
20, 107552, -14.7722, 1.27608, -5.78985, 0.000167283, -1.44467e-05, -0.000302945, 
21, 71003.2, -1.67204, 6.45521, -2.64483, 0.000177054, -0.000224683, -0.000185042, 
22, 113893, -16.7762, 18.9929, 14.6304, 0.000186185, -0.000511517, -0.000238683, 
23, 377662, 8.04774, 4.96358, 13.0953, 0.000494319, 0.000317946, -0.000391466, 
24, 33818.9, -4.25063, -10.1935, -17.6388, -0.000278827, 0.000530201, 0.000320008, 
25, 72081.8, -17.5509, -18.1196, 4.34625, 0.000444728, 0.000469991, -1.66867e-05, 
26, 42615.9, 1.08164, -7.85127, -1.24253, -0.000112435, 0.000186771, -3.23578e-05, 
27, 73029.4, 0.341839, -6.76723, 4.58558, 2.47589e-05, 0.000194494, -0.000159068, 
28, 278349, -5.10396, 13.665, -12.7331, -0.00206206, 0.000319581, 0.00110485, 
29, 119212, -11.2229, 13.4389, -17.9733, 0.000459652, -0.000656045, 0.000538489, 
30, 4323.1, 6.15748, -2.27896, -8.74509, -0.000182815, 8.55707e-06, 0.000111526, 
31, 250092, 16.0134, -15.312, 18.1467, -0.000275037, 0.000292822, -0.000310438, 
32, 2919.37, -2.07447, 4.9813, 17.6715, 0.000410904, 1.38616e-05, -0.000597831, 
33, 15081.1, -6.71523, -6.99562, 5.65664, 0.000161057, 8.51668e-07, -0.000127194, 
34, 72653.2, 8.14877, 7.53425, 11.7638, 0.000568994, -0.0014533, 0.000241221, 
35, 227948, 9.72642, -14.157, -16.9891, -0.00029642, 0.000521305, 0.000420828, 
36, 54512.8, -4.35586, 0.660852, -7.90429, 0.00013144, 0.000202938, -1.90537e-05, 
37, 132334, 16.9303, 18.6047, -16.4612, -0.000335526, -0.00047249, 0.000389533, 
38, 124410, -16.5629, -13.1783, 12.3786, 0.000715661, 0.000180546, -0.000572581, 
39, 233658, -14.6828, -15.9659, 14.2538, 0.000316579, 0.000547851, -0.000516849, 
40, 294451, -16.0909, 2.37564, -18.3533, 0.000564335, 0.000418695, 0.000532645, 
41, 18072.9, 2.46472, 2.72002, 8.52711, 0.000458513, 0.000103508, -3.04743e-05, 
42, 168697, -11.1855, 6.34755, -15.2525, 0.000466716, -4.70356e-05, -5.68919e-05, 
43, 58869.8, -14.8897, 9.26393, 17.4953, 0.000312908, -0.000269402, -0.000385169, 
44, 457733, 9.43642, 6.28044, 18.8122, -0.000256398, 0.00107969, -0.00142226, 
45, 2111.71, 6.41203, -19.2671, 13.7423, -0.000153898, 0.000481191, -0.000318499, 
46, 30392.2, 8.37106, 0.16807, -14.332, -0.00094534, 0.000251478, 0.000628317, 
47, 2286.25, -2.29746, -10.2032, -7.72126, -1.38934e-05, 0.000101875, 6.71999e-05, 
48, 75203.2, -17.2095, -5.06849, -3.91303, -0.000149983, 0.000138607, -4.11552e-05, 
49, 166748, -2.06389, 18.7408, 4.33707, 8.14229e-05, -0.000578518, -5.40375e-05, 
50, 18376.9, 19.4341, 18.6848, -1.07502, -0.000414779, -0.000473706, -0.000182032, 
51, 8818.69, 17.5099, -14.688, 3.94965, -0.000478993, 0.000316202, -6.34215e-05, 
52, 46667.2, 6.91983, -12.8686, -0.471568, -0.000267583, 0.000253588, -6.00098e-05, 
53, 81946, 6.1463, 5.66185, 8.0041, 0.000297044, -0.000260815, 0.000329149, 
54, 258170, -7.63534, -12.6279, 13.1949, 1.57246e-05, 0.000108059, -0.000453453, 
55, 14387.8, -4.43646, -14.2035, -6.63021, 0.000183733, -0.00055382, -0.000738347, 
56, 72595.4, -13.723, -8.41795, -15.9319, 0.00044974, 0.000269177, 0.000493891, 
57, 127861, -0.653314, 9.20806, 14.6914, 0.00105757, -9.72923e-05, -0.000764373, 
58, 99632, 13.648, 12.249, -13.8087, -0.00016262, -0.000227264, 0.000380228, 
59, 42252.2, 16.317, 15.5294, 11.3678, -0.000461179, -0.000507838, -0.000210986, 
60, 87983.4, 8.74058, -8.48356, -0.399465, -0.000384417, 0.000239188, -0.00017557, 
61, 196363, 1.55713, 8.47075, -16.3504, -0.00203226, -0.00038825, 0.000996095, 
62, 53625.6, -5.73298, 9.07095, -8.26508, 0.00112058, -0.000338343, -0.000649036, 
63, 36442.2, 13.1464, -2.88942, 5.27909, -0.000564157, 0.000308465, 4.80512e-05, 
64, 325076, 9.27673, 16.6082, -2.41163, -0.000191408, -0.000502138, -4.90529e-05, 
65, 80050.7, -14.9133, 10.0067, -19.6914, 0.00115963, -0.000632785, 0.000699797, 
66, 111018, -19.2619, 7.1005, -4.84439, 0.000628909, -0.000251492, -0.000162813, 
67, 165997, -5.73484, -15.9044, 2.55336, 3.77807e-05, 0.000514363, -2.77506e-05, 
68, 55805.8, -6.88269, -14.9701, -9.09341, 0.000645643, -0.000162548, 9.16722e-05, 
69, 31234.3, -10.0055, 13.0411, 1.09967, 0.000169032, -0.000830821, 0.000205147, 
70, 186090, 4.0793, 4.67468, -0.561829, -0.000294027, -0.000128882, -1.81289e-05, 
71, 28094, 4.44363, 2.54886, 4.14081, 0.000201445, 0.000210514, 0.000101796, 
72, 957885, 19.742, 12.9263, -9.19244, -0.000501375, -0.000186775, 6.82705e-05, 
73, 4474.79, -15.6214, -16.9613, -0.417421, 0.0004219, 0.000366126, 6.14529e-05, 
74, 10808.5, 13.8615, -0.787204, -1.35298, -0.000562371, 0.000101643, 2.74427e-05, 
75, 1477.59, -13.4854, 0.301488, -9.11681, 0.000136513, 0.000145057, 0.000205446, 
76, 46803.5, -17.4041, -2.29721, -8.30693, -0.000194586, 0.000491297, -0.000105441, 
77, 163629, -6.40357, 18.5487, -17.4085, 0.000201867, -0.000891939, 0.000552088, 
78, 91417.6, -18.7831, 8.54862, 16.7542, 0.000600889, -5.80024e-05, -0.000383445, 
79, 969.187, 2.37028, 7.60643, 5.9523, 0.000169122, -0.000355128, 0.000198515, 
80, 26478.7, 9.61306, 6.04333, 18.7606, -0.00453324, 0.00292234, 0.000602675, 
81, 117213, -12.3362, 8.25656, 19.3814, 0.000121218, -0.000121075, -0.000578256, 
82, 437308, 5.58912, -2.75136, 12.3489, -4.74917e-05, 0.000473364, -0.000197649, 
83, 17332.5, -14.298, 5.17533, 18.8071, 0.000372504, 0.000224995, -0.000483524, 
84, 24899.3, -4.36768, -16.6884, -7.55192, 0.000146051, 0.00239703, -0.000457672, 
85, 98799.6, -9.82575, -17.5118, -15.3225, 0.000388306, 0.000550057, 0.000948766, 
86, 140967, -2.37356, 16.1898, 11.2781, 0.000192307, -0.000553953, -0.000198552, 
87, 3055.51, -1.59956, 4.63492, 5.74817, 0.000335734, -4.25264e-05, -0.00015717, 
88, 131508, -5.26654, -9.42771, -18.923, 0.000356859, 0.000151208, 0.000931859, 
89, 72894.3, -6.76311, -16.599, -9.67712, 0.000341399, 0.000893655, 0.000298547, 
90, 57118, -4.5953, -11.883, -17.7698, 0.000109308, 0.00102275, 0.000495148, 
91, 2617.69, -5.93649, -3.803, -18.8232, 0.000119298, 0.000154456, 0.000613817, 
92, 9206.39, -3.70946, 12.6784, 14.2509, 0.000509839, -0.000386999, -0.000604114, 
93, 216586, 8.4351, 19.3653, -18.9722, -0.000222783, -0.000515897, 0.000380471, 
94, 58892.3, 12.4464, -6.67824, -4.90412, -0.000739605, 0.00018813, -9.49818e-05, 
95, 81944.5, 1.65041, 15.3214, -19.0286, -0.000190069, -0.000696585, 0.000747251, 
96, 11783.7, -12.1796, -1.85425, -12.1393, 0.000270129, 0.000218901, 0.000185146, 
97, 99126, -18.4563, 1.27712, -6.84163, 0.000747883, -0.000216571, -8.91941e-05, 
98, 151994, -18.9061, -1.83395, -8.97412, 0.000906367, 0.00018281, 0.000350247, 
99, 87258.7, -9.10124, -6.67889, -7.30777, 0.000226081, 0.000206618, -4.72976e-05, 
100, 48596.7, 1.43943, -15.8478, 15.0989, -0.000147693, 0.000433607, -0.000399494, 
101, 44096.9, -11.7867, 15.167, -6.90263, 0.000658155, -0.000628201, -0.000255191, 
102, 8359.99, 10.2654, 4.69713, -6.67197, -0.000420665, -1.63244e-05, 4.28063e-05, 
103, 70351.6, 3.44396, 16.3658, 15.0513, -0.000335805, -0.000248936, 0.00133624, 
104, 45294.6, 16.4613, -16.2603, 12.6494, -0.000343653, 0.000363553, -2.18003e-05, 
105, 19504.5, 12.28, 14.3864, 11.8499, -0.000504253, -0.000622136, -0.000200276, 
106, 54049.2, -16.4034, 8.76722, 14.8517, 0.000297608, -0.000105729, 3.1154e-06, 
107, 165846, -7.99801, 14.0669, -7.52422, 0.000391796, -0.000590469, -0.000460114, 
108, 334000, 8.75106, -4.17363, -18.92, -0.000232018, 0.000178169, 0.000567405, 
109, 380350, 1.14852, -3.75032, 18.9876, 0.00017018, 0.000256572, -0.000635457, 
110, 169825, 13.3072, -1.14247, -17.8589, -0.000637346, 5.62897e-05, 0.000389175, 
111, 49417.8, 12.1975, 8.36035, 12.4282, -0.0011959, -0.00176621, -0.000701995, 
112, 22932.1, 6.78347, 4.38023, -12.0694, -0.000408948, -4.30041e-05, 5.96484e-05, 
113, 33159.4, -11.4618, -13.5625, 7.75516, 0.000446734, 0.000341025, 1.71851e-05, 
114, 329915, -18.7227, -2.52723, 8.64534, 0.00055643, 0.00081467, -7.17296e-05, 
115, 46014.7, -5.54769, 15.1489, 9.858, 0.000493402, -0.000363694, -0.000121325, 
116, 70885.7, -5.88055, -6.53967, -15.457, 0.000269473, -4.64475e-05, 0.000286254, 
117, 39878, 1.45893, 7.53462, 7.65604, 0.000344754, -0.000279637, -6.11294e-06, 
118, 7990.99, 3.09513, -7.42988, -2.54817, -0.000173896, 0.000161699, 2.47754e-05, 
119, 45208.6, 8.44657, 9.70029, 2.35306, -0.000274128, -0.000375633, 7.99013e-05, 
120, 21852.8, -12.4555, -19.7093, 15.1782, 0.000159182, 0.000779926, -0.000412775, 
121, 39421.6, 6.68803, 3.51013, 17.6676, 0.000610335, 0.000694834, -0.000821961, 
122, 29750.7, 8.68731, -3.871, -4.81008, -0.00037268, -0.00018829, -0.00016285, 
123, 92556.9, -17.5305, 4.46483, -17.3309, 0.00118115, -0.000516976, 6.48355e-05, 
124, 232939, 1.03273, -16.8677, 4.36032, -0.000117841, 0.000519067, -0.00020273, 
125, 64576, 6.99025, -8.39127, -13.5725, -0.000131716, 0.000298058, 0.000205287, 
126, 80969.1, -18.6433, 0.434671, 0.18084, 0.000519098, -7.98775e-05, -0.000202558, 
127, 69836.7, -9.08814, -14.8703, 1.22925, 0.000462349, 0.000306698, 0.000120986, 
128, 34136.6, -12.4229, -17.907, 0.908283, 0.000376041, 0.000561713, 3.24223e-05, 
129, 80050.6, 10.2039, -17.3991, 7.23776, -0.000377001, 0.00047514, -0.000195987, 
130, 67728.8, 7.81679, 0.399249, -13.9097, 1.48106e-05, -8.36229e-05, -7.07592e-05, 
131, 150978, -18.9459, 15.3119, 14.3027, 0.000439921, -0.000203824, -0.000197278, 
132, 81625.8, 0.188998, 9.27494, 14.2747, -0.00068926, -0.000311923, 0.000188988, 
133, 2593.03, 10.6373, -12.5889, -4.68025, -0.000520122, 0.000483984, 1.7297e-05, 
134, 644361, 11.5309, 5.97484, 11.0957, -0.00100682, -0.000107098, 0.000279263, 
135, 21866.9, -10.1357, 12.2944, 10.8394, 0.00032526, -0.000258805, -0.000259245, 
136, 41691.7, -4.64077, 7.15228, -12.4206, 0.000262214, 0.000374483, -8.76228e-05, 
137, 91347.5, -7.83641, -16.8247, 15.4489, 9.94613e-05, 0.000545106, -0.00066155, 
138, 106353, -18.7356, -5.52658, -3.65865, 0.000976041, 0.000428877, -0.000161785, 
139, 48040.2, -11.0199, 5.651, 15.665, 0.000189519, 3.1767e-05, -0.000267782, 
140, 37577.6, -1.24204, -8.0129, -0.603691, 0.000213014, 0.000181213, -8.90077e-05, 
141, 18448.8, 2.00059, 14.446, -12.8955, -0.000618229, -0.00102067, -0.000273232, 
142, 80498.5, -16.0191, -9.30714, 6.79148, 0.000401556, 4.09021e-05, 0.000136023, 
143, 7666.73, 6.20759, -17.2877, -8.66013, -0.000213582, 0.00010726, -0.000533953, 
144, 13225.3, -8.0574, -0.129481, -5.35352, 0.000214743, 0.000113685, -0.000156778, 
145, 193634, 13.2419, -10.3712, -12.0702, -0.000603202, 0.00033695, 0.000137748, 
146, 240149, 8.22388, -7.0414, -7.0089, -0.0002681, 0.000225859, 7.91581e-05, 
147, 329761, 3.1746, 16.7302, 16.5647, 6.93079e-05, -0.000680757, -0.000780332, 
148, 44620.5, 18.1109, 11.2477, 1.88195, -0.000537838, -0.000199602, -0.000113117, 
149, 326998, 9.23281, 7.81399, 18.4774, -1.0961e-05, -0.00239403, -0.000453339, 
150, 96085.7, -18.7775, 13.0685, -9.20365, 0.000687973, -0.000455473, -4.07696e-05, 
151, 156236, 1.32905, 12.3626, -14.7219, -0.000628762, -0.000844981, 0.000147128, 
152, 21221.8, -0.857337, -5.2846, -8.40142, -7.2459e-06, 0.000183687, 7.20102e-05, 
153, 52477.7, 19.5687, 15.6579, 9.96623, -0.00057509, -0.000370105, -0.000124743, 
154, 23635, -13.7094, -9.71948, -13.9172, 0.000458618, 0.00048802, 0.000130597, 
155, 46830.7, 14.7146, -0.0654151, 16.2994, -0.00076086, 0.00029007, -0.000548229, 
156, 92630.3, 6.97925, 3.14566, 5.51248, -0.000214716, 0.000199484, 0.000294997, 
157, 48406.4, -13.9896, 14.8439, 6.16002, 0.00042423, -0.000413187, -0.00018924, 
158, 196582, -9.10157, -17.2852, -12.8123, 0.000275392, 0.000550007, 0.000132818, 
159, 30074.5, -3.738, 4.56088, 1.74749, 0.000286765, -3.43564e-05, -0.000238178, 
160, 33571.4, -13.2318, 5.08916, -19.5437, 0.000512764, -5.26519e-06, 0.000852906, 
161, 8737.73, 19.4935, -15.9731, 12.5196, -0.000536322, 0.000285511, -5.25933e-05, 
162, 508060, -7.92632, 4.26767, -19.3743, 7.07401e-05, 0.000211779, 0.000719533, 
163, 44193, -7.0564, -7.20765, -11.7801, 0.000210254, 0.000195967, 7.54574e-05, 
164, 29803.4, 8.01011, -15.9072, 9.26474, -0.000168616, 0.00035959, -0.000369914, 
165, 169235, 12.7336, 6.41358, -17.2268, -0.000417766, -8.55225e-05, 0.000445119, 
166, 23700.2, -19.7448, -5.5591, 16.2563, 0.000435717, 4.47982e-05, -0.000487677, 
167, 86765.8, -15.4642, -19.2311, -15.6314, 0.000438601, 0.000443859, 0.000297724, 
168, 145148, -12.9786, 9.08299, -19.343, 0.000319212, -0.000290735, 0.000662492, 
169, 52934.1, -5.51683, -19.2417, -4.66434, 0.000158214, 0.000828443, -0.000146946, 
170, 1922.37, -8.55076, -8.2377, -17.2643, 0.000562382, 0.000229992, 0.000494305, 
171, 22445.4, 14.1691, -6.5085, 16.4284, -0.00041875, 0.000505959, -0.000501569, 
172, 481411, -0.249115, 7.9401, -15.8677, 0.000397825, 0.000357183, 0.000310964, 
173, 207195, 7.63693, -17.5495, 0.359361, -0.000371497, 0.000632144, -5.11005e-05, 
174, 59874.5, 5.69501, 12.7727, -19.1483, -0.00048819, -0.000333105, 0.00067299, 
175, 157715, 6.33013, -18.3185, -10.1031, -0.000234288, 0.000633237, 0.000208693, 
176, 23284.3, 10.3937, -9.51186, -16.3674, -0.000438094, 0.000268109, 0.000423953, 
177, 26682, -3.46282, 12.1836, 12.7722, 0.00045917, -0.000233718, -0.000218489, 
178, 2733.56, -3.91308, 16.9646, 7.92991, 0.000302578, -0.000546021, -2.36806e-05, 
179, 21708.5, 2.23674, 4.46929, -0.556743, 0.00082388, -1.61232e-05, -0.000207216, 
180, 35339, -14.8888, -6.47844, -11.0014, 0.000797682, 0.000362919, 0.000346789, 
181, 8547.22, 9.93968, 6.22992, 3.12535, -0.00048742, -0.000146922, 0.000276674, 
182, 35159.6, 10.8875, 15.9288, 11.2458, -0.000270648, -0.000754866, -9.66909e-05, 
183, 26059.5, 14.4809, 3.21398, 2.70449, -0.00063212, 7.16917e-05, 0.0001465, 
184, 170910, -16.121, -12.1147, 9.71473, 0.000462763, 0.000151772, 8.29731e-05, 
185, 34629.4, 2.44926, 2.93683, -10.8478, -0.000231679, 0.000203506, 4.23377e-05, 
186, 176.156, -15.182, 14.1446, -5.02021, 0.00054226, -0.000461846, -0.000245753, 
187, 17432.8, 5.64109, -13.2311, -6.1871, -0.000295447, 0.000423921, 7.41885e-05, 
188, 38613.7, 14.5794, -4.38006, 15.1487, -0.000608802, 0.000462458, -0.00056174, 
189, 103423, 1.30432, -13.9977, -6.00988, -0.000172548, 0.000391784, 3.87306e-05, 
190, 29362.8, -8.35474, -13.331, 18.9067, 0.00011398, 0.000184894, -0.000763907, 
191, 226096, -4.21238, -15.669, -7.81498, -0.000199538, 0.000303945, 6.85084e-05, 
192, 449215, -4.4339, 13.3769, -13.0362, 0.00153294, -0.00124709, -0.000529459, 
193, 35466.9, -13.958, -6.41318, -10.627, 4.23175e-05, 0.000285734, 2.6896e-05, 
194, 130.538, 3.05316, 7.59322, -18.4975, -0.000957436, 0.000265038, 0.00143233, 
195, 95093.9, -3.82656, -9.09866, -15.664, -0.000102446, 0.000231113, 2.03012e-05, 
196, 99101.5, 14.2259, -3.25717, 12.7447, -0.0006317, 0.000384089, -8.97383e-05, 
197, 92771.6, -17.6049, 19.7204, -14.7217, 0.00044744, -0.000506424, 0.000176918, 
198, 13109, 6.85803, -16.0007, 0.0589729, 0.000171901, -0.000370879, 0.000122663, 
199, 168093, 1.11061, -9.61376, -18.3369, -0.000157392, 0.000341326, 0.000531028, 
