ID, Mass [kg], pos_0 [m], pos_1 [m], pos_2 [m], vel_0 [m/s], vel_1 [m/s], vel_2 [m/s], 
0, 94943.7, 15.8403, -0.567368, -17.9534, -0.000797104, -5.72098e-05, 0.00108423, 
1, 62676.1, 19.2013, 16.6297, 14.7471, -0.000994576, -0.000677373, -0.000494638, 
2, 129817, 6.90218, 0.110876, 11.7147, -0.00157372, 5.42997e-05, -0.00105819, 
3, 116722, -17.1403, -15.2111, -10.3754, 0.00132307, 0.000515453, 0.000706669, 
4, 50768, 5.80018, -3.89253, -6.80053, -0.000570306, -0.000187387, 0.000584505, 
5, 151125, -9.76716, 15.3479, 10.8342, 0.000871071, -0.00215127, 0.000439586, 
6, 8210.88, -15.8568, 6.44092, -7.3052, 0.00126027, 0.00101654, 9.7421e-05, 
7, 64135.2, 14.2611, -9.86122, 10.2474, -0.00134716, 0.0015714, -0.000576117, 
8, 49086.3, 1.7869, 1.1009, 11.7354, -0.0021211, -0.000421176, -0.00123609, 
9, 179608, 12.6909, 12.3987, 18.6912, -0.000911851, -0.000573626, -0.00106043, 
10, 140950, 11.406, -10.033, -6.36582, -0.00112124, 0.000753028, 0.000395356, 
11, 1383.39, 12.2388, 6.36152, 11.9847, -0.00124057, -0.000417957, -0.000950431, 
12, 250361, -0.670953, -9.29285, 11.9495, 0.000106132, 0.00144449, -0.00106873, 
13, 41751.1, -15.9994, 12.7431, 10.0351, 0.0015269, -0.0011425, -0.000575584, 
14, 18464.4, 14.3421, 9.583, 3.32104, -0.00119168, -9.04573e-05, -0.000251612, 
15, 47062.8, -17.3475, -0.743405, 1.91912, 0.00203788, 0.000921173, 0.000582038, 
16, 93408.5, 8.36136, -4.65852, -12.1519, -0.00078622, 0.000183319, 0.000594506, 
17, 63985.3, 12.875, -6.05269, 9.54759, -0.00160946, 0.00272248, -0.000573251, 
18, 495397, -6.2109, -18.4619, -14.0307, 6.66259e-05, 0.00143835, 0.000996557, 
19, 8175.9, 0.0865892, 7.63468, 12.1714, -0.000682916, 0.000201926, -0.000604389, 
20, 133265, -16.5327, 18.3065, -10.85, 0.000612566, -0.00209929, 0.000668866, 
21, 62915.9, -15.1106, -7.03952, -2.43199, 0.000985045, 0.000500109, 0.000760587, 
22, 26672.9, -1.91263, 8.67281, -3.12095, -0.000163226, -0.000247815, 0.000953415, 
23, 10031, 12.6448, -6.66615, 8.72062, -0.000954854, 0.00240535, 0.00120895, 
24, 97630.6, 0.33987, -3.65884, 13.1103, 0.000561019, 0.000738648, -0.00211474, 
25, 3753, 5.45077, -13.791, 6.72782, -0.000359636, 0.00126681, -0.000654722, 
26, 274293, -16.0632, 11.2372, -9.73037, 0.000907833, 0.00178406, -0.00162204, 
27, 10704.8, 12.8503, -4.60903, 10.0364, 0.000492214, -0.00204453, 0.00160191, 
28, 54714.2, 3.0131, -10.5034, 15.3729, -0.000568401, 0.00125432, -0.00174524, 
29, 62041.6, 6.07529, -8.65006, 1.86023, -0.000700044, 0.000583048, 5.62137e-05, 
30, 83991.8, -15.1288, 6.54817, 9.24718, 0.00161661, -0.000763224, -0.00156782, 
31, 85336, -7.18034, 13.9685, -4.59161, 0.000214674, -0.00106168, 0.00038427, 
32, 6405.9, -0.947264, 5.11306, 7.33912, -0.000706088, -0.000204159, 0.000242388, 
33, 6024.27, -0.75809, -8.78351, 12.125, 0.00137334, -0.00157182, -0.00283596, 
34, 37843.3, 17.4804, 12.849, 2.39545, -0.00159872, -0.000566093, -0.00056282, 
35, 113731, -9.48376, 12.8137, 13.8931, 0.00157048, 0.00245636, -0.00119988, 
36, 1721.18, -17.6286, 2.28244, -0.444529, 0.00185804, 0.000407655, 0.00112623, 
37, 497942, -12.8793, 1.27973, 6.08332, 0.000688482, 0.00155739, -0.00099391, 
38, 27248.6, -3.49916, -10.3532, 5.01981, -0.000384561, 0.000682543, 0.00119625, 
39, 70169.5, 0.448679, -4.43871, 10.8353, -0.000116607, 0.00104037, 3.1943e-05, 
40, 82630.2, -5.99486, -1.97153, 4.19424, -0.000233798, 0.000665978, -4.86336e-05, 
41, 36719.1, 9.73917, -0.55974, -15.5672, -0.000648931, -0.000551671, 0.00119907, 
42, 29280.3, -8.80323, -14.6869, 12.9735, 0.000601437, 0.00117674, -0.0011139, 
43, 14429.9, 8.21916, 13.1752, 11.3754, -0.00173555, -0.000833055, -0.000772909, 
44, 46028.9, -16.789, -8.30054, 1.90529, 0.00146968, 0.000702926, 9.47516e-05, 
45, 49132.5, 5.63684, 13.5128, 2.14569, -0.000616788, -0.000320702, 0.0011279, 
46, 99196.6, 16.9845, 2.6394, -13.0931, -0.000960554, -0.000296418, 0.000717119, 
47, 23307.7, -13.9743, 8.1846, -4.97935, 0.000407304, -6.57646e-05, -0.000186448, 
48, 68725, -2.96658, 9.18787, 5.17493, 2.24767e-05, -0.000546439, 0.000334844, 
49, 44059.3, 0.563197, 5.83213, -7.3148, -0.000341743, -0.000309074, 0.00101226, 
50, 30410.5, 7.30349, 3.3782, -1.46017, -0.000834626, -0.000289253, 0.000766946, 
51, 50893.4, 16.1772, -8.29165, 15.1582, -0.00127018, 0.000877102, -0.00112647, 
52, 143593, 18.1133, 3.29279, 18.2767, -0.00111245, -7.93411e-05, -0.000911357, 
53, 21526.1, -18.1861, 12.7924, 14.5104, 0.00152817, -0.000868583, -0.0010914, 
54, 3371.29, -11.7094, 6.08147, -18.0905, 0.000316773, -8.36873e-06, 0.00172975, 
55, 71829.6, 2.46764, 15.1822, 13.7606, -0.000668559, -0.00368014, -0.0021387, 
56, 117977, -12.0302, -16.8837, 3.34799, 0.00104788, 0.00131818, -0.00048049, 
57, 88711.1, -8.28336, 16.4392, -16.1558, -0.00024558, -0.000818431, 0.00111332, 
58, 75328.6, 1.17501, -11.1967, -10.9742, -0.000836444, -4.76938e-05, 0.000252883, 
59, 259081, 18.0478, -5.06689, -7.86592, -0.00127514, 0.000172378, 0.000552483, 
60, 62103.3, -11.5886, 18.2072, -18.549, 0.000268226, -0.000911432, 0.00124751, 
61, 225027, 0.615699, 16.7903, -5.071, -0.000208794, -0.00169266, 1.12803e-05, 
62, 49835.1, -1.23891, 11.8306, 17.3962, -0.000709518, -0.00078533, -0.00326269, 
63, 10291, -8.80193, 12.2859, -8.17223, -0.000331296, -0.000664404, 0.000868893, 
64, 33558.3, 12.0246, 0.700554, 7.3864, -0.00149788, -0.000684298, 0.000194797, 
65, 44258.8, -7.43007, 14.5193, -7.41402, -9.84048e-05, -0.00127209, 0.0011305, 
66, 14345.9, -8.773, 11.7619, 0.70085, 0.000535432, -0.00114045, 0.000387062, 
67, 204759, -5.7225, -11.2158, 6.21995, 0.000675429, 0.00132887, -0.000922486, 
68, 120827, -3.00109, 11.2484, 15.2879, 0.000224422, -0.000371612, -0.00254376, 
69, 25946.8, -0.559793, -10.3184, -12.4996, -0.000218938, 0.00225202, 0.0011175, 
70, 169218, -14.7457, 4.09385, 5.14132, -0.000745317, 0.000349965, 0.00188585, 
71, 8726.37, -7.75678, 9.21771, -10.6657, -0.000613057, -0.000384718, 0.00123924, 
72, 179484, -5.12773, -0.603033, 1.21611, -0.00029302, -5.45285e-05, 0.000816224, 
73, 225280, -10.8942, -14.0274, -13.751, 0.000964876, 0.000299494, 0.00109545, 
74, 1065.8, -1.61728, -13.2239, -5.44581, -0.000172261, 0.00100207, -9.9779e-06, 
75, 23039.3, 8.3822, 19.3127, -18.767, -0.000320736, -0.000695965, 0.000805629, 
76, 97718.6, -2.09447, 3.2965, 14.2465, 0.000194296, 5.74552e-05, -0.00184583, 
77, 97225.7, 7.15061, -1.74834, 0.823263, -0.00107289, -0.000524048, 0.000297963, 
78, 108293, 6.3009, -12.4833, 1.45309, -0.000639404, 0.00114432, 2.21197e-05, 
79, 20755.1, -10.7205, 5.99873, -15.9704, 1.9474e-05, 0.000101195, 0.00167661, 
80, 12051.5, -13.5929, 10.1178, 9.07962, 0.000872111, -0.0015515, -0.000339862, 
81, 7274.55, 11.1825, -17.9967, -15.2332, -0.000340386, 0.000930845, 0.000687577, 
82, 41167, 15.7486, -2.99516, 0.644955, -0.00141675, 0.000175829, 0.000145979, 
83, 17941.4, -6.15798, -14.3692, 11.3499, 0.000303806, 0.0015009, -0.00108916, 
84, 44427.1, 10.5031, 5.53605, -4.08208, -0.000866509, -0.000229345, 0.000708596, 
85, 22172.5, 15.0973, -19.0343, -8.43512, -0.000641762, 0.001022, 0.000124237, 
86, 31611.7, -15.1772, 7.51752, 9.72669, 0.00184738, -0.00117593, -0.000740544, 
87, 26634.8, -15.8528, -3.48432, -6.44159, 0.000833311, 0.000451646, 0.000574221, 
88, 75754.5, 8.57276, 11.5869, -12.0951, -0.000438812, -0.000584973, 0.000947394, 
89, 113107, -16.256, -18.6617, 11.7075, 0.00071986, 0.000927172, -0.000643526, 
90, 27261.6, -10.7188, -8.55204, -0.631688, 0.000781267, 0.000481874, 0.000285006, 
91, 351484, -1.50976, 14.4695, 1.90367, 0.000267212, -0.00133181, 0.0003155, 
92, 329973, -10.1702, 3.66905, 15.5357, 0.000883059, 0.000235789, -0.00159579, 
93, 29994.8, -18.7799, -10.2558, 11.0386, 0.00112631, 0.000721079, -0.000733071, 
94, 66540.9, 13.8421, 13.1776, -10.2422, -0.000352906, -0.00070002, 0.00106509, 
95, 84875.3, -3.7087, -10.2634, 4.21716, -0.000577702, 0.000825432, -0.000175381, 
96, 264300, -15.9912, 5.58686, 3.95242, 0.0030454, -0.00233883, 0.00073699, 
97, 86518.6, -10.4705, -5.98628, 18.8296, 0.000699126, 0.000760147, -0.00136986, 
98, 315093, 17.9888, 13.0995, -3.07825, -0.00132272, -0.000627203, 0.000346887, 
99, 201632, 2.05148, -14.8801, -11.0638, -0.00196541, 0.00237204, -0.000400364, 
100, 359073, -13.6435, 8.95058, -10.3572, -0.00070338, 0.000811264, 0.00137233, 
101, 54977.4, 15.2096, 11.226, 0.0885495, -0.000900612, -7.18307e-06, -0.000112431, 
102, 118203, 13.0846, -3.85078, 13.1896, -0.00139916, 0.000411368, -0.00205652, 
103, 14953.6, 17.2594, -18.9504, -8.93028, -0.00101361, 0.000889878, 0.000114921, 
104, 46864, 1.87782, -14.5116, -10.2521, 0.000779602, -0.000223463, -0.00228338, 
105, 25231.1, -16.533, 14.2349, 10.0352, 0.00165471, -0.00189871, -0.000449856, 
106, 30079, -6.5044, -8.62918, 17.5951, 0.000374704, 0.00098622, -0.00141926, 
107, 3629.19, 13.2124, -3.83674, 12.9928, -0.00213295, 0.000295254, -0.00127119, 
108, 66090.9, 1.67759, 12.6015, 0.725521, -0.000848418, -0.000217253, 0.00100012, 
109, 61393.7, 7.88647, 0.196966, 12.2671, -0.000119864, 0.000130894, -0.000276416, 
110, 20439.4, 17.0199, 6.31891, 8.80407, -0.00175441, -0.00023207, -0.000351845, 
111, 141284, 2.23739, -15.0318, -10.7907, 0.000759297, 0.000347655, 0.00290205, 
112, 92531.1, 0.694989, 16.5837, -5.85935, -0.000582106, -0.000186368, 0.00340485, 
113, 31864.8, -7.87781, -2.99003, 6.03399, 0.00177452, 0.00252633, -0.000998664, 
114, 44313.2, 11.7796, 14.9021, -2.03722, -0.000601263, -0.00104857, 0.000751484, 
115, 4750.24, -15.3999, 1.33765, -11.3673, 0.000530761, 0.000269069, 0.00134402, 
116, 44452.8, -6.50459, -13.1385, -5.04232, 8.9077e-05, 0.000847828, 0.000848152, 
117, 11256, 13.6904, 11.3573, -1.52326, -0.000312039, -0.000150522, 0.000637945, 
118, 19927.1, 9.58286, -15.2889, 17.6094, -0.000544192, 0.000975627, -0.000939401, 
119, 274949, 0.206599, 0.761853, 11.4417, 0.000188657, 0.00025386, -0.000579581, 
120, 100403, 13.2458, 15.6052, 3.25743, -0.00154072, -0.00110344, -9.87074e-05, 
121, 71368.6, -15.0502, 7.37381, 10.1269, 0.00151547, -0.000511483, -0.00161362, 
122, 191445, -4.2675, -7.21437, -11.7742, 0.0009077, -0.000334617, 0.000825578, 
123, 172817, -9.723, 13.1276, 13.7633, -0.000210931, -0.00307958, -0.00186232, 
124, 64236.3, 6.85542, -2.87157, 0.230931, -0.000495712, 0.00116045, 0.000968177, 
125, 55232.1, -5.66272, -19.8051, -15.3079, 0.000682632, -8.46932e-05, -0.00034235, 
126, 82879, 8.01772, -3.53468, -14.4382, -0.000386701, -0.000258473, 0.00151442, 
127, 194422, -2.35318, -8.90491, -15.654, 3.03893e-05, 0.000114237, 0.00207713, 
128, 19393.7, -1.33151, 4.80561, 16.8009, -0.000359522, -5.49831e-06, -0.00247481, 
129, 294796, 7.90207, 15.5866, 4.34187, -0.00177645, -0.00186824, -0.000353114, 
130, 3377.38, -2.65308, -6.15826, -11.2008, -0.000872502, -0.000849436, 0.000509746, 
131, 80.222, 3.59437, 3.27984, 1.73984, 0.000332345, 0.000538168, 0.000677076, 
132, 80445.4, 7.27581, 1.26888, 14.6747, -0.00113715, -0.000187544, -0.0023028, 
133, 62558.6, -8.19765, 2.29669, 17.9566, -7.122e-05, 0.000774244, -0.00257806, 
134, 16081.4, -8.25572, 2.55294, 12.8598, 3.90052e-05, 0.000847991, -0.000725221, 
135, 23462.2, -4.74313, -6.93165, -12.0754, -0.00160395, 0.00110493, -0.000222696, 
136, 225632, -16.5581, 7.34517, 3.71647, 0.00189791, -0.000723341, 0.000272573, 
137, 67903, 9.65188, -6.69441, -18.631, -0.000587698, 0.000288735, 0.0013501, 
138, 35061, 5.8158, -2.04054, 6.91117, -0.00214758, -0.000963779, 0.00196286, 
139, 88062.7, 6.55332, 8.72063, -17.943, -0.000434934, -0.000376318, 0.00124996, 
140, 1521.39, -16.4555, 13.2562, -9.0816, 0.000750833, -0.0031261, -0.00359463, 
141, 457142, -2.97852, 11.5845, 13.8238, 0.000240983, -0.000765862, -0.000921824, 
142, 9623.76, -0.763571, 16.823, 1.78578, -0.000393829, -0.00331526, 0.000177387, 
143, 117111, -4.59038, 4.93152, 7.41112, -0.000106381, -0.000186078, -9.91705e-05, 
144, 51587.4, 15.845, -9.9605, -5.0551, -0.00139042, 0.000853379, -1.77818e-05, 
145, 59160.8, 0.640176, -12.0225, 2.70758, -0.000448965, 0.00134689, -3.11503e-05, 
146, 46437.6, -3.133, -2.50815, -15.7717, 8.60255e-05, -0.000562219, 0.00152795, 
147, 315819, 17.5004, -16.7602, -16.593, -0.000696023, 0.000575541, 0.000615396, 
148, 9477.01, -16.4676, 1.04786, 3.39158, 0.0026767, 0.00119202, 0.000442463, 
149, 23731.9, 17.669, -4.87562, -5.17501, -0.00118963, 7.09223e-05, -0.00094535, 
150, 1616.21, -13.0529, -7.66866, -12.9995, 0.00103281, -5.66993e-05, 0.00127554, 
151, 145441, -16.9077, -7.67566, 0.831665, 0.00146327, 0.000891856, -0.000233796, 
152, 89905.1, 4.00249, -10.9262, 11.358, -0.000878832, 0.00148261, -0.000752488, 
153, 50014.5, -9.56324, -18.1315, 6.08843, 0.000271, 0.00165824, -0.000820347, 
154, 21290.7, -5.14901, 8.10668, -9.80913, -0.000364149, -0.000273342, 0.00111286, 
155, 452855, 2.3922, 13.2817, 12.7371, -0.00118739, -0.000797854, -0.00113175, 
156, 61176.7, -17.2632, 12.461, -9.86719, -0.00203518, -0.000310222, 0.00319977, 
157, 5863.45, 16.8955, -2.73449, -7.73988, -0.000565664, -0.0011912, 0.000416046, 
158, 105664, 7.43615, -8.81996, -6.66934, -0.000500508, 0.000416809, 0.000451082, 
159, 31320.7, -10.7697, -8.40144, -10.6191, 0.000706449, -0.000103714, 0.00100106, 
160, 47367.3, -1.06985, -6.94039, 0.444712, -0.000325866, 0.000533402, 0.000446405, 
161, 98301.7, -13.6927, -18.3967, -10.6217, 0.00083879, 0.00138085, 0.000396756, 
162, 73178, 13.7895, 7.14767, 9.09511, -0.00133158, -0.00043526, -0.000451675, 
163, 51504.1, 17.4372, 15.0437, -10.3773, -0.00130277, -0.000761954, 0.000889656, 
164, 370259, -16.5486, 11.8279, -10.6461, 0.0020475, -0.00276381, 0.00140461, 
165, 149722, 3.2158, 11.4477, 7.03774, -0.000748552, -0.000311284, 0.000210287, 
166, 198765, 8.55605, -16.7748, 4.84293, -0.00074369, 0.00141437, -0.000388775, 
167, 139660, 5.85126, -1.93175, 6.91405, -0.000227514, 0.000725283, -0.000244822, 
168, 83268.5, 4.75653, 3.95649, 13.1611, -0.000941916, -0.00073661, -0.00126675, 
169, 111579, -7.59537, -13.2993, -1.48839, 0.000321719, 0.000924253, 0.000694808, 
170, 19096.2, 16.7179, 15.6287, -10.6975, -0.000204692, -0.00159053, 0.00118136, 
171, 200677, -18.56, -1.0638, -9.25733, 0.00121886, 0.000288563, 0.000854047, 
172, 52868.7, 3.30335, -1.91596, 16.4631, -0.000538717, 0.000593317, -0.0022181, 
173, 41037.8, 0.966902, -3.98634, 12.8048, -0.00176195, 0.00141482, -0.00120521, 
174, 4465.77, 0.264917, 8.07273, -13.4161, -9.36557e-05, -0.000377744, 0.00113184, 
175, 6545.54, -12.1741, -16.5392, 3.66472, 0.000464015, 0.00293032, 0.00111857, 
176, 62246.2, -12.4951, -9.54574, -8.82028, 0.00102296, 0.000321429, 0.000502059, 
177, 128306, -0.417644, -3.20547, -9.21621, -0.000262472, -0.00039067, 0.000724322, 
178, 85947.3, 8.01217, -15.407, -3.50008, -0.000771012, 0.00135738, 0.000170326, 
179, 85524.8, 16.2586, 11.8088, -8.18772, -0.000933122, -0.000133492, 0.000867912, 
180, 258268, -7.75218, -13.8241, -0.260333, 0.000421451, 0.00135514, -0.000144402, 
181, 46445.2, 3.7893, 9.19027, -15.4329, -2.86513e-05, -0.000477178, 0.000979602, 
182, 79205.4, -7.82463, 5.76554, 3.98726, -6.33489e-05, -0.000729175, 0.00061342, 
183, 34651.8, 15.879, 4.27085, 2.0285, -0.0013988, -5.50087e-05, 0.000137344, 
184, 92155.5, -0.801971, -9.98057, -12.6206, -0.000331405, -0.000239837, 0.00093197, 
185, 83068, -15.2062, 5.23071, 16.4039, 0.00173606, -0.000111292, -0.00164902, 
186, 70401.9, 4.39219, 4.05418, 1.80899, -0.000614498, -0.000278305, 0.000520321, 
187, 187320, -16.2097, 13.3602, -9.35877, 0.00172109, -0.00151168, 0.00159585, 
188, 247302, -13.9538, 3.95067, 4.0895, 0.00151013, -0.000350597, -0.000482072, 
189, 41300.5, -6.13827, -2.04021, -0.440027, 0.000619819, 0.000886491, 0.00153132, 
190, 175489, -18.0874, -17.4555, -5.37414, 0.00112201, 0.0010057, -1.71256e-05, 
191, 80320, -7.93662, -3.05424, 5.99721, -4.81835e-06, 0.000742924, -0.000588426, 
192, 384764, 12.3689, -3.91383, 9.43319, -0.00127279, 0.000281873, -0.000199532, 
193, 72170.5, 2.57276, 14.0643, 10.9982, -0.000585639, -0.00276046, 0.00156691, 
194, 154299, -8.77364, 13.4333, 14.1414, 0.00229242, -0.00177239, -0.000921005, 
195, 83475.5, 8.2772, 15.8307, 4.54764, 0.0019599, 0.000374745, 0.00106492, 
196, 56140.2, -18.096, 17.2348, 1.91003, 0.00103503, -0.00131529, -4.08551e-05, 
197, 10070.3, 12.0692, -4.01605, 9.47996, -0.00633867, -0.00089908, 0.000322625, 
198, 29593.9, -7.96407, 4.03473, 10.0162, 0.000271387, -4.60749e-05, -0.000810005, 
199, 2474.18, 15.8469, 9.82691, 4.81092, -0.00154194, -0.000292224, -0.000461288, 
