ID, Mass [kg], pos_0 [m], pos_1 [m], pos_2 [m], vel_0 [m/s], vel_1 [m/s], vel_2 [m/s], 
0, 86447, -9.76103, 45.0603, -18.2565, 0.000204521, -0.000823943, 0.000384149, 
1, 189575, -44.9036, -23.2512, 4.22314, 0.000577817, 0.000481471, -0.000241613, 
2, 31834.7, 0.155601, -41.8919, -39.1086, 0.000659819, 0.00142584, -1.63444e-05, 
3, 198333, 28.3136, 37.8061, 8.33802, -0.000219231, -0.000842198, -7.4922e-05, 
4, 26595.9, -13.679, 19.3535, 2.21939, 0.000239843, -0.000101747, -0.000300086, 
5, 74974.9, -26.486, -21.394, -26.6292, 1.54812e-05, 6.85003e-05, 0.00024717, 
6, 97542.7, 47.6488, -36.8671, 47.8728, -0.000635606, 0.00086333, -0.0010477, 
7, 2615.97, 1.07059, 42.493, -36.8159, 0.000105685, -0.000619871, 0.000525036, 
8, 21192.8, 39.6164, -35.3786, -3.54588, -0.000779047, 0.000775413, 0.000107383, 
9, 81679.8, 26.9485, 28.5693, 22.2909, -0.00025134, -0.000261959, -0.000791928, 
10, 127647, -28.0795, -31.106, 37.792, 0.000627558, -0.000489036, -0.000964174, 
11, 16957.3, -14.7002, -23.6745, 10.5414, 0.000352356, 0.000653455, -0.000408929, 
12, 46224.1, 45.4731, 46.6728, -28.8603, -0.000439035, -0.000529386, 0.000435418, 
13, 23966.4, 21.034, 33.0705, 3.63587, -3.3894e-05, -0.000490318, -3.97273e-05, 
14, 11985.5, 0.240367, -10.9017, 43.4896, -0.000395992, 4.0851e-05, -0.000552372, 
15, 3133.43, -15.1543, 6.1885, 20.7026, 0.000146729, -0.00201822, -0.0014401, 
16, 16899.7, 3.15707, -15.6734, 38.6137, -0.000197611, 0.000357021, -0.000481379, 
17, 19424.5, 1.31505, 45.7278, -9.72919, 8.34249e-05, -0.00111892, 0.000239942, 
18, 130822, 43.2981, -34.2567, 5.93108, -0.00128541, 0.000144337, -4.51791e-05, 
19, 25233.8, -26.6741, 15.0793, -29.6792, 0.000455106, -0.000244875, 0.000666956, 
20, 47646.9, 46.6866, -42.0153, -26.3231, -0.000494602, 0.000523214, 0.000282828, 
21, 165666, 8.83403, -3.03645, -18.0012, -0.000127911, 0.000236474, -0.000645621, 
22, 68385.5, 11.4349, 1.19107, -21.6347, -0.000589812, 8.87116e-05, 0.000384506, 
23, 221148, 44.2065, -38.5978, 27.2277, -0.000354291, 0.00043517, -0.000280765, 
24, 74530.5, 28.3166, -9.63012, -21.7556, -0.000552151, 0.000217433, -0.00010669, 
25, 43250.2, 34.0915, 20.3069, 47.8566, -0.000219696, -0.000124578, -0.000645218, 
26, 16449.5, -41.9209, -48.517, -25.6875, 0.00034612, 0.00046484, 0.000146881, 
27, 30641.9, -25.5664, 35.3356, 0.271667, -0.00146187, -0.00292045, -0.00182636, 
28, 85788.3, 11.9656, 4.95026, -21.9112, -0.000352207, -0.000861116, 0.000257902, 
29, 18634, -37.4575, 44.1808, 3.92506, 0.000522597, -0.000678313, 0.000158816, 
30, 2394.47, 35.8492, -19.658, -1.2541, -0.000370679, 2.35652e-05, -0.000309075, 
31, 128472, 40.7594, 13.1767, 29.111, -0.000548837, -2.79167e-05, -0.000646298, 
32, 63731.5, 13.9127, 7.80704, -40.6666, -0.000393908, -5.29956e-05, 0.000819279, 
33, 1929.75, -13.482, -0.593921, 41.3048, 4.87367e-05, -5.83963e-05, -0.000748264, 
34, 137164, -15.1625, 4.88694, 20.0669, 0.000182997, -0.000360339, -0.000291106, 
35, 50524.2, 3.15563, 4.08157, -39.2225, -0.000547348, -0.000348006, 0.00121615, 
36, 6629.78, 40.1008, -18.4585, -30.219, -0.000877257, 0.00045999, 0.00093144, 
37, 38240.2, 35.316, -22.6419, -45.9698, -0.000731061, 0.0003773, 0.000786604, 
38, 18423.8, 0.837916, -4.86984, -24.1214, 0.000597595, 0.000847892, -0.000538108, 
39, 194740, 32.1617, -37.8914, -5.40908, -6.49651e-05, 0.000837633, 1.50991e-05, 
40, 166672, 9.3771, -24.275, -42.1956, 0.000320607, 0.00021482, 0.00104783, 
41, 63465.7, 25.5289, 15.4814, -14.8986, -0.000370495, 0.000164361, 0.000307768, 
42, 21989.4, 21.3634, 38.0407, -8.76128, -0.000183872, -0.000977982, 0.000186207, 
43, 7506.47, 34.741, -26.9331, -12.6976, -0.000236825, 0.000249258, 0.000307781, 
44, 1030.15, 38.1574, 5.62881, -16.4553, -0.000661168, 0.000139582, 0.000393205, 
45, 60141.1, 0.0597041, 21.0495, 4.05107, 6.72602e-05, 4.09978e-05, -0.000540588, 
46, 69136.8, -31.3675, -6.92548, 24.2322, 0.000353247, 0.000327522, -0.000354654, 
47, 4636.02, 25.0949, -47.9198, 36.5527, -6.50793e-05, 0.000535937, -0.000327827, 
48, 148424, -18.2874, 12.2056, 42.7871, -6.54616e-05, -0.000129963, -0.000700587, 
49, 101751, 34.3987, 42.6586, -3.17747, -0.00045156, -0.000904508, 0.000154704, 
50, 113749, -24.329, -26.6841, -37.7651, 0.00078129, -3.88681e-05, 0.000253158, 
51, 14312.6, 7.48175, 13.9926, -44.8399, 0.000187232, -0.000177278, 0.00101788, 
52, 115787, 40.583, -5.61817, 41.9463, -0.000314548, 2.6267e-05, -0.000589952, 
53, 10116, 45.7673, 44.4909, -23.7704, -0.000491667, -0.000409682, 0.00027503, 
54, 33789.7, 3.07543, 30.8804, 1.94162, 0.00043184, -0.00029703, -0.00116095, 
55, 186460, 33.992, 34.5259, 16.9207, -0.000610072, -0.000615684, -0.000571866, 
56, 245187, 41.174, -26.9052, -8.11138, -0.000704116, 0.000220769, 5.95572e-05, 
57, 290437, -13.7546, -3.86231, 19.4401, 8.24319e-05, 0.000353984, -0.000232338, 
58, 80698.8, -12.1654, 13.9202, 26.746, -2.81952e-06, -0.000315011, -0.000537178, 
59, 117814, 19.2643, 23.5418, -12.4985, 0.000265659, -0.000228855, 0.000294656, 
60, 74301.5, -39.196, 19.5957, 17.9976, 0.000479202, 0.00107221, 0.00155075, 
61, 87026.1, 7.56312, -43.0317, -36.2549, -0.000279699, 0.00114556, 2.55583e-06, 
62, 54123.3, 25.119, 27.928, -30.2589, -0.000306116, 0.000731025, 0.00135337, 
63, 142469, 10.903, 22.9762, -46.2607, 0.000106989, -0.000619794, 0.00093848, 
64, 25240.3, 25.1871, -7.96941, 29.7984, -0.000299066, 0.000262859, -0.000575659, 
65, 84495.7, -31.8163, 8.98171, 47.7235, -5.84897e-05, 0.000275964, -0.000883702, 
66, 190154, 26.026, 29.8955, -21.6106, -0.000451808, -0.000555536, -5.01268e-05, 
67, 106916, -19.9501, 23.9414, -16.0692, -9.62487e-05, 0.000769927, 0.000526935, 
68, 142208, 42.2524, 25.3197, 6.1448, -0.000573478, -0.000466989, -0.000575042, 
69, 222966, -34.2975, 26.8101, 21.8381, -0.000161278, -0.000982583, -0.000363405, 
70, 23261.8, -10.8523, -32.9324, -12.7766, 0.000256949, 0.000648967, -1.97571e-05, 
71, 37181.8, -24.5006, 26.8467, 8.33439, 0.000132685, -0.000363922, -0.000280474, 
72, 387724, 22.6439, 12.0919, 15.6467, -0.000190331, 4.43663e-06, -0.000379282, 
73, 94415, 41.7137, -15.0726, -23.6193, -0.000446128, 0.000892562, 0.000344149, 
74, 92650.1, -6.55897, 25.4174, -7.24119, 0.00164679, 0.00118811, 0.000853335, 
75, 18296.3, -41.1918, -1.38198, 39.3146, 0.000227102, 0.000450852, -0.000361921, 
76, 120001, -41.4247, -19.1728, -12.2946, 0.000849994, -4.60824e-05, 0.00178142, 
77, 272530, 16.2284, -6.88501, 13.7254, -9.98432e-05, 0.000451635, -0.000446304, 
78, 17526.5, -30.1163, -27.8492, 38.7836, -0.000568824, 0.000978589, -0.00110643, 
79, 64817.7, 5.07278, -25.5377, -17.6094, 0.000200037, 0.000630354, -0.000119297, 
80, 92249, 45.6396, 6.11812, 15.8429, -0.000745237, 0.000237468, -0.000378022, 
81, 18467.1, -47.3655, 4.88691, 22.3091, 0.000890705, 0.000112906, -0.000643769, 
82, 36826.6, 15.8514, 46.9401, 17.9454, 2.86679e-05, -0.000977506, -0.000383972, 
83, 11297.7, 31.8183, -31.4613, -8.57949, -4.65477e-05, 0.000181635, -1.27631e-05, 
84, 79293, 4.19661, -34.6294, -41.5833, 0.00277803, 0.00283275, 0.0012845, 
85, 99758.2, 16.3133, 15.1703, 27.3695, 4.90937e-05, -0.000201907, -0.000862664, 
86, 23343, -36.5768, -5.84045, 20.1501, 0.00057325, 0.00035651, -0.000121116, 
87, 148233, 46.2383, 11.3135, -3.73236, -0.000768153, 0.00104006, 3.10942e-05, 
88, 11527.8, -39.8624, 18.2621, 43.1699, 0.00144215, -0.00262941, -0.00087829, 
89, 14718.3, 35.809, 29.105, -7.26389, -0.000499731, -0.000684109, 0.00028551, 
90, 46494.3, -2.59374, 2.05338, -23.8661, 0.000305514, -0.000262193, -0.000717607, 
91, 34379.9, -28.0683, -22.372, -26.3233, 0.00130119, 0.000952324, 8.15741e-05, 
92, 23079.1, 28.8407, -15.4123, 1.38408, -0.00031569, 0.000291291, -0.000216404, 
93, 79660.5, -45.3999, 4.02558, 15.2705, 0.000724997, -0.00118287, -0.000289199, 
94, 77532.3, -44.1049, -40.0886, 47.2476, 0.000353152, 0.000421106, -0.000353576, 
95, 85363.6, 39.0361, 19.6638, 14.6331, -0.000613826, -4.7642e-05, -0.000578591, 
96, 11260.4, -13.1215, 23.6124, 23.0754, 4.08644e-05, -0.000578102, -0.00040275, 
97, 31876, 31.4929, 12.4741, -19.2529, -0.000675659, 3.32133e-05, 0.000539103, 
98, 49282.2, 47.7188, 12.3484, -20.6366, -0.000772478, -3.22516e-05, 0.000573047, 
99, 38415.4, -2.69293, 23.6245, -1.78274, 0.000104352, 5.96571e-05, -0.000409365, 
100, 8080.94, -37.9506, 2.21237, -30.1113, 0.00110731, 0.000203026, 0.00112282, 
101, 70282.6, 45.3103, 46.6353, 39.0936, -0.000280308, -0.000628938, -0.000275817, 
102, 317827, 3.50699, -35.6205, -42.4213, 0.000104202, 0.000467773, 0.000428108, 
103, 237904, -47.0591, 47.3969, 17.9221, 0.000422723, -0.000766761, -5.74892e-05, 
104, 119615, -20.0063, 32.9482, -8.79524, 0.000280894, -0.000762605, 0.000288769, 
105, 31893.4, 5.7649, -39.5106, -1.8256, 8.41222e-05, 0.000660424, -0.000197698, 
106, 173086, -38.3537, 22.4774, 21.6477, 0.000930378, -0.000294234, -0.000817862, 
107, 486074, -39.3734, 17.2075, 43.0409, 0.000344733, -0.000269977, -0.000585161, 
108, 40410.8, -25.7328, -31.1105, 46.7441, -7.47011e-05, 0.000452529, -0.000983298, 
109, 28247.2, -46.7677, 49.3514, 17.1265, 0.000653088, 0.00135382, -0.000889936, 
110, 23910.7, -25.725, 36.8128, -30.225, 0.000336042, -0.000644943, 0.000534319, 
111, 40242.6, -7.06041, -46.7227, 27.471, 5.1133e-05, 0.000553531, -0.000216672, 
112, 24016.7, -45.7264, 5.58877, 16.5118, 0.000754727, 0.000231379, 5.23694e-05, 
113, 129600, 8.80358, -44.3341, -19.3192, 3.02482e-05, 0.000770307, -5.31171e-05, 
114, 114317, 15.1052, 36.1418, 16.5039, 0.000259417, -0.000769188, -0.000355712, 
115, 174934, -46.9739, 4.84443, 42.0494, 0.00071452, 0.000267395, -0.00046361, 
116, 143212, -2.03698, -2.65916, -28.5242, 0.00014687, 0.000820444, 0.000122424, 
117, 8073.33, -32.7628, 18.5606, 32.3165, -7.90394e-05, -0.000192956, -0.0003742, 
118, 37893.5, -6.04864, 19.2455, 28.5712, -0.000170511, -0.000477104, -0.000598009, 
119, 62400.5, 22.8483, 40.3582, 30.71, -9.95878e-05, -0.000633485, -0.000702188, 
120, 242481, -3.29906, 1.45122, -36.1307, 0.000148218, 0.000156386, 0.00161354, 
121, 220498, 17.5175, -18.269, -36.9066, 9.4677e-05, -0.000772261, 0.000168137, 
122, 32681.3, 6.62483, 2.47077, 33.1231, 3.24397e-05, 5.31783e-05, -0.000663058, 
123, 348699, 46.6181, 18.1644, -3.70471, -0.000922126, -2.13605e-05, 0.000275496, 
124, 49173.7, 42.6997, -25.2472, 47.5843, -0.000208301, 1.55331e-05, -0.000543615, 
125, 91676.5, 26.2744, -3.30238, -21.449, -0.000502805, -0.000260896, 0.000167742, 
126, 613.996, 46.441, -20.9258, 5.58234, -0.000708178, 1.15192e-05, -0.000268992, 
127, 36070, 10.274, -42.2231, 37.1353, 2.39238e-05, 0.000530867, -0.000359807, 
128, 60243.7, 45.6523, -11.4959, 35.7727, -0.000541671, 0.000200113, -0.000297897, 
129, 66572.3, 2.03255, -35.9903, -41.7639, -0.0024611, -0.00115943, 0.000479393, 
130, 41874.2, -38.7144, 26.5626, -35.9983, 0.000430333, -0.000251624, 0.000705605, 
131, 116662, -45.5371, 2.07072, 14.9521, 0.000760085, 0.00115005, 7.209e-05, 
132, 109779, -10.8294, -8.52969, 39.3287, 6.22088e-05, 0.000149774, -0.000605964, 
133, 456997, -33.6559, 14.6302, -6.61349, 0.000610102, -0.000113784, 0.000150203, 
134, 2780.32, -3.44357, 42.7587, -4.58668, 0.000397948, -0.00114324, 8.50643e-06, 
135, 102119, -6.22942, 12.5002, -34.1236, 0.000496877, -0.000925414, 0.000853392, 
136, 164662, -34.8464, 3.39563, -26.4184, 0.000588859, 2.42983e-05, 0.000501704, 
137, 84084.3, 26.8919, 37.1916, -36.9899, -0.000439501, -0.000920532, 0.000825154, 
138, 245299, -41.1526, -19.7856, -9.71594, 0.000412556, 0.000569737, -0.000598973, 
139, 102038, -4.73358, -13.9336, 46.9668, -8.35173e-05, 0.000303508, -0.00076213, 
140, 146704, -33.9866, -26.3861, 34.531, 0.000734552, 0.000168199, 6.5359e-05, 
141, 170925, 46.6384, 37.5268, 42.7658, -0.000366456, -0.000191102, -0.000481506, 
142, 107951, 40.4087, -17.2899, -23.8573, -0.00126424, -0.000414041, 0.000188977, 
143, 64717.1, -9.43255, -22.6817, 3.30081, 0.00190123, 0.000989987, -0.00130023, 
144, 28582.1, 17.9606, 31.8223, 24.0386, 0.000175471, -0.000385526, -0.00117376, 
145, 18763.1, -48.0544, -26.2237, -32.4841, 0.000564172, 0.000299773, 0.000364915, 
146, 44368.5, 2.39409, 39.6337, -18.333, 3.50243e-05, -0.000787037, 0.000539165, 
147, 247503, -4.83684, 3.2752, -31.1544, 0.000653286, -0.000609167, 1.61601e-05, 
148, 54470.7, -11.3667, -18.87, 29.9009, -4.08259e-06, 0.000582096, -0.000420267, 
149, 158577, 25.6659, 24.1947, -9.4505, -0.00051333, -0.000334027, -9.35122e-05, 
150, 59031.2, 16.6306, -3.89001, 7.33219, -0.000118191, 6.42455e-05, 0.000401717, 
151, 120654, 29.4161, -14.7215, -29.058, -0.000712262, 0.000200246, 0.000260058, 
152, 33810.4, 24.5962, 33.4881, -36.429, 6.92662e-05, -0.000304162, 0.00109104, 
153, 52884.6, -11.9212, -11.5125, 21.6332, -7.1885e-05, 0.000932305, -0.000409581, 
154, 76725.2, 46.8898, -35.6467, 46.4878, 8.59005e-05, -0.000357182, 0.000267323, 
155, 2384.17, -40.1401, -25.5208, -18.9177, 0.000527483, 0.000751813, 0.000559731, 
156, 54252.8, -1.78276, 13.0931, -28.1469, -4.0757e-05, -0.000842807, 0.000164697, 
157, 18995.8, 39.2135, 8.76499, -8.2391, -0.000301752, 0.000359625, 0.000407902, 
158, 133837, -24.898, -3.69248, -7.97446, 0.000293508, 0.00030831, 0.000103311, 
159, 166899, 16.5743, -20.9322, -37.4525, 0.000365389, 0.00207202, 0.000396044, 
160, 192252, 45.742, 24.8139, -1.79259, -0.000796283, -0.00119192, 5.50375e-05, 
161, 17027.9, -12.2262, 16.6407, 40.3992, -0.000326121, -0.000486031, -0.000623051, 
162, 130287, -46.8779, -15.8726, 40.4038, 0.000541663, 0.000254867, -0.000397499, 
163, 72430.1, 13.2393, -16.5826, -17.4061, -8.78558e-05, 0.000539845, -0.000206888, 
164, 60583, -22.1345, 3.62711, 3.03416, 0.000204856, 0.00014051, -0.00011138, 
165, 38146.6, -32.6754, 45.2787, 9.65745, 0.000223502, -0.00077572, -0.00013898, 
166, 1307.56, -35.0918, -14.9023, 47.6192, 0.000223791, 0.000159597, -0.00068189, 
167, 124087, -6.84674, 24.8636, -7.35558, -0.000742118, -0.00140027, -0.000242328, 
168, 30066.1, 4.56641, 30.7659, -3.02698, 0.00156133, 0.000506191, 0.000300607, 
169, 177463, -25.2774, 35.589, 0.472862, 0.000705372, -0.000367977, 0.000177309, 
170, 1123.4, 21.6463, -44.3498, -12.5528, -4.9139e-05, 0.000852074, 2.23292e-05, 
171, 71647.5, 47.3973, 45.5468, -16.0616, -0.000551674, -0.000592289, 0.000180141, 
172, 73299.5, 16.0775, 2.52186, 34.3376, -0.000176152, 0.000110939, -0.000768201, 
173, 120519, 26.4088, -17.9966, -39.0051, -0.0013162, 0.000599078, 0.000958353, 
174, 243541, -20.3088, -31.5665, -40.908, 0.000262399, 0.000627091, 0.000568755, 
175, 232847, 4.57408, 35.3256, -2.51359, 0.000322512, -0.00156229, -8.30071e-05, 
176, 50296.6, -39.9933, -4.28299, -2.11847, 0.00066994, 0.000162728, 1.532e-05, 
177, 17627.5, -2.0608, -5.32062, -41.0566, 0.000186789, 0.000644117, 0.00132812, 
178, 115556, 5.95562, -4.62307, -23.1002, -2.67163e-06, 0.000554821, 0.000377486, 
179, 21083.5, -21.5844, 32.4437, -31.5305, 0.000215063, -0.000469032, 0.000652393, 
180, 120384, 14.8156, 18.0485, -42.0298, -0.000398549, -0.000204485, 0.00062106, 
181, 104093, -9.72477, -22.7701, 3.45836, -0.000979795, 0.000296641, 0.000662562, 
182, 90014.4, -9.63073, -2.66394, -31.2764, 0.00123965, 0.000664119, 0.000451108, 
183, 39510.6, -37.5613, -12.5155, -22.1931, 0.000562156, 0.000116923, 0.000518743, 
184, 37719.2, -33.9552, -31.9608, -13.6068, 0.000283632, 0.000753282, 0.000107685, 
185, 182373, 6.59699, 31.3789, -2.84857, -0.000764977, 0.000109275, 5.41519e-05, 
186, 153608, 21.8727, -15.2215, -37.7875, -0.000898767, -0.00078553, 0.000933643, 
187, 201002, 20.258, -28.3158, 34.8395, -8.55724e-05, 0.000372624, -0.000438082, 
188, 658.569, 34.4616, -12.8397, 41.7345, -0.000104403, 0.000256703, -0.000560557, 
189, 143642, -28.9886, -29.4715, 38.6375, -0.000527411, 0.00149007, 6.21862e-05, 
190, 250454, -41.4715, 29.5121, -23.2505, 0.00060846, -0.000412257, 0.000381981, 
191, 55591.1, 18.4371, 32.4059, 19.8992, -7.28577e-05, -0.000300575, -0.000579095, 
192, 141084, 27.4803, -30.0249, -16.3912, -0.000150209, 0.000589709, 0.000177581, 
193, 52387.2, 15.5913, -21.3827, -37.0574, -0.00146038, 0.00074317, 0.000845469, 
194, 39745, 44.2173, -31.6861, 37.3149, -0.000290603, 9.26907e-05, -0.000311599, 
195, 89443.4, 32.1774, 4.58333, 1.55623, -0.000410374, 0.000297349, -8.60923e-05, 
196, 196180, 25.4381, 30.7313, -28.0325, -0.000272019, -0.000832991, 0.000796414, 
197, 56906.6, -19.7915, 23.5224, -16.01, 0.00114828, -0.00239548, 0.000524161, 
198, 249087, 38.4662, -36.2194, 7.67792, 3.40121e-05, 0.000652772, -0.000459266, 
199, 137680, -38.459, 18.5026, 16.7762, 0.000745795, -0.000259136, -0.000223216, 
