ID, Mass [kg], pos_0 [m], pos_1 [m], pos_2 [m], vel_0 [m/s], vel_1 [m/s], vel_2 [m/s], 
0, 4982.76, 2.28267, 2.83893, -2.17398, 0.00361431, 0.0021215, -0.00210544, 
1, 84564.5, 10.2601, 9.05789, 9.18738, -0.00419235, -0.00411088, -0.00347099, 
2, 143976, 4.33062, -1.19217, 4.18305, 0.00294792, -0.00209615, 0.00123524, 
3, 12096.4, -0.517455, -1.66143, -2.8276, 0.000305361, 0.00466645, -0.000416274, 
4, 108584, 2.46504, -4.44447, 3.75335, 0.00417218, -0.0103188, 0.0110365, 
5, 224267, 1.61327, -2.61405, 0.625596, -0.00770284, 0.000373763, -0.00489469, 
6, 6023.5, -0.182906, 0.553117, 5.17915, -0.00282176, 0.00961258, 0.00228587, 
7, 12734.1, -0.669747, -3.53068, 2.23202, 0.00356868, -0.0087241, -0.00259803, 
8, 29188.7, -1.52719, -5.60222, 0.5247, 0.000323902, -0.00220117, 0.000416062, 
9, 37892.9, 2.03306, 0.550888, 4.23592, -0.00368407, 0.0102653, 0.00297942, 
10, 282.759, -3.46315, 3.64492, -7.93228, 0.00461931, -0.00577478, 0.0071425, 
11, 75028.9, -2.12227, -4.0538, 0.723982, -0.00281963, -0.0164955, 0.00304207, 
12, 29068.2, 5.43266, -0.328932, 8.66011, 0.00336993, 0.00299924, 0.00768439, 
13, 142762, 1.04001, -7.31349, -6.27945, 7.66167e-05, 0.00195733, -0.0061827, 
14, 289648, 1.49688, -2.13833, 1.58876, -0.00540082, -0.000989827, -0.00527846, 
15, 17335.1, -1.58046, 1.29121, 8.35656, -0.00806039, 0.00258654, 0.0109604, 
16, 37341.1, -4.41706, 2.03329, 2.98204, 0.00944814, -0.00811115, -0.00365799, 
17, 206687, 2.16454, 2.40199, 6.98119, -0.0018338, 0.00126683, -0.00153907, 
18, 253630, -0.611438, -7.00375, -7.30324, -0.00140087, 0.00239629, -0.00543443, 
19, 40480.6, -1.88835, -3.50932, 4.91021, 0.00254182, 0.00229226, 0.0019311, 
20, 176293, 4.62496, 3.07742, -10.7265, 0.000705199, 0.00554746, -0.00863069, 
21, 17357.4, 1.32771, 1.65855, 2.09984, -0.00810733, 0.00809082, 0.00565071, 
22, 241662, -0.313296, -5.06007, 1.22809, 0.00403402, -0.00197342, 0.00321089, 
23, 144304, 0.432985, -2.46655, -4.99002, 0.0105838, 0.00395393, -0.000832143, 
24, 449735, -1.01077, -0.680519, -0.33512, 0.00385388, 0.00183677, 0.00156454, 
25, 31022.8, -1.14837, -5.74882, 0.406, 0.00322609, -0.00807228, 0.0046181, 
26, 277840, -3.78084, -0.891319, -4.80043, 0.00122349, 0.00836789, 1.67552e-05, 
27, 22179, -6.15533, -6.36576, -9.88988, -0.00154556, -0.00049523, -0.00775372, 
28, 7726.87, 1.08903, -3.37532, -1.09908, 0.0111038, -0.00525229, -0.0100602, 
29, 88891.4, -1.49563, 1.83555, -2.11977, 0.0130693, 0.00538238, -0.0056388, 
30, 193310, 9.91879, 3.55681, -6.19324, 0.00526848, 0.00516721, -0.00743432, 
31, 53721.6, 3.23998, -1.53767, 2.3556, -0.00280552, -0.0146185, 0.0091206, 
32, 149583, -0.13497, -4.74192, 1.06901, 0.00308661, -0.00134257, 0.0022968, 
33, 188997, 3.66794, 0.890521, 6.86988, 0.00608131, -0.000536202, 0.00549822, 
34, 147623, 8.17493, -1.50643, 1.62867, 0.00237513, 0.00419621, -0.00315646, 
35, 35433.4, -1.67507, -6.79406, 0.922447, 0.000498554, -0.00386855, 0.0108885, 
36, 379972, -0.363936, -0.735855, -4.92615, 0.00652815, 0.00809741, -0.00141355, 
37, 174579, -3.57335, 5.65909, -6.79124, 0.00662891, -0.00632542, 0.00601732, 
38, 31779.4, -0.151371, -1.23985, 5.14947, -0.00723662, 0.00796386, 0.00554491, 
39, 17933.7, -5.51794, -3.34392, 3.09303, 0.000905944, -0.00580263, 0.00117527, 
40, 9826.32, -8.11674, 6.78177, -4.37062, -0.0021406, 0.00533959, -0.00876186, 
41, 92983.9, 1.14505, -0.482317, 0.449338, 0.00996799, 0.00670765, -0.0137945, 
42, 36951.3, -1.22932, 3.12434, -2.69389, -0.0100334, 0.00678825, -0.0103869, 
43, 6279.37, -4.45676, -6.24656, -1.33327, 0.00137974, -0.00333101, -0.00398651, 
44, 18926.2, 3.81243, 0.579588, -4.97524, 0.00791913, 0.000990159, -0.00614736, 
45, 13388.8, 4.71796, -0.588122, 8.41702, 0.00212443, 0.00158338, 0.0104298, 
46, 57039.7, -1.6471, -0.35256, -4.48203, 0.000284305, 0.00852878, 0.00512968, 
47, 165793, 2.39974, -2.05112, 3.84424, -0.000490187, -0.00205873, -0.00225448, 
48, 95584.4, -2.77504, -5.43592, 3.03557, 0.000559436, -0.00350661, 0.00110153, 
49, 49905.3, -1.08901, 0.965789, 1.46131, -0.00397517, -0.00104864, -0.00718531, 
50, 72486.3, -2.47601, 3.055, -1.34059, -0.00108296, 0.00289899, 0.00332782, 
51, 332159, 1.45773, -1.53262, -3.69248, 0.0081067, -0.00522503, -0.00465373, 
52, 12900.8, 1.13381, -0.13128, 3.9871, -0.00277947, 0.0037299, -0.00269222, 
53, 159525, 1.47567, -3.90014, 2.70273, 0.00408908, -0.00233609, -0.000481091, 
54, 73837.4, -3.51686, 2.33788, -0.351317, -0.00394549, -0.00244426, 0.00643269, 
55, 125355, 2.26614, 4.89449, 4.70399, 0.00170497, 0.00574234, 0.000406949, 
56, 28797.6, -3.48536, -6.09301, 0.678171, -0.00373369, -0.00482676, 0.00113952, 
57, 91269.6, -0.265991, -4.17114, 1.64364, -0.00315348, 0.00675801, 0.0003056, 
58, 5483.02, 0.776525, -1.09229, 0.244408, 0.0114126, 0.000890242, 0.0132822, 
59, 142050, 1.19005, 0.319278, 7.12399, -0.00158204, 0.00588117, 0.0004779, 
60, 184526, -5.70582, 6.54272, 0.484414, -7.74782e-05, 0.00256064, -0.00698902, 
61, 58050.4, 2.0682, 1.64901, -1.04404, -0.00159342, 0.00312261, -0.000509734, 
62, 96236, -0.122077, -5.48035, 3.69825, -0.00960955, -0.00729061, 0.00352143, 
63, 23636.2, -3.71752, 5.15019, -1.11585, 0.00800602, 0.00167712, -0.00491055, 
64, 29280.4, -3.51828, -5.0143, -1.05972, -0.000670498, -0.00187595, -0.00682872, 
65, 161524, -0.316361, -6.07712, 5.45806, -0.00764636, -0.00680153, 0.00586243, 
66, 67938.3, -1.74942, 4.07232, -4.50381, -0.00664041, 0.00546458, -0.00793614, 
67, 267084, -1.15256, -1.40812, 1.994, -0.00422022, -0.000595605, -0.00394907, 
68, 69388.9, -4.27595, -2.15322, 1.22102, 0.00983126, -0.00711931, 0.00629177, 
69, 47165.6, 3.91726, 3.19426, -9.81734, 0.000993672, 0.00670197, -0.0117373, 
70, 201127, -8.17838, 6.84906, -1.01948, -0.00200027, 0.00384674, -0.0060779, 
71, 105689, -2.14099, 2.50794, 5.13533, 0.00605708, 0.00851794, 0.00969061, 
72, 14582, 2.23252, 2.94248, -4.47394, -0.0046558, 0.00379913, 0.00155434, 
73, 76931.6, -0.981328, -7.03459, 5.6001, -0.00792745, -0.00709483, 0.00229982, 
74, 237815, 1.12246, -1.64702, 7.67155, -0.000783187, 0.00461278, 0.003031, 
75, 105565, -0.615396, -3.5088, 0.191584, 0.0118172, -0.00760814, -0.0129068, 
76, 170875, -5.02162, -7.53216, -4.30467, -0.000457424, -0.00211375, -0.00607255, 
77, 17853.6, -0.934562, -2.90467, -6.67447, 0.0050207, 0.0029369, 3.72885e-05, 
78, 24497.1, -0.537391, -0.391618, -1.48957, -0.01062, -0.00180657, -0.00768583, 
79, 101855, -2.77364, -2.64747, 3.09073, -0.0050218, -0.00237608, 0.0112975, 
80, 95013.6, -3.19506, 0.900282, -2.65009, 0.000175477, -0.00326084, 0.00138467, 
81, 141297, -5.38258, 4.57903, -7.84424, 0.00488622, -0.00459747, 0.00555864, 
82, 151080, -1.27664, 1.07964, -1.21297, -0.00751143, -0.00377006, 0.00213485, 
83, 260791, -0.260632, 1.5642, 1.43855, -0.00615647, 0.00246399, -0.00457921, 
84, 100223, -1.34549, 2.3482, -3.46641, 0.0099358, 0.000836369, 0.00323626, 
85, 7966.28, 5.17027, -0.664968, 7.48409, 0.0017915, 0.00837217, -1.99551e-06, 
86, 58175.3, 0.624056, -6.2564, 3.00471, -0.00366335, -0.00518848, 0.00531602, 
87, 628317, -0.580281, 1.90171, -1.86851, -0.00345009, 0.00236607, -0.00131535, 
88, 82285.2, -4.71238, -7.85677, -1.68292, -0.00871473, -0.00977143, 0.00521122, 
89, 161291, 2.4657, -1.26377, 4.17607, -0.00319251, 0.0084727, -0.00401966, 
90, 79687.2, -1.74707, 0.334513, -4.03937, 0.00578411, -0.00132254, -0.000855927, 
91, 310528, -3.16306, -5.92529, 2.58888, -0.00333271, -0.0154399, 0.00778692, 
92, 30795.2, 0.328815, 3.20159, 5.80761, -0.00208588, 0.0066572, 0.00394764, 
93, 519908, 0.853023, -2.12842, -3.70887, -0.00444463, 0.00136468, -0.00257547, 
94, 101104, 7.97974, -5.10393, 4.32295, 0.00445065, 0.00211271, 1.55618e-05, 
95, 23620.3, 1.31493, 2.31594, 9.15252, -0.000772971, 0.00303856, -0.00104548, 
96, 8104.4, 0.00838922, -3.8668, 3.36471, -0.00212487, 0.00536738, 0.000999429, 
97, 234265, 0.91099, -2.0271, 1.10942, -0.00598955, 0.00491228, 0.00272065, 
98, 3741.53, 1.00703, -4.13983, 10.6093, -0.00011057, 0.00461235, 0.00923269, 
99, 5528.05, 3.51024, 7.82479, 0.501452, -0.000899185, 0.00738472, -0.00275703, 
100, 6655.21, 2.84216, -0.243603, -5.16905, 0.00185298, -0.00244456, -0.00956767, 
101, 74442.9, -4.46002, 0.781005, -0.460292, -0.00170927, -0.0119173, 0.00563755, 
102, 271819, -4.97088, -3.26868, -8.35597, -0.0062487, 0.00210998, -0.0101459, 
103, 173429, -1.38082, -8.45604, 1.43801, 0.00291706, -0.00847324, 0.00337391, 
104, 132164, -0.951185, 2.62217, -3.4262, -0.0142807, -0.00085239, -0.00167677, 
105, 293403, 2.81346, -0.690088, 6.9534, 0.00573107, 0.00408995, -0.00129385, 
106, 91810.3, 2.49333, -1.79332, 4.52933, 0.00802941, -0.00205295, -0.00215201, 
107, 203740, 0.162169, 2.44625, 6.71788, 0.00148162, 0.00231767, -0.00348403, 
108, 124900, -4.52803, -3.54284, 3.70092, -0.00424659, 0.000954601, 0.0063394, 
109, 153482, 3.99196, -0.0559712, 6.27137, 0.00399549, -0.000545386, 0.00344317, 
110, 95805.7, 0.247275, 3.34036, 9.3036, -0.00114791, 0.00520057, 0.0033665, 
111, 47735.2, 3.31333, 3.61752, 7.00405, 0.00327314, 0.00502288, 0.00774861, 
112, 24494.2, -5.37788, 4.80969, -5.79845, 0.000821813, 0.000387796, -0.0080846, 
113, 39205.1, -3.83298, -3.88277, 3.84247, -0.000319138, -0.00877725, 0.00429891, 
114, 24723, -0.661257, 1.6482, 2.64748, -0.00758519, -0.0135097, 0.00596484, 
115, 15671.3, -2.05021, -4.69997, -3.90905, 0.00652911, 0.00871012, 0.0091472, 
116, 320473, -0.309708, -6.42538, 4.64845, -0.00565107, -0.00418438, 0.00418675, 
117, 54072.2, -1.7083, -6.70888, 3.30775, -0.00813255, -0.00999264, 0.00398393, 
118, 20992.2, 3.49825, 2.15127, 7.12973, 0.00201347, 0.0095373, 0.0141716, 
119, 68943.4, -3.82492, -4.09144, -1.56123, -0.00580379, -0.0115675, 0.00949149, 
120, 176775, 2.82805, -1.66633, 5.00592, -0.00366375, 0.00648267, -0.0029751, 
121, 28501.8, -0.804288, 2.49897, -2.85811, 0.000843122, -0.000297866, 0.00196326, 
122, 93263.7, -6.78183, -3.51528, -7.97744, 0.00014771, 0.00495902, -0.00765229, 
123, 54631.4, 1.89708, -3.74127, -2.77226, 0.0136162, -0.00124638, -0.00892385, 
124, 28486.7, 0.17603, 2.19968, -3.33264, 0.00615744, 0.0047804, 0.00447359, 
125, 45940.3, 0.95245, -7.35679, -10.2194, -0.00148794, 0.000441252, -0.0111295, 
126, 58147.3, -0.805445, -2.44715, 2.78152, -0.00814187, 0.00199649, -0.00587496, 
127, 314510, -1.28114, 4.64839, 6.95373, 0.000863304, 0.00938832, 0.00912644, 
128, 66689.7, -1.81633, -2.75191, 2.11505, -0.00971585, -0.00329311, -0.00190741, 
129, 293196, 3.7418, -3.52987, -1.15513, 0.00745253, -0.00573346, -0.0123288, 
130, 58957.4, -1.29837, 2.27406, -1.91852, 0.00864787, 0.0082946, 0.00219465, 
131, 26864.5, 4.42028, -3.15773, -2.87131, 0.0108282, -0.00509732, -0.0119499, 
132, 14537.9, 8.22257, -1.71802, -7.24861, 0.00490573, 0.00293367, -0.00987345, 
133, 59690.8, 2.38619, 0.482945, 8.74147, -0.00124014, 0.00779829, 0.00288109, 
134, 71873.2, -3.33263, -3.81936, 3.9684, -0.0101294, -0.00305948, -0.00245619, 
135, 9549.31, 3.51396, -0.292461, 4.39175, 0.00229306, -0.000196487, -0.000754148, 
136, 48774.7, -5.09265, -7.85979, -1.37532, -0.00297539, -0.0127169, 0.00435264, 
137, 177196, 0.669522, -6.82277, 6.42568, -0.000271446, -0.00316932, 0.00343962, 
138, 29597.5, 2.34688, -1.28961, -4.73053, -0.00822567, 0.00147067, -0.00325178, 
139, 32591.9, 0.179221, -6.81515, 4.00434, -0.00489593, -0.00503625, 0.00618234, 
140, 153581, -1.25495, -7.63328, 4.60101, -0.00483064, -0.0111528, 0.00775412, 
141, 131949, 5.98437, 2.0973, -2.34278, 0.00297766, 0.00454859, -0.00136428, 
142, 20789.6, -1.06433, 4.8172, -1.60201, -0.00680624, 0.00393765, 0.00422271, 
143, 36049, 0.946768, -7.4004, 2.16169, -0.00450083, -0.010662, 0.00568859, 
144, 177733, 0.21477, 2.37448, 4.43297, -0.00233508, 0.00233453, 0.0047626, 
145, 143909, 0.0295917, -3.87181, -2.25381, -0.00865674, 0.0087151, 0.00979076, 
146, 76057.7, -3.20206, 1.17331, -1.33033, -0.000135288, 0.00422099, -0.00228022, 
147, 21460.3, -2.27444, 1.97221, -1.16068, -2.56333e-05, 0.00208674, -0.00323156, 
148, 28241, -6.77752, 1.11747, -3.20875, 0.00487981, 0.00614461, -0.00466494, 
149, 77611.6, -2.11697, -4.81168, 5.05632, -0.00641894, 9.44302e-05, -0.00158185, 
150, 42249.4, 2.40405, -4.7508, 2.88108, -0.00179413, 0.00817215, 0.0011258, 
151, 30574.3, -0.416883, 2.62512, 5.19375, -0.00268709, 0.00911155, 0.00229418, 
152, 45197.8, -4.48835, -8.20782, 0.30661, -0.00153307, -0.0117115, 0.00638934, 
153, 71843.5, 1.69787, -2.13657, 4.20281, -0.00769884, -0.000748145, -0.0026134, 
154, 71612.1, 0.381031, -7.42529, 6.9735, -0.00842371, -0.00617457, 0.00465194, 
155, 53086.9, 3.33022, 2.17004, 7.61416, 0.00585131, 0.00227899, 0.00337932, 
156, 50912.6, -1.36682, 0.040109, -0.867734, -0.00435781, -0.00107216, -0.00862057, 
157, 422843, 1.29617, -0.558088, -3.5504, 0.0040103, 0.00172063, -0.00116029, 
158, 35700.8, -3.51838, 0.101277, 1.94292, -0.0098789, 0.00887353, 0.0095893, 
159, 46045.4, 3.98255, 1.08677, 5.37373, 0.00280427, -0.00482057, -0.000172717, 
160, 152279, 4.61615, -3.37946, -3.28409, 0.00988073, -0.000106185, -0.00938774, 
161, 142259, 1.8997, 6.40394, -3.60619, -0.00444667, 0.00747029, 0.000133037, 
162, 22811, -0.851869, -4.23181, 3.00226, -0.00977626, -0.00633108, 0.00322413, 
163, 44215.6, -1.93843, -6.06227, 0.0791211, -0.00765084, -0.00235519, 0.0102683, 
164, 78004.8, -5.08541, 1.39097, -3.78131, -0.010748, 0.0028929, 0.00108126, 
165, 116840, 2.84361, -5.05947, 3.4852, 0.0109449, -0.00502995, 0.00706454, 
166, 26576.3, -4.27861, -2.9145, -2.07194, -0.00687115, -0.0123397, 0.00848767, 
167, 178987, -4.49894, 1.5356, -2.74404, -0.00654671, 0.0033985, -0.00413359, 
168, 105332, -5.17767, -6.73814, 2.88814, -0.00284921, -0.00601878, 0.00872545, 
169, 17416.3, 5.18107, 2.46155, 2.08919, 0.000974849, 0.00806109, -0.00209482, 
170, 188196, -1.51463, -2.12299, -0.247489, -0.00724838, -0.0146443, 0.00527856, 
171, 154087, -1.03635, 1.69333, -1.82618, -0.00640689, -0.00421611, 0.000913128, 
172, 221417, 2.39976, 4.45267, -2.38422, 0.00298762, 0.00315388, -0.001506, 
173, 30581.6, -4.02498, -3.06138, -6.95738, 0.00115959, 0.00683721, -0.0036376, 
174, 257561, -0.844485, 0.919925, -2.08178, 0.0092175, 0.00137941, 8.85494e-05, 
175, 25785, -1.44161, 1.03945, 0.468736, -0.00379202, -0.0146674, 0.00435795, 
176, 48638.1, 2.01118, 4.6599, 7.51593, 0.00516903, 0.00525576, 0.00910714, 
177, 10067.2, -4.95298, 1.71056, -1.79387, -0.010768, 0.00315724, 0.00404807, 
178, 44588.6, 3.31588, -1.37802, 1.77064, -0.00339539, -0.013893, 0.00793575, 
179, 92749.3, -2.44346, 1.19035, -0.171678, 0.0050847, 0.00334051, -0.000464921, 
180, 92871.7, -5.91553, 3.70882, -5.83819, -0.000461344, 0.00157765, -0.00990705, 
181, 247270, -1.97392, -5.30311, 5.36066, 0.000167432, -0.00177882, 0.00801803, 
182, 486916, 0.949797, 1.03106, -2.33512, -0.00487243, 0.00189044, -0.00152022, 
183, 368942, -1.79553, -4.86139, 3.82893, 0.000782091, -0.00545321, 0.00882206, 
184, 177502, -0.530892, 2.62928, -3.91042, -0.0100947, 0.00925347, -0.00726622, 
185, 207343, 2.82344, 1.98029, 4.72409, -0.000519071, 9.11521e-05, -0.0018015, 
186, 187409, -5.02945, -2.28161, -9.01984, 0.00104976, 0.0044501, -0.00538817, 
187, 2227.5, -1.27792, -5.24737, 3.5801, -0.0086278, -0.0134362, 0.00269046, 
188, 123729, 3.57169, 1.90575, 8.58891, 0.00698798, 0.0010181, 0.00385539, 
189, 104967, 2.56357, 4.15611, 6.78617, -8.96653e-05, 0.00157427, 0.00197302, 
190, 66861.3, 1.00306, 5.50258, 4.79611, 0.00752628, 0.0120077, 0.00528416, 
191, 273746, 0.916225, 0.186921, -3.61771, 0.0121818, -0.00319517, -0.00505708, 
192, 237580, -0.674411, -2.01959, 0.434189, 0.00706739, 0.0035294, -0.00751733, 
193, 172963, -3.07642, -3.53664, 1.08501, -0.00862877, -0.014929, 0.00440693, 
194, 93590.7, -0.741129, 1.98726, -3.19987, 0.00470847, 0.00619583, 0.00598909, 
195, 163125, -0.880012, -5.95747, 3.74416, -0.00756883, -0.00603677, 0.00376191, 
196, 160121, -0.199369, -6.64363, 2.56345, -0.00339414, -0.00809167, 0.00895096, 
197, 122511, -3.30111, -6.87127, -0.0620434, -0.00384315, 0.00209982, 0.000326347, 
198, 16991.2, 4.13943, -3.05188, -4.80535, -0.00899389, 0.00226829, 0.00845263, 
199, 27557.8, 3.07451, -0.579088, 3.70261, -0.00757724, 0.00731648, 0.0034979, 
