ID, Mass [kg], pos_0 [m], pos_1 [m], pos_2 [m], vel_0 [m/s], vel_1 [m/s], vel_2 [m/s], 
0, 4982.76, 1.34289, -2.09661, 9.3576, 0.000904932, -0.000575732, -0.003352, 
1, 84564.5, 17.0644, 15.7164, 14.848, -0.00179003, -0.00175287, -0.00145843, 
2, 143976, 0.344888, -11.2457, -5.67068, -0.00139374, 0.00515737, 0.0013826, 
3, 12096.4, 2.79684, -9.5534, 6.32736, -0.00582695, 0.000287815, -0.00383615, 
4, 108584, -4.72407, 7.73547, -9.51282, -0.00136045, -0.00278896, 0.000464291, 
5, 224267, -3.20085, -7.72229, -2.00893, 6.86024e-05, 0.00267676, 0.00112864, 
6, 6023.5, -6.97578, 2.14842, -4.69287, 0.00614214, -0.00489381, 0.000338244, 
7, 12734.1, -0.0647362, -9.41504, -5.78597, 0.00410685, 0.00723283, 0.00300142, 
8, 29188.7, 4.2827, 1.38978, -5.52124, -0.0027271, -0.000260589, 0.0018812, 
9, 37892.9, -5.09313, 1.30337, 0.102319, 0.00233353, -0.00321716, -0.00106683, 
10, 282.759, -14.2877, 13.5455, -13.6904, 0.00371718, -0.0022218, -0.000257433, 
11, 75028.9, 12.0238, 10.6006, -11.035, -0.00416321, -0.000619712, 0.0039477, 
12, 29068.2, -9.98751, -1.40693, -12.3223, 0.00321298, -0.000156374, 0.00394553, 
13, 142762, 1.0655, 2.86491, 11.0516, -0.00287422, -0.000756848, -0.00540197, 
14, 289648, -5.58225, -6.49441, -1.36209, 0.00297785, 0.000905799, 0.00102139, 
15, 17335.1, -4.60151, -9.23648, -11.6967, 0.00595081, 0.0040023, 0.000289063, 
16, 37341.1, -15.6884, 13.1932, 5.91963, 0.00237239, -0.00252902, -0.000422819, 
17, 206687, -2.18808, -8.33403, -9.21424, -0.00130128, 0.000165719, 0.00507808, 
18, 253630, -3.23521, 6.00662, 8.38268, 0.00204893, -0.00392669, -0.00246923, 
19, 40480.6, 5.79369, 11.7804, -1.49896, -0.00203949, -0.00636853, -0.00171681, 
20, 176293, -11.357, -6.78579, 12.7414, 0.00501877, 0.00115439, -0.00372397, 
21, 17357.4, -7.66673, -0.585296, 1.32154, 0.00414223, -0.00354809, -0.00129778, 
22, 241662, 6.61575, 2.35508, -3.41406, -0.00133111, -0.000608962, 0.00167694, 
23, 144304, 6.59201, -7.15625, 6.93077, -0.00465574, 0.00512864, 0.00131069, 
24, 449735, -3.80043, -5.14659, 7.06214, 0.00198949, -0.000834027, -0.00226907, 
25, 31022.8, 4.09213, 0.850691, -2.32035, -0.0016727, -0.000130175, 0.00144592, 
26, 277840, 1.08485, 3.10009, 11.2282, 0.00169387, -0.00344767, -0.00385279, 
27, 22179, 10.2602, -0.0189338, 12.1541, -0.00495083, -0.000798939, -0.00390705, 
28, 7726.87, -9.66404, 4.2953, 12.1228, 0.00182651, -0.00120595, -0.00253452, 
29, 88891.4, 6.54787, -2.08459, 8.88694, -0.00391846, -0.00462537, -0.00634464, 
30, 193310, -12.6855, -9.12549, 4.88837, 0.0048505, 0.00231169, -0.00087683, 
31, 53721.6, -2.1036, 11.0261, -11.6206, 0.00196431, 0.000951836, 0.00164896, 
32, 149583, 6.57129, 2.42369, -3.36779, -0.00354485, -0.00187973, 0.0035357, 
33, 188997, -1.16944, -9.37736, -5.69711, -0.00094168, 0.00352079, 0.00204019, 
34, 147623, -5.74848, 0.793575, -5.20193, -0.00178052, -0.00153487, 0.004995, 
35, 35433.4, 8.9387, 9.75307, -1.47471, -0.00487286, -0.00186282, -0.000347899, 
36, 379972, 6.34043, -1.91609, 8.60354, -0.0043635, 0.000615411, -0.00325313, 
37, 174579, -15.2527, 12.4398, -15.6646, 0.00282941, -0.0010784, 0.00209681, 
38, 31779.4, -7.18827, 1.40493, -3.44667, 0.00630555, -0.00312623, -0.000988609, 
39, 17933.7, 11.3206, -1.01572, -6.27009, -0.00453951, 0.000756932, 0.00232615, 
40, 9826.32, 5.46848, -10.1516, -0.20428, 0.000376573, 0.00460239, 0.00433084, 
41, 92983.9, -12.8987, -12.6687, 14.7337, 0.00289776, 0.00284225, -0.00248925, 
42, 36951.3, -3.15785, -2.03365, 6.22853, 0.00187173, -0.00476176, -0.00129932, 
43, 6279.37, 8.95465, 3.21411, -2.67446, -0.00145715, -0.000737057, 0.0033287, 
44, 18926.2, 4.2865, -6.71317, 6.28194, -0.00828296, 0.00457051, -0.00256, 
45, 13388.8, -11.3926, -2.62854, -12.3844, 0.00383179, 0.000449992, 0.00327356, 
46, 57039.7, 1.47676, 3.71788, 11.4704, -0.00228996, -0.00689434, -0.00281917, 
47, 165793, -0.832754, -10.9398, -7.57666, -0.00229956, 0.00415654, 0.00471664, 
48, 95584.4, 2.91413, 10.5546, -5.55834, 0.000895652, -0.00473223, -0.000179917, 
49, 49905.3, -9.66023, -3.93501, -3.65514, 0.00625776, -0.00141054, 0.0014121, 
50, 72486.3, -3.08429, -7.66338, 7.8175, -0.00196496, 0.00470485, -0.00691478, 
51, 332159, 4.99249, -9.5023, 5.11825, -0.00692274, 0.00351051, -0.00087674, 
52, 12900.8, -6.49949, -2.99381, -2.92102, 0.00382469, 0.00136777, -0.00124104, 
53, 159525, 6.61502, 3.10774, -3.35217, -0.00584039, -4.08636e-05, -0.00109124, 
54, 73837.4, -0.423877, -8.22369, 9.18875, 0.0102039, -0.00245114, -0.00358995, 
55, 125355, -4.24193, -5.96878, -7.09928, 0.00278736, 0.000593102, 0.00285195, 
56, 28797.6, 1.33083, 8.51735, -8.088, 0.00351732, -0.0037955, 0.00365663, 
57, 91269.6, -1.94473, 6.107, 2.49004, 0.00142517, -0.00311594, -0.000744303, 
58, 5483.02, -14.584, -0.541723, -14.3574, 0.00320527, -0.000169798, 0.00269543, 
59, 142050, -4.76702, 1.38521, -6.48867, 0.00212296, -0.00264977, -0.000782043, 
60, 184526, 5.85063, -11.3795, 0.294622, -0.0069274, 0.00394284, 0.00214833, 
61, 58050.4, -0.130211, -7.90077, 8.3581, 0.00422035, 0.00565357, -0.00268609, 
62, 96236, -3.68101, 5.18597, -8.40432, 0.000772852, -0.00242358, 0.00314837, 
63, 23636.2, 1.21611, -7.72731, 7.68879, -0.010162, -0.000134152, -0.00205987, 
64, 29280.4, 6.05496, 2.8215, -4.01102, 0.00166525, 0.00124116, 0.00552922, 
65, 161524, 0.34338, 8.26327, -9.7373, 0.00119089, -0.00229462, 0.00403231, 
66, 67938.3, -2.0617, -5.40795, 6.86175, 0.000816128, -0.00641397, 0.000506475, 
67, 267084, -9.72176, -7.58084, -0.980333, 0.00545867, 0.00327018, 0.000518602, 
68, 69388.9, -3.65201, 8.22737, -10.1478, -0.00632727, -0.00135767, 0.00256991, 
69, 47165.6, -10.1019, -6.63152, 12.1909, 0.00486869, 0.0013463, -0.000747902, 
70, 201127, 5.87046, -11.0201, 0.309245, -0.00153894, 0.00359684, 0.00288113, 
71, 105689, 6.58689, -11.6947, -11.4993, -0.00341554, 0.00150642, 0.00232317, 
72, 14582, -8.22911, -4.94328, 11.2152, 0.00297667, 0.000587369, -0.00196969, 
73, 76931.6, -2.39216, 7.58014, -9.05238, -0.00122469, -0.00142605, 0.00397111, 
74, 237815, -5.35332, -0.75041, -6.27605, 0.0045333, -0.000672985, 0.000100462, 
75, 105565, -10.5287, 9.62906, 15.4433, 0.00144298, -0.00294888, -0.00281152, 
76, 170875, 10.2531, 4.24657, 4.60491, -0.0046743, -0.00150579, -0.000742789, 
77, 17853.6, 6.6836, -3.01204, 7.20872, -0.00558185, -0.000679303, 0.00162809, 
78, 24497.1, -9.65149, -6.71611, -0.906451, 0.003997, 0.00100032, 0.00452056, 
79, 101855, 1.78182, 9.67532, 0.300362, 0.000638808, -0.0050783, -0.0014021, 
80, 95013.6, -2.7543, -2.7717, 6.63795, 0.00137996, -0.00408117, -0.000228009, 
81, 141297, -12.3804, 13.3903, -13.9201, 0.00214413, -0.00278094, 0.0011534, 
82, 151080, -7.86114, -4.62342, 11.4042, 0.00448009, -0.000638385, -0.00394504, 
83, 260791, -6.82675, -3.27049, -1.9611, 0.00281671, 0.000900348, 0.000979751, 
84, 100223, 5.49438, -4.27952, 10.0702, -0.00519258, -0.00242748, -0.00333776, 
85, 7966.28, -2.82183, 3.37247, -9.31773, 0.000469109, -0.00640305, 0.00457754, 
86, 58175.3, 1.17258, 8.08407, -9.10502, 0.00165397, -0.0046803, 0.00333683, 
87, 628317, -0.214991, -7.99292, 7.72793, -0.00439886, 0.00355475, 1.28609e-05, 
88, 82285.2, 7.26476, 13.4289, 4.3136, -0.00146472, -0.00391033, -0.00248334, 
89, 161291, -5.75549, 2.05644, -5.98774, 0.00334111, -0.000967785, 0.00384614, 
90, 79687.2, -1.18032, -7.42243, 8.69175, 0.00440754, 0.0064378, -0.00940984, 
91, 310528, 12.3143, 14.453, -9.24525, -0.00283529, -0.00332455, 0.00163253, 
92, 30795.2, -7.95189, -3.17812, 0.225758, 0.00434962, -0.000704347, -0.00327234, 
93, 519908, 4.40065, -7.35581, 7.17661, -0.00492592, 0.000325014, -0.00256553, 
94, 101104, -5.79547, 2.44072, -4.02006, 0.000926802, 4.85199e-05, 0.00447621, 
95, 23620.3, -4.99864, -9.98058, -10.3207, 0.00171058, 0.00110693, 0.00387915, 
96, 8104.4, -1.49878, 6.85399, 2.25423, 0.00125145, -0.00283497, -0.00225157, 
97, 234265, -1.83758, -8.52485, 9.06955, -0.00650644, 0.00504948, -0.00295653, 
98, 3741.53, -2.5001, 8.02445, -10.4635, 0.00245959, -0.00906184, 0.000446755, 
99, 5528.05, -9.76799, -11.2032, -1.28475, 0.00497718, 0.000694574, 0.00146974, 
100, 6655.21, 5.59631, -7.67, 6.54115, -0.00731376, 0.00467584, -0.00639543, 
101, 74442.9, 12.0907, 8.97061, -7.52806, -0.00555014, -0.00056948, 0.00110654, 
102, 271819, 7.96313, 5.86387, 13.4812, -0.00239399, -0.00275074, -0.00375018, 
103, 173429, 8.52219, 8.55052, -7.19248, -0.00301809, -0.00146948, 0.00318842, 
104, 132164, -1.88759, -7.52967, 7.17254, 0.00796666, -0.00494343, -0.00248368, 
105, 293403, 2.54732, -2.56994, -9.37405, -0.00206638, 0.000235398, 0.00402039, 
106, 91810.3, 0.502765, -9.06225, -6.33874, 0.00217899, 0.00589706, 0.00151732, 
107, 203740, -5.85786, -9.95014, -10.5428, 0.00330168, 0.00303908, 0.00527086, 
108, 124900, 2.49772, 11.9775, -3.49638, 0.0011426, -0.00454176, 0.000623058, 
109, 153482, -0.975485, -9.00852, -4.66465, 0.000895694, 0.000793303, -0.000363416, 
110, 95805.7, -4.56143, -9.27613, -11.9764, 0.00384438, 0.00306167, 0.00239066, 
111, 47735.2, -1.22267, -8.32493, -4.45166, -0.00165142, 0.00411767, -0.00238625, 
112, 24494.2, 4.63653, -10.2279, 2.74917, -0.00184135, 0.00079871, 0.00271703, 
113, 39205.1, 7.39683, 2.46691, -5.00214, 0.000269121, -0.001683, -0.00159674, 
114, 24723, 9.68529, 9.21973, -10.0129, -0.00129185, 0.000265457, 0.000368252, 
115, 15671.3, -11.4301, -15.1352, -15.2241, 0.00230286, 0.00239692, 0.00246949, 
116, 320473, -2.66935, 7.85827, -9.25842, 0.00291338, -0.00246946, 0.00227757, 
117, 54072.2, -3.79151, 7.54314, -9.64916, 0.00336777, -0.00566482, 0.00345776, 
118, 20992.2, -10.6796, -9.45644, -13.0303, 0.0037555, 0.0012733, 0.00329399, 
119, 68943.4, 13.2502, 14.3878, -3.46592, -0.0040019, -0.00296958, -0.000523281, 
120, 176775, -5.23729, 0.342813, -4.65748, 0.00341461, -0.00134894, 0.00386865, 
121, 28501.8, -3.20292, -5.63128, 7.92777, 0.00236185, 0.00744064, -0.00378162, 
122, 93263.7, 7.13817, 2.28514, 8.49385, -0.00230208, -0.00245496, -0.00466952, 
123, 54631.4, -8.93669, 5.70489, 12.6384, 0.00115953, -0.00237769, -0.00319383, 
124, 28486.7, 3.12453, -0.228523, 7.33385, -0.001015, -0.00420975, -0.00191735, 
125, 45940.3, -2.75987, 6.06104, 6.76252, 4.51508e-05, -0.00311269, -0.000623127, 
126, 58147.3, -10.1685, -5.14056, -4.12959, 0.00563283, 0.00320444, 0.00028187, 
127, 314510, 3.55711, -12.9278, -12.9726, -0.00102498, 0.00351016, 0.00367114, 
128, 66689.7, -9.30526, -6.40829, -1.48304, 0.00605326, 0.00143953, 0.00189334, 
129, 293196, -13.4267, 5.0761, 10.1441, 0.00374492, -0.00176719, -0.000611081, 
130, 58957.4, 1.34976, 1.20653, 10.7096, 0.00127432, -0.00465302, -0.00475134, 
131, 26864.5, -12.8521, 5.31691, 13.5154, 0.00213379, -0.0023339, -0.00108095, 
132, 14537.9, -12.3389, 1.11687, 6.37225, 0.00451169, -0.00108238, -0.000550791, 
133, 59690.8, -4.66748, 0.978713, -5.68062, 0.00445343, -0.00235813, -0.00251554, 
134, 71873.2, 1.75278, 5.20418, -9.7227, 0.00504015, -0.00395748, 0.00401306, 
135, 9549.31, -1.25106, -10.1845, -5.71567, -0.000560948, 0.00543546, 0.00445907, 
136, 48774.7, 12.1789, 10.0413, 1.39657, -0.00417972, -0.00265627, -0.000478677, 
137, 177196, 2.99746, 13.5373, -10.2939, -0.00195863, -0.00541101, 0.00375524, 
138, 29597.5, -9.38181, -10.081, 4.03285, 0.00347603, 0.0046987, -0.000308492, 
139, 32591.9, -3.31598, 8.31209, -9.07466, 0.00211965, 0.000191463, 0.0027727, 
140, 153581, 3.16915, 13.0318, -10.866, 0.000800346, -0.00307858, 0.00152746, 
141, 131949, -2.32119, -6.11353, 8.7403, -0.00808391, 0.00341944, -0.00107935, 
142, 20789.6, -6.65218, -1.59195, 9.7476, 0.00362969, -0.00322549, -0.002487, 
143, 36049, 2.59168, 4.90786, -9.66067, -0.00225936, 8.76309e-05, 0.00468896, 
144, 177733, -7.02146, -3.53059, 1.09463, 0.00510045, -0.00166466, -0.00108616, 
145, 143909, 12.455, -11.9971, -13.6608, -0.00293324, 0.00142285, 0.00228668, 
146, 76057.7, -2.1988, -6.42099, 7.59158, -0.00439565, 0.000622634, -0.00267182, 
147, 21460.3, -3.43633, -8.22277, 6.63971, -0.00177738, 0.00473813, 0.000285991, 
148, 28241, 7.32026, -1.64259, 7.74951, -0.00400264, -0.004228, -0.00462713, 
149, 77611.6, -3.70885, 9.0928, -10.2013, 0.00362982, -0.00518283, 0.00699137, 
150, 42249.4, -2.64783, 5.85616, 1.81736, 0.000277841, -0.00552425, -0.0014541, 
151, 30574.3, -7.88963, 0.0609417, -3.14509, 0.00600022, -0.00344875, -0.000468321, 
152, 45197.8, 12.2201, 10.158, 1.09162, -0.00412687, -0.00191625, -0.00204535, 
153, 71843.5, -8.35529, -10.1007, -4.57709, 0.00351534, 0.00458518, 0.00174485, 
154, 71612.1, -6.13722, 10.6495, -12.5787, 0.00376334, -0.00290791, 0.00387189, 
155, 53086.9, 0.231201, -10.8458, -9.64336, -0.00212759, 0.00404878, 0.00136672, 
156, 50912.6, -10.0362, -4.23445, -3.71069, 0.00602823, 0.000402299, 0.0037284, 
157, 422843, -0.0922765, -7.60344, 8.35667, 0.00558663, -0.00222577, -0.00494432, 
158, 35700.8, 14.0476, -7.88875, -9.11078, -0.00355019, 0.000890266, 0.00163726, 
159, 46045.4, 0.946519, -11.4352, -6.73522, -0.00190035, 0.00234144, 0.00590557, 
160, 152279, -12.3894, 5.89921, 12.4378, 0.00268334, -0.00215175, -0.00370302, 
161, 142259, -8.86557, -2.87741, 12.1791, 0.00317349, -0.00254772, -0.00483519, 
162, 22811, -6.40042, -2.11375, -3.36401, 0.0021494, 0.00333862, -3.35974e-05, 
163, 44215.6, 1.33907, 10.3558, 0.655433, 0.00138075, -0.0025845, -0.00204878, 
164, 78004.8, -1.87331, -6.26835, 10.4776, 0.00633842, 0.00171617, 0.00253724, 
165, 116840, -4.51344, 9.07257, -10.3303, -0.00376048, -0.00274311, 0.00240099, 
166, 26576.3, 11.8192, 13.6946, -3.79294, -0.0027061, -0.00323164, -8.18346e-05, 
167, 178987, -6.14128, -7.55398, 10.6911, 0.00456074, 0.00330183, -0.00565667, 
168, 105332, 8.31982, 12.8743, -0.266013, -0.00148021, -0.004066, -0.000565606, 
169, 17416.3, -1.87473, -1.7795, -1.92481, -0.00106818, -0.000963094, 0.00107791, 
170, 188196, 9.722, 10.4498, -9.23323, -0.00224249, -0.000813181, 0.00277795, 
171, 154087, -0.307687, -4.49178, 6.813, -0.00332414, 0.00490081, -0.00280605, 
172, 221417, 0.832581, -2.2739, 9.07044, -0.000958541, -0.00234842, -0.00427451, 
173, 30581.6, 6.65359, 0.894161, 9.42394, -0.00398204, -0.00162993, -0.00113851, 
174, 257561, -1.86073, -7.13495, 7.47357, 0.00580213, 0.00419194, -0.0054667, 
175, 25785, 10.8305, 8.63293, -7.57161, -0.00439349, -0.000352514, -3.2995e-05, 
176, 48638.1, 2.08265, -15.1289, -12.1763, -0.00197508, 0.00362644, 0.00371043, 
177, 10067.2, -1.95715, -5.76002, 8.77092, 0.00887144, 0.00250437, 0.00263121, 
178, 44588.6, -2.06311, 11.2009, -12.1081, 0.00167738, 0.000116276, 0.00212273, 
179, 92749.3, -0.56758, -4.80875, 9.88892, 0.00694515, 0.00338294, -0.000717525, 
180, 92871.7, 4.50196, -10.2721, 0.569635, 0.000632117, 0.00411854, 0.0011131, 
181, 247270, 5.81044, 9.3155, -1.54025, -0.00172307, -0.000103136, -0.0019239, 
182, 486916, -0.18074, -8.14189, 7.53887, 0.00469684, 0.00697208, -0.00283579, 
183, 368942, 5.65351, 10.2545, -2.08568, -0.00190509, -0.00527606, -0.000184903, 
184, 177502, -2.00723, -3.9438, 4.09962, -0.00024487, -0.00182185, 0.00214163, 
185, 207343, -3.77877, -8.85787, -9.38625, 0.00242517, 0.00253559, 0.00447781, 
186, 187409, 6.98372, 2.45296, 8.69638, -0.00327353, -0.00406904, -0.000325958, 
187, 2227.5, -4.10361, 4.70913, -8.23438, 0.00589646, -0.00181385, 0.00249746, 
188, 123729, 0.0785234, -10.5236, -9.82284, -0.000150488, 0.00306296, 0.00093968, 
189, 104967, -3.29121, -6.72149, -8.6222, 0.00123774, -0.00148404, 0.00497906, 
190, 66861.3, 1.78812, -14.5473, -11.8395, -0.00331373, 0.00167388, 0.00531957, 
191, 273746, 5.26886, -10.3957, 4.44172, -0.00309367, 0.00577606, 0.000552064, 
192, 237580, 7.09254, -3.4822, -0.895671, -0.00416025, 0.00096783, 0.00129482, 
193, 172963, 9.42582, 14.5035, -10.1695, -0.00228687, -0.00363352, 0.00198312, 
194, 93590.7, 2.96242, -0.4479, 6.93734, -0.0015753, -0.00233599, 0.000417786, 
195, 163125, -1.0946, 9.21093, -9.6604, 0.000865227, -0.00115715, 0.00161754, 
196, 160121, 4.79526, 4.37885, -5.05557, -0.00307668, 0.00152352, 0.00103079, 
197, 122511, -0.574472, 7.65211, 3.17659, 0.00219051, -0.00307716, -0.000518099, 
198, 16991.2, 15.6669, -5.08215, -15.3323, -0.00258951, 0.000312287, 0.00228872, 
199, 27557.8, -10.4351, -0.509149, -0.0662708, 0.00590983, -0.00205786, -0.000294493, 
