ID, Mass [kg], pos_0 [m], pos_1 [m], pos_2 [m], vel_0 [m/s], vel_1 [m/s], vel_2 [m/s], 
0, 5682.38, -6.57207, -2.82995, 9.85628, 0.00147203, 0.000409729, -0.00586887, 
1, 51291.5, 11.5073, 17.12, -12.0857, -0.00193835, -0.00182418, 0.00161927, 
2, 73779.3, -0.926989, -7.39218, 3.60385, -0.000198642, 0.00436346, 0.00141405, 
3, 9731.99, -12.0918, 9.57365, -8.66896, 0.00397454, -0.00547758, -0.000438592, 
4, 104587, 3.47536, 6.78664, -1.45413, -0.001555, -0.00320917, 0.00154225, 
5, 42215, -11.9989, -3.02232, -8.5373, 0.00505491, 0.00181414, 0.00246498, 
6, 57220.4, -15.4693, 15.01, 6.10814, 0.00197289, -0.00297833, 0.000492447, 
7, 44855.5, -0.537132, -0.856831, -6.97664, -0.000100446, 0.00254521, 0.00273373, 
8, 276797, -10.4816, 2.94889, -10.8525, 0.00318668, 0.00387283, -0.00166718, 
9, 2643.18, -3.32664, -0.980416, -7.02764, -4.86095e-05, 0.000917575, 0.00230397, 
10, 33961.7, -6.25507, 7.51574, 8.12783, -0.000689163, -0.000844512, -0.00202669, 
11, 8691.35, 9.77133, -11.9355, 3.4104, -0.00403185, 0.0011514, 0.000175233, 
12, 141682, 0.238623, -6.99558, 4.46275, 0.00255846, 0.00626261, -0.00413871, 
13, 288611, -11.3719, -4.22035, 0.423217, 0.00404063, 0.00146983, -0.000179968, 
14, 512847, -13.4629, 10.236, 13.1635, 0.00332238, -0.00136176, -0.00357279, 
15, 15651.7, -3.94658, -10.1145, 6.31643, 0.00195968, 0.00566322, -0.00548083, 
16, 182451, 1.19186, 12.2703, -14.5158, -0.00097206, -0.00284179, 0.00273313, 
17, 62197.8, -10.1757, 2.53797, -8.17985, 0.0048879, 0.00494719, 0.00782702, 
18, 185440, -6.03992, -6.4397, -1.39574, 0.00203874, 0.00187553, 0.00206065, 
19, 36701.4, -14.5914, -10.113, 13.7054, 0.00226506, 0.001958, -0.00237983, 
20, 106936, 12.6683, 14.9537, -3.01406, -0.00264263, -0.00249757, 0.000629037, 
21, 161838, -1.48286, -1.47645, 0.520187, 0.000695193, -0.000491779, 0.00172535, 
22, 144875, 2.66353, -9.09349, 11.4863, -0.00103723, 0.00384964, -0.00500933, 
23, 100936, -10.1438, 6.19483, -11.801, 0.00165309, 0.00199734, 0.00274137, 
24, 95186.1, -8.48403, -11.4762, -14.1642, 0.000798944, 0.00242565, 0.00355358, 
25, 151808, -0.34162, 14.6012, -14.3374, -0.0018966, -0.00148072, 0.00268115, 
26, 118354, -10.1677, 6.37453, -10.0267, 0.00458183, -0.00547737, -0.000550277, 
27, 149234, -6.39762, -6.74027, -5.94486, 0.000294236, 0.00295255, 0.00253631, 
28, 9985.68, -10.2237, 2.29647, 1.83192, 0.00362174, -0.000646266, -0.000547372, 
29, 180895, 5.55668, -4.02927, 9.67234, -0.00329059, -0.000258331, -0.00370106, 
30, 486.041, 8.64934, -8.97147, 4.42189, -0.00397794, 0.00133818, 0.0001587, 
31, 70262.9, -1.20784, -12.1743, -7.51891, -0.00080003, 0.00386021, 0.00231465, 
32, 45902.1, -1.14512, -2.83982, -8.19183, -0.00107518, 0.00240523, 0.0039725, 
33, 24444.7, 2.44155, 0.449928, -8.10896, -0.00100543, -0.00111433, 0.00440969, 
34, 65679.9, -14.3591, -0.0873108, 9.43413, 0.00305031, 0.00157269, -0.0042109, 
35, 3309.29, -10.9637, -4.17007, -0.21909, 0.00214727, 0.00109813, 0.00258241, 
36, 8280.38, 13.5807, -10.5985, -4.6298, -0.00283222, 0.00169076, 0.00134741, 
37, 94538.9, -3.78186, -10.3836, 2.35815, 0.000685317, 0.00641715, -0.000808139, 
38, 30213.7, -4.37685, 5.65498, 6.44525, -0.0016662, -0.00202681, -0.000258138, 
39, 53471.9, 4.3733, 13.2525, -6.50175, -0.00293008, -0.000928775, 0.00353298, 
40, 43100.3, 14.4092, -6.58428, 9.90324, -0.00241779, 0.0018827, -0.00047524, 
41, 44746.6, -11.1313, 7.83311, -9.56472, 0.001459, 0.000816876, 0.00484423, 
42, 34053.9, -10.4713, 6.57021, -2.76185, 0.00260122, -0.00253691, -0.000828287, 
43, 54380.2, 4.86978, 0.252505, -9.6429, -0.0024682, -0.000298692, 0.00354394, 
44, 38723.2, -7.33409, 5.36353, 9.69145, -8.08016e-05, 0.0011494, -0.00386542, 
45, 2321.23, -12.3971, -2.90586, -3.31683, 0.00483382, 0.0013179, 0.00101638, 
46, 241169, 4.05061, 13.0456, -3.80048, -0.0017037, -0.00403933, 0.000602429, 
47, 344827, 5.3911, -0.551106, -8.26917, -0.00256495, -6.49053e-05, 0.00308591, 
48, 39271.1, 3.58604, 6.96891, 8.05856, -0.00211852, -0.00488476, -0.00440872, 
49, 19687.8, 15.459, -12.9426, -2.67725, -0.00274257, 0.00177074, 0.000918958, 
50, 61216.8, 1.76815, -8.68231, 0.342363, -0.00285714, 0.00322764, 0.00308089, 
51, 19182.2, 12.9277, -4.64818, 6.99251, -0.00368453, -8.94849e-05, 0.00070446, 
52, 12420.5, -0.629693, -1.31026, 6.51088, 0.000457895, -0.00136386, -0.00296923, 
53, 85447.4, 13.8937, 7.88637, 10.3104, -0.00333326, -0.00185959, 0.00275853, 
54, 361436, -9.47713, 8.26498, 8.60499, 0.00436188, -0.00444382, -0.00433211, 
55, 158926, -9.65195, 8.49337, 3.97416, 0.00200439, -0.00248672, 0.00153256, 
56, 49282.6, 12.1159, -5.05617, 9.00221, -0.0031221, 0.000552852, -0.00112701, 
57, 218355, 4.61772, 7.76041, 8.59052, -0.00114283, -0.00285289, -0.00257012, 
58, 22371.5, -9.69306, 8.66731, 8.67798, -0.00722193, 0.00151787, -0.000683453, 
59, 55919.9, 9.06524, -13.0729, 3.57536, -0.00489535, 0.00335529, 0.00207532, 
60, 21598.8, 2.57455, -9.65875, 11.1583, 0.00050486, 0.000591776, -0.00487672, 
61, 398.952, -4.92279, -8.05059, 6.27335, 0.00456352, 0.00251478, -0.00689503, 
62, 1108.92, -10.5744, 7.701, -7.15573, 0.00239646, 0.00383195, 0.00233388, 
63, 108555, -12.5579, -2.38127, -0.169054, 0.00510309, -0.00111929, -0.000228291, 
64, 244863, -10.8671, 6.58828, -8.96596, 0.00584545, -0.00304012, -0.00271544, 
65, 220694, 13.5664, -7.33151, 9.41238, -0.00348244, 0.000730247, -0.00111438, 
66, 61700, 4.49575, -12.5065, -12.0585, -0.00149902, 0.00223288, 0.00252637, 
67, 55388.9, 16.6189, -8.25471, -14.2878, -0.00203542, 0.00108041, 0.00163664, 
68, 211156, -4.70442, -9.65448, 4.73018, 0.00143266, 0.00701657, 0.000889981, 
69, 12720.6, -11.2835, -5.70907, -6.79288, 0.00132107, 0.00282292, -2.12071e-05, 
70, 25096, -9.62912, 0.397119, 9.25774, 0.00201044, -0.000153518, -0.00334409, 
71, 179870, 0.0886626, 1.02771, 0.808966, -0.00121943, -0.00191506, 0.000943475, 
72, 79123.8, 12.5137, 9.51632, -1.5943, -0.00325732, -0.00204738, 0.000650814, 
73, 110870, -11.3012, 9.99473, 10.0744, 0.000826856, -0.00433476, -0.00250656, 
74, 43359.1, -10.7582, 8.51842, -12.8115, -0.00336644, -0.00788438, 0.00251916, 
75, 140124, -5.86624, -4.91628, 6.04821, 0.00359563, 0.00211072, -0.00149613, 
76, 229268, 9.05791, -13.0556, 3.53245, -0.00236915, 0.00312941, -0.000422093, 
77, 302149, -13.6784, -1.09248, 11.7299, 0.00328289, 0.000629414, -0.00225604, 
78, 100708, -9.11997, -8.21635, 2.27324, 0.00495995, 0.00472037, 0.000827319, 
79, 46633.4, -4.64, -7.48176, 5.28032, 0.00241791, 0.00267973, -0.00447352, 
80, 143926, -6.11716, -3.28246, 6.6677, 0.00268545, 0.00189197, -0.000519114, 
81, 270.261, 10.8634, -1.15694, -12.1285, -0.00247654, 0.000538577, 0.00320715, 
82, 159650, 0.530223, -8.01297, 7.13747, -0.00343463, -0.0017058, -0.00300522, 
83, 24756, 4.89927, 9.49931, 11.5663, -0.00121957, -0.00256419, -0.00451078, 
84, 18375.3, -0.141848, -3.47576, 5.39212, 0.000691901, -0.00252962, -0.00239754, 
85, 491877, -9.44598, 8.60359, 8.34716, -0.00197691, -0.000329179, 0.00112225, 
86, 194807, -7.46897, 9.10406, 8.99348, 0.00122557, -0.00328632, -0.00156556, 
87, 8649.23, -3.46999, 5.90667, -9.66061, -0.00399149, -0.00253115, 0.00476954, 
88, 138901, 2.68291, -7.34942, 8.58067, -0.0036345, 0.002196, -0.00478487, 
89, 50202.9, 5.07189, 7.84969, 4.14184, -0.00241655, -0.00235553, -0.00041019, 
90, 98321.9, -0.159825, -5.65455, 2.95752, -0.00118494, -0.000302592, 0.00492715, 
91, 384069, 0.473254, -7.29527, 5.64737, -0.0027273, -0.000281018, -3.14617e-05, 
92, 81279.9, -12.6631, -4.41804, -7.99766, 0.00310792, 0.00423838, 0.00123394, 
93, 91375.2, 5.53222, -3.03239, -6.72208, -0.00264931, 0.00287107, 0.0020272, 
94, 5476.7, -7.46335, -11.3964, 6.27882, 0.00379427, 0.00456982, -0.0033451, 
95, 33452.5, 0.314993, 1.36905, 10.4318, -0.00159965, -0.00180263, -0.00567432, 
96, 25752.1, 17.1807, 15.895, 14.504, -0.00169098, -0.00192127, -0.00147696, 
97, 200797, 9.76085, -0.726398, -6.69235, -0.00411322, 0.000452391, 0.00140518, 
98, 298981, -2.6303, -7.77857, 2.52549, 0.00127925, 0.00228676, 0.00305908, 
99, 93146, 4.20368, 13.5291, -5.61325, -0.00168074, -0.00370336, 0.003234, 
100, 8612.85, 11.7708, -10.8256, 7.45166, -0.00304955, 0.00267827, -0.000976809, 
101, 24343.5, -6.70374, 5.9316, -1.7945, 3.52704e-05, -0.00249581, 0.000240804, 
102, 10296.7, 5.97772, -9.64665, 10.8215, -0.00317219, 0.00341158, -0.00284272, 
103, 15719.8, -11.9133, 4.92431, -6.81252, 0.00294351, 0.00442599, 0.00403649, 
104, 230040, -7.80769, 7.46099, -10.1566, 0.00117262, -0.000159589, 0.00233664, 
105, 17846.1, -6.3168, -2.39346, 6.63004, 0.000926517, 0.002709, -0.00157238, 
106, 22216.6, -1.01047, -6.88108, 3.11544, -0.00352605, 0.00608773, 0.00175151, 
107, 98486.7, -10.6276, 6.56667, -9.31255, -0.00176902, 0.00346556, 0.00428608, 
108, 214214, 13.3663, 6.81038, 9.56759, -0.00217263, 0.000288269, 0.00190406, 
109, 131614, -11.8127, -5.90687, -7.44357, 0.00370436, 0.00252961, 0.00211165, 
110, 160023, -5.07146, -9.95909, 4.07258, 0.000773212, 0.00628098, -0.00193283, 
111, 115735, -1.93602, -8.59801, 5.62875, 0.000684844, 0.00477065, -0.00486383, 
112, 378585, -14.0529, 14.6651, 4.9534, 0.00254721, -0.00330433, 3.06798e-05, 
113, 83295.8, 3.81506, 9.10003, 9.58028, -0.00138584, -0.00114722, -0.00125851, 
114, 148827, 11.491, 5.22193, -3.13846, -0.00344014, -0.000716945, 0.000580001, 
115, 285284, -10.0472, 2.77733, -8.55852, 0.00251736, 0.00131956, 0.00175931, 
116, 515864, 0.553553, -5.44417, 3.75412, -0.0033934, 0.00110994, -0.00349397, 
117, 88363.5, -7.83217, -10.2729, -10.09, -0.000274629, 0.00296913, 0.00149023, 
118, 155064, -3.35919, 5.89775, -10.366, -0.00247988, -0.00101723, 0.00257879, 
119, 18098.3, -0.701467, -8.19088, 6.92185, 0.000594554, 0.00465036, -0.00267664, 
120, 34391.6, -8.12093, 7.74563, 7.93441, -0.00289565, -0.00221005, -0.00165082, 
121, 78154, -6.71204, -3.95637, 4.95414, 0.00215705, -0.00120008, -0.00630473, 
122, 10497, 5.78055, -2.13213, -6.86124, -0.00140938, 0.00261964, 0.00366577, 
123, 59058.1, 3.19282, 2.14585, 0.584361, -0.00362379, -0.000698452, 0.000746407, 
124, 5646.35, 1.03929, -2.96481, 11.3887, -0.000349531, -0.000643996, -0.00453536, 
125, 103346, -11.1833, 8.9279, 10.8504, 0.00172303, 0.00141881, -0.00473953, 
126, 64702.5, 14.8224, 6.61132, 8.69144, 0.000435291, -0.00108203, -0.00544956, 
127, 199056, -6.2044, -4.63569, 6.18018, 0.00300522, -0.00229251, -0.00405985, 
128, 192649, 0.281379, 0.0631175, -6.93762, -0.00113546, -0.000407679, 0.00216321, 
129, 1707.71, 5.58333, 8.97437, 4.46156, -0.00254918, -0.00376267, -0.000930809, 
130, 19869.9, -12.597, 7.49003, 11.3501, 0.00461675, -0.0022045, -0.00477019, 
131, 143979, 2.70434, 7.57429, -1.74619, -0.0019155, -0.000274492, 0.000600633, 
132, 37850.6, 10.9558, -12.7193, 14.6971, -0.00165144, 0.00228441, -0.00247205, 
133, 50031.5, -10.5987, 13.4681, 13.5755, -0.000247529, -0.00389354, -0.00366783, 
134, 369068, 13.4675, 7.20729, 8.73, -0.00345488, -0.00122544, -0.00378267, 
135, 3806.98, -11.5963, -5.25342, -8.28444, 0.00487855, 0.00488658, -0.000291922, 
136, 64591.7, 4.08623, -5.501, -0.932908, -0.00485087, 0.00157124, 0.00278129, 
137, 1688.15, -8.839, -7.23753, 1.69071, 0.00295104, 0.00131135, 0.000944144, 
138, 439943, -9.05726, 7.68277, -11.6783, 0.000965696, -0.00484703, 0.00406618, 
139, 72054.1, -5.04229, -8.06339, 6.35578, 0.00283566, 0.00333474, -0.00556462, 
140, 10511.3, -10.4162, 1.26922, -9.23631, 0.00204213, 0.000883565, 0.00531088, 
141, 28560.6, -11.4395, -6.90685, -11.1881, 0.00224411, 0.00266078, 0.00366637, 
142, 92270.6, -7.11058, -10.2847, -10.1482, 0.00185377, 0.00396243, 0.00358595, 
143, 57507.6, 13.7716, -1.38346, -13.5201, -0.00263448, 0.000278196, 0.00243166, 
144, 106955, 3.04117, 11.3819, 1.01887, -0.00103774, -0.00308468, -0.00191518, 
145, 53021.1, 0.575236, -7.61752, 4.64278, -0.00109968, 0.00624377, 0.00252025, 
146, 127593, -6.95302, 3.22943, 2.47922, 0.00142349, -0.000919621, 6.59785e-05, 
147, 31386.3, -6.7336, -8.06665, 4.74566, 0.00271616, 0.00108518, -0.00100737, 
148, 89613.6, 3.64336, -10.7305, -3.61785, -0.00236218, 0.00335363, 0.00273741, 
149, 251415, -10.3701, 4.86625, -8.56079, 0.00362451, 0.00171961, 0.0016221, 
150, 55890.6, -7.21367, -4.1362, 5.3584, -0.00088743, -0.000997931, -0.00252251, 
151, 174949, -10.4192, 6.82891, -10.2912, 0.00136124, -0.00231386, 0.00393033, 
152, 66072.8, -7.859, 5.9848, 11.5412, -0.000395217, -6.05588e-05, -0.00538, 
153, 19075.8, -1.22827, -13.0272, -7.17116, -0.000391755, 0.00203228, 0.0028218, 
154, 47261.5, -3.04476, -1.42741, -1.04517, -0.000410766, -0.00043196, 0.00072066, 
155, 102102, -6.17764, -8.38191, 3.96244, 0.00447457, 0.00284213, -0.000214486, 
156, 5375.03, -4.51701, -11.3817, 4.25624, -0.00101627, 0.00303631, 0.00148703, 
157, 3761.7, 3.45351, -5.00388, -1.43703, -0.00524236, 0.00238629, 0.00359699, 
158, 7652.65, 6.80732, 5.84644, 7.46365, -0.00270688, -0.000619813, -0.00121692, 
159, 47070.1, -4.721, -6.07425, 7.27708, 0.00213406, -0.000806917, -0.00330634, 
160, 17972.9, -7.34587, 7.16302, -12.2427, 0.00288904, -0.00783338, 0.00348273, 
161, 218629, -9.70966, -0.400264, -9.6014, 0.00243645, 0.000224359, 0.00269603, 
162, 138887, -2.92771, -11.1029, 3.40606, 0.00393, 0.00471985, -0.000548069, 
163, 33277.3, 4.4754, -0.713571, -11.8366, -0.00136364, 0.000908943, 0.00504716, 
164, 167891, 0.351991, -1.57905, 9.5887, -0.000553112, -0.00025732, -0.00497098, 
165, 62570.5, 2.73863, 16.9114, -0.692102, -0.00147258, -0.00147682, 0.00155155, 
166, 38130.4, -0.839418, -13.3005, -13.0684, -0.000650908, 0.00250523, 0.00286282, 
167, 22403.8, -9.26749, 0.825672, -8.99219, 0.00257487, 0.000531707, 0.00486669, 
168, 1479.59, -8.91605, 7.69236, 2.91525, 0.00208048, -2.28308e-05, 0.00126644, 
169, 20399.9, -11.4931, 1.38106, -10.9974, 0.0016139, -0.000673688, -0.00298864, 
170, 115854, -0.578298, -7.29204, 4.2012, -0.00299345, 0.00755798, 0.00408173, 
171, 27762.9, 3.17542, -9.36162, 10.6776, -0.00138576, 0.000542681, -0.00490787, 
172, 250928, 3.01619, 12.5391, -2.20274, -0.000297105, -0.00361358, -0.000418614, 
173, 74469.2, 12.4691, 8.79649, 8.19215, -0.00112692, -0.00466948, -0.000154262, 
174, 143481, 15.5181, -9.90839, 12.8816, -0.00266891, 0.0017883, -0.00227501, 
175, 27145.1, -6.64174, -7.70029, 4.55581, 0.00592284, 0.00306813, -0.00352876, 
176, 32620.6, 0.57969, 1.19891, 10.2429, -7.44332e-05, -0.00173723, -0.00411969, 
177, 52575.7, -9.98257, 1.66904, -8.59336, 0.00558683, 0.00360571, 5.42625e-05, 
178, 19746.4, 1.68487, -6.92739, 6.6522, -0.00150396, -0.00101568, 0.00381722, 
179, 33623.1, 15.6078, 6.25308, 8.82813, -0.00332052, -0.000896133, -0.00371085, 
180, 50349.8, 14.484, 6.69139, 10.5192, -0.00593916, -0.00144417, 0.000538182, 
181, 89376.8, 11.5538, 5.16357, -0.487085, -0.00342969, -0.000602552, 0.00159578, 
182, 42160.2, -10.0728, 5.07416, -3.92398, 0.00174651, -0.00125372, -0.00120415, 
183, 100544, -9.41627, 7.22572, -12.1022, -0.00181917, -0.0101022, 0.00515929, 
184, 1446.88, -3.19539, -11.1156, -6.0975, 0.000234609, 0.00390138, 0.00194556, 
185, 119694, -6.93742, -4.1637, -8.76931, -0.00026384, 0.0021649, 0.00367185, 
186, 120999, -9.52165, -9.90315, 1.64068, 0.00386182, 0.0030849, 0.000331697, 
187, 52698.3, 0.298153, -6.42487, 5.29028, -0.000150433, 0.00410167, 0.00281669, 
188, 105467, 4.83788, -5.92941, -1.58138, -0.00305787, 0.00146339, 0.00116088, 
189, 99748.4, -8.75263, 2.08111, -10.5335, -0.00261226, 0.00254178, 0.00555628, 
190, 77133, -0.678963, -7.27039, 5.25567, -0.00530723, 0.00213158, -0.00395516, 
191, 178804, -10.1128, 10.4926, -11.9004, 0.000570395, -0.00334723, 0.00374188, 
192, 8685.6, 0.582244, -1.36902, 3.45109, -0.000739294, -0.0014883, -0.000346025, 
193, 256954, 1.23606, 1.99302, 5.72001, -0.00258087, -0.00139841, -0.000148856, 
194, 53540.6, 1.78937, -11.1806, -0.637348, -0.00166185, 0.00511225, 0.00225232, 
195, 220652, -9.35199, 5.57385, -10.3324, -0.00289509, -0.00438991, 0.00333301, 
196, 10258.1, 8.25847, 12.0962, -4.10658, -0.00319419, -0.00188043, 0.00151178, 
197, 6083.3, -13.2938, 3.46985, -8.82178, 0.000292522, 0.00328664, 0.00310151, 
198, 127562, 1.26688, 2.17002, 5.8141, 0.000199619, -0.00255137, -0.0050744, 
199, 34766.2, 15.0154, 8.60625, 10.8986, -0.00252379, -1.4525e-05, -0.00224192, 
