ID, Mass [kg], pos_0 [m], pos_1 [m], pos_2 [m], vel_0 [m/s], vel_1 [m/s], vel_2 [m/s], 
0, 86447, -4.77758, 25.8627, -9.44935, 0.000973883, -0.00351469, 0.00159278, 
1, 189575, -29.8249, -12.0107, -2.62558, 0.00308643, 0.0019114, -0.000880909, 
2, 31834.7, 14.7731, -8.90315, -20.885, -5.56608e-05, 0.00536245, 0.00386345, 
3, 198333, 20.5416, 20.5171, 7.9132, -0.0016678, -0.00133494, -0.00178479, 
4, 26595.9, -8.56199, 17.426, -5.25505, 0.000443292, -0.000484592, -0.00107587, 
5, 74974.9, -18.1097, -14.632, -21.3784, 0.00200742, 0.0013597, 0.000816781, 
6, 97542.7, 39.434, -27.8881, 35.7382, -0.00119216, 0.00126532, -0.00146621, 
7, 2615.97, 3.5545, 28.3506, -24.832, 0.000447094, -0.00251419, 0.00213129, 
8, 21192.8, 29.0903, -16.8874, -6.53322, -0.00235737, 0.00346827, 0.000990111, 
9, 81679.8, 23.4343, 19.8091, -0.413246, -0.000412405, -0.00335047, -0.00293194, 
10, 127647, -26.5299, -18.3431, 27.179, 0.000968273, 0.00150049, -0.00122197, 
11, 16957.3, -4.81486, -10.2373, -1.46783, 0.00146971, 0.0025493, -0.000738047, 
12, 46224.1, 35.5636, 34.7742, -18.5549, -0.00179392, -0.00200345, 0.00178729, 
13, 23966.4, 24.9917, 18.1104, 6.11245, 0.000384876, -0.00481128, -0.000255189, 
14, 11985.5, -10.7482, -7.37266, 32.7591, -0.00102379, 0.00123525, -0.00248229, 
15, 3133.43, -9.92932, -0.706452, 17.1066, -0.000286017, 0.00100084, -0.00191186, 
16, 16899.7, -2.21146, -7.6605, 28.0321, -0.00117211, 0.00139071, -0.00182816, 
17, 19424.5, 2.73313, 15.8024, -3.19199, -0.00172377, -0.00574313, 0.00110966, 
18, 130822, 26.5507, -26.3075, 1.39877, -0.0012846, 0.00228315, -0.0017091, 
19, 25233.8, -16.8091, 9.53235, -14.4058, 0.00161329, -0.000956074, 0.00276332, 
20, 47646.9, 35.5901, -30.4404, -19.9989, -0.00191487, 0.00197953, 0.00109171, 
21, 165666, 1.99342, 3.82272, -21.8777, 0.000714034, -4.15275e-05, 0.00159995, 
22, 68385.5, -4.17923, 0.891937, -27.1823, -0.00126091, 0.00193961, -0.000604852, 
23, 221148, 36.5903, -29.2673, 21.5286, -0.00126007, 0.00152937, -0.000878165, 
24, 74530.5, 13.0499, -9.03597, -19.8024, -0.00277567, -0.00156628, -0.000656807, 
25, 43250.2, 29.1424, 17.5647, 33.8228, -0.000866579, -0.000467346, -0.00234565, 
26, 16449.5, -34.4855, -38.686, -22.4675, 0.00122285, 0.00159143, 0.000544506, 
27, 30641.9, -15.197, 18.191, -2.24935, 0.00168934, -0.00357068, -0.00016225, 
28, 85788.3, 0.27028, 4.04276, -22.4159, 0.00214342, 0.00204065, 0.00235218, 
29, 18634, -25.9556, 28.1804, 8.68659, 0.00153744, -0.00303511, 0.000591766, 
30, 2394.47, 29.5921, -25.1695, -6.6169, -0.000773942, -0.000752482, 0.00091869, 
31, 128472, 27.8256, 12.7722, 13.374, -0.00248534, 2.67673e-05, -0.00310271, 
32, 63731.5, 3.34077, 2.64004, -19.2866, -0.00270087, -0.00371749, 0.00342494, 
33, 1929.75, -11.7114, -2.71179, 24.5092, 0.000550266, -0.000563301, -0.00283516, 
34, 137164, -10.6385, -2.95326, 14.5321, 0.000363127, 0.000716398, -0.00099774, 
35, 50524.2, 8.52167, 0.226377, -14.8514, 0.002964, 0.000506097, -0.000165245, 
36, 6629.78, 21.3284, -13.8936, -14.7096, -0.00310359, 0.000843051, 0.000663654, 
37, 38240.2, 17.3347, -13.957, -27.083, -0.00372269, 0.00171178, 0.00378914, 
38, 18423.8, 3.6604, -0.872909, -16.249, 0.00329773, -0.0004663, 0.00227894, 
39, 194740, 27.3194, -19.0443, -8.67326, -0.0020602, 0.00208965, -0.000888773, 
40, 166672, 13.1427, -10.8332, -22.1743, -0.00119751, 0.000981531, 0.00215537, 
41, 63465.7, 15.5902, 21.5038, -9.74109, -0.00110907, -0.000848407, -1.75978e-05, 
42, 21989.4, 18.0512, 14.547, -7.38048, -0.000371746, -0.00359164, -0.000918082, 
43, 7506.47, 26.6178, -23.5494, -4.35192, -0.000614501, 0.00267574, -0.000511386, 
44, 1030.15, 23.5676, 10.8079, -7.01425, -0.0023799, 0.00147925, 0.00201555, 
45, 60141.1, 3.36891, 19.1301, -3.30835, -0.00243498, -0.00264766, 0.000865658, 
46, 69136.8, -23.9563, 2.2662, 16.225, 0.00142698, 0.00190212, -0.00122763, 
47, 4636.02, 23.7007, -36.4393, 29.4084, -0.000230917, 0.00188825, -0.00119829, 
48, 148424, -19.8609, 8.89564, 26.7701, -0.000514939, -0.000637266, -0.00273432, 
49, 101751, 23.2138, 19.6012, 1.58846, -0.00257164, -0.00551339, 0.00117841, 
50, 113749, -9.0011, -23.4267, -33.7067, 0.00178483, 0.00159366, 0.0016105, 
51, 14312.6, 10.6655, 13.604, -25.291, -0.000331771, -0.000706976, 0.00257968, 
52, 115787, 34.0322, -6.4832, 28.8649, -0.00133074, -0.000378002, -0.00181379, 
53, 10116, 35.8564, 35.0801, -20.0298, -0.00126413, -0.00196124, 0.000629731, 
54, 33789.7, 17.6417, 18.7674, -18.4339, 0.00274843, -0.00264226, -0.000761079, 
55, 186460, 21.4682, 19.625, 3.75287, -0.00076124, -0.00266923, -0.00115315, 
56, 245187, 28.4063, -23.303, -2.80671, -0.000536853, 0.00127155, 0.00131497, 
57, 290437, -12.3977, 3.55752, 13.0949, 0.000296801, 0.000951213, -0.00111102, 
58, 80698.8, -12.2408, 6.25633, 14.0496, -1.10295e-05, -0.00165022, -0.0025428, 
59, 117814, 21.4895, 16.1976, -8.1838, -0.00169821, -0.00118314, 0.000263471, 
60, 74301.5, -21.8139, 20.2403, 9.36608, 0.00180341, -0.00172421, -0.0018442, 
61, 87026.1, 2.18618, -15.9371, -31.7624, 0.00054069, 0.00320533, 0.00223124, 
62, 54123.3, 15.7435, 15.9024, -5.6877, -0.000900343, -0.0003323, 0.00201311, 
63, 142469, 8.24494, 6.86207, -22.3129, -0.0010529, -0.00272841, 0.00404828, 
64, 25240.3, 18.4109, -1.47109, 16.4593, -0.00121442, 0.00126324, -0.00243843, 
65, 84495.7, -38.2393, 10.4189, 27.023, 0.000667304, -0.00125645, -0.00243841, 
66, 190154, 18.7532, 19.896, -16.9518, -0.00122153, -0.00197123, 0.00280528, 
67, 106916, -15.5041, 16.7866, -1.65683, -0.000758859, -0.00197867, 0.00103678, 
68, 142208, 27.3133, 9.12738, -4.42363, -0.00341092, -0.000769825, 0.000218445, 
69, 222966, -28.5698, 10.1039, 13.1811, 0.00236789, -0.00274151, -0.00117333, 
70, 23261.8, -4.84487, -18.3227, -13.583, 0.00113989, 0.00256439, -0.000210465, 
71, 37181.8, -19.8344, 17.9559, 0.232318, 0.00148253, -0.00200168, -0.00189327, 
72, 387724, 18.3813, 12.5214, 6.77483, -0.000463696, 5.54674e-05, -0.00212912, 
73, 94415, 18.1713, -12.9171, -19.0238, -0.00427298, 0.00111706, 0.000546403, 
74, 92650.1, 7.13524, 17.3481, -3.57417, 0.000378435, -0.00119407, -0.000572392, 
75, 18296.3, -29.4894, 14.9228, 31.1288, 0.00445426, 0.00153943, -0.00251874, 
76, 120001, -32.5618, -12.6989, -0.942482, 0.00097955, 0.00152503, -0.00022779, 
77, 272530, 14.5872, 3.91185, 4.29502, -0.000234501, 0.00196532, -0.00135334, 
78, 17526.5, -20.4776, -27.0395, 31.103, 0.00172744, 0.000504431, -3.12256e-05, 
79, 64817.7, 11.537, -10.3799, -23.1304, 0.00295758, 0.00287564, -0.00142146, 
80, 92249, 27.6726, 12.6322, 6.13574, -0.00358934, 0.0014002, -0.00204007, 
81, 18467.1, -24.7078, 14.2477, 12.911, 0.00378997, 0.000368698, 0.0011607, 
82, 36826.6, 18.0577, 22.8403, 8.18781, 0.000914539, -0.00504002, -0.00209115, 
83, 11297.7, 31.573, -17.2738, -0.523581, -0.000564623, 0.00280646, 5.52512e-05, 
84, 79293, 13.7513, -9.98977, -19.9945, 0.000654461, 0.00145385, 0.00579911, 
85, 99758.2, 20.7663, 14.8692, 3.84112, 0.000857522, 0.0021568, -0.00335179, 
86, 23343, -21.5432, 0.24851, 16.6892, 0.00214423, 0.00099157, -0.00138868, 
87, 148233, 16.0436, 20.4452, 10.2653, -0.00504017, -0.00221038, 9.84686e-07, 
88, 11527.8, -32.4718, 10.5827, 30.2778, -0.000739962, 0.00096427, -0.00392499, 
89, 14718.3, 29.9563, 13.4336, -1.2161, -0.000170425, -0.000956071, -0.000671183, 
90, 46494.3, 1.6976, 6.38487, -31.4577, 0.00138529, 0.000374889, 0.00185179, 
91, 34379.9, -14.6952, -13.4916, -22.6798, 0.00146667, 0.000885267, 0.000886282, 
92, 23079.1, 21.6904, -9.09799, -3.96591, -0.00128239, 0.00107288, -0.00105488, 
93, 79660.5, -28.3463, 7.7082, 13.115, 0.00327088, 0.00252961, 0.000154686, 
94, 77532.3, -36.5965, -31.0621, 39.637, 0.001217, 0.00147372, -0.00125003, 
95, 85363.6, 24.0238, 19.9579, -0.257226, -0.00379029, 0.000196236, -0.00197647, 
96, 11260.4, -12.4167, 9.5683, 14.0464, -6.70788e-05, -0.00290342, -0.00168536, 
97, 31876, 16.2813, 18.3221, -7.51156, -0.00194377, 0.00181125, 0.00117219, 
98, 49282.2, 28.9113, 12.8753, -5.9703, -0.00390142, 0.000406387, 0.00332702, 
99, 38415.4, 4.01576, 20.8425, -4.05574, 0.00183811, -0.00466903, 0.000796695, 
100, 8080.94, -17.4572, 6.5505, -9.38857, 0.00235062, 0.000432325, 0.0025785, 
101, 70282.6, 38.8188, 29.6408, 33.3364, -0.00129935, -0.00214342, -0.00137566, 
102, 317827, 7.32945, -22.4041, -30.5605, 0.000861205, 0.00323657, 0.00215729, 
103, 237904, -37.4447, 33.3036, 15.5355, 0.00164878, -0.00222849, -0.00045794, 
104, 119615, -13.3074, 16.2137, -3.91651, 0.00111945, -0.00159587, 0.00141178, 
105, 31893.4, 7.77322, -24.6032, -6.4717, 0.000382193, 0.00264523, -0.000870213, 
106, 173086, -26.484, 11.1033, 11.8906, 0.00100747, -0.00189078, -0.000423975, 
107, 486074, -31.9825, 9.99124, 30.6128, 0.00117482, -0.000449999, -0.00212957, 
108, 40410.8, -28.624, -14.9332, 23.5947, 0.000204026, 0.00301915, -0.0021354, 
109, 28247.2, -37.8126, 35.6984, 14.926, 0.00150916, -0.00411794, 0.000253292, 
110, 23910.7, -17.4052, 21.8631, -17.6509, 0.00173089, -0.00258565, 0.00264163, 
111, 40242.6, -5.9434, -34.7964, 22.6393, 0.000189461, 0.00197926, -0.000833272, 
112, 24016.7, -29.5184, 7.44724, 15.1159, 0.00308408, 0.00280737, 0.000522465, 
113, 129600, 9.43062, -26.1542, -20.7493, 0.000100266, 0.00345796, -0.000306048, 
114, 114317, 24.875, 17.7887, 4.76974, 0.000294792, -0.00333175, -0.00377018, 
115, 174934, -25.694, 12.6227, 28.7984, 0.00326709, -3.00675e-05, -0.00293484, 
116, 143212, 9.46276, -1.58606, -15.7233, 0.00219789, -0.000390774, 0.00196614, 
117, 8073.33, -32.5219, 12.8405, 25.2848, 0.000709604, -0.00126386, -0.000539925, 
118, 37893.5, -11.4687, 7.54814, 14.5535, -0.0015906, -0.00262755, -0.00277734, 
119, 62400.5, 20.4418, 25.3936, 13.5541, -0.000481423, -0.00292576, -0.00336156, 
120, 242481, 7.25862, 0.958516, -19.7667, 0.00230336, -0.000327986, 0.00163276, 
121, 220498, 12.1448, -13.2217, -25.2467, 4.22062e-05, 0.00199641, 0.00146285, 
122, 32681.3, 7.80954, 3.9607, 17.8177, 0.000339771, 0.000343075, -0.00278236, 
123, 348699, 26.5688, 15.4637, -2.83088, -0.00425352, -0.000253515, 0.000233682, 
124, 49173.7, 38.6912, -26.2437, 35.8641, -0.000410079, -0.000788481, -0.00198902, 
125, 91676.5, 13.6372, -9.76431, -23.6504, -0.0038217, -0.00187212, 0.000190943, 
126, 613.996, 30.0071, -23.5081, -2.41893, -0.00255791, -0.00150467, -0.00323981, 
127, 36070, 10.7881, -30.8071, 29.1946, 8.07355e-05, 0.00188709, -0.00135503, 
128, 60243.7, 33.2355, -4.24126, 29.5394, -0.00166241, 0.00168316, -0.0018001, 
129, 66572.3, 8.92252, -16.4158, -26.1426, 0.00164682, 0.00424921, 0.00266037, 
130, 41874.2, -28.814, 20.8047, -19.2172, 0.00185511, -0.00108199, 0.0032574, 
131, 116662, -28.0823, 9.68152, 14.0896, 0.00306779, 0.00169397, -0.00183606, 
132, 109779, -9.53718, -5.07407, 25.8742, 0.00021814, 0.000607365, -0.0023087, 
133, 456997, -19.3303, 12.3537, -3.15383, 0.0027449, -0.000257308, 0.000653436, 
134, 2780.32, 5.70176, 15.5465, -1.5278, -7.70814e-05, -0.00376164, -0.000442468, 
135, 102119, 11.4711, -8.05634, -16.8369, 0.00280418, -0.00104999, 0.00134356, 
136, 164662, -21.4005, 4.2179, -14.6035, 0.00240142, 0.000235334, 0.0022094, 
137, 84084.3, 15.8133, 14.6678, -14.9365, -0.0020717, -0.00322894, 0.00309558, 
138, 245299, -28.3223, -11.1413, -8.31217, 0.00231877, 0.00134935, 0.000948104, 
139, 102038, -6.72749, -7.10671, 29.4408, -0.00053008, 0.00119667, -0.0030608, 
140, 146704, -25.5569, -20.026, 31.0511, 0.000135484, 0.00172759, -0.00204612, 
141, 170925, 39.0032, 34.8333, 32.4744, -0.00115882, -0.000715216, -0.00149552, 
142, 107951, 21.8838, -10.467, -17.7265, -0.00374568, 0.000771038, 0.000913167, 
143, 64717.1, -7.2938, -10.1037, 1.34099, -0.000690684, 0.00253322, 0.0012016, 
144, 28582.1, 17.7971, 21.7499, 4.40858, 0.00150494, -0.00328395, -0.00207965, 
145, 18763.1, -35.8626, -19.6643, -24.5974, 0.00202922, 0.00111321, 0.001314, 
146, 44368.5, 3.27208, 19.1786, -3.52299, -0.00152421, -0.00558026, 0.00409093, 
147, 247503, 3.6657, 2.12773, -20.8272, 0.000448781, 0.000453849, 0.000600485, 
148, 54470.7, -11.2183, -5.5177, 21.0262, 0.000112593, 0.00238282, -0.00148956, 
149, 158577, 18.9325, 16.9579, -10.5129, -0.000200174, -5.6763e-05, 0.00134796, 
150, 59031.2, 12.6805, -0.552823, 11.7781, -0.000463262, 0.00152179, -0.00107582, 
151, 120654, 10.3556, -14.1975, -24.7136, -0.00356584, 2.51212e-05, 0.0021937, 
152, 33810.4, 18.2333, 19.1926, -17.9924, -0.00157634, -0.00358442, 0.00544301, 
153, 52884.6, -14.2373, 13.4009, 13.5993, 9.99301e-05, 0.00208569, -0.000948753, 
154, 76725.2, 41.281, -30.4308, 38.8159, -0.00134851, 0.00148344, -0.00199889, 
155, 2384.17, -30.1714, -5.27721, -6.09409, 0.00195924, 0.00218073, 0.00118266, 
156, 54252.8, 7.73786, -14.4044, -20.8822, 0.00354403, -0.00259135, 0.00195691, 
157, 18995.8, 25.6928, 18.5123, -0.14207, -0.00550615, -0.00135495, 0.000303037, 
158, 133837, -18.18, 3.97682, -5.21245, 0.00119954, 0.00158104, 0.000610742, 
159, 166899, 10.5097, -10.2209, -22.1164, -0.00355637, 0.00257755, 0.00248301, 
160, 192252, 30.0201, 16.6399, -1.40397, -0.00266336, -0.000954784, 8.53178e-05, 
161, 17027.9, -23.9089, 10.6184, 28.8575, -0.00163938, 0.000357636, -0.00224417, 
162, 130287, -34.8438, -10.4377, 31.7268, 0.00206176, 0.000884711, -0.00148579, 
163, 72430.1, 11.4928, -5.90329, -23.5231, -0.000173743, 0.000554325, -0.000605726, 
164, 60583, -17.8142, 7.61501, -0.269715, 0.000674495, 0.00107977, -0.000883261, 
165, 38146.6, -27.2287, 28.414, 5.91264, 0.001248, -0.00277478, -0.000526495, 
166, 1307.56, -30.104, -11.9428, 32.386, 0.000807195, 0.000438164, -0.00258382, 
167, 124087, 2.8846, 19.0635, -3.27996, 0.00509503, -0.000301648, -0.00104413, 
168, 30066.1, 1.02819, 17.6317, -4.59201, -0.00212388, -0.000428302, -0.00142629, 
169, 177463, -15.113, 16.4551, -3.51394, 0.00304306, -0.00436667, -0.000646247, 
170, 1123.4, 20.6363, -24.8204, -12.1449, -0.000170727, 0.00352175, 9.99099e-05, 
171, 71647.5, 35.0299, 32.2718, -12.1205, -0.0021506, -0.00230211, 0.000683283, 
172, 73299.5, 12.3542, 5.1507, 16.5876, -0.000589077, 0.000476637, -0.00321269, 
173, 120519, 9.13734, -18.3946, -29.0988, -0.00029507, 0.000511649, 0.00303837, 
174, 243541, -13.3962, -19.2689, -27.5702, 0.00162212, 0.00171882, 0.00189686, 
175, 232847, 2.82217, 19.3603, -4.17182, 0.00126888, -0.00182173, 7.58728e-05, 
176, 50296.6, -24.8222, -0.286085, -1.91455, 0.00267245, 0.000814511, 2.7612e-05, 
177, 17627.5, 5.356, 1.94513, -6.9149, 0.00174913, -0.000234831, 0.0029293, 
178, 115556, 0.950337, 2.48209, -21.7733, -0.0033801, -0.000562468, 0.00173756, 
179, 21083.5, -17.6476, 22.3912, -17.196, 0.000351366, -0.00181299, 0.00207948, 
180, 120384, 10.9659, 12.9225, -28.2848, -0.00029666, -0.00171748, 0.00329012, 
181, 104093, -6.89743, -9.79121, 1.38724, 0.00120059, 0.00203763, -0.00162509, 
182, 90014.4, 13.0681, 4.61237, -16.9813, 0.000741188, -0.000966727, 0.00200815, 
183, 39510.6, -26.6704, -10.6096, -9.12508, 0.00078181, -0.000133617, 0.00297375, 
184, 37719.2, -27.8713, -14.0116, -10.1903, 0.000987652, 0.0036164, 0.00104061, 
185, 182373, 1.09758, 16.2043, -4.46067, -0.00171721, -0.00270031, -0.000572034, 
186, 153608, 10.0774, -16.3844, -23.3718, 0.000320295, 0.00229014, 0.00241963, 
187, 201002, 18.3507, -20.2475, 25.2312, -0.000335197, 0.00134725, -0.00162995, 
188, 658.569, 34.7466, -5.26751, 28.8005, 0.001272, 0.0016028, -0.00271404, 
189, 143642, -24.3277, -19.585, 33.9368, 0.00126744, 0.00148086, -0.000495204, 
190, 250454, -27.7177, 20.2089, -14.7137, 0.00241174, -0.00162708, 0.00145991, 
191, 55591.1, 23.132, 19.3869, 2.99148, 0.00254847, -0.00445121, -0.00107415, 
192, 141084, 24.151, -16.7484, -12.4853, -0.000713871, 0.00224244, 0.000697551, 
193, 52387.2, 16.7763, -10.1774, -20.0407, -0.00356845, 0.000785178, 0.00255342, 
194, 39745, 38.1843, -29.008, 31.0437, -0.000943341, 0.000637458, -0.000842037, 
195, 89443.4, 23.4646, 13.7099, 0.0191509, -0.00128474, 0.00222818, -0.000289374, 
196, 196180, 17.9597, 17.5077, -9.29573, -0.00128778, -0.00379231, 0.00264054, 
197, 56906.6, -14.4217, 17.3732, -2.75805, -0.00176264, -0.000814204, 0.00319018, 
198, 249087, 31.1858, -22.9887, -3.28653, -0.00296679, 0.00212146, -0.00187174, 
199, 137680, -29.6767, 18.7789, 26.1235, 0.00125713, -0.00144458, 0.000514225, 
