ID, Mass [kg], pos_0 [m], pos_1 [m], pos_2 [m], vel_0 [m/s], vel_1 [m/s], vel_2 [m/s], 
0, 5682.38, -25.3262, -4.25777, -3.1265, -0.00363948, -0.00357831, -0.00185008, 
1, 51291.5, -22.3796, -13.8757, 19.556, -0.00476676, -0.00416743, 0.00559167, 
2, 73779.3, 3.28871, 2.80583, 0.49747, -0.00283227, -0.006451, -0.000976742, 
3, 9731.99, -4.36507, 17.3416, 20.2233, -0.000948547, 0.00436494, 0.00167972, 
4, 104587, -0.699136, -3.97164, 5.65719, 0.001197, -0.000687725, -0.00127287, 
5, 42215, 0.254743, -0.530009, 0.239545, -0.0055773, 0.00125423, -0.00365165, 
6, 57220.4, 18.7381, 9.06459, -21.3323, 0.00368302, 0.00459378, -0.00366984, 
7, 44855.5, -1.4627, 1.31358, 5.83476, -0.0044712, 0.00315156, 0.00127968, 
8, 276797, -1.08624, -0.731598, 3.10458, -0.00271718, 0.00932776, -0.00294144, 
9, 2643.18, 1.47078, 0.189872, 4.62319, 0.00691991, -0.00212937, -0.00253548, 
10, 33961.7, 9.24337, -14.1505, -8.43985, 0.000231086, -0.00173963, 0.00015411, 
11, 8691.35, -7.88471, 35.8883, -27.6446, -0.000461523, 0.00642378, -0.00622909, 
12, 141682, 5.59907, -3.61219, 5.08006, 0.00170819, 0.000679042, -0.00210761, 
13, 288611, -15.9421, -8.92803, -2.24509, -0.000475234, -0.00239646, 0.000353692, 
14, 512847, -1.35223, 4.15644, 3.28588, -0.000580826, 0.000153177, 0.00391406, 
15, 15651.7, -1.72993, -3.67451, 3.42978, -0.00137955, 0.00390895, -0.00462228, 
16, 182451, 11.7034, -12.2675, 31.821, 0.00383439, -0.00195795, 0.00509602, 
17, 62197.8, -13.2012, -11.9158, 4.28611, -0.00189217, 0.000169376, -1.96469e-05, 
18, 185440, -17.0987, -10.6759, 3.44448, -0.000797453, -0.00341011, 0.000809841, 
19, 36701.4, 17.8743, 28.1974, -26.1185, 0.00417831, 0.00585571, -0.00567022, 
20, 106936, -37.9695, -21.8737, 11.0889, -0.00804695, -0.00479008, 0.00229747, 
21, 161838, -4.6627, -2.53311, 7.39146, -0.000120941, -0.00134766, -0.000189733, 
22, 144875, -3.43372, -6.77823, 2.98975, -0.000524055, 0.000730564, -0.00286705, 
23, 100936, 4.69875, 18.9716, 12.2879, -0.00019138, 0.00237683, -0.000361283, 
24, 95186.1, 24.5853, 24.3271, 22.7576, 0.00547791, 0.00393523, 0.00390113, 
25, 151808, 16.6985, -16.334, 30.722, 0.00473069, -0.00280566, 0.00634011, 
26, 118354, -2.21623, 2.73487, -1.44205, 2.5829e-05, -0.00501537, -0.00955677, 
27, 149234, 1.28551, 1.02904, 1.35275, 0.00492984, -0.00991931, -0.00361861, 
28, 9985.68, -1.55135, -0.273643, 1.72327, 0.0121743, -0.00115488, 0.000288978, 
29, 180895, 4.73674, 8.33333, 3.95838, 0.000694449, -0.0059601, 0.00307574, 
30, 486.041, 8.33379, 12.05, -6.8248, 0.00180133, -0.00141996, 0.00187711, 
31, 70262.9, -2.39832, -3.33503, 3.02521, 0.00259761, 0.0041672, 0.000345807, 
32, 45902.1, 2.60452, -2.92171, 3.23746, -0.000872963, 0.00200084, -0.0024325, 
33, 24444.7, 5.81127, -2.77195, 0.0216602, -0.00292595, -0.000546871, 0.00411706, 
34, 65679.9, -2.60755, 6.40021, 2.20443, 0.00407761, -0.00358974, -0.00392609, 
35, 3309.29, -16.3208, -13.883, -5.41383, 7.59763e-05, -0.00561494, -0.00121839, 
36, 8280.38, -27.8161, 26.7695, -8.95956, -0.00493277, 0.00540187, -0.00325884, 
37, 94538.9, -1.19345, 3.34264, 1.92511, 0.00324627, 0.00116118, -0.00944977, 
38, 30213.7, 33.508, -11.4114, -11.2386, 0.00880482, -0.00112738, -0.000208754, 
39, 53471.9, -9.3849, -1.07562, -12.2637, 0.000413785, 0.00299278, -0.000259745, 
40, 43100.3, -14.5826, 17.8919, -16.2824, -0.00167333, 0.00263129, -0.00320754, 
41, 44746.6, 10.108, 24.1199, 9.94805, 0.00185982, 0.00430064, -0.000806082, 
42, 34053.9, 2.07104, 12.9239, 26.0213, -0.000349711, 0.00337805, 0.0050272, 
43, 54380.2, -1.60229, 1.67995, 4.70482, -0.00627355, 0.00217617, 0.00394973, 
44, 38723.2, 16.6076, -5.08834, -19.5679, 0.00225348, -0.000324343, -0.00414941, 
45, 2321.23, -16.8837, -6.80558, -1.27545, -0.000488917, -0.001526, 0.00151537, 
46, 241169, 11.5091, 5.20571, -1.21534, 0.00240347, -0.00196406, 0.000638141, 
47, 344827, -1.89911, 2.3122, 5.4311, -0.0052303, 0.0033679, 0.00287896, 
48, 39271.1, 8.32116, 0.0513882, 5.25895, -0.000145572, -0.00365737, -0.000954182, 
49, 19687.8, -30.3034, 26.2558, -9.51847, -0.00677661, 0.00633946, -0.00359509, 
50, 61216.8, 9.58547, -9.85847, 0.400957, 0.000972244, -0.00058416, 0.00274529, 
51, 19182.2, -23.6744, 31.3609, -18.3873, -0.00465739, 0.00715618, -0.00500608, 
52, 12420.5, 1.6138, 1.2973, -2.731, -0.00192508, -0.00309344, -0.00646806, 
53, 85447.4, -39.0404, -3.62137, -17.7548, -0.007981, -0.00081645, -0.00329863, 
54, 361436, -2.66475, 5.03041, 5.00336, -0.000997726, 0.000421766, 0.0055871, 
55, 158926, 12.0089, 6.54461, -21.6743, 0.00281062, 0.00119018, -0.00287414, 
56, 49282.6, -17.9699, 26.0595, -24.8937, -0.00206593, 0.00530742, -0.00643999, 
57, 218355, -1.78992, 2.30401, -0.397858, -0.00218304, 0.00400927, 4.16639e-05, 
58, 22371.5, 33.5294, -11.6571, -8.81632, 0.00909949, -0.00189948, -0.00104526, 
59, 55919.9, -14.1849, 21.9751, -26.0755, -0.000651616, 0.0026229, -0.00446584, 
60, 21598.8, 1.40837, 0.585495, 0.653398, 0.0073341, -0.00714902, -0.00707867, 
61, 398.952, 1.04341, -3.82107, 2.27906, -0.000310495, 0.00360673, -0.00130981, 
62, 1108.92, 1.60551, -5.00614, 30.4269, 0.000867833, -0.000598495, 0.00482266, 
63, 108555, -8.75614, 2.66875, -1.70847, 0.000124774, -0.00601416, 0.000592832, 
64, 244863, 10.068, -4.25579, 20.9967, 0.00118502, -0.000515223, 0.00202759, 
65, 220694, -17.2116, 25.2491, -21.2169, -0.00199135, 0.00508878, -0.00459904, 
66, 61700, -5.1185, 35.3134, 17.1212, -2.06795e-05, 0.00680391, 0.00294331, 
67, 55388.9, -20.3335, 6.53418, 15.6856, -0.00522804, 0.00140513, 0.00403834, 
68, 211156, 0.395996, 1.35925, -0.421922, -8.35965e-05, -0.00794777, -0.000860819, 
69, 12720.6, -2.15864, -13.9749, 5.03293, 0.000220556, -0.000185003, -0.00123993, 
70, 25096, -5.2383, -2.61714, -1.04631, 0.00726027, -0.000733317, -0.000870778, 
71, 179870, 5.93682, 12.2953, -5.31352, 0.00115513, -0.00109373, 0.00190174, 
72, 79123.8, -36.6696, -10.2022, -1.48477, -0.00535986, -0.0015402, -0.000590276, 
73, 110870, -0.755058, -0.00419644, 2.04177, 0.00859119, -0.00127774, -0.00567198, 
74, 43359.1, 16.3404, 17.3565, 17.5419, 0.00194888, 0.00529986, 0.00130523, 
75, 140124, 0.654148, 2.18218, 3.83477, 0.00375885, 0.00826881, 0.0015131, 
76, 229268, -12.4242, 18.8842, -21.4018, -0.00122934, 0.00234388, -0.0028879, 
77, 302149, -2.47969, 4.24898, 3.56777, -0.0014835, -0.00205821, -0.00548234, 
78, 100708, -16.6911, -8.41987, -4.6422, -0.00167672, -0.0025402, 0.0010905, 
79, 46633.4, 2.06775, 3.6997, 0.651814, -0.000462776, -0.0032687, -0.00523065, 
80, 143926, -5.30793, -5.01655, 4.08096, 0.00674848, -0.00168375, -0.00183113, 
81, 270.261, -31.9383, 5.97903, 14.5367, -0.00475473, 0.000690836, 0.00183859, 
82, 159650, 1.37162, 0.280116, 0.306126, -0.00454569, -0.000408467, -0.0065661, 
83, 24756, 8.03744, -2.03789, 0.628759, -0.000140013, -0.00464637, -0.00059008, 
84, 18375.3, 8.8131, -4.45798, 3.48647, -0.00312457, -0.00202569, 0.000522389, 
85, 491877, 29.7998, -11.3835, -12.5145, 0.00651774, -0.00161383, -0.00196878, 
86, 194807, -0.885502, 2.09227, 2.42481, 0.00129806, 0.00306959, -0.000680953, 
87, 8649.23, 14.86, 5.6267, 6.37282, 0.00100706, 0.00175168, 0.00015539, 
88, 138901, 0.409304, -7.29192, 12.5243, -0.0026744, -0.00172123, 0.000695062, 
89, 50202.9, 8.51044, -4.04796, 5.92642, 0.00140415, -0.00273902, -0.0017191, 
90, 98321.9, -1.74987, -1.31572, 4.05772, 0.00555281, 0.00498654, -0.00519245, 
91, 384069, -0.99505, 0.35486, -0.517612, -0.00288655, -7.43301e-05, -0.00513832, 
92, 81279.9, -8.55328, -13.0926, 1.185, -0.00160014, -0.000850207, -0.00178849, 
93, 91375.2, 0.364011, 1.16363, 2.35683, -0.00145692, -0.0026811, 0.00834544, 
94, 5476.7, -11.0822, -14.3188, 6.12865, -0.000922951, -0.00349672, 0.00158893, 
95, 33452.5, 2.51958, 8.58786, 4.82506, 0.00223518, -0.00517419, -0.0011642, 
96, 25752.1, -23.4384, -6.35016, -6.10248, -0.00733368, -0.00270526, -0.00253132, 
97, 200797, -0.906013, 1.38181, 1.33997, 0.000846847, 0.00402503, 0.0054122, 
98, 298981, -0.485688, 3.30636, 0.645227, 0.00687869, 0.00572374, -0.00561982, 
99, 93146, 2.67471, -0.493504, 1.82869, -0.00744424, -0.00158076, 0.000124549, 
100, 8612.85, -15.7632, 10.4557, -15.2783, -0.000932195, 0.00107943, -0.00169925, 
101, 24343.5, -3.24702, 14.2666, 5.75513, -0.000140029, -0.00116537, -0.00177698, 
102, 10296.7, -6.9794, 17.3273, -11.1725, -0.000116436, 0.000129649, 0.000902948, 
103, 15719.8, -9.00251, -4.86751, 19.3033, -0.000679452, 0.00135066, 0.00131068, 
104, 230040, -2.16464, 3.96386, -2.02904, 6.53392e-05, -0.00887029, -0.000538457, 
105, 17846.1, -2.98288, -5.29408, 3.9915, 0.00795536, -0.000856179, -0.00221153, 
106, 22216.6, 3.53484, 4.34241, 1.00816, -0.00104789, -0.00639627, -0.00144111, 
107, 98486.7, -0.290948, 12.5984, 17.7541, 0.000648479, 0.00253984, -0.000237802, 
108, 214214, -30.7842, -0.188473, -24.2668, -0.00696994, 7.42667e-05, -0.00575457, 
109, 131614, -0.186147, 1.23899, -1.25096, -0.00479471, 0.000668829, 0.00326663, 
110, 160023, 1.13586, 1.72842, -0.472421, 0.000624857, -0.00543273, -0.00256308, 
111, 115735, -0.30528, 1.45546, 0.101524, -0.00300935, 0.00956801, -0.00650283, 
112, 378585, 18.4059, 3.89408, -25.8691, 0.00336182, 0.00202973, -0.00487872, 
113, 83295.8, -23.9629, 4.53255, -3.99075, -0.0023407, 0.00165773, 0.000319937, 
114, 148827, -2.59961, 2.29939, -0.0614987, 0.0112426, 0.00411071, 0.00194875, 
115, 285284, -2.71193, -18.6353, 30.9201, -8.43084e-05, -0.00452063, 0.00629213, 
116, 515864, -1.4316, 0.764863, 0.543717, -0.00419966, -0.00187683, 0.00574923, 
117, 88363.5, 6.8154, -7.16804, 17.8603, -0.000280321, -0.00264976, 0.00174921, 
118, 155064, 14.2086, 6.22404, 6.88002, 0.00397658, 0.003737, -0.00203371, 
119, 18098.3, 3.02008, -1.36295, 1.22856, -0.003009, -0.00250381, -0.000610868, 
120, 34391.6, 31.5072, -16.2923, -9.44829, 0.00693895, -0.00229556, -0.000266304, 
121, 78154, -0.896159, -1.60326, 2.37375, 0.00895817, 0.00613763, 0.00122088, 
122, 10497, 0.902249, 2.26832, 2.75859, -0.000665858, 0.00289656, 0.00566972, 
123, 59058.1, -4.87369, 18.8646, 3.61042, 0.00033694, 0.00149636, 0.00153661, 
124, 5646.35, -0.713, -5.23359, 1.95972, -0.00553879, -0.00212909, -0.00417322, 
125, 103346, 0.757003, 2.14569, 2.50829, 0.00220658, -0.00194273, -0.00171405, 
126, 64702.5, -37.768, 0.216653, 11.0539, -0.00782248, 7.48958e-05, 0.00328989, 
127, 199056, 0.96862, 3.85538, -0.890117, -0.00316165, 0.00238145, 0.00295987, 
128, 192649, -0.389519, -0.176257, 3.82104, -0.00377409, -0.00190879, -0.00324164, 
129, 1707.71, -0.965756, 0.453427, -2.99444, -0.000556076, 0.0066976, 0.000589406, 
130, 19869.9, 1.43446, -0.406117, 0.564044, -0.000167889, -0.000173635, 0.00741191, 
131, 143979, 2.47651, 3.49737, -2.03147, 0.00278057, -0.000950317, -0.0037636, 
132, 37850.6, -41.6692, 21.4975, -11.9764, -0.00999616, 0.00452555, -0.00238713, 
133, 50031.5, -1.76163, 2.61766, 3.47322, -0.00309, -0.000780398, 0.00540892, 
134, 369068, -21.2498, 1.38191, -8.34228, -0.000530019, 0.000472551, -0.000710387, 
135, 3806.98, 0.261975, -16.0696, 1.31988, -0.000792688, -0.00187468, -0.000894153, 
136, 64591.7, 8.80455, -7.21996, -7.57862, 0.00044009, -0.00236951, 0.00233736, 
137, 1688.15, -9.00178, -11.7927, 5.04921, 0.00147785, -0.00474728, 0.00222971, 
138, 439943, -0.675231, -3.29827, 2.86199, 0.00547184, 0.00297836, 0.00343466, 
139, 72054.1, 2.7509, 5.72584, -1.40186, -0.00273479, 0.00507544, 0.00339355, 
140, 10511.3, -3.30292, -13.0634, 21.4156, -0.000453776, -0.00293691, 0.00258048, 
141, 28560.6, 0.0663991, 8.01775, 1.6762, 0.00650896, -0.00267084, -0.000684552, 
142, 92270.6, -5.26393, 6.10487, 1.17129, 0.00491915, 0.00134449, 0.000917192, 
143, 57507.6, -30.8762, 9.64193, 18.9046, -0.00608626, 0.00204061, 0.00375356, 
144, 106955, -8.42127, -3.89863, 17.6331, 0.00107733, -0.000143653, 0.000565612, 
145, 53021.1, -0.134976, 3.7016, 2.73819, -0.00507776, -0.00379415, -0.00473056, 
146, 127593, 4.91037, 3.43078, 0.244118, -0.00234086, 0.00470575, -0.00160792, 
147, 31386.3, -0.397547, 1.53441, -0.161131, -0.00548079, 0.00705505, 0.00217704, 
148, 89613.6, -7.51448, 15.0583, -13.0006, 0.00162671, -0.000824387, -0.0031472, 
149, 251415, 11.9667, -2.14885, 20.4762, 0.00128207, -0.000276278, 0.000374498, 
150, 55890.6, -7.45227, -7.41276, 0.446372, 0.00379769, -0.00516481, -0.000123031, 
151, 174949, -1.31629, -1.04741, 0.0720321, 0.00662142, -0.002521, -0.000315857, 
152, 66072.8, 10.8941, -9.92272, 10.087, 0.000112815, 0.000285394, 0.00176429, 
153, 19075.8, 0.299402, 2.56012, -2.02066, 0.000679123, -0.00747045, 0.00834496, 
154, 47261.5, -6.17707, -0.262108, 2.23807, 0.00602085, -0.00195902, 0.0046581, 
155, 102102, 2.65725, 2.23052, 0.722719, -0.000528075, -0.000126892, 0.000663906, 
156, 5375.03, 5.58378, 4.29677, 0.224778, -0.000658325, -6.72038e-05, -0.00204785, 
157, 3761.7, 8.19159, -0.897144, -7.1793, -0.000517376, -0.00245144, 0.00248246, 
158, 7652.65, 1.5035, 7.57168, 11.2401, 0.00138984, -0.00097913, 0.00143176, 
159, 47070.1, 1.6401, 2.97738, -0.277993, 0.00298644, 0.0025407, 0.00646448, 
160, 17972.9, -1.80909, 2.15681, 2.16432, 0.00778275, -0.000605247, 0.00778409, 
161, 218629, -1.20114, -11.3524, 7.7084, -0.00054596, 0.00153975, -0.000770974, 
162, 138887, -2.47367, 3.59417, -0.725388, 0.00167973, -0.00162362, -0.00298925, 
163, 33277.3, 10.9739, -7.36551, -4.41101, 0.00177945, -0.00354936, 0.00281915, 
164, 167891, -2.8041, 1.01795, -1.22792, 0.00157359, 0.00359137, -0.00345427, 
165, 62570.5, -3.45286, -35.7333, -8.42585, 0.000196318, -0.00748626, -0.00191167, 
166, 38130.4, 6.02619, 32.943, 18.4517, 0.00221271, 0.00587774, 0.00299377, 
167, 22403.8, 4.49297, -13.2259, 29.4494, 0.001541, -0.00315654, 0.00443172, 
168, 1479.59, 16.8484, 9.41426, -26.8973, 0.00411802, 0.00274857, -0.00537805, 
169, 20399.9, 1.28343, -20.1711, 29.8702, 0.000160887, -0.00558739, 0.00521507, 
170, 115854, 1.36629, 3.6296, 1.41875, -0.00503456, -0.000755026, 0.00621289, 
171, 27762.9, 0.44612, -3.37736, 3.35873, -0.00326933, -0.00233564, 0.000700104, 
172, 250928, 2.67298, 3.33404, -0.928616, 0.00698468, 0.00141308, -0.00756791, 
173, 74469.2, -28.2503, 14.3207, -7.68887, -0.00557429, 0.00512639, -0.00187111, 
174, 143481, -34.4603, 23.4513, -14.9324, -0.00735742, 0.00531805, -0.00386415, 
175, 27145.1, 1.71587, 2.56717, 0.379355, -0.000690605, -0.00203463, -0.00319061, 
176, 32620.6, 8.49497, 6.55042, 9.45336, 0.00213689, -0.00151888, 5.06734e-05, 
177, 52575.7, 0.26057, -20.5203, 35.7554, -3.70399e-05, -0.00501496, 0.00873114, 
178, 19746.4, -4.41255, -2.04453, 7.90496, -0.00136938, -0.00207373, -0.000399687, 
179, 33623.1, -19.5736, 2.75286, -6.37203, -0.00155608, 0.00136427, 0.00126996, 
180, 50349.8, -31.3473, -20.5052, -16.5475, -0.00617063, -0.00413085, -0.00317042, 
181, 89376.8, -13.8306, 1.95447, -4.81553, 0.00159028, 0.00189397, 0.00192665, 
182, 42160.2, 1.59895, -0.54534, 34.537, 4.04571e-05, -8.73122e-05, 0.00771278, 
183, 100544, -20.2322, -10.8656, -2.31282, -0.00296843, -0.00261457, 0.000973598, 
184, 1446.88, 1.72932, 2.39046, 3.33796, 0.00806008, 0.00154737, -0.00286467, 
185, 119694, -0.597033, 7.1768, -1.52466, 0.00461131, -0.00292836, 0.00188284, 
186, 120999, -5.0005, 2.50251, -0.424685, 0.000847373, -0.00753651, 0.00462056, 
187, 52698.3, 2.98502, 2.71437, 1.50028, 0.0005312, -0.00609313, -0.000331499, 
188, 105467, 9.58491, -5.3994, -3.68614, 0.000958907, -0.00044381, 0.00268338, 
189, 99748.4, -3.74869, -24.4872, 13.9187, -0.00108051, -0.00446071, 0.00217206, 
190, 77133, 0.12771, 2.4275, -1.42022, 0.000765936, -0.0014401, -0.00507268, 
191, 178804, -1.8797, 3.45705, -0.714152, -0.00341509, -0.011312, -0.00373924, 
192, 8685.6, -1.9564, 1.64395, 8.20495, 0.00370846, 0.000820161, -0.000961815, 
193, 256954, 6.91384, 10.2001, 17.056, 0.00378412, -0.000574357, 0.00414081, 
194, 53540.6, 9.84661, -4.97346, 4.79825, 0.00118545, 0.00108336, 0.00178903, 
195, 220652, -0.236179, 0.347848, -1.42574, 0.00320325, 0.00207718, 0.00757558, 
196, 10258.1, 6.16022, -2.51407, 5.69802, 0.000682814, 0.00461867, -0.00258622, 
197, 6083.3, -13.9379, -10.5779, 17.4189, -0.00286021, -0.000509522, 0.00163406, 
198, 127562, 8.8739, 15.0809, -4.94641, 0.000945328, 0.000317614, 0.000126523, 
199, 34766.2, -13.4536, -0.676806, -6.34161, 0.00212037, 7.99379e-05, -0.00104079, 
