ID, Mass [kg], pos_0 [m], pos_1 [m], pos_2 [m], vel_0 [m/s], vel_1 [m/s], vel_2 [m/s], 
0, 97975.8, 24.627, -34.3517, -19.9834, -0.000775014, 0.000897353, 6.48227e-05, 
1, 77894.7, -9.15297, -23.714, -31.2009, 0.00121479, 0.000949809, 0.000524796, 
2, 11402, -36.8441, -27.9209, 42.2905, -0.000682761, 0.000550757, -0.000785774, 
3, 66098.7, 24.14, 18.3092, 12.8998, -0.000838128, -0.000410571, -0.00027369, 
4, 44838.5, 42.9678, 37.1628, 19.2154, -0.00119308, -0.00125288, 0.000256896, 
5, 294431, -25.4388, 17.2604, 8.3046, 0.000845008, 0.000616113, -0.000600862, 
6, 45520.7, -16.7819, 26.7554, -43.0658, -0.000109511, -0.000194632, 0.00106137, 
7, 104607, -32.2024, -27.7531, 37.8243, 0.000759537, 0.000715256, -0.000805741, 
8, 18630.4, 29.6741, 29.9548, 19.8129, -0.000662222, -0.000869754, -0.00031852, 
9, 6880.78, 11.0068, -36.9953, 29.1279, -0.000319926, 0.000947923, -0.000783991, 
10, 62559.5, 32.9708, 12.5435, 37.4687, -0.000508069, -0.000308881, -0.000883673, 
11, 25475.3, -21.9646, -14.6463, -39.7866, 0.000182205, 0.000124746, 0.00152018, 
12, 71640.3, 24.5862, -1.98154, 12.7943, -0.00277461, 0.000427361, 0.00113048, 
13, 19375.1, 27.8095, -2.07415, -34.6316, -0.000890626, -0.000173665, 0.000250604, 
14, 192659, -36.6371, -28.2053, 40.9729, -0.000225793, 0.00081815, -0.000171024, 
15, 90493.3, 11.1597, 10.5412, 33.1384, -0.00134952, -7.87503e-05, -0.00138443, 
16, 55088.9, -13.8251, -10.9491, -22.0829, 0.000319587, 0.000255983, 0.000870082, 
17, 128599, -16.4656, -3.86301, 23.0689, -1.00152e-05, 0.000265352, -0.0011417, 
18, 2686.61, -18.1874, -5.63883, 24.5832, -0.000741913, -0.000613337, -0.00026946, 
19, 57797.8, -41.1001, 24.6877, 23.5713, 0.00201821, -0.000350852, -0.000533663, 
20, 50565.7, 34.5647, 24.5513, -15.4322, -0.00115243, -0.00031066, 0.000220557, 
21, 170562, -6.90758, -23.1237, -32.5002, -0.000596616, 0.000208635, 0.00148135, 
22, 46366.2, 25.414, 16.2178, -21.7994, -0.000421341, -0.00049536, 0.000199619, 
23, 48064, 41.722, 35.5098, 20.3283, -0.00053948, -0.000305698, -0.000349127, 
24, 10737.9, 21.2935, 20.9295, 29.2162, -0.000492715, -0.000665544, -0.000675545, 
25, 6821.61, -32.3649, -11.7676, 2.96308, 0.00104101, 0.00114341, 0.000807516, 
26, 85103.7, -18.558, -18.4787, 21.9456, 0.000107513, 0.000413573, -0.000278927, 
27, 20373.4, 4.74012, -33.8861, -23.7702, -0.000544883, 0.00143063, -0.000179466, 
28, 40858.5, -27.0605, -12.8824, 28.6178, 0.000635217, 0.000769284, 2.33735e-05, 
29, 20052.6, 21.9873, 1.15496, -27.2549, -0.000489676, -0.000537741, 0.000304432, 
30, 30553.1, 41.7168, -18.2251, -9.0384, -0.00134525, 0.000534454, 0.00038101, 
31, 162518, -28.2911, -44.439, 7.38661, 0.000484996, 0.0012054, -0.000100733, 
32, 65626.2, 11.9176, -11.9158, -0.495017, -0.000580502, 0.000538358, -4.13814e-05, 
33, 187658, -39.6366, -29.4131, 43.8122, 0.00174606, 0.000969804, -0.00159497, 
34, 143234, 11.5646, 43.1238, -46.5396, -0.000152515, -0.000628044, 0.000828902, 
35, 251764, -35.9914, 33.7826, -37.6082, 0.00212927, -0.00124792, 5.67775e-06, 
36, 188234, 3.73173, -45.0713, 11.1717, -0.000356437, 0.00124846, -0.000247019, 
37, 145115, -16.9432, -27.0172, 18.7832, 4.41764e-05, 0.00105181, -0.000275976, 
38, 97491.5, 38.4822, -5.81891, 2.03534, -0.000426278, 0.000960562, 5.70251e-05, 
39, 31783.6, -30.9944, 35.279, -27.9857, -8.9071e-05, -0.000551173, -0.000251933, 
40, 3660.49, -14.486, -26.1874, -0.315956, 0.000751073, 0.00130471, -0.000269846, 
41, 6882.93, 19.3363, 27.7136, 13.4037, -0.000228757, -0.00174201, -0.000321982, 
42, 15820.5, 25.6274, 7.15288, -32.4899, -0.000682086, -0.000659454, 0.000821896, 
43, 12851.8, 10.2506, 10.4579, 35.2375, -0.000161783, -0.000567204, -0.00114036, 
44, 207554, -43.4592, -39.1943, -27.2591, 0.000940771, 0.00133847, 0.000477678, 
45, 14218.7, 17.9003, 16.3368, -13.675, -0.000604079, -0.000439012, 0.000436566, 
46, 94578.2, 38.0382, 29.1608, 38.2211, -0.00146873, -0.000933348, -0.0014357, 
47, 139467, 46.3852, 31.4842, 45.9545, -0.00088893, -0.000486712, -0.000888048, 
48, 34799.6, 28.2906, 25.0503, 8.10583, -0.00112034, -0.000846607, -6.02555e-05, 
49, 52524.3, -11.5114, 14.8206, -13.1286, 0.000162137, -8.80672e-05, 0.00113369, 
50, 168682, -41.7734, -26.6086, -28.0048, 0.00202856, -6.50281e-05, 0.000697894, 
51, 4879.07, -32.9929, -9.01496, -32.555, 0.000796975, -0.000785726, 0.00136656, 
52, 127413, -27.417, -41.8362, 43.3642, 8.47568e-05, 0.0011602, -0.00115122, 
53, 2820, -17.4403, 39.5356, 4.08165, 9.75644e-05, -0.00154685, 0.000605262, 
54, 67623.2, 13.2923, 10.154, 36.6582, -0.000570425, -0.000130037, -0.000784221, 
55, 124781, -12.3098, 39.7022, -23.1147, -0.00020385, -0.00039243, 0.000125242, 
56, 44370.6, 0.57197, -1.12979, -5.33479, -0.000281828, -0.00064466, 0.00169136, 
57, 51907.6, -7.74078, -29.1688, 2.05722, -2.04354e-05, 0.00149012, -0.00032043, 
58, 101111, -44.611, 41.5604, 7.899, 0.00124071, -0.000948651, 0.000102668, 
59, 12663.5, 36.0371, -4.55732, 19.9377, -0.000699861, 0.000645397, -0.000497087, 
60, 211734, -9.44272, 39.4466, 18.6159, -8.96025e-05, -0.00109831, -0.000697921, 
61, 14072.5, 32.9268, -23.4568, -14.838, -0.00072899, 0.000310345, 0.000386561, 
62, 39936.1, 38.569, -43.3465, -13.8239, -0.000666401, 0.00110046, 0.000171364, 
63, 94816.2, -25.8588, 13.8645, 3.34676, 0.0030972, -0.000226978, 0.00285633, 
64, 294722, 22.9105, -1.66454, 13.5226, -0.000131542, -0.000148727, -0.000874318, 
65, 115209, -35.7822, -39.1798, -7.09091, 0.000857588, 0.000955885, 4.91724e-05, 
66, 297505, -5.85944, 43.173, 14.0675, -0.000769418, -0.00168695, 0.000393219, 
67, 109371, 36.6505, -12.5648, 27.0279, -0.000779262, 0.000636556, -0.000521596, 
68, 50319.5, 11.3658, -21.8017, 12.1674, -0.00101292, 0.00077085, -0.000767041, 
69, 94497.4, -14.7904, 3.2476, -37.0644, 0.000251997, -0.000208096, 0.00118338, 
70, 28507.8, 17.7522, -2.78441, 36.951, -0.00033609, 0.000323106, -0.00115807, 
71, 20301.8, -3.14946, -29.7292, -10.591, -0.000495866, 0.00142284, 0.000269002, 
72, 5514.46, -23.5186, -12.0844, -39.8974, 0.000505292, -0.000412287, 0.00147978, 
73, 51713.3, 8.55123, -24.0724, 14.3309, -0.0001998, 0.00114406, -0.000997681, 
74, 54078.6, -24.9969, -11.7224, 26.8995, 0.000937075, 0.000981746, 2.91331e-06, 
75, 100331, -19.7785, -43.3641, -23.0142, 0.000341297, 0.00138586, 0.000627269, 
76, 16592, -18.2114, 2.45074, 42.2813, -0.000246144, -1.99184e-05, -0.00142067, 
77, 214624, 1.86074, -3.08303, 1.8331, 0.000102877, 0.00159653, -0.00259035, 
78, 77042.2, -2.53266, -14.4073, -1.6505, -0.000801357, 0.000912178, -0.000425955, 
79, 131835, -37.6216, 36.9145, -44.5953, 0.00146184, -0.000723022, -0.000532436, 
80, 36841.1, 26.7187, 15.0146, -23.511, -0.0011858, -3.25668e-05, 0.0010163, 
81, 30218.7, -36.8476, -42.7149, 22.3828, 0.000957249, 0.00105179, -0.000183547, 
82, 5693.83, -24.3897, -17.3323, -20.3907, 7.53156e-05, 0.000304536, 0.000193596, 
83, 46120.3, 44.1582, 14.8798, -35.5423, -0.000948627, -0.000239667, 0.000591977, 
84, 20479.4, -23.3712, -41.9135, -7.54326, 0.000387991, 0.00135288, 3.37796e-05, 
85, 115679, -12.6087, -42.2004, 22.4107, -0.000221656, 0.00128156, -0.000449346, 
86, 124413, -37.3749, -23.5295, 41.0056, 0.00123054, -0.000881896, -0.000931636, 
87, 14754.9, 31.242, 3.47138, 23.731, -0.000536621, -0.000419473, -0.00090624, 
88, 1562.9, 1.61851, 23.4357, -27.7656, -0.000289655, -0.000479053, 0.000879516, 
89, 213089, 41.7909, 1.27167, 20.4963, -0.00146851, -0.000266071, -0.000914489, 
90, 131961, 41.7002, -0.566163, 9.65692, -0.00157169, -0.000325678, 4.05101e-05, 
91, 25620.6, -42.6249, 2.72279, -11.3732, 0.0018072, -4.06403e-05, 0.000438931, 
92, 36643.2, -29.4523, 27.7194, 20.7069, -0.000542043, 0.00120247, 0.000612937, 
93, 10124.3, -16.1214, -3.58535, 22.7752, -0.00116795, -0.000356218, 0.00181545, 
94, 134912, 16.9292, -13.1408, -0.10142, -0.00138739, 0.000547609, 5.1878e-05, 
95, 352934, 1.49542, -4.06262, 3.02468, -0.000774957, -0.00128068, 0.00103413, 
96, 53519.9, -34.1391, -6.87479, 39.9412, 0.000737187, 0.000731509, -0.0008941, 
97, 179640, -23.2525, 10.8296, 8.44924, 0.00167678, -0.00254156, 0.000396925, 
98, 92275.8, 33.764, -19.3764, -28.2093, -0.00117392, 0.000487843, 0.000474813, 
99, 37250.3, -9.01807, -39.3722, -37.6925, 0.000330333, 0.000871854, 0.000950573, 
100, 237086, -25.1652, -38.7378, 31.3236, 0.000197235, 0.00118715, -0.000430542, 
101, 89616.5, -36.5972, 3.33721, -10.4122, 0.00117821, -6.87591e-05, 0.000588205, 
102, 131392, -34.412, -10.669, 23.5756, 0.00141918, 0.000237553, -0.00017627, 
103, 134711, 37.6652, 29.3869, 36.9037, 0.000181818, -0.000506499, 0.00064195, 
104, 108522, 20.1053, -15.8469, -33.6156, -0.000144666, 0.00069316, 0.000866241, 
105, 228291, 42.3029, -5.13463, 39.6216, -0.0009827, -0.000593441, -0.00134442, 
106, 233820, 26.1091, 42.5125, -15.6078, -0.000980371, -0.00169476, 0.00073111, 
107, 93778.3, -30.538, -12.3241, -19.311, 0.000784994, -0.00039357, 4.41303e-06, 
108, 109531, -5.3526, -6.30298, -2.53579, 0.000789218, -8.50309e-05, 0.00068454, 
109, 162559, -31.8605, -14.2074, 0.266492, 0.00114671, 0.000427411, -4.13982e-05, 
110, 104548, -19.8374, 43.764, -42.3625, -0.000229188, -0.000902829, 0.000885676, 
111, 390486, -34.2398, 1.29943, 42.1431, 0.000696762, -0.000212702, -0.0012138, 
112, 17258.3, 2.69094, -24.9784, 21.9697, -0.000281624, 0.000780264, -0.00105322, 
113, 11495, 38.3532, 14.2328, -2.77144, -0.00113282, -0.000496619, 0.000270835, 
114, 198051, 25.2541, 35.6434, -22.4652, -0.000444547, -0.000126656, 0.000472966, 
115, 43163.1, 9.30914, -25.0291, 4.69107, -0.000627687, 0.00168805, -5.7129e-05, 
116, 54122, -17.9201, 26.8777, 30.6751, -0.000798598, -0.000734444, -0.00226909, 
117, 7321.58, -18.6239, 14.5077, 20.8427, -0.000600441, 0.000662668, -0.0011306, 
118, 45671, 34.9221, 25.3955, -43.6781, -0.000669214, -0.000323558, 0.000844342, 
119, 335394, -25.5464, 31.7649, 20.9813, 0.000464868, -0.00229781, 0.000194719, 
120, 146744, -14.4636, -29.5402, -16.6493, 0.000118956, 0.00101539, 0.000751732, 
121, 144968, -29.1731, 27.5756, 20.6137, 0.000286972, 0.000485284, -0.0023062, 
122, 58573.5, 6.59743, 14.8289, -4.43965, -0.000707494, -0.000978017, 0.000346068, 
123, 69771.2, -11.8325, -6.06476, -23.053, 5.93027e-05, -0.000456424, 0.00106419, 
124, 73065.8, -32.2013, 36.2162, 4.0428, 0.00112803, -0.00127133, 0.000467735, 
125, 176383, 43.1142, -1.50114, 41.4309, -0.00056066, 0.00106315, -0.000416938, 
126, 46062, 35.7966, -13.3514, -3.4683, -0.00104234, 0.000774756, 0.000418434, 
127, 56478.2, 39.1531, 31.7158, 33.9472, -0.000568553, -0.000173098, -0.00153599, 
128, 73371.6, 6.81504, 7.87293, -43.2501, -0.00019584, -0.000314082, 0.00126585, 
129, 64320, -21.9195, 31.1497, 12.9039, -0.000160858, -0.00140314, 0.00103458, 
130, 34299.5, -36.3576, -21.838, -27.5109, 0.00211512, 0.000829176, 0.00169134, 
131, 95466.1, -15.267, -36.1949, -14.9284, 0.000174414, 0.001728, 2.01439e-05, 
132, 38698.9, -39.4059, -38.5948, 6.70982, 0.00112916, 0.000756036, -0.000158413, 
133, 99701.7, -16.9912, 13.7627, 7.88047, -0.00161908, -0.000252717, -0.000325987, 
134, 390402, -7.761, -17.7632, -4.83831, 0.000390133, 0.000903413, 0.000305955, 
135, 51660.2, 3.22652, 12.1859, 35.3461, 0.000364815, -0.000337342, -0.00147475, 
136, 67734.6, 26.0533, 42.6014, -15.2778, 0.000637877, 0.000449738, -0.00347142, 
137, 2782.49, 5.01308, -2.50287, -30.22, -0.000177132, -0.000523182, 0.00128984, 
138, 74344.9, 20.7955, 24.6787, 13.2426, -0.000484291, -0.000919758, -0.00034385, 
139, 97141.8, 23.1232, -20.0305, -5.00851, -0.00103371, 0.000996364, 0.000307015, 
140, 210366, -9.38611, 23.4887, -10.2334, -0.000186092, -0.000750223, 0.000627726, 
141, 40577, 2.82235, 26.8792, -5.12822, -0.000637577, -0.000987747, 0.000246603, 
142, 42182, 41.3417, 0.928549, 18.8033, 3.86999e-05, -0.000211509, 0.00138619, 
143, 43465.5, -29.0928, 22.3546, 24.896, 0.00307699, 0.000905966, -0.00160151, 
144, 15541.7, -25.0051, 23.5287, 19.0566, 0.000653104, -0.000360009, 0.00165769, 
145, 77758.8, 6.93263, -11.0531, -3.64852, -0.000736412, 0.000585786, 0.00105481, 
146, 59817.6, 4.61658, -16.6721, -17.6973, -0.000471885, 0.000495861, 0.000909439, 
147, 25797.1, -5.85511, -42.48, -30.4804, 5.59815e-06, 0.00122594, 0.000526066, 
148, 56695.6, 9.07158, -20.0919, 5.38539, -0.000537068, 0.000963561, -0.000387207, 
149, 5675.67, -23.1272, 22.3576, 24.7188, 0.00219062, -0.00114323, 0.00269797, 
150, 10058.9, 6.41172, -29.9745, 18.4443, -0.000377877, 0.00123147, -0.000885475, 
151, 109307, 35.4573, -31.6715, 30.285, -0.00137399, 0.000982932, -0.000382402, 
152, 64680.1, 8.84613, 11.0526, 34.0541, 0.000754728, -0.000336795, -0.000682231, 
153, 355851, 18.4142, -36.838, -33.1254, -0.000522456, 0.000832557, 0.000710133, 
154, 112081, 26.0894, -7.25325, -35.0565, -0.00191634, -0.00241604, 0.00345646, 
155, 136525, 46.3564, -38.8899, -42.7334, -0.000693428, 0.000459878, 0.000530964, 
156, 24618.5, -42.9186, -18.2121, -16.7641, 0.00150825, 0.000141032, -0.000129632, 
157, 30278.3, -11.1231, 1.47942, -5.13312, 0.000476251, -0.000311434, 0.000887105, 
158, 74807.4, -36.8228, 39.1923, -35.8626, -8.35139e-06, -0.00287568, -0.000561183, 
159, 13757.2, -28.8096, -28.5492, 42.1218, -0.000794562, 0.000480149, -0.00171071, 
160, 30157.7, 9.22602, -8.59996, -13.9371, -0.000743074, -4.6098e-05, 0.0010179, 
161, 499913, -32.7708, -19.0083, -27.6403, 0.00045398, 2.59929e-05, 0.000930037, 
162, 243908, 2.88031, -44.5572, -45.2929, -4.30044e-05, 0.000815906, 0.000929631, 
163, 156234, -17.7515, -19.8689, 30.6865, -0.000348467, 0.000573693, -0.00125575, 
164, 180799, 26.2394, 38.0438, -25.7699, -0.000692097, -0.000770296, 0.00119911, 
165, 449860, -23.5425, 13.8862, 4.94768, 0.000221706, 0.000587663, 0.000536095, 
166, 12627.8, 9.07271, 37.6948, 42.0478, -0.000280052, -0.000325153, -0.000542241, 
167, 72413.6, 42.1317, -37.0469, -11.0674, -0.00105732, 0.000698042, 7.74951e-05, 
168, 123248, -8.15095, 36.7781, 25.2356, -0.000807312, -0.000827751, -0.00161749, 
169, 19058.1, 37.6218, -32.993, -7.8169, -0.000741376, 0.00065106, -0.000204782, 
170, 37240.7, 10.153, -16.9724, 37.209, -0.000264556, 0.000467376, -0.0010994, 
171, 10520.8, 33.7688, -24.1143, -14.7511, -0.00147889, 0.000928391, 0.000236786, 
172, 66867.4, -25.7388, -11.5971, 27.939, 0.000125091, -0.000700106, -0.00186235, 
173, 286204, -31.4418, 40.2026, 26.1652, 0.0011587, -0.0017335, -0.0010594, 
174, 7121.25, -16.2778, -4.77403, 23.7219, -0.000296725, -0.0018838, 0.000129157, 
175, 44439.5, 6.00107, 9.12756, -4.17992, -0.000759159, -0.000551576, 0.000617504, 
176, 95063.2, -6.60173, 21.3979, 14.9731, -0.00091069, -0.000529358, -0.000440066, 
177, 172893, -11.5845, 36.0329, -20.7885, 3.01072e-05, -0.00144161, 0.000964299, 
178, 46650.2, 41.041, -35.4845, 24.1083, -0.00104005, 0.000954697, 2.81301e-05, 
179, 38532.6, -36.537, 38.6343, -25.9285, 0.000768887, -0.000998455, -0.000575446, 
180, 32991.6, -30.1661, -26.912, 18.0973, 0.00103517, 0.000782823, -7.03481e-05, 
181, 177479, -38.56, 35.3586, -35.2846, -0.000146762, 0.000549413, 0.000824273, 
182, 87.2575, 27.0002, 39.4056, -29.2282, -0.00103809, -0.00145645, 0.00208035, 
183, 128620, 5.24378, 0.649908, -32.6963, -0.000140192, -0.000184121, 0.00097256, 
184, 162169, 39.4014, -4.94314, 1.60918, -0.00169756, -0.000287219, 0.000718132, 
185, 20340.7, 1.52934, -3.19251, 6.97993, -0.00045649, -0.000787753, -0.00272653, 
186, 53688.5, 1.00774, 21.9997, -43.2406, -0.000143883, -0.000406305, 0.00102459, 
187, 29804.3, -21.1001, -21.5457, 9.47372, 0.000701581, 0.000722642, -3.66293e-05, 
188, 354857, 26.233, -6.66285, -36.0987, -0.000431842, 0.000607539, 0.000170374, 
189, 50155.5, 23.1578, 41.6583, -42.4124, -0.000571619, -0.000625403, 0.000868391, 
190, 7112.4, -26.0658, 30.914, 21.7518, 0.000633884, -0.00155685, -0.00418624, 
191, 126540, -41.1036, -29.7902, -27.416, 0.000380116, 0.00151265, 0.000367455, 
192, 354318, -38.2406, 35.9921, -39.6683, -0.000249322, 0.000253896, 0.00188659, 
193, 107194, 10.3175, 42.0974, 46.5564, -0.000288417, -0.000728503, -0.000874348, 
194, 224461, 30.0054, -29.7227, 31.8234, -0.000110437, 0.000649101, -0.000816038, 
195, 635832, -23.856, 24.1989, 23.9236, 0.000583267, -0.000144235, -0.00123367, 
196, 66151.1, 6.03269, -35.5396, -21.6133, -0.00014851, 0.000963557, 0.000448084, 
197, 47866.1, -15.1393, -25.6158, -14.3329, 0.000869954, 0.000214683, 0.000116254, 
198, 66662.6, 25.0645, 24.4573, 0.101114, -0.000786618, -0.000652073, 0.000193553, 
199, 70426.5, -26.2278, 34.0257, -1.35707, 0.000515178, -0.00123033, 0.000777137, 
