ID, Mass [kg], pos_0 [m], pos_1 [m], pos_2 [m], vel_0 [m/s], vel_1 [m/s], vel_2 [m/s], 
0, 4982.76, 0.420027, -1.14706, 12.5193, -0.000668617, -0.000857534, -0.00188491, 
1, 84564.5, 19.0707, 17.6838, 16.4679, -0.000934746, -0.000917536, -0.000747686, 
2, 143976, 0.650694, -14.8143, -8.43016, 0.000949066, -0.000909785, 0.00275168, 
3, 12096.4, 10.3038, -5.97146, 9.2058, -0.00322456, -0.00179963, 0.000678177, 
4, 108584, 0.312321, 10.6382, -13.8264, -0.00192834, -0.000781168, 0.00320903, 
5, 224267, -2.67432, -10.3357, -3.9535, -0.00126247, 0.00067752, 0.00192621, 
6, 6023.5, -12.6182, 6.8204, -5.30893, 0.00233492, -0.00191089, 0.000339353, 
7, 12734.1, -4.45997, -16.2053, -9.10847, 0.00153266, 0.0026903, 0.00146978, 
8, 29188.7, 9.09386, 4.01704, -5.44619, -0.00326173, -0.00400277, -0.0014607, 
9, 37892.9, -7.54122, 4.5069, 1.13271, 0.00107831, -0.00133765, -0.000431297, 
10, 282.759, -18.2388, 15.8335, -13.5177, 0.00175755, -0.00100232, -3.82837e-05, 
11, 75028.9, 16.3626, 11.2894, -15.0807, -0.00191858, -0.000306516, 0.00174671, 
12, 29068.2, -13.3768, -1.27112, -16.4867, 0.00150226, -5.03177e-05, 0.00184203, 
13, 142762, 2.24444, 4.85983, 16.2865, 0.00063881, -0.00136914, -0.00177359, 
14, 289648, -9.06902, -6.04903, -2.68046, 0.00226786, -0.00238859, 0.000950494, 
15, 17335.1, -11.0316, -14.0447, -12.0579, 0.00256947, 0.00207566, 0.00045253, 
16, 37341.1, -18.2669, 15.9736, 6.3635, 0.0011685, -0.00127378, -0.000195735, 
17, 206687, -1.15965, -8.6742, -14.2993, -0.000367939, 0.000206315, 0.0021559, 
18, 253630, -5.29965, 10.057, 10.8691, 0.000875259, -0.00175812, -0.00106379, 
19, 40480.6, 8.42894, 16.0089, -0.820424, -0.00135888, 0.000531875, 0.00120449, 
20, 176293, -16.4515, -7.91755, 16.5273, 0.00219305, 0.000478427, -0.00161909, 
21, 17357.4, -11.8094, 2.92847, 2.5912, 0.00175749, -0.00147404, -0.000530535, 
22, 241662, 8.53991, 3.79778, -5.87914, -5.60443e-05, 0.000658081, 0.000140128, 
23, 144304, 9.46572, -15.2705, 4.51802, -0.000553342, 0.00452407, 0.000959751, 
24, 449735, -3.93059, -8.15736, 11.5758, 1.25767e-07, 0.00470945, -0.00345233, 
25, 31022.8, 7.19166, 1.98901, -4.80593, -0.00279624, -0.00160556, 0.00190215, 
26, 277840, 0.45131, 5.59563, 15.4332, -0.000332059, -0.000877248, -0.00215867, 
27, 22179, 15.4143, 0.850514, 16.1856, -0.00225132, -0.000395946, -0.00174426, 
28, 7726.87, -11.6742, 5.7232, 14.7874, 0.000914122, -0.000686177, -0.00117376, 
29, 88891.4, 10.052, 1.56965, 13.515, -0.00151047, -0.00125365, -0.00174073, 
30, 193310, -17.7193, -11.5644, 5.7984, 0.00220069, 0.00108121, -0.000397787, 
31, 53721.6, -3.53773, 8.58182, -10.6184, -5.00799e-05, -0.000601611, -0.000663807, 
32, 149583, 8.61256, 3.88904, -5.95402, -0.00224429, -0.000211743, 0.00192172, 
33, 188997, 0.601694, -14.4924, -8.47308, -0.00143745, 0.00443122, 0.00235255, 
34, 147623, -5.86646, 2.75466, -9.721, 0.00194596, -0.000839231, 0.00180717, 
35, 35433.4, 13.7225, 11.6974, -1.23754, -0.00201307, -0.000861613, -6.44548e-05, 
36, 379972, 10.6032, -2.5269, 13.0552, -0.00177847, 1.06737e-05, -0.0021502, 
37, 174579, -18.3375, 13.6054, -17.9358, 0.00140569, -0.000527437, 0.00102683, 
38, 31779.4, -13.7362, 3.94069, -2.74447, 0.00298124, -0.000643738, -0.000188729, 
39, 17933.7, 16.0817, -1.78864, -8.72521, -0.00209434, 0.000330559, 0.00108766, 
40, 9826.32, 5.49078, -16.4036, -3.24954, -0.00026035, 0.00297008, 0.000894096, 
41, 92983.9, -16.0326, -15.8013, 17.3693, 0.00141279, 0.00143455, -0.00116118, 
42, 36951.3, -3.72743, 0.354215, 7.67628, -0.000642442, 0.000825063, 0.000274779, 
43, 6279.37, 5.97859, 3.53797, -5.97989, 0.00168679, -0.000364191, 0.000624738, 
44, 18926.2, 11.3392, -11.6736, 11.3972, -0.0025259, 0.00186267, -0.00222293, 
45, 13388.8, -15.4345, -3.11298, -15.8068, 0.00178657, 0.000217098, 0.00150303, 
46, 57039.7, 3.08219, 9.51061, 13.9745, -0.00055358, -0.00227835, -0.00105915, 
47, 165793, 2.24013, -13.6545, -12.4985, -0.00122772, 0.00060728, 0.001861, 
48, 95584.4, 1.50763, 16.448, -4.1792, 0.000986992, -0.00320976, -0.00110774, 
49, 49905.3, -16.1463, -2.84753, -5.09528, 0.00278629, -0.000369578, 0.000636231, 
50, 72486.3, 2.31433, -11.0849, 9.09154, -0.000393399, 0.00179481, 0.00188029, 
51, 332159, 11.1926, -13.2662, 5.78678, -0.00123198, 0.00187868, 3.73911e-05, 
52, 12900.8, -9.45892, -6.03371, -1.68474, -0.00038242, 0.00241378, 0.00216946, 
53, 159525, 9.89525, 2.27998, -4.89694, 0.000262185, -0.000756844, 0.00178976, 
54, 73837.4, -7.53804, -4.6392, 8.05048, 0.00150722, -0.00133502, 0.000482147, 
55, 125355, -6.9866, -6.89425, -10.207, 0.0011567, 0.000490605, 0.00138918, 
56, 28797.6, -5.24063, 9.63898, -12.9374, 0.00238293, 0.000258515, -0.00160259, 
57, 91269.6, -3.00234, 10.8299, 3.52323, 0.000530341, -0.00271623, -0.000692242, 
58, 5483.02, -18.0701, -0.353228, -17.2671, 0.00158059, -8.75091e-05, 0.00130999, 
59, 142050, -10.2379, 1.51141, -5.6084, 0.00361578, 6.30182e-05, 0.000675123, 
60, 184526, 11.9547, -14.5009, -1.91828, -0.00239784, 0.00123907, 0.000953002, 
61, 58050.4, -4.26083, -8.76428, 13.461, 0.00254019, -0.00303098, -0.00235032, 
62, 96236, -3.23275, 12.0612, -13.0949, -0.000231215, -0.00510843, 0.00268101, 
63, 23636.2, 12.1814, -7.55027, 8.627, -0.0041694, 9.75712e-05, -8.85463e-05, 
64, 29280.4, 5.41551, 1.85339, -8.59538, 3.70547e-06, 0.000290423, 0.00169264, 
65, 161524, -5.28956, 10.3202, -12.4066, 0.00332708, -9.05685e-05, 0.00241659, 
66, 67938.3, -3.94493, 0.79905, 7.30185, 0.00163969, -0.00296278, -2.64312e-05, 
67, 267084, -15.2191, -10.1747, -2.12895, 0.00249972, 0.000343615, 0.00125399, 
68, 69388.9, 2.32812, 10.7564, -11.0456, -0.00163242, -0.00150903, 0.000475993, 
69, 47165.6, -15.6414, -7.94356, 12.98, 0.00250985, 0.000541476, -0.000417002, 
70, 201127, 7.96916, -15.1264, -2.353, -0.00103445, 0.0017702, 0.00105516, 
71, 105689, 10.0412, -13.2927, -13.953, -0.00147618, 0.000715729, 0.00107679, 
72, 14582, -10.6424, -4.52666, 14.2643, 0.000959225, -0.0004495, -0.00168936, 
73, 76931.6, -3.73073, 10.7004, -12.394, 0.0035232, 0.000817151, 0.00193018, 
74, 237815, -9.21483, 3.14328, -5.24759, 0.00119467, -0.00219366, -0.000541198, 
75, 105565, -12.0846, 12.8269, 18.4583, 0.000702993, -0.0014447, -0.00135189, 
76, 170875, 15.1971, 5.71298, 5.37038, -0.00218778, -0.000609898, -0.000336566, 
77, 17853.6, 12.0444, -2.16399, 6.1471, -0.0022241, -0.000320843, 0.000324186, 
78, 24497.1, -13.9549, -8.31452, -5.80553, 0.00204794, 0.000742161, 0.00197764, 
79, 101855, 0.926319, 15.2148, 1.9306, 0.000417278, -0.00239058, -0.000751397, 
80, 95013.6, -3.68719, 0.052612, 7.23046, 7.22321e-05, -0.00104777, -0.000969163, 
81, 141297, -14.8701, 16.4867, -15.1471, 0.00118564, -0.00142827, 0.000542649, 
82, 151080, -12.5403, -3.9383, 15.3997, 0.00201007, -0.000309313, -0.00171128, 
83, 260791, -9.13053, -5.68631, -2.8068, 0.000292452, 0.00347552, -0.000283859, 
84, 100223, 11.5349, -0.8225, 10.7824, -0.00260967, -0.000861882, 0.000217176, 
85, 7966.28, -2.99484, 13.7535, -12.043, 0.000149455, -0.00407821, -0.00042144, 
86, 58175.3, -5.31344, 9.61514, -12.2764, 0.00310761, 0.00207975, -0.00100503, 
87, 628317, 1.84264, -10.8194, 11.2134, -0.00133171, 0.00135958, -0.00231204, 
88, 82285.2, 8.79731, 17.5601, 6.927, -0.000670229, -0.00182806, -0.0011535, 
89, 161291, -7.14833, 0.427124, -8.0454, 0.000166803, 0.000935914, 0.000594575, 
90, 79687.2, -3.73089, -10.6675, 11.4434, 6.71058e-06, -0.00425771, 0.00119247, 
91, 310528, 14.5778, 18.0057, -11.2206, -0.000124447, -0.00164931, 0.00118307, 
92, 30795.2, -10.7067, -2.41946, 3.46861, 0.00107035, -0.000560845, -0.000883802, 
93, 519908, 9.13938, -7.90972, 9.56059, -0.00196191, 0.000323947, -0.00100151, 
94, 101104, -7.46322, 0.105136, -11.0872, 0.00143152, 0.000844255, 0.00295073, 
95, 23620.3, -6.35453, -11.4715, -14.4116, 0.000249676, 0.00283188, 0.00198448, 
96, 8104.4, -3.24983, 10.3696, 3.54307, 0.00116004, -0.00255637, 0.00160533, 
97, 234265, 3.11665, -9.42511, 6.61503, -0.000695037, -9.29741e-06, 0.00124272, 
98, 3741.53, -5.41505, 15.9303, -9.74482, 0.00109603, -0.00289938, -0.000286978, 
99, 5528.05, -15.2624, -8.88058, -2.16401, 0.00287327, -0.00238082, -0.000862238, 
100, 6655.21, 11.5605, -11.7743, 12.968, -0.00218235, 0.00157448, -0.00259269, 
101, 74442.9, 17.7472, 9.63913, -8.76118, -0.00242899, -0.000319505, 0.000567199, 
102, 271819, 10.4535, 8.75229, 17.4517, -0.00108743, -0.00127071, -0.00175937, 
103, 173429, 12.1247, 10.983, -11.9595, -0.0014856, -0.00151306, 0.00300822, 
104, 132164, -6.94226, -2.28745, 11.0104, 0.00128537, -0.00167938, -0.00142062, 
105, 293403, 4.67113, -2.84616, -13.5491, -0.000920168, 0.00013058, 0.00182546, 
106, 91810.3, -3.31909, -15.4676, -7.26897, 0.0015409, 0.00262277, 0.000398109, 
107, 203740, -7.56749, -12.1758, -15.4185, -0.000479861, 0.000262827, 0.00103553, 
108, 124900, 1.69492, 15.9204, -4.89602, 6.62878e-05, -0.00122507, 0.000959733, 
109, 153482, -2.78503, -10.0658, -3.78987, 0.00221587, 0.00115933, -0.00182704, 
110, 95805.7, -9.57768, -13.2374, -13.1457, 0.0021385, 0.0017999, 0.000710225, 
111, 47735.2, -0.084665, -13.3701, -3.03973, -0.000180135, 0.00217983, -0.000436746, 
112, 24494.2, 6.74881, -10.8533, 0.358324, -0.000969201, 0.000310392, 0.000933495, 
113, 39205.1, 6.79093, 3.95465, -1.8372, -7.37999e-05, -0.000487024, -0.00091112, 
114, 24723, 11.1146, 10.4512, -8.69731, -0.000974867, -0.00123949, -0.000544444, 
115, 15671.3, -13.9772, -17.7884, -17.9149, 0.00117145, 0.0012217, 0.00122179, 
116, 320473, -2.88837, 10.6586, -12.8052, -0.00192054, -0.00142887, 0.00153754, 
117, 54072.2, -2.82486, 10.5407, -12.5701, -0.000892333, 0.00425091, 0.00274781, 
118, 20992.2, -14.6715, -10.7462, -16.4891, 0.00176698, 0.000551063, 0.00152123, 
119, 68943.4, 17.4953, 17.4688, -2.95997, -0.0018828, -0.0013451, -0.000205337, 
120, 176775, -7.53432, 2.91309, -9.83329, -0.000306581, -0.000738735, 0.00175246, 
121, 28501.8, 0.693801, -11.9174, 12.1039, -0.00409301, -0.000102319, -0.000834106, 
122, 93263.7, 9.13884, 5.35247, 12.6277, -0.000820283, -0.00135495, -0.00152848, 
123, 54631.4, -10.244, 8.18685, 16.0633, 0.000604139, -0.00108179, -0.00153765, 
124, 28486.7, 3.95606, 3.52566, 9.0457, -0.000322994, -0.00146674, -0.000699204, 
125, 45940.3, -2.72337, 9.12011, 7.96024, -3.89081e-05, -0.00128532, -0.000653316, 
126, 58147.3, -15.329, -9.53308, -2.46215, 0.00174677, 0.00403413, -0.00261048, 
127, 314510, 4.29386, -17.3788, -16.6093, -0.000467565, 0.00211751, 0.00158141, 
128, 66689.7, -15.5727, -9.64453, -2.96878, 0.00228464, 0.002632, -0.000438393, 
129, 293196, -17.3791, 7.01969, 10.9054, 0.00175068, -0.000883233, -0.000373609, 
130, 58957.4, -0.299103, 8.31604, 15.6787, 0.000703078, -0.00280654, -0.00182384, 
131, 26864.5, -14.5474, 9.05574, 14.0356, 0.000783489, -0.00183603, -0.000500087, 
132, 14537.9, -17.1362, 2.19342, 6.94891, 0.0021407, -0.000452514, -0.000261041, 
133, 59690.8, -9.25301, 1.67512, -6.04454, 0.00049716, 0.000522711, 0.000746513, 
134, 71873.2, -5.78865, 12.6369, -11.603, 0.0025312, -0.00338683, -0.00115874, 
135, 9549.31, 1.47514, -14.3963, -10.6626, -0.00219308, 0.00187017, 0.00165138, 
136, 48774.7, 16.5928, 12.75, 2.06594, -0.00191746, -0.00101156, -0.000723948, 
137, 177196, 4.80161, 18.1521, -14.5587, -0.000649425, -0.00181602, 0.00181141, 
138, 29597.5, -12.8636, -15.0528, 4.30588, 0.00147876, 0.00219834, -0.000109809, 
139, 32591.9, -3.44594, 11.0638, -12.6555, 0.00154969, -6.96379e-05, 0.00158112, 
140, 153581, 2.57797, 17.4991, -11.9796, 0.00012373, -0.00221091, 0.000516229, 
141, 131949, 3.84639, -14.4435, 8.09698, -0.00118043, 0.00355972, 5.49362e-05, 
142, 20789.6, -10.245, 1.54412, 12.2228, 0.0015211, -0.00129258, -0.00105628, 
143, 36049, 4.70285, 4.98397, -14.658, -0.000876925, -6.77951e-05, 0.00222733, 
144, 177733, -12.5601, -1.86606, 1.95169, 0.00240067, -0.000648737, -0.000370687, 
145, 143909, 15.6715, -13.5128, -16.1441, -0.00146906, 0.000676215, 0.00112448, 
146, 76057.7, 2.10764, -13.289, 9.43355, 0.000237854, 0.00353266, 0.000712623, 
147, 21460.3, 3.55231, -10.1073, 12.5766, -0.00307315, -0.000151813, -0.00466013, 
148, 28241, 9.27321, 1.38803, 14.822, -0.000510424, -0.000707511, -0.00324203, 
149, 77611.6, -6.5425, 13.4283, -16.8575, 0.000907748, -0.00165365, 0.0027673, 
150, 42249.4, -1.57149, 11.4802, 4.64265, -0.000507419, -0.00198057, -0.00138984, 
151, 30574.3, -13.5502, 4.28685, -2.85851, 0.00217121, -0.00225472, -7.73727e-05, 
152, 45197.8, 16.527, 12.3519, 2.98659, -0.00192461, -0.00119956, -0.000344532, 
153, 71843.5, -11.832, -14.8428, -6.24724, 0.0014674, 0.00205892, 0.000679645, 
154, 71612.1, -9.99202, 13.5251, -16.5389, 0.00162861, -0.0012022, 0.00172924, 
155, 53086.9, 0.0824633, -14.3119, -8.53976, -0.000427071, 0.00219294, -0.00336148, 
156, 50912.6, -15.889, -4.70427, -7.36894, 0.00246016, 0.000196707, 0.001503, 
157, 422843, -8.06285, -7.81698, 10.0648, 0.00315302, 0.000374478, -0.000173133, 
158, 35700.8, 17.8811, -8.82068, -10.8728, -0.0017282, 0.000409568, 0.000792216, 
159, 46045.4, 0.11693, -13.888, -13.3711, 0.000867846, 0.0016003, 0.00247603, 
160, 152279, -15.4389, 7.91973, 16.264, 0.00137974, -0.000862376, -0.00159087, 
161, 142259, -11.8118, -0.443584, 17.2027, 0.00118232, -0.000975008, -0.00218965, 
162, 22811, -9.64208, -6.87208, -1.36286, 0.000902822, 0.00205265, 1.48849e-05, 
163, 44215.6, 0.801292, 12.7025, 2.06772, -5.65063e-06, -0.00113675, -0.000405935, 
164, 78004.8, -5.57665, -9.23812, 5.77761, 0.000860627, 0.0012996, 0.00122118, 
165, 116840, 0.627828, 9.15919, -11.4906, -0.00137578, 0.000418522, 0.00056289, 
166, 26576.3, 14.794, 17.1828, -3.74954, -0.00135711, -0.00156028, -2.45573e-06, 
167, 178987, -10.3916, -10.8846, 16.4215, 0.00169703, 0.00140842, -0.00242029, 
168, 105332, 8.47276, 16.2128, -0.661865, 0.00190929, 1.82654e-05, 0.00173167, 
169, 17416.3, -0.884144, -0.883343, -3.11896, -0.000388086, -0.000353741, 0.000544102, 
170, 188196, 11.7959, 10.338, -11.1856, -0.00101505, 0.000512907, 6.2854e-05, 
171, 154087, 0.745414, -14.8101, 10.6672, 0.000435586, 0.00436865, -0.00133052, 
172, 221417, 1.7099, -0.56353, 13.2486, -0.000334203, -0.00054695, -0.00172122, 
173, 30581.6, 10.6823, 2.55256, 9.97461, -0.00164113, -0.000679844, -0.000224585, 
174, 257561, -3.26379, -10.3175, 11.5967, 0.00135004, -0.00014707, -0.000375188, 
175, 25785, 15.3998, 9.30376, -7.49043, -0.00200936, -0.000402496, -4.10545e-06, 
176, 48638.1, 4.81732, -15.9022, -17.1583, -0.00053066, -0.000697288, 0.00281301, 
177, 10067.2, -8.79549, -9.66201, 5.69341, 0.00218427, 0.00171011, 0.000811118, 
178, 44588.6, -3.58227, 8.36294, -10.2753, 0.000166041, 0.000801538, -0.00184621, 
179, 92749.3, -6.8714, -12.0789, 8.06646, 0.00176435, 0.00317255, 0.000483052, 
180, 92871.7, 4.32378, -14.9911, -0.231441, -4.9456e-05, 0.00213147, 0.000238405, 
181, 247270, 7.46921, 10.385, -0.0422223, -0.000710879, -0.000657247, -0.000569614, 
182, 486916, -4.12118, -9.47719, 12.766, 0.000862631, -0.000923123, -0.00193427, 
183, 368942, 7.98001, 15.6802, -1.22827, -0.00153291, -0.00294618, -0.00100801, 
184, 177502, -1.5914, -2.51356, 2.70847, -0.000193163, -0.000508419, 0.000394666, 
185, 207343, -6.806, -11.7058, -14.7838, 0.00242258, 0.00160294, 0.00317651, 
186, 187409, 10.2486, 6.09868, 9.38207, -0.00135776, -0.00147306, -0.000441713, 
187, 2227.5, -10.2249, 7.08812, -10.815, 0.00267089, -0.00104755, 0.00106932, 
188, 123729, 0.78504, -14.7377, -8.35723, 1.31949e-05, 0.00148781, -0.00256008, 
189, 104967, -4.52008, -5.66899, -13.8054, 0.000522029, -0.000311888, 0.00226004, 
190, 66861.3, 6.43825, -14.9463, -17.8682, -0.0018135, 0.000208207, 0.00231571, 
191, 273746, 9.44174, -14.0002, 5.27017, -0.00365631, 0.000501557, -0.000892866, 
192, 237580, 11.3806, -4.59525, -2.17143, -0.00185905, 0.000523534, 0.000537617, 
193, 172963, 13.1563, 18.1711, -11.7434, -0.00322422, -0.00145402, 0.00010515, 
194, 93590.7, 4.53524, 1.60933, 6.85676, -0.000654174, -0.000787013, -8.07714e-05, 
195, 163125, -4.51342, 11.0168, -12.7861, 0.00252536, -0.00423282, 0.00104063, 
196, 160121, 10.8461, 2.30778, -4.12103, -0.00361725, 0.000410441, -0.00081482, 
197, 122511, -3.73056, 9.76013, 3.07147, 0.00134046, -0.000560321, 0.000136256, 
198, 16991.2, 18.4972, -5.40416, -17.8391, -0.00128952, 0.000139352, 0.00114391, 
199, 27557.8, -16.5193, 1.50756, 0.16197, 0.00264815, -0.000842833, -7.36376e-05, 
