ID, Mass [kg], pos_0 [m], pos_1 [m], pos_2 [m], vel_0 [m/s], vel_1 [m/s], vel_2 [m/s], 
0, 280921, 55.6915, 171.941, 51.9341, -0.000461992, -0.000523454, 8.88789e-05, 
1, 149137, 137.607, -185.826, 196.365, -0.000141148, 0.000212612, -0.000238327, 
2, 50446.3, -111.154, 24.118, -22.7216, 0.000219426, 4.08613e-06, -0.000161034, 
3, 41485.9, 58.9416, -65.5368, 151.38, -6.1156e-05, 0.000144131, -0.000355321, 
4, 9933.15, -38.4175, -27.4264, -80.4643, 7.42228e-05, -5.05964e-05, 0.000182869, 
5, 66967.5, 119.853, -9.39741, 7.71648, -0.00029489, 2.96495e-05, -1.52657e-05, 
6, 46662.8, -80.4259, 58.5969, -179.69, 7.9071e-05, 1.23974e-05, 0.000427726, 
7, 97754.2, 82.0674, -21.8558, -178.188, -3.5421e-05, -0.000119386, 0.000405986, 
8, 255643, 18.8641, 167.407, -124.563, 4.88103e-06, -0.000280247, 0.000237847, 
9, 417487, -84.2592, -146.254, -17.7154, 5.29492e-05, 0.000304712, 2.81784e-05, 
10, 142825, 168.387, 150.205, 22.463, -0.000285226, -0.000144902, -2.13511e-05, 
11, 100784, 83.9776, -68.8191, -47.1432, -0.000256819, 0.000122861, 0.000185425, 
12, 103879, -37.4144, 169.17, 174.831, 5.90521e-05, -0.000268035, -0.000280568, 
13, 18497, 115.408, -52.323, 117.421, 0.0020762, -0.000928547, 0.00208427, 
14, 142719, 79.8933, -39.3724, -117.87, -0.000226248, 0.000106549, 0.000181035, 
15, 24734, 40.4262, 16.5745, 66.5613, -0.000233193, -0.000242257, -1.28748e-05, 
16, 60638.9, 26.0362, -28.6705, -53.8342, 3.96229e-05, 4.79965e-05, 0.000183029, 
17, 156413, 35.9343, -57.3411, 141.183, 3.65614e-05, 7.13207e-05, -0.000381501, 
18, 40614.3, 81.1599, 40.578, 71.5191, -0.000211201, -1.40301e-05, -0.000156999, 
19, 80054.7, 39.2714, -38.8472, -32.8266, 0.000114052, 0.00026561, 0.000122483, 
20, 20188.5, 79.4585, 157.003, -164.535, -3.17985e-05, -0.000131856, 0.000321673, 
21, 52898.6, 112.735, 15.5875, -132.828, -0.000199963, -4.98227e-06, 0.000297626, 
22, 70476.7, -186.801, -83.6094, -102.209, 0.000270327, -0.000128048, 0.00017145, 
23, 97799.1, -100.347, 86.4381, -70.6024, 0.000145542, -0.000204153, 5.85871e-05, 
24, 31591, 149.815, 133.915, -189.817, -0.000308288, -0.000315969, 0.000421332, 
25, 362159, -48.2804, -175.29, -168.922, 9.62779e-06, 0.000351097, 0.000169847, 
26, 54079.9, -135.484, 57.581, 157.184, 0.000178318, -1.73406e-05, -0.00024652, 
27, 71083.6, 172.694, 197.094, 9.44951, -0.000251759, -0.00034288, -7.30974e-06, 
28, 49965.9, 56.905, 26.4429, 65.3652, -8.61448e-05, -0.000105236, -0.000201533, 
29, 13380.9, -59.9669, -156.403, 79.4429, -0.000107112, 0.00025491, -0.000309364, 
30, 295051, 166.415, -41.2918, 22.1649, -0.000335463, -1.08002e-05, 6.63918e-05, 
31, 167525, -59.4417, -136.182, 135.296, 5.55823e-05, 0.000242422, -0.000185394, 
32, 9620.01, -80.6345, 115.45, -131.851, 0.000117283, -0.000234154, 0.000119828, 
33, 72411.2, 15.2585, -86.7316, -158.503, 4.45698e-06, 0.000175436, 0.00021653, 
34, 19982.7, -103.274, -36.8189, 141.5, 0.000164238, 4.27884e-05, -0.000211968, 
35, 40945.2, -11.6419, 184.508, 180.045, 3.42407e-05, -0.000284422, -0.000289545, 
36, 88463.2, 116.593, -39.1172, 157.111, -0.000148896, -1.38487e-05, -0.000330851, 
37, 37051.3, -89.4347, -117.599, -13.6144, -0.00037008, 0.000116057, -0.000134742, 
38, 18264.2, -157.647, 124.379, 0.705831, 0.000210791, -0.000211386, 1.48717e-05, 
39, 113580, 108.769, -181.858, -175.642, -0.000154642, 0.000239073, 0.000253287, 
40, 4383.14, 124.551, 79.9319, 23.975, -0.000241663, -7.42054e-05, -3.89881e-05, 
41, 99803.5, -3.76545, -129.788, 120.244, 0.00010388, 0.00026687, -9.52084e-05, 
42, 19049.6, 74.9235, -182.041, 76.1861, -6.85819e-06, 0.000312538, -4.10241e-05, 
43, 59175.5, 144.735, 180.397, 23.624, -0.000146363, -0.000347186, 1.90212e-05, 
44, 106282, 137.187, 1.34954, -100.681, -0.000336421, 6.01344e-05, 0.000198021, 
45, 85925.5, 137.922, 88.8877, -81.0906, -0.000285798, -7.48703e-05, 0.000164639, 
46, 75101.4, -37.843, -12.9413, -22.991, 0.00010934, 9.82051e-05, 2.73201e-05, 
47, 112110, 133.261, 6.36264, -63.8738, -0.000350143, 8.35452e-05, 0.000118897, 
48, 15845.1, -155.94, 7.41949, 18.1582, 0.000316014, 2.69738e-05, -5.88948e-05, 
49, 578756, -94.8803, 186.37, -142.802, 0.000103454, -0.000310562, 0.000139598, 
50, 236989, -173.576, -177.186, -175.748, 0.000329726, 0.000193534, 0.000445468, 
51, 42192.7, -39.4569, -44.5052, 127.965, 0.000111022, 0.00012325, -0.000246182, 
52, 2833.87, 57.268, -125.844, 184.465, -2.24113e-05, 0.000135512, -0.000419383, 
53, 20885.3, -102.51, -147.88, 162.752, 0.000164349, 0.000193423, -0.00031328, 
54, 59239.7, 91.5493, 22.3025, 16.7846, -0.000262531, -4.8579e-05, 3.48896e-05, 
55, 68616.1, -106.123, -147.32, -180.259, 0.00012063, 0.000185424, 0.000433789, 
56, 140806, 178.734, -90.6562, 97.8833, -0.000320031, 0.000342315, -2.60524e-05, 
57, 47680.3, -43.1232, -54.8073, -180.876, 0.000524398, 0.000328862, 0.000325955, 
58, 142649, 41.8036, 173.063, 47.1297, 0.000234562, -0.000481462, 0.000203231, 
59, 121601, 110.004, -116.528, -123.895, -0.000198497, 0.00017274, 0.00017411, 
60, 48784.1, -181.61, 188.318, 190.4, 0.000169072, -0.000323806, -0.000258332, 
61, 212902, 14.4047, -69.674, -178.866, 5.57053e-05, 4.52171e-06, 0.000415316, 
62, 33750, -192.006, -124.346, -128.864, -0.000410112, -4.51127e-06, 0.00057441, 
63, 103881, 165.581, -187.191, 140.279, -0.000207056, 0.000321163, -0.000205836, 
64, 144035, 73.51, 132.021, 36.4689, -0.000195565, -0.000189498, 6.48504e-06, 
65, 255917, -179.279, -80.8512, -152.885, 0.000384641, -1.45721e-05, 0.000224615, 
66, 45051.8, 167.744, -69.7836, 42.5529, -0.00039488, 0.000241129, -5.06238e-05, 
67, 211462, 79.7725, -69.165, -16.0228, -0.000232532, 0.000136176, -3.54753e-05, 
68, 84771.9, 184.758, -181.15, 129.508, -0.000320935, 0.000248744, -0.000107466, 
69, 71798.4, -96.0943, -48.5785, 153.697, 0.000145129, 3.72587e-05, -0.000316901, 
70, 1322.42, -142.418, 157.983, 99.0391, 0.000129776, -0.000361712, -0.000206812, 
71, 75224.8, -44.183, 150.215, 90.3923, 0.000267123, -0.00019264, -0.00029188, 
72, 52782.9, -40.534, -191.039, -84.594, 3.05594e-05, 0.000396878, 2.79323e-05, 
73, 79840.9, -173.51, 151.699, -169.56, 0.000201697, -0.000223818, 0.000176134, 
74, 104228, 95.9931, 87.8092, 95.1771, -0.000193362, -9.85089e-05, -7.57772e-05, 
75, 2482.41, 91.0058, -17.7017, 65.7863, -0.000276827, 5.4869e-05, -6.43118e-05, 
76, 154427, -67.3035, 137.736, 188.512, 4.78872e-05, -0.000227084, -0.000341808, 
77, 8290.76, -121.483, -33.0491, 35.2957, 0.000203902, 9.38287e-05, -7.95015e-05, 
78, 331032, -73.2201, -113.975, 178.574, -0.000206613, 0.000106792, -0.000770562, 
79, 124.402, 189.107, -176.987, -8.69079, -0.000351604, 0.000246379, 1.49938e-06, 
80, 282082, 115.014, 94.0988, -152.467, -0.000216428, 0.000512631, 0.000405187, 
81, 84879.9, -65.4031, -198.05, -174.402, 0.000120174, 0.000445506, 0.000251261, 
82, 17833.5, -142.379, -34.5978, 54.5072, 0.000200341, 7.79863e-05, -0.000116908, 
83, 107049, 101.172, 43.3323, -38.703, -0.000209046, 8.38566e-05, -1.42536e-05, 
84, 82132.9, -141.871, 161.1, -55.4121, 0.000465076, -0.000515901, -0.000136025, 
85, 30550, 163.793, -29.291, 113.904, -0.000331178, -1.75559e-05, -0.000146539, 
86, 86214.3, -113.129, 28.1426, -36.3341, 0.000254988, -2.36891e-05, -9.62259e-05, 
87, 208788, -173.072, 86.2441, 193.952, 0.000181163, -3.5626e-06, -0.000304267, 
88, 27619.9, -110.835, 183.981, 167.166, 8.73252e-05, -0.000963586, -0.000325494, 
89, 15196.8, -65.5863, 168.865, 70.4789, 0.000123757, -0.000329999, -3.55747e-05, 
90, 17206.4, 58.3038, 65.5569, -17.68, -8.0052e-05, -0.00011459, -2.2282e-05, 
91, 238697, -155.056, -90.9242, -179.709, 0.000238358, -2.98075e-05, 0.000390694, 
92, 21618, 143.776, 83.258, 11.7209, -0.00029705, -8.18234e-05, -7.23345e-05, 
93, 93343.4, 131.11, -63.6953, 131.584, -0.000388141, 0.000248856, -0.000306002, 
94, 71437.8, -134.254, -177.893, -20.4646, 7.68629e-05, 0.000480731, 2.74095e-05, 
95, 66240.3, 152.601, -69.159, -108.722, -0.000335937, 0.000149977, 0.000216823, 
96, 77123.1, -76.5371, 131.106, 44.1388, 0.000223025, -0.000207653, -7.88064e-05, 
97, 7278.21, -192.979, -69.6016, 187.619, 0.000247449, 0.000112446, -0.000221104, 
98, 42026.4, 52.1552, -153.617, -178.812, -0.000111467, 0.000232565, 0.000347952, 
99, 52939.5, 120.072, 142.085, 7.3859, -0.00022248, -0.000308094, -2.66744e-05, 
100, 38590.4, 45.3277, 124.924, 187.458, 6.43288e-05, -0.000228737, -0.000406067, 
101, 63474.3, -186.784, 163.611, -193.084, 0.000213919, -0.000265422, 0.000226396, 
102, 124280, 3.8061, -161.42, -127.089, -1.14302e-05, 0.000320127, 0.000166294, 
103, 80739.6, -173.965, -102.918, -197.595, 0.000318228, 9.60958e-05, 0.000394876, 
104, 8869.04, 97.5469, 174.02, -78.3193, -4.95696e-05, -0.000396924, 9.64709e-05, 
105, 125612, 188.405, 161.131, 15.7747, -0.00041155, -0.000215832, 7.04604e-06, 
106, 19753.6, -1.61271, -195.569, 139.186, 5.44103e-05, 0.000331605, -0.0001689, 
107, 95859.1, 111.83, -123.307, 82.6638, -0.000183983, 0.00017385, 1.07457e-05, 
108, 21407, 117.613, -106.513, 184.498, -0.00014507, 0.000185663, -0.00035217, 
109, 355183, -77.0169, 187.48, -195.443, 3.47699e-06, -0.000246358, 0.000299576, 
110, 12025, -11.9008, -119.531, 65.3188, 7.24425e-05, 0.000246066, -8.6308e-05, 
111, 175878, 179.705, 189.737, 157.498, -0.000257694, -0.000318006, -0.000108177, 
112, 23630.5, 67.9434, 170.344, -61.2492, -8.03711e-05, -0.00039262, 0.000198736, 
113, 6031.1, 182.262, 164.262, -16.7297, -0.000356209, -0.000203319, -2.02306e-06, 
114, 207555, 192.002, 78.2868, 181.571, -0.000374643, 1.31515e-05, -0.000281929, 
115, 304955, 48.8095, -169.384, 157.392, 4.40504e-05, 0.000296177, -0.000315188, 
116, 32538.4, 100.376, 178.317, 104.78, -0.000114515, -0.000327888, -0.000106665, 
117, 75178.7, 163.379, 145.284, 177.646, -0.000227493, -0.000336097, -0.00027574, 
118, 115149, 58.4367, -157.64, 5.43938, -6.14194e-05, 0.000335363, -2.17564e-05, 
119, 39187.2, -175.579, -47.1214, -132.82, 0.000320474, -1.90204e-05, 0.00020899, 
120, 260132, 181.637, 151.538, -113.943, -0.00028747, -0.000312121, 8.74178e-05, 
121, 164.449, 146.661, -85.4931, 84.1416, -3.44089e-05, 0.000175373, 1.58422e-05, 
122, 72328.1, 52.4013, -124.139, -22.3977, -0.000204427, 0.000224974, 1.45011e-05, 
123, 191160, 32.0974, -183.959, -198.143, -6.37285e-05, 0.000246501, 0.000302993, 
124, 335649, 41.057, -113.842, 96.5679, 3.4827e-05, 6.69289e-05, -3.67656e-05, 
125, 42189.1, -198.182, -102.871, -136.221, 0.000435337, 6.12223e-05, 0.000177577, 
126, 135736, 109.376, -39.3233, 14.9294, -0.00025127, 8.7064e-05, -2.33871e-05, 
127, 3895.45, 190.9, 161.81, 171.577, -0.000606405, -0.000336185, -9.99095e-06, 
128, 3162.09, -127.309, -10.4382, -136.064, 0.000269491, 1.40232e-05, 0.000149008, 
129, 14972.2, -70.357, 65.4298, -112.041, 2.10352e-05, -2.91414e-05, 0.000136496, 
130, 2204.3, 93.062, -51.7878, -175.207, -0.000219176, 0.000246634, 0.000367176, 
131, 53467.8, -31.0758, -185.39, -121.8, 2.12858e-05, 0.000392168, 0.000107573, 
132, 9019.17, -190.445, 82.9679, 54.9034, 0.000479323, 1.91786e-05, -6.48152e-05, 
133, 75971.7, -55.4373, 57.7507, 86.3235, 0.000102604, -4.7532e-05, -0.000213282, 
134, 53116.9, 181.516, -55.1294, 4.52825, -0.00048656, 3.32635e-05, 0.000124209, 
135, 59974, 191.878, -44.3817, -172.14, -0.000295606, 1.63251e-05, 0.000229959, 
136, 59642.4, -183.094, -41.5733, -58.9318, 0.000433752, 2.88163e-05, 4.70071e-05, 
137, 26631.6, -44.7063, 107.974, -126.981, -5.84558e-05, -0.000258767, 0.000105891, 
138, 52317.3, -30.7551, 170.808, 17.76, 5.05433e-05, -0.000345637, 1.5109e-05, 
139, 15542.6, -118.918, 49.5517, 192.826, 0.000144822, -3.39757e-05, -0.000347351, 
140, 36217, 30.9694, -43.2467, -153.191, 0.000173726, 0.000243847, 0.000673599, 
141, 14570.2, 144.573, 88.24, 173.07, 0.000113325, 0.000312337, -0.000246377, 
142, 134592, 86.7136, 101.854, 140.104, -9.93238e-05, -6.21141e-05, -0.000107867, 
143, 1851.55, 23.4604, 6.04461, 128.902, 5.15669e-06, 8.30161e-06, -0.000331973, 
144, 43063.4, -146.058, 10.242, 60.0782, 0.000251325, 1.03013e-05, -0.000101181, 
145, 18286.9, 149.481, 37.8677, -15.7063, -0.000341918, 3.92554e-06, -3.29947e-05, 
146, 26541.1, -116.001, 173.031, -118.245, 0.000255251, -0.00026455, 7.32949e-05, 
147, 8663.67, -66.0457, -145.292, -74.1548, 6.54187e-05, 0.000286558, -6.27536e-05, 
148, 163581, 147.502, 122.51, -180.8, -0.000274422, -6.88044e-05, 0.000230776, 
149, 107209, 32.1077, -91.3205, -15.0479, -0.000147794, 0.000350453, 6.2859e-06, 
150, 50934.3, -53.4881, -82.704, 139.746, 5.087e-05, 0.00013107, -0.000246808, 
151, 164542, -40.0815, 24.0712, -55.5034, 0.00010352, 7.59146e-06, 0.000141403, 
152, 122136, -164.17, -29.2473, 42.5427, 0.000290556, 9.4871e-05, -0.000151896, 
153, 160436, 90.4799, 6.39311, 101.654, -0.000207209, -1.67004e-05, -0.000198047, 
154, 69121.8, -67.8221, 103.996, 113.361, 0.00014668, -0.000126004, -0.000178589, 
155, 76747.4, 144.506, 105.026, 150.455, -0.000188887, 2.56662e-05, 4.56354e-05, 
156, 31683.4, 194.471, -192.738, 63.1033, -0.000291405, 0.000274528, -6.28536e-05, 
157, 27956.6, -148.491, -113.524, -48.2555, 0.000191097, 0.000301239, 0.000111951, 
158, 95642.5, -42.5009, 102.597, 116.157, 7.06221e-05, -0.00012295, -0.000176489, 
159, 32134.9, -116.817, -1.81137, 127.671, 0.000388421, 0.00111532, 0.000346182, 
160, 98272.6, -2.26598, -95.3238, 167.902, 4.30164e-05, 0.000135609, -0.000356516, 
161, 21117.1, -27.4521, 27.2416, -182.093, -1.67699e-05, -2.7385e-05, 0.000435557, 
162, 5265.15, 51.7786, -26.9159, -32.5844, 0.000453817, -1.80188e-05, 0.00026394, 
163, 24911.8, -109.192, -174.05, -123.809, 0.000121076, 0.00078901, 2.96056e-05, 
164, 2675.35, -170.079, -186.658, -179.296, 8.16102e-05, 0.000747021, 0.000446653, 
165, 188114, 77.4164, 117.199, 167.955, 6.86274e-05, -0.000375465, -0.000359989, 
166, 218499, -166.01, -80.6763, 114.192, 0.000271684, 0.000118435, -0.000165583, 
167, 3366.32, -82.3743, -51.6327, 25.5162, 0.000141722, 0.000101513, -2.08494e-05, 
168, 171467, -20.8467, 136.936, 76.031, 4.38395e-05, -0.000164794, -9.73276e-05, 
169, 29402.8, -173.747, -6.59407, -183.505, 0.000179697, -5.67836e-05, 0.000227663, 
170, 9574.81, 118.142, -11.6165, -20.7489, -0.000292638, 6.24553e-05, 5.44964e-05, 
171, 404502, 157.51, -57.3211, 189.701, -0.00025609, 0.000106782, -0.00033517, 
172, 230768, -110.687, 175.966, 165.685, 8.09499e-05, -0.000177453, -0.000192342, 
173, 76261.3, 146.618, -176.323, 31.2446, -0.000202441, 0.000341169, -2.21241e-05, 
174, 150683, -115.551, 194.091, -190.653, 0.000174296, -0.000280874, 0.000284512, 
175, 27057.9, 126.546, -62.0758, 169.286, -0.000195289, 9.68519e-05, -0.00033983, 
176, 27548.3, 129.065, 16.2738, 24.256, -0.000310989, -8.28769e-06, -4.79101e-05, 
177, 54278.4, 77.6919, 102.162, -96.9071, -0.000148835, -0.000235398, 0.000218461, 
178, 45486, -61.8373, 104.995, 77.1128, 0.000118024, -0.000149552, -0.000116723, 
179, 171.788, 7.32086, 190.037, -140.244, 3.25006e-05, -0.000366171, 0.000251276, 
180, 65953.7, 126.464, -84.7781, 18.4499, -0.000396494, -0.000158657, 0.00039229, 
181, 21018.2, -174.655, 134.858, -77.7483, 0.000277701, -0.000227166, 9.14178e-05, 
182, 13595.7, 81.1501, -92.8489, -196.59, -0.000171044, 0.000142105, 0.000402484, 
183, 993.895, 73.1009, -169.555, -154.531, -0.000115061, 0.000274469, 0.000291207, 
184, 8606.48, 82.1629, 15.7992, -58.5148, -0.000130891, 1.66597e-05, 0.000144095, 
185, 150226, -196.192, 41.8684, -172.693, 0.00047858, -1.47979e-05, 0.00051596, 
186, 429178, -189.104, 34.5168, 127.674, -9.19556e-05, 2.32422e-05, -0.000158224, 
187, 117798, -48.1317, -108.482, -76.902, 7.8951e-05, 0.000173162, 4.94916e-05, 
188, 203405, 67.7281, -56.7796, -169.412, -4.14311e-05, 0.000274532, 0.000471668, 
189, 139725, -117.214, -151.689, 73.1151, 0.000183119, 0.000197601, -0.000141563, 
190, 115574, -169.87, 171.849, 32.4299, 0.000287679, -0.000307973, -3.55417e-05, 
191, 187198, 125.124, -117.323, -8.55027, -0.000211752, 0.000122302, -2.38177e-05, 
192, 13633.8, -47.0313, 132.411, 59.9447, 0.000127314, -0.000200484, -3.41356e-05, 
193, 162929, -118.603, -98.9283, 42.7248, 0.000366344, 0.000134945, -0.000380243, 
194, 5831.63, 111.288, 11.7191, -142.522, -0.000202327, 2.12193e-05, 0.000414813, 
195, 266424, 34.4999, -83.7986, -178.205, -0.000136775, 0.000172984, 0.000397631, 
196, 302030, -104.548, 115.128, -31.8944, 0.000207268, -0.000162199, -7.05681e-05, 
197, 99224.4, -157.247, 123.951, -124.294, 0.000235524, -0.000194678, 0.000151769, 
198, 144330, -111.523, 28.1064, -49.2457, 0.000168314, 5.45146e-05, 0.000211159, 
199, 173484, -171.326, -129.145, 192.259, 0.000194526, 0.000123507, -0.000237776, 
200, 52902.4, -91.6951, 191.719, -165.314, 4.36996e-05, -0.000368666, 0.000383882, 
201, 131523, 73.1109, -10.8697, -3.65183, -0.000250896, -3.8155e-05, -0.000137358, 
202, 33478.7, 109.216, 138.159, 140.408, -0.00016416, -0.000296093, -0.000120528, 
203, 38116.5, -34.8432, -151.12, 41.2502, -2.85237e-05, 0.000294662, -8.26747e-05, 
204, 49684.2, 42.7794, -54.2543, -31.6121, -2.17092e-05, 0.000222592, 6.18085e-05, 
205, 23451.3, 107.719, 58.7656, -31.366, -0.000286689, -8.76972e-05, -9.22912e-05, 
206, 272815, -163.468, 184.392, 145.406, 0.000181045, -0.000290716, -0.000154987, 
207, 108283, -50.1772, 70.5831, -53.9591, 4.39299e-05, -9.63036e-05, 8.91631e-05, 
208, 47217.4, -57.2267, 41.9736, -180.438, 5.97314e-05, -1.15171e-05, 0.000474736, 
209, 57941.2, 26.8244, 173.494, 88.3748, 1.18028e-06, -0.000388008, -0.000375127, 
210, 45766, -197.197, 42.1144, -73.9663, 0.000399664, -3.62726e-05, 9.37698e-05, 
211, 171964, -145.409, 66.9922, 43.1091, 0.000270133, -2.91791e-05, -8.59184e-05, 
212, 55787.4, -82.0358, 41.0789, 119.773, 0.000126579, -8.2798e-06, -0.000225217, 
213, 8131.2, -127.357, -118.906, -117.933, 0.000141087, 7.44912e-05, 1.74258e-05, 
214, 118657, 151.171, -151.249, 47.4431, -0.00017097, 0.000253755, 2.78008e-05, 
215, 44021.9, 180.616, -174.293, 147.868, -0.000288305, 0.000163885, -0.000268065, 
216, 19352.3, -123.885, -105.381, -168.056, 6.53314e-05, 0.000103901, 0.000173747, 
217, 5382.32, -156.079, 152.907, 69.498, 0.000334774, -0.000285386, 0.000206174, 
218, 27041.9, 41.219, -182.078, -145.055, -0.000151408, 0.000357213, 0.000192278, 
219, 270870, -152.899, -174.514, -161.753, 0.000145501, 0.000301619, 0.000163171, 
220, 170672, -69.0885, -158.436, 68.953, 5.5361e-05, 0.000294489, -0.000111163, 
221, 2772.51, 41.5261, 196.31, 65.9375, -8.68883e-05, -0.000658214, -7.62573e-05, 
222, 80847.1, 64.5559, -53.2642, 82.5921, -0.000130298, 9.59547e-05, 4.80708e-06, 
223, 150861, -19.0985, 36.0275, -29.3334, 9.43423e-05, 2.83352e-06, 0.000124794, 
224, 92156.8, -131.152, -192.228, -64.9705, 0.000156643, 0.000369957, 5.8236e-05, 
225, 314743, 70.8993, 20.1531, 39.1582, -0.000208478, 2.35571e-05, 0.000158024, 
226, 63068.6, 79.3202, -54.6259, -154.189, -0.000256299, 0.000107558, 0.000122026, 
227, 58921.6, 101.096, -131.274, 106.854, -0.000314416, 0.000116853, -0.000209999, 
228, 4673.13, -183.09, -147.425, -91.7837, 0.000328559, 0.000265049, 4.9062e-05, 
229, 36281.7, -82.653, 148.348, -41.4967, 0.000103805, -0.000308586, 0.000109624, 
230, 138196, 16.8546, 129.085, 138.544, 1.55236e-05, -0.00020336, -0.000235162, 
231, 119501, -65.5867, -27.7229, 100.422, 0.000140956, 6.81636e-05, -0.00017917, 
232, 69872.3, 125.446, 11.8313, -5.41313, -0.000296856, -1.53283e-06, 2.72534e-06, 
233, 89685.4, 75.952, -115.307, 88.468, -0.000133436, 0.000159966, -3.05114e-05, 
234, 64918, 163.806, -148.698, 53.751, -0.000406819, 0.000189855, -2.69457e-05, 
235, 69504.8, 129.683, 47.5063, 157.701, -0.000202377, -1.51286e-05, -0.000190005, 
236, 175029, 103.271, -91.2767, -147.435, -0.000217104, 0.000139812, 0.0002629, 
237, 26898, -104.64, -166.939, 90.2895, 0.000100289, 0.000312248, -0.000211706, 
238, 225724, -156.347, 175.152, -9.13804, 0.000203689, -0.000300791, -2.10191e-05, 
239, 44642.4, 54.6904, -159.972, 39.226, -0.000160186, 0.000316398, -7.41166e-05, 
240, 193826, 138.01, 0.148802, 194.386, -0.000269894, 9.50325e-05, -0.000403399, 
241, 213589, 123.037, 193.6, 177.309, 6.44968e-05, -0.000273141, -0.000243488, 
242, 127263, -116.081, -5.62373, -161.181, 0.000245289, -5.82126e-05, 0.000394324, 
243, 90266.2, 140.074, 196.717, -167.313, -0.000150193, -0.000286944, 0.000247399, 
244, 315041, -15.1707, -94.5115, -89.9783, 5.92574e-05, 0.000168741, 8.60846e-05, 
245, 52538.4, -34.7905, 48.7116, 118.282, 9.84202e-05, 7.92926e-06, -0.000255745, 
246, 141819, 42.0617, -58.9231, 56.4426, -0.000111868, 7.79712e-05, -0.000125143, 
247, 53031.2, 4.30924, -121.895, -30.4141, 0.000317696, 0.000391553, 0.000377281, 
248, 35007.8, 46.6028, 9.5439, -15.6424, -4.32159e-05, -0.000113502, -5.88925e-07, 
249, 52844.5, 185.246, 41.7989, 163.424, -0.00037958, -8.38053e-05, -0.000178121, 
250, 214260, 143.829, 187.721, -50.9071, -0.00013037, -0.000369419, 3.83066e-05, 
251, 113390, 181.383, -172.956, -118.889, -0.000326542, 0.000242527, 0.000268844, 
252, 37387.7, -25.54, 45.3557, -137.225, 2.83891e-05, -0.000135017, 0.000276503, 
253, 201829, -84.6763, 131.082, -156.04, 0.000118335, -0.000259107, 0.000221695, 
254, 139433, 136.436, -149.846, -162.792, -0.000160482, 0.000285429, 0.000305868, 
255, 46242.4, -10.4058, -36.2846, -17.8067, 0.000101809, 0.000100007, -3.74494e-06, 
256, 133342, 186.313, 110.558, -91.8523, -0.000363602, -3.3097e-05, 6.62658e-05, 
257, 129388, 63.3288, -6.08094, 82.1713, -0.000194173, -8.64963e-05, -0.000158601, 
258, 41797.5, -164.123, -62.8416, 32.4905, 0.000301494, 4.67715e-05, 6.5169e-05, 
259, 54857.3, 38.0957, 81.5021, -73.4836, 0.000134004, -0.000223304, 0.000159396, 
260, 5084.41, -182.035, 168.459, 56.5741, 0.000337042, -0.000286055, -4.49685e-05, 
261, 34826.8, 176.103, -5.47741, -50.2967, -0.000381773, 9.62395e-05, 6.70902e-05, 
262, 68038.2, 104.25, -152.796, 176.431, -0.000136989, 0.000213603, -0.000302673, 
263, 36773.2, -162.75, 78.4249, -86.4409, 0.000326397, -6.45607e-05, 0.000101743, 
264, 13184.5, 190.84, 144.133, -69.2038, -0.000382479, -0.0001542, 4.1489e-05, 
265, 24925.3, -24.5243, -45.1805, 141.814, 5.73346e-05, 0.000122449, -0.000353608, 
266, 7671.15, 130.138, -58.771, -188.388, -0.000247242, 0.000120091, 0.000338281, 
267, 61253.8, -74.2052, -65.9127, 150.398, 3.73121e-05, 8.86798e-05, -0.000304985, 
268, 87022.4, 184.14, 49.3873, -121.411, -0.000352049, -5.11818e-05, 0.000202416, 
269, 53710.3, 137.198, 78.3675, -175.923, -0.000241121, -2.77223e-05, 0.000354864, 
270, 10208.5, -132.436, 160.186, -95.1525, 0.000224859, -0.000270356, 0.000118687, 
271, 6683.29, 52.4254, -151.321, -148.106, -0.000136825, 0.000326566, 0.000254703, 
272, 82443.5, -117.293, -98.8577, 39.9643, -0.000114964, 0.000105836, 0.000623629, 
273, 27007.5, 7.11583, 71.7246, -31.7851, -2.32382e-05, -0.000185768, 0.000117226, 
274, 38723.4, 82.3164, 51.3107, -9.24758, -0.000133138, -6.35709e-05, -2.80595e-05, 
275, 67654.6, -174.986, 120.117, -141.898, 0.000284988, -0.000142398, 0.000214642, 
276, 111157, 164.343, 59.6274, 158.861, -0.000289626, 4.48497e-05, -0.000185122, 
277, 343894, 8.36345, -86.5269, -20.7508, 0.000124527, 0.000138047, 3.06947e-06, 
278, 26553.4, 126.057, -85.5209, 19.4382, 0.000195998, 0.000916884, -0.00102706, 
279, 10699.9, -105.612, 107.895, 97.3937, 9.28686e-05, -0.000185615, -0.000125312, 
280, 69822.8, -98.4144, 113.92, 159.283, 0.000124209, -0.000159218, -0.000210571, 
281, 19659.4, 78.7053, -29.3612, -1.79311, -0.000260959, 0.000158812, -0.000108791, 
282, 369297, 76.1714, 86.9661, 190.342, 1.74275e-05, -4.28447e-06, -0.000431673, 
283, 277629, -171.514, -30.9828, -96.4649, 0.000262015, 1.63982e-05, 0.000104955, 
284, 494302, -116.918, -157.947, -127.214, 0.000274254, 0.000285574, 9.10053e-05, 
285, 72800.7, -138.383, -194.305, 149.051, 0.000135956, 0.000279202, -0.000194965, 
286, 197564, -112.505, 62.2944, -154.195, 0.000324914, -5.10556e-05, 0.000418069, 
287, 222227, 84.3542, 113.84, -16.0804, -0.000173805, -0.000176075, -0.000112361, 
288, 39907.7, -190.23, 21.7974, -127.547, 0.000337702, -0.000147856, -3.0266e-05, 
289, 419562, -112.938, 102.476, -196.092, 0.000205872, -0.000110354, 0.00036828, 
290, 49170.9, -60.6342, -8.0673, -13.1408, 0.000137197, 9.00933e-05, 1.09732e-06, 
291, 132942, 101.385, 136.902, -65.7433, -0.000111746, -0.000277842, 0.000153587, 
292, 167985, 110.688, 105.3, 187.411, -0.000108775, -8.73901e-05, -0.000438518, 
293, 67155.7, 146.117, 155.894, -37.3446, -0.000247749, -0.000267084, 3.97195e-05, 
294, 116726, -42.8886, 180.397, -33.8349, 3.36814e-05, -0.000376783, 6.04482e-05, 
295, 149447, -109.338, 67.163, -65.0605, 8.71028e-05, -0.000163421, -6.74045e-05, 
296, 16834.6, 134.477, 140.243, 136.782, -0.00016888, -0.00029814, -2.26735e-05, 
297, 179961, -36.1226, -85.9228, -145.603, 3.49529e-05, 3.38978e-05, 0.000261049, 
298, 13780.1, 71.2688, -106.777, 69.3712, -0.000121645, 0.000195766, 3.63546e-05, 
299, 187672, 81.2098, -147.059, 103.401, 8.20418e-05, 0.000678314, -0.00011572, 
300, 10887.5, -196.704, -62.5738, -85.0755, 0.000423023, 4.36944e-05, 2.71826e-05, 
301, 263463, -58.3813, 10.5234, 58.1255, 0.000134617, 3.93669e-05, -0.000108032, 
302, 12877.3, -59.1856, 182.519, 116.755, 7.44157e-05, -0.000283635, -0.000320594, 
303, 59146.2, -180.798, -15.9893, -190.743, 0.000156895, 5.20374e-05, 0.000179406, 
304, 279112, -45.7395, 88.1842, -145.78, -0.000112095, -7.17783e-05, 0.000226183, 
305, 74380.8, -7.62869, 112.45, 71.6462, -1.66741e-05, -0.000133724, -0.000127065, 
306, 132468, -151.687, -195.685, 110.031, 0.00016324, 0.000342803, -0.000138249, 
307, 132117, 185.634, 15.1523, -93.4414, -0.000391367, 4.8896e-05, 0.000150955, 
308, 44929.8, -189.456, -12.6825, 62.6027, 0.000468772, 0.000117785, -7.10806e-05, 
309, 270948, 124.644, 42.331, -106.015, -0.00024584, -4.47265e-05, 0.000204098, 
310, 71405.4, -190.047, -17.3149, 29.0262, 0.000424674, 3.15531e-05, -2.27973e-05, 
311, 41519.4, 2.29492, 95.2066, -104.328, 3.31468e-05, -0.000172681, 0.0002092, 
312, 203220, -39.6546, -123.627, -184.285, 3.57425e-06, 8.74094e-05, 0.000470922, 
313, 53012.5, 42.3484, -133.938, -116.411, -0.00014248, 0.000241503, 0.000126034, 
314, 424.869, 22.5262, 167.998, -125.851, -0.00153782, -0.000535667, 0.000763842, 
315, 40877, -173.247, -178.842, -170.478, 0.000336225, 0.000621809, -0.000783568, 
316, 80699.9, -110.764, 95.9225, 13.701, 0.000192892, -0.000169217, -5.96288e-05, 
317, 99129.3, -131.815, -147.855, 1.71974, 0.000133609, 0.000177909, -9.77846e-05, 
318, 47055, 38.2072, -19.2166, 96.1436, -1.34562e-06, -2.30255e-05, -0.00029227, 
319, 135206, 80.7926, 106.451, 192.339, -3.15767e-05, -0.000343601, -0.000524477, 
320, 188584, -196.599, -125.612, -126.216, 0.000522156, 0.000243001, 2.16098e-05, 
321, 348359, 88.4483, 131.672, 75.4842, -0.00021336, -0.000235218, -0.00010144, 
322, 120461, -140.156, -138.094, 155.251, 2.80794e-05, 7.16943e-05, 3.40241e-05, 
323, 85535.7, -194.097, -88.2513, -99.2015, 0.000618618, 0.000154253, -5.90005e-06, 
324, 128865, -76.0039, -114.405, 174.415, 0.000872597, 0.000277866, 0.000824686, 
325, 87028.9, 139.202, 114.077, 186.673, 0.000160427, 2.39998e-05, -0.000665358, 
326, 112887, 188.452, -156.611, 93.3487, -0.000355756, 0.000235293, -7.88082e-05, 
327, 34724, 189.942, -113.318, 68.0486, -0.000363248, 0.000202002, 5.71917e-05, 
328, 7478.08, -104.224, -159.299, -0.422577, 0.00014812, 0.000428201, 2.48872e-05, 
329, 11001.2, -82.9011, 169.748, 170.568, 1.30858e-05, -0.000258503, -0.000248942, 
330, 53537.7, 45.6791, 190.078, 90.5332, -0.000111393, -0.000469089, -0.000247534, 
331, 77543, -125.835, 56.4996, 9.06022, 0.000112205, -6.49032e-05, -0.000177218, 
332, 108007, -175.336, -146.544, -7.27856, 0.000581601, 0.00010525, -0.000119189, 
333, 8301.85, 79.6484, -103.246, 88.5953, -0.000199072, 1.33692e-05, -7.81162e-05, 
334, 25697.4, -161.226, 158.917, 24.863, 0.000204488, -0.000192477, 9.13689e-06, 
335, 183814, 139.5, -148.312, 103.105, 0.00114366, 0.00121799, 0.000767622, 
336, 58716.6, -119.387, -146.43, 109.735, 0.000159317, 0.000203702, -0.000201667, 
337, 199351, 16.7695, 139.957, 46.0094, 0.000104781, -0.00016799, -1.45627e-05, 
338, 113453, 163.698, -161.799, -100.479, -4.85431e-05, -0.000223597, 0.000400397, 
339, 76288.6, 183.304, 160.164, 70.774, -0.00043997, -0.000138937, -5.25535e-05, 
340, 113867, 146.92, 121.201, 38.5161, -0.000294212, -0.000137064, -5.57101e-05, 
341, 102255, 14.9293, 45.6724, -151.193, -7.54684e-05, -0.000177383, 0.000373424, 
342, 628320, -154.302, -154.537, -15.4993, 0.000245168, 0.000244671, 3.71871e-05, 
343, 176675, 123.871, 23.7273, -56.0071, -0.000250546, -2.65235e-05, 6.88069e-05, 
344, 284783, -150.681, 82.5616, 108.049, 0.000269006, -4.47182e-05, -0.000156904, 
345, 60922.6, 39.9821, -30.1591, -30.8226, 0.00015084, -0.000140991, 7.4093e-06, 
346, 8108.01, 3.72191, 59.3917, 54.9971, 5.0553e-05, -5.63907e-05, -0.000128172, 
347, 93275.2, 62.1198, -122.48, -63.1198, -0.000111051, 0.00023104, 0.000129547, 
348, 29799.9, 122.669, -21.0413, -68.2889, -0.00102167, -7.69401e-05, -0.000996455, 
349, 5827.31, -154.516, 181.389, -42.6331, 0.000185611, -0.000355931, 0.000103467, 
350, 34948.1, 124.586, -90.1, 50.8933, -0.000208118, 0.000169728, -3.86031e-05, 
351, 291282, -59.2759, -136.526, -166.197, 0.000102445, 0.000148088, 0.000273922, 
352, 133.717, -57.1396, 38.9188, -138.753, 0.000148174, -2.80831e-05, 6.44583e-05, 
353, 125850, -163.466, -25.4731, 93.0683, 0.000282597, 7.34381e-05, -0.000129885, 
354, 126712, -26.4964, 72.6751, -8.92281, 3.79333e-05, -0.000168403, 4.6832e-05, 
355, 208238, 40.7695, -128.74, 103.893, 6.93439e-05, 0.00051378, -0.000252941, 
356, 78434.8, -99.3544, -114.124, -89.872, 0.000182576, 0.000106915, 5.92879e-05, 
357, 110190, -153.48, -173.005, -45.1579, 0.00024924, 0.00037055, 0.000147029, 
358, 81910.5, 16.355, 14.9775, -163.834, -7.74605e-05, -5.48535e-05, 0.000637468, 
359, 317125, -108.276, 154.514, 83.9432, 0.000184102, -0.000227215, -8.44793e-05, 
360, 113031, 74.2802, 113.66, -25.3891, 0.000160338, -0.000171451, 0.000213363, 
361, 19420.3, 191.604, 65.1258, -22.2448, -0.000622524, 5.20215e-05, 6.90647e-05, 
362, 301195, 177.078, 190.856, -40.919, -0.000294647, -0.000295719, -1.4103e-05, 
363, 51710.6, -51.0792, 185.891, 73.1443, 8.50429e-05, -0.000419718, -4.14111e-05, 
364, 303711, 32.8898, 197.06, 167.781, 5.6052e-05, -0.000381144, -0.000373983, 
365, 220519, -165.366, -57.5618, -45.1174, 0.000387691, 0.000190102, 1.6896e-05, 
366, 163145, -140.207, 10.8518, 194.62, 0.000114106, -0.000197497, -0.000350307, 
367, 47791.6, -15.8371, 103.168, 66.2578, 0.000111833, -2.70875e-05, -4.04294e-05, 
368, 32052.1, -171.719, -27.745, 149.386, 0.000310465, 9.84918e-05, -0.000136111, 
369, 41859.6, 87.681, -192.363, -173.003, -8.05724e-05, 0.000293739, 0.000238456, 
370, 233595, 186.476, -44.4577, 87.2316, -0.000385714, 4.35408e-07, -8.96044e-05, 
371, 549232, -157.751, 75.6778, -31.2599, 0.00030274, -0.000189571, 2.33796e-05, 
372, 65728, 95.7065, 148.381, 141.949, -5.95782e-05, -0.000362378, -0.000173927, 
373, 51437.8, -189.107, -98.832, 59.7467, 0.000350044, 7.25079e-05, -9.19817e-05, 
374, 222051, 75.3201, 63.1222, 63.6458, -0.000122745, -0.000109778, -7.18524e-05, 
375, 32453.8, 8.78508, 109.674, 32.3217, 5.06896e-05, -0.000120053, 2.072e-05, 
376, 73170.4, -85.5862, 176.486, -0.856711, 6.83857e-05, -0.000470241, -0.000247224, 
377, 122513, -45.2224, -140.998, -49.9664, 3.17546e-05, 0.000291688, 1.03365e-05, 
378, 785387, 138.346, 161.63, -96.8229, -0.000168318, -0.000267191, 0.000142955, 
379, 268661, 137.404, 114.38, 164.091, -6.85845e-06, -0.000147372, -8.60124e-05, 
380, 87319.3, -90.9574, -184.679, 195.622, 7.10627e-05, 0.00022487, -0.000245055, 
381, 150662, 124.563, -44.8478, 131.864, -0.000362566, -0.000179325, -0.000424802, 
382, 60534.7, -81.0493, -188.356, 122.66, 0.000114616, 0.000311631, -0.000137346, 
383, 338543, 172.921, -166.982, -91.6107, -0.000428775, 0.000241897, -2.61662e-05, 
384, 9163.94, -156.081, -156.114, -12.1655, 0.00142227, 0.0013551, -0.00221177, 
385, 55549.5, 62.5784, -55.0129, 125.85, -7.98427e-05, 6.22262e-05, -0.000350811, 
386, 59462.3, 103.428, 113.438, -60.6103, -0.000127406, -0.00013827, 0.000225805, 
387, 29394.8, 64.5211, 130, -14.4764, 2.96971e-05, -0.000324509, 4.59809e-06, 
388, 138128, -197.823, 145.142, -121.667, 0.000317808, -0.000100176, 0.000122986, 
389, 136150, 178.729, -34.0017, 164.359, -0.000352686, 3.20798e-05, -0.00019774, 
390, 391641, -145.567, -94.948, -142.182, 0.000212378, 2.89457e-05, 0.000107541, 
391, 151123, 19.7754, -187.145, -155.459, -2.50749e-05, 0.000373394, 0.000235459, 
392, 180346, 179.094, -143.384, -184.664, -0.000226254, 0.000128156, 0.000227519, 
393, 140171, 0.685048, -184.528, -106.545, -2.85868e-06, 0.000395937, 6.12858e-05, 
394, 195461, 158.168, -39.9823, -111.345, -0.00033555, 4.16577e-05, 0.000190913, 
395, 183895, -148.659, 7.1936, -91.476, 0.000249555, 2.65988e-05, 0.000145115, 
396, 76191.8, 85.2643, 194.749, 25.9531, -0.000147415, -0.000432082, -4.4633e-06, 
397, 126112, -59.1088, -192.578, 126.11, 7.79945e-06, 0.000328221, -0.000165346, 
398, 10011, -180.638, 108.627, 186.375, 0.000181992, -0.000347204, -0.000174223, 
399, 138128, -93.6607, -156.564, 146.333, 0.000112806, 0.00025575, -0.00021364, 
400, 152408, 145.043, 167.335, 158.299, -0.000150227, -0.000337842, -0.000127016, 
401, 24763, -2.79336, 33.8635, -34.058, -0.000110006, -2.98513e-05, 0.000135645, 
402, 196109, -98.0202, 8.68626, -29.6614, 0.000106316, 0.000120601, 3.86308e-05, 
403, 12605.8, 132.011, -14.4279, -54.6487, -0.000366135, 9.66175e-05, -3.67918e-05, 
404, 55047.7, 150.934, 140.422, 155.289, -0.000217667, -0.000339263, -1.76824e-05, 
405, 219619, 50.5346, 176.254, 0.567717, -4.40824e-05, -0.000390567, 7.89977e-05, 
406, 31684.6, 64.9634, 109.382, -128.773, -5.50525e-05, -0.000259041, 0.000337441, 
407, 79032.8, -77.9074, -96.9878, 134.249, 0.000127903, 0.000162065, -0.000192521, 
408, 42180.6, 132.798, 12.111, 177.154, -0.000229327, 7.34395e-05, -0.000192549, 
409, 65291.3, -130.817, -93.39, -149.41, -0.000201652, -3.62723e-05, 0.000305918, 
410, 218703, 194.762, -102.457, 92.3434, -0.000479175, 0.000213062, -6.65899e-05, 
411, 127238, -40.2084, 75.9615, 14.3505, 2.83012e-05, -0.000159056, -2.52775e-05, 
412, 17242.5, 186.611, -77.0955, -175.696, -0.000264451, 0.000111434, 0.000236638, 
413, 106921, 141.085, 50.4801, -185.637, -0.000219767, 7.10274e-06, 0.000339786, 
414, 33744.1, -75.3657, -192.217, -26.6756, 5.77954e-05, 0.000411055, 9.84369e-06, 
415, 37127.3, 99.0368, 184.978, 7.17242, -0.000164256, -0.000383005, 2.13964e-05, 
416, 424857, -71.3783, 105.138, -194.584, -3.31484e-07, -0.000122537, 0.00041553, 
417, 169269, -97.5233, -116.292, -15.4017, 0.0002633, 4.77795e-05, 1.61558e-05, 
418, 27884.3, 45.9715, 118.051, -20.8322, 6.45737e-05, -0.00019893, 3.90092e-05, 
419, 124465, 72.5544, 65.2709, 191.466, 2.65933e-05, 0.000195646, -0.000412688, 
420, 889.535, 168.698, -127.199, -119.024, -0.000336588, 7.76423e-05, 0.000197491, 
421, 152003, 33.1834, 58.2537, 144.704, 2.76046e-05, -1.50944e-05, -0.000269413, 
422, 287637, 174.419, 73.6332, -19.4526, -0.000348916, -8.66139e-05, 8.05255e-05, 
423, 10212.2, 61.9825, -148.18, -29.0886, -2.45985e-05, 0.000198193, 9.29034e-05, 
424, 191450, -117.687, -4.81768, 126.323, -6.67666e-05, -0.000242385, -0.000218549, 
425, 194684, -150.367, -99.6238, -42.4426, 0.000248597, 8.04902e-05, -6.95534e-06, 
426, 337230, 72.8387, -182.168, -97.5352, 0.000125225, 0.000126988, 0.000388861, 
427, 161376, 55.7187, 114.419, 76.9445, -8.62803e-05, 1.65761e-05, -0.000348705, 
428, 48721.2, 32.0258, -74.336, -42.0326, -6.83926e-07, 0.000124595, 0.000167143, 
429, 121832, -184.475, 34.0798, 127.823, 0.00194399, -0.000168515, -0.000105663, 
430, 91417.9, -147.125, 150.768, 78.9024, 5.7525e-05, -0.000197364, 7.48824e-05, 
431, 19725.2, 182.777, -144.837, 175.467, -0.000235639, 0.00015139, -0.000232213, 
432, 97068.7, 117.866, 147.171, 193.639, -5.23787e-05, -0.000312792, -0.000401009, 
433, 57588.1, 176.409, 67.6593, -59.81, -0.000383263, -6.50564e-05, 0.000140419, 
434, 28234.9, -49.1938, 43.748, -158.677, 0.00044139, -0.000646094, 0.00052965, 
435, 52475.1, 188.458, 139.186, -39.5466, -0.000394861, -0.000147367, 3.51525e-05, 
436, 403.401, -187.476, -86.2324, 71.6001, 0.000339876, 5.88345e-05, -0.000132696, 
437, 9884.78, 129.141, -165.316, -112.819, -0.000174279, 0.00023884, 0.000209693, 
438, 33822.2, -5.43164, -108.582, 197.921, 2.89618e-05, 0.000145092, -0.000375167, 
439, 68024.1, -81.8391, -8.75621, 79.0629, 0.000200145, 5.03873e-05, -0.000141715, 
440, 37290.3, 17.855, 184.881, 61.9192, 0.000189238, -0.000696922, -9.35552e-06, 
441, 34126.8, 142.129, 23.8624, -21.3062, -0.000333406, 2.85692e-05, 3.6505e-06, 
442, 254816, -14.8976, 164.101, 123.934, 4.65355e-05, -0.000308361, -0.000207406, 
443, 27430.2, -127.463, 69.9277, -57.8628, 0.00033859, -0.00016198, -4.77589e-06, 
444, 66825.5, 42.4055, 7.43772, 156.702, 1.69324e-05, 2.4259e-05, -0.000328705, 
445, 108676, -94.5338, 169.044, 39.5702, 0.000142274, -0.000339015, -2.42408e-05, 
446, 50118.4, 171.143, -68.8646, -77.8288, -0.000367361, 9.73185e-05, 8.77714e-05, 
447, 21046.6, 139.735, 167.56, -4.95856, -0.000190144, -0.000323698, -1.61542e-05, 
448, 8600.64, 140.49, -10.9067, -37.0662, -0.000347295, 8.55141e-05, 1.4403e-05, 
449, 22030, 10.6848, 125.165, -121.602, 2.91971e-05, -0.000205268, 0.000249874, 
450, 98140.7, -23.2593, 4.79369, 81.0955, 0.000119563, -9.25123e-06, -0.000149031, 
451, 105432, 127.481, -27.5947, -187.648, -0.000289537, 1.0373e-05, 0.000364733, 
452, 84531.1, 65.3249, -158.461, -23.7192, -4.99115e-05, 0.000346004, -5.33658e-06, 
453, 44206.7, -94.29, 34.7818, 165.199, 9.51099e-05, 1.57518e-05, -0.000270053, 
454, 78620.3, 75.4321, 122.595, 114.063, -3.64769e-05, -0.000258055, -0.000138026, 
455, 10908.5, 144.107, 67.0014, -138.688, -0.000298766, -4.43685e-05, 0.000268276, 
456, 36272.2, -91.8054, -192.934, 141.844, 0.000105908, 0.000321768, -0.000215979, 
457, 60472.5, 69.7387, -51.063, -166.486, -0.000281732, -0.000594064, 3.73771e-05, 
458, 166504, -197.598, 0.416048, 170.623, 0.0003239, 7.25504e-05, -7.56139e-05, 
459, 77798.7, 89.4749, -104.413, -22.0647, -0.000214981, 0.000232164, 1.9372e-05, 
460, 160849, -155.287, -45.3026, -42.0109, 0.000123317, -8.95286e-05, -3.95418e-05, 
461, 126579, 45.3873, 91.7193, -113.554, 6.18313e-05, -0.000170374, 0.00028824, 
462, 67990.7, -175.897, -14.8059, -55.7395, 0.000352111, -7.51374e-06, 2.69546e-05, 
463, 30789.6, 119.526, 160.91, -188.751, -8.78313e-05, -0.000204346, 0.000324764, 
464, 8537.62, -155.416, -96.8658, -114.646, 0.000139463, 2.05083e-05, 3.33658e-05, 
465, 300607, -170.431, 98.3348, 51.9528, 0.000333671, -8.01846e-05, -1.97677e-05, 
466, 83619.2, 28.812, -114.999, -120.959, -0.000234799, 0.00015179, 0.000236262, 
467, 127334, -67.0157, -148.701, -101.114, 0.000332798, 9.89147e-05, 5.55994e-05, 
468, 27335.2, 55.7853, 37.0629, 58.7373, 4.14196e-07, -0.000216581, -7.62482e-05, 
469, 5427.37, -62.4846, 32.9552, -99.35, 8.62304e-05, 1.6464e-05, 0.000155776, 
470, 38507.8, -74.7958, -64.8547, 43.3218, 9.44382e-05, 0.000103601, -2.42087e-05, 
471, 286762, 67.0281, -52.0838, 184.286, -1.10424e-05, 9.08004e-05, -0.000396306, 
472, 289067, 88.0341, -197.865, -79.5615, -0.000259147, 0.000557291, -4.81429e-05, 
473, 91260.8, 56.7075, -155.594, -123.362, -0.000107726, 0.000249118, 0.000200024, 
474, 230104, 181.08, 157.512, 179.672, -0.000355528, -0.000279241, -0.000290154, 
475, 249653, 25.02, -66.5334, 43.4854, 0.000119434, 0.000172902, -6.47358e-05, 
476, 110883, -42.2189, 143.257, -179.428, -7.07099e-05, -0.000247847, 0.000306809, 
477, 307850, 98.5685, 189.426, -152.232, -0.000300601, -0.000338527, 0.000360103, 
478, 289870, 60.1606, -89.3498, -34.0513, -0.00012046, 0.000218806, 9.84366e-05, 
479, 95605.8, -179.82, -3.17565, 65.4048, 0.000309166, -3.21047e-05, -0.000103414, 
480, 103972, -127.208, -9.07314, 129.211, 0.000535011, 0.000213127, -0.000275053, 
481, 2495.31, -151.492, -11.5446, -4.52174, 0.000317564, 6.6334e-05, -4.89691e-06, 
482, 137920, 85.5909, -195.694, 79.2556, -9.68308e-05, 0.000405691, -6.84527e-05, 
483, 71322, -191.534, -109.17, 35.3393, 0.000353748, 0.000122642, -2.35724e-05, 
484, 39705.1, -85.7651, -55.2664, 127.923, 0.000134428, 7.53183e-05, -0.0001678, 
485, 71694.5, -177.276, -184.373, 42.6455, 0.000290602, 0.00029753, -5.67932e-05, 
486, 162701, -103.318, -63.4443, 75.5976, 0.000246043, -5.07625e-05, -0.000128654, 
487, 5282.93, -0.111539, 61.9634, -93.8967, 4.14128e-05, -0.000180088, 0.000166784, 
488, 109392, -57.3203, 149.509, -36.5842, 1.41174e-05, -0.000278772, 7.72053e-05, 
489, 124532, 138.605, 190.856, 84.1941, -2.90199e-05, -0.000405191, -0.000104827, 
490, 14863.1, -145.44, -171.2, 149.356, 0.000176431, 0.000224235, -0.000207564, 
491, 249103, -117.053, -102.216, -184.57, 4.88263e-05, 5.76825e-05, 0.000396621, 
492, 4436.33, 111.054, -28.9036, -134.088, -0.000259708, 3.81227e-05, 0.000207663, 
493, 95135.7, 85.7875, -176.695, 190.757, -8.80427e-05, 0.000251676, -0.000320481, 
494, 394850, 115.605, 105.773, -37.1219, -0.000237412, -0.000105015, 4.8143e-05, 
495, 211980, 0.966878, 172.465, 41.9746, 0.00013507, -0.000398032, 4.32084e-05, 
496, 76482.3, 152.157, 157.42, -140.985, -0.000170752, -0.000214308, 0.000287345, 
497, 4117.21, 175.207, 174.921, 16.469, -0.000278585, -0.000338299, 1.71558e-05, 
498, 61022.7, -120.301, 84.694, 178.362, 7.03576e-05, 8.99772e-05, -0.000322137, 
499, 192540, 14.766, 181.814, -94.9749, 1.41642e-05, -0.000365786, 0.000110695, 
500, 182748, -189.841, 86.1218, -121.81, 0.000372484, -5.94438e-05, 0.000169924, 
501, 136526, -82.8659, 190.897, 95.9996, 0.000128345, -0.000392596, -0.000112054, 
502, 37670.7, 59.2733, -138.752, 96.0055, -3.10635e-05, 0.000384414, -1.93626e-05, 
503, 50503.4, 190.258, 13.6057, -34.1833, -0.000427727, 6.83354e-05, -2.1946e-06, 
504, 27270.2, 59.9566, -40.3459, -107.715, -0.000104579, 7.77988e-05, 0.000132513, 
505, 130665, 39.8975, -151.221, 41.5808, 0.000100209, 0.000285238, -0.00012777, 
506, 20617.5, -187.186, 119.965, -170.645, 0.000301677, -9.36997e-05, 0.000218719, 
507, 82100, 35.1169, 184.032, 74.064, -9.5395e-05, -0.00058608, -0.000227272, 
508, 146869, -168.393, -130.514, -64.4359, 0.000321421, 0.000208695, 6.42108e-05, 
509, 11124.4, -70.1683, 113.464, 93.9308, 0.000136342, -0.000184464, -0.000134246, 
510, 176557, 16.7225, 12.52, -149.564, -0.000200787, 8.25911e-05, 0.000276201, 
511, 45629, 73.2224, 79.0902, 150.77, 3.92408e-05, 0.000166088, -0.000233481, 
512, 97255.2, -10.4858, -155.893, -3.2914, 2.77871e-05, 0.000340123, -3.0535e-05, 
513, 100409, 6.0349, 120.386, 179.764, 2.66107e-05, -0.000206659, -0.000356291, 
514, 78203.3, 167.469, -174.627, -11.2689, -0.000343903, 0.000299691, -6.66025e-06, 
515, 13266.1, 44.1985, -79.2456, 182.347, 2.87938e-05, 0.000156074, -0.000393878, 
516, 55109.6, 24.5637, 158.356, -158.887, -3.92174e-05, -0.000225952, 0.000244249, 
517, 469975, 63.8511, -26.6114, -30.4509, -0.000193657, 7.61625e-05, 0.000141258, 
518, 147412, 23.5317, 173.724, 66.7072, 9.46965e-05, -0.000422163, -9.48174e-05, 
519, 132240, -111.706, -171.424, 61.8188, 0.000126249, 0.000382492, -6.62429e-05, 
520, 58689.1, 117.59, -13.3476, -158.435, -0.00029003, -2.82178e-05, 0.000275459, 
521, 2244.75, 16.6864, -0.617224, -133.67, -7.16371e-05, 0.000113401, 0.000179003, 
522, 190685, -113.073, 83.2614, 96.4397, 0.000141416, -0.000101665, -0.000182717, 
523, 13150.8, -147.804, 73.8081, -165.705, 0.000330547, -0.000126017, 0.00029901, 
524, 462814, 146.923, 51.2362, 65.5496, -0.000323053, -1.43675e-05, -5.92954e-05, 
525, 110229, 155.107, 143.613, -20.54, -0.000319089, -0.000198331, -2.47671e-05, 
526, 175564, 11.5975, -2.27787, -25.9513, 6.1404e-05, 3.68484e-05, 6.45349e-06, 
527, 268137, -196.542, 4.81737, 192.08, 0.000283713, -2.22997e-06, -0.000335672, 
528, 30521.3, -165.409, -86.6991, -78.3162, 0.000242058, 4.22981e-05, -5.44169e-05, 
529, 33462.6, -123.828, -105.908, 84.164, 0.000259282, 0.000154048, -0.000175244, 
530, 5167.6, -106.407, 188.862, 40.0723, 0.00017422, -0.00041652, -2.6716e-05, 
531, 1123.93, 63.9608, 86.7974, 138.03, 0.000178807, 8.59271e-05, -7.43377e-05, 
532, 39413.6, 11.052, 178.959, 140.007, 1.17187e-05, -0.00032691, -0.000208823, 
533, 326080, -185.406, 165.169, 182.682, 0.000231764, -0.000138774, -0.000221662, 
534, 47704.1, -148.19, -110.31, 55.6501, 0.000289216, 0.000145087, -0.000100766, 
535, 149816, 106.889, 75.7846, 146.155, -0.00018239, 6.65285e-05, -0.000177796, 
536, 39855.1, -19.1281, -11.6363, 159.003, 5.87769e-06, 1.63169e-05, -0.000389906, 
537, 42951.3, -132.681, -72.9556, -99.625, 0.000142777, 3.037e-05, 8.20733e-05, 
538, 175271, -50.3664, 37.3031, -2.40974, 0.000114225, 5.41468e-06, 6.25823e-06, 
539, 110928, 185.86, 194.328, -65.5548, -0.000333049, -0.000304523, 0.000163914, 
540, 71591.8, -69.1097, -70.9139, 90.0595, 5.16725e-05, 0.000115815, -0.00016877, 
541, 12299.9, 50.3308, -98.9475, 131.984, -5.76042e-05, 0.000159938, -0.000332411, 
542, 201561, -134.789, 50.3606, -5.86688, 0.000250337, 9.72004e-06, -2.27629e-05, 
543, 62476.4, -114.877, -58.9943, -190.087, 0.000124207, -1.58561e-05, 0.000354477, 
544, 58275.2, -56.647, 74.5165, 42.5891, 5.66536e-05, -0.000372392, -4.16215e-05, 
545, 70010.3, 183.239, 24.5628, -121.926, -0.00034759, 3.25891e-05, 0.000234565, 
546, 168033, -168.155, -154.041, 81.3989, 0.000269897, 0.000174501, -6.19881e-05, 
547, 18791.9, 49.056, 56.3479, -20.1481, -5.32973e-05, -7.33997e-05, -1.22444e-05, 
548, 69087.4, 11.1769, -183.05, 15.0977, 2.20393e-05, 0.000387954, -3.7415e-05, 
549, 94696.6, 81.1991, 28.6079, 192.865, 1.37997e-05, 3.76235e-06, -0.000438636, 
550, 34082.4, -89.1386, -172.736, 79.3856, 6.48518e-05, 0.000374875, -0.000156238, 
551, 258743, -59.2558, 60.7272, 51.2533, 0.000114724, -4.30629e-05, -0.000220331, 
552, 380030, 36.7141, -141.817, 150.539, 9.61634e-05, 0.000179698, -0.000290395, 
553, 439446, -97.0726, 60.6958, -140.508, 6.67685e-05, -4.76555e-06, 0.000159192, 
554, 116953, -55.3302, -27.1259, 157.156, 0.000111817, 8.50716e-05, -0.000375348, 
555, 76292.8, -13.7737, 182.075, -55.4679, 7.00948e-05, -0.000321833, 0.000101285, 
556, 38856.1, 20.7241, 91.4005, 166.694, 1.39234e-05, -7.31004e-05, -0.00031913, 
557, 67304.3, -73.7636, 102.098, -91.4186, -0.000302857, -0.000320758, 0.000210687, 
558, 206551, 28.1821, -49.7848, 105.967, 5.54729e-05, 0.000120969, -0.000300397, 
559, 60.3054, 175.25, -155.696, 39.9584, -0.000377927, 0.000244738, 4.67427e-05, 
560, 61783, 5.20091, 42.8399, -89.7897, 4.68586e-06, -9.5957e-05, 0.000106786, 
561, 271167, -94.774, -83.1653, 74.3326, 0.000111835, 0.000187638, -0.0001147, 
562, 66961.2, -14.4443, 5.30946, 55.6803, 6.87486e-05, 4.43956e-06, -3.2777e-05, 
563, 6224.97, -102.511, 162.561, 66.0986, 0.0001107, -0.000371737, 0.000124845, 
564, 22220.7, 51.2223, 41.5222, 121.347, -4.47329e-05, -1.56197e-05, -0.000219882, 
565, 112721, -185.778, 98.4606, 189.127, 0.000378944, -0.00017093, -0.00020643, 
566, 113163, -191.324, 42.1025, -165.953, 3.71436e-05, -3.95595e-05, -0.000101799, 
567, 27127.4, 163.457, 62.4609, 127.905, -0.000324176, 3.64197e-05, -7.66791e-05, 
568, 82881.2, 58.7626, -132.959, 152.145, -0.0001852, 9.62404e-05, -0.00032885, 
569, 5364.68, 143.112, -159.128, -61.0808, -0.00026605, 0.000196125, 8.38583e-05, 
570, 9189.82, 83.2064, 170.65, -86.6888, -3.56824e-05, -0.000380276, 0.000144739, 
571, 38545.9, 146.7, -93.2408, 124.265, -0.000286134, 0.000213423, -0.000301098, 
572, 226228, 99.9301, -35.1495, -179.769, -0.000237779, 6.14917e-05, 0.000411732, 
573, 1357.14, -57.859, 130.914, 19.7921, 4.45466e-05, -0.000350996, -5.40715e-05, 
574, 163025, -85.9215, 162.731, -102.879, 8.57543e-05, -0.000249144, 8.04386e-05, 
575, 147455, -119.054, 174.917, 194.608, 0.000122861, -0.000213657, -0.000334617, 
576, 42769.3, 182.793, -59.5097, -167.605, -0.000256005, 9.68724e-05, 0.000210839, 
577, 41037.1, -161.326, -105.682, -117.652, 0.000264173, 0.000192425, 8.81957e-05, 
578, 64331.8, 181.033, -188.251, 49.5079, -0.000253199, 0.000285826, -8.21624e-06, 
579, 104982, 91.409, -15.8172, 183.695, -4.6508e-05, 8.70252e-05, -0.000380907, 
580, 66014.3, 31.5306, -43.6257, 90.0419, -5.64249e-05, 8.20821e-05, -6.13307e-05, 
581, 29538.2, -187.886, -20.363, -104.546, 0.000467035, -0.000116288, 0.000182188, 
582, 12653.6, -17.199, -171.335, -43.9894, 1.16987e-05, 0.000373848, 1.18112e-05, 
583, 61818, 1.88729, -140.802, -69.5308, -1.84963e-06, 0.00032092, 3.59389e-05, 
584, 41156.7, 177.85, -92.3705, -121.992, -0.000328076, 0.000109494, 0.000177055, 
585, 84107.6, 15.6912, 26.6522, -119.619, -0.000247855, -9.88946e-06, 0.000213359, 
586, 135622, 56.2252, -177.588, 38.3369, -6.30054e-05, 0.000447381, -4.66618e-05, 
587, 27825, -18.6668, 11.9486, 101.719, 0.000130157, -4.33171e-05, -0.000274038, 
588, 56460.2, 89.2521, 71.6343, 102.515, -0.000114854, 3.10563e-05, -0.00015783, 
589, 200299, -107.244, -15.5631, -148.574, 0.000111408, 7.75354e-05, 0.000181222, 
590, 32595.8, 82.1308, -170.899, -143.508, -0.000154626, 0.000270908, 0.000255821, 
591, 154369, 188.16, 107.856, 156.588, -0.000587935, 1.64286e-05, -0.000127053, 
592, 26963.6, -34.75, -196.869, -49.1035, 2.76019e-05, 0.000387353, 5.98464e-06, 
593, 178753, -183.635, 115.406, -51.3082, 0.000306149, -0.000143154, 0.000109402, 
594, 138590, -58.9453, -35.5557, -106.445, 0.000140036, 3.61935e-05, 0.00017714, 
595, 3062.38, 149.901, -5.09851, 32.0709, -0.00032506, -2.3324e-05, -4.37192e-05, 
596, 64803.3, 20.6807, 157.326, -173.144, -2.68971e-06, -0.000206191, 0.000372132, 
597, 257021, 162.235, 102.498, 136.249, -0.000340914, -6.43631e-05, 1.5272e-05, 
598, 156466, 161.533, 174.483, 42.1471, -0.000253057, -0.000295647, -1.90065e-05, 
599, 112285, -89.6319, 161.959, -8.42631, 0.000176823, -8.89738e-05, -0.000124282, 
600, 56885.3, 9.74739, -3.14574, 94.0179, 3.85161e-05, -6.83989e-06, -0.000238435, 
601, 186502, -9.18922, 93.2934, 186.451, 5.52015e-05, -6.68749e-05, -0.000404973, 
602, 128120, 163.538, 117.265, -130.651, -0.000202329, -5.32799e-05, 0.000320031, 
603, 53190.4, -146.968, 172.566, 55.1502, 0.000200816, -0.000349845, -6.09557e-06, 
604, 70303.8, 149.926, 124.451, 180.043, -0.000515825, -3.47195e-05, -0.000462468, 
605, 144477, 160.804, 105.524, -31.961, -0.00036709, -0.000149094, 4.77263e-05, 
606, 15154.7, 41.3723, 10.8364, 23.4112, 2.51214e-05, -2.86986e-05, 3.30005e-05, 
607, 169831, 152.707, -87.5905, 101.895, -0.000237015, 0.000140686, -0.000128224, 
608, 86922.5, 6.1597, 17.9291, -148.2, 0.000251401, -0.000127636, 0.000310017, 
609, 1346.3, -51.601, -174.153, 78.243, -1.06916e-05, 0.000396648, -0.000167833, 
610, 162022, -148.45, -168.717, 35.9927, 0.000236374, 0.000301135, -8.80335e-05, 
611, 67567.6, 165.27, 179.438, -166.456, -0.000200029, -0.000255358, 0.000277468, 
612, 11770.8, -149.955, -114.325, -156.898, 0.000278361, 0.000105207, 3.67678e-05, 
613, 43665.8, 62.6593, -167.581, 128.755, -7.06736e-05, 0.000370188, -7.96758e-05, 
614, 28256, -149.481, 32.668, 15.6638, 0.000329513, 4.76867e-05, -0.000112716, 
615, 10832.6, 92.9599, -0.724296, -119.744, -0.000141761, 1.60954e-06, 0.000215847, 
616, 47599.5, 92.6057, -30.5164, -163.355, -0.000159454, -1.58877e-05, 0.000148275, 
617, 34963.7, 97.0246, 171.588, -13.6634, -0.000133743, -0.00036813, 3.19968e-05, 
618, 75906.7, 134.344, 2.53255, 193.317, -8.83189e-05, -1.46397e-05, -0.000362025, 
619, 135055, 31.5996, 14.7144, 71.1676, 9.25605e-05, -0.000186944, -0.000236256, 
620, 15909.4, 102.096, 135.018, 112.151, -0.000189658, -0.000287809, -0.000110707, 
621, 18897.6, -159.828, 68.743, 121.103, 0.000323392, 2.22696e-05, -0.00026969, 
622, 192385, -71.9566, -147.086, -102.095, -0.000293662, 0.000272091, -8.90734e-05, 
623, 98713.7, 77.9034, -189.469, -91.5838, -0.000293433, 0.000707767, 0.000110813, 
624, 30737.8, 80.5785, 35.2632, 91.971, -0.000147641, -4.91603e-05, -0.000209578, 
625, 185704, 131.836, 125.772, -193.457, -4.09858e-05, -0.000134506, 0.000405011, 
626, 19962.7, -88.7421, -105.826, -45.7032, 0.000160074, 0.000124, 1.74015e-05, 
627, 4837.93, 70.0845, 131.092, 28.7479, -3.81464e-06, -0.000127513, 0.000436555, 
628, 132553, 17.191, 71.5458, 39.0503, -1.89714e-07, -9.49975e-05, -5.06643e-05, 
629, 28978.5, 89.929, -142.562, 27.312, -0.000145781, 0.000269946, -4.80842e-05, 
630, 110156, 62.1963, -11.9943, -16.6437, -3.89358e-05, -0.000198292, -7.92842e-05, 
631, 63598.4, 36.255, 193.274, 160.144, -0.000253965, -5.15364e-05, 0.00036395, 
632, 10602.5, -60.4534, -106.041, -121.603, 9.62729e-05, 8.5861e-05, 0.000178476, 
633, 472419, -118.042, 53.5065, -80.5514, 0.000236211, 2.80389e-05, 0.000203471, 
634, 151851, -139.456, -137.87, -130.914, 0.000307513, 0.000150723, 9.05586e-05, 
635, 64570.3, -136.349, 121.37, -108.266, 0.000197613, -0.000221688, 0.000124629, 
636, 1694.42, 196.873, -8.2066, -102.655, -0.000391881, 8.13361e-05, 0.000158391, 
637, 147783, 85.7882, 105.371, 156.538, -0.000178877, -0.000160798, -0.000356304, 
638, 26998, -140.63, 159.83, -56.5209, -0.000453694, 0.000451829, 0.000690436, 
639, 26813.9, 123.917, -55.8563, 183.544, -0.000132309, 7.78938e-05, -0.000447758, 
640, 193664, 98.7397, -186.923, -37.6621, -6.57534e-05, 0.000430422, -9.68544e-05, 
641, 24473.3, 73.0615, -31.3487, -120.018, -1.20932e-05, -0.000152682, 0.000302781, 
642, 106270, 66.2494, 84.2652, -116.969, -3.8436e-05, -0.000136316, 0.000240521, 
643, 125117, -68.9666, 94.4281, -147.408, 0.000173614, -0.000106991, 0.000193379, 
644, 164004, -93.4023, -120.344, 89.1582, 0.000113105, 0.000204195, -0.000172722, 
645, 45091.5, 133.495, 44.6158, -134.366, -0.000269755, -1.77265e-05, 0.000330566, 
646, 21516.8, -184.059, -15.5333, -194.579, 0.000525978, -2.39161e-05, 0.000614954, 
647, 229066, 10.321, -34.5979, 81.3841, 0.000113293, 8.53849e-05, -0.000102003, 
648, 164679, -25.2698, -127.383, -162.98, -8.33441e-05, 0.000189901, 0.000283634, 
649, 106804, -88.0138, 116.872, -88.0217, 0.00016607, -0.00040402, 0.000123958, 
650, 56075, -119.231, -151.273, 14.6334, 0.000221699, 0.000272765, -9.97677e-05, 
651, 57915.4, -97.048, 162.569, 85.1935, -0.000185133, -0.000510813, -0.00013496, 
652, 108474, -190.105, 15.1682, -135.81, 0.000320035, 6.97807e-05, 0.000240976, 
653, 44.987, -69.8702, -150.835, 176.329, 5.28477e-05, 0.000289233, -0.000298327, 
654, 160957, 118.274, 139.007, -38.9614, -0.000197878, -0.000324816, 2.86131e-05, 
655, 223360, 27.497, 120.724, -74.5572, 7.63922e-05, -0.000224309, 0.000123682, 
656, 145628, -84.3747, 110.279, 185.144, 0.000259025, -1.226e-05, -0.000373753, 
657, 38072.4, 147.12, -196.65, -6.53062, -0.000214604, 0.000377138, -2.84829e-05, 
658, 143122, 53.4366, 119.861, 68.0821, 3.89616e-05, -0.000279442, 0.000153579, 
659, 53718.8, -16.221, -30.6101, 131.822, 3.85299e-05, 5.35028e-05, -0.000321537, 
660, 37852.6, -0.285602, 10.9362, 94.7433, 8.4528e-05, -5.78194e-05, -0.000189653, 
661, 234721, -84.5791, 96.6874, -90.6519, 0.000172418, -8.26918e-05, 0.000176652, 
662, 27863.9, -3.4799, -73.4685, -158.146, 5.75577e-05, 6.09913e-05, 0.000261748, 
663, 443946, -87.8402, -159.572, -117.828, 3.81137e-05, 0.000353761, 8.71527e-05, 
664, 13863.9, 88.8038, 52.7752, -111.114, -0.000136613, 1.83948e-05, 0.000220411, 
665, 42886.3, -1.45658, 190.285, -5.54357, 4.51009e-05, -0.000400837, 4.35822e-05, 
666, 22733.8, 170.874, -116.519, -13.6399, -0.000365302, 0.000169157, -1.20489e-05, 
667, 132350, -164.983, -168.037, 109.468, 0.000246409, 0.000260532, -0.000183136, 
668, 57423.6, -90.9218, -148.868, -155.247, -2.57919e-05, 7.47805e-05, 0.000301687, 
669, 59302.6, -121.699, 195.83, 117.126, 0.00013126, -0.000359678, -0.000120837, 
670, 59734.6, 36.2493, 44.7165, 185.867, 5.87484e-05, 2.77549e-05, -0.000378903, 
671, 29039.9, 92.7443, 51.8928, -55.3334, -8.02977e-05, 0.000116457, 0.000325328, 
672, 65416.6, 77.6717, -137.634, -171.56, -0.000183635, 0.000198186, 0.000331496, 
673, 92652.2, 172.943, -70.0595, 4.47642, -0.000369892, 0.000141828, 0.000120106, 
674, 115334, 61.9802, -19.704, 89.8696, -0.000144238, 0.00012544, -0.00026556, 
675, 230841, -115.609, -12.164, 3.10811, 0.000225143, 0.000105274, -3.75215e-05, 
676, 16036.9, 62.0388, -49.2972, 98.2179, 4.49984e-05, -0.000113021, -0.000184015, 
677, 77826.8, -95.8839, 121.541, -43.7123, -6.1874e-05, -0.000343213, 0.000258688, 
678, 400222, 116.821, -52.8745, 118.812, -0.000222639, 0.0001379, -0.000143274, 
679, 186924, 9.90907, -120.243, -22.844, -2.53689e-05, 0.000319927, -0.000103575, 
680, 119290, -103.391, 10.9517, 27.368, 0.000193332, 2.43782e-05, -0.000104806, 
681, 52832.4, 36.4808, 119.962, -127.923, -5.37754e-06, -0.000216767, 0.000308752, 
682, 165602, -109.27, 66.9569, 78.3507, 0.000165665, 7.75107e-06, -7.18678e-05, 
683, 42844.3, -44.6506, -91.9185, -139.193, 0.000303722, 0.000208478, 5.21763e-05, 
684, 197768, -56.5044, 109.751, -157.696, -5.21155e-05, -0.000280409, 0.000303005, 
685, 19898.4, 150.515, 119.75, 102.559, -0.00026675, -0.000232122, -3.22603e-05, 
686, 183.149, 66.4138, 111.436, -37.4484, 8.36855e-05, -0.000151275, 0.000198993, 
687, 20731.6, -3.14959, -34.6282, -132.239, -1.92166e-05, 7.43462e-05, 0.000276285, 
688, 118318, 96.8943, -138.56, 140.183, -0.000159203, 0.000220524, -0.000300764, 
689, 122043, 107.147, -60.9605, 170.66, -6.53901e-05, 0.000142909, -0.000369105, 
690, 48278.3, 135.878, -86.0804, 110.072, -0.000115584, 0.000166345, -0.000160694, 
691, 59443.7, -71.5034, -71.0906, -32.2967, 0.000129023, 8.67434e-05, -6.46735e-06, 
692, 62879.1, 64.8165, -20.465, -114.331, -8.75964e-05, -7.9522e-05, 0.000186717, 
693, 37237.6, 196.066, 32.1216, -171.156, -0.000278554, -2.07521e-06, 0.000236989, 
694, 86402.7, 141.554, -134.164, -156.5, -0.000382586, -0.000119291, 0.000529466, 
695, 64244.5, 93.9903, -10.0399, -151.534, -0.000163728, -5.32786e-05, 0.000255169, 
696, 3020.88, -123.668, 135.494, -181.925, 0.000207589, -0.000228436, 0.00027488, 
697, 32412.2, 26.6115, -70.0975, 31.8872, -1.6318e-06, 0.000322096, 0.000363174, 
698, 28675.2, 175.794, -48.4556, -119.222, -0.000444708, 0.000105565, 0.000228516, 
699, 40601.3, 76.4775, 32.5539, -171.798, -0.00010098, -6.08689e-05, 0.000382856, 
700, 77211.7, 83.5624, -127.449, 178.335, -9.82452e-05, 0.000148981, -0.000371986, 
701, 9178.1, 182.768, -189.767, -165.708, -0.000199574, 0.000205377, 0.000176802, 
702, 29771.2, -198.048, 144.969, -128.328, 0.000335681, -0.000159686, 0.000806154, 
703, 92409.8, -14.7297, -24.4681, -130.326, 8.28776e-05, 7.09296e-06, 0.000238951, 
704, 190003, -34.3338, 155.704, 80.5627, 8.39495e-05, -0.000378253, -6.59554e-05, 
705, 254476, -88.0147, 174.657, -18.0612, 0.000124413, -0.000447393, 0.000137477, 
706, 34546.2, -32.2854, -160.867, 79.0382, -3.0619e-06, 0.000311006, -0.000132458, 
707, 200117, -148.833, 131.6, 111.032, 0.000227914, -0.000194198, -0.000188658, 
708, 81819.8, 29.4546, -45.025, -155.797, -0.000139095, -0.000130281, 0.000133509, 
709, 8603.61, 37.5499, -151.494, 137.814, 8.17201e-05, 0.000472151, 0.000106201, 
710, 14405.4, -34.0802, -81.7086, 127.521, 7.54831e-05, 0.000155602, -0.000210547, 
711, 158127, -10.7831, 90.2373, 152.9, 4.6413e-05, -7.25028e-05, -0.000273089, 
712, 31163.6, -144.951, 121.342, -143.433, 0.000188512, -0.000175883, 0.000246714, 
713, 22434.4, -32.9903, 62.0984, 107.722, 8.92672e-05, -5.96922e-05, -0.00016112, 
714, 128585, -170.912, 119.807, 72.9304, 0.000293176, -0.00012007, 3.04045e-05, 
715, 26803.9, 57.7845, -16.0786, 54.5795, -0.000266089, 0.000192674, 4.34856e-05, 
716, 141477, 135.796, -78.5315, 162.442, -0.00023118, 0.000221204, -0.000304359, 
717, 29940.8, -48.9326, -58.3046, -40.0802, 0.000119011, 0.000101296, 2.89615e-06, 
718, 18917.2, 88.8393, -79.781, 150.416, -7.69711e-05, 0.000189233, -0.000308629, 
719, 281873, 80.2309, 75.6389, -132.583, -0.000112801, -4.66217e-05, 0.000347442, 
720, 11308.4, 22.7375, 71.0625, 5.33769, -4.30014e-05, -0.000123327, -7.33535e-06, 
721, 157756, -44.353, -171.801, -188.426, -4.11234e-05, 0.000248557, 0.000551412, 
722, 25025.7, -155.896, 31.9673, -21.1057, 0.000278514, 9.75996e-05, 5.01536e-07, 
723, 92716.1, 144.067, -173.157, 96.4646, -0.000219203, 0.000502153, -1.95943e-05, 
724, 188554, -17.6418, -28.8745, 98.0869, 0.000146753, 8.41581e-05, -0.000208454, 
725, 41532.6, -130.594, 84.2403, -115.014, 0.000259652, -0.000127074, 0.000192172, 
726, 99632.2, 159.791, -56.5922, 44.9477, -0.000227309, 0.000114357, -0.000115375, 
727, 160690, 114.561, -183.586, -54.1639, -0.000286737, 0.000345105, 8.71654e-05, 
728, 131702, -59.3386, 112.549, 6.05659, -0.000303877, -0.00035225, 0.000276959, 
729, 54358.5, -159.629, 160.329, -117.175, 0.000201205, -0.000279775, 0.000119615, 
730, 83331.7, -47.4689, -37.239, -68.9324, 0.000213285, 9.51948e-06, 8.31583e-05, 
731, 107531, -94.2677, -69.4063, 147.233, 0.000195593, 0.000150242, -0.00025205, 
732, 367160, -186.502, 33.701, -23.2248, 0.000419589, 2.88438e-05, -1.59549e-06, 
733, 111899, 178.329, 116.226, 156.078, -0.000316347, -0.000297669, -9.43792e-05, 
734, 56183.8, 111.524, -52.1592, 54.1144, -0.000225017, 8.62936e-05, -5.78041e-05, 
735, 20282.6, 152.489, 26.8391, -138.086, -0.000307699, 2.11879e-05, 0.00029064, 
736, 96352.5, -189.41, 93.2004, -161.383, 0.000300613, -7.35714e-05, 0.000242964, 
737, 73231.5, -8.79661, 89.9642, 114.616, 7.08595e-06, -0.000131014, -0.000170507, 
738, 23543.7, -32.0145, 73.7596, 131.239, 0.000124004, -2.9363e-05, -0.000280001, 
739, 138290, 137.848, 70.3961, -21.0332, -0.000266024, -2.75374e-05, -1.00708e-05, 
740, 59663.6, -50.4085, -171.145, 57.3333, -1.85596e-05, 0.000390488, -6.46185e-05, 
741, 89601.2, -137.46, -170.298, 181.668, 0.00014262, 0.000211597, -0.000251044, 
742, 74577, -190.303, -39.4914, -107.396, 0.000462818, 6.57237e-05, 0.000183291, 
743, 29122.6, -40.2343, -93.9678, -166.863, 8.48011e-05, 6.31284e-05, 0.000391435, 
744, 146113, 142.079, -176.401, 132.98, -0.000147784, 0.000326085, -0.000230049, 
745, 18437.7, -0.427482, -80.7112, 131.505, 3.81608e-05, 0.000176038, -0.000205668, 
746, 157720, -134.345, 56.6823, -163.175, 0.000331122, 8.47755e-06, 0.000344642, 
747, 171116, -58.3394, 103.579, -67.2615, -2.34651e-05, -0.000207916, 6.3132e-05, 
748, 71541.6, 2.13864, 191.993, -51.7008, -2.23281e-05, -0.000409018, 6.84748e-05, 
749, 165593, -33.2198, -41.2344, -192.335, -8.9844e-06, -4.26845e-05, 0.000503178, 
750, 10327.8, 176.963, 185.392, 174.855, -0.000220247, -0.000325252, -0.000318632, 
751, 131840, 34.1597, -80.127, 118.969, 3.97305e-05, 0.00018905, -0.000265229, 
752, 129408, -41.925, -16.5998, -192.839, 7.70995e-05, -7.64786e-05, 0.000390654, 
753, 65338.1, 131.768, 197.088, 176.544, -0.000574162, -0.000525452, -0.000177823, 
754, 60879, -41.0342, 128.609, -103.328, -1.80604e-05, -0.000268251, 0.000152339, 
755, 141658, 130.827, 29.2945, 174.725, -0.000218781, -4.32287e-05, -0.000295311, 
756, 5539.73, 132.22, 115.883, -51.2311, -0.000396311, -0.000187261, 0.000199737, 
757, 224575, -77.476, 67.1569, 189.538, 7.29118e-05, 1.68436e-05, -0.000401476, 
758, 171954, -44.6028, -9.26959, 143.256, 8.00564e-05, -2.38861e-05, -0.000288043, 
759, 31820.8, -106.643, 123.038, -41.747, 0.000411172, -0.000530992, 0.000344986, 
760, 40038.3, -69.9162, -108.3, -106.126, 0.000109911, 6.72231e-05, 0.000139772, 
761, 7701.21, -184.405, -171.812, -124.636, 0.000310687, 0.000282586, 5.29553e-05, 
762, 196357, -197.028, 155.183, -107.438, 0.000292651, -0.000293385, -1.33189e-05, 
763, 6336.31, 188.942, -92.3816, -13.4987, -0.000408209, 0.000115654, 3.33117e-05, 
764, 1709.39, -169.568, -72.0687, 106.666, 0.000394409, -0.000157127, 8.67314e-05, 
765, 11542.5, 117.306, 182.361, 46.9837, -0.000151507, -0.000353438, -3.39416e-05, 
766, 72041.4, 179.981, 69.7737, -9.00142, -0.000587114, 8.5424e-05, -0.0004021, 
767, 165037, -180.531, 129.251, 93.6083, 0.000604413, 2.54787e-06, -0.000115826, 
768, 34708.8, 120.27, 55.6284, 53.4351, -0.000161335, -6.14805e-05, 3.00307e-06, 
769, 42470.9, 46.7765, -149.992, 32.996, -0.000139778, 0.000205577, 0.000167095, 
770, 121723, 46.7771, -81.3354, -122.785, -0.000142524, 0.00014132, 0.000191651, 
771, 26102.7, -142.559, 39.2593, -147.206, 0.000294684, 6.43325e-05, 0.000207023, 
772, 7787.3, -67.9712, -142.596, 77.7638, 3.13654e-05, 0.000126405, -0.00019265, 
773, 57754.5, 111.785, -50.9843, -149.556, -0.000285545, 9.83097e-05, 0.000232316, 
774, 183930, -187.653, 139.592, -194.287, 0.000238869, -0.000110511, 0.000264174, 
775, 13828.6, -10.4733, 194.297, -76.5872, 5.89034e-05, -0.000392327, 0.000135303, 
776, 108453, -75.6608, 76.3933, 169.871, 7.00512e-05, -5.57864e-05, -0.000190605, 
777, 14144.5, -100.581, -20.2159, -11.6783, 0.000104374, 0.000177278, 6.09833e-05, 
778, 285205, 97.4493, 14.5676, 174.653, -6.66121e-05, 2.77692e-05, -0.000290854, 
779, 259617, 61.69, -187.908, 153.196, -0.000121424, 0.000479498, -0.000190492, 
780, 32292.8, -144.132, 97.8934, -98.0901, 0.000253086, -0.000163325, 0.00012226, 
781, 111122, -32.7951, -45.7244, -68.4181, 4.24663e-05, 9.08374e-05, 7.24178e-05, 
782, 236248, -171.034, -97.4206, -96.9535, 0.000261629, 0.000144408, 2.46245e-05, 
783, 111757, -197.77, 124.418, -39.5236, 0.000478593, -0.000200541, -4.40353e-05, 
784, 101701, 50.6788, 168.384, 56.7819, 0.000236965, 4.79741e-05, -0.000652238, 
785, 2229.58, 185.069, 91.045, 81.6475, -0.000388881, -5.95334e-05, -1.88613e-05, 
786, 55331, -163.02, 63.6641, -32.2651, 0.000621054, 0.000533524, 0.000103684, 
787, 53331.2, -180.997, -174.6, 88.3463, 0.000339728, 0.000303908, -6.68658e-05, 
788, 62281.1, 30.6441, -0.543374, -197.792, -5.90484e-05, -3.21447e-05, 0.000418542, 
789, 234380, -51.31, 113.526, 149.519, 7.6871e-05, -0.000158903, -0.000260749, 
790, 19217.9, -20.9927, 108.08, 84.3116, 9.80309e-05, -9.00538e-05, -0.000202104, 
791, 140594, -159.39, 29.5606, 122.059, 0.000118404, 2.75988e-05, -0.000123193, 
792, 100843, -164.863, -70.7785, 44.3152, 0.000312192, 0.000129685, -0.000109637, 
793, 422432, 142.357, -146.251, 104.956, -0.000831066, -0.00019567, -0.000519999, 
794, 20487.2, -173.705, -93.5219, 151.1, 0.000259338, 0.000121725, -0.00022053, 
795, 185369, 86.1996, -138.307, 103.327, -0.000266545, -2.41127e-05, -0.000119022, 
796, 206092, 177.544, 32.6822, -51.4819, -0.000386826, 7.38141e-06, 8.1367e-05, 
797, 123508, 142.592, -108.651, -45.2483, -0.000274523, 0.00011403, 0.0001187, 
798, 1376.47, -56.0854, -29.5277, -71.7742, 0.00027857, -7.0556e-05, 0.00013101, 
799, 260281, 42.3735, 137.496, 30.1815, -3.12326e-05, -0.000177685, 8.93706e-05, 
800, 6882.78, 182.133, 21.8218, -88.2736, -0.000240371, -0.000254168, -6.15749e-05, 
801, 49264.1, -24.3542, 158.202, 148.709, 7.69197e-05, -0.000247355, -0.000308198, 
802, 20497.8, -20.0254, -64.3668, -82.8765, 0.000120534, 3.41947e-05, 6.80403e-05, 
803, 23348.4, 198.041, 117.899, 169.594, -0.000528667, -0.00017392, -0.000279306, 
804, 7627.29, -146.208, -58.583, 121.563, 0.000210847, 8.45353e-05, -0.000180863, 
805, 15368.3, 171.646, -93.0963, 5.26082, -0.000373139, 0.000228655, 5.93347e-05, 
806, 28579.3, -139.619, -137.813, 154.334, 0.000820114, 0.000486235, -0.0013171, 
807, 122719, -3.40916, -69.4075, -95.9681, 2.11721e-05, 4.52938e-05, 0.00015046, 
808, 48207.6, -156.727, -44.1522, -138.672, 0.000202583, -3.58832e-05, 0.000225524, 
809, 107008, 55.3531, 176.968, 151.874, -8.56753e-05, -0.000271188, -0.000194431, 
810, 18833.8, 61.9802, 155.163, -190.203, -2.45744e-05, -0.000145908, 0.000345857, 
811, 57604.9, 83.085, 14.8366, -148.064, -0.000112792, -5.3232e-05, 0.000303703, 
812, 42206.3, -147.726, 179.903, 124.729, 0.000139378, -0.000296295, -7.14038e-05, 
813, 206861, 119.792, -66.7134, -95.5659, -0.000222601, 0.00012729, 0.000146056, 
814, 181820, 183.411, 24.3136, 165.912, -0.000332816, 8.36805e-05, -0.000218514, 
815, 52374.7, 44.9405, -129.109, -21.4469, 0.000114488, 0.000432826, -2.08964e-05, 
816, 58335.8, 102.679, 103.182, -111.604, -0.000185472, -0.000167842, 0.000208756, 
817, 10924.7, 143.931, -46.74, -105.061, -0.000170799, 0.000104514, 0.000123983, 
818, 233079, -127.248, 122.001, 124.69, 0.000113003, -0.000146955, -0.000241203, 
819, 285093, 43.5723, -5.13421, 60.2683, -2.56333e-05, 5.85183e-05, -2.51071e-05, 
820, 142762, 111.883, 119.917, 13.2641, -0.000217925, -0.000160945, -6.16889e-05, 
821, 368984, 192.507, 133.681, -124.67, -0.000418751, -4.17115e-05, 0.000237418, 
822, 21311.2, -160.17, 27.1061, -82.1145, 0.000361641, -3.90174e-05, 0.00010556, 
823, 9538.85, 12.2822, -123.374, -47.762, -1.86721e-05, 0.000301167, 0.00015158, 
824, 66198.4, 22.522, 30.7948, -59.1124, 2.12793e-07, -7.89213e-06, 0.00014167, 
825, 92104.2, -55.3514, -142.026, 35.5376, 2.95433e-05, 0.00022762, -6.52857e-05, 
826, 42347.6, 7.03661, 27.3773, -8.61768, -2.27879e-05, -3.81391e-05, -5.92665e-05, 
827, 32190.1, 195.371, 101.498, 84.8674, -0.000397459, -0.000100314, -3.69815e-05, 
828, 41709.3, 41.8559, 121.829, 167.707, 7.41364e-05, -0.000216372, -0.000295013, 
829, 47823.2, 42.4456, -169.57, 76.3538, 2.90707e-05, 0.000390352, -8.89032e-05, 
830, 3506.43, -109.743, -50.3719, 135.825, 0.000230096, 0.000107137, -0.000174856, 
831, 88237.2, 165.608, -81.2835, 18.9995, -0.000314227, 0.000211511, -1.75914e-05, 
832, 3309.83, 73.9877, 134.919, -169.606, -3.76452e-05, -0.000148561, 0.000331098, 
833, 57350.1, 67.6754, -92.4552, -172.082, -0.000185311, 0.000186541, 0.000345364, 
834, 13883.6, 190.891, -135.4, -148.554, -0.000292935, 0.000109087, 0.000167561, 
835, 89249.6, 1.98894, -136.594, -109.207, 4.73527e-05, 0.000371179, 7.23885e-05, 
836, 41456.9, 178.489, 153.051, 163.697, -0.000349099, -0.000225387, 6.26191e-05, 
837, 1768.98, 71.6141, -9.87194, 46.8188, -0.000253728, 0.000113438, -1.25087e-05, 
838, 164552, -129.53, 103.491, 178.631, 4.56835e-06, -0.000499366, -0.00056225, 
839, 76215.5, -10.1966, -77.2572, 141.72, 9.14694e-05, 0.000123264, -0.000307038, 
840, 42834.4, -4.57585, -128.387, 131.403, 0.000113595, 0.000213005, -0.000403166, 
841, 315284, -149.664, -122.867, -170.06, 0.000240614, 0.000220816, 0.000325361, 
842, 70649.2, 139.637, -136.522, -151.968, -7.18701e-05, 0.00028037, -0.000220801, 
843, 18007.5, -142.87, -82.4785, -9.8015, 0.000241482, 8.22658e-05, -5.36665e-05, 
844, 72124.9, -14.2729, 44.5602, -19.6237, -3.40777e-05, -0.000170706, -0.000105674, 
845, 527644, 135.735, -151.054, -18.5909, -0.000259249, 0.000257061, -1.42691e-06, 
846, 170939, 192.32, 21.675, 107.001, -0.000365135, 5.65345e-06, -9.21511e-05, 
847, 131368, 69.7854, -194.434, -83.1893, 0.000318803, 0.000549984, -0.000140432, 
848, 68263.8, 35.1406, -51.8099, 19.9182, -3.44411e-05, 6.37306e-05, 3.67099e-05, 
849, 4253.48, -58.4232, 47.5306, 141.047, 9.04037e-05, -1.29148e-06, -0.000276583, 
850, 62132, -46.5662, 40.7255, -157.787, -0.000321673, -0.000281254, 0.00050194, 
851, 187780, 51.9346, -130.186, -153.916, -0.000132764, 0.000190658, 0.000285246, 
852, 46555, -79.0817, 113.997, 184.605, -0.000412642, -0.00046479, -0.000292467, 
853, 52138.4, 69.3139, 22.446, 45.0062, 9.42834e-05, -0.000446904, -0.00101127, 
854, 105525, 25.9611, 7.1009, -42.757, -4.92515e-05, -3.91589e-05, 0.000150086, 
855, 94645.3, -0.442007, 68.5015, -15.2836, -4.0854e-05, -0.000162662, 9.95639e-06, 
856, 33015.8, 73.4347, -161.674, -50.5627, -1.7609e-05, 0.000252741, 3.93368e-05, 
857, 153036, -188.194, -153.326, 134.087, 0.000303152, 0.000159631, -0.000213133, 
858, 175048, 120.756, -21.5688, -71.0803, -0.000112276, 0.000134582, 0.000311161, 
859, 3732.86, 187.591, -1.39312, 20.2672, -0.000396631, -2.08931e-05, -6.95484e-06, 
860, 102960, -164.815, -24.5833, 26.5634, 0.00030129, 3.63754e-05, 7.10632e-05, 
861, 1943.71, -186.373, 26.7657, -101.24, 0.0003394, -2.28491e-05, 0.000139385, 
862, 37579.4, -108.755, 32.4527, 187.46, 9.00331e-05, -1.56251e-06, -0.000329705, 
863, 75596.7, -124.817, 178.95, -174.418, 0.000242458, -0.000193603, 0.000212557, 
864, 72914.4, 164.702, 158.255, -174.671, -0.000225799, -0.000163747, 0.000303589, 
865, 40058.9, -197.275, -61.2188, 105.127, 0.000352976, 7.91232e-05, -0.0001225, 
866, 2443.56, 161.552, 141.409, 191.968, -0.000259241, -0.0003355, -0.00056547, 
867, 228494, 158.032, 183.532, 82.2073, -0.000246337, -0.000438344, -0.00015788, 
868, 144972, 20.6289, 158.757, 75.6692, 7.47661e-05, -0.00015878, -0.00025166, 
869, 240247, 60.5726, 136.128, -70.0173, -5.76502e-05, -0.000281546, 0.000114873, 
870, 23085.4, 153.959, -62.7483, -176.223, -0.000248713, 9.04938e-05, 0.000277496, 
871, 37939.5, 104.385, 39.7522, -73.7148, -0.000168335, -1.26226e-05, 0.000185376, 
872, 5296.39, -157.712, -165.45, -141.28, 0.00031705, 0.000284038, 1.03262e-05, 
873, 39944.8, -66.5751, 133.916, 42.1901, -4.5361e-05, -0.000299597, -2.36076e-05, 
874, 87785.1, 22.5534, -147.921, -152.613, -4.56646e-05, 0.000238238, 0.000293788, 
875, 31832.4, 27.8137, 7.66923, 65.992, 0.000313748, 0.00012599, 6.51355e-05, 
876, 438661, 153.99, 119.966, 181.26, -0.000316729, -0.000237693, -0.000403477, 
877, 66176.8, -63.0109, -15.8086, 21.8571, 0.000123058, 0.0001085, -4.03801e-05, 
878, 62483.6, -150.163, -166.356, 100.298, 7.43574e-05, 0.000230185, -9.95038e-05, 
879, 144637, 94.378, 105.264, 132.061, -0.000338371, -0.000235578, 0.000117466, 
880, 97243.1, -29.9932, -131.889, 163.661, 2.91061e-05, 0.000229667, -0.000294679, 
881, 74869.6, 44.8696, 99.522, 94.8943, 3.86433e-05, -5.85884e-05, -0.000210773, 
882, 76207.2, -15.4475, 71.4226, 120.195, 3.82779e-05, -1.54879e-05, -0.000218164, 
883, 3864.62, 151.989, -194.036, 54.8673, -0.000182718, 0.000359487, -4.55139e-05, 
884, 90040.9, -59.7599, 188.501, 104.86, 4.52137e-05, -0.000380824, -0.000162398, 
885, 43910, -168.441, 126.745, -173.537, 0.00018802, -0.00011073, 0.000242486, 
886, 18767.4, -185.043, 38.2532, -142.202, 0.000277394, -5.50495e-05, 0.0001493, 
887, 16072.5, -86.1835, -80.9461, -36.8811, 0.000184214, 8.78338e-05, 1.6832e-05, 
888, 88055, 64.1134, -72.5082, 51.347, -0.000221746, 0.000201672, -2.73103e-05, 
889, 124105, -36.7154, -51.0392, -180.847, -5.25117e-05, 5.96489e-05, 0.000223427, 
890, 81550.8, 103.252, 189.91, 120.523, -0.000106442, -0.000373211, -0.000152039, 
891, 207409, -149.57, -42.5228, 167.949, 0.000219171, 0.000186463, -0.000199482, 
892, 17292.2, -197.804, 150.312, 132.507, 0.000349593, -0.00015665, -0.000155276, 
893, 29477.8, 66.3673, 167.9, -181.753, -1.96005e-05, -0.000210521, 0.000325681, 
894, 7475.22, -13.851, -156.992, -141.577, 1.61728e-05, 0.000292451, 0.000216105, 
895, 61370.8, -119.259, -195.746, 89.1641, 0.000113484, 0.0003661, -0.000115438, 
896, 308324, 84.4329, 186.174, -144.455, 0.000187402, -0.000238387, 9.0322e-05, 
897, 110445, -184.316, -123.283, 68.2533, 0.000328174, 0.000140276, -9.6002e-05, 
898, 109736, 178.563, -82.758, 101.514, -0.000389564, -0.000291099, -0.000330529, 
899, 82634.2, -78.367, -41.8538, -170.689, 0.000127207, 3.0718e-05, 0.000305005, 
900, 15369.9, 106.545, 128.069, 46.0154, -0.000257526, -0.000195366, -3.0074e-05, 
901, 19852.3, 30.6686, 48.8431, -23.0987, -4.25651e-05, -8.18285e-05, -5.03729e-06, 
902, 30159.8, 153.112, 95.1207, -196.845, -0.000234037, -1.48569e-05, 0.000351638, 
903, 406168, 24.0232, -46.4354, -103.665, -4.98596e-05, 3.78734e-05, 0.000171239, 
904, 283206, -98.2249, -151.437, 22.1999, 7.5456e-05, 0.000284886, -0.000104218, 
905, 74862.1, 125.769, 21.9052, 141.3, -0.000216917, 3.0574e-05, -0.000129532, 
906, 29928.4, 129.672, -121.527, 119.448, -0.000177455, 0.000110378, -0.000276015, 
907, 56321.9, -33.5079, -92.4455, 94.4391, 7.91341e-05, 0.000191435, -0.000136965, 
908, 70579.5, -174.133, -151.892, 118.124, 0.000248271, 9.13968e-05, -0.000157643, 
909, 2374.24, -23.0497, -29.4406, -4.63359, 0.000115521, 9.94969e-05, -5.53459e-05, 
910, 257749, 10.927, -117.214, -113.946, -1.45395e-05, 0.00017957, 0.000149546, 
911, 52870.8, -181.55, 175.252, 143.427, 0.000402275, -0.000164558, -0.000105593, 
912, 73734.5, 17.2516, 172.035, -26.8557, 2.77332e-05, -0.000331097, 7.31221e-05, 
913, 154890, -65.2005, 110.624, 10.3866, 0.000431008, -0.00010404, -0.000253932, 
914, 34503.2, 28.6501, -172.637, -148.788, -0.000109109, 0.000245549, 0.000201347, 
915, 302313, -3.71628, 30.872, -116.188, -1.61665e-05, -6.86012e-05, 0.000125371, 
916, 48269, -22.3706, -121.555, -147.806, -4.11156e-05, 0.000129186, 8.86068e-05, 
917, 71440.3, 45.3311, 142.268, -88.0835, 1.81274e-05, -0.000334272, 0.000256805, 
918, 37656.2, 165.008, 113.286, -120.997, -0.000266185, 9.94176e-05, -4.90262e-05, 
919, 214827, -49.1518, 32.5491, -153.815, 0.00010692, 0.000179097, 0.000224529, 
920, 37174.1, 146.575, -72.3548, -94.6068, -0.000319182, 0.000163943, 6.94864e-05, 
921, 188731, 162.452, 169.273, 75.991, -0.000308661, -5.24366e-05, -2.13e-05, 
922, 85920.2, 118.615, 9.35111, -108.192, -0.000172801, 4.19181e-05, 0.000231681, 
923, 30814.5, 160.636, -25.7908, -179.197, -0.000276506, 1.84062e-05, 0.00027686, 
924, 546352, -143.7, -14.1915, 190.778, 0.000153656, 9.75975e-05, -0.00031415, 
925, 11079.1, -92.481, -75.0748, 173.563, 0.000145945, 9.5125e-05, -0.000368004, 
926, 117668, 115.378, 90.5099, -153.034, -1.61958e-05, -0.00157944, 7.80743e-05, 
927, 65187.6, -40.8584, -162.481, 8.86816, 2.37731e-05, 0.000349957, -3.78869e-05, 
928, 12481, -191.534, 191.438, -29.7709, 0.000344405, -0.000328959, 3.30261e-05, 
929, 7076.11, 61.5093, -157.853, 140.908, -0.000165914, 0.000241639, -0.000144771, 
930, 113044, 149.148, -134.303, -107.381, -0.000234635, 9.74909e-05, 0.000162786, 
931, 30277.5, 119.577, 60.8765, -172.285, -0.000137998, 1.25746e-05, 0.000361106, 
932, 19134.3, 152.572, 88.8117, 117.148, -0.00024567, 1.9475e-05, -6.94662e-05, 
933, 33956, 131.883, -85.0692, 138.17, -0.000208638, 0.000257305, -0.000265756, 
934, 41452.5, -24.2101, -44.2041, 44.0725, 0.000133621, 0.000121708, -4.6804e-05, 
935, 88960.2, 170.418, -41.7678, 42.4365, -0.000427644, -4.85861e-05, -0.000185897, 
936, 41976, -169.861, 182.1, -141.721, 0.000215896, -0.000282623, 0.000149387, 
937, 217216, -103.392, -161.12, -156.026, 0.000124613, 0.00033986, 0.000362323, 
938, 23265.7, 119.645, -151.179, 181.795, -0.000223181, 0.00018021, -0.000319357, 
939, 50930.9, 94.2128, 153.074, -98.6427, -3.49818e-05, -0.000269508, 0.000204898, 
940, 156684, -77.0572, -99.9684, -67.5736, 0.000145725, 9.84503e-05, 4.38368e-05, 
941, 20818.4, -42.1018, 171.868, 14.0281, 0.000158026, -0.00036291, 3.22545e-05, 
942, 128535, -132.03, 98.5893, 175.169, 0.000450315, 0.000339131, 5.47129e-05, 
943, 123191, -77.5246, 186.868, -107.559, 1.73454e-06, -0.000396588, 5.28254e-05, 
944, 30204, -197.58, 27.9961, -89.7199, 0.000387406, -3.23403e-06, 0.000119952, 
945, 14151, 101.185, 41.9214, -152.896, -0.00015277, -1.69719e-05, 0.000346563, 
946, 636.499, 74.904, -7.87115, -163.239, -5.35577e-05, -9.77059e-05, 0.000316629, 
947, 210578, -176.909, 132.324, 93.9539, 0.000249473, -0.000300315, -0.000143211, 
948, 151705, 63.0965, 172.756, -43.4456, -4.55739e-05, -0.000390006, 6.6208e-05, 
949, 85668.2, -15.5332, 29.3252, -123.986, 0.000352236, 1.30497e-05, 0.000388661, 
950, 8067.9, 27.4612, 40.0874, 130.515, 1.76471e-05, 1.6039e-05, -0.000247694, 
951, 10259.9, -52.6632, 109.965, -9.98469, -2.1268e-05, -0.000198457, 0.000188029, 
952, 248973, 71.4358, -60.1285, 101.864, -0.000160601, 0.000154576, -0.000196757, 
953, 22777, 151.728, 58.1181, -125.183, -0.00033056, -5.46407e-05, 0.000232505, 
954, 221946, 36.7071, 58.4316, -61.0945, 8.90031e-05, -1.44055e-05, 7.82672e-05, 
955, 4167.21, -38.9181, 60.3645, 39.0695, -0.000121687, -5.27172e-05, -8.52213e-05, 
956, 63225.3, 52.3258, 62.394, -60.7363, -0.000296247, 4.97592e-05, -5.16002e-05, 
957, 76883, 177.169, 182.306, -149.148, -0.000271632, -0.000280255, 0.000188155, 
958, 16714.9, -42.8919, 173.259, 194.508, 6.1448e-05, -0.000259575, -0.000357756, 
959, 142125, 152.942, 92.318, 174.963, -0.000305292, 0.000169979, -0.000332112, 
960, 50927.3, 139.648, 86.6407, 59.3184, -0.000275367, -0.000150722, -2.52327e-05, 
961, 23374, 82.5437, 85.8592, 18.6428, -0.000133142, -8.05231e-05, -3.09404e-05, 
962, 186842, 73.6325, 98.9623, 145.541, 0.00027081, -3.19217e-05, -0.000163579, 
963, 186016, -179.237, 124.229, 12.2199, 0.000344548, -0.000185946, -1.03327e-05, 
964, 150017, -117.652, 175.414, -72.0492, 0.000164511, -0.000345371, 8.07348e-05, 
965, 12351.6, -8.85584, 66.5135, 172.592, 5.45146e-05, 5.4425e-05, -0.000353078, 
966, 18040.7, -121.241, 182.726, 152.216, 0.000205221, -0.000348167, -5.30168e-05, 
967, 365471, 64.0746, 78.6075, -78.9615, -0.000125774, -0.000115705, 0.00017681, 
968, 141398, 7.46968, 26.3448, 110.644, 3.0881e-05, -6.25372e-05, -0.000269379, 
969, 39913.5, 6.04794, -59.7045, 35.1821, 0.000238009, 0.000102017, 8.64282e-06, 
970, 4957.12, -175.818, -40.168, 89.8762, 0.000368583, 0.000140647, -0.000107789, 
971, 56588.8, -111.826, 102.682, -153.467, 0.000225327, -0.000184311, 0.000215756, 
972, 33212.9, -168.049, -151.995, -134.918, 0.000348134, 0.000260756, 7.87402e-05, 
973, 27703.4, 168.667, -153.255, 65.9662, -0.00035757, 0.000278406, -9.47071e-05, 
974, 77007.2, 41.2681, -78.4549, 47.9333, -0.000119622, 0.000378341, -5.02548e-05, 
975, 56906.5, -19.9966, 8.0607, -20.2055, 8.43987e-05, 6.39788e-05, -3.09908e-06, 
976, 40865.7, -135.093, 69.1127, 12.6453, 0.000277384, -0.000187747, -0.000114639, 
977, 5817.58, -151.675, 142.533, 78.384, 0.000277433, 4.46835e-05, 5.77106e-05, 
978, 76162.7, 155.633, -82.0605, 80.2322, -0.000249734, 9.23048e-05, 5.85407e-05, 
979, 43151.2, -178.017, 151.345, 109.352, 0.000355317, -0.000335595, -0.000218275, 
980, 38264.6, 47.9126, 67.5573, -64.6442, -1.40136e-05, -0.000303995, 0.000178028, 
981, 32246, 163.12, -165.392, -100.15, 0.000247914, 0.00107659, 0.000359562, 
982, 205630, 91.3181, -176.032, -88.9264, -0.000363842, 5.70284e-05, 0.000124117, 
983, 152053, -174.607, 178.35, -30.3872, 0.000304936, -0.000292202, 7.87104e-05, 
984, 176833, 155.571, 93.7301, 96.7962, -0.000316326, -9.8644e-05, -2.496e-05, 
985, 35522.5, -156.845, -137.901, -35.8777, 0.00029322, 7.08876e-05, 0.000175345, 
986, 12347.6, 60.2386, -26.5983, -192.832, -4.5938e-05, -2.81997e-05, 0.000451165, 
987, 141252, 151.889, -185.886, -81.3821, -0.000188063, 0.00036469, 5.34985e-05, 
988, 32501.8, -26.7073, -63.0409, -152.128, 4.36179e-05, -9.4399e-06, 0.000256966, 
989, 118945, -172.664, 92.5266, -103.748, 0.000298549, -0.000121147, 9.54456e-05, 
990, 26452.4, 98.3254, 172.969, 86.0457, -0.000149217, -0.000355954, -9.23925e-05, 
991, 155703, 95.6361, 59.6598, -46.4426, -0.000156227, -0.00013121, 6.79908e-05, 
992, 137638, 103.104, -162.751, -40.193, -0.000118124, 0.000175164, 2.14772e-05, 
993, 25517.8, 30.663, -87.3032, -12.3843, 7.49364e-05, -0.000351122, -0.000459347, 
994, 35546.1, 113.172, 134.451, 181.033, -7.96849e-06, -0.000294997, -0.000299148, 
995, 199466, -61.8427, 57.3385, 28.2258, 0.000164938, -2.23741e-05, 4.29675e-05, 
996, 168949, 179.509, -105.67, -39.0205, -0.000374422, 0.000119802, 7.76436e-05, 
997, 137066, -155.978, 157.259, 85.2364, 0.000326641, -0.000422815, -0.000117951, 
998, 21868.6, -189.496, 129.289, -43.9301, 0.000209726, -0.00045016, 7.51366e-05, 
999, 1415.09, -22.116, -61.1657, -49.5668, 8.11982e-05, 0.00011406, 1.23637e-05, 
