ID, Mass [kg], pos_0 [m], pos_1 [m], pos_2 [m], vel_0 [m/s], vel_1 [m/s], vel_2 [m/s], 
0, 97975.8, 23.6067, -33.1779, -19.9028, -0.000918203, 0.00104962, 6.81756e-05, 
1, 77894.7, -6.84276, -22.5339, -31.0139, 0.0017728, 0.000608134, 0.000212655, 
2, 11402, -36.883, -27.37, 40.0892, 0.000547949, 0.000835072, -0.000513089, 
3, 66098.7, 23.0358, 17.7805, 12.5377, -0.000994731, -0.000464121, -0.000327601, 
4, 44838.5, 41.2367, 35.3144, 19.7001, -0.00178209, -0.0019071, 0.000628565, 
5, 294431, -24.0617, 17.421, 7.24848, 0.00148867, -0.000535432, -0.00116411, 
6, 45520.7, -16.9299, 26.5039, -41.6749, -0.000137047, -0.000221944, 0.00124584, 
7, 104607, -31.4266, -26.8282, 36.9267, 0.000524717, 0.000817423, -0.000676323, 
8, 18630.4, 28.8035, 28.8156, 19.393, -0.000782357, -0.00102005, -0.000378367, 
9, 6880.78, 10.5856, -35.7536, 28.101, -0.000379101, 0.00111201, -0.000919462, 
10, 62559.5, 32.3055, 12.1367, 36.3125, -0.000595518, -0.000366408, -0.00103368, 
11, 25475.3, -21.7322, -14.479, -37.789, 0.000201309, 0.00015484, 0.00179412, 
12, 71640.3, 20.2092, -1.38754, 13.425, -0.00281165, 0.000280096, -0.000362556, 
13, 19375.1, 26.4889, -2.78264, -34.3605, -0.00131215, -0.00106601, 0.000187664, 
14, 192659, -37.1438, -27.2021, 41.077, -0.000650139, 0.000291913, 0.00056571, 
15, 90493.3, 9.26889, 10.4883, 31.816, -0.00158792, -2.47416e-05, -0.000604872, 
16, 55088.9, -13.3872, -10.5885, -20.9402, 0.000411481, 0.000349858, 0.00102539, 
17, 128599, -16.48, -3.55216, 21.7122, -4.29776e-05, 0.000237221, -0.00113015, 
18, 2686.61, -18.8796, -6.17949, 23.9953, -0.000436006, -0.000315362, -0.000674221, 
19, 57797.8, -38.399, 24.2429, 22.844, 0.00247327, -0.000383802, -0.000678078, 
20, 50565.7, 33.0538, 24.1498, -15.1446, -0.00135376, -0.000354414, 0.000256347, 
21, 170562, -8.02123, -22.8174, -30.323, -0.000865579, 0.000482598, 0.00193624, 
22, 46366.2, 24.9478, 15.4584, -21.6709, -0.000313569, -0.000862984, -8.48386e-05, 
23, 48064, 41.1765, 35.3026, 19.7356, -0.000268307, 4.96731e-05, -0.000709284, 
24, 10737.9, 20.6409, 20.0549, 28.3274, -0.000590963, -0.000785523, -0.000799313, 
25, 6821.61, -30.9453, -10.5176, 3.74384, 0.00130985, 0.000952988, 0.000512616, 
26, 85103.7, -18.4224, -17.9397, 21.5966, 0.000115666, 0.000479538, -0.000296299, 
27, 20373.4, 4.12504, -32.1432, -23.828, -0.000483746, 0.00147026, 7.20312e-05, 
28, 40858.5, -25.8948, -11.7157, 28.1906, 0.00124928, 0.00108259, -0.000764192, 
29, 20052.6, 21.3487, 0.437296, -26.8689, -0.000569455, -0.000655075, 0.000334487, 
30, 30553.1, 39.9558, -17.5236, -8.5389, -0.00157575, 0.000629401, 0.000447569, 
31, 162518, -27.6557, -42.8566, 7.2547, 0.000568953, 0.00141993, -0.000118074, 
32, 65626.2, 11.1673, -11.2271, -0.528125, -0.000652804, 0.000595693, -5.52868e-06, 
33, 187658, -37.0065, -27.8106, 41.303, 0.00273803, 0.00233183, -0.00300997, 
34, 143234, 11.3656, 42.3023, -45.455, -0.000177517, -0.000734548, 0.000970076, 
35, 251764, -33.9325, 32.7689, -37.5947, 0.0013301, -0.000499004, 9.57976e-05, 
36, 188234, 3.26464, -43.4333, 10.8465, -0.000418416, 0.00146912, -0.000292798, 
37, 145115, -16.8895, -25.6245, 18.4268, 4.38967e-05, 0.00126092, -0.000313925, 
38, 97491.5, 38.223, -4.30652, 2.05702, -0.000990403, 0.000622983, 0.000412477, 
39, 31783.6, -31.1573, 34.5686, -28.3749, -0.000188609, -0.000624069, -0.000402857, 
40, 3660.49, -13.4823, -24.4606, -0.674327, 0.000917598, 0.00156254, -0.000324476, 
41, 6882.93, 19.105, 25.3114, 12.9669, -0.000124138, -0.00229026, -0.00040971, 
42, 15820.5, 24.7296, 6.275, -31.4176, -0.000807716, -0.0007983, 0.000956002, 
43, 12851.8, 9.86944, 10.1185, 32.9793, -0.000467195, 0.000321936, -0.00282207, 
44, 207554, -42.2196, -37.4252, -26.6306, 0.00111729, 0.00159767, 0.000565456, 
45, 14218.7, 17.1071, 15.758, -13.0999, -0.000712125, -0.000521853, 0.000517942, 
46, 94578.2, 36.8417, 28.6458, 35.9013, -0.000445514, -0.000242409, -0.0014287, 
47, 139467, 45.2183, 30.8442, 44.7892, -0.00104769, -0.000575637, -0.00104537, 
48, 34799.6, 26.8149, 23.9339, 8.02951, -0.00132909, -0.00100638, -6.56471e-05, 
49, 52524.3, -11.2996, 14.7236, -11.6289, 0.000189603, -6.85748e-05, 0.00135588, 
50, 168682, -39.2592, -27.1171, -26.9945, 0.00169079, -0.000903312, 0.000985826, 
51, 4879.07, -31.95, -10.0828, -30.742, 0.00093198, -0.000993278, 0.00164537, 
52, 127413, -27.3054, -40.3019, 41.8495, 0.000100443, 0.00138761, -0.00136251, 
53, 2820, -17.3147, 37.4915, 4.89611, 0.000109989, -0.0018477, 0.000750092, 
54, 67623.2, 12.3941, 10.0029, 35.4287, -0.000928379, -0.000119832, -0.00126675, 
55, 124781, -12.5313, 38.9596, -22.7978, -0.000167747, -0.000816869, 0.000387559, 
56, 44370.6, 0.229233, -2.06691, -2.92729, -0.000224872, -0.000925272, 0.00243162, 
57, 51907.6, -7.76143, -27.1943, 1.62705, -1.23883e-05, 0.00178923, -0.000394484, 
58, 101111, -42.9779, 40.3069, 8.03814, 0.00146969, -0.00113244, 0.000128668, 
59, 12663.5, 35.1589, -3.68476, 19.277, -0.000747289, 0.000807543, -0.00060128, 
60, 211734, -9.51162, 38.0433, 17.6671, -5.70801e-06, -0.00121006, -0.000891638, 
61, 14072.5, 32.0484, -23.1033, -14.3418, -0.000802159, 0.000339033, 0.000417135, 
62, 39936.1, 37.698, -41.9004, -13.5946, -0.000778096, 0.00129929, 0.000209933, 
63, 94816.2, -20.8938, 15.0435, 7.49634, 0.00322369, 0.00184401, 0.00279363, 
64, 294722, 22.9165, -1.86985, 12.5819, -0.000265342, -0.000124562, -0.000618689, 
65, 115209, -34.6569, -37.9218, -7.02774, 0.00100937, 0.00113176, 5.53856e-05, 
66, 297505, -6.92783, 40.892, 14.64, -0.00102283, -0.00212076, 0.000575795, 
67, 109371, 35.6317, -11.7267, 26.3396, -0.00091012, 0.000754135, -0.00062055, 
68, 50319.5, 10.0041, -20.8077, 11.1706, -0.00125477, 0.000870435, -0.00087865, 
69, 94497.4, -14.4592, 2.97257, -35.5123, 0.000297716, -0.000248432, 0.00139152, 
70, 28507.8, 17.308, -2.36238, 35.4318, -0.000401618, 0.000376658, -0.00136235, 
71, 20301.8, -3.80614, -27.8502, -10.2301, -0.000594325, 0.00169608, 0.000330931, 
72, 5514.46, -22.8357, -12.6664, -37.9468, 0.00063475, -0.000566201, 0.00175913, 
73, 51713.3, 8.31013, -22.5297, 12.9756, -0.000194422, 0.00142841, -0.00126583, 
74, 54078.6, -24.4603, -10.8383, 27.0839, 0.000100045, 0.000415424, 3.54665e-05, 
75, 100331, -19.3324, -41.5402, -22.1916, 0.000398336, 0.00164087, 0.000737263, 
76, 16592, -18.5393, 2.42119, 40.4152, -0.000298615, -2.9804e-05, -0.00167568, 
77, 214624, 1.64363, -1.97268, -0.403716, -0.000365198, 0.000547653, -0.00152172, 
78, 77042.2, -3.64414, -13.2542, -2.23719, -0.00105845, 0.000974256, -0.000552389, 
79, 131835, -35.8391, 35.9236, -44.7123, 0.00149308, -0.000901098, 0.000275473, 
80, 36841.1, 25.059, 15.1097, -22.0053, -0.00161578, 0.000314319, 0.00160615, 
81, 30218.7, -35.5919, -41.3296, 22.147, 0.00112587, 0.0012474, -0.000206727, 
82, 5693.83, -24.33, -16.936, -20.1451, 1.50792e-05, 0.000351791, 0.000212524, 
83, 46120.3, 42.9179, 14.5666, -34.7666, -0.00110847, -0.000279689, 0.000694708, 
84, 20479.4, -22.8652, -40.1362, -7.50075, 0.000451076, 0.00159606, 3.6473e-05, 
85, 115679, -12.8997, -40.5178, 21.8227, -0.000261144, 0.00151023, -0.000526007, 
86, 124413, -35.8169, -25.0693, 39.8662, 0.00124128, -0.00183168, -0.000857395, 
87, 14754.9, 30.55, 2.91473, 22.5336, -0.000609418, -0.000504946, -0.00108133, 
88, 1562.9, 1.23793, 22.8062, -26.611, -0.000341809, -0.000565464, 0.00103623, 
89, 213089, 40.037, 0.792904, 19.1568, -0.00140661, -0.000448532, -0.00101015, 
90, 131961, 39.6409, -0.99538, 9.70127, -0.00184474, -0.000386421, 3.11334e-05, 
91, 25620.6, -40.2357, 2.67053, -10.7833, 0.00216065, -4.55804e-05, 0.000542842, 
92, 36643.2, -28.5452, 28.5489, 20.0529, 0.00173755, 0.000340338, -0.00144535, 
93, 10124.3, -17.6607, -4.34205, 23.8463, -0.00103337, -0.000546349, 8.15875e-05, 
94, 134912, 15.0537, -12.4059, -0.0342256, -0.0017374, 0.000675752, 5.84512e-05, 
95, 352934, 0.673873, -5.125, 3.67933, -0.000641252, -0.000614943, 0.000202854, 
96, 53519.9, -33.1707, -5.85078, 38.7777, 0.000869036, 0.000983324, -0.00103321, 
97, 179640, -21.2314, 8.31924, 8.61518, 0.0016753, -0.00166293, -2.94883e-05, 
98, 92275.8, 32.2191, -18.7312, -27.5907, -0.0013904, 0.00058378, 0.000550926, 
99, 37250.3, -8.58755, -38.2281, -36.4432, 0.000383425, 0.00102637, 0.00112247, 
100, 237086, -24.9119, -37.1784, 30.7629, 0.000221834, 0.00140045, -0.000498922, 
101, 89616.5, -35.0593, 3.24488, -9.64036, 0.00137141, -8.46637e-05, 0.000691955, 
102, 131392, -32.5334, -10.3597, 23.3493, 0.0017014, 0.000274342, -0.00019887, 
103, 134711, 37.4294, 28.3117, 37.9195, -0.000626892, -0.00105805, 0.000362673, 
104, 108522, 19.9334, -14.9076, -32.4909, -0.000134592, 0.000873647, 0.00100002, 
105, 228291, 41.0735, -5.64825, 37.9937, -0.00106446, -0.000291705, -0.00137246, 
106, 233820, 25.0533, 40.7062, -15.1297, -0.000843576, -0.00151321, 0.00011652, 
107, 93778.3, -29.5259, -12.872, -19.3285, 0.000889516, -0.000521856, -3.76449e-05, 
108, 109531, -4.22573, -6.40573, -1.59152, 0.00109736, -7.98704e-05, 0.000888594, 
109, 162559, -30.3557, -13.6365, 0.226577, 0.00135036, 0.000518695, -2.52399e-05, 
110, 104548, -20.1472, 42.5775, -41.2015, -0.000286143, -0.00106617, 0.00104016, 
111, 390486, -33.3229, 1.01075, 40.5477, 0.000824883, -0.000268451, -0.00143367, 
112, 17258.3, 2.31986, -23.9483, 20.5852, -0.000334393, 0.000929925, -0.00124445, 
113, 11495, 36.8668, 13.5792, -2.41384, -0.00133321, -0.00058798, 0.000322811, 
114, 198051, 24.7521, 35.6888, -22.0782, -0.000355311, 0.00028046, 5.60902e-05, 
115, 43163.1, 8.48261, -22.7643, 4.61856, -0.000744283, 0.00208157, -6.26925e-05, 
116, 54122, -19.0787, 25.8979, 27.5464, -0.00116165, -0.000896872, -0.0029736, 
117, 7321.58, -19.4352, 15.4519, 19.334, -0.000746889, 0.000919968, -0.00137554, 
118, 45671, 34.0469, 24.9722, -42.5739, -0.000782497, -0.000378533, 0.000987041, 
119, 335394, -25.0175, 28.4286, 21.1619, 0.000459065, -0.0033014, 7.80851e-05, 
120, 146744, -14.3052, -28.1884, -15.6443, 0.000148505, 0.00123833, 0.000921406, 
121, 144968, -28.3977, 28.2765, 18.4015, 0.00116154, 0.000560917, -0.00133067, 
122, 58573.5, 5.66105, 13.5302, -3.97539, -0.000847336, -0.00117975, 0.000425773, 
123, 69771.2, -11.7608, -6.69134, -21.647, 5.76075e-05, -0.000590175, 0.00127038, 
124, 73065.8, -30.7055, 34.5253, 4.67401, 0.00135678, -0.00153892, 0.000583053, 
125, 176383, 42.2994, -0.452734, 40.7104, -0.000781844, 0.000718514, -0.000757305, 
126, 46062, 34.4318, -12.3291, -2.90472, -0.00122161, 0.000922188, 0.00051934, 
127, 56478.2, 38.3337, 31.3017, 32.2621, -0.000777176, -0.000494524, -0.00128216, 
128, 73371.6, 6.55887, 7.45844, -41.5903, -0.000229032, -0.00037388, 0.00148746, 
129, 64320, -22.1718, 29.2424, 14.3752, -0.000274105, -0.0017821, 0.00144312, 
130, 34299.5, -33.0273, -20.1897, -25.5639, 0.00377487, 0.00243189, 0.00116573, 
131, 95466.1, -15.03, -33.884, -14.8978, 0.000220699, 0.00211639, 3.30818e-05, 
132, 38698.9, -37.922, -37.6018, 6.50341, 0.00133322, 0.000891504, -0.000183767, 
133, 99701.7, -19.4738, 13.4796, 7.38981, -0.00268415, -0.00011891, -0.000515876, 
134, 390402, -7.21896, -16.5444, -4.41502, 0.000516081, 0.0011277, 0.000401659, 
135, 51660.2, 3.7365, 11.7351, 33.4261, 0.00048733, -0.000412827, -0.00170997, 
136, 67734.6, 26.0936, 41.6551, -18.3274, -0.000324335, -0.0013192, -0.00181578, 
137, 2782.49, 4.79327, -2.99649, -28.6801, -0.000188205, -0.000303367, 0.00127051, 
138, 74344.9, 20.1581, 23.4717, 12.7896, -0.000575055, -0.0010805, -0.000407771, 
139, 97141.8, 21.7536, -18.7233, -4.59995, -0.00124041, 0.00117214, 0.000371426, 
140, 210366, -9.63364, 22.4954, -9.39671, -0.000224908, -0.000898981, 0.000762321, 
141, 40577, 1.97433, 25.5814, -4.79843, -0.000771238, -0.00116554, 0.000301559, 
142, 42182, 40.4759, 1.28401, 21.2902, -0.00165689, 0.00039302, 0.00122868, 
143, 43465.5, -24.2323, 23.939, 22.4917, 0.00629996, 0.00211484, -0.00279661, 
144, 15541.7, -23.6866, 23.7398, 22.3486, 0.0029835, 0.00224148, 0.00471514, 
145, 77758.8, 5.93982, -10.2504, -2.24789, -0.000917775, 0.000752391, 0.00126538, 
146, 59817.6, 3.98767, -16.0162, -16.4896, -0.00057296, 0.00059344, 0.0010967, 
147, 25797.1, -5.84818, -40.8712, -29.7908, 5.73786e-06, 0.00144332, 0.000617885, 
148, 56695.6, 8.36206, -18.8355, 4.87288, -0.000641922, 0.00111726, -0.000462944, 
149, 5675.67, -21.2032, 22.3126, 26.688, 0.00123511, 0.000484893, 0.000791713, 
150, 10058.9, 5.9132, -28.3552, 17.2801, -0.000449901, 0.0014558, -0.00104629, 
151, 109307, 33.5454, -30.3364, 29.8118, -0.00184332, 0.00125218, -0.000391875, 
152, 64680.1, 10.157, 10.4407, 32.8171, 0.00114207, -0.000719753, -0.00160219, 
153, 355851, 17.7297, -35.746, -32.1928, -0.000612966, 0.00097913, 0.000837182, 
154, 112081, 24.036, -9.23792, -32.132, -0.00160265, -0.00126213, 0.00201527, 
155, 136525, 45.4516, -38.2893, -42.0402, -0.000806928, 0.000536158, 0.000618451, 
156, 24618.5, -40.9217, -18.0375, -16.9539, 0.00180852, 0.000146497, -0.000189599, 
157, 30278.3, -10.4754, 1.05804, -3.96804, 0.00060307, -0.000390551, 0.00104502, 
158, 74807.4, -37.5084, 34.889, -37.0435, -0.00205799, -0.00333552, -0.00143735, 
159, 13757.2, -29.9702, -27.8802, 39.8342, -0.00116697, 0.00065166, -0.00210313, 
160, 30157.7, 8.23741, -8.65827, -12.5797, -0.000899588, -4.96532e-05, 0.00123781, 
161, 499913, -32.2199, -19.0225, -26.4049, 0.000434946, -8.70901e-05, 0.00114464, 
162, 243908, 2.82374, -43.4879, -44.0754, -5.08607e-05, 0.000957978, 0.00108991, 
163, 156234, -18.2097, -19.1066, 29.0251, -0.000411098, 0.0006928, -0.00150367, 
164, 180799, 25.2489, 36.8425, -23.8849, -0.000985171, -0.0012969, 0.00206621, 
165, 449860, -23.4695, 14.4709, 5.93923, 0.000311306, 0.000576554, 0.00135386, 
166, 12627.8, 8.71411, 37.2805, 41.3544, -0.000313217, -0.0003597, -0.000604577, 
167, 72413.6, 40.7456, -36.1355, -10.9669, -0.00124222, 0.000813278, 8.88622e-05, 
168, 123248, -9.22766, 35.7046, 23.0376, -0.00097755, -0.000947295, -0.00204838, 
169, 19058.1, 36.6549, -32.1507, -8.08479, -0.00086186, 0.000744366, -0.000239601, 
170, 37240.7, 9.80456, -16.3577, 35.7671, -0.000313718, 0.000552779, -0.00129272, 
171, 10520.8, 31.7261, -22.8238, -14.4373, -0.00181104, 0.00112875, 0.000308282, 
172, 66867.4, -25.2231, -12.2977, 25.6011, 0.000638991, -0.000355916, -0.00178495, 
173, 286204, -29.9006, 37.8692, 24.7571, 0.00140126, -0.00214839, -0.00127989, 
174, 7121.25, -16.7345, -6.25086, 23.292, -0.000417463, -0.000812951, -0.000650593, 
175, 44439.5, 5.00281, 8.39807, -3.37548, -0.000897707, -0.000661881, 0.000715401, 
176, 95063.2, -7.83244, 20.714, 14.3992, -0.00113841, -0.000603317, -0.000511346, 
177, 172893, -11.5778, 34.3095, -19.6306, -1.57979e-05, -0.00143351, 0.000966778, 
178, 46650.2, 39.669, -34.2287, 24.1431, -0.00123731, 0.0011293, 2.90668e-05, 
179, 38532.6, -35.5394, 37.3091, -26.7505, 0.000881655, -0.00120051, -0.00080172, 
180, 32991.6, -28.8027, -25.8783, 18.0098, 0.00122787, 0.000933769, -7.39297e-05, 
181, 177479, -38.2542, 36.0356, -35.2518, 0.000709726, 0.000522526, -0.00131995, 
182, 87.2575, 25.5788, 37.3937, -26.1091, -0.00133956, -0.00191198, 0.0032662, 
183, 128620, 5.06042, 0.40221, -31.4162, -0.000163992, -0.000226901, 0.0011511, 
184, 162169, 36.9936, -5.46403, 2.59961, -0.00170443, -1.9168e-05, 0.000667754, 
185, 20340.7, 0.732834, -5.1549, 2.34641, -0.00119995, -0.00346536, -0.00372779, 
186, 53688.5, 0.819194, 21.4675, -41.898, -0.000168909, -0.000476581, 0.00120251, 
187, 29804.3, -20.1813, -20.5936, 9.43052, 0.00082223, 0.00085768, -3.40549e-05, 
188, 354857, 25.5238, -6.22357, -35.3587, -0.00071028, 0.00024373, 0.000862168, 
189, 50155.5, 22.4086, 40.8408, -41.2784, -0.000671228, -0.000730353, 0.00101202, 
190, 7112.4, -24.0953, 30.179, 18.2705, 0.00166218, -0.00106617, -0.00150078, 
191, 126540, -40.365, -27.1968, -27.0233, 0.00145066, 0.00296495, 0.000279138, 
192, 354318, -38.1, 36.0379, -36.7886, 0.000621116, -0.000308525, 0.00314342, 
193, 107194, 9.93957, 41.1419, 45.411, -0.00033865, -0.000856626, -0.00102577, 
194, 224461, 29.9167, -28.8946, 30.7417, -1.41765e-05, 0.000714704, -0.000983303, 
195, 635832, -23.2819, 24.1514, 22.1978, 0.000216105, 7.73163e-05, -0.00163928, 
196, 66151.1, 5.80525, -34.2358, -21.0772, -0.000226659, 0.00119628, 0.000445384, 
197, 47866.1, -14.0269, -25.4703, -14.2521, 0.000955603, -2.68893e-05, -6.72459e-06, 
198, 66662.6, 24.0328, 23.5973, 0.359919, -0.000925034, -0.000775359, 0.000236602, 
199, 70426.5, -25.5486, 32.3992, -0.308225, 0.000612293, -0.00147107, 0.000969118, 
