ID, Mass [kg], pos_0 [m], pos_1 [m], pos_2 [m], vel_0 [m/s], vel_1 [m/s], vel_2 [m/s], 
0, 5682.38, -36.2987, -19.3626, -10.1382, -0.00162501, -0.00305383, -0.00130069, 
1, 51291.5, -42.0101, -31.4075, 43.0639, -0.00406396, -0.00367864, 0.00492831, 
2, 73779.3, 5.41748, 2.28562, 1.04279, 0.00642148, 0.00241269, -0.00452522, 
3, 9731.99, -7.36702, 33.0142, 23.8546, -0.000471791, 0.00276093, 0.000231016, 
4, 104587, 2.56531, 0.190647, 2.83386, -0.00207718, -0.0102951, -0.000837237, 
5, 42215, 0.588849, -1.5578, 1.78293, 0.00228324, 0.00936493, -0.00313376, 
6, 57220.4, 33.3172, 28.7428, -35.4297, 0.00290783, 0.00412092, -0.00275267, 
7, 44855.5, 1.19305, -9.08054, 3.16065, -0.00112799, 0.000616561, 0.00205551, 
8, 276797, -0.25268, -1.37872, 2.8576, -0.00663785, -0.00625992, 0.00470972, 
9, 2643.18, -3.26408, 5.44142, 3.89867, 0.00210112, -0.00283655, 0.00380385, 
10, 33961.7, 5.49795, -12.9083, -2.35324, -0.00198282, 0.00281925, 0.00262501, 
11, 8691.35, -9.74453, 63.8347, -54.8763, -0.000378756, 0.00598513, -0.00584893, 
12, 141682, -6.54915, 5.35553, 6.5018, 0.0016585, -0.00151333, 0.00140617, 
13, 288611, -10.8547, -14.0157, 3.64658, 0.00360991, 0.000369321, 0.00153267, 
14, 512847, 0.155272, -0.0990462, 2.42425, 0.00468321, 0.00154335, 0.00512363, 
15, 15651.7, 6.83013, 14.3462, -6.75948, 0.00141272, -0.000609665, 8.85038e-05, 
16, 182451, 28.0192, -20.1235, 52.5506, 0.00341473, -0.00158572, 0.00420797, 
17, 62197.8, -14.0098, -7.2701, -0.656202, 0.00264508, 0.0014581, -0.00140126, 
18, 185440, -12.2773, -17.4056, 2.95262, 0.00270317, 0.00114112, -0.000869941, 
19, 36701.4, 36.0659, 53.6362, -50.6853, 0.00389945, 0.00544319, -0.00525069, 
20, 106936, -73.076, -42.7758, 21.1325, -0.00753792, -0.00449103, 0.00216032, 
21, 161838, 0.982399, -3.31246, 1.86865, 0.000599208, -0.00534674, -0.00193482, 
22, 144875, 3.2216, 11.4577, 6.11351, 0.000668222, -0.00109708, 0.000657961, 
23, 100936, 1.94825, 20.741, 6.76499, -0.000889156, -0.00185724, -0.00188433, 
24, 95186.1, 48.0568, 40.9481, 39.3169, 0.0049711, 0.00348688, 0.00348521, 
25, 151808, 37.0946, -28.0754, 57.755, 0.00433478, -0.00245579, 0.00570676, 
26, 118354, -1.18418, 4.10162, 6.14205, 0.000313497, 0.00116962, -0.00568528, 
27, 149234, 4.09241, 4.14273, 3.83667, 0.00637172, 0.00165871, -0.002589, 
28, 9985.68, 8.21576, 9.62325, -1.11748, -0.00335077, 0.000285379, 0.000798219, 
29, 180895, -9.63519, -5.33563, -5.10708, -0.000989814, 0.0015319, -0.00125291, 
30, 486.041, -4.53397, -3.88814, 4.11254, -0.00633589, -9.81229e-05, -0.00221683, 
31, 70262.9, 0.524146, -0.206912, 1.06357, 0.00489422, -0.0110883, 0.00605705, 
32, 45902.1, -5.5303, 14.1989, -1.50877, 0.00123918, -0.00018259, 0.00112267, 
33, 24444.7, -3.42206, 10.6736, -3.29924, 0.00350227, -0.000750404, -0.0022133, 
34, 65679.9, -1.08439, -13.9163, 5.12628, -0.000962628, 0.00084898, 0.00202152, 
35, 3309.29, -12.3819, -32.7332, -7.62684, 0.00133251, -0.00310585, -5.03632e-05, 
36, 8280.38, -48.6953, 49.8368, -23.1284, -0.00439155, 0.00487701, -0.00302547, 
37, 94538.9, -0.829841, 3.49861, 5.28164, -0.00195788, 0.0057201, 0.00196805, 
38, 30213.7, 71.4387, -15.8697, -11.5571, 0.00806191, -0.000902539, 1.6247e-06, 
39, 53471.9, 2.74568, 5.84419, 4.22318, 0.00452657, -0.00590789, 0.00664759, 
40, 43100.3, -19.8405, 27.0671, -27.891, -0.000802981, 0.00158507, -0.0020816, 
41, 44746.6, 16.476, 38.8599, 5.10365, 0.00107442, 0.00247125, -0.00120547, 
42, 34053.9, 0.348962, 26.2353, 44.715, -0.000390763, 0.00262184, 0.00355723, 
43, 54380.2, 2.5269, 3.94446, 1.0095, 0.0084629, -0.00150047, -0.000771601, 
44, 38723.2, 24.1562, -5.62132, -34.7281, 0.00124628, 1.18504e-05, -0.00273113, 
45, 2321.23, -10.8218, -16.2839, 0.413973, 0.0019136, 0.000210705, 0.00137253, 
46, 241169, -4.27303, 0.456199, 2.51905, -0.00433444, 0.00383311, -0.00276883, 
47, 344827, 2.93835, 3.12019, 0.485614, 0.00551592, -0.00139276, -0.00102087, 
48, 39271.1, -3.85324, 7.48783, 1.97246, 0.00419525, 0.00246157, 0.000633249, 
49, 19687.8, -59.6927, 53.8505, -25.3042, -0.00629647, 0.00592301, -0.00340264, 
50, 61216.8, -1.06604, 4.59631, 0.132346, -0.00217168, 0.00357563, -0.0092252, 
51, 19182.2, -43.8958, 62.6153, -40.3046, -0.00433414, 0.00672038, -0.00471845, 
52, 12420.5, 9.35303, 1.83492, 6.62948, 0.00328202, -0.00109337, -0.00387286, 
53, 85447.4, -73.6412, -7.16944, -31.9237, -0.00739248, -0.000760408, -0.00301215, 
54, 361436, 1.96847, 0.872002, 4.71197, -0.00210667, -0.00133965, -0.00313552, 
55, 158926, 22.2444, 10.91, -30.3022, 0.00180264, 0.000767865, -0.00117856, 
56, 49282.6, -26.5183, 48.8708, -52.7387, -0.00177629, 0.00484868, -0.00593929, 
57, 218355, 4.02812, -1.5893, 0.740929, -0.000765221, 0.000390164, 0.00308516, 
58, 22371.5, 72.8049, -19.576, -13.0099, 0.00837152, -0.0016585, -0.000857587, 
59, 55919.9, -16.2049, 32.341, -44.2089, -0.000305128, 0.00204124, -0.00365307, 
60, 21598.8, 2.54392, 4.84044, 5.82255, 0.00438679, 0.00484091, 0.00443223, 
61, 398.952, -0.348637, 6.11065, -1.29316, 0.00299622, -0.00659291, 0.00297443, 
62, 1108.92, 5.21663, -6.96077, 48.253, 0.000735734, -0.000328633, 0.00327513, 
63, 108555, 9.73641, 2.36274, 6.60432, -0.000620546, 0.00406414, -0.000962476, 
64, 244863, 11.5136, -5.06952, 23.004, -0.000474608, 0.000133089, -0.00107211, 
65, 220694, -25.1708, 46.6598, -40.5361, -0.00160712, 0.00447402, -0.00403296, 
66, 61700, -4.92681, 64.0328, 29.5146, 7.56329e-05, 0.00601622, 0.00259181, 
67, 55388.9, -40.3681, 11.7976, 31.3407, -0.00391465, 0.00100831, 0.00308544, 
68, 211156, 0.691032, -0.855834, 3.26809, -0.00200492, 0.00300296, 0.00105585, 
69, 12720.6, 4.55652, 9.78246, 4.76395, 0.00202751, 0.00422288, 0.00273185, 
70, 25096, 1.16341, 18.1627, 11.1311, -0.0016809, 0.00221844, 0.00137153, 
71, 179870, -7.03215, -6.47646, -0.563345, -0.00171711, -0.00184907, -0.00268969, 
72, 79123.8, -58.3875, -16.4971, -3.93452, -0.00438196, -0.00128091, -0.000501045, 
73, 110870, -1.68104, 0.0487103, 5.5152, 0.00192293, -0.00809047, -0.000173302, 
74, 43359.1, 22.6326, 38.4129, 21.1353, 0.00104277, 0.00414269, 0.000473497, 
75, 140124, 1.62766, -3.68818, 5.80328, -0.000207462, 0.00218841, 0.000564543, 
76, 229268, -16.5237, 27.2001, -31.3962, -0.000645087, 0.00144479, -0.00171139, 
77, 302149, -1.06377, 3.56539, 3.95843, -0.00179103, 0.00710338, -0.00112246, 
78, 100708, -10.5996, -13.1412, 2.23198, 0.000985071, 0.000258286, 0.00232879, 
79, 46633.4, 4.35541, 2.82781, 3.11766, 0.00203207, 0.00095383, -0.0088847, 
80, 143926, 3.8276, 13.0891, -0.639611, -0.00309688, 0.00268921, 0.00250516, 
81, 270.261, -50.7014, 8.59276, 21.709, -0.00368718, 0.000493616, 0.00139998, 
82, 159650, 7.01174, -5.64153, -0.802093, 0.000412007, -0.00181191, -0.00208104, 
83, 24756, -2.68559, 5.74533, 3.47537, 0.00502966, 0.00486619, 1.31205e-05, 
84, 18375.3, 2.28947, 10.3413, -0.00546843, 0.00477966, 0.000297552, -0.00130628, 
85, 491877, 57.0503, -17.8027, -20.4123, 0.0056507, -0.00129044, -0.0015923, 
86, 194807, -0.275582, 0.493137, 0.438138, -0.00799619, 0.00217549, -0.00236248, 
87, 8649.23, 7.93827, 12.7243, 1.43503, -0.0042741, -0.000813929, -0.00199929, 
88, 138901, -4.49296, -0.544468, -0.163751, 0.00504918, 0.00554915, -0.00448641, 
89, 50202.9, 0.554548, 4.84701, 4.8141, 0.00416328, 0.00337169, 0.00541322, 
90, 98321.9, 5.59307, 15.7816, -12.4555, 0.0001892, 0.00100581, -0.000621373, 
91, 384069, 2.04184, 3.37421, 1.64452, -0.00204162, 0.00232088, 0.00542451, 
92, 81279.9, -9.54368, -4.90524, -2.88222, 0.0026341, 0.00397969, 0.000221675, 
93, 91375.2, 2.38896, 3.56022, -0.0639323, 0.000160524, 0.00119077, 0.00419114, 
94, 5476.7, -11.8377, -21.0663, 8.90295, 0.000486899, 0.000288577, -0.000341327, 
95, 33452.5, -10.7393, -7.66825, 0.809744, -0.00186106, 0.00159709, 0.000477822, 
96, 25752.1, -52.2845, -17.5733, -15.9513, -0.00583558, -0.00232468, -0.00198424, 
97, 200797, -0.423337, -1.42524, 2.92944, -0.000664085, -0.0019203, -0.00373694, 
98, 298981, -0.940254, -2.5782, 4.89693, 0.00361738, 0.00216873, -0.00151158, 
99, 93146, 1.2235, 5.49151, 0.802395, 0.00726847, -0.00626912, 0.00196149, 
100, 8612.85, -15.601, 12.7284, -18.1934, 0.000867022, -4.93477e-05, 0.000300318, 
101, 24343.5, 2.21212, -8.31959, 7.07483, -0.000504044, -5.04811e-06, 0.00250711, 
102, 10296.7, -2.22703, 6.58129, -0.158243, 0.00357919, -0.00690577, 0.00502948, 
103, 15719.8, -4.77898, 2.69743, 11.944, 0.00280742, 0.00135935, -0.00498875, 
104, 230040, 0.39213, 1.87855, -2.40653, 0.000161892, -0.0027144, -0.00344146, 
105, 17846.1, 11.848, 15.2358, -4.89257, -0.000756944, 0.00372686, -0.000211785, 
106, 22216.6, -15.236, -5.4331, 5.20533, -0.00022613, 0.000373161, 0.000962433, 
107, 98486.7, 2.53273, 16.1893, 8.26879, 0.000338572, -0.00153217, -0.00382297, 
108, 214214, -60.8754, 0.17109, -49.0523, -0.00641793, 7.95458e-05, -0.00528171, 
109, 131614, 2.26711, 1.78093, 3.7244, -0.000772746, 0.00774744, -0.000256829, 
110, 160023, 1.24479, 0.384244, 2.08495, 0.00255527, 0.00400971, 0.00112858, 
111, 115735, 2.42807, -4.42504, 1.9781, -0.00238755, 0.00281467, -0.00125217, 
112, 378585, 31.9396, 12.7416, -45.4371, 0.00272273, 0.0018717, -0.00392355, 
113, 83295.8, -28.0066, 10.339, -1.34636, 0.000309236, 0.000900551, 0.000759373, 
114, 148827, 13.588, -0.201846, 3.21368, -0.00236716, -0.0017241, 0.00020724, 
115, 285284, -2.96274, -37.6932, 57.2973, -3.6956e-05, -0.00399104, 0.00549864, 
116, 515864, 1.34084, 1.62883, 0.823385, -1.80807e-06, 2.36163e-05, 0.00120209, 
117, 88363.5, 2.76994, -14.0723, 17.4397, -0.00131083, -0.000260251, -0.00183276, 
118, 155064, 21.8812, 17.8476, -4.2874, 0.00012585, 0.00155848, -0.00239502, 
119, 18098.3, 3.55179, 1.89277, 3.71957, 0.00283779, -0.00921054, -0.00312075, 
120, 34391.6, 60.9225, -25.654, -10.0476, 0.00616036, -0.00191412, -5.454e-05, 
121, 78154, -2.56166, 6.49165, -2.84505, -0.00153436, -0.00585012, 0.0022652, 
122, 10497, 2.14252, -2.00997, 1.30978, 0.000445665, -0.00655769, -0.00232342, 
123, 59058.1, -0.138028, 12.7568, 7.58183, 0.00193683, -0.00455414, -0.000332758, 
124, 5646.35, 5.47088, 6.516, 4.05975, 0.00592694, -0.003202, 0.00169287, 
125, 103346, 8.55623, -3.81178, 2.48368, 0.00206842, -0.00247268, -0.00410675, 
126, 64702.5, -71.1445, 0.531018, 25.3636, -0.00706114, 6.48173e-05, 0.00306137, 
127, 199056, 1.76567, 3.90819, -0.683919, 0.0008044, -0.00592229, 0.00434806, 
128, 192649, 1.03825, -2.43045, 0.706984, -0.000341638, -0.000908861, -0.00379003, 
129, 1707.71, 1.77697, -2.72898, -0.965324, 0.00106802, 0.00710292, -0.00417368, 
130, 19869.9, -0.9925, 1.51633, 3.92628, 0.00402383, 0.00527156, -0.00115001, 
131, 143979, 1.4014, -0.717155, 1.95784, 0.00514076, 0.00101806, -0.00986833, 
132, 37850.6, -85.8527, 41.4488, -22.4454, -0.00957417, 0.00431733, -0.00225951, 
133, 50031.5, 0.979014, -0.737416, -0.491517, -0.00566067, 0.000790842, 0.00114439, 
134, 369068, -15.2521, 2.62856, -7.10659, 0.00330776, -3.68597e-05, 0.00136866, 
135, 3806.98, -3.10357, -8.84093, -0.554219, -5.30554e-05, 0.00583134, 0.000745036, 
136, 64591.7, -1.96858, 1.0492, 6.78374, -0.00354275, 0.00784105, -0.00282428, 
137, 1688.15, 0.894488, -22.021, 10.5473, 0.00237187, -0.000201389, 0.000392746, 
138, 439943, -1.56476, -0.889264, -0.58527, 0.00514111, -0.00506324, 0.00488069, 
139, 72054.1, 4.3723, 2.46568, -0.521418, -0.00253745, 0.00770442, 0.00184806, 
140, 10511.3, -4.64081, -22.657, 28.1686, -0.000146996, -0.0014434, 0.000627399, 
141, 28560.6, -6.03253, -12.2192, 4.27015, -0.00321432, 0.000325703, 0.00188737, 
142, 92270.6, -0.346846, -6.87731, 4.95638, -0.0029032, 0.00388451, 0.000246283, 
143, 57507.6, -56.3904, 18.2467, 34.7146, -0.00532143, 0.00179946, 0.0033088, 
144, 106955, 1.63721, -0.302889, 3.90709, 0.00273544, 0.00313726, -0.0123325, 
145, 53021.1, 1.07014, 5.06936, 1.57456, 7.96355e-05, -0.00319809, -0.0052566, 
146, 127593, -4.80329, -6.72399, 6.87568, 0.00466603, -0.00157699, 0.00107336, 
147, 31386.3, 4.22831, -2.11033, 0.819237, -0.000881419, -0.0028183, 0.0022421, 
148, 89613.6, 2.00751, 6.30546, -19.1926, 0.00230545, -0.00270029, 0.000560675, 
149, 251415, 12.1694, -2.21106, 14.4365, -0.00151389, 0.000280326, -0.0033243, 
150, 55890.6, 11.2641, -6.86901, 2.82852, 0.00149519, 0.00490082, 0.00088523, 
151, 174949, -1.78622, 0.981679, 0.204748, 0.00609974, -0.00756676, -0.00212691, 
152, 66072.8, 1.4057, 0.230207, 5.82333, -0.00547889, 0.00499555, -0.00866118, 
153, 19075.8, -6.4373, -6.10488, 20.1021, -0.000666227, 0.000300394, 0.00123562, 
154, 47261.5, 10.3131, 11.3616, -4.45239, -0.00124554, 0.000870852, -0.00189729, 
155, 102102, 5.78832, -0.132312, 0.429411, -0.00405105, -0.00126693, -0.000893132, 
156, 5375.03, -4.81637, -3.76541, 10.1441, 0.00367153, -0.000491485, 2.83209e-05, 
157, 3761.7, -8.62476, 7.93887, 8.94211, -0.00150536, 0.00384185, -0.000313786, 
158, 7652.65, -2.58645, -0.608152, -8.40389, -0.000227926, 0.00108523, -0.00247711, 
159, 47070.1, 0.540034, -1.54123, 1.9367, 0.00177481, -0.00533225, -0.00224116, 
160, 17972.9, -0.544425, -2.33626, 2.3567, 0.0090436, 0.00292587, 0.00168984, 
161, 218629, 6.98788, 14.4584, -0.523106, 0.00239896, 0.00333658, 0.000208932, 
162, 138887, 2.64312, 2.4279, -2.3759, 0.00336149, -0.00397761, -0.000232928, 
163, 33277.3, 6.51538, -10.929, 9.8335, -0.00326189, 0.00214268, 0.00221372, 
164, 167891, 0.675302, -1.10224, -2.84443, 0.00548409, 0.00372029, 0.000213523, 
165, 62570.5, -2.46697, -67.4665, -16.4765, 0.000229563, -0.00666252, -0.00168167, 
166, 38130.4, 15.584, 57.3295, 30.8507, 0.00202641, 0.00504346, 0.00255972, 
167, 22403.8, 10.8727, -25.894, 46.462, 0.00130051, -0.00252845, 0.0032675, 
168, 1479.59, 34.1063, 21.1608, -48.9913, 0.00359264, 0.00247006, -0.00454111, 
169, 20399.9, 1.8886, -43.882, 51.4647, 0.000119338, -0.00497902, 0.00446274, 
170, 115854, 1.30768, -1.34681, 1.542, -0.00323883, 0.000515188, -0.000644325, 
171, 27762.9, -0.143726, -4.40626, 2.25963, -7.26611e-05, -0.000129425, 0.00329819, 
172, 250928, 0.252704, 0.875899, 3.30747, -0.0012367, -0.00269027, 0.0119608, 
173, 74469.2, -51.0034, 36.1559, -15.3644, -0.00467835, 0.00459894, -0.00158154, 
174, 143481, -66.5731, 46.7248, -31.8502, -0.00690227, 0.00500902, -0.00364198, 
175, 27145.1, -0.844585, 0.179472, -0.314046, -0.0067089, 0.00188864, 0.00281026, 
176, 32620.6, -3.75464, 1.8227, 0.114568, -0.00167381, 0.0058208, 0.00161699, 
177, 52575.7, 0.0627165, -42.2833, 73.7566, -4.51986e-05, -0.00466347, 0.0081507, 
178, 19746.4, 1.2694, 0.477645, 0.833552, -0.000286052, -0.0104376, 0.00486219, 
179, 33623.1, -16.4058, 6.61559, 2.16358, 0.00303818, 0.000130866, 0.00216613, 
180, 50349.8, -57.8498, -38.2269, -30.027, -0.00562046, -0.00376012, -0.00284353, 
181, 89376.8, 10.2919, -7.64868, 2.78519, 0.00141073, -0.00466026, -0.00160762, 
182, 42160.2, 1.65725, -0.816596, 66.6232, 2.78966e-07, -5.18603e-05, 0.00666382, 
183, 100544, -24.0983, -18.1004, 3.21456, 0.000691536, -0.000801033, 0.00128751, 
184, 1446.88, -1.59574, 1.31365, 4.70672, 0.00317961, -0.00697308, 0.0045369, 
185, 119694, -4.81119, -4.22703, 5.07424, 0.000197455, 0.00441411, -0.00179334, 
186, 120999, 2.15738, 1.59422, 0.536867, -0.011481, 0.00287119, -0.00218038, 
187, 52698.3, -7.75155, -0.340564, 5.85305, 0.0043837, 0.00110465, 0.00110587, 
188, 105467, -5.68814, 4.00813, 2.01631, -0.000929621, 0.00123726, -0.00493119, 
189, 99748.4, -8.18141, -40.7718, 21.7969, -0.00087743, -0.00295291, 0.00141569, 
190, 77133, 0.524173, -1.12295, 4.32879, -0.000655056, -0.000495643, 0.00433469, 
191, 178804, 0.790874, 4.56483, 2.29394, -0.00434798, 0.00127936, -0.00724402, 
192, 8685.6, 1.53327, -0.444209, 3.44402, 0.00716684, -0.00154784, 0.0069525, 
193, 256954, 20.3069, 4.98168, 29.0707, 0.00229008, -0.001446, 0.00160601, 
194, 53540.6, -3.82926, -0.239189, -4.5201, 0.000162963, -0.00127322, -0.00280878, 
195, 220652, 6.36791, 1.14679, 2.24863, -0.00276487, 0.00217741, 0.0037406, 
196, 10258.1, -10.7053, 4.05555, 0.387983, 0.000324819, -0.00220773, 0.00119177, 
197, 6083.3, -22.5897, -10.0339, 19.9991, -0.00102262, 0.000543406, -0.000289684, 
198, 127562, 0.928509, 1.10742, 1.4931, -0.0086734, -0.010797, 0.00127679, 
199, 34766.2, 4.08499, 0.0385654, 10.344, -0.0007243, -0.000980845, 0.00296829, 
