ID, Mass [kg], pos_0 [m], pos_1 [m], pos_2 [m], vel_0 [m/s], vel_1 [m/s], vel_2 [m/s], 
0, 4982.76, 2.32757, 1.98767, -3.37232, -0.00179258, -0.00438468, -0.000755507, 
1, 84564.5, 6.62082, 5.54171, 6.31768, -0.00613427, -0.00584102, -0.0045678, 
2, 143976, 4.28116, -2.37864, 4.40002, -0.0020493, -0.000980957, -0.000603226, 
3, 12096.4, 0.0891184, 2.83056, -2.25852, -0.000869007, 0.00495571, 0.00164138, 
4, 108584, 4.05365, -10.7944, 10.4081, 0.00098678, -0.00778744, 0.00808157, 
5, 224267, -4.49615, 0.0108541, -2.28296, -0.00557705, 0.00680593, -0.00291666, 
6, 6023.5, -0.502654, 6.45471, 5.81349, 0.0012221, 0.00592119, -3.76862e-05, 
7, 12734.1, 1.88784, -8.37303, 0.482908, 0.00299776, -0.0044876, -0.00155561, 
8, 29188.7, -0.980394, -5.27697, 2.10188, 0.00107975, 0.00234861, 0.00299587, 
9, 37892.9, -0.738931, 6.20086, 6.19115, -0.00343872, 0.00511199, 0.00217277, 
10, 282.759, 0.140449, -0.580521, -0.168995, 0.00469581, -0.00402273, 0.0125913, 
11, 75028.9, -3.4907, -14.1498, 4.04322, -0.00182917, -0.0119447, 0.00580607, 
12, 29068.2, 6.63674, 1.92672, 12.5899, 0.000650315, 0.00312244, 0.00367588, 
13, 142762, 0.488466, -4.73384, -9.75018, -0.0014882, 0.00481974, -0.0035675, 
14, 289648, -4.10844, -0.720272, -2.88823, -0.0071766, 0.00663515, -0.00480907, 
15, 17335.1, -6.59341, 2.87497, 14.9038, -0.00630881, 0.00193015, 0.0079363, 
16, 37341.1, 3.46417, -4.19411, -1.24802, 0.0104232, -0.00727937, -0.00671232, 
17, 206687, 0.101733, 2.39563, 4.46939, -0.00312097, -0.000477055, -0.00517209, 
18, 253630, -1.31867, -4.39638, -9.94698, -0.000488236, 0.00453134, -0.00217171, 
19, 40480.6, 0.440695, -2.5639, 4.27179, 0.00363934, 0.0012852, -0.00299826, 
20, 176293, 4.60796, 6.82798, -16.0757, -0.000448678, 0.00496153, -0.00672396, 
21, 17357.4, -4.30739, 5.63425, 5.33307, -0.00662304, 0.00358398, 0.00347826, 
22, 241662, 1.6225, -4.30217, 3.37717, 0.00157084, 0.00262818, 0.00231811, 
23, 144304, 6.56684, 1.56319, -2.56462, 0.00548301, 0.00581552, 0.00471575, 
24, 449735, 1.35552, 0.642162, -0.354896, 0.00170768, 0.00233127, -0.00196151, 
25, 31022.8, 0.661913, -9.2648, 4.86631, 0.00145389, -0.0029688, 0.00688752, 
26, 277840, -0.924515, 4.52337, -2.55004, 0.00552813, 0.00419239, 0.00561846, 
27, 22179, -6.77431, -6.11539, -14.6273, -0.000368476, 0.000987575, -0.00566709, 
28, 7726.87, 7.82064, -5.35635, -7.93451, 0.00810206, -0.00157529, -0.0093634, 
29, 88891.4, 6.20111, 2.32162, -4.12186, 0.00699982, -0.00179823, -0.000976445, 
30, 193310, 12.9973, 6.94271, -11.1336, 0.00353676, 0.00432204, -0.00639409, 
31, 53721.6, -0.910725, -11.0678, 8.01034, -0.00804273, -0.0113645, 0.00684571, 
32, 149583, 1.54864, -4.63684, 3.611, 0.0027218, 0.00220846, 0.00323066, 
33, 188997, 6.30362, 0.0570838, 8.92489, 0.00197887, -0.000967379, 0.000775719, 
34, 147623, 8.20683, 1.42807, -0.696722, -0.00214199, 0.00389208, -0.00337535, 
35, 35433.4, -1.48306, -7.93109, 9.95302, 0.000258169, -0.00153448, 0.0117974, 
36, 379972, 3.85611, 3.69591, -2.36567, 0.0037995, 0.00353601, 0.00616043, 
37, 174579, 0.944443, -0.765048, -0.455756, 0.00480776, -0.00962249, 0.0106048, 
38, 31779.4, -4.14361, 4.11483, 7.51838, -0.00395925, 0.00684409, 0.00156614, 
39, 17933.7, -2.56975, -7.53325, 3.39163, 0.00556798, -0.0053746, 0.000235824, 
40, 9826.32, -8.87835, 9.84773, -10.1309, -0.000254273, 0.00337494, -0.00728182, 
41, 92983.9, 5.18795, 3.33739, -9.22995, 0.0031473, 0.00418476, -0.0116871, 
42, 36951.3, -6.62352, 5.70017, -9.04104, -0.00584122, 0.00270251, -0.00706689, 
43, 6279.37, -2.38758, -7.25618, -3.09262, 0.00361609, 0.000326473, -0.00141381, 
44, 18926.2, 7.57411, 0.687943, -7.83117, 0.00338507, -0.000365447, -0.00230508, 
45, 13388.8, 5.34192, 0.844882, 14.1554, 0.000256085, 0.00214785, 0.00624863, 
46, 57039.7, -0.0563077, 3.85329, 1.1844, 0.0022802, 0.00149557, 0.00742087, 
47, 165793, 0.705942, -3.26813, 1.27941, -0.00330904, -0.00115541, -0.00423668, 
48, 95584.4, -1.30028, -7.59992, 4.27998, 0.00221257, -0.00232591, 0.00225733, 
49, 49905.3, -1.79866, 0.636787, -4.74204, 0.00194889, 0.00252755, -0.0052155, 
50, 72486.3, -1.15254, 1.6418, -0.381648, 0.00341001, -0.0056965, -0.00140102, 
51, 332159, 5.13326, -3.10677, -5.42312, 0.00439368, -1.9838e-05, -0.000703574, 
52, 12900.8, -0.697718, 1.73858, 0.499275, -0.00228063, 0.00171902, -0.00745543, 
53, 159525, 2.35479, -4.37037, 2.07028, -0.00145636, 0.000876587, -0.000651541, 
54, 73837.4, -3.60646, -0.646589, 2.9451, 0.00288134, -0.00456649, 0.00250907, 
55, 125355, 2.78184, 7.27605, 4.73451, -2.9761e-05, 0.00126261, -0.000430946, 
56, 28797.6, -4.49881, -7.94321, 2.52706, 3.19743e-05, -0.00119442, 0.00391589, 
57, 91269.6, -2.45658, 1.77663, 0.45325, -0.00279641, 0.00901265, -0.00425507, 
58, 5483.02, 7.02987, -0.728438, 9.17964, 0.00676057, 0.00130419, 0.0115157, 
59, 142050, 0.527416, 4.24241, 5.35827, -0.000719803, 0.0039481, -0.00469837, 
60, 184526, -4.89718, 7.01508, -4.69592, 0.00215288, -0.00118353, -0.00710994, 
61, 58050.4, -2.01689, 1.24152, -2.80136, -0.00858497, -0.00533489, -0.00433004, 
62, 96236, -6.26928, -10.0697, 6.75392, -0.0052721, -0.00561436, 0.00429241, 
63, 23636.2, 2.65044, 3.45742, -4.31523, 0.00886171, -0.00608278, -0.00274633, 
64, 29280.4, -2.79235, -4.9482, -4.6794, 0.00203791, 0.00193274, -0.0037416, 
65, 161524, -5.24541, -9.57597, 6.07622, -0.00563094, -0.00386461, -0.00118396, 
66, 67938.3, -5.80317, 5.90087, -8.36904, -0.00519199, 0.000887017, -0.00324033, 
67, 267084, -2.53813, -1.00862, -2.21822, -0.00052413, 0.00437506, -0.00666123, 
68, 69388.9, 4.2108, -6.89397, 4.70692, 0.0113076, -0.00523003, 0.00336023, 
69, 47165.6, 4.87706, 7.22221, -17.4519, 0.00141464, 0.00464851, -0.00906583, 
70, 201127, -8.58387, 8.72234, -5.25117, 0.000681771, 0.00143564, -0.00566038, 
71, 105689, 3.15513, 7.38643, 10.9546, 0.00743841, 0.0054154, 0.00677552, 
72, 14582, -2.48905, 2.43599, -1.61494, -0.00726707, -0.00627945, 0.00432561, 
73, 76931.6, -5.23285, -9.43821, 5.38344, -0.00451642, -0.00145475, 0.00013102, 
74, 237815, 0.762557, 2.12858, 7.75874, -0.000398427, 0.00574987, -0.00240817, 
75, 105565, 7.28694, -6.83577, -8.25037, 0.0104703, -0.00252893, -0.0113937, 
76, 170875, -4.60526, -8.06124, -7.8881, 0.0013167, 0.00039105, -0.00412129, 
77, 17853.6, 2.76763, 0.552191, -3.58776, 0.00414811, 0.00724555, 0.00854743, 
78, 24497.1, -5.70144, -0.00536946, -5.34767, -0.0040371, 0.00198007, -0.00304459, 
79, 101855, -4.57624, -5.11262, 9.62612, -0.00102692, -0.00408886, 0.00739916, 
80, 95013.6, -0.239873, -0.0921094, -0.816613, 0.00497867, 0.00143109, 0.00179123, 
81, 141297, -0.704512, 0.342865, -1.53952, 0.00663077, -0.00707844, 0.0117248, 
82, 151080, -3.00975, -1.10757, -0.897169, 0.00188388, -0.00149557, -0.00181836, 
83, 260791, -2.73564, 1.14405, -4.10957, 0.00229851, -0.00245323, -0.00719907, 
84, 100223, 4.24361, 0.0594087, 0.250434, 0.00439372, -0.00434778, 0.00400541, 
85, 7966.28, 4.12043, 4.65278, 6.31342, -0.00329521, 0.00584608, -0.00279564, 
86, 58175.3, -4.16898, -8.70341, 7.35591, -0.0075568, -0.00328925, 0.00654515, 
87, 628317, -1.98089, 0.687934, -2.73704, -0.00132461, -0.00254156, -0.00100895, 
88, 82285.2, -9.78722, -13.7666, 2.65145, -0.00574069, -0.00711918, 0.00651435, 
89, 161291, -0.704318, 3.93828, 0.163641, -0.0047221, 0.0051669, -0.0072624, 
90, 79687.2, 3.5072, 0.228436, -2.33049, 0.00609627, 0.00279848, 0.00333661, 
91, 310528, -3.79675, -14.5948, 8.04375, -3.55432e-05, -0.00928268, 0.00716347, 
92, 30795.2, -0.597413, 5.92416, 7.79822, -0.000423959, 0.00170663, 0.00153644, 
93, 519908, -1.74531, 1.38758, -3.17999, -0.00432328, 0.00685682, 0.00564905, 
94, 101104, 9.82558, -3.07671, 3.96862, 0.000942008, 0.00335207, -0.000901215, 
95, 23620.3, 0.86402, 3.6594, 6.11543, -0.00076935, 0.000530487, -0.00686307, 
96, 8104.4, -1.49683, 0.135645, 2.08732, -0.00159726, 0.0061499, -0.00438261, 
97, 234265, -3.74733, 1.15873, 0.82478, -0.00485524, 0.00381981, -0.00332533, 
98, 3741.53, 0.840617, -0.58527, 15.8535, -0.000289184, 0.00504975, 0.00589591, 
99, 5528.05, 2.34404, 11.7738, -1.52135, -0.00211462, 0.0038745, -0.0027995, 
100, 6655.21, 2.62674, -2.08655, -9.22912, -0.00112704, -0.00233764, -0.00300257, 
101, 74442.9, -3.17921, -7.69034, 3.28589, 0.00349767, -0.0111632, 0.0051817, 
102, 271819, -8.69059, -1.10139, -14.4498, -0.00427098, 0.00342473, -0.00722772, 
103, 173429, 0.307359, -12.1702, 4.47133, 0.00149163, -0.0030532, 0.00474304, 
104, 132164, -8.61768, 0.634631, -3.1682, -0.00771162, -0.00297711, 0.00103659, 
105, 293403, 6.04577, 2.27034, 5.08041, 0.00286098, 0.00354137, -0.00325943, 
106, 91810.3, 6.38614, -2.6778, 2.08325, 0.00317609, -0.000374117, -0.00367983, 
107, 203740, 1.53537, 2.72248, 3.37478, 0.00136876, -0.00164741, -0.00511918, 
108, 124900, -5.25416, -3.2942, 7.00933, 0.000900635, -8.5708e-05, 0.00332499, 
109, 153482, 4.77522, 0.28915, 7.60759, -0.000126432, 0.00128608, 0.000365496, 
110, 95805.7, -0.250414, 6.38242, 9.9767, -0.00018588, 0.00344475, -0.000836643, 
111, 47735.2, 4.51044, 5.93408, 11.371, 0.000710486, 0.00227611, 0.00474756, 
112, 24494.2, -3.91943, 3.81377, -10.5023, 0.002511, -0.00237824, -0.00499138, 
113, 39205.1, -1.71016, -10.5145, 6.15988, 0.00358942, -0.00881007, 0.00353889, 
114, 24723, -4.92909, -8.8948, 5.20623, -0.00465504, -0.0154006, 0.00264272, 
115, 15671.3, 2.59289, 3.62768, 3.25493, 0.00457708, 0.0121076, 0.00890212, 
116, 320473, -4.83522, -8.40499, 6.42897, -0.00590615, -0.00411321, 0.00197861, 
117, 54072.2, -6.35598, -11.7333, 6.24536, -0.00438797, -0.00499563, 0.00399083, 
118, 20992.2, 4.10373, 7.96011, 15.7715, 0.000334437, 0.00739355, 0.0105482, 
119, 68943.4, -5.90025, -11.4903, 6.27109, -0.000720056, -0.00921471, 0.0115752, 
120, 176775, -0.59787, 3.06564, 1.16706, -0.00484146, 0.00595954, -0.00739478, 
121, 28501.8, -1.15993, -0.429099, -1.0526, -0.00222165, -0.00328429, 0.000169122, 
122, 93263.7, -5.32994, 0.238377, -13.1019, 0.00297848, 0.0053014, -0.00619885, 
123, 54631.4, 10.1923, -3.36192, -8.08688, 0.00982473, 0.00122367, -0.00691737, 
124, 28486.7, 1.70207, 1.79053, 0.479918, -0.000629628, -0.00401519, 0.00410218, 
125, 45940.3, -0.253764, -6.5328, -17.2398, -0.00174625, 0.00162682, -0.00874319, 
126, 58147.3, -3.79703, -0.0394478, -2.95639, 0.00121269, 0.00536828, -0.00784092, 
127, 314510, -0.154352, 10.1523, 12.5182, 0.00190816, 0.00648437, 0.00670986, 
128, 66689.7, -6.50476, -4.78104, 0.298006, -0.00394677, -0.00211488, -0.00247403, 
129, 293196, 7.448, -6.28112, -9.51985, 0.00385353, -0.00248368, -0.0105471, 
130, 58957.4, 4.04883, 3.13885, -1.55259, 0.00502382, -0.00261866, -0.00128495, 
131, 26864.5, 10.3764, -5.70355, -10.3693, 0.00654107, -0.00251639, -0.00908971, 
132, 14537.9, 10.9132, 0.44494, -13.609, 0.00291255, 0.00299914, -0.00797908, 
133, 59690.8, 1.23822, 5.64006, 8.47016, -0.00194266, 0.00622141, -0.00264613, 
134, 71873.2, -7.9993, -6.21683, 1.3955, -0.00406632, -0.00302712, -0.00387419, 
135, 9549.31, 3.53165, -0.837145, 3.48589, -0.00160633, -0.000798696, -0.00192948, 
136, 48774.7, -6.39376, -15.4803, 2.22468, -0.00113208, -0.00898954, 0.00566517, 
137, 177196, -1.4393, -7.86289, 6.93262, -0.00513667, -0.000523028, 4.38204e-05, 
138, 29597.5, -3.43118, 0.67293, -2.32942, -0.00391901, 0.00536786, 0.00777336, 
139, 32591.9, -5.14533, -8.14133, 7.58183, -0.00717828, -0.00215471, 0.00368673, 
140, 153581, -4.36936, -12.6616, 8.41732, -0.00408596, -0.00497744, 0.0029505, 
141, 131949, 6.23428, 4.42695, -2.98114, -0.00222678, 0.00169273, -0.000464932, 
142, 20789.6, -5.11102, 4.93295, 0.91956, -0.00407729, -0.00240154, 0.00265179, 
143, 36049, -3.64655, -12.5677, 6.46473, -0.00742898, -0.00493282, 0.00622966, 
144, 177733, -0.0694174, 2.89385, 7.09286, 0.00167953, -0.000325366, 0.00186281, 
145, 143909, -4.48169, 3.40392, 4.91646, -0.00386852, 0.00956666, 0.00836852, 
146, 76057.7, 0.14269, 1.30904, -3.07172, 0.00477005, -0.00514366, -0.0018226, 
147, 21460.3, -0.131822, 0.477098, -3.35115, 0.000484701, -0.00370707, -0.000501098, 
148, 28241, -0.916946, 4.39664, -5.14358, 0.0100162, 0.00209703, 7.98089e-06, 
149, 77611.6, -4.54225, -5.58499, 2.45547, -0.00158232, -0.00123699, -0.00446377, 
150, 42249.4, -0.188607, 1.76016, 2.64478, -0.00373863, 0.00932142, -0.0020666, 
151, 30574.3, -1.22775, 7.25299, 6.27061, -4.44509e-05, 0.0042014, 0.000720231, 
152, 45197.8, -4.56771, -14.6993, 5.31172, 0.000691909, -0.0067238, 0.00753434, 
153, 71843.5, -3.66481, -2.28933, 0.456489, -0.00652281, 0.00112626, -0.00714038, 
154, 71612.1, -5.56341, -10.0417, 7.46548, -0.00708701, -0.00196234, -0.00252878, 
155, 53086.9, 6.38507, 2.48781, 8.79011, 0.00320534, -0.000975558, 0.000374168, 
156, 50912.6, -1.60448, 0.8449, -4.93064, 0.00228744, 0.00271228, 0.00017298, 
157, 422843, 2.06601, 0.978375, -3.06808, -0.000875174, 0.0034932, 0.00319134, 
158, 35700.8, -8.87616, 5.71975, 7.78824, -0.00602971, 0.00706816, 0.00719138, 
159, 46045.4, 4.19822, -2.63024, 5.01659, -0.00118857, -0.00474125, -0.00196978, 
160, 152279, 9.71194, -3.07419, -8.85699, 0.00520356, 0.000507056, -0.00642621, 
161, 142259, -1.63109, 9.88923, -3.00107, -0.00501846, 0.00270983, 0.00127065, 
162, 22811, -6.56403, -9.28326, 5.33995, -0.00549472, -0.00757816, 0.003623, 
163, 44215.6, -5.9069, -6.74261, 7.97626, -0.00347174, -0.00128295, 0.0104541, 
164, 78004.8, -10.338, 3.08562, -2.402, -0.00482291, 0.00188371, 0.00211361, 
165, 116840, 8.89729, -7.51233, 7.92718, 0.00700494, -0.00250655, 0.00547695, 
166, 26576.3, -6.96225, -11.2202, 4.95315, -0.00113499, -0.0110138, 0.0107545, 
167, 178987, -6.82517, 3.18805, -5.04227, -0.000631464, 0.00138239, -0.00208693, 
168, 105332, -4.51725, -10.0382, 8.16506, 0.00364476, -0.00357248, 0.00534765, 
169, 17416.3, 4.34437, 6.99376, 0.411598, -0.00274996, 0.00445439, -0.00265406, 
170, 188196, -5.32493, -11.5337, 4.45132, -0.00445483, -0.011922, 0.0078503, 
171, 154087, -2.25068, -0.520448, -1.49907, 0.000577198, -0.00100161, -0.000779776, 
172, 221417, 3.00478, 4.34317, -3.02401, -0.000656267, -0.00397708, -7.37142e-05, 
173, 30581.6, -2.51762, 2.25602, -8.14644, 0.00282769, 0.00743463, 0.000570089, 
174, 257561, 3.58013, 1.77851, -2.58644, 0.00253186, 0.000168069, -0.00139339, 
175, 25785, -2.31648, -9.21507, 2.63745, -0.000375093, -0.0128508, 0.00326985, 
176, 48638.1, 5.21615, 7.04385, 12.7051, 0.00377358, 0.00221937, 0.00582759, 
177, 10067.2, -10.4704, 3.28491, 0.752101, -0.00558934, 0.00155411, 0.00306622, 
178, 44588.6, -1.27152, -10.6258, 7.18331, -0.00827618, -0.0113078, 0.00750842, 
179, 92749.3, 1.97209, 1.53521, -2.61218, 0.00507343, -0.00211356, -0.0051406, 
180, 92871.7, -4.98885, 4.22142, -11.7588, 0.00225894, 1.47092e-05, -0.0066302, 
181, 247270, -1.00855, -7.54685, 7.64141, 0.00140033, -0.00514488, 0.000378803, 
182, 486916, -3.30752, 1.74595, -2.1529, -0.00252412, -0.00161902, 0.000136358, 
183, 368942, -1.2414, -9.30237, 8.59109, 0.000106339, -0.00542869, 0.00433615, 
184, 177502, -7.21088, 7.0292, -7.25648, -0.0081989, 0.0042504, -0.00346089, 
185, 207343, 1.10983, 1.08449, 3.1012, -0.00374946, -0.00138655, -0.00320799, 
186, 187409, -4.04669, 0.554272, -11.5236, 0.00158539, 0.00382047, -0.00206142, 
187, 2227.5, -6.0347, -13.3087, 6.0538, -0.0051009, -0.00911959, 0.00381806, 
188, 123729, 7.2778, 1.93368, 9.36804, 0.00351857, -0.00067198, -0.000864484, 
189, 104967, 1.59743, 3.47254, 7.06063, -0.00264006, -0.0027706, -0.0013693, 
190, 66861.3, 6.11093, 12.4877, 8.14378, 0.00661104, 0.00834734, 0.00417511, 
191, 273746, 6.28361, -3.03988, -5.05619, 0.00394149, -0.0043686, -0.00073731, 
192, 237580, 2.90683, 1.81377, -4.76226, 0.00240346, 0.00581593, -0.00543559, 
193, 172963, -6.93245, -13.243, 4.56675, -0.00322366, -0.0118053, 0.00535232, 
194, 93590.7, 1.39128, 2.22789, 1.36524, 0.00144177, -0.00329277, 0.00466286, 
195, 163125, -5.00588, -9.36702, 6.77491, -0.00468575, -0.00572, 0.00425241, 
196, 160121, -3.86076, -9.45388, 9.08795, -0.00551727, -0.00165843, 0.00749727, 
197, 122511, -4.63297, -3.85868, 1.34513, -0.000245833, 0.00557393, 0.00264633, 
198, 16991.2, -4.0002, 0.75816, 1.62989, -0.0114414, 0.00783849, 0.00740697, 
199, 27557.8, -2.57106, 4.04924, 5.41574, -0.00644345, 0.00562179, 0.00128326, 
