ID, Mass [kg], pos_0 [m], pos_1 [m], pos_2 [m], vel_0 [m/s], vel_1 [m/s], vel_2 [m/s], 
0, 5682.38, -33.894, -15.1728, -8.32033, -0.00198899, -0.00321496, -0.00142307, 
1, 51291.5, -36.5046, -26.4374, 36.4044, -0.00417707, -0.00375959, 0.00503853, 
2, 73779.3, -5.36106, -2.39158, 3.01581, 0.0037427, 0.00279882, 0.00136208, 
3, 9731.99, -6.67422, 29.0907, 23.3787, -0.000566989, 0.00311678, 0.000493253, 
4, 104587, 0.116826, 8.53674, 0.999405, 0.00281141, -0.00171536, 0.00217553, 
5, 42215, -0.119198, -3.78275, 4.99384, -0.000601176, -0.00320979, -0.00013111, 
6, 57220.4, 29.3418, 23.1605, -31.649, 0.0030456, 0.00423228, -0.00291041, 
7, 44855.5, 2.27019, -6.10063, 0.844406, -0.000272711, -0.00547205, 0.00102736, 
8, 276797, 3.49787, 6.25037, -3.57202, 0.000419194, -0.00317345, 0.002743, 
9, 2643.18, -2.64784, 4.97937, -1.96798, -0.00242582, 0.00267582, 0.00508579, 
10, 33961.7, 7.63903, -15.38, -5.29805, -0.001247, 0.00103907, 0.0018107, 
11, 8691.35, -9.2297, 55.7821, -47.0114, -0.000392074, 0.00606328, -0.00591828, 
12, 141682, -6.10051, 5.67606, 3.18465, -0.00262593, 0.000988856, 0.00345924, 
13, 288611, -14.7042, -13.7558, 1.07086, 0.00206661, -0.000662219, 0.00206062, 
14, 512847, 2.04204, 1.63863, 1.44903, 0.000765112, -0.00298106, -0.00300317, 
15, 15651.7, 4.5341, 14.0373, -6.12732, 0.00203366, 0.00117852, -0.00102716, 
16, 182451, 23.3954, -17.9605, 46.8156, 0.00350443, -0.00165266, 0.00437753, 
17, 62197.8, -16.1886, -8.91533, 1.40316, 0.000678518, 0.00110243, -0.00161785, 
18, 185440, -15.1719, -17.5818, 3.9569, 0.00169878, -0.000740232, -0.000518027, 
19, 36701.4, 30.8209, 46.3115, -43.6185, 0.00394827, 0.00551631, -0.00532318, 
20, 106936, -62.9411, -36.7387, 18.2292, -0.00762587, -0.00454157, 0.0021835, 
21, 161838, 1.35938, 5.32383, 1.6532, -0.000331441, -0.00122181, 0.00128652, 
22, 144875, 1.89833, 10.6836, 4.25043, 0.00131219, 0.00245455, 0.00223531, 
23, 100936, 3.08553, 22.1825, 9.07512, -0.000779261, -0.000370482, -0.00155307, 
24, 95186.1, 41.3499, 36.2342, 34.6088, 0.00506477, 0.00356764, 0.00356025, 
25, 151808, 31.2513, -24.7552, 50.0518, 0.00440881, -0.00251342, 0.00582069, 
26, 118354, 0.170694, -0.0394902, 8.62458, -0.0017623, 0.00405856, 0.00198521, 
27, 149234, -2.86379, -2.99659, 0.977213, 0.000196666, 0.00562385, 0.00442267, 
28, 9985.68, 11.0238, 7.9774, -1.6626, -0.000757141, 0.00185863, 6.52728e-05, 
29, 180895, -7.14349, -6.63308, -2.00998, -0.00282507, 0.000242326, -0.00322555, 
30, 486.041, 5.84132, 1.3619, 3.52069, -0.00586475, -0.00585106, 0.00380256, 
31, 70262.9, 0.0167262, 9.34011, -1.81226, -0.00130068, -0.0034081, 0.00030345, 
32, 45902.1, -6.36484, 12.9841, -2.60962, -6.43569e-05, 0.00207491, 0.000476452, 
33, 24444.7, -6.78629, 9.67658, 0.457419, 0.00118284, 0.0023833, -0.00308766, 
34, 65679.9, 0.212712, -13.2376, 2.17021, -0.000956674, -0.00193648, 0.00230853, 
35, 3309.29, -14.0375, -28.241, -7.43869, 0.00113209, -0.00362915, -0.0002419, 
36, 8280.38, -42.7639, 43.2563, -19.0536, -0.00448516, 0.00497036, -0.00307138, 
37, 94538.9, 3.2618, -3.076, -2.56112, -0.00138985, 0.000522894, 0.00518208, 
38, 30213.7, 60.5726, -14.6426, -11.5419, 0.00819759, -0.00093505, -2.64074e-05, 
39, 53471.9, -3.35904, 7.8094, -4.99033, 0.00380776, 0.00159772, 0.00550386, 
40, 43100.3, -18.6573, 24.8092, -24.9544, -0.000973591, 0.00179963, -0.00231888, 
41, 44746.6, 14.9337, 35.2998, 6.68722, 0.00123829, 0.00286472, -0.00115773, 
42, 34053.9, 0.872339, 22.6321, 39.7937, -0.000391085, 0.00277317, 0.00381517, 
43, 54380.2, 1.11063, -2.85725, 1.99814, -0.00468207, 0.00157329, -0.000439905, 
44, 38723.2, 22.3591, -5.60126, -30.8755, 0.00144925, -4.51639e-05, -0.00304021, 
45, 2321.23, -13.0939, -15.2043, -0.304338, 0.00156638, -0.00200185, -0.000317465, 
46, 241169, 6.51018, -1.71209, 2.87652, -0.00665965, -0.00152393, 0.00204125, 
47, 344827, 0.5117, -2.57829, 1.59791, -0.00294274, 0.0014479, 0.000964684, 
48, 39271.1, -5.66958, 1.3579, 1.02546, -0.00208115, 0.00589231, 0.000680617, 
49, 19687.8, -51.2248, 45.8875, -20.7328, -0.00637361, 0.00599137, -0.00343666, 
50, 61216.8, 5.4786, -3.95453, 7.10442, -0.00454547, 0.00502214, -0.000154095, 
51, 19182.2, -38.0673, 53.583, -33.9643, -0.00438677, 0.00679346, -0.00476759, 
52, 12420.5, 3.01394, 2.38983, 8.88471, 0.00623377, 0.000622979, 0.000975771, 
53, 85447.4, -63.6897, -6.14663, -27.8652, -0.0074976, -0.000769948, -0.00306083, 
54, 361436, 0.417777, 0.782238, -0.162866, 0.00223445, 0.00223146, 0.00756968, 
55, 158926, 19.6783, 9.81334, -28.4911, 0.00204129, 0.000873839, -0.00154132, 
56, 49282.6, -24.1142, 42.337, -44.7405, -0.00182218, 0.00492837, -0.00602836, 
57, 218355, -1.47847, 1.58773, 1.73884, 0.00411579, -0.000306936, -0.00409541, 
58, 22371.5, 61.5309, -17.3359, -11.8461, 0.00849798, -0.00169425, -0.000884867, 
59, 55919.9, -15.7552, 29.5353, -39.215, -0.000370475, 0.00215975, -0.00382258, 
60, 21598.8, 0.958068, -3.33806, -3.4639, -0.00212303, 0.00302891, 0.00413642, 
61, 398.952, -2.87075, 10.8161, -2.86774, 0.00106766, -0.00109188, -6.70877e-05, 
62, 1108.92, 4.21242, -6.49116, 43.6645, 0.000767033, -0.000375717, 0.00359909, 
63, 108555, 7.58465, -3.13553, 5.98804, 0.00409803, 0.00354832, 0.00211067, 
64, 244863, 11.84, -5.11552, 23.8304, -1.56516e-05, -5.99056e-05, -0.000174553, 
65, 220694, -22.9807, 40.6054, -35.0775, -0.00167217, 0.004587, -0.00413646, 
66, 61700, -5.01916, 55.8964, 26.0086, 6.17056e-05, 0.00616041, 0.00265538, 
67, 55388.9, -34.9913, 10.4066, 27.1119, -0.00413858, 0.00107569, 0.00324801, 
68, 211156, 1.13524, 1.45632, 0.496876, -0.00182643, 0.00117759, -0.00442581, 
69, 12720.6, 0.00882464, -0.876485, 0.396343, 0.00241068, 0.0127085, 0.000868841, 
70, 25096, 3.61542, 14.0778, 8.51403, -0.00171403, 0.00383973, 0.00238697, 
71, 179870, -1.91075, -1.59922, 3.28813, -0.00754373, -0.00671581, -0.00147572, 
72, 79123.8, -52.4037, -14.7515, -3.25206, -0.00457606, -0.00133203, -0.000520424, 
73, 110870, 0.186481, 7.19414, 1.04574, -0.00342176, -0.00172772, 0.00510254, 
74, 43359.1, 21.1395, 32.7095, 20.4129, 0.00119849, 0.00439566, 0.000614457, 
75, 140124, 0.223195, -0.278718, 0.635268, 0.0032762, -0.00830064, 0.00606926, 
76, 229268, -15.5765, 25.1403, -28.9487, -0.000775973, 0.00164195, -0.00195716, 
77, 302149, 3.67867, -4.62359, 0.0413801, -0.00194177, 0.00153896, 0.00391926, 
78, 100708, -12.2509, -13.4271, 0.56524, 0.0016727, -0.00011532, 0.000619369, 
79, 46633.4, -2.40738, -0.805644, 7.84484, 0.00492179, 0.00290701, 0.00103734, 
80, 143926, 7.39112, 7.96704, -2.47114, -0.0013514, 0.00503055, -0.000202405, 
81, 270.261, -45.6299, 7.90713, 19.7815, -0.00390653, 0.000533495, 0.00148657, 
82, 159650, 2.80509, 0.118572, 3.23822, 0.00708228, -0.0066357, -0.00322971, 
83, 24756, -4.38243, -3.13973, 2.16746, -0.00359289, 0.00622497, 0.00159779, 
84, 18375.3, -3.57705, 5.89762, 2.06202, 0.00303415, 0.0063014, -0.00158556, 
85, 491877, 49.387, -16.0422, -18.24, 0.00581863, -0.00134573, -0.00166015, 
86, 194807, 3.66735, 0.434804, 5.26146, 0.00244569, -0.000216529, -0.00113086, 
87, 8649.23, 12.3869, 12.5317, 3.79061, -0.00248058, 0.00101439, -0.00156969, 
88, 138901, -6.56352, -6.15826, 6.3881, -0.000493081, 0.00281702, -0.00444082, 
89, 50202.9, 2.97104, -3.78138, -1.46104, -0.00583832, 0.00432057, -0.000464743, 
90, 98321.9, 5.12909, 13.7568, -10.9238, 0.000541348, 0.00207352, -0.00172717, 
91, 384069, -0.496376, -1.41902, 2.39348, 0.000935862, -0.000337703, -0.00761392, 
92, 81279.9, -11.2196, -9.38167, -3.0358, 0.00010865, 0.00269599, -0.000336164, 
93, 91375.2, -0.937129, -1.94599, 2.47917, 0.00123295, -0.000692225, -0.000281398, 
94, 5476.7, -12.2057, -20.7505, 8.96984, 8.86379e-05, -0.000745211, 0.000238293, 
95, 33452.5, -6.97706, -8.79787, 0.254602, -0.00369722, -0.000210645, 0.000384482, 
96, 25752.1, -44.3469, -14.4228, -13.2514, -0.00604991, -0.00239104, -0.00205873, 
97, 200797, 1.31468, 1.80307, 0.0679169, 0.00366169, 0.00350456, 0.00167583, 
98, 298981, -1.17135, -0.61739, 2.17659, -0.00449765, -0.00377899, 0.00596409, 
99, 93146, -6.13831, 8.01829, -0.717561, 0.0035755, 0.000670051, 0.000621157, 
100, 8612.85, -16.458, 12.577, -18.2386, 0.000409626, 0.000272701, -0.000233918, 
101, 24343.5, 1.8322, -4.9923, 1.90754, 0.00119208, -0.00588843, 0.0048042, 
102, 10296.7, -5.2694, 12.8843, -5.44263, 0.00147838, -0.00324109, 0.00302693, 
103, 15719.8, -7.57451, 0.555812, 16.8826, 0.00151191, 0.00173269, -0.00264686, 
104, 230040, 2.48852, -1.00566, 6.38381, -0.00188459, 0.00482978, -0.00327044, 
105, 17846.1, 11.9216, 9.31508, -4.04703, 0.000817115, 0.00513481, -0.00115178, 
106, 22216.6, -13.5828, -5.72479, 3.55026, -0.00228266, 3.05827e-05, 0.00150676, 
107, 98486.7, 1.87803, 17.0496, 12.72, 0.000587024, 0.00012841, -0.0027786, 
108, 214214, -52.2339, 0.064369, -41.94, -0.00651231, 8.00094e-05, -0.0053606, 
109, 131614, -1.21362, -2.99276, -0.213648, 0.00208808, -0.00325671, 0.00171775, 
110, 160023, 1.7288, 1.41235, 0.92431, -0.00455561, -0.00542801, -0.00102347, 
111, 115735, 2.67126, -1.30085, 3.12689, 0.00215247, -0.00744472, 0.00043704, 
112, 378585, 28.221, 10.2102, -40.0733, 0.00284472, 0.00191521, -0.00410711, 
113, 83295.8, -27.9878, 8.97891, -2.31038, -0.000344407, 0.00113004, 0.000678582, 
114, 148827, 14.5648, 2.05234, 2.7768, 0.00078649, -0.00157217, 0.000422283, 
115, 285284, -2.90801, -32.2958, 49.8537, -4.53087e-05, -0.00408646, 0.00564207, 
116, 515864, 0.238038, -0.678185, 0.920433, 0.00140714, 0.00143064, 0.000547365, 
117, 88363.5, 4.39749, -13.1728, 19.2046, -0.00111387, -0.0010623, -0.00081885, 
118, 155064, 21.2317, 15.4058, -0.976986, 0.000873627, 0.00210362, -0.00254104, 
119, 18098.3, -2.88052, 7.70057, 3.03838, 0.00446919, -0.000177309, 0.00276041, 
120, 34391.6, 52.5869, -23.0518, -9.95413, 0.0063139, -0.00198142, -8.73116e-05, 
121, 78154, 0.631174, 11.4105, -3.68155, -0.00273417, -0.00159185, -0.000741089, 
122, 10497, -0.403674, 3.91002, 1.72989, -0.00147393, 0.00150558, 0.00132127, 
123, 59058.1, -2.22929, 17.3535, 7.32496, 0.00127249, -0.00243936, 0.000590133, 
124, 5646.35, -3.61858, 5.75253, 0.58724, 0.00566015, 0.00404137, 0.00285306, 
125, 103346, 1.61944, 1.2453, 5.57187, 0.00813361, -0.00367048, 0.00153312, 
126, 64702.5, -61.6201, 0.443018, 21.2431, -0.00719167, 6.69132e-05, 0.00310369, 
127, 199056, 0.431313, 4.54526, -1.01225, 0.000935273, 0.00332699, -0.00283314, 
128, 192649, 1.28035, 5.66944, 3.15624, -0.000535373, -0.00391684, 0.00317617, 
129, 1707.71, -0.127581, -5.10667, 6.85302, 0.00112674, -0.00228867, -0.00472637, 
130, 19869.9, 0.890577, -3.95638, 1.09807, -0.00397244, -0.00165823, 0.00290894, 
131, 143979, -4.02239, -0.0648401, 7.13235, 0.00128198, -0.000872989, 6.62291e-05, 
132, 37850.6, -73.0062, 35.6545, -19.4115, -0.00964462, 0.00435138, -0.00227957, 
133, 50031.5, 1.45717, 1.92109, 3.2297, 0.00570422, -0.001005, -0.0010409, 
134, 369068, -18.7759, 2.49851, -8.42671, 0.00202739, 0.000199153, 0.000647465, 
135, 3806.98, -2.49367, -14.5573, -0.798836, -0.000695418, 0.00295716, -0.000253925, 
136, 64591.7, 4.15882, -7.34616, 4.63433, -0.00418987, 0.00373011, 0.00428887, 
137, 1688.15, -2.30248, -21.0083, 9.72654, 0.00238333, -0.00131965, 0.000838001, 
138, 439943, -3.03201, 5.72402, -2.19121, -0.00172681, -0.00369083, -0.00134175, 
139, 72054.1, 0.877293, -4.73591, 2.30152, 0.00547988, 0.000399514, -0.00395324, 
140, 10511.3, -4.39118, -20.4907, 27.0343, -0.000228189, -0.00180265, 0.00107876, 
141, 28560.6, -1.21178, -10.9156, 1.58936, -0.00401524, -0.00248977, 0.00199141, 
142, 92270.6, 3.53883, -8.08874, 3.43594, -0.00249643, -0.00193768, 0.00171565, 
143, 57507.6, -49.1876, 15.8122, 30.2397, -0.00545868, 0.00184412, 0.00338842, 
144, 106955, -2.55624, -2.58595, 13.1524, 0.00271209, 0.00103259, -0.00403689, 
145, 53021.1, 1.40843, 1.12705, 5.13541, -3.67187e-05, 0.0071669, 0.00167116, 
146, 127593, -8.65513, -2.86311, 3.98976, 0.00105095, -0.00383906, 0.0029309, 
147, 31386.3, -1.46359, 1.03628, 1.57683, 0.00186469, 0.00262542, -0.00399, 
148, 89613.6, -1.07364, 9.69304, -19.1467, 0.00227527, -0.00234541, -0.000618332, 
149, 251415, 13.4334, -2.42636, 17.9477, -0.000444046, 6.49278e-05, -0.00199926, 
150, 55890.6, 7.28741, -11.6845, 1.68533, 0.00396044, 0.00232928, 0.000785427, 
151, 174949, -3.51084, 7.12229, 3.54124, -0.00183491, -0.00218154, -0.00167718, 
152, 66072.8, 6.78822, -4.93759, 11.3333, -0.00293531, 0.00292839, -0.00175198, 
153, 19075.8, -5.20343, -6.22181, 17.5125, -0.0012008, -0.000172832, 0.00269447, 
154, 47261.5, 10.7368, 9.16343, -1.23995, 0.000798147, 0.0025277, -0.00279705, 
155, 102102, 4.13905, 1.07597, 2.94141, 0.00670338, 0.000778272, -0.00183454, 
156, 5375.03, -7.99782, -2.44772, 7.84331, 0.000944488, -0.00144339, 0.0031918, 
157, 3761.7, -5.00027, 1.78533, 8.06608, -0.00427652, 0.00541827, 0.00209601, 
158, 7652.65, -1.03383, -1.22842, -1.35241, -0.00282846, -0.000751866, -0.00926618, 
159, 47070.1, 2.21499, 1.765, 0.934187, 0.000545549, 0.00597529, 0.00324658, 
160, 17972.9, -5.42922, -0.669908, 0.917241, -0.00103159, -0.00253252, 0.000364075, 
161, 218629, 3.02318, 8.08077, -0.244194, 0.00392888, 0.00691199, -0.000688342, 
162, 138887, -1.29492, 1.86452, 4.68476, -0.000278601, 0.00475707, -0.00506525, 
163, 33277.3, 10.11, -12.5463, 6.1117, -0.00206807, 0.00030411, 0.00320861, 
164, 167891, -3.79477, -1.90345, 2.39566, -0.000930532, -0.00206358, -0.00600632, 
165, 62570.5, -2.77043, -58.4605, -14.2006, 0.000224089, -0.00681521, -0.00172447, 
166, 38130.4, 12.8494, 50.4874, 27.3773, 0.00206544, 0.00519728, 0.00263932, 
167, 22403.8, 9.09913, -22.4294, 41.9439, 0.00135394, -0.00265818, 0.00349959, 
168, 1479.59, 29.2408, 17.8207, -42.825, 0.00368959, 0.00252796, -0.00468945, 
169, 20399.9, 1.72589, -37.1508, 45.4121, 0.000124508, -0.00509421, 0.00459717, 
170, 115854, 0.080396, 3.52925, 1.93632, -0.000615538, -0.00167645, 0.0026771, 
171, 27762.9, 1.7073, 4.02722, 0.541101, -0.00156147, -0.0046934, -0.00187444, 
172, 250928, 4.45541, 2.24305, -6.56178, -0.00245893, -0.000752413, 0.00278499, 
173, 74469.2, -44.6559, 29.9435, -13.2192, -0.00482407, 0.00469778, -0.00162968, 
174, 143481, -57.2957, 39.9937, -26.9563, -0.00697846, 0.00506177, -0.00367999, 
175, 27145.1, 4.68397, 1.19098, 3.58458, 0.00144558, -0.000793655, -0.00384631, 
176, 32620.6, 5.03455, -1.50391, 1.85216, -0.00596858, -0.00298131, -0.00428201, 
177, 52575.7, 0.123271, -36.0114, 62.796, -4.52571e-05, -0.00472068, 0.00824876, 
178, 19746.4, 1.51343, 7.57196, 0.217569, 0.000578233, -0.000692998, -0.000742041, 
179, 33623.1, -19.4563, 6.06462, -0.712236, 0.00157481, 0.000649342, 0.00210298, 
180, 50349.8, -50.2703, -33.1575, -26.1889, -0.00572123, -0.00382562, -0.00290013, 
181, 89376.8, 5.75179, 0.402178, 4.20096, 0.0067538, -0.00692702, 7.31225e-05, 
182, 42160.2, 1.65464, -0.746002, 57.596, 4.09897e-06, -5.39377e-05, 0.00684747, 
183, 100544, -24.5217, -16.7405, 1.48204, -8.187e-05, -0.00123409, 0.00129436, 
184, 1446.88, -0.777497, 5.6626, -3.15536, -0.00242227, -1.06574e-05, 0.00461043, 
185, 119694, -2.92586, -7.7187, 6.13142, -0.00254876, 0.000740136, 0.000290003, 
186, 120999, 9.0474, -1.60717, 3.75733, -0.000810091, 0.00206012, -0.00191196, 
187, 52698.3, -10.7867, -1.79672, 3.41891, 0.000303112, 0.00109128, 0.00224456, 
188, 105467, 0.366185, 0.1499, 6.26716, -0.00739836, 0.0041198, 0.000129909, 
189, 99748.4, -6.97059, -36.6196, 19.8012, -0.000934027, -0.00326848, 0.00157491, 
190, 77133, 1.29262, 1.49056, -0.554705, 0.000228982, -0.000604932, -0.00610843, 
191, 178804, 4.19857, -3.11035, 5.80356, 7.18165e-05, 0.00601457, 0.00201416, 
192, 8685.6, -3.01161, 0.498004, -4.61959, -6.93278e-05, -0.00108373, 0.00244702, 
193, 256954, 17.0178, 6.84992, 26.5938, 0.00263761, -0.0013372, 0.00211633, 
194, 53540.6, 1.42502, 2.01693, 3.50799, -0.00867705, 0.000316517, -0.00564928, 
195, 220652, 2.88865, -1.2648, -1.20684, 0.00715537, 0.000506042, -0.000453599, 
196, 10258.1, -8.88035, 6.1433, -0.878704, -0.00315265, -0.000880116, 0.000664293, 
197, 6083.3, -20.8806, -10.629, 20.0892, -0.00153295, 0.000340166, 0.000164167, 
198, 127562, 7.45122, 9.74709, -1.87774, -0.00241932, -0.00402769, 0.00184294, 
199, 34766.2, 2.30964, 0.685108, 1.1969, 0.00535204, 0.000292634, 0.0110545, 
