ID, Mass [kg], pos_0 [m], pos_1 [m], pos_2 [m], vel_0 [m/s], vel_1 [m/s], vel_2 [m/s], 
0, 280921, 57.0705, 173.56, 51.708, -0.000154733, -0.00018761, 2.16318e-05, 
1, 149137, 138.055, -186.502, 197.122, -5.31298e-05, 8.00042e-05, -8.96957e-05, 
2, 50446.3, -111.849, 24.1039, -22.2137, 8.20095e-05, 1.80848e-06, -5.96984e-05, 
3, 41485.9, 59.1359, -65.9951, 152.508, -2.30196e-05, 5.42948e-05, -0.000133358, 
4, 9933.15, -38.6533, -27.268, -81.0436, 2.79014e-05, -1.84766e-05, 6.84001e-05, 
5, 66967.5, 120.79, -9.49176, 7.76503, -0.000110828, 1.11858e-05, -5.75516e-06, 
6, 46662.8, -80.6779, 58.5583, -181.047, 2.99372e-05, 4.4792e-06, 0.000160582, 
7, 97754.2, 82.1838, -21.4798, -179.477, -1.42284e-05, -4.41255e-05, 0.000152528, 
8, 255643, 18.8503, 168.298, -125.319, 1.52801e-06, -0.000105483, 8.94411e-05, 
9, 417487, -84.4285, -147.221, -17.8047, 2.01848e-05, 0.000114407, 1.05334e-05, 
10, 142825, 169.294, 150.666, 22.5308, -0.00010744, -5.46329e-05, -8.03857e-06, 
11, 100784, 84.7922, -69.2096, -47.7306, -9.62984e-05, 4.62727e-05, 6.93424e-05, 
12, 103879, -37.602, 170.022, 175.722, 2.2214e-05, -0.000100819, -0.000105527, 
13, 18497, 111.656, -50.5213, 113.59, 0.000308756, -0.000156276, 0.000321375, 
14, 142719, 80.608, -39.7068, -118.446, -8.4161e-05, 3.91416e-05, 6.81704e-05, 
15, 24734, 41.1322, 17.3283, 66.615, -7.9767e-05, -8.74813e-05, -7.7466e-06, 
16, 60638.9, 25.9116, -28.8228, -54.4144, 1.4588e-05, 1.80115e-05, 6.85307e-05, 
17, 156413, 35.8187, -57.5677, 142.394, 1.36201e-05, 2.68375e-05, -0.000143271, 
18, 40614.3, 81.8313, 40.6233, 72.0174, -7.95399e-05, -5.42563e-06, -5.89501e-05, 
19, 80054.7, 38.9177, -39.6645, -33.2097, 4.09183e-05, 9.38972e-05, 4.46859e-05, 
20, 20188.5, 79.5608, 157.424, -165.556, -1.22562e-05, -4.99435e-05, 0.000120857, 
21, 52898.6, 113.37, 15.6034, -133.773, -7.52114e-05, -1.89599e-06, 0.000111857, 
22, 70476.7, -187.684, -83.2211, -102.744, 0.000107104, -4.39615e-05, 6.21818e-05, 
23, 97799.1, -100.81, 87.0863, -70.789, 5.49584e-05, -7.66963e-05, 2.21539e-05, 
24, 31591, 150.786, 134.907, -191.149, -0.000114174, -0.000116134, 0.000156988, 
25, 362159, -48.3102, -176.404, -169.466, 3.44379e-06, 0.00013172, 6.50075e-05, 
26, 54079.9, -136.051, 57.6361, 157.967, 6.70726e-05, -6.53231e-06, -9.26706e-05, 
27, 71083.6, 173.494, 198.183, 9.47301, -9.46348e-05, -0.000128908, -2.81378e-06, 
28, 49965.9, 57.1778, 26.777, 66.0053, -3.22023e-05, -3.95237e-05, -7.57808e-05, 
29, 13380.9, -59.6353, -157.214, 80.4161, -3.82946e-05, 9.62143e-05, -0.00011415, 
30, 295051, 167.481, -41.2589, 21.9567, -0.000126206, -3.72768e-06, 2.43522e-05, 
31, 167525, -59.6183, -136.952, 135.885, 2.09009e-05, 9.11676e-05, -6.98172e-05, 
32, 9620.01, -81.0065, 116.193, -132.233, 4.39671e-05, -8.78624e-05, 4.54354e-05, 
33, 72411.2, 15.2459, -87.2869, -159.194, 1.29511e-06, 6.55249e-05, 8.20167e-05, 
34, 19982.7, -103.795, -36.9554, 142.173, 6.16842e-05, 1.62226e-05, -7.9715e-05, 
35, 40945.2, -11.7506, 185.411, 180.964, 1.28508e-05, -0.000106943, -0.000108894, 
36, 88463.2, 117.064, -39.0753, 158.162, -5.57174e-05, -4.70329e-06, -0.000124282, 
37, 37051.3, -88.3599, -117.951, -13.2074, -0.000116988, 4.00292e-05, -4.60566e-05, 
38, 18264.2, -158.317, 125.051, 0.659186, 7.93921e-05, -7.95561e-05, 5.45358e-06, 
39, 113580, 109.26, -182.617, -176.446, -5.81442e-05, 8.99746e-05, 9.52644e-05, 
40, 4383.14, 125.318, 80.1677, 24.0985, -9.08067e-05, -2.79342e-05, -1.45978e-05, 
41, 99803.5, -4.09557, -130.635, 120.553, 3.90911e-05, 0.000100191, -3.73028e-05, 
42, 19049.6, 74.9466, -183.036, 76.3169, -2.90855e-06, 0.000117956, -1.55312e-05, 
43, 59175.5, 145.2, 181.5, 23.5643, -5.51299e-05, -0.000130541, 6.97986e-06, 
44, 106282, 138.255, 1.15947, -101.311, -0.00012631, 2.23918e-05, 7.44684e-05, 
45, 85925.5, 138.829, 89.1256, -81.6133, -0.000107392, -2.81927e-05, 6.183e-05, 
46, 75101.4, -38.1901, -13.2529, -23.0778, 4.10574e-05, 3.68649e-05, 1.02786e-05, 
47, 112110, 134.372, 6.09908, -64.251, -0.000131541, 3.09881e-05, 4.45935e-05, 
48, 15845.1, -156.944, 7.33412, 18.3451, 0.000118825, 1.00712e-05, -2.21237e-05, 
49, 578756, -95.209, 187.356, -143.247, 3.8924e-05, -0.000116834, 5.27175e-05, 
50, 236989, -174.612, -177.826, -177.075, 0.000121779, 7.78647e-05, 0.000149672, 
51, 42192.7, -39.8092, -44.8963, 128.747, 4.16607e-05, 4.62534e-05, -9.2631e-05, 
52, 2833.87, 57.3392, -126.275, 185.796, -8.43257e-06, 5.10813e-05, -0.000157495, 
53, 20885.3, -103.032, -148.495, 163.746, 6.16519e-05, 7.29104e-05, -0.000117658, 
54, 59239.7, 92.3836, 22.4571, 16.6744, -9.88202e-05, -1.83347e-05, 1.2969e-05, 
55, 68616.1, -106.506, -147.909, -181.635, 4.53495e-05, 6.96743e-05, 0.00016262, 
56, 140806, 179.744, -91.6853, 97.992, -0.000118895, 0.000115929, -1.54799e-05, 
57, 47680.3, -44.6971, -55.7889, -181.923, 0.000176977, 0.000109839, 0.000125082, 
58, 142649, 41.1098, 174.583, 46.5113, 7.67385e-05, -0.000178761, 7.02676e-05, 
59, 121601, 110.634, -117.077, -124.448, -7.45562e-05, 6.49379e-05, 6.54385e-05, 
60, 48784.1, -182.147, 189.344, 191.22, 6.35681e-05, -0.000121148, -9.68664e-05, 
61, 212902, 14.2307, -69.6906, -180.184, 2.02597e-05, 2.22125e-06, 0.000155986, 
62, 33750, -191.056, -124.43, -130.488, -8.18851e-05, 1.83421e-05, 0.000174942, 
63, 103881, 166.24, -188.21, 140.933, -7.81111e-05, 0.000120646, -7.73128e-05, 
64, 144035, 74.1286, 132.624, 36.4473, -7.29186e-05, -7.14199e-05, 2.65701e-06, 
65, 255917, -180.499, -80.8066, -153.599, 0.00014425, -5.07654e-06, 8.44931e-05, 
66, 45051.8, 168.997, -70.5439, 42.7127, -0.000148276, 8.9362e-05, -1.87926e-05, 
67, 211462, 80.5101, -69.5976, -15.9109, -8.71967e-05, 5.12194e-05, -1.31517e-05, 
68, 84771.9, 185.776, -181.94, 129.851, -0.000120405, 9.35199e-05, -4.06381e-05, 
69, 71798.4, -96.5546, -48.6977, 154.704, 5.44119e-05, 1.42039e-05, -0.000119132, 
70, 1322.42, -142.833, 159.129, 99.6922, 4.94941e-05, -0.000135406, -7.68962e-05, 
71, 75224.8, -45.0196, 150.83, 91.3097, 9.76814e-05, -7.30805e-05, -0.00010751, 
72, 52782.9, -40.6313, -192.3, -84.683, 1.15474e-05, 0.000149298, 1.05525e-05, 
73, 79840.9, -174.151, 152.41, -170.12, 7.58998e-05, -8.4171e-05, 6.63279e-05, 
74, 104228, 96.6071, 88.1214, 95.4182, -7.26556e-05, -3.68788e-05, -2.85884e-05, 
75, 2482.41, 91.8838, -17.8755, 65.9908, -0.000103788, 2.05169e-05, -2.42412e-05, 
76, 154427, -67.4559, 138.458, 189.598, 1.80868e-05, -8.54346e-05, -0.000128565, 
77, 8290.76, -122.131, -33.3471, 35.5482, 7.67107e-05, 3.52746e-05, -2.9904e-05, 
78, 331032, -72.7632, -114.345, 180.723, -3.93374e-05, 4.60372e-05, -0.000232302, 
79, 124.402, 190.224, -177.77, -8.69558, -0.000132325, 9.25822e-05, 5.68977e-07, 
80, 282082, 115.848, 91.3841, -153.937, -8.58557e-05, 0.000183483, 0.000152506, 
81, 84879.9, -65.7837, -199.462, -175.199, 4.49357e-05, 0.000166931, 9.43855e-05, 
82, 17833.5, -143.016, -34.8453, 54.8781, 7.54165e-05, 2.92747e-05, -4.38568e-05, 
83, 107049, 101.834, 43.0708, -38.66, -7.82207e-05, 3.0397e-05, -4.83834e-06, 
84, 82132.9, -143.139, 162.525, -55.1668, 0.00013701, -0.000155295, -1.73017e-05, 
85, 30550, 164.844, -29.2358, 114.369, -0.000124388, -6.46699e-06, -5.50896e-05, 
86, 86214.3, -113.938, 28.2195, -36.0425, 9.56291e-05, -9.2667e-06, -3.29329e-05, 
87, 208788, -173.65, 86.2583, 194.918, 6.87724e-05, -2.0324e-06, -0.000114278, 
88, 27619.9, -111.109, 186.87, 168.167, 3.21371e-05, -0.000325096, -0.000115154, 
89, 15196.8, -65.9788, 169.913, 70.5916, 4.63967e-05, -0.000124121, -1.33031e-05, 
90, 17206.4, 58.5582, 65.9209, -17.6096, -3.01202e-05, -4.31038e-05, -8.26983e-06, 
91, 238697, -155.812, -90.8312, -180.948, 8.93441e-05, -1.08121e-05, 0.000146328, 
92, 21618, 144.72, 83.518, 11.9498, -0.000111706, -3.07931e-05, -2.70088e-05, 
93, 93343.4, 132.333, -64.4742, 132.549, -0.000143769, 9.08916e-05, -0.000113656, 
94, 71437.8, -134.501, -179.416, -20.5507, 2.95697e-05, 0.000179918, 1.00645e-05, 
95, 66240.3, 153.668, -69.6351, -109.41, -0.000126143, 5.63249e-05, 8.13379e-05, 
96, 77123.1, -77.2385, 131.767, 44.3878, 8.22451e-05, -7.84393e-05, -2.93163e-05, 
97, 7278.21, -193.766, -69.9588, 188.322, 9.3148e-05, 4.22825e-05, -8.32265e-05, 
98, 42026.4, 52.5091, -154.355, -179.917, -4.18924e-05, 8.73846e-05, 0.000130805, 
99, 52939.5, 120.778, 143.063, 7.47038, -8.34359e-05, -0.000115674, -9.96197e-06, 
100, 38590.4, 45.1242, 125.65, 188.747, 2.39924e-05, -8.58522e-05, -0.000152545, 
101, 63474.3, -187.463, 164.453, -193.803, 8.04343e-05, -9.95283e-05, 8.51082e-05, 
102, 124280, 3.84246, -162.436, -127.618, -4.31537e-06, 0.00012037, 6.25836e-05, 
103, 80739.6, -174.975, -103.223, -198.847, 0.000119377, 3.61988e-05, 0.00014803, 
104, 8869.04, 97.705, 175.28, -78.6258, -1.87859e-05, -0.00014925, 3.63044e-05, 
105, 125612, 189.712, 161.816, 15.7529, -0.000154528, -8.10523e-05, 2.51788e-06, 
106, 19753.6, -1.78531, -196.623, 139.722, 2.04031e-05, 0.000124738, -6.35042e-05, 
107, 95859.1, 112.415, -123.86, 82.6303, -6.92296e-05, 6.54953e-05, 3.87991e-06, 
108, 21407, 118.074, -107.102, 185.617, -5.4516e-05, 6.97797e-05, -0.000132378, 
109, 355183, -77.0282, 188.262, -196.395, 1.37287e-06, -9.26255e-05, 0.000112624, 
110, 12025, -12.1306, -120.313, 65.5931, 2.71609e-05, 9.24738e-05, -3.24764e-05, 
111, 175878, 180.524, 190.746, 157.842, -9.67963e-05, -0.000119387, -4.07233e-05, 
112, 23630.5, 68.1982, 171.592, -61.8784, -3.01182e-05, -0.000147656, 7.42414e-05, 
113, 6031.1, 183.393, 164.908, -16.7239, -0.000133978, -7.63951e-05, -6.07687e-07, 
114, 207555, 193.191, 78.2461, 182.466, -0.000140567, 4.69265e-06, -0.000105879, 
115, 304955, 48.6719, -170.327, 158.393, 1.60312e-05, 0.000111853, -0.000118365, 
116, 32538.4, 100.74, 179.358, 105.119, -4.30565e-05, -0.000123242, -4.02352e-05, 
117, 75178.7, 164.098, 146.351, 178.519, -8.48033e-05, -0.00012612, -0.000103066, 
118, 115149, 58.632, -158.705, 5.5086, -2.3133e-05, 0.000126127, -8.21093e-06, 
119, 39187.2, -176.596, -47.0611, -133.484, 0.000120377, -7.11611e-06, 7.86089e-05, 
120, 260132, 182.554, 152.524, -114.224, -0.000108856, -0.000116059, 3.3611e-05, 
121, 164.449, 146.781, -86.0479, 84.0907, -1.54495e-05, 6.54141e-05, 6.07513e-06, 
122, 72328.1, 53.0352, -124.863, -22.4416, -7.33654e-05, 8.6821e-05, 4.95643e-06, 
123, 191160, 32.2998, -184.742, -199.106, -2.39632e-05, 9.26905e-05, 0.00011397, 
124, 335649, 40.9477, -114.07, 96.6925, 1.27868e-05, 2.87699e-05, -1.56133e-05, 
125, 42189.1, -199.563, -103.068, -136.784, 0.000163422, 2.34623e-05, 6.66056e-05, 
126, 135736, 110.173, -39.5998, 15.0038, -9.44186e-05, 3.27313e-05, -8.8154e-06, 
127, 3895.45, 192.804, 162.864, 171.619, -0.000222866, -0.000123284, -6.28092e-06, 
128, 3162.09, -128.163, -10.4827, -136.539, 0.000100919, 5.28289e-06, 5.64943e-05, 
129, 14972.2, -70.4241, 65.523, -112.475, 7.96302e-06, -1.10879e-05, 5.13075e-05, 
130, 2204.3, 93.7589, -52.5674, -176.373, -8.25655e-05, 9.18392e-05, 0.000138036, 
131, 53467.8, -31.1438, -186.636, -122.142, 8.0934e-06, 0.000147476, 4.05383e-05, 
132, 9019.17, -191.966, 82.9085, 55.1095, 0.000179812, 6.85544e-06, -2.44115e-05, 
133, 75971.7, -55.7631, 57.9018, 87.001, 3.85546e-05, -1.78828e-05, -8.02036e-05, 
134, 53116.9, 183.061, -55.2364, 4.13569, -0.000182642, 1.28231e-05, 4.62418e-05, 
135, 59974, 192.817, -44.434, -172.871, -0.000111177, 6.22475e-06, 8.64859e-05, 
136, 59642.4, -184.471, -41.6653, -59.0802, 0.000162896, 1.09464e-05, 1.74551e-05, 
137, 26631.6, -44.5225, 108.794, -127.32, -2.15343e-05, -9.69369e-05, 4.05245e-05, 
138, 52317.3, -30.9168, 171.906, 17.7114, 1.92698e-05, -0.000129943, 5.81819e-06, 
139, 15542.6, -119.378, 49.66, 193.93, 5.44388e-05, -1.28477e-05, -0.000130657, 
140, 36217, 29.0074, -45.6378, -157.747, 0.000208332, 0.000249604, 0.000496899, 
141, 14570.2, 144.254, 87.2842, 173.861, 3.3158e-05, 0.000109131, -9.46378e-05, 
142, 134592, 87.0296, 102.053, 140.446, -3.74271e-05, -2.36127e-05, -4.04005e-05, 
143, 1851.55, 23.444, 6.0178, 129.955, 1.92421e-06, 3.23039e-06, -0.000124665, 
144, 43063.4, -146.856, 10.2092, 60.3995, 9.45362e-05, 3.88223e-06, -3.80269e-05, 
145, 18286.9, 150.567, 37.8555, -15.6017, -0.00012861, 1.40308e-06, -1.23581e-05, 
146, 26541.1, -116.811, 173.872, -118.479, 9.5824e-05, -9.95849e-05, 2.78314e-05, 
147, 8663.67, -66.2549, -146.203, -73.9558, 2.50123e-05, 0.000107867, -2.33896e-05, 
148, 163581, 148.371, 122.731, -181.538, -0.000102531, -2.64367e-05, 8.78592e-05, 
149, 107209, 32.5545, -92.3838, -15.0363, -5.0792e-05, 0.00012137, -4.17546e-06, 
150, 50934.3, -53.65, -83.1206, 140.531, 1.92178e-05, 4.93447e-05, -9.28664e-05, 
151, 164542, -40.4102, 24.0472, -55.9525, 3.89198e-05, 2.83079e-06, 5.31483e-05, 
152, 122136, -165.093, -29.5473, 43.0215, 0.000109363, 3.53651e-05, -5.62589e-05, 
153, 160436, 91.1378, 6.44594, 102.283, -7.78505e-05, -6.22714e-06, -7.4384e-05, 
154, 69121.8, -68.2877, 104.396, 113.928, 5.50797e-05, -4.74104e-05, -6.71518e-05, 
155, 76747.4, 145.106, 104.949, 150.324, -7.11412e-05, 8.47753e-06, 1.38936e-05, 
156, 31683.4, 195.397, -193.61, 63.3029, -0.000109568, 0.000103225, -2.36277e-05, 
157, 27956.6, -149.098, -114.471, -48.608, 7.18066e-05, 0.000110949, 4.13608e-05, 
158, 95642.5, -42.7252, 102.988, 116.718, 2.65443e-05, -4.62849e-05, -6.63475e-05, 
159, 32134.9, -118.443, -8.31706, 124.908, 9.74355e-05, 0.00050873, 0.000224273, 
160, 98272.6, -2.40233, -95.7544, 169.034, 1.61074e-05, 5.09554e-05, -0.00013408, 
161, 21117.1, -27.3992, 27.3291, -183.476, -6.23311e-06, -1.04182e-05, 0.000163676, 
162, 5265.15, 50.4511, -26.8424, -33.4092, 0.000145048, -1.03578e-05, 9.62994e-05, 
163, 24911.8, -109.586, -176.528, -123.91, 4.75235e-05, 0.000290089, 1.26467e-05, 
164, 2675.35, -170.358, -188.957, -180.672, 3.49235e-05, 0.000264203, 0.000158313, 
165, 188114, 77.201, 118.385, 169.092, 2.52084e-05, -0.000139794, -0.000133925, 
166, 218499, -166.873, -81.0523, 114.718, 0.000102228, 4.45102e-05, -6.22205e-05, 
167, 3366.32, -82.8245, -51.9552, 25.5825, 5.32978e-05, 3.81994e-05, -7.84812e-06, 
168, 171467, -20.9875, 137.46, 76.341, 1.68554e-05, -6.22316e-05, -3.67929e-05, 
169, 29402.8, -174.32, -6.41435, -184.231, 6.79166e-05, -2.11974e-05, 8.60843e-05, 
170, 9574.81, 119.071, -11.815, -20.9219, -0.000109947, 2.35105e-05, 2.04731e-05, 
171, 404502, 158.323, -57.6602, 190.765, -9.62684e-05, 4.01398e-05, -0.000125939, 
172, 230768, -110.946, 176.55, 166.3, 3.07029e-05, -7.12599e-05, -7.32143e-05, 
173, 76261.3, 147.261, -177.407, 31.3154, -7.61018e-05, 0.000128337, -8.43495e-06, 
174, 150683, -116.104, 194.982, -191.557, 6.54641e-05, -0.000105488, 0.000106868, 
175, 27057.9, 127.165, -62.3837, 170.364, -7.31297e-05, 3.64854e-05, -0.00012752, 
176, 27548.3, 130.052, 16.3001, 24.4083, -0.000116882, -3.09597e-06, -1.80358e-05, 
177, 54278.4, 78.1639, 102.909, -97.6011, -5.57874e-05, -8.83683e-05, 8.21576e-05, 
178, 45486, -62.2121, 105.47, 77.4835, 4.43598e-05, -5.62934e-05, -4.38723e-05, 
179, 171.788, 7.21783, 191.201, -141.042, 1.21709e-05, -0.00013768, 9.43996e-05, 
180, 65953.7, 127.532, -84.6227, 17.6678, -0.000116393, 7.30685e-08, 6.79943e-05, 
181, 21018.2, -175.537, 135.58, -78.0386, 0.000104345, -8.53862e-05, 3.43467e-05, 
182, 13595.7, 81.6935, -93.3001, -197.868, -6.43309e-05, 5.34002e-05, 0.000151318, 
183, 993.895, 73.4665, -170.427, -155.456, -4.32971e-05, 0.000103207, 0.000109446, 
184, 8606.48, 82.5788, 15.7465, -58.9727, -4.92576e-05, 6.21143e-06, 5.4231e-05, 
185, 150226, -197.665, 41.9174, -174.267, 0.000169635, -6.02279e-06, 0.000179817, 
186, 429178, -187.603, 34.3276, 128.251, -6.52653e-05, 1.18365e-05, -6.6013e-05, 
187, 117798, -48.3828, -109.032, -77.0592, 2.97657e-05, 6.50981e-05, 1.86155e-05, 
188, 203405, 67.8882, -57.5824, -170.873, -2.16245e-05, 8.86052e-05, 0.000169552, 
189, 139725, -117.795, -152.318, 73.564, 6.87725e-05, 7.45953e-05, -5.30535e-05, 
190, 115574, -170.784, 172.827, 32.5426, 0.000108148, -0.000115696, -1.33335e-05, 
191, 187198, 125.797, -117.712, -8.47508, -7.97205e-05, 4.61601e-05, -8.84589e-06, 
192, 13633.8, -47.4347, 133.048, 60.0541, 4.76375e-05, -7.54656e-05, -1.30677e-05, 
193, 162929, -118.738, -99.2981, 41.7775, -0.000495368, 1.2721e-05, 0.00117827, 
194, 5831.63, 111.932, 11.6543, -143.836, -7.63622e-05, 7.37991e-06, 0.000155069, 
195, 266424, 34.9314, -84.3468, -179.467, -5.07478e-05, 6.47528e-05, 0.000149377, 
196, 302030, -105.204, 115.649, -31.6802, 7.72744e-05, -6.23847e-05, -2.42594e-05, 
197, 99224.4, -157.995, 124.569, -124.776, 8.85612e-05, -7.31852e-05, 5.71141e-05, 
198, 144330, -112.057, 27.9317, -49.906, 6.3292e-05, 2.08634e-05, 7.69866e-05, 
199, 173484, -171.944, -129.537, 193.014, 7.32155e-05, 4.6489e-05, -8.95075e-05, 
200, 52902.4, -91.835, 192.889, -166.524, 1.6689e-05, -0.000138238, 0.000142238, 
201, 131523, 73.9056, -10.7531, -3.22146, -9.38279e-05, -1.32736e-05, -5.02559e-05, 
202, 33478.7, 109.736, 139.099, 140.792, -6.14796e-05, -0.000111185, -4.557e-05, 
203, 38116.5, -34.7531, -152.056, 41.5128, -1.06269e-05, 0.000110827, -3.11003e-05, 
204, 49684.2, 42.8511, -54.9587, -31.8071, -8.83109e-06, 8.3077e-05, 2.29071e-05, 
205, 23451.3, 108.626, 59.0417, -31.077, -0.000106957, -3.23864e-05, -3.37455e-05, 
206, 272815, -164.044, 185.315, 145.898, 6.83261e-05, -0.000109236, -5.83235e-05, 
207, 108283, -50.3173, 70.889, -54.2425, 1.66602e-05, -3.6211e-05, 3.35549e-05, 
208, 47217.4, -57.4161, 42.0094, -181.944, 2.23592e-05, -4.15999e-06, 0.000178092, 
209, 57941.2, 26.8215, 174.725, 89.5565, 2.39166e-07, -0.000145464, -0.000138762, 
210, 45766, -198.466, 42.2299, -74.2641, 0.000150266, -1.3696e-05, 3.52394e-05, 
211, 171964, -146.268, 67.0849, 43.3822, 0.000101592, -1.09751e-05, -3.23374e-05, 
212, 55787.4, -82.4379, 41.1055, 120.489, 4.76015e-05, -3.1907e-06, -8.46929e-05, 
213, 8131.2, -127.805, -119.144, -117.991, 5.29606e-05, 2.83355e-05, 7.01597e-06, 
214, 118657, 151.718, -152.054, 47.3582, -6.50954e-05, 9.52527e-05, 9.67211e-06, 
215, 44021.9, 181.531, -174.814, 148.718, -0.000108178, 6.17974e-05, -0.000100389, 
216, 19352.3, -124.092, -105.712, -168.612, 2.44548e-05, 3.92438e-05, 6.63733e-05, 
217, 5382.32, -157.138, 153.812, 68.8609, 0.000124883, -0.000106991, 7.34517e-05, 
218, 27041.9, 41.6983, -183.213, -145.667, -5.65584e-05, 0.000134325, 7.25186e-05, 
219, 270870, -153.363, -175.472, -162.273, 5.52952e-05, 0.000113532, 6.19277e-05, 
220, 170672, -69.2637, -159.372, 69.3068, 2.06629e-05, 0.000110716, -4.19685e-05, 
221, 2772.51, 41.8009, 198.392, 66.1773, -3.23876e-05, -0.000245445, -2.81072e-05, 
222, 80847.1, 64.971, -53.5699, 82.5808, -4.92968e-05, 3.62941e-05, 8.70011e-07, 
223, 150861, -19.3953, 36.0227, -29.7253, 3.48205e-05, 9.95332e-08, 4.58975e-05, 
224, 92156.8, -131.65, -193.403, -65.1554, 5.8844e-05, 0.000139128, 2.18937e-05, 
225, 314743, 71.5401, 20.1068, 38.732, -7.39881e-05, 2.99193e-06, 4.38295e-05, 
226, 63068.6, 80.1274, -54.9706, -154.586, -9.47587e-05, 4.11403e-05, 4.80587e-05, 
227, 58921.6, 102.09, -131.648, 107.522, -0.000117236, 4.47531e-05, -7.93893e-05, 
228, 4673.13, -184.133, -148.267, -91.9402, 0.000123527, 9.96331e-05, 1.8588e-05, 
229, 36281.7, -82.9827, 149.328, -41.844, 3.90391e-05, -0.000116049, 4.10261e-05, 
230, 138196, 16.8054, 129.731, 139.291, 5.82306e-06, -7.64673e-05, -8.83841e-05, 
231, 119501, -66.0343, -27.9394, 100.991, 5.29752e-05, 2.56288e-05, -6.7401e-05, 
232, 69872.3, 126.389, 11.8361, -5.42186, -0.000111594, -5.74465e-07, 1.04193e-06, 
233, 89685.4, 76.3746, -115.817, 88.5659, -4.98713e-05, 6.04374e-05, -1.16987e-05, 
234, 64918, 165.092, -149.302, 53.8334, -0.000151676, 7.14953e-05, -9.39762e-06, 
235, 69504.8, 130.325, 47.5545, 158.304, -7.60757e-05, -5.71252e-06, -7.1414e-05, 
236, 175029, 103.96, -91.7206, -148.271, -8.15856e-05, 5.25269e-05, 9.88684e-05, 
237, 26898, -104.959, -167.931, 90.9609, 3.77686e-05, 0.00011733, -7.93441e-05, 
238, 225724, -156.995, 176.108, -9.07178, 7.66435e-05, -0.000113145, -7.78378e-06, 
239, 44642.4, 55.1957, -160.973, 39.462, -5.9408e-05, 0.000118221, -2.7997e-05, 
240, 193826, 137.163, 0.94382, 195.187, 0.000406932, -0.000287457, -1.36247e-05, 
241, 213589, 122.862, 194.478, 178.08, 1.77503e-05, -0.00010517, -9.10548e-05, 
242, 127263, -116.856, -5.44309, -162.429, 9.14121e-05, -2.08963e-05, 0.000147263, 
243, 90266.2, 140.552, 197.629, -168.099, -5.66301e-05, -0.000107884, 9.30398e-05, 
244, 315041, -15.3584, -95.047, -90.2522, 2.21422e-05, 6.33461e-05, 3.24662e-05, 
245, 52538.4, -35.1031, 48.687, 119.094, 3.69956e-05, 2.85248e-06, -9.61383e-05, 
246, 141819, 42.4149, -59.1734, 56.8359, -4.15505e-05, 2.99422e-05, -4.6083e-05, 
247, 53031.2, 3.34825, -123.121, -31.5499, 0.000108704, 0.000143173, 0.000127888, 
248, 35007.8, 46.7398, 9.90337, -15.641, -1.62016e-05, -4.24248e-05, -1.11679e-07, 
249, 52844.5, 186.452, 42.0609, 163.99, -0.000142791, -3.05205e-05, -6.69572e-05, 
250, 214260, 144.243, 188.895, -51.0288, -4.91024e-05, -0.000138999, 1.44277e-05, 
251, 113390, 182.418, -173.725, -119.739, -0.000122252, 9.09267e-05, 0.000100229, 
252, 37387.7, -25.6293, 45.7853, -138.103, 1.04531e-05, -5.09377e-05, 0.00010406, 
253, 201829, -85.0521, 131.904, -156.745, 4.44817e-05, -9.71146e-05, 8.34529e-05, 
254, 139433, 136.948, -150.746, -163.759, -6.07723e-05, 0.000105786, 0.000114079, 
255, 46242.4, -10.7286, -36.6022, -17.7947, 3.81434e-05, 3.75887e-05, -1.42739e-06, 
256, 133342, 187.467, 110.664, -92.0635, -0.000136664, -1.27247e-05, 2.50874e-05, 
257, 129388, 63.9434, -5.81058, 82.6761, -7.25034e-05, -3.15009e-05, -5.98643e-05, 
258, 41797.5, -165.081, -62.9937, 32.2873, 0.000113463, 1.84155e-05, 2.36154e-05, 
259, 54857.3, 37.6739, 82.2089, -73.9893, 4.94917e-05, -8.33924e-05, 5.97988e-05, 
260, 5084.41, -183.105, 169.367, 56.7172, 0.00012672, -0.000107455, -1.69793e-05, 
261, 34826.8, 177.316, -5.78283, -50.5099, -0.000143535, 3.61213e-05, 2.52469e-05, 
262, 68038.2, 104.685, -153.474, 177.392, -5.14952e-05, 8.02918e-05, -0.000113774, 
263, 36773.2, -163.786, 78.6296, -86.7639, 0.000122636, -2.419e-05, 3.82196e-05, 
264, 13184.5, 192.055, 144.623, -69.3362, -0.000143719, -5.79778e-05, 1.5739e-05, 
265, 24925.3, -24.7064, -45.5688, 142.937, 2.15493e-05, 4.58896e-05, -0.00013293, 
266, 7671.15, 130.924, -59.1524, -189.463, -9.29149e-05, 4.51508e-05, 0.000127158, 
267, 61253.8, -74.3254, -66.1944, 151.367, 1.44186e-05, 3.33638e-05, -0.000114721, 
268, 87022.4, 185.258, 49.5498, -122.053, -0.000132359, -1.9215e-05, 7.60608e-05, 
269, 53710.3, 137.964, 78.4563, -177.05, -9.0711e-05, -1.06261e-05, 0.000133386, 
270, 10208.5, -133.15, 161.045, -95.5294, 8.45415e-05, -0.000101637, 4.4614e-05, 
271, 6683.29, 52.8597, -152.356, -148.916, -5.13754e-05, 0.000122438, 9.59528e-05, 
272, 82443.5, -118.96, -99.3106, 42.2426, 0.00120806, 0.000115011, -0.00237668, 
273, 27007.5, 7.18862, 72.3145, -32.1567, -8.49494e-06, -6.98102e-05, 4.39033e-05, 
274, 38723.4, 82.7392, 51.5131, -9.15909, -5.00413e-05, -2.40327e-05, -1.04018e-05, 
275, 67654.6, -175.891, 120.569, -142.579, 0.00010708, -5.34991e-05, 8.061e-05, 
276, 111157, 165.263, 59.4864, 159.449, -0.000108803, 1.65234e-05, -6.95356e-05, 
277, 343894, 7.97034, -86.9663, -20.7606, 4.62515e-05, 5.21061e-05, 1.14711e-06, 
278, 26553.4, 125.909, -87.5661, 21.5485, -7.72601e-06, 0.000196077, -0.000188791, 
279, 10699.9, -105.908, 108.485, 97.7913, 3.50973e-05, -6.97576e-05, -4.70196e-05, 
280, 69822.8, -98.8087, 114.426, 159.952, 4.66643e-05, -5.98163e-05, -7.93659e-05, 
281, 19659.4, 79.5302, -29.8631, -1.45153, -9.72004e-05, 5.9113e-05, -3.9976e-05, 
282, 369297, 76.1179, 86.9836, 191.712, 6.12019e-06, -2.51097e-06, -0.000161879, 
283, 277629, -172.347, -31.0354, -96.799, 9.87895e-05, 6.28423e-06, 3.96319e-05, 
284, 494302, -117.785, -158.855, -127.503, 0.000102253, 0.000107551, 3.42285e-05, 
285, 72800.7, -138.815, -195.192, 149.67, 5.11671e-05, 0.000105028, -7.33504e-05, 
286, 197564, -113.526, 62.4567, -155.515, 0.000119461, -1.92212e-05, 0.00015518, 
287, 222227, 84.8957, 114.399, -15.7342, -6.29593e-05, -6.61447e-05, -3.9786e-05, 
288, 39907.7, -191.304, 22.2529, -127.469, 0.000127183, -5.23631e-05, -7.26278e-06, 
289, 419562, -113.591, 102.827, -197.261, 7.71827e-05, -4.15056e-05, 0.000138333, 
290, 49170.9, -61.0697, -8.35322, -13.1441, 5.15259e-05, 3.38217e-05, 3.77467e-07, 
291, 132942, 101.74, 137.784, -66.2297, -4.2022e-05, -0.000104231, 5.74066e-05, 
292, 167985, 111.033, 105.577, 188.802, -4.08765e-05, -3.26923e-05, -0.000164513, 
293, 67155.7, 146.905, 156.741, -37.4706, -9.32505e-05, -0.000100302, 1.48986e-05, 
294, 116726, -42.9959, 181.593, -34.0267, 1.27411e-05, -0.000141663, 2.26734e-05, 
295, 149447, -109.619, 67.6751, -64.8527, 3.37277e-05, -5.98202e-05, -2.3884e-05, 
296, 16834.6, 135.014, 141.188, 136.856, -6.37882e-05, -0.000111677, -9.08348e-06, 
297, 179961, -36.2382, -86.0345, -146.429, 1.41887e-05, 1.36781e-05, 9.74417e-05, 
298, 13780.1, 71.6551, -107.4, 69.2569, -4.57248e-05, 7.38766e-05, 1.33965e-05, 
299, 187672, 80.9921, -149.143, 103.767, 2.13976e-05, 0.000239394, -4.32689e-05, 
300, 10887.5, -198.048, -62.7128, -85.162, 0.000159043, 1.64748e-05, 1.02526e-05, 
301, 263463, -58.8087, 10.3985, 58.4683, 5.05853e-05, 1.47696e-05, -4.05423e-05, 
302, 12877.3, -59.4234, 183.422, 117.768, 2.8296e-05, -0.000107106, -0.00011941, 
303, 59146.2, -181.325, -16.1514, -191.347, 6.5154e-05, 1.88547e-05, 7.47181e-05, 
304, 279112, -45.3869, 88.4145, -146.499, -4.13418e-05, -2.75246e-05, 8.53575e-05, 
305, 74380.8, -7.57707, 112.873, 72.0493, -5.9572e-06, -4.98558e-05, -4.76609e-05, 
306, 132468, -152.205, -196.774, 110.47, 6.14559e-05, 0.000128819, -5.1965e-05, 
307, 132117, 186.877, 14.999, -93.9194, -0.000146927, 1.79381e-05, 5.64269e-05, 
308, 44929.8, -190.941, -13.0526, 62.8299, 0.00017536, 4.33388e-05, -2.70443e-05, 
309, 270948, 125.425, 42.4731, -106.663, -9.24358e-05, -1.68409e-05, 7.66494e-05, 
310, 71405.4, -191.396, -17.4155, 29.099, 0.00015954, 1.19449e-05, -8.65585e-06, 
311, 41519.4, 2.19001, 95.7549, -104.992, 1.23692e-05, -6.48913e-05, 7.8607e-05, 
312, 203220, -39.6665, -123.906, -185.778, 1.47352e-06, 3.31535e-05, 0.00017658, 
313, 53012.5, 42.7999, -134.704, -116.812, -5.33249e-05, 9.06509e-05, 4.73425e-05, 
314, 424.869, 26.3447, 169.529, -127.899, -0.000374609, -0.000168815, 0.000214941, 
315, 40877, -174.357, -180.668, -168.483, 0.000134628, 0.000203399, -0.000194939, 
316, 80699.9, -111.377, 96.4599, 13.8902, 7.2565e-05, -6.35923e-05, -2.23624e-05, 
317, 99129.3, -132.243, -148.419, 2.0273, 5.09965e-05, 6.68134e-05, -3.60595e-05, 
318, 47055, 38.212, -19.1432, 97.0713, -6.47085e-07, -8.72388e-06, -0.000109722, 
319, 135206, 80.8904, 107.531, 194.002, -1.12854e-05, -0.000126731, -0.000196475, 
320, 188584, -198.193, -126.365, -126.321, 0.000183144, 8.75508e-05, 1.55941e-05, 
321, 348359, 89.1245, 132.419, 75.806, -7.98591e-05, -8.84178e-05, -3.8042e-05, 
322, 120461, -140.791, -138.608, 156.073, 7.03511e-05, 5.83003e-05, -8.92173e-05, 
323, 85535.7, -196.035, -88.7302, -99.1915, 0.000226458, 5.55039e-05, -2.41002e-07, 
324, 128865, -78.264, -115.209, 172.563, 0.00022972, 8.9419e-05, 0.000162552, 
325, 87028.9, 138.734, 114.015, 188.762, 5.00925e-05, 5.78572e-06, -0.000244429, 
326, 112887, 189.581, -157.358, 93.599, -0.000133626, 8.84907e-05, -2.96176e-05, 
327, 34724, 191.096, -113.959, 67.8678, -0.00013643, 7.57247e-05, 2.12965e-05, 
328, 7478.08, -104.695, -160.659, -0.500368, 5.56736e-05, 0.000161106, 9.0602e-06, 
329, 11001.2, -82.9434, 170.57, 171.359, 5.09502e-06, -9.7323e-05, -9.36406e-05, 
330, 53537.7, 46.0325, 191.566, 91.3173, -4.17867e-05, -0.00017586, -9.25537e-05, 
331, 77543, -126.194, 56.7054, 9.61823, 4.28082e-05, -2.43131e-05, -6.54869e-05, 
332, 108007, -177.17, -146.882, -6.9055, 0.000215653, 4.03888e-05, -4.3535e-05, 
333, 8301.85, 80.2789, -103.295, 88.8452, -7.44263e-05, 6.61915e-06, -2.97686e-05, 
334, 25697.4, -161.877, 159.529, 24.8353, 7.71225e-05, -7.26939e-05, 3.10768e-06, 
335, 183814, 137.105, -151.288, 101.468, 0.000206791, 0.000297218, 0.000144122, 
336, 58716.6, -119.894, -147.077, 110.375, 5.99489e-05, 7.66428e-05, -7.58272e-05, 
337, 199351, 16.4388, 140.493, 46.0559, 3.89095e-05, -6.36004e-05, -5.54663e-06, 
338, 113453, 163.869, -161.273, -101.697, -2.26639e-05, -4.75295e-05, 0.000138998, 
339, 76288.6, 184.701, 160.606, 70.9416, -0.000165185, -5.25928e-05, -1.99211e-05, 
340, 113867, 147.855, 121.637, 38.693, -0.000110616, -5.15131e-05, -2.09225e-05, 
341, 102255, 15.1685, 46.2336, -152.378, -2.82725e-05, -6.61649e-05, 0.000140232, 
342, 628320, -155.097, -155.327, -15.5879, 9.52728e-05, 9.43871e-05, 8.64148e-06, 
343, 176675, 124.668, 23.8108, -56.2264, -9.42956e-05, -9.79024e-06, 2.60583e-05, 
344, 284783, -151.535, 82.7043, 108.547, 0.000101188, -1.69728e-05, -5.89711e-05, 
345, 60922.6, 39.5056, -29.7392, -30.849, 5.6019e-05, -4.67112e-05, 3.41878e-06, 
346, 8108.01, 3.56172, 59.5712, 55.4038, 1.89177e-05, -2.12796e-05, -4.81127e-05, 
347, 93275.2, 62.4725, -123.214, -63.5311, -4.17519e-05, 8.68631e-05, 4.86779e-05, 
348, 29799.9, 125.354, -20.9576, -65.9442, -0.000278301, 1.31926e-06, -0.000219702, 
349, 5827.31, -155.107, 182.521, -42.9605, 6.99559e-05, -0.000134031, 3.8625e-05, 
350, 34948.1, 125.248, -90.639, 51.0164, -7.82823e-05, 6.37885e-05, -1.46261e-05, 
351, 291282, -59.6002, -136.996, -167.068, 3.8247e-05, 5.56946e-05, 0.000103088, 
352, 133.717, -57.605, 39.0072, -138.966, 5.44984e-05, -1.03658e-05, 2.6159e-05, 
353, 125850, -164.364, -25.7062, 93.4809, 0.000106324, 2.75934e-05, -4.88349e-05, 
354, 126712, -26.6173, 73.2099, -9.07175, 1.4353e-05, -6.32906e-05, 1.76556e-05, 
355, 208238, 40.55, -130.348, 104.685, 2.58731e-05, 0.000187749, -9.22795e-05, 
356, 78434.8, -99.9344, -114.465, -90.0615, 6.8682e-05, 4.03648e-05, 2.2556e-05, 
357, 110190, -154.271, -174.181, -45.6228, 9.36905e-05, 0.00013908, 5.47769e-05, 
358, 81910.5, 16.5966, 15.152, -165.837, -2.81288e-05, -2.06962e-05, 0.000234738, 
359, 317125, -108.854, 155.24, 84.2122, 6.78783e-05, -8.63674e-05, -3.19211e-05, 
360, 113031, 73.7931, 114.206, -26.0478, 5.52098e-05, -6.46189e-05, 7.59e-05, 
361, 19420.3, 193.57, 64.9661, -22.4608, -0.000231413, 1.82803e-05, 2.51811e-05, 
362, 301195, 178.014, 191.795, -40.8753, -0.000110759, -0.000111147, -5.05987e-06, 
363, 51710.6, -51.3492, 187.224, 73.2758, 3.19412e-05, -0.000157816, -1.55671e-05, 
364, 303711, 32.7261, 198.254, 168.937, 1.7946e-05, -0.000139686, -0.000133793, 
365, 220519, -166.592, -58.1565, -45.1688, 0.000144442, 6.93722e-05, 5.82516e-06, 
366, 163145, -140.571, 11.4716, 195.732, 4.32651e-05, -7.25175e-05, -0.00013147, 
367, 47791.6, -16.1897, 103.258, 66.3882, 4.1441e-05, -1.11036e-05, -1.56597e-05, 
368, 32052.1, -172.705, -28.0577, 149.82, 0.000116707, 3.69805e-05, -5.13994e-05, 
369, 41859.6, 87.9375, -193.297, -173.76, -3.04265e-05, 0.000110507, 8.96911e-05, 
370, 233595, 187.701, -44.4595, 87.5162, -0.00014499, 2.46325e-07, -3.36918e-05, 
371, 549232, -158.717, 76.2684, -31.3348, 0.000114835, -6.86972e-05, 8.94573e-06, 
372, 65728, 95.8963, 149.53, 142.502, -2.25329e-05, -0.000135734, -6.55737e-05, 
373, 51437.8, -190.22, -99.0627, 60.0389, 0.000131697, 2.73333e-05, -3.45858e-05, 
374, 222051, 75.71, 63.4708, 63.8738, -4.61609e-05, -4.12673e-05, -2.69719e-05, 
375, 32453.8, 8.62464, 110.056, 32.2562, 1.89317e-05, -4.52614e-05, 7.71929e-06, 
376, 73170.4, -85.8069, 177.972, -0.0898842, 2.65114e-05, -0.000175, -8.86963e-05, 
377, 122513, -45.3232, -141.925, -49.9994, 1.19337e-05, 0.000109697, 3.92843e-06, 
378, 785387, 138.881, 162.478, -97.2772, -6.33426e-05, -0.000100429, 5.38074e-05, 
379, 268661, 137.438, 114.85, 164.374, -5.38785e-06, -5.57685e-05, -3.4542e-05, 
380, 87319.3, -91.1833, -185.394, 196.401, 2.67512e-05, 8.46319e-05, -9.22284e-05, 
381, 150662, 125.702, -44.2945, 133.189, -0.000133546, -6.36609e-05, -0.000154098, 
382, 60534.7, -81.4129, -189.346, 123.097, 4.29722e-05, 0.000117285, -5.17088e-05, 
383, 338543, 174.264, -167.742, -91.5456, -0.000156934, 8.90256e-05, -5.79652e-06, 
384, 9163.94, -159.537, -159.48, -7.12709, 0.000343352, 0.000339648, -0.000472643, 
385, 55549.5, 62.8319, -55.2107, 126.962, -3.00081e-05, 2.34103e-05, -0.000131466, 
386, 59462.3, 103.833, 113.877, -61.325, -4.81894e-05, -5.19499e-05, 8.43156e-05, 
387, 29394.8, 64.4302, 131.028, -14.4929, 1.03598e-05, -0.000121482, 2.15574e-06, 
388, 138128, -198.834, 145.461, -122.086, 0.000119815, -3.78881e-05, 5.22297e-05, 
389, 136150, 179.849, -34.1042, 164.987, -0.000132534, 1.21922e-05, -7.43726e-05, 
390, 391641, -146.238, -95.0405, -142.528, 7.89429e-05, 1.10392e-05, 4.13583e-05, 
391, 151123, 19.8553, -188.331, -156.206, -9.49209e-06, 0.000140265, 8.84158e-05, 
392, 180346, 179.813, -143.791, -185.387, -8.51739e-05, 4.82281e-05, 8.56266e-05, 
393, 140171, 0.694091, -185.786, -106.74, -1.07113e-06, 0.000148837, 2.31077e-05, 
394, 195461, 159.234, -40.1152, -111.951, -0.000126132, 1.57833e-05, 7.17587e-05, 
395, 183895, -149.452, 7.10943, -91.9369, 9.38228e-05, 9.92742e-06, 5.4555e-05, 
396, 76191.8, 85.7324, 196.121, 25.9671, -5.53887e-05, -0.000162455, -1.61742e-06, 
397, 126112, -59.1341, -193.621, 126.635, 3.03103e-06, 0.000123455, -6.22171e-05, 
398, 10011, -181.218, 109.714, 186.933, 6.88729e-05, -0.000126864, -6.66622e-05, 
399, 138128, -94.0191, -157.376, 147.012, 4.24303e-05, 9.62354e-05, -8.04211e-05, 
400, 152408, 145.52, 168.407, 158.703, -5.65134e-05, -0.000126641, -4.7906e-05, 
401, 24763, -2.44928, 33.9605, -34.4858, -4.01158e-05, -1.17192e-05, 5.02828e-05, 
402, 196109, -98.3591, 8.30515, -29.785, 4.02593e-05, 4.48857e-05, 1.47362e-05, 
403, 12605.8, 133.174, -14.7334, -54.5313, -0.00013781, 3.59753e-05, -1.40066e-05, 
404, 55047.7, 151.626, 141.493, 155.349, -8.1891e-05, -0.000125915, -7.55478e-06, 
405, 219619, 50.6745, 177.495, 0.317604, -1.65508e-05, -0.00014678, 2.95155e-05, 
406, 31684.6, 65.1388, 110.204, -129.844, -2.08181e-05, -9.70401e-05, 0.000126692, 
407, 79032.8, -78.3134, -97.5023, 134.86, 4.80424e-05, 6.08746e-05, -7.23774e-05, 
408, 42180.6, 133.527, 11.8768, 177.765, -8.63703e-05, 2.78593e-05, -7.22313e-05, 
409, 65291.3, -130.204, -93.2782, -150.37, -6.94547e-05, -1.28489e-05, 0.000112368, 
410, 218703, 196.282, -103.131, 92.5556, -0.000179766, 7.94457e-05, -2.52049e-05, 
411, 127238, -40.2988, 76.4663, 14.4315, 1.07673e-05, -5.97165e-05, -9.66232e-06, 
412, 17242.5, 187.451, -77.4495, -176.448, -9.95124e-05, 4.19089e-05, 8.90425e-05, 
413, 106921, 141.783, 50.4576, -186.717, -8.26843e-05, 2.65424e-06, 0.000127787, 
414, 33744.1, -75.5496, -193.523, -26.7068, 2.17954e-05, 0.000154581, 3.68079e-06, 
415, 37127.3, 99.5583, 186.194, 7.10446, -6.17165e-05, -0.000143953, 8.04633e-06, 
416, 424857, -71.3779, 105.527, -195.903, 1.38351e-08, -4.60194e-05, 0.000156062, 
417, 169269, -98.3367, -116.451, -15.4481, 9.39579e-05, 1.94916e-05, 4.99908e-06, 
418, 27884.3, 45.767, 118.683, -20.9561, 2.41334e-05, -7.48153e-05, 1.4674e-05, 
419, 124465, 72.4718, 64.6565, 192.775, 9.55363e-06, 7.18924e-05, -0.000154785, 
420, 889.535, 169.768, -127.446, -119.651, -0.000126577, 2.93305e-05, 7.4151e-05, 
421, 152003, 33.096, 58.3018, 145.56, 1.03089e-05, -5.71448e-06, -0.000101337, 
422, 287637, 175.534, 73.9036, -19.6968, -0.000132766, -3.15074e-05, 2.76621e-05, 
423, 10212.2, 62.0634, -148.816, -29.3819, -9.89829e-06, 7.59134e-05, 3.4511e-05, 
424, 191450, -117.444, -3.56865, 127.306, -9.05576e-06, -0.000101873, -0.000100062, 
425, 194684, -151.157, -99.8815, -42.421, 9.34206e-05, 3.07444e-05, -2.50522e-06, 
426, 337230, 72.4685, -182.602, -98.7316, 4.08512e-05, 5.46199e-05, 0.000137533, 
427, 161376, 55.9836, 114.391, 78.0134, -3.03762e-05, 5.60879e-07, -0.000122427, 
428, 48721.2, 32.0281, -74.7333, -42.5623, -3.09139e-07, 4.72095e-05, 6.25602e-05, 
429, 121832, -194.906, 35.0219, 127.898, 0.000838993, -7.43715e-05, -1.69892e-05, 
430, 91417.9, -147.324, 151.401, 78.6748, 2.542e-05, -7.55963e-05, 2.58479e-05, 
431, 19725.2, 183.525, -145.318, 176.205, -8.86418e-05, 5.69591e-05, -8.73662e-05, 
432, 97068.7, 118.034, 148.162, 194.911, -2.00316e-05, -0.000117125, -0.00015038, 
433, 57588.1, 177.626, 67.866, -60.2558, -0.000144037, -2.44605e-05, 5.27332e-05, 
434, 28234.9, -50.4642, 45.554, -160.274, 0.000137697, -0.000191606, 0.000181433, 
435, 52475.1, 189.712, 139.654, -39.6585, -0.000148426, -5.54432e-05, 1.32882e-05, 
436, 403.401, -188.556, -86.4196, 72.0216, 0.000127864, 2.21954e-05, -4.99057e-05, 
437, 9884.78, 129.695, -166.075, -113.485, -6.55525e-05, 8.99489e-05, 7.88132e-05, 
438, 33822.2, -5.52344, -109.043, 199.113, 1.08453e-05, 5.4555e-05, -0.000141139, 
439, 68024.1, -82.4747, -8.91614, 79.5128, 7.52445e-05, 1.89213e-05, -5.32438e-05, 
440, 37290.3, 17.2656, 187.081, 61.9554, 6.84495e-05, -0.000258843, -5.01386e-06, 
441, 34126.8, 143.189, 23.7718, -21.3183, -0.000125414, 1.06901e-05, 1.48946e-06, 
442, 254816, -15.0454, 165.08, 124.592, 1.74998e-05, -0.000115904, -7.79469e-05, 
443, 27430.2, -128.534, 70.4397, -57.8535, 0.00012628, -6.0338e-05, -4.12656e-07, 
444, 66825.5, 42.3518, 7.3605, 157.746, 6.34676e-06, 9.15768e-06, -0.000123561, 
445, 108676, -94.9858, 170.121, 39.6474, 5.35314e-05, -0.000127485, -9.1625e-06, 
446, 50118.4, 172.31, -69.1735, -78.1078, -0.000138123, 3.65431e-05, 3.30318e-05, 
447, 21046.6, 140.339, 168.588, -4.90765, -7.14611e-05, -0.000121668, -5.97646e-06, 
448, 8600.64, 141.593, -11.1778, -37.1121, -0.000130576, 3.20484e-05, 5.42916e-06, 
449, 22030, 10.5924, 125.817, -122.395, 1.08982e-05, -7.71755e-05, 9.39099e-05, 
450, 98140.7, -23.6382, 4.82303, 81.5689, 4.47432e-05, -3.4681e-06, -5.60384e-05, 
451, 105432, 128.4, -27.6276, -188.806, -0.000108778, 3.89271e-06, 0.000137025, 
452, 84531.1, 65.4833, -159.56, -23.703, -1.87286e-05, 0.000130015, -1.84792e-06, 
453, 44206.7, -94.5922, 34.7319, 166.057, 3.57828e-05, 5.88208e-06, -0.000101567, 
454, 78620.3, 75.548, 123.415, 114.504, -1.37157e-05, -9.70688e-05, -5.23436e-05, 
455, 10908.5, 145.057, 67.1429, -139.54, -0.000112365, -1.68213e-05, 0.000100802, 
456, 36272.2, -92.1417, -193.957, 142.53, 3.97741e-05, 0.000121027, -8.12223e-05, 
457, 60472.5, 70.5461, -49.4024, -166.718, -8.75934e-05, -0.000175658, 3.7893e-05, 
458, 166504, -198.627, 0.186123, 170.869, 0.000121788, 2.7151e-05, -2.96581e-05, 
459, 77798.7, 90.1568, -105.15, -22.1264, -8.06094e-05, 8.71515e-05, 7.32608e-06, 
460, 160849, -155.688, -45.0306, -41.8894, 4.85179e-05, -3.08212e-05, -1.3923e-05, 
461, 126579, 45.1923, 92.2602, -114.469, 2.29298e-05, -6.39849e-05, 0.00010828, 
462, 67990.7, -177.015, -14.7825, -55.8253, 0.000132453, -2.71314e-06, 1.01762e-05, 
463, 30789.6, 119.805, 161.559, -189.782, -3.30489e-05, -7.67854e-05, 0.000122083, 
464, 8537.62, -155.861, -96.9343, -114.753, 5.29559e-05, 8.48101e-06, 1.28268e-05, 
465, 300607, -171.491, 98.5894, 52.0158, 0.000125513, -3.0114e-05, -7.50147e-06, 
466, 83619.2, 29.5516, -115.482, -121.707, -8.6822e-05, 5.72136e-05, 8.83157e-05, 
467, 127334, -72.2261, -147.484, -102.005, 0.00067273, -0.000195942, 9.52582e-05, 
468, 27335.2, 55.7819, 37.7469, 58.979, 6.40755e-07, -8.05241e-05, -2.85305e-05, 
469, 5427.37, -62.7588, 32.9032, -99.8447, 3.24833e-05, 6.12269e-06, 5.85598e-05, 
470, 38507.8, -75.096, -65.184, 43.3991, 3.5569e-05, 3.90301e-05, -9.18549e-06, 
471, 286762, 67.0633, -52.3723, 185.545, -4.19225e-06, 3.4169e-05, -0.000148973, 
472, 289067, 88.8455, -199.622, -79.4182, -9.47144e-05, 0.000206529, -1.59093e-05, 
473, 91260.8, 57.0494, -156.385, -123.999, -4.0458e-05, 9.34437e-05, 7.54332e-05, 
474, 230104, 182.208, 158.397, 180.59, -0.000133356, -0.000104514, -0.000108342, 
475, 249653, 24.6439, -67.0841, 43.6877, 4.41395e-05, 6.53636e-05, -2.36013e-05, 
476, 110883, -41.9948, 144.044, -180.403, -2.64618e-05, -9.31302e-05, 0.000115367, 
477, 307850, 99.4987, 190.495, -153.362, -0.000107413, -0.000125865, 0.000132309, 
478, 289870, 60.5431, -90.0439, -34.3637, -4.52735e-05, 8.20503e-05, 3.69555e-05, 
479, 95605.8, -180.804, -3.07562, 65.7324, 0.000116744, -1.16219e-05, -3.86942e-05, 
480, 103972, -128.845, -9.71671, 130.068, 0.000186864, 7.23333e-05, -9.97363e-05, 
481, 2495.31, -152.5, -11.7547, -4.50629, 0.000119369, 2.48114e-05, -1.81503e-06, 
482, 137920, 85.8984, -196.982, 79.4731, -3.63904e-05, 0.000152462, -2.57491e-05, 
483, 71322, -192.658, -109.56, 35.4143, 0.000133047, 4.61314e-05, -8.88642e-06, 
484, 39705.1, -86.1923, -55.5062, 128.456, 5.05985e-05, 2.8445e-05, -6.33168e-05, 
485, 71694.5, -178.199, -185.318, 42.8259, 0.000109312, 0.00011192, -2.13634e-05, 
486, 162701, -104.098, -63.2887, 76.0058, 9.20922e-05, -1.77546e-05, -4.82843e-05, 
487, 5282.93, -0.243013, 62.5348, -94.4267, 1.55553e-05, -6.7568e-05, 6.27834e-05, 
488, 109392, -57.3656, 150.394, -36.8291, 5.43555e-06, -0.000104824, 2.89429e-05, 
489, 124532, 138.701, 192.14, 84.5254, -1.18733e-05, -0.000151646, -3.90274e-05, 
490, 14863.1, -146.001, -171.913, 150.015, 6.64173e-05, 8.43914e-05, -7.80641e-05, 
491, 249103, -117.211, -102.4, -185.828, 1.88258e-05, 2.18758e-05, 0.000148774, 
492, 4436.33, 111.878, -29.0248, -134.748, -9.75943e-05, 1.43742e-05, 7.82072e-05, 
493, 95135.7, 86.067, -177.494, 191.775, -3.3061e-05, 9.45561e-05, -0.000120462, 
494, 394850, 116.358, 106.108, -37.2754, -8.91598e-05, -3.96793e-05, 1.82248e-05, 
495, 211980, 0.540082, 173.728, 41.8386, 5.02623e-05, -0.000149437, 1.59657e-05, 
496, 76482.3, 152.7, 158.1, -141.897, -6.43408e-05, -8.03779e-05, 0.000107821, 
497, 4117.21, 176.093, 175.993, 16.4148, -0.000104976, -0.000126603, 6.38294e-06, 
498, 61022.7, -120.529, 84.4181, 179.387, 2.74022e-05, 3.15223e-05, -0.000121374, 
499, 192540, 14.7212, 182.976, -95.3269, 5.27977e-06, -0.000137527, 4.17147e-05, 
500, 182748, -191.023, 86.3108, -122.349, 0.000139975, -2.24039e-05, 6.37975e-05, 
501, 136526, -83.2734, 192.145, 96.3557, 4.8226e-05, -0.000147693, -4.21707e-05, 
502, 37670.7, 59.3721, -139.969, 96.0659, -1.17221e-05, 0.00014357, -7.04021e-06, 
503, 50503.4, 191.617, 13.3892, -34.1766, -0.000160743, 2.55748e-05, -7.51331e-07, 
504, 27270.2, 60.2906, -40.5926, -108.136, -3.97515e-05, 2.91436e-05, 5.00226e-05, 
505, 130665, 39.5861, -152.129, 41.9796, 3.60993e-05, 0.000107523, -4.64348e-05, 
506, 20617.5, -188.144, 120.263, -171.34, 0.000113414, -3.53541e-05, 8.22713e-05, 
507, 82100, 35.4157, 185.886, 74.7791, -3.48925e-05, -0.000218615, -8.3849e-05, 
508, 146869, -169.414, -131.177, -64.6399, 0.000120904, 7.84914e-05, 2.4166e-05, 
509, 11124.4, -70.6012, 114.05, 94.3573, 5.12325e-05, -6.94133e-05, -5.04993e-05, 
510, 176557, 17.3454, 12.2676, -150.445, -7.21122e-05, 2.87875e-05, 0.000104646, 
511, 45629, 73.1036, 78.5706, 151.512, 1.34043e-05, 6.05871e-05, -8.79363e-05, 
512, 97255.2, -10.5737, -156.974, -3.19445, 1.03738e-05, 0.000127934, -1.14779e-05, 
513, 100409, 5.9501, 121.042, 180.895, 1.0068e-05, -7.76341e-05, -0.000133926, 
514, 78203.3, 168.561, -175.579, -11.2479, -0.000129283, 0.000112645, -2.46642e-06, 
515, 13266.1, 44.1074, -79.7414, 183.597, 1.07479e-05, 5.86935e-05, -0.000148064, 
516, 55109.6, 24.6878, 159.074, -159.665, -1.46558e-05, -8.49406e-05, 9.23553e-05, 
517, 469975, 64.4636, -26.8516, -30.8969, -7.2214e-05, 2.82408e-05, 5.24857e-05, 
518, 147412, 23.2327, 175.064, 67.0103, 3.51749e-05, -0.000158681, -3.60926e-05, 
519, 132240, -112.107, -172.639, 62.0302, 4.75187e-05, 0.000143639, -2.51337e-05, 
520, 58689.1, 118.511, -13.2588, -159.31, -0.000108869, -1.0398e-05, 0.00010365, 
521, 2244.75, 16.9118, -0.973944, -134.241, -2.6445e-05, 4.1823e-05, 6.77087e-05, 
522, 190685, -113.522, 83.5841, 97.0195, 5.31815e-05, -3.81813e-05, -6.85623e-05, 
523, 13150.8, -148.853, 74.2085, -166.654, 0.00012395, -4.74226e-05, 0.00011223, 
524, 462814, 147.949, 51.2819, 65.7379, -0.000121394, -5.42041e-06, -2.22921e-05, 
525, 110229, 156.12, 144.243, -20.4622, -0.000119919, -7.4513e-05, -9.11842e-06, 
526, 175564, 11.4036, -2.39478, -25.9722, 2.2829e-05, 1.38255e-05, 2.51827e-06, 
527, 268137, -197.443, 4.82397, 193.143, 0.000106589, -7.27694e-07, -0.00012547, 
528, 30521.3, -166.179, -86.8343, -78.1465, 9.1248e-05, 1.60987e-05, -1.97144e-05, 
529, 33462.6, -124.652, -106.397, 84.7204, 9.7426e-05, 5.78802e-05, -6.58517e-05, 
530, 5167.6, -106.96, 190.185, 40.1574, 6.54896e-05, -0.000156578, -1.00946e-05, 
531, 1123.93, 63.4018, 86.527, 138.269, 6.51352e-05, 3.17047e-05, -2.87088e-05, 
532, 39413.6, 11.0148, 179.997, 140.67, 4.40309e-06, -0.000122929, -7.85085e-05, 
533, 326080, -186.142, 165.61, 183.386, 8.71485e-05, -5.23092e-05, -8.3409e-05, 
534, 47704.1, -149.108, -110.771, 55.9701, 0.000108692, 5.45636e-05, -3.78574e-05, 
535, 149816, 107.466, 75.5763, 146.721, -6.81025e-05, 2.42971e-05, -6.70919e-05, 
536, 39855.1, -19.1471, -11.6883, 160.242, 2.27819e-06, 6.17333e-06, -0.000146584, 
537, 42951.3, -133.135, -73.0526, -99.8861, 5.37556e-05, 1.15458e-05, 3.09459e-05, 
538, 175271, -50.7289, 37.2861, -2.42969, 4.28688e-05, 1.97626e-06, 2.37388e-06, 
539, 110928, 186.917, 195.295, -66.0737, -0.000124959, -0.000114338, 6.12227e-05, 
540, 71591.8, -69.2746, -71.2821, 90.5952, 1.96066e-05, 4.3614e-05, -6.33722e-05, 
541, 12299.9, 50.5143, -99.4562, 133.038, -2.17802e-05, 6.0297e-05, -0.000124679, 
542, 201561, -135.584, 50.331, -5.7935, 9.40699e-05, 3.35971e-06, -8.80945e-06, 
543, 62476.4, -115.272, -58.9445, -191.213, 4.67841e-05, -5.84204e-06, 0.000133294, 
544, 58275.2, -56.8301, 75.6833, 42.7269, 2.20412e-05, -0.000136302, -1.69184e-05, 
545, 70010.3, 184.343, 24.4595, -122.671, -0.000130669, 1.21966e-05, 8.81532e-05, 
546, 168033, -169.012, -154.596, 81.5968, 0.000101552, 6.57818e-05, -2.35404e-05, 
547, 18791.9, 49.2258, 56.5813, -20.1095, -2.01482e-05, -2.76699e-05, -4.53238e-06, 
548, 69087.4, 11.1072, -184.283, 15.2166, 8.23012e-06, 0.000145926, -1.4082e-05, 
549, 94696.6, 81.1566, 28.5945, 194.258, 4.8857e-06, 1.74456e-06, -0.000164825, 
550, 34082.4, -89.345, -173.927, 79.8816, 2.44754e-05, 0.00014097, -5.86792e-05, 
551, 258743, -59.6195, 60.8667, 51.9474, 4.29685e-05, -1.68091e-05, -8.15038e-05, 
552, 380030, 36.4112, -142.388, 151.461, 3.5577e-05, 6.76967e-05, -0.000109127, 
553, 439446, -97.2895, 60.7117, -141.018, 2.6227e-05, -1.97834e-06, 6.08734e-05, 
554, 116953, -55.6845, -27.3955, 158.348, 4.1854e-05, 3.18263e-05, -0.000141066, 
555, 76292.8, -13.9954, 183.098, -55.7896, 2.61257e-05, -0.000121099, 3.80761e-05, 
556, 38856.1, 20.6799, 91.633, 167.708, 5.2103e-06, -2.7545e-05, -0.000120018, 
557, 67304.3, -72.8467, 103.098, -92.0844, -0.000103644, -0.000116403, 7.84547e-05, 
558, 206551, 28.0065, -50.1672, 106.918, 2.07133e-05, 4.50495e-05, -0.000112298, 
559, 60.3054, 176.449, -156.473, 39.8107, -0.000141843, 9.19088e-05, 1.73877e-05, 
560, 61783, 5.18569, 43.1446, -90.1295, 1.84255e-06, -3.60716e-05, 4.0287e-05, 
561, 271167, -95.1303, -83.7583, 74.6971, 4.22952e-05, 6.98648e-05, -4.31648e-05, 
562, 66961.2, -14.6622, 5.29522, 55.7847, 2.57415e-05, 1.70137e-06, -1.23764e-05, 
563, 6224.97, -102.865, 163.739, 65.7118, 4.23001e-05, -0.000139196, 4.4649e-05, 
564, 22220.7, 51.3646, 41.5718, 122.045, -1.68718e-05, -5.87507e-06, -8.26623e-05, 
565, 112721, -186.976, 98.9996, 189.784, 0.000141277, -6.33364e-05, -7.78399e-05, 
566, 113163, -191.505, 42.2256, -165.716, 2.77173e-05, -1.43202e-05, -1.93876e-05, 
567, 27127.4, 164.487, 62.346, 128.15, -0.000121857, 1.35082e-05, -2.90617e-05, 
568, 82881.2, 59.3457, -133.268, 153.189, -6.84446e-05, 3.69927e-05, -0.000123514, 
569, 5364.68, 143.957, -159.751, -61.3475, -9.99716e-05, 7.36989e-05, 3.16169e-05, 
570, 9189.82, 83.3204, 171.858, -87.1483, -1.35597e-05, -0.000142967, 5.43807e-05, 
571, 38545.9, 147.61, -93.9178, 125.219, -0.000107771, 8.00255e-05, -0.000112676, 
572, 226228, 100.683, -35.344, -181.075, -8.87816e-05, 2.29343e-05, 0.000154367, 
573, 1357.14, -58.0014, 132.025, 19.9613, 1.69687e-05, -0.000131134, -1.97166e-05, 
574, 163025, -86.1939, 163.523, -103.135, 3.22486e-05, -9.38487e-05, 3.03998e-05, 
575, 147455, -119.444, 175.595, 195.67, 4.61783e-05, -8.03355e-05, -0.000125606, 
576, 42769.3, 183.607, -59.8171, -168.275, -9.64027e-05, 3.6352e-05, 7.93616e-05, 
577, 41037.1, -162.165, -106.293, -117.933, 9.93264e-05, 7.2261e-05, 3.33687e-05, 
578, 64331.8, 181.837, -189.159, 49.5343, -9.52554e-05, 0.000107525, -3.14517e-06, 
579, 104982, 91.557, -16.0932, 184.905, -1.75499e-05, 3.26285e-05, -0.000143286, 
580, 66014.3, 31.7093, -43.8888, 90.2423, -2.10955e-05, 3.14108e-05, -2.4339e-05, 
581, 29538.2, -189.366, -19.9981, -105.123, 0.000174733, -4.26696e-05, 6.79548e-05, 
582, 12653.6, -17.236, -172.522, -44.0271, 4.3625e-06, 0.000140656, 4.45744e-06, 
583, 61818, 1.89348, -141.822, -69.6455, -7.72056e-07, 0.000120662, 1.36319e-05, 
584, 41156.7, 178.892, -92.7185, -122.554, -0.000123428, 4.12196e-05, 6.65834e-05, 
585, 84107.6, 16.471, 26.6849, -120.298, -9.14461e-05, -4.02621e-06, 8.04099e-05, 
586, 135622, 56.4244, -179.007, 38.4851, -2.34898e-05, 0.000167861, -1.75492e-05, 
587, 27825, -19.0797, 12.0855, 102.589, 4.8797e-05, -1.61362e-05, -0.000102913, 
588, 56460.2, 89.6174, 71.5377, 103.016, -4.33165e-05, 1.1202e-05, -5.9386e-05, 
589, 200299, -107.6, -15.8067, -149.153, 4.24124e-05, 2.85332e-05, 6.87962e-05, 
590, 32595.8, 82.6223, -171.76, -144.32, -5.82239e-05, 0.000101892, 9.61374e-05, 
591, 154369, 190.011, 107.813, 156.992, -0.000217173, 3.99953e-06, -4.78117e-05, 
592, 26963.6, -34.8377, -198.1, -49.1225, 1.03898e-05, 0.000145727, 2.25156e-06, 
593, 178753, -184.609, 115.863, -51.6541, 0.000115614, -5.42553e-05, 4.07785e-05, 
594, 138590, -59.3898, -35.6709, -107.007, 5.25918e-05, 1.36593e-05, 6.66183e-05, 
595, 3062.38, 150.933, -5.02464, 32.21, -0.000122207, -8.72153e-06, -1.64932e-05, 
596, 64803.3, 20.6899, 157.981, -174.325, -1.16095e-06, -7.75267e-05, 0.000139576, 
597, 257021, 163.318, 102.705, 136.206, -0.000128194, -2.46401e-05, 4.52637e-06, 
598, 156466, 162.337, 175.422, 42.2075, -9.51119e-05, -0.000111257, -7.16089e-06, 
599, 112285, -90.1907, 162.262, -8.0419, 6.58325e-05, -3.802e-05, -4.43495e-05, 
600, 56885.3, 9.62592, -3.12463, 94.7753, 1.42777e-05, -2.42703e-06, -8.9656e-05, 
601, 186502, -9.36434, 93.506, 187.737, 2.07001e-05, -2.51721e-05, -0.000152204, 
602, 128120, 164.183, 117.433, -131.659, -7.66215e-05, -1.97185e-05, 0.000118228, 
603, 53190.4, -147.605, 173.677, 55.1702, 7.54877e-05, -0.000131522, -2.42683e-06, 
604, 70303.8, 156.75, 118.696, 183.073, -0.00116568, 0.00111791, -0.000469894, 
605, 144477, 161.969, 105.998, -32.1127, -0.00013793, -5.60492e-05, 1.79779e-05, 
606, 15154.7, 41.2929, 10.9278, 23.308, 9.3553e-06, -1.08385e-05, 1.20064e-05, 
607, 169831, 153.461, -88.0371, 102.301, -8.94378e-05, 5.28321e-05, -4.80446e-05, 
608, 86922.5, 5.39352, 18.3178, -149.195, 8.7166e-05, -4.42051e-05, 0.000118891, 
609, 1346.3, -51.568, -175.413, 78.7753, -3.81741e-06, 0.00014907, -6.29037e-05, 
610, 162022, -149.201, -169.674, 36.272, 8.88464e-05, 0.000113269, -3.30405e-05, 
611, 67567.6, 165.906, 180.248, -167.337, -7.52788e-05, -9.59154e-05, 0.000104221, 
612, 11770.8, -150.84, -114.67, -157.029, 0.00010493, 4.20014e-05, 1.71552e-05, 
613, 43665.8, 62.8821, -168.757, 129.012, -2.61934e-05, 0.000139208, -3.0741e-05, 
614, 28256, -150.527, 32.5175, 16.0209, 0.000123865, 1.77112e-05, -4.21708e-05, 
615, 10832.6, 93.4101, -0.729226, -120.43, -5.32935e-05, 5.62282e-07, 8.11037e-05, 
616, 47599.5, 93.1143, -30.4672, -163.834, -6.04526e-05, -5.67436e-06, 5.75996e-05, 
617, 34963.7, 97.4493, 172.757, -13.7652, -5.024e-05, -0.000138308, 1.20745e-05, 
618, 75906.7, 138.976, -0.218093, 195.692, -0.00133088, 0.000818876, -0.000488331, 
619, 135055, 31.3102, 15.2965, 71.908, 3.37155e-05, -6.76283e-05, -8.65476e-05, 
620, 15909.4, 102.699, 135.932, 112.504, -7.12496e-05, -0.000108221, -4.18922e-05, 
621, 18897.6, -160.853, 68.6757, 121.958, 0.00012129, 7.54071e-06, -0.000101109, 
622, 192385, -68.2815, -148.966, -101.344, -0.000471069, 0.000256705, -8.15225e-05, 
623, 98713.7, 78.7822, -191.653, -91.9967, -9.84513e-05, 0.000251772, 5.49282e-05, 
624, 30737.8, 81.047, 35.4193, 92.6365, -5.54101e-05, -1.84742e-05, -7.8749e-05, 
625, 185704, 131.971, 126.199, -194.741, -1.63423e-05, -5.05287e-05, 0.000151571, 
626, 19962.7, -89.2508, -106.22, -45.7586, 6.02524e-05, 4.67304e-05, 6.54961e-06, 
627, 4837.93, 70.1231, 131.505, 27.4275, -7.36141e-06, -4.97353e-05, 0.000149266, 
628, 132553, 17.1918, 71.8476, 39.2113, -1.09161e-07, -3.57208e-05, -1.90667e-05, 
629, 28978.5, 90.3919, -143.419, 27.4648, -5.47825e-05, 0.000101503, -1.81031e-05, 
630, 110156, 62.319, -11.3751, -16.4003, -1.44268e-05, -7.20816e-05, -2.78581e-05, 
631, 63598.4, 36.9933, 193.517, 159.136, -8.06034e-05, -3.67646e-05, 0.000104561, 
632, 10602.5, -60.7601, -106.314, -122.17, 3.64077e-05, 3.2536e-05, 6.7146e-05, 
633, 472419, -118.791, 53.4206, -81.1948, 8.84952e-05, 9.80134e-06, 7.58302e-05, 
634, 151851, -140.432, -138.349, -131.202, 0.000115295, 5.66286e-05, 3.41667e-05, 
635, 64570.3, -136.976, 122.074, -108.662, 7.4269e-05, -8.32997e-05, 4.68796e-05, 
636, 1694.42, 198.117, -8.46494, -103.158, -0.000147372, 3.05787e-05, 5.95315e-05, 
637, 147783, 86.3507, 105.877, 157.659, -6.59271e-05, -5.95738e-05, -0.000131438, 
638, 26998, -139.824, 159.043, -58.147, -5.56583e-05, 5.2474e-05, 0.00015699, 
639, 26813.9, 124.337, -56.1045, 184.965, -4.95383e-05, 2.9467e-05, -0.000168071, 
640, 193664, 98.9503, -188.288, -37.3568, -2.51181e-05, 0.000161351, -3.58599e-05, 
641, 24473.3, 73.1184, -30.8862, -120.978, -8.77246e-06, -5.22803e-05, 0.000113438, 
642, 106270, 66.3728, 84.6981, -117.734, -1.47481e-05, -5.12408e-05, 9.06587e-05, 
643, 125117, -69.5133, 94.7701, -148.024, 6.41652e-05, -4.07212e-05, 7.31211e-05, 
644, 164004, -93.7617, -120.993, 89.7067, 4.25459e-05, 7.68071e-05, -6.49244e-05, 
645, 45091.5, 134.351, 44.6719, -135.415, -0.000101411, -6.62321e-06, 0.000124062, 
646, 21516.8, -185.649, -15.4654, -196.438, 0.000180479, -7.23395e-06, 0.00021094, 
647, 229066, 9.96246, -34.8693, 81.7082, 4.22803e-05, 3.21582e-05, -3.8386e-05, 
648, 164679, -25.0065, -127.986, -163.881, -3.09916e-05, 7.14058e-05, 0.000106698, 
649, 106804, -88.5388, 118.146, -88.4161, 6.18535e-05, -0.00014974, 4.67663e-05, 
650, 56075, -119.933, -152.141, 14.9518, 8.28053e-05, 0.00010275, -3.7871e-05, 
651, 57915.4, -96.4945, 164.167, 85.6186, -6.17052e-05, -0.000186645, -4.99136e-05, 
652, 108474, -191.121, 14.9519, -136.569, 0.000120372, 2.50111e-05, 8.91511e-05, 
653, 44.987, -70.0382, -151.753, 177.277, 1.99034e-05, 0.000108457, -0.000112137, 
654, 160957, 118.901, 140.037, -39.0522, -7.41135e-05, -0.000121685, 1.07526e-05, 
655, 223360, 27.2554, 121.437, -74.9499, 2.84811e-05, -8.43422e-05, 4.64699e-05, 
656, 145628, -85.1467, 110.355, 186.327, 8.65545e-05, -1.23253e-05, -0.000139561, 
657, 38072.4, 147.802, -197.848, -6.44031, -8.06654e-05, 0.000141769, -1.06741e-05, 
658, 143122, 53.325, 120.722, 67.637, 1.19249e-05, -9.92082e-05, 4.81708e-05, 
659, 53718.8, -16.3431, -30.7799, 132.843, 1.4406e-05, 2.00806e-05, -0.000120892, 
660, 37852.6, -0.553642, 11.1195, 95.3452, 3.16763e-05, -2.16514e-05, -7.11891e-05, 
661, 234721, -85.1151, 96.9587, -91.2135, 6.22043e-05, -3.30448e-05, 6.65297e-05, 
662, 27863.9, -3.66073, -73.6625, -158.978, 2.11751e-05, 2.30107e-05, 9.84835e-05, 
663, 443946, -87.9624, -160.695, -118.106, 1.44978e-05, 0.000133113, 3.30668e-05, 
664, 13863.9, 89.2373, 52.7175, -111.813, -5.12803e-05, 6.72916e-06, 8.28167e-05, 
665, 42886.3, -1.59958, 191.558, -5.68185, 1.68996e-05, -0.000150733, 1.6351e-05, 
666, 22733.8, 172.034, -117.056, -13.6021, -0.000137328, 6.36731e-05, -4.42867e-06, 
667, 132350, -165.766, -168.865, 110.049, 9.25196e-05, 9.79574e-05, -6.86823e-05, 
668, 57423.6, -90.8503, -149.11, -156.202, -7.27292e-06, 2.92766e-05, 0.000112524, 
669, 59302.6, -122.116, 196.972, 117.509, 4.93952e-05, -0.000135248, -4.54531e-05, 
670, 59734.6, 36.0627, 44.6285, 187.071, 2.21051e-05, 1.03943e-05, -0.000142447, 
671, 29039.9, 93.0063, 51.5355, -56.3475, -3.17757e-05, 4.08854e-05, 0.000117906, 
672, 65416.6, 78.2548, -138.264, -172.613, -6.9017e-05, 7.45055e-05, 0.000124643, 
673, 92652.2, 174.118, -70.509, 4.09685, -0.000139009, 5.30839e-05, 4.47073e-05, 
674, 115334, 62.437, -20.0962, 90.7093, -5.39087e-05, 4.5719e-05, -9.89565e-05, 
675, 230841, -116.324, -12.498, 3.22714, 8.46267e-05, 3.95039e-05, -1.40735e-05, 
676, 16036.9, 61.9073, -48.9522, 98.8066, 1.42834e-05, -3.92437e-05, -7.0146e-05, 
677, 77826.8, -95.708, 122.621, -44.5125, -1.85429e-05, -0.000126768, 9.23559e-05, 
678, 400222, 117.405, -53.2563, 119.15, -6.36904e-05, 4.22022e-05, -3.50643e-05, 
679, 186924, 9.97719, -121.263, -22.5322, -6.76981e-06, 0.000120962, -3.51106e-05, 
680, 119290, -104.005, 10.8744, 27.7005, 7.27011e-05, 9.12776e-06, -3.93318e-05, 
681, 52832.4, 36.4984, 120.65, -128.903, -2.14489e-06, -8.1441e-05, 0.000116033, 
682, 165602, -109.797, 66.9333, 78.58, 6.24891e-05, 2.66585e-06, -2.72603e-05, 
683, 42844.3, -45.5959, -92.5669, -139.373, 0.00010977, 7.52531e-05, 2.29196e-05, 
684, 197768, -56.3397, 110.639, -158.656, -1.93883e-05, -0.000104672, 0.00011344, 
685, 19898.4, 151.362, 120.487, 102.663, -0.000100269, -8.71634e-05, -1.23644e-05, 
686, 183.149, 66.15, 111.916, -38.0805, 3.0985e-05, -5.67699e-05, 7.48262e-05, 
687, 20731.6, -3.08976, -34.863, -133.116, -6.9464e-06, 2.76363e-05, 0.000103898, 
688, 118318, 97.3994, -139.261, 141.137, -5.97293e-05, 8.2916e-05, -0.000112773, 
689, 122043, 107.356, -61.4146, 171.831, -2.4807e-05, 5.37767e-05, -0.000138507, 
690, 48278.3, 136.247, -86.6097, 110.582, -4.39085e-05, 6.27853e-05, -6.02583e-05, 
691, 59443.7, -71.9132, -71.3663, -32.2762, 4.85229e-05, 3.26562e-05, -2.41352e-06, 
692, 62879.1, 65.0953, -20.2137, -114.924, -3.30919e-05, -2.95832e-05, 7.0132e-05, 
693, 37237.6, 196.951, 32.1283, -171.909, -0.000104812, -7.95038e-07, 8.91661e-05, 
694, 86402.7, 142.716, -133.853, -158.064, -0.000132628, -3.04569e-05, 0.000174525, 
695, 64244.5, 94.5105, -9.87151, -152.345, -6.1608e-05, -1.98303e-05, 9.61055e-05, 
696, 3020.88, -124.327, 136.218, -182.798, 7.78922e-05, -8.57435e-05, 0.000103329, 
697, 32412.2, 26.616, -71.1075, 30.7805, -4.65495e-07, 0.00011812, 0.000125858, 
698, 28675.2, 177.205, -48.7903, -119.946, -0.000166803, 3.95562e-05, 8.56611e-05, 
699, 40601.3, 76.7982, 32.7472, -173.014, -3.7951e-05, -2.28807e-05, 0.000143976, 
700, 77211.7, 83.8743, -127.922, 179.517, -3.68898e-05, 5.60791e-05, -0.000139792, 
701, 9178.1, 183.402, -190.419, -166.27, -7.5108e-05, 7.73093e-05, 6.65837e-05, 
702, 29771.2, -199.108, 145.491, -130.724, 0.000124855, -6.32432e-05, 0.000267245, 
703, 92409.8, -14.9923, -24.4912, -131.085, 3.1019e-05, 2.79088e-06, 8.98341e-05, 
704, 190003, -34.6029, 156.903, 80.7752, 3.21282e-05, -0.000141618, -2.54797e-05, 
705, 254476, -88.4101, 176.071, -18.4884, 4.68291e-05, -0.000166655, 4.95141e-05, 
706, 34546.2, -32.2758, -161.855, 79.4589, -1.14107e-06, 0.000116995, -4.97934e-05, 
707, 200117, -149.557, 132.217, 111.631, 8.57828e-05, -7.30014e-05, -7.07239e-05, 
708, 81819.8, 30.5212, -43.8967, -155.152, -0.000115758, -0.000118679, -5.76027e-05, 
709, 8603.61, 37.2901, -152.977, 137.504, 3.07791e-05, 0.000173742, 3.38465e-05, 
710, 14405.4, -34.3197, -82.2029, 128.189, 2.83194e-05, 5.85338e-05, -7.90868e-05, 
711, 158127, -10.9303, 90.4678, 153.767, 1.7408e-05, -2.73102e-05, -0.000102733, 
712, 31163.6, -145.549, 121.9, -144.216, 7.09244e-05, -6.61217e-05, 9.26403e-05, 
713, 22434.4, -33.2736, 62.2879, 108.234, 3.35135e-05, -2.24221e-05, -6.06655e-05, 
714, 128585, -171.843, 120.191, 72.8371, 0.000110161, -4.59184e-05, 1.05282e-05, 
715, 26803.9, 58.624, -16.6839, 54.4461, -9.87258e-05, 7.08826e-05, 1.5251e-05, 
716, 141477, 136.529, -79.2336, 163.408, -8.66923e-05, 8.30303e-05, -0.000114402, 
717, 29940.8, -49.3103, -58.6262, -40.0898, 4.46668e-05, 3.80647e-05, 1.17104e-06, 
718, 18917.2, 89.0845, -80.3817, 151.396, -2.9107e-05, 7.1047e-05, -0.000115918, 
719, 281873, 80.5884, 75.7875, -133.686, -4.22262e-05, -1.76685e-05, 0.000130364, 
720, 11308.4, 22.8744, 71.4541, 5.36106, -1.62278e-05, -4.63401e-05, -2.77047e-06, 
721, 157756, -44.2262, -172.591, -190.164, -1.45832e-05, 9.35521e-05, 0.00020423, 
722, 25025.7, -156.781, 31.658, -21.1076, 0.000104786, 3.6524e-05, 2.47005e-07, 
723, 92716.1, 144.766, -174.745, 96.5302, -8.29088e-05, 0.000187178, -8.17137e-06, 
724, 188554, -18.107, -29.1417, 98.749, 5.49613e-05, 3.16251e-05, -7.83664e-05, 
725, 41532.6, -131.418, 84.6439, -115.625, 9.75037e-05, -4.7772e-05, 7.23088e-05, 
726, 99632.2, 160.514, -56.9539, 45.3109, -8.59104e-05, 4.26342e-05, -4.26096e-05, 
727, 160690, 115.469, -184.681, -54.4379, -0.000107127, 0.000129543, 3.21189e-05, 
728, 131702, -58.4925, 113.629, 5.26608, -8.88232e-05, -0.000124226, 8.5094e-05, 
729, 54358.5, -160.268, 161.217, -117.556, 7.57761e-05, -0.000105166, 4.50226e-05, 
730, 83331.7, -48.1436, -37.2709, -69.1969, 7.95296e-05, 3.98559e-06, 3.13573e-05, 
731, 107531, -94.8883, -69.883, 148.034, 7.33868e-05, 5.63638e-05, -9.47762e-05, 
732, 367160, -187.834, 33.6098, -23.2197, 0.000157716, 1.07545e-05, -6.22836e-07, 
733, 111899, 179.346, 117.159, 156.378, -0.000121658, -0.000109186, -3.56904e-05, 
734, 56183.8, 112.239, -52.4332, 54.2981, -8.4581e-05, 3.24218e-05, -2.17694e-05, 
735, 20282.6, 153.466, 26.7719, -139.009, -0.000115687, 7.93709e-06, 0.000109188, 
736, 96352.5, -190.365, 93.4342, -162.155, 0.00011303, -2.7684e-05, 9.1345e-05, 
737, 73231.5, -8.81932, 90.38, 115.158, 2.71327e-06, -4.91983e-05, -6.41291e-05, 
738, 23543.7, -32.4078, 73.8531, 132.128, 4.648e-05, -1.10884e-05, -0.000105185, 
739, 138290, 138.693, 70.4839, -21.0012, -0.000100086, -1.04246e-05, -3.76911e-06, 
740, 59663.6, -50.3504, -172.385, 57.5388, -6.79254e-06, 0.00014684, -2.43703e-05, 
741, 89601.2, -137.913, -170.971, 182.465, 5.36758e-05, 7.96286e-05, -9.44639e-05, 
742, 74577, -191.771, -39.6983, -107.976, 0.000173476, 2.42623e-05, 6.84517e-05, 
743, 29122.6, -40.5035, -94.1687, -168.105, 3.18579e-05, 2.3828e-05, 0.0001468, 
744, 146113, 142.548, -177.435, 133.71, -5.54558e-05, 0.000122341, -8.62198e-05, 
745, 18437.7, -0.550282, -81.2703, 132.159, 1.47217e-05, 6.61776e-05, -7.75801e-05, 
746, 157720, -135.396, 56.6553, -164.269, 0.000124365, 3.18866e-06, 0.000129414, 
747, 171116, -58.2663, 104.239, -67.4624, -8.47675e-06, -7.81161e-05, 2.38381e-05, 
748, 71541.6, 2.20883, 193.292, -51.9184, -8.22477e-06, -0.000153763, 2.57641e-05, 
749, 165593, -33.1946, -41.1059, -193.928, -2.61871e-06, -1.44178e-05, 0.000187946, 
750, 10327.8, 177.662, 186.426, 175.863, -8.26713e-05, -0.000122505, -0.000118921, 
751, 131840, 34.0343, -80.7271, 119.812, 1.4743e-05, 7.09893e-05, -9.97865e-05, 
752, 129408, -42.1701, -16.3578, -194.08, 2.90282e-05, -2.85346e-05, 0.000146796, 
753, 65338.1, 133.497, 198.718, 177.116, -0.00019487, -0.000188928, -6.84317e-05, 
754, 60879, -40.9774, 129.461, -103.812, -6.67086e-06, -0.000100846, 5.73264e-05, 
755, 141658, 131.521, 29.4311, 175.664, -8.21649e-05, -1.60962e-05, -0.000111223, 
756, 5539.73, 133.475, 116.476, -51.8627, -0.000148004, -7.00544e-05, 7.44406e-05, 
757, 224575, -77.7073, 67.1046, 190.812, 2.73607e-05, 6.04863e-06, -0.000150648, 
758, 171954, -44.8571, -9.19418, 144.172, 3.01239e-05, -8.87155e-06, -0.000108398, 
759, 31820.8, -107.925, 124.689, -42.8037, 0.000149213, -0.000191469, 0.000120856, 
760, 40038.3, -70.2662, -108.514, -106.571, 4.15192e-05, 2.54643e-05, 5.27556e-05, 
761, 7701.21, -185.392, -172.71, -124.805, 0.000116757, 0.000106203, 1.99814e-05, 
762, 196357, -197.958, 156.112, -107.401, 0.000110037, -0.000109697, -3.70933e-06, 
763, 6336.31, 190.239, -92.7491, -13.6045, -0.000153561, 4.35358e-05, 1.25226e-05, 
764, 1709.39, -170.811, -71.5967, 106.413, 0.000145973, -5.29e-05, 2.74565e-05, 
765, 11542.5, 117.788, 183.484, 47.0916, -5.70382e-05, -0.000132903, -1.27708e-05, 
766, 72041.4, 181.819, 69.5203, -7.77328, -0.000214756, 2.80759e-05, -0.000140079, 
767, 165037, -178.903, 132.256, 94.2964, -0.00101281, -0.00105425, -0.000148621, 
768, 34708.8, 120.784, 55.8238, 53.4266, -6.10466e-05, -2.31358e-05, 8.95431e-07, 
769, 42470.9, 47.2065, -150.649, 32.4877, -4.93692e-05, 7.8192e-05, 5.76793e-05, 
770, 121723, 47.2297, -81.7839, -123.394, -5.35488e-05, 5.30549e-05, 7.21151e-05, 
771, 26102.7, -143.494, 39.0561, -147.863, 0.000110481, 2.39246e-05, 7.77772e-05, 
772, 7787.3, -68.0708, -143.001, 78.3733, 1.17755e-05, 4.84581e-05, -7.18886e-05, 
773, 57754.5, 112.691, -51.296, -150.295, -0.000107239, 3.68505e-05, 8.75261e-05, 
774, 183930, -188.412, 139.944, -195.126, 8.98345e-05, -4.16988e-05, 9.9358e-05, 
775, 13828.6, -10.6604, 195.543, -77.0166, 2.21526e-05, -0.000147563, 5.07979e-05, 
776, 108453, -75.884, 76.5693, 170.479, 2.65135e-05, -2.06933e-05, -7.23701e-05, 
777, 14144.5, -100.914, -20.7781, -11.8704, 3.95855e-05, 6.64308e-05, 2.25645e-05, 
778, 285205, 97.6613, 14.4798, 175.577, -2.51388e-05, 1.03311e-05, -0.000109401, 
779, 259617, 62.0731, -189.426, 153.8, -4.506e-05, 0.000179048, -7.15018e-05, 
780, 32292.8, -144.935, 98.412, -98.4784, 9.50461e-05, -6.13795e-05, 4.59492e-05, 
781, 111122, -32.932, -46.0114, -68.6483, 1.6426e-05, 3.38082e-05, 2.72758e-05, 
782, 236248, -171.867, -97.8784, -97.0327, 9.88911e-05, 5.41016e-05, 9.49841e-06, 
783, 111757, -199.284, 125.055, -39.388, 0.000178438, -7.53172e-05, -1.55797e-05, 
784, 101701, 50.0862, 168.358, 58.6669, 5.57109e-05, -8.7968e-06, -0.000205623, 
785, 2229.58, 186.304, 91.234, 81.7077, -0.000146283, -2.23774e-05, -7.15144e-06, 
786, 55331, -164.942, 62.0812, -32.588, 0.000222238, 0.000175628, 3.75572e-05, 
787, 53331.2, -182.075, -175.565, 88.5593, 0.000127484, 0.000114082, -2.52987e-05, 
788, 62281.1, 30.8318, -0.441475, -199.121, -2.22218e-05, -1.20376e-05, 0.000157417, 
789, 234380, -51.5541, 114.03, 150.347, 2.88927e-05, -5.97767e-05, -9.80006e-05, 
790, 19217.9, -21.3028, 108.367, 84.952, 3.65782e-05, -3.40695e-05, -7.5626e-05, 
791, 140594, -159.768, 29.473, 122.451, 4.46552e-05, 1.04087e-05, -4.62798e-05, 
792, 100843, -165.855, -71.1892, 44.6619, 0.000117382, 4.84778e-05, -4.08429e-05, 
793, 422432, 144.457, -146.019, 106.258, -0.000215201, -3.18986e-06, -0.000132556, 
794, 20487.2, -174.529, -93.9087, 151.8, 9.75893e-05, 4.581e-05, -8.29562e-05, 
795, 185369, 87.0029, -138.299, 103.707, -9.06876e-05, 5.98817e-06, -4.51729e-05, 
796, 206092, 178.772, 32.6589, -51.7402, -0.00014542, 2.74538e-06, 3.05743e-05, 
797, 123508, 143.464, -109.014, -45.625, -0.00010322, 4.29823e-05, 4.45501e-05, 
798, 1376.47, -56.966, -29.3067, -72.1903, 0.000103753, -2.57963e-05, 4.92425e-05, 
799, 260281, 42.4726, 138.062, 29.8996, -1.1703e-05, -6.72554e-05, 3.31413e-05, 
800, 6882.78, 182.915, 22.5956, -88.1068, -9.4537e-05, -8.79843e-05, -1.66223e-05, 
801, 49264.1, -24.5979, 158.987, 149.687, 2.87827e-05, -9.29267e-05, -0.000115637, 
802, 20497.8, -20.407, -64.4769, -83.0943, 4.50354e-05, 1.32188e-05, 2.59643e-05, 
803, 23348.4, 199.713, 118.45, 170.479, -0.000197073, -6.50818e-05, -0.000104403, 
804, 7627.29, -146.878, -58.8518, 122.137, 7.93054e-05, 3.18475e-05, -6.79772e-05, 
805, 15368.3, 172.831, -93.8212, 5.07345, -0.000140323, 8.56449e-05, 2.20516e-05, 
806, 28579.3, -139.928, -138.155, 154.597, 5.66365e-05, 5.10607e-05, -6.53973e-05, 
807, 122719, -3.47704, -69.5523, -96.4463, 8.10823e-06, 1.72497e-05, 5.6633e-05, 
808, 48207.6, -157.371, -44.0389, -139.388, 7.62464e-05, -1.33322e-05, 8.47875e-05, 
809, 107008, 55.6259, 177.829, 152.492, -3.23688e-05, -0.000101891, -7.32327e-05, 
810, 18833.8, 62.0588, 155.627, -191.301, -9.36615e-06, -5.49087e-05, 0.000130033, 
811, 57604.9, 83.4432, 15.0057, -149.028, -4.23878e-05, -2.00074e-05, 0.000114166, 
812, 42206.3, -148.169, 180.845, 124.956, 5.25091e-05, -0.000111503, -2.6971e-05, 
813, 206861, 120.499, -67.1178, -96.0299, -8.37343e-05, 4.78748e-05, 5.4945e-05, 
814, 181820, 184.468, 24.0493, 166.606, -0.000125096, 3.11125e-05, -8.21262e-05, 
815, 52374.7, 44.5981, -130.469, -21.3838, 3.82333e-05, 0.00015938, -7.13598e-06, 
816, 58335.8, 103.268, 103.714, -112.267, -6.97145e-05, -6.29372e-05, 7.85047e-05, 
817, 10924.7, 144.478, -47.0698, -105.457, -6.53263e-05, 3.87986e-05, 4.71588e-05, 
818, 233079, -127.608, 122.468, 125.456, 4.27128e-05, -5.53369e-05, -9.04915e-05, 
819, 285093, 43.6536, -5.31847, 60.3495, -9.6145e-06, 2.16229e-05, -9.77517e-06, 
820, 142762, 112.576, 120.428, 13.4596, -8.19927e-05, -6.05314e-05, -2.3071e-05, 
821, 368984, 193.834, 133.816, -125.421, -0.000156611, -1.64303e-05, 8.86664e-05, 
822, 21311.2, -161.319, 27.2298, -82.4498, 0.000135982, -1.46162e-05, 3.96975e-05, 
823, 9538.85, 12.3436, -124.329, -48.2409, -7.50929e-06, 0.000112877, 5.63871e-05, 
824, 66198.4, 22.5214, 30.8194, -59.5627, 6.36634e-08, -2.84763e-06, 5.3331e-05, 
825, 92104.2, -55.4452, -142.749, 35.7451, 1.11083e-05, 8.55662e-05, -2.45842e-05, 
826, 42347.6, 7.10862, 27.4985, -8.42971, -8.48266e-06, -1.4343e-05, -2.22204e-05, 
827, 32190.1, 196.634, 101.817, 84.9851, -0.000149461, -3.7721e-05, -1.3962e-05, 
828, 41709.3, 41.6217, 122.516, 168.644, 2.75731e-05, -8.12553e-05, -0.000110953, 
829, 47823.2, 42.3534, -170.81, 76.6364, 1.09108e-05, 0.000146736, -3.34721e-05, 
830, 3506.43, -110.473, -50.7123, 136.381, 8.63243e-05, 4.03253e-05, -6.58639e-05, 
831, 88237.2, 166.606, -81.9535, 19.0549, -0.000118281, 7.90921e-05, -6.50364e-06, 
832, 3309.83, 74.1076, 135.391, -170.658, -1.4226e-05, -5.58772e-05, 0.000124529, 
833, 57350.1, 68.2641, -93.0476, -173.179, -6.97001e-05, 7.01022e-05, 0.000129772, 
834, 13883.6, 191.822, -135.746, -149.086, -0.000110223, 4.1046e-05, 6.30253e-05, 
835, 89249.6, 1.84061, -137.769, -109.438, 1.7315e-05, 0.000138698, 2.73072e-05, 
836, 41456.9, 179.599, 153.769, 163.508, -0.000131406, -8.51131e-05, 2.10731e-05, 
837, 1768.98, 72.419, -10.2304, 46.8604, -9.51723e-05, 4.22275e-05, -5.15201e-06, 
838, 164552, -129.617, 104.929, 180.315, 1.68613e-05, -0.000156901, -0.000190256, 
839, 76215.5, -10.4863, -77.6488, 142.695, 3.41987e-05, 4.63541e-05, -0.000115389, 
840, 42834.4, -4.93447, -129.065, 132.668, 4.22051e-05, 8.03328e-05, -0.000147936, 
841, 315284, -150.428, -123.565, -171.092, 9.03205e-05, 8.23797e-05, 0.000122014, 
842, 70649.2, 139.927, -137.343, -151.419, -3.99843e-05, 9.10336e-05, -5.10919e-05, 
843, 18007.5, -143.638, -82.7402, -9.63109, 9.08237e-05, 3.1029e-05, -2.01682e-05, 
844, 72124.9, -14.1685, 45.0926, -19.2972, -1.1918e-05, -6.19186e-05, -3.76172e-05, 
845, 527644, 136.559, -151.87, -18.5866, -9.74563e-05, 9.66213e-05, -4.93199e-07, 
846, 170939, 193.48, 21.6572, 107.294, -0.00013731, 2.09022e-06, -3.46818e-05, 
847, 131368, 68.8035, -196.154, -82.7682, 0.000112734, 0.000200659, -4.71058e-05, 
848, 68263.8, 35.2502, -52.0125, 19.8038, -1.29935e-05, 2.40082e-05, 1.32849e-05, 
849, 4253.48, -58.7103, 47.5349, 141.925, 3.3989e-05, -5.29856e-07, -0.000104014, 
850, 62132, -45.6208, 41.6141, -159.369, -0.000104247, -0.000103221, 0.000185455, 
851, 187780, 52.3561, -130.792, -154.822, -4.98584e-05, 7.1693e-05, 0.000107235, 
852, 46555, -77.93, 115.357, 185.548, -0.000121185, -0.000149977, -0.000112989, 
853, 52138.4, 69.1391, 23.6901, 47.7689, 9.84001e-06, -0.000131958, -0.000287915, 
854, 105525, 26.1171, 7.22398, -43.2324, -1.84253e-05, -1.44138e-05, 5.61059e-05, 
855, 94645.3, -0.312155, 69.0181, -15.3154, -1.53822e-05, -6.11269e-05, 3.78262e-06, 
856, 33015.8, 73.4916, -162.479, -50.689, -6.83997e-06, 9.53873e-05, 1.51101e-05, 
857, 153036, -189.157, -153.834, 134.764, 0.000113947, 6.0101e-05, -8.00565e-05, 
858, 175048, 121.208, -21.9685, -71.9288, -6.02024e-05, 4.53482e-05, 9.05743e-05, 
859, 3732.86, 188.851, -1.32681, 20.2895, -0.000149172, -7.84617e-06, -2.64687e-06, 
860, 102960, -165.772, -24.7001, 26.3423, 0.000113401, 1.39759e-05, 2.56453e-05, 
861, 1943.71, -187.451, 26.8386, -101.682, 0.000127622, -8.66431e-06, 5.22716e-05, 
862, 37579.4, -109.041, 32.4577, 188.507, 3.37944e-05, -5.88569e-07, -0.000124002, 
863, 75596.7, -125.586, 179.566, -175.093, 9.09637e-05, -7.29093e-05, 7.99761e-05, 
864, 72914.4, 165.419, 158.776, -175.635, -8.49394e-05, -6.16218e-05, 0.000114044, 
865, 40058.9, -198.396, -61.4702, 105.516, 0.000132788, 2.9774e-05, -4.60789e-05, 
866, 2443.56, 162.373, 142.473, 193.758, -9.6857e-05, -0.000125563, -0.000211095, 
867, 228494, 158.817, 184.913, 82.7033, -9.33188e-05, -0.000162342, -5.81052e-05, 
868, 144972, 20.3959, 159.268, 76.464, 2.70592e-05, -6.1296e-05, -9.35574e-05, 
869, 240247, 60.7553, 137.022, -70.3823, -2.15782e-05, -0.000105773, 4.3209e-05, 
870, 23085.4, 154.749, -63.0358, -177.104, -9.35338e-05, 3.40395e-05, 0.000104372, 
871, 37939.5, 104.92, 39.7922, -74.3033, -6.33088e-05, -4.73148e-06, 6.9609e-05, 
872, 5296.39, -158.72, -166.354, -141.315, 0.000119388, 0.000107097, 4.43854e-06, 
873, 39944.8, -66.4442, 134.865, 42.2673, -1.40113e-05, -0.000111933, -9.36046e-06, 
874, 87785.1, 22.6982, -148.677, -153.546, -1.71139e-05, 8.95271e-05, 0.000110443, 
875, 31832.4, 26.8407, 7.30445, 65.8067, 0.000112609, 3.94542e-05, 1.9655e-05, 
876, 438661, 154.152, 121.652, 182.286, 3.97436e-05, -0.000268687, -0.000103046, 
877, 66176.8, -63.4016, -16.153, 21.9853, 4.62332e-05, 4.07564e-05, -1.51792e-05, 
878, 62483.6, -150.403, -167.088, 100.616, 2.88663e-05, 8.66869e-05, -3.78742e-05, 
879, 144637, 95.4334, 106.007, 131.713, -0.000122791, -8.71887e-05, 3.83856e-05, 
880, 97243.1, -30.0862, -132.619, 164.597, 1.10735e-05, 8.63715e-05, -0.000110866, 
881, 74869.6, 44.7463, 99.7086, 95.5632, 1.46553e-05, -2.21379e-05, -7.91203e-05, 
882, 76207.2, -15.5689, 71.4727, 120.888, 1.43611e-05, -6.0485e-06, -8.20071e-05, 
883, 3864.62, 152.569, -195.178, 55.0121, -6.87256e-05, 0.000135189, -1.71686e-05, 
884, 90040.9, -59.9037, 189.711, 105.376, 1.70386e-05, -0.000143167, -6.12128e-05, 
885, 43910, -169.038, 127.097, -174.308, 7.07327e-05, -4.17246e-05, 9.12012e-05, 
886, 18767.4, -185.924, 38.4274, -142.675, 0.000104423, -2.05315e-05, 5.57533e-05, 
887, 16072.5, -86.7688, -81.225, -36.9348, 6.92938e-05, 3.29945e-05, 6.37441e-06, 
888, 88055, 64.8156, -73.1476, 51.4335, -8.28751e-05, 7.55388e-05, -1.02042e-05, 
889, 124105, -36.5793, -51.243, -181.56, -1.30259e-05, 2.54429e-05, 8.48829e-05, 
890, 81550.8, 103.59, 191.096, 121.006, -4.00174e-05, -0.000140275, -5.71844e-05, 
891, 207409, -150.266, -43.114, 168.583, 8.25102e-05, 6.98518e-05, -7.51791e-05, 
892, 17292.2, -198.915, 150.809, 133.001, 0.000131486, -5.88758e-05, -5.84903e-05, 
893, 29477.8, 66.4302, 168.569, -182.788, -7.51863e-06, -7.92102e-05, 0.000122443, 
894, 7475.22, -13.9024, -157.92, -142.263, 6.10678e-06, 0.000109877, 8.13026e-05, 
895, 61370.8, -119.62, -196.91, 89.5308, 4.26975e-05, 0.000137713, -4.34155e-05, 
896, 308324, 83.8626, 186.937, -144.755, 6.47673e-05, -9.10771e-05, 3.70617e-05, 
897, 110445, -185.359, -123.729, 68.5583, 0.000123461, 5.27594e-05, -3.61018e-05, 
898, 109736, 179.806, -81.9123, 102.529, -0.000147768, -9.20715e-05, -0.000116631, 
899, 82634.2, -78.7709, -41.9513, -171.658, 4.77801e-05, 1.15485e-05, 0.000114733, 
900, 15369.9, 107.362, 128.69, 46.1117, -9.6644e-05, -7.34723e-05, -1.14877e-05, 
901, 19852.3, 30.8039, 49.1029, -23.0826, -1.60407e-05, -3.07554e-05, -1.9073e-06, 
902, 30159.8, 153.855, 95.1689, -197.962, -8.79656e-05, -5.81149e-06, 0.000132195, 
903, 406168, 24.1817, -46.5559, -104.21, -1.87729e-05, 1.4298e-05, 6.44585e-05, 
904, 283206, -98.4651, -152.342, 22.5299, 2.84846e-05, 0.000107118, -3.8943e-05, 
905, 74862.1, 126.458, 21.8084, 141.713, -8.1592e-05, 1.14264e-05, -4.89064e-05, 
906, 29928.4, 130.235, -121.881, 120.323, -6.6612e-05, 4.23169e-05, -0.000103463, 
907, 56321.9, -33.759, -93.0535, 94.8742, 2.96977e-05, 7.19652e-05, -5.15002e-05, 
908, 70579.5, -174.921, -152.182, 118.624, 9.32371e-05, 3.4459e-05, -5.90973e-05, 
909, 2374.24, -23.4162, -29.7565, -4.45766, 4.33336e-05, 3.73921e-05, -2.08414e-05, 
910, 257749, 10.9746, -117.785, -114.422, -5.79429e-06, 6.76933e-05, 5.64131e-05, 
911, 52870.8, -182.822, 175.778, 143.763, 0.000150037, -6.25153e-05, -3.98513e-05, 
912, 73734.5, 17.1636, 173.087, -27.0877, 1.03932e-05, -0.000124431, 2.743e-05, 
913, 154890, -66.4681, 110.987, 11.1172, 0.000140402, -4.60502e-05, -7.9238e-05, 
914, 34503.2, 28.9957, -173.419, -149.428, -4.08126e-05, 9.28041e-05, 7.59719e-05, 
915, 302313, -3.67094, 31.0885, -116.593, -4.71487e-06, -2.5456e-05, 4.85538e-05, 
916, 48269, -22.2435, -121.968, -148.092, -1.46252e-05, 4.911e-05, 3.45209e-05, 
917, 71440.3, 45.2749, 143.328, -88.8975, 6.50394e-06, -0.000125328, 9.61449e-05, 
918, 37656.2, 165.852, 112.984, -120.868, -9.9544e-05, 3.42209e-05, -1.21796e-05, 
919, 214827, -49.4871, 32.0146, -154.544, 3.92047e-05, 5.97169e-05, 8.79212e-05, 
920, 37174.1, 147.589, -72.8746, -94.8286, -0.000120149, 6.14388e-05, 2.63916e-05, 
921, 188731, 163.426, 169.453, 76.066, -0.000114718, -2.29369e-05, -9.69414e-06, 
922, 85920.2, 119.164, 9.21787, -108.927, -6.51297e-05, 1.57794e-05, 8.69006e-05, 
923, 30814.5, 161.514, -25.8492, -180.076, -0.000104018, 6.90502e-06, 0.000104103, 
924, 546352, -144.188, -14.4995, 191.777, 5.77672e-05, 3.62304e-05, -0.00011822, 
925, 11079.1, -92.9441, -75.377, 174.732, 5.47639e-05, 3.57964e-05, -0.000138379, 
926, 117668, 115.076, 98.1319, -152.843, 4.76185e-06, -0.000571802, 2.87205e-05, 
927, 65187.6, -40.9342, -163.593, 8.98866, 9.0036e-06, 0.000131693, -1.42872e-05, 
928, 12481, -192.627, 192.483, -29.8754, 0.000129417, -0.000123629, 1.23196e-05, 
929, 7076.11, 62.0337, -158.622, 141.372, -6.1777e-05, 9.12206e-05, -5.53474e-05, 
930, 113044, 149.894, -134.612, -107.897, -8.82853e-05, 3.66205e-05, 6.11116e-05, 
931, 30277.5, 120.015, 60.8367, -173.433, -5.18855e-05, 4.73102e-06, 0.000135972, 
932, 19134.3, 153.351, 88.7487, 117.37, -9.2079e-05, 7.58487e-06, -2.63182e-05, 
933, 33956, 132.544, -85.8857, 139.013, -7.80475e-05, 9.65572e-05, -9.98229e-05, 
934, 41452.5, -24.6342, -44.5905, 44.2213, 5.01523e-05, 4.57153e-05, -1.76427e-05, 
935, 88960.2, 171.774, -41.6159, 43.0208, -0.0001603, -1.76934e-05, -6.84554e-05, 
936, 41976, -170.547, 182.997, -142.196, 8.12233e-05, -0.000106273, 5.61651e-05, 
937, 217216, -103.787, -162.197, -157.173, 4.66163e-05, 0.000127254, 0.000135306, 
938, 23265.7, 120.353, -151.751, 182.809, -8.3695e-05, 6.7663e-05, -0.000119936, 
939, 50930.9, 94.3245, 153.93, -99.2935, -1.32838e-05, -0.000101329, 7.70439e-05, 
940, 156684, -77.5202, -100.281, -67.7132, 5.482e-05, 3.7024e-05, 1.65809e-05, 
941, 20818.4, -42.6013, 173.02, 13.9268, 5.88669e-05, -0.000136438, 1.18572e-05, 
942, 128535, -133.365, 97.6979, 175.125, 0.000149508, 8.89445e-05, -6.37363e-06, 
943, 123191, -77.5305, 188.127, -107.727, 7.37419e-07, -0.000149001, 1.99409e-05, 
944, 30204, -198.811, 28.0066, -90.1007, 0.000145687, -1.25563e-06, 4.50634e-05, 
945, 14151, 101.67, 41.9752, -153.997, -5.74418e-05, -6.3579e-06, 0.000130231, 
946, 636.499, 75.0749, -7.562, -164.245, -2.03391e-05, -3.64532e-05, 0.000119054, 
947, 210578, -180.479, 130.917, 94.1571, 0.00106511, 0.000714167, 2.87693e-05, 
948, 151705, 63.2417, 173.995, -43.6564, -1.72305e-05, -0.000146543, 2.50083e-05, 
949, 85668.2, -16.6203, 29.2849, -125.201, 0.000125176, 4.65271e-06, 0.000141684, 
950, 8067.9, 27.4059, 40.0364, 131.302, 6.4697e-06, 6.03915e-06, -9.31793e-05, 
951, 10259.9, -52.5988, 110.593, -10.5814, -7.23909e-06, -7.41273e-05, 7.05777e-05, 
952, 248973, 71.9434, -60.6184, 102.488, -5.97924e-05, 5.78709e-05, -7.37507e-05, 
953, 22777, 152.778, 58.2917, -125.921, -0.000124228, -2.05511e-05, 8.73541e-05, 
954, 221946, 36.432, 58.4818, -61.3449, 3.17047e-05, -6.45937e-06, 2.98462e-05, 
955, 4167.21, -38.5383, 60.5323, 39.3407, -4.41931e-05, -1.99293e-05, -3.21566e-05, 
956, 63225.3, 53.2416, 62.2473, -60.5847, -0.000105689, 1.62034e-05, -1.66321e-05, 
957, 76883, 178.031, 183.196, -149.746, -0.000102056, -0.000105288, 7.08067e-05, 
958, 16714.9, -43.0868, 174.083, 195.645, 2.30348e-05, -9.75695e-05, -0.000134492, 
959, 142125, 153.904, 91.7884, 176.015, -0.000113027, 6.14944e-05, -0.000124224, 
960, 50927.3, 140.522, 87.1187, 59.3987, -0.000103474, -5.64875e-05, -9.52729e-06, 
961, 23374, 82.9665, 86.1151, 18.741, -5.00399e-05, -3.03145e-05, -1.16012e-05, 
962, 186842, 72.7925, 99.0718, 146.063, 9.7138e-05, -1.38581e-05, -6.21459e-05, 
963, 186016, -180.331, 124.82, 12.2526, 0.000129537, -6.99563e-05, -3.85771e-06, 
964, 150017, -118.175, 176.512, -72.3056, 6.19253e-05, -0.000129872, 3.03406e-05, 
965, 12351.6, -9.02903, 66.3414, 173.713, 2.05043e-05, 2.02722e-05, -0.000132762, 
966, 18040.7, -121.887, 183.83, 152.391, 7.59929e-05, -0.000130507, -2.15066e-05, 
967, 365471, 64.4733, 78.9745, -79.5228, -4.71072e-05, -4.33933e-05, 6.64105e-05, 
968, 141398, 7.37188, 26.5428, 111.499, 1.15454e-05, -2.33605e-05, -0.000101194, 
969, 39913.5, 5.29626, -60.029, 35.1561, 8.8477e-05, 3.84773e-05, 2.90087e-06, 
970, 4957.12, -176.989, -40.6135, 90.2186, 0.000138528, 5.25988e-05, -4.05408e-05, 
971, 56588.8, -112.541, 103.267, -154.153, 8.45354e-05, -6.91799e-05, 8.11455e-05, 
972, 33212.9, -169.155, -152.822, -135.168, 0.000130804, 9.79636e-05, 2.97466e-05, 
973, 27703.4, 169.8, -154.14, 66.266, -0.000133906, 0.000104691, -3.53669e-05, 
974, 77007.2, 41.6433, -79.6493, 48.0919, -4.3869e-05, 0.000140539, -1.86728e-05, 
975, 56906.5, -20.2646, 7.85829, -20.1954, 3.1713e-05, 2.38685e-05, -1.22457e-06, 
976, 40865.7, -135.974, 69.7065, 13.0055, 0.000104079, -6.9989e-05, -4.21883e-05, 
977, 5817.58, -152.549, 142.422, 78.2082, 0.000102784, 9.84903e-06, 2.00442e-05, 
978, 76162.7, 156.427, -82.3549, 80.0498, -9.41481e-05, 3.49765e-05, 2.11655e-05, 
979, 43151.2, -179.143, 152.408, 110.042, 0.000133228, -0.000125494, -8.13836e-05, 
980, 38264.6, 47.9655, 68.4924, -65.1845, -7.03598e-06, -0.000107458, 6.12955e-05, 
981, 32246, 162.473, -168.269, -101.3, 6.36307e-05, 0.000300097, 0.000134941, 
982, 205630, 92.4531, -176.23, -89.3232, -0.000132033, 2.54072e-05, 4.7253e-05, 
983, 152053, -175.575, 179.278, -30.6366, 0.000114558, -0.000109821, 2.94433e-05, 
984, 176833, 156.576, 94.0438, 96.876, -0.000118929, -3.71784e-05, -9.49387e-06, 
985, 35522.5, -157.775, -138.131, -36.4277, 0.00011014, 2.77832e-05, 6.43187e-05, 
986, 12347.6, 60.385, -26.5097, -194.265, -1.73992e-05, -1.03772e-05, 0.00016952, 
987, 141252, 152.489, -187.043, -81.554, -7.1194e-05, 0.000136708, 2.05834e-05, 
988, 32501.8, -26.8458, -63.0111, -152.944, 1.63885e-05, -3.51472e-06, 9.65419e-05, 
989, 118945, -173.612, 92.9116, -104.051, 0.000112329, -4.56036e-05, 3.60366e-05, 
990, 26452.4, 98.799, 174.1, 86.3391, -5.60131e-05, -0.000133752, -3.4711e-05, 
991, 155703, 96.1324, 60.0715, -46.6604, -5.87568e-05, -4.81816e-05, 2.5979e-05, 
992, 137638, 103.479, -163.31, -40.2628, -4.43325e-05, 6.6621e-05, 8.42092e-06, 
993, 25517.8, 30.4989, -86.3951, -11.0657, 1.29677e-05, -8.88728e-05, -0.000143396, 
994, 35546.1, 113.2, 135.387, 181.982, -3.67077e-06, -0.000110602, -0.000112188, 
995, 199466, -62.3659, 57.4115, 28.0938, 6.18563e-05, -8.84455e-06, 1.51028e-05, 
996, 168949, 180.698, -106.051, -39.2671, -0.00014075, 4.50932e-05, 2.91845e-05, 
997, 137066, -157.007, 158.593, 85.6048, 0.00012085, -0.000157106, -4.28889e-05, 
998, 21868.6, -190.177, 130.705, -44.161, 8.23362e-05, -0.000166068, 2.65033e-05, 
999, 1415.09, -22.3739, -61.5279, -49.6063, 3.05286e-05, 4.28692e-05, 4.69873e-06, 
