ID, Mass [kg], pos_0 [m], pos_1 [m], pos_2 [m], vel_0 [m/s], vel_1 [m/s], vel_2 [m/s], 
0, 5682.38, -25.4598, -4.38963, -3.1946, -0.003608, -0.00357545, -0.00184475, 
1, 51291.5, -22.5551, -14.0292, 19.762, -0.00475404, -0.0041589, 0.00558027, 
2, 73779.3, 3.17424, 2.56652, 0.461023, -0.00336947, -0.00652624, -0.000994683, 
3, 9731.99, -4.39988, 17.5022, 20.2848, -0.000939969, 0.00434443, 0.00165661, 
4, 104587, -0.655338, -3.99331, 5.60616, 0.00118023, -0.000491205, -0.00149174, 
5, 42215, 0.0436771, -0.471489, 0.106138, -0.0058628, 0.00191025, -0.00358751, 
6, 57220.4, 18.8736, 9.23384, -21.4673, 0.003671, 0.00458906, -0.00365505, 
7, 44855.5, -1.62767, 1.43348, 5.87368, -0.00447861, 0.00335112, 0.000843176, 
8, 276797, -1.1834, -0.381996, 2.99174, -0.00254574, 0.00962762, -0.00317762, 
9, 2643.18, 1.72068, 0.113591, 4.52328, 0.00664396, -0.00201188, -0.0028752, 
10, 33961.7, 9.25155, -14.2141, -8.43379, 0.000213341, -0.00170772, 0.000174567, 
11, 8691.35, -7.9017, 36.125, -27.8742, -0.000460107, 0.00641684, -0.00622319, 
12, 141682, 5.65989, -3.58542, 5.00098, 0.00159373, 0.000771591, -0.00218098, 
13, 288611, -15.9591, -9.01588, -2.23207, -0.000443748, -0.00236998, 0.000352713, 
14, 512847, -1.37213, 4.15572, 3.42573, -0.000501386, -0.000183159, 0.0036795, 
15, 15651.7, -1.77641, -3.52355, 3.25584, -0.00114521, 0.00427448, -0.00479933, 
16, 182451, 11.8447, -12.3396, 32.0086, 0.0038291, -0.00195194, 0.00508294, 
17, 62197.8, -13.2706, -11.9088, 4.28505, -0.00187184, 0.000209321, -3.80041e-05, 
18, 185440, -17.1273, -10.8011, 3.47405, -0.000757259, -0.0033855, 0.000794556, 
19, 36701.4, 18.0283, 28.4131, -26.3274, 0.00417381, 0.0058492, -0.00566332, 
20, 106936, -38.266, -22.0501, 11.1736, -0.00803864, -0.00478502, 0.00229518, 
21, 161838, -4.66515, -2.58111, 7.3821, -1.45986e-05, -0.00125804, -0.000315114, 
22, 144875, -3.45166, -6.74818, 2.8837, -0.00045099, 0.000896013, -0.00288573, 
23, 100936, 4.69154, 19.0585, 12.2742, -0.00019966, 0.00234166, -0.000379129, 
24, 95186.1, 24.787, 24.472, 22.9013, 0.00546974, 0.00392793, 0.00389448, 
25, 151808, 16.8727, -16.4373, 30.9555, 0.00472475, -0.00279951, 0.00633015, 
26, 118354, -2.20879, 2.54906, -1.78267, 0.000366802, -0.00505329, -0.00892767, 
27, 149234, 1.45817, 0.66651, 1.21492, 0.00444732, -0.00974572, -0.00385105, 
28, 9985.68, -1.09665, -0.307125, 1.73031, 0.0124561, -0.000660725, 0.00010476, 
29, 180895, 4.76043, 8.11136, 4.07073, 0.000592423, -0.00608073, 0.00302013, 
30, 486.041, 8.39958, 11.997, -6.75479, 0.00176869, -0.00145336, 0.00192055, 
31, 70262.9, -2.2972, -3.17617, 3.03651, 0.00288148, 0.0044469, 0.000268667, 
32, 45902.1, 2.56809, -2.84392, 3.14579, -0.00110148, 0.00221707, -0.00253934, 
33, 24444.7, 5.70043, -2.7899, 0.173993, -0.00308504, -0.000428236, 0.0041466, 
34, 65679.9, -2.45438, 6.26108, 2.0593, 0.00422931, -0.00395361, -0.00394645, 
35, 3309.29, -16.3176, -14.0893, -5.45835, 9.87619e-05, -0.00557805, -0.00119759, 
36, 8280.38, -27.9977, 26.9684, -9.07963, -0.00492379, 0.00539344, -0.0032556, 
37, 94538.9, -1.07017, 3.37824, 1.57422, 0.00343632, 0.000765222, -0.00958793, 
38, 30213.7, 33.8324, -11.4528, -11.2462, 0.00879353, -0.00112308, -0.000204467, 
39, 53471.9, -9.36912, -0.965133, -12.2723, 0.000441949, 0.00300135, -0.000206868, 
40, 43100.3, -14.644, 17.9886, -16.4003, -0.00166043, 0.00261675, -0.00319209, 
41, 44746.6, 10.1763, 24.278, 9.91821, 0.00184811, 0.0042753, -0.000813058, 
42, 34053.9, 2.05814, 13.0482, 26.2061, -0.000350465, 0.00336748, 0.00500109, 
43, 54380.2, -1.8319, 1.76341, 4.84569, -0.00618255, 0.00235191, 0.00370056, 
44, 38723.2, 16.6904, -5.1002, -19.7205, 0.00223935, -0.000318979, -0.00413126, 
45, 2321.23, -16.9005, -6.86251, -1.21994, -0.000423999, -0.00156214, 0.00149686, 
46, 241169, 11.596, 5.13286, -1.19142, 0.00231425, -0.00198781, 0.000659365, 
47, 344827, -2.0895, 2.43623, 5.53014, -0.00510013, 0.00336257, 0.00250362, 
48, 39271.1, 8.31362, -0.0829499, 5.22263, -0.000261922, -0.00363141, -0.00101523, 
49, 19687.8, -30.5531, 26.4894, -9.65094, -0.00676795, 0.00633214, -0.00359203, 
50, 61216.8, 9.62048, -9.87898, 0.502193, 0.000928097, -0.000529884, 0.00274713, 
51, 19182.2, -23.846, 31.6246, -18.5718, -0.00465166, 0.00714868, -0.00500124, 
52, 12420.5, 1.5381, 1.18523, -2.9604, -0.00217175, -0.00298956, -0.0059891, 
53, 85447.4, -39.3344, -3.65145, -17.8763, -0.00797164, -0.000815445, -0.0032938, 
54, 361436, -2.69816, 5.04129, 5.20426, -0.000819505, 0.000173529, 0.00531886, 
55, 158926, 12.1123, 6.58839, -21.7798, 0.00279918, 0.0011856, -0.00285206, 
56, 49282.6, -18.046, 26.255, -25.131, -0.00206071, 0.00529984, -0.00643188, 
57, 218355, -1.86531, 2.44916, -0.392251, -0.00191358, 0.00387296, 0.000247006, 
58, 22371.5, 33.8647, -11.727, -8.85478, 0.00908764, -0.00189488, -0.00104159, 
59, 55919.9, -14.2088, 22.0716, -26.2399, -0.000646573, 0.00261494, -0.00445483, 
60, 21598.8, 1.66785, 0.327533, 0.391599, 0.00673768, -0.00684188, -0.0071076, 
61, 398.952, 1.02757, -3.68194, 2.23125, -0.000546073, 0.00393811, -0.00128133, 
62, 1108.92, 1.63748, -5.02811, 30.6043, 0.000866439, -0.000593804, 0.00480182, 
63, 108555, -8.74845, 2.4467, -1.68559, 0.000289465, -0.00603243, 0.000647237, 
64, 244863, 10.1114, -4.27466, 21.0709, 0.00116754, -0.000508267, 0.0019969, 
65, 220694, -17.2849, 25.4365, -21.3863, -0.00198483, 0.0050791, -0.00459004, 
66, 61700, -5.11922, 35.564, 17.2296, -1.86285e-05, 0.00679151, 0.00293779, 
67, 55388.9, -20.5258, 6.58585, 15.8342, -0.00520556, 0.00139842, 0.00402213, 
68, 211156, 0.385264, 1.068, -0.448853, -0.000490611, -0.00784507, -0.000617579, 
69, 12720.6, -2.1504, -13.9803, 4.98717, 0.000226681, -0.000107826, -0.00124256, 
70, 25096, -4.96721, -2.64114, -1.07668, 0.00744448, -0.000569793, -0.000777423, 
71, 179870, 5.97889, 12.2539, -5.24262, 0.00112771, -0.00114987, 0.00194366, 
72, 79123.8, -36.8669, -10.2589, -1.50651, -0.00534609, -0.00153636, -0.000589235, 
73, 110870, -0.439451, -0.0440511, 1.82831, 0.00850743, -0.00088398, -0.00589777, 
74, 43359.1, 16.412, 17.5516, 17.5898, 0.00193265, 0.00528531, 0.0012914, 
75, 140124, 0.787313, 2.4856, 3.88171, 0.00346995, 0.00818851, 0.00104746, 
76, 229268, -12.4694, 18.9703, -21.508, -0.00122253, 0.00233247, -0.00287129, 
77, 302149, -2.52494, 4.16863, 3.36278, -0.00097451, -0.00229762, -0.00562509, 
78, 100708, -16.7519, -8.51334, -4.60069, -0.001625, -0.00253116, 0.00116054, 
79, 46633.4, 2.04368, 3.57204, 0.457479, -0.000837837, -0.00364595, -0.00530843, 
80, 143926, -5.05659, -5.07634, 4.01237, 0.00688545, -0.00156176, -0.0018896, 
81, 270.261, -32.1133, 6.00445, 14.6044, -0.00474025, 0.000688182, 0.00183233, 
82, 159650, 1.19445, 0.273075, 0.0660169, -0.00505607, 2.12257e-05, -0.00645972, 
83, 24756, 8.0297, -2.20804, 0.607122, -0.000277113, -0.00458627, -0.000583801, 
84, 18375.3, 8.69652, -4.53166, 3.5054, -0.00319938, -0.00197209, 0.000504558, 
85, 491877, 30.0399, -11.4429, -12.587, 0.00650518, -0.00160849, -0.00196291, 
86, 194807, -0.836009, 2.20362, 2.39193, 0.00137983, 0.00296287, -0.00109403, 
87, 8649.23, 14.8948, 5.6923, 6.37915, 0.000884816, 0.00180909, 0.000186748, 
88, 138901, 0.310548, -7.35458, 12.5487, -0.00268326, -0.00167908, 0.000628935, 
89, 50202.9, 8.561, -4.14812, 5.86198, 0.00134058, -0.0026964, -0.00177573, 
90, 98321.9, -1.54057, -1.12651, 3.85899, 0.00579719, 0.00528442, -0.0055873, 
91, 384069, -1.09769, 0.361239, -0.698776, -0.00266583, 0.000404237, -0.00470196, 
92, 81279.9, -8.61187, -13.1229, 1.11915, -0.00157897, -0.000793331, -0.00178462, 
93, 91375.2, 0.304603, 1.0677, 2.657, -0.0017609, -0.00253064, 0.00794444, 
94, 5476.7, -11.1159, -14.4469, 6.18684, -0.000904124, -0.0034522, 0.00156846, 
95, 33452.5, 2.60129, 8.39422, 4.78036, 0.00219834, -0.00532931, -0.00125955, 
96, 25752.1, -23.7082, -6.44978, -6.19557, -0.00730086, -0.00269935, -0.00251906, 
97, 200797, -0.87403, 1.52943, 1.53277, 0.000884037, 0.00398356, 0.0050699, 
98, 298981, -0.233405, 3.50816, 0.438031, 0.00680461, 0.00523369, -0.00561672, 
99, 93146, 2.39274, -0.546893, 1.83073, -0.00784898, -0.00131598, -1.43253e-05, 
100, 8612.85, -15.7972, 10.4953, -15.3406, -0.000912754, 0.0010689, -0.00167792, 
101, 24343.5, -3.25182, 14.2222, 5.68912, -0.000120721, -0.00124154, -0.00180359, 
102, 10296.7, -6.98353, 17.3314, -11.139, -0.00010736, 9.12613e-05, 0.000917409, 
103, 15719.8, -9.02709, -4.81725, 19.3504, -0.000654272, 0.00137568, 0.00125019, 
104, 230040, -2.15847, 3.62975, -2.03917, 0.000267739, -0.00925321, -1.1895e-05, 
105, 17846.1, -2.68766, -5.3221, 3.90812, 0.00805668, -0.000665266, -0.00230979, 
106, 22216.6, 3.48975, 4.10124, 0.953019, -0.00139295, -0.00667989, -0.00154993, 
107, 98486.7, -0.266917, 12.6916, 17.7446, 0.000655093, 0.0025152, -0.000274567, 
108, 214214, -31.041, -0.185729, -24.4788, -0.00696069, 7.45621e-05, -0.00574634, 
109, 131614, -0.364838, 1.2627, -1.11679, -0.0048851, 0.000607685, 0.00399099, 
110, 160023, 1.14795, 1.5273, -0.561279, 3.98513e-05, -0.00547901, -0.00226045, 
111, 115735, -0.418992, 1.80516, -0.137236, -0.00314538, 0.00938819, -0.00643721, 
112, 378585, 18.5297, 3.96888, -26.0487, 0.0033525, 0.00202843, -0.00486481, 
113, 83295.8, -24.0486, 4.59353, -3.97885, -0.00230873, 0.00165067, 0.000325655, 
114, 148827, -2.17217, 2.44856, 0.00908836, 0.0119182, 0.0039744, 0.00185757, 
115, 285284, -2.71503, -18.8018, 31.1518, -8.35246e-05, -0.0045122, 0.00627963, 
116, 515864, -1.57834, 0.700967, 0.753157, -0.00377008, -0.00159448, 0.00561632, 
117, 88363.5, 6.80478, -7.26538, 17.9241, -0.000295316, -0.00263192, 0.00171426, 
118, 155064, 14.3542, 6.36144, 6.80458, 0.00392413, 0.00371756, -0.00205877, 
119, 18098.3, 2.90274, -1.4496, 1.2062, -0.003352, -0.00220199, -0.000602334, 
120, 34391.6, 31.7628, -16.3769, -9.45804, 0.00692804, -0.0022895, -0.00026252, 
121, 78154, -0.566196, -1.36871, 2.41826, 0.00892699, 0.0065843, 0.00118405, 
122, 10497, 0.870027, 2.3722, 2.96023, -0.00106714, 0.00274397, 0.00527888, 
123, 59058.1, -4.861, 18.9188, 3.66697, 0.000351525, 0.00144599, 0.00153137, 
124, 5646.35, -0.917351, -5.30594, 1.80689, -0.00554448, -0.00180733, -0.00411997, 
125, 103346, 0.831017, 2.07199, 2.43884, 0.00181326, -0.00204704, -0.00204348, 
126, 64702.5, -38.0561, 0.219412, 11.1751, -0.00780982, 7.48102e-05, 0.0032864, 
127, 199056, 0.849082, 3.93488, -0.775795, -0.0033288, 0.00193968, 0.00323754, 
128, 192649, -0.531786, -0.243906, 3.69227, -0.00394315, -0.00175843, -0.00374159, 
129, 1707.71, -0.985015, 0.703636, -2.96134, -0.000492127, 0.00687134, 0.00119889, 
130, 19869.9, 1.42027, -0.402224, 0.83688, -0.00059128, 0.000367269, 0.00738104, 
131, 143979, 2.57404, 3.45928, -2.16118, 0.00252364, -0.00110972, -0.00328373, 
132, 37850.6, -42.0375, 21.6643, -12.0644, -0.0099889, 0.00452189, -0.00238479, 
133, 50031.5, -1.86997, 2.58927, 3.66621, -0.00279576, -0.000759243, 0.00507371, 
134, 369068, -21.2686, 1.39932, -8.3681, -0.000494054, 0.000471788, -0.000690559, 
135, 3806.98, 0.232633, -16.1377, 1.28701, -0.000799077, -0.00181779, -0.000889245, 
136, 64591.7, 8.82014, -7.30659, -7.49156, 0.000406082, -0.00233111, 0.00238488, 
137, 1688.15, -8.9468, -11.9668, 5.13096, 0.00150471, -0.00469667, 0.0022063, 
138, 439943, -0.474141, -3.18219, 2.98735, 0.0054374, 0.00331267, 0.00336485, 
139, 72054.1, 2.64651, 5.90691, -1.27408, -0.00292307, 0.00475468, 0.00353373, 
140, 10511.3, -3.31959, -13.1713, 21.5103, -0.000451095, -0.00291936, 0.0025559, 
141, 28560.6, 0.305703, 7.91388, 1.6505, 0.00647366, -0.00295952, -0.000709989, 
142, 92270.6, -5.07847, 6.15086, 1.20515, 0.00513837, 0.00115259, 0.00092012, 
143, 57507.6, -31.1003, 9.71708, 19.0428, -0.00607415, 0.00203699, 0.0037465, 
144, 106955, -8.38122, -3.90374, 17.6532, 0.00109542, -0.000133906, 0.000527572, 
145, 53021.1, -0.327302, 3.5552, 2.55931, -0.00533639, -0.00414296, -0.00496669, 
146, 127593, 4.81695, 3.60249, 0.185061, -0.00271959, 0.00460895, -0.0015976, 
147, 31386.3, -0.600547, 1.79057, -0.0774358, -0.00552314, 0.00684481, 0.00233786, 
148, 89613.6, -7.45428, 15.0275, -13.1161, 0.00163896, -0.000848236, -0.00311946, 
149, 251415, 12.0136, -2.15893, 20.4894, 0.00126297, -0.000270727, 0.000346277, 
150, 55890.6, -7.31103, -7.60164, 0.442131, 0.00386371, -0.00508386, -0.000107205, 
151, 174949, -1.06916, -1.12728, 0.0628445, 0.00677249, -0.00182781, -0.00018429, 
152, 66072.8, 10.8976, -9.91163, 10.1515, 8.12815e-05, 0.000316162, 0.00174036, 
153, 19075.8, 0.321102, 2.28127, -1.70018, 0.000486391, -0.00765378, 0.0090273, 
154, 47261.5, -5.95012, -0.332779, 2.40881, 0.00628906, -0.00187559, 0.00460492, 
155, 102102, 2.62864, 2.22646, 0.745669, -0.00101019, -9.77093e-05, 0.000582078, 
156, 5375.03, 5.55334, 4.29117, 0.149602, -0.000989849, -0.000232951, -0.00203097, 
157, 3761.7, 8.17131, -0.987164, -7.08642, -0.000581952, -0.00243269, 0.00255528, 
158, 7652.65, 1.55444, 7.53468, 11.2913, 0.00137411, -0.00102728, 0.00134361, 
159, 47070.1, 1.74364, 3.06688, -0.0378245, 0.00263226, 0.00231622, 0.00655918, 
160, 17972.9, -1.51271, 2.13296, 2.44524, 0.00827612, -0.000686606, 0.00745025, 
161, 218629, -1.22129, -11.2944, 7.67925, -0.000547245, 0.0016097, -0.000809901, 
162, 138887, -2.40185, 3.52455, -0.83282, 0.00220104, -0.00216162, -0.00283951, 
163, 33277.3, 11.0384, -7.49537, -4.30656, 0.00171836, -0.00349723, 0.00284707, 
164, 167891, -2.73602, 1.15423, -1.34722, 0.00210952, 0.00379853, -0.00302529, 
165, 62570.5, -3.44562, -36.009, -8.49625, 0.000196927, -0.00747379, -0.00190818, 
166, 38130.4, 6.10771, 33.1594, 18.5619, 0.00221035, 0.00586436, 0.00298697, 
167, 22403.8, 4.54972, -13.3421, 29.6124, 0.00153809, -0.00314792, 0.0044153, 
168, 1479.59, 17.0001, 9.51551, -27.0953, 0.00411008, 0.00274495, -0.00536472, 
169, 20399.9, 1.28934, -20.3769, 30.0622, 0.000160016, -0.0055783, 0.00520309, 
170, 115854, 1.17451, 3.59463, 1.64391, -0.00536891, -0.0011325, 0.00600448, 
171, 27762.9, 0.319218, -3.45739, 3.3806, -0.00361629, -0.00200017, 0.000483925, 
172, 250928, 2.92261, 3.38306, -1.20397, 0.00657241, 0.00125324, -0.00737698, 
173, 74469.2, -28.4555, 14.5096, -7.75776, -0.00555827, 0.00511843, -0.00186613, 
174, 143481, -34.7314, 23.6473, -15.0748, -0.00734958, 0.00531287, -0.00386043, 
175, 27145.1, 1.68273, 2.48954, 0.261157, -0.00109969, -0.00217061, -0.00321337, 
176, 32620.6, 8.5727, 6.49393, 9.45418, 0.00208157, -0.00154562, -5.09784e-06, 
177, 52575.7, 0.259199, -20.705, 36.0771, -3.73294e-05, -0.00500871, 0.00872134, 
178, 19746.4, -4.46211, -2.12132, 7.88573, -0.00131948, -0.00209211, -0.000639725, 
179, 33623.1, -19.6302, 2.80302, -6.3249, -0.00151463, 0.0013572, 0.00128648, 
180, 50349.8, -31.5746, -20.6574, -16.6643, -0.00616224, -0.00412482, -0.00316509, 
181, 89376.8, -13.7707, 2.02409, -4.74396, 0.00165687, 0.00188345, 0.00195607, 
182, 42160.2, 1.60043, -0.548536, 34.821, 3.95519e-05, -8.60625e-05, 0.0076955, 
183, 100544, -20.3407, -10.9615, -2.27677, -0.00291764, -0.00258805, 0.000981976, 
184, 1446.88, 2.01803, 2.44565, 3.22577, 0.00761436, 0.00145171, -0.0032096, 
185, 119694, -0.426895, 7.06314, -1.45281, 0.00461904, -0.00323402, 0.00201349, 
186, 120999, -4.96119, 2.22389, -0.252942, 0.00127903, -0.00757606, 0.00469289, 
187, 52698.3, 2.99568, 2.48794, 1.48302, 5.3846e-05, -0.00618474, -0.000599149, 
188, 105467, 9.61912, -5.41504, -3.58666, 0.000898113, -0.000405341, 0.00271366, 
189, 99748.4, -3.78849, -24.6512, 13.9985, -0.00107868, -0.00443987, 0.00216184, 
190, 77133, 0.153019, 2.36966, -1.59569, 0.000603742, -0.00168858, -0.00445508, 
191, 178804, -2.00252, 3.0313, -0.847583, -0.00323175, -0.0117637, -0.00348471, 
192, 8685.6, -1.81905, 1.67441, 8.16413, 0.00374101, 0.000833151, -0.001249, 
193, 256954, 7.053, 10.1786, 17.208, 0.00376637, -0.000591638, 0.00410384, 
194, 53540.6, 9.88895, -4.93267, 4.8635, 0.00111322, 0.00112824, 0.00175198, 
195, 220652, -0.122254, 0.43313, -1.13288, 0.00296781, 0.00254468, 0.00828866, 
196, 10258.1, 6.1834, -2.34216, 5.60131, 0.000575404, 0.0047058, -0.00266019, 
197, 6083.3, -14.0429, -10.5964, 17.4787, -0.00284202, -0.000493583, 0.00161147, 
198, 127562, 8.90822, 15.0918, -4.94134, 0.000917518, 0.00027423, 0.000148211, 
199, 34766.2, -13.3745, -0.673579, -6.37916, 0.00217445, 9.47496e-05, -0.000997289, 
