ID, Mass [kg], pos_0 [m], pos_1 [m], pos_2 [m], vel_0 [m/s], vel_1 [m/s], vel_2 [m/s], 
0, 97975.8, 18.6204, -27.686, -19.6759, -0.00155447, 0.00163612, 1.60863e-05, 
1, 77894.7, -3.8972, -19.984, -25.7611, 0.000294371, 0.000769408, 0.00200186, 
2, 11402, -30.2733, -26.1404, 35.1711, 0.000903955, 0.000566067, -0.000658477, 
3, 66098.7, 17.559, 16.0547, 10.636, -0.00178679, 4.23857e-05, -0.00067642, 
4, 44838.5, 34.5905, 28.9518, 20.6557, -0.00172093, -0.00159965, 9.6179e-05, 
5, 294431, -19.5999, 13.8713, 11.7398, 0.00154436, 0.00124937, 0.00104683, 
6, 45520.7, -17.801, 25.4346, -35.1368, -0.000313281, -0.000286371, 0.00195035, 
7, 104607, -32.4055, -21.6502, 34.8026, -0.00023268, 0.00153421, -0.000939218, 
8, 18630.4, 24.6052, 23.4308, 17.3464, -0.00128884, -0.00162574, -0.000631459, 
9, 6880.78, 8.52876, -29.8688, 23.2501, -0.000638912, 0.00178331, -0.00146174, 
10, 62559.5, 29.1634, 10.131, 30.9098, -0.000949778, -0.000631344, -0.00161223, 
11, 25475.3, -20.7773, -13.7728, -28.2229, 0.000303806, 4.67676e-05, 0.00296844, 
12, 71640.3, 11.5225, -1.09252, 10.1202, -0.00196954, -7.42871e-05, -0.00114225, 
13, 19375.1, 20.7413, -11.1291, -28.8177, -0.00160174, -0.000718193, 0.00254277, 
14, 192659, -30.8328, -26.8499, 34.7701, 0.00192225, 0.000385076, -0.00222374, 
15, 90493.3, 5.79776, 9.53576, 27.6132, -0.00013636, -0.000504712, -0.00248123, 
16, 55088.9, -10.3808, -7.79935, -15.0117, 0.000804937, 0.000314904, 0.00206166, 
17, 128599, -16.8338, -2.52129, 16.0708, -8.09037e-05, 0.000304608, -0.00165376, 
18, 2686.61, -19.744, -6.50174, 19.7229, -0.000215468, -0.000141008, -0.00118744, 
19, 57797.8, -21.7779, 23.2142, 17.2072, 0.00723727, 0.00114685, -0.00543929, 
20, 50565.7, 25.8912, 22.4468, -13.8161, -0.00216525, -0.000451658, 0.000391656, 
21, 170562, -9.77821, -19.87, -21.7357, -0.000307285, 0.000923044, 0.00249829, 
22, 46366.2, 21.0249, 12.2038, -19.6516, -0.00136865, -0.000754811, 0.000924165, 
23, 48064, 37.2848, 32.1167, 18.3183, -0.00140231, -0.00125362, -0.000203092, 
24, 10737.9, 17.3375, 15.8381, 24.0027, -0.00105731, -0.00129555, -0.0013415, 
25, 6821.61, -23.5528, -7.11627, 4.64478, 0.00233252, 0.000756937, -1.31124e-05, 
26, 85103.7, -18.9918, -15.4428, 21.1508, -0.00165375, 0.00104301, -5.28753e-06, 
27, 20373.4, 2.22633, -25.3622, -21.9931, -0.000468405, 0.00186692, 0.000845034, 
28, 40858.5, -20.7664, -8.12011, 21.7377, 0.000635297, 0.000360804, -0.00198905, 
29, 20052.6, 18.4755, -3.45246, -25.4688, -0.000769234, -0.00136998, 0.000243352, 
30, 30553.1, 31.6724, -14.1757, -6.17296, -0.00248714, 0.00101637, 0.000713902, 
31, 162518, -24.6597, -35.2722, 6.62872, 0.000897274, 0.00231853, -0.000191901, 
32, 65626.2, 7.29719, -10.0739, 1.23344, -0.00252454, 0.000494016, 0.000601669, 
33, 187658, -27.5695, -21.2494, 31.4544, 0.00224185, 0.000666364, -0.00214963, 
34, 143234, 10.4483, 38.4554, -40.3673, -0.000270067, -0.00115078, 0.00152398, 
35, 251764, -32.7769, 32.2762, -35.6225, 4.74014e-05, -0.000849005, 0.00075949, 
36, 188234, 1.04776, -35.6075, 9.25786, -0.000672335, 0.00238432, -0.000493467, 
37, 145115, -16.8797, -18.4815, 17.0384, -0.000129664, 0.00234385, -0.000280435, 
38, 97491.5, 29.9349, -3.51783, 5.85164, -0.000619111, 0.00192718, 0.000976923, 
39, 31783.6, -35.0156, 33.2621, -32.044, -0.00141179, 0.000241614, -0.00113084, 
40, 3660.49, -7.9046, -15.7113, -2.20401, 0.00200138, 0.00279572, -0.000265363, 
41, 6882.93, 18.9454, 13.637, 10.4479, -0.00115789, -0.00267405, -0.000385061, 
42, 15820.5, 20.369, 1.71227, -26.5154, -0.00134321, -0.00151199, 0.00142238, 
43, 12851.8, 6.73841, 10.2786, 24.0262, -0.00106659, -0.000649745, -0.0011976, 
44, 207554, -35.8183, -28.4501, -23.4717, 0.00221214, 0.00296523, 0.00106303, 
45, 14218.7, 13.298, 12.907, -10.2912, -0.00116459, -0.00088942, 0.000869994, 
46, 94578.2, 34.8843, 26.2869, 32.2463, -0.00068361, -0.000904392, -0.00068744, 
47, 139467, 39.5668, 27.6898, 39.2149, -0.00175085, -0.000997252, -0.001705, 
48, 34799.6, 19.5095, 18.3679, 7.86878, -0.00232878, -0.00180243, 7.12776e-05, 
49, 52524.3, -10.3723, 15.4686, -4.22413, 0.000132895, 0.00101395, 0.00216203, 
50, 168682, -33.2113, -25.6652, -22.6684, 0.00185879, 0.000880205, 0.00129698, 
51, 4879.07, -27.4598, -17.5286, -21.1586, 0.000754419, -0.00400937, 0.00348728, 
52, 127413, -26.7603, -32.4936, 34.463, 0.000163062, 0.00255786, -0.00229568, 
53, 2820, -16.9096, 26.9567, 9.86994, 1.94993e-05, -0.00358243, 0.00202197, 
54, 67623.2, 5.62141, 9.45229, 25.6111, -0.00212583, -0.000142526, -0.00299745, 
55, 124781, -13.1161, 33.2197, -19.6837, -0.000125814, -0.00195197, 0.0011266, 
56, 44370.6, 0.23158, -7.596, 6.2519, -0.00159541, -0.00224111, 0.000204236, 
57, 51907.6, -7.50914, -17.0109, -0.669328, 0.000247906, 0.00336591, -0.000759463, 
58, 101111, -34.9765, 34.0218, 8.80312, 0.00250667, -0.00201449, 0.000252563, 
59, 12663.5, 34.2952, -0.29675, 14.3707, -0.000168138, -0.000969736, -0.00233738, 
60, 211734, -10.5765, 32.1756, 14.8937, -0.00141566, -0.00321327, -0.000580832, 
61, 14072.5, 26.4192, -20.1871, -12.4517, -0.00186762, 0.0010142, 0.00052029, 
62, 39936.1, 33.6417, -34.8291, -12.2991, -0.00121097, 0.00224486, 0.000481514, 
63, 94816.2, -15.9906, 20.6988, 15.4077, -0.00164082, 0.000903127, 0.000861897, 
64, 294722, 20.0611, -2.28765, 9.61355, -0.000980398, -0.000101939, -0.000868183, 
65, 115209, -29.2782, -31.7855, -6.78661, 0.00163944, 0.00190889, 4.97634e-05, 
66, 297505, -14.8602, 27.4217, 16.1633, -0.00258598, -0.00376884, -0.000645903, 
67, 109371, 30.8971, -7.65865, 22.9519, -0.0014089, 0.00125159, -0.00106558, 
68, 50319.5, 4.90752, -16.0159, 7.23311, -0.00114217, 0.00202259, -0.00161857, 
69, 94497.4, -12.853, 1.59681, -28.1126, 0.00049655, -0.00043731, 0.0022529, 
70, 28507.8, 15.0703, -0.41845, 28.1738, -0.000715595, 0.000569224, -0.00221389, 
71, 20301.8, -7.02818, -18.6179, -8.28315, -0.000958011, 0.00284571, 0.00065144, 
72, 5514.46, -19.4654, -15.8897, -27.8476, 0.000675012, -0.000524152, 0.00316745, 
73, 51713.3, 5.14532, -13.7681, 4.15363, -0.00178331, 0.00289873, -0.00288877, 
74, 54078.6, -23.6034, -9.71608, 24.089, 0.000665532, 0.000498769, -0.00218809, 
75, 100331, -17.2894, -32.6551, -18.2979, 0.000590084, 0.00275858, 0.00117649, 
76, 16592, -20.2931, 2.1278, 31.4406, -0.000596981, -0.00014732, -0.00274268, 
77, 214624, -2.07576, -3.78141, -3.57988, -0.00113924, -0.00142854, 0.000178958, 
78, 77042.2, -3.90381, -13.4278, -1.96166, 0.00184542, 0.00109418, 0.0011974, 
79, 131835, -29.733, 31.3676, -38.5453, 0.00123673, -0.0011698, 0.00315078, 
80, 36841.1, 19.3984, 15.086, -16.4731, -0.00147186, -0.000308095, 0.00131507, 
81, 30218.7, -29.6114, -34.5239, 21.1992, 0.0018129, 0.00213405, -0.000231814, 
82, 5693.83, -26.9215, -15.7373, -19.8137, -0.00192638, -0.00104044, -0.000763462, 
83, 46120.3, 37.1269, 13.1119, -31.1017, -0.00172746, -0.000431523, 0.00110385, 
84, 20479.4, -20.5438, -31.5846, -7.36295, 0.000681004, 0.00262092, 1.65808e-05, 
85, 115679, -14.2899, -32.4408, 19.0585, -0.00042241, 0.00247194, -0.000829991, 
86, 124413, -33.6861, -25.5465, 38.5973, 0.0016307, 0.00124719, -0.00135789, 
87, 14754.9, 27.7476, 0.0464594, 16.562, -0.0006544, -0.000948512, -0.00191525, 
88, 1562.9, -0.590491, 19.7636, -21.0779, -0.000558879, -0.000937754, 0.00168875, 
89, 213089, 32.1523, -1.23569, 14.8505, -0.00252895, -0.000490441, -0.00124422, 
90, 131961, 29.871, -3.06423, 9.37704, -0.00294141, -0.000623493, -0.000451811, 
91, 25620.6, -27.7076, 2.64228, -6.74475, 0.00412585, 0.000205074, 0.00243019, 
92, 36643.2, -19.912, 21.4117, 18.5075, 0.00061249, -0.00472097, -0.00024427, 
93, 10124.3, -20.9381, -6.62444, 20.941, -0.000773286, -0.00100023, -0.00111954, 
94, 134912, 4.5392, -7.84774, -0.103994, -0.00319745, 0.00123915, 0.000150004, 
95, 352934, -0.764141, -7.13785, 0.222274, 0.000219984, -0.000411877, -0.00138652, 
96, 53519.9, -29.4363, 3.09968, 33.3235, 0.000937462, 0.00171884, -0.00216414, 
97, 179640, -14.4918, 4.84968, 8.11533, 0.00161614, -0.000269366, -0.000105995, 
98, 92275.8, 24.6, -15.4283, -24.757, -0.0024062, 0.00108815, 0.00082944, 
99, 37250.3, -6.62441, -32.7723, -30.3889, 0.000572351, 0.00165853, 0.00187907, 
100, 237086, -23.9294, -29.6692, 28.2577, 0.000217621, 0.00230437, -0.000697352, 
101, 89616.5, -28.1174, 2.71591, -6.1647, 0.00200867, -0.000225426, 0.000757443, 
102, 131392, -22.7769, -9.22365, 22.3785, 0.00319458, 0.000154243, -0.000226211, 
103, 134711, 34.1416, 24.2617, 36.0332, -0.00086933, -0.000919066, -0.00105548, 
104, 108522, 19.8219, -9.32667, -25.5645, -0.000224312, 0.00148993, 0.0023251, 
105, 228291, 35.7245, -5.66584, 31.4938, -0.0015884, 0.000238185, -0.00184997, 
106, 233820, 21.1375, 31.5574, -17.212, -0.000994402, -0.00255409, -0.00056402, 
107, 93778.3, -25.9649, -17.03, -20.2499, 0.000190585, -0.00195931, -0.000519692, 
108, 109531, -0.61502, -6.82601, 5.61379, -0.000224137, -0.000416868, 0.00116652, 
109, 162559, -23.1103, -10.8181, 0.26163, 0.00222848, 0.000867175, 5.61289e-05, 
110, 104548, -21.9584, 36.8086, -35.7164, -0.000674315, -0.0017988, 0.00164829, 
111, 390486, -28.7184, -0.946215, 32.8514, 0.00146397, -0.000463793, -0.00229602, 
112, 17258.3, 0.488931, -18.7706, 13.8494, -0.000571909, 0.00166567, -0.00209559, 
113, 11495, 29.7627, 10.3892, -0.630607, -0.00216621, -0.000992669, 0.000566399, 
114, 198051, 22.6334, 35.2622, -19.3034, -0.000933228, -0.00101827, 0.00177072, 
115, 43163.1, 4.52072, -10.3376, 2.553, -0.00130373, 0.00342106, -0.0012799, 
116, 54122, -30.5628, 25.3139, 11.6515, -0.00206134, 0.000517742, -0.00266156, 
117, 7321.58, -22.272, 23.5045, 13.5817, -0.000109839, 0.00317739, 0.000616599, 
118, 45671, 29.9498, 22.988, -37.4131, -0.0012259, -0.000593631, 0.00154093, 
119, 335394, -16.0142, 19.5195, 13.1199, 0.00197987, -0.000846956, -0.0028574, 
120, 146744, -12.3404, -22.5611, -12.4161, 1.38947e-06, 0.00166523, 4.82338e-05, 
121, 144968, -20.5291, 21.8593, 17.5106, -0.000756689, -0.00243335, -0.00074726, 
122, 58573.5, 0.91069, 6.69821, -1.39693, -0.00153434, -0.00229687, 0.000912799, 
123, 69771.2, -11.8103, -10.7348, -14.9295, 0.000183222, -0.0008553, 0.00195973, 
124, 73065.8, -22.8643, 25.3036, 8.50218, 0.0024629, -0.00346603, 0.00150037, 
125, 176383, 37.6625, 1.31757, 35.6939, -0.00148781, 0.000206108, -0.00167314, 
126, 46062, 27.982, -7.2829, 0.359231, -0.00195185, 0.00157306, 0.00119098, 
127, 56478.2, 34.0135, 27.3915, 28.2685, -0.00126153, -0.0013749, -0.000654811, 
128, 73371.6, 5.3589, 5.40752, -33.7038, -0.000359605, -0.000644385, 0.00239068, 
129, 64320, -29.5794, 22.0311, 22.2024, -0.00190761, -0.000847872, -4.99869e-05, 
130, 34299.5, -28.4907, -15.3421, -25.1171, 0.000659098, -0.000190021, 0.00165655, 
131, 95466.1, -12.6374, -20.9733, -12.5493, 0.00162412, 0.0033481, 0.00201041, 
132, 38698.9, -30.7181, -32.8355, 5.57627, 0.00224546, 0.00145493, -0.000259872, 
133, 99701.7, -24.7278, 25.0587, 8.30961, 0.0010028, 0.00314924, 0.00123355, 
134, 390402, -4.58281, -8.85923, -2.22225, 0.000886553, 0.00235406, 0.000719315, 
135, 51660.2, 8.15143, 8.94879, 26.6375, 0.00108204, -0.000916406, -0.000947211, 
136, 67734.6, 20.1716, 30.817, -20.9716, -0.00222077, -0.00280426, 0.00144052, 
137, 2782.49, 3.91518, -2.7405, -23.4503, -0.000224243, 0.000563004, 0.00116366, 
138, 74344.9, 17.2487, 17.0216, 10.5835, -0.000652638, -0.00252324, -0.000712698, 
139, 97141.8, 14.8113, -12.538, -2.50554, -0.00222701, 0.00185543, 0.000675625, 
140, 210366, -10.871, 17.3841, -4.95424, -0.000357144, -0.00175663, 0.00152969, 
141, 40577, -2.46538, 19.3343, -2.99788, -0.00147616, -0.00191349, 0.000624191, 
142, 42182, 31.6655, 1.13904, 21.3257, -0.00254409, -0.00036739, -0.000706523, 
143, 43465.5, -12.9196, 27.2309, 11.2719, 0.00131413, 9.89264e-05, -0.0019663, 
144, 15541.7, -18.5722, 28.8191, 16.2802, 0.000205441, -0.000847952, -0.00315073, 
145, 77758.8, -2.50918, -5.51477, 3.63873, -0.00370891, 0.000888792, 0.000742782, 
146, 59817.6, 0.658914, -12.6224, -10.1422, -0.00111878, 0.00114656, 0.00214816, 
147, 25797.1, -5.84322, -33.1893, -26.5382, -9.11539e-06, 0.00233254, 0.000966494, 
148, 56695.6, 4.45305, -12.9677, 3.67904, -0.0012612, 0.0022924, 7.73995e-05, 
149, 5675.67, -18.6342, 25.6071, 21.3485, 2.08818e-05, 0.000453463, -0.00352216, 
150, 10058.9, 3.38189, -20.4486, 11.6375, -0.000829322, 0.00247812, -0.0017471, 
151, 109307, 24.3274, -22.2814, 26.5697, -0.00163786, 0.00197294, -0.00126671, 
152, 64680.1, 9.4592, 8.27813, 25.7822, -0.00134654, -0.000248688, -0.00167234, 
153, 355851, 14.4994, -30.5289, -27.7067, -0.00097086, 0.00159372, 0.0013774, 
154, 112081, 17.0581, -13.1163, -26.4196, -0.00152248, -0.000320924, 0.000833623, 
155, 136525, 41.2821, -35.5067, -38.8356, -0.00122838, 0.00082357, 0.000947118, 
156, 24618.5, -30.1063, -17.9116, -19.2423, 0.00434011, -0.000703997, -0.00179832, 
157, 30278.3, -6.46935, -1.63636, 1.2839, 0.00150515, -0.00112104, 0.00134779, 
158, 74807.4, -41.0493, 29.0451, -36.4213, 0.000181979, -0.0010447, 0.000721409, 
159, 13757.2, -33.63, -19.9186, 31.5974, 0.000458442, 0.00240856, -0.00118982, 
160, 30157.7, 2.88323, -8.7213, -5.2098, -0.00192498, 0.000108926, 0.0026119, 
161, 499913, -29.031, -19.2287, -20.5628, 0.00127901, 0.000179759, 0.000978977, 
162, 243908, 2.55183, -38.4192, -38.3349, -8.28805e-05, 0.00153276, 0.00172648, 
163, 156234, -19.8198, -15.0619, 20.1654, 0.000309765, 0.00126542, -0.00288036, 
164, 180799, 21.2382, 35.0186, -14.7994, -0.000952425, -2.08878e-05, 0.000799815, 
165, 449860, -18.5038, 15.5922, 8.40937, 0.00132325, -0.000576466, 0.00146623, 
166, 12627.8, 7.4982, 35.9921, 39.0244, -2.31221e-06, 2.40573e-05, -8.13256e-05, 
167, 72413.6, 34.1558, -31.9532, -10.5602, -0.0019969, 0.00120842, 8.60702e-05, 
168, 123248, -9.68696, 31.4272, 12.2804, 0.000679484, -0.00142842, -0.00139877, 
169, 19058.1, 32.2239, -28.556, -9.35057, -0.00129489, 0.000951293, -0.000384284, 
170, 37240.7, 8.09084, -13.3729, 28.8891, -0.000536881, 0.000923111, -0.00209376, 
171, 10520.8, 23.9511, -18.2891, -12.6459, -0.00214511, 0.00121464, 0.000524972, 
172, 66867.4, -21.6202, -12.2611, 19.4123, 0.00127649, 0.000171274, -0.00120121, 
173, 286204, -21.8006, 23.0354, 16.2841, 0.000767375, -0.00699416, -0.00486021, 
174, 7121.25, -18.9534, -7.58238, 18.8131, -0.000737407, -0.000141779, -0.00129732, 
175, 44439.5, 0.207851, 4.62468, -0.00466836, -0.0014239, -0.0011714, 0.000806822, 
176, 95063.2, -16.0531, 18.099, 12.0966, -0.00378656, 1.82339e-05, 6.6423e-05, 
177, 172893, -11.8535, 27.7914, -15.1315, -0.000109101, -0.00179559, 0.00128101, 
178, 46650.2, 32.7729, -28.0277, 24.3112, -0.00229439, 0.00202548, 0.000118189, 
179, 38532.6, -33.2992, 31.9675, -33.0449, -2.86965e-05, -0.000757105, -0.00188023, 
180, 32991.6, -22.0268, -20.5497, 17.7779, 0.00217705, 0.00183158, -8.54478e-06, 
181, 177479, -29.8622, 32.063, -35.2118, 0.00237931, -0.000135323, 0.00121991, 
182, 87.2575, 20.6839, 33.4934, -8.29577, -0.00111077, -0.000332328, 0.0030286, 
183, 128620, 4.18581, -0.893258, -25.2237, -0.000271045, -0.000419584, 0.00190589, 
184, 162169, 29.652, -3.78266, 5.97355, -0.00342797, -0.000395072, 0.00157215, 
185, 20340.7, -7.40864, -14.6899, -5.22462, -0.00285824, -0.00113273, -0.000208497, 
186, 53688.5, -0.0734318, 18.9503, -35.5483, -0.000269403, -0.000760065, 0.00191513, 
187, 29804.3, -15.9082, -15.8984, 9.39683, 0.00124248, 0.00147876, 3.75358e-05, 
188, 354857, 21.0207, -5.98957, -29.9023, -0.00150325, -0.000247066, 0.00184281, 
189, 50155.5, 18.8599, 37.0294, -36.0278, -0.00107139, -0.0011372, 0.00155437, 
190, 7112.4, -23.017, 19.355, 18.5761, -0.000586658, -0.00100479, 0.000110097, 
191, 126540, -27.4608, -18.0532, -21.06, 0.00315305, 0.00212736, 0.00489139, 
192, 354318, -33.3294, 33.4927, -27.9408, 0.00180261, -0.00115326, 0.00133227, 
193, 107194, 8.11849, 36.553, 39.945, -0.000586366, -0.00143175, -0.00170508, 
194, 224461, 29.6522, -25.8299, 26.1293, -0.000597016, 0.00112681, -0.00126239, 
195, 635832, -22.4589, 23.6368, 16.087, 0.00277828, -0.000246269, -0.000734068, 
196, 66151.1, 4.33737, -27.6028, -19.0595, -0.000498764, 0.00205824, 0.000558855, 
197, 47866.1, -15.1723, -25.6335, -13.906, -0.000371496, 0.00137278, 0.000185194, 
198, 66662.6, 19.0986, 19.3518, 1.75849, -0.00151002, -0.0013351, 0.000475672, 
199, 70426.5, -22.1694, 24.1013, 6.17398, 0.00102098, -0.002691, 0.00273394, 
