ID, Mass [kg], pos_0 [m], pos_1 [m], pos_2 [m], vel_0 [m/s], vel_1 [m/s], vel_2 [m/s], 
0, 5682.38, -31.1197, -11.034, -6.4445, -0.0024517, -0.0033721, -0.00156795, 
1, 51291.5, -31.1659, -21.6497, 29.9862, -0.00432932, -0.00386657, 0.00518507, 
2, 73779.3, -6.65712, -4.18706, 0.979919, -0.00127563, -2.33045e-05, 0.00145458, 
3, 9731.99, -5.89737, 24.9336, 22.561, -0.000673013, 0.00351186, 0.000825955, 
4, 104587, -1.19205, 5.2625, -1.20241, -0.00189194, 0.00624317, -0.000452763, 
5, 42215, -0.303267, 4.02733, 1.12599, 0.00201414, -0.00298273, 0.0055201, 
6, 57220.4, 25.4081, 17.7655, -27.8699, 0.0032251, 0.00435759, -0.00311682, 
7, 44855.5, -1.82674, 4.48054, 2.61932, 0.00540645, -0.00554991, -0.00338379, 
8, 276797, 1.69855, 8.34261, -4.46398, 0.00214052, -4.25426e-05, -0.00131632, 
9, 2643.18, 1.70093, 1.57336, -3.99502, -0.00388541, 0.00298447, -0.00202476, 
10, 33961.7, 8.82589, -15.9379, -7.15423, -0.000651121, -0.000110852, 0.00115251, 
11, 8691.35, -8.72636, 48.1027, -39.5215, -0.000410265, 0.00616394, -0.00600645, 
12, 141682, 1.09102, 2.32099, -0.486971, -0.00769089, 0.00464415, -0.000862421, 
13, 288611, -16.2055, -12.4212, -1.27408, 0.000231956, -0.00141173, 0.00146409, 
14, 512847, -1.48879, 0.0411754, 2.28223, 0.00210992, 0.00234975, 0.000569405, 
15, 15651.7, 1.62059, 10.9014, -4.00239, 0.00259064, 0.00431027, -0.00251262, 
16, 182451, 18.9279, -15.8335, 41.189, 0.00360954, -0.00173675, 0.00458743, 
17, 62197.8, -16.0475, -10.3311, 3.21948, -0.000824712, 0.00112836, -0.00112876, 
18, 185440, -16.8195, -15.8943, 4.26521, 0.000916065, -0.00189358, 2.27349e-05, 
19, 36701.4, 25.8215, 39.3233, -36.8731, 0.00401195, 0.00561068, -0.0054176, 
20, 106936, -53.2897, -30.9921, 15.4671, -0.00774086, -0.0046081, 0.0022141, 
21, 161838, -0.123936, 2.17158, 0.612192, 0.00335972, 0.00623549, -0.00295507, 
22, 144875, -0.570827, 3.92725, -0.187839, 0.00266907, 0.00856741, 0.00399205, 
23, 100936, 3.93942, 21.9421, 10.7818, -0.000573072, 0.000723934, -0.0011502, 
24, 95186.1, 34.9158, 31.6904, 30.0785, 0.0051808, 0.00366906, 0.00365483, 
25, 151808, 25.6552, -21.5518, 42.6505, 0.00450194, -0.00258955, 0.00596638, 
26, 118354, 1.86198, -3.19705, 1.56909, 0.000656056, -0.000141649, 0.00715286, 
27, 149234, -0.687521, -6.26374, -2.55009, -0.00245522, 0.000271836, 0.000993742, 
28, 9985.68, 10.2383, 5.05398, -1.17314, 0.00202169, 0.00296351, -0.000847997, 
29, 180895, -1.80082, -4.98162, 2.82339, -0.00595639, -0.00387799, -0.0041526, 
30, 486.041, 9.49097, 7.2052, -1.3321, -0.00105983, -0.00375433, 0.00358267, 
31, 70262.9, 1.47193, 9.81527, -0.818073, -0.000655117, 0.00284412, -0.00160689, 
32, 45902.1, -5.12829, 8.74745, -2.54083, -0.00212894, 0.00485189, -0.00081727, 
33, 24444.7, -5.9965, 4.81727, 3.80774, -0.00300919, 0.00552978, -0.00186781, 
34, 65679.9, 1.36891, -8.7372, -0.499514, -0.000804627, -0.00552727, 0.00161792, 
35, 3309.29, -15.3007, -23.3181, -6.98444, 0.000860721, -0.004228, -0.000496919, 
36, 8280.38, -37.0552, 36.9389, -15.1601, -0.00460719, 0.00509031, -0.00312766, 
37, 94538.9, 3.19244, -1.71118, -6.00215, 0.00106095, -0.00217232, 0.000650404, 
38, 30213.7, 50.1683, -13.4407, -11.4846, 0.00836996, -0.000981286, -6.81942e-05, 
39, 53471.9, -6.98833, 4.79412, -9.95807, 0.0021199, 0.00284541, 0.00271743, 
40, 43100.3, -17.3095, 22.3956, -21.8735, -0.001181, 0.00205215, -0.00259486, 
41, 44746.6, 13.2613, 31.4305, 8.09392, 0.00143009, 0.00330936, -0.00107197, 
42, 34053.9, 1.35986, 19.039, 34.807, -0.00038278, 0.00295296, 0.00413843, 
43, 54380.2, -0.846468, 3.17316, 1.06444, 0.00591011, -0.00907278, -0.00338169, 
44, 38723.2, 20.3923, -5.49961, -26.8432, 0.00169125, -0.000121572, -0.0033896, 
45, 2321.23, -15.2611, -11.2238, 0.491475, 0.00172303, -0.00311019, 4.06417e-05, 
46, 241169, 11.715, 0.765519, 0.771951, -0.00227847, -0.00222188, 0.00137959, 
47, 344827, -0.548778, 2.91072, 1.51879, 0.00593857, -0.00654666, -0.00344434, 
48, 39271.1, 1.64293, -4.05115, 1.44502, -0.00740615, 0.000676711, -0.00183968, 
49, 19687.8, -43.1539, 38.3044, -16.3879, -0.00647776, 0.00608273, -0.00348066, 
50, 61216.8, 9.15567, -8.29514, 5.38409, -0.00157869, 0.00222144, 0.00216701, 
51, 19182.2, -32.5129, 44.9887, -27.9348, -0.00445743, 0.00689006, -0.00483203, 
52, 12420.5, -3.76298, -0.237906, 2.25547, 0.0011237, 0.0022405, 0.00910373, 
53, 85447.4, -54.1875, -5.17169, -23.9809, -0.00763232, -0.00078236, -0.00312478, 
54, 361436, -0.591471, -0.697834, -0.0199311, 0.000155895, -0.00109377, -0.00607111, 
55, 158926, 16.9535, 8.64814, -26.303, 0.00230201, 0.000982555, -0.0019574, 
56, 49282.6, -21.7876, 36.0822, -37.0969, -0.00188485, 0.00503183, -0.0061426, 
57, 218355, 0.399076, 0.204411, 3.9598, -0.00429446, -0.000211922, 0.0020573, 
58, 22371.5, 50.7543, -15.1778, -10.7118, 0.00866222, -0.00174405, -0.000923328, 
59, 55919.9, -15.2406, 26.7361, -34.2912, -0.000452918, 0.00230106, -0.00402129, 
60, 21598.8, 3.27636, -4.73273, -5.53048, -0.00134321, -0.000440464, -0.000224617, 
61, 398.952, -3.08075, 9.61671, -1.61719, -0.000900294, 0.00316533, -0.00192382, 
62, 1108.92, 3.22749, -5.98457, 38.9134, 0.000801564, -0.000433502, 0.00397704, 
63, 108555, -0.346576, -5.78984, 2.11553, 0.00740678, -0.000126216, 0.00343593, 
64, 244863, 11.5885, -4.94021, 23.5379, 0.000418314, -0.000217046, 0.000641041, 
65, 220694, -20.8287, 34.7564, -29.8016, -0.00175799, 0.00472882, -0.0042669, 
66, 61700, -5.08559, 48.0467, 22.6234, 4.26068e-05, 0.00634174, 0.00273665, 
67, 55388.9, -29.6195, 9.00283, 22.9052, -0.00442777, 0.00116377, 0.00345949, 
68, 211156, -1.74979, 1.09064, 3.93538, 0.00513864, 0.00191241, 0.00262431, 
69, 12720.6, -1.46329, -10.258, 2.21427, 0.000684757, 0.00438231, -0.00176184, 
70, 25096, 5.09016, 7.78218, 4.56781, -0.000212326, 0.0064194, 0.0040573, 
71, 179870, 5.76905, 6.50489, 0.210828, -0.00226977, -0.00521551, 0.00357438, 
72, 79123.8, -46.5122, -13.0407, -2.5844, -0.0048107, -0.00139346, -0.000543076, 
73, 110870, 3.47497, 5.56362, -3.51753, -0.00066107, 0.00312565, 0.00182877, 
74, 43359.1, 19.5143, 27.0127, 19.5315, 0.00139884, 0.00468021, 0.000800322, 
75, 140124, 0.131303, 6.92382, -1.08868, -0.00137277, -0.00336709, -0.00243329, 
76, 229268, -14.5098, 22.9415, -26.3185, -0.00092729, 0.0018651, -0.00223887, 
77, 302149, 3.66209, -3.54789, -2.84504, 0.00162303, -0.00263636, 0.000678439, 
78, 100708, -15.1087, -12.6513, -0.205282, 0.00305586, -0.00120242, 0.00102722, 
79, 46633.4, -5.7351, -2.56597, 3.31281, -0.000361523, -0.00034988, 0.00535238, 
80, 143926, 6.68589, 0.761432, -1.19735, 0.00276525, 0.00607194, -0.00184251, 
81, 270.261, -40.5645, 7.20788, 17.8504, -0.00416582, 0.00058151, 0.00159158, 
82, 159650, -4.53782, 4.7569, 1.7515, 0.00265001, -0.000106155, 0.00367144, 
83, 24756, 2.36632, -6.98007, 0.100518, -0.00549958, 0.000221636, 0.000848125, 
84, 18375.3, -1.68952, -3.03082, 3.21324, -0.00714527, 0.00524485, -1.68012e-05, 
85, 491877, 41.9519, -14.3086, -16.1027, 0.00602414, -0.00141764, -0.00174603, 
86, 194807, -1.89942, 1.30762, 0.923733, 0.0009924, -0.00157204, 0.00512643, 
87, 8649.23, 14.5983, 10.4922, 5.48979, -0.00106383, 0.00216006, -0.00110564, 
88, 138901, -4.68, -8.35552, 10.7196, -0.00222357, 0.000756261, -0.00247879, 
89, 50202.9, 7.96815, -6.42472, 0.929913, -0.00230543, 0.000626539, -0.00282943, 
90, 98321.9, 4.09109, 10.2721, -7.78199, 0.00120625, 0.00362587, -0.00348604, 
91, 384069, 0.023484, 1.76327, 5.45908, -0.000926259, -0.00259886, 0.00384772, 
92, 81279.9, -10.7188, -12.1473, -1.95494, -0.000717228, 0.00166121, -0.00131027, 
93, 91375.2, 0.225566, 2.7653, 1.09326, 0.00324828, -0.000384036, -0.000641819, 
94, 5476.7, -12.1207, -19.2268, 8.34948, -0.000226207, -0.00168635, 0.000742381, 
95, 33452.5, -1.30551, -5.72077, 0.151635, -0.0054421, -0.00521594, -0.000873216, 
96, 25752.1, -36.57, -11.3667, -10.6027, -0.00634829, -0.00247791, -0.00216496, 
97, 200797, -1.4127, -1.40058, 3.47132, 0.000198147, -0.0031341, -0.00376274, 
98, 298981, 4.08878, 2.61969, -2.83291, -0.00139881, -0.00225541, 0.00103829, 
99, 93146, -8.24852, 5.73224, -0.919317, -0.000289069, 0.00289712, -0.000458272, 
100, 8612.85, -16.6843, 12.0491, -17.6215, -5.81085e-05, 0.000569332, -0.000754374, 
101, 24343.5, -2.05836, 6.69189, 1.11314, 0.00214241, -0.00809094, -0.00300965, 
102, 10296.7, -6.55122, 15.8676, -8.49717, 0.000630088, -0.00164064, 0.00193878, 
103, 15719.8, -8.94075, -1.65865, 19.2515, 0.000683861, 0.00176299, -0.00116683, 
104, 230040, 2.95767, -4.76141, 6.21105, 0.00113558, 0.00118279, 0.00277631, 
105, 17846.1, 9.38277, 2.26923, -1.8272, 0.00338773, 0.00596524, -0.00246139, 
106, 22216.6, -9.23975, -5.20802, 1.43434, -0.00485494, -0.00112949, 0.00177341, 
107, 98486.7, 1.07763, 16.2132, 15.6326, 0.000680279, 0.00116169, -0.00186104, 
108, 214214, -43.9769, -0.0361659, -35.1418, -0.00663587, 7.9831e-05, -0.00546495, 
109, 131614, 1.19615, 2.49151, 3.80658, -0.00070252, -0.000732759, -0.00530902, 
110, 160023, -1.68661, 1.31963, 3.59415, 0.00585067, 0.00681633, 0.000560513, 
111, 115735, -2.05266, 6.45197, -0.703044, 0.0020516, -0.00257335, 0.00324081, 
112, 378585, 24.5554, 7.7758, -34.7771, 0.00299673, 0.00195963, -0.00433303, 
113, 83295.8, -27.1416, 7.43175, -3.1012, -0.00101663, 0.00133144, 0.000573778, 
114, 148827, 11.8332, 3.68318, 2.12085, 0.00364801, -0.000827379, 0.000694314, 
115, 285284, -2.84471, -27.0884, 42.6545, -5.60002e-05, -0.00420765, 0.0058253, 
116, 515864, -0.229964, 2.08661, 2.40244, 0.000288095, -0.00345881, -0.00372728, 
117, 88363.5, 5.64779, -11.4163, 19.6395, -0.000863577, -0.00172013, 0.000133705, 
118, 155064, 19.591, 12.4132, 2.24401, 0.00177986, 0.00266936, -0.00255816, 
119, 18098.3, -5.62123, 5.23218, -0.269053, -0.000462135, 0.00398365, 0.0020317, 
120, 34391.6, 44.5403, -20.5107, -9.81784, 0.00650067, -0.00206778, -0.000132755, 
121, 78154, 3.6007, 10.7295, -1.6115, -0.0015448, 0.00279079, -0.00228063, 
122, 10497, 0.115851, -1.1461, 1.82901, 0.00558097, 0.00194368, -0.00211326, 
123, 59058.1, -3.60271, 19.4103, 6.24058, 0.000925782, -0.000872748, 0.00110158, 
124, 5646.35, -7.01478, -0.423951, -2.11277, 0.000111902, 0.00505349, 0.000628589, 
125, 103346, -4.24995, 2.03541, -0.296385, -0.000222812, 0.00153026, 0.00399288, 
126, 64702.5, -52.4815, 0.35734, 17.3109, -0.00736237, 6.95801e-05, 0.00315705, 
127, 199056, -0.29051, -0.875337, 5.42092, 0.00259089, 0.000886259, -0.00304204, 
128, 192649, 0.266904, 5.50244, -2.28029, 0.00276788, 0.00273861, 0.00250394, 
129, 1707.71, -0.806984, 0.0916949, 9.15011, 4.81716e-05, -0.00530654, 0.00169416, 
130, 19869.9, -1.04738, 2.71657, 2.11949, 0.00676207, -0.00216895, -0.00319429, 
131, 143979, -1.35477, 0.845082, 3.19799, -0.00717263, -0.0012254, 0.00717104, 
132, 37850.6, -60.8308, 30.1593, -16.5308, -0.009738, 0.00439698, -0.00230692, 
133, 50031.5, 0.223252, 0.51466, 1.39624, -0.00287163, -0.00128229, -0.000652601, 
134, 369068, -20.6962, 2.16614, -8.89672, 0.00104245, 0.000322455, 0.000110685, 
135, 3806.98, -1.47112, -16.9721, -0.198945, -0.000902295, 0.000949535, -0.000642662, 
136, 64591.7, 7.7233, -9.5012, -1.03935, -0.00171847, 0.000227153, 0.00420472, 
137, 1688.15, -5.22202, -18.6514, 8.3966, 0.00223464, -0.00245448, 0.00128813, 
138, 439943, 1.11815, 7.51771, 1.32956, -0.00361842, 0.00192405, -0.00334273, 
139, 72054.1, -4.05828, 0.274302, 5.29552, 0.000650057, -0.00706398, 0.000276698, 
140, 10511.3, -4.05056, -17.9928, 25.3789, -0.00031531, -0.0021818, 0.00156987, 
141, 28560.6, 3.6886, -5.39225, -0.274424, -0.00303942, -0.00642417, 0.000389617, 
142, 92270.6, 5.13719, -2.82713, 1.92003, 0.000776304, -0.00594811, 0.000475586, 
143, 57507.6, -42.2238, 13.4611, 25.921, -0.00563359, 0.00190047, 0.00349039, 
144, 106955, -5.46961, -3.54433, 16.6349, 0.00196293, 0.000532566, -0.00171584, 
145, 53021.1, -0.197909, -3.99016, -0.091942, 0.00245643, -4.45389e-05, 0.00365074, 
146, 127593, -7.1764, 2.19698, 0.0660055, -0.00395964, -0.00400969, 0.00276672, 
147, 31386.3, 0.872923, 0.4148, 4.16891, 0.000602451, -0.00387647, 0.000713971, 
148, 89613.6, -3.83904, 12.3629, -17.7042, 0.00210504, -0.00187793, -0.00166765, 
149, 251415, 13.5058, -2.43354, 19.8321, 0.000300172, -4.77746e-05, -0.00102484, 
150, 55890.6, 1.6182, -12.9351, 0.880825, 0.00488653, -0.000458929, 0.000506616, 
151, 174949, 0.566906, 6.81398, 3.5254, -0.00379868, 0.00325661, 0.00226937, 
152, 66072.8, 9.5464, -7.87045, 12.1497, -0.00152947, 0.00180366, 0.000214963, 
153, 19075.8, -3.29291, -5.37307, 13.0124, -0.00183078, -0.00132946, 0.00453624, 
154, 47261.5, 8.02753, 4.95159, 2.34569, 0.00366091, 0.00426483, -0.00277379, 
155, 102102, -4.79782, 0.960095, 1.48792, 0.00201517, -0.00062838, 0.00179258, 
156, 5375.03, -6.58644, -0.0459404, 2.3363, -0.0040684, -0.00247599, 0.00531225, 
157, 3761.7, 2.74046, -3.38324, 1.49303, -0.00612008, 0.000604811, 0.00656297, 
158, 7652.65, 2.76737, 3.26435, 8.98375, -0.000482374, -0.00346909, -0.0043313, 
159, 47070.1, -3.95109, -0.940622, 2.87931, 0.00177095, -0.00236073, -0.00444664, 
160, 17972.9, 1.87328, 1.32922, 2.41724, -0.00675066, 0.000490896, -0.00266252, 
161, 218629, -1.74563, -3.73442, 3.66539, 0.0011468, 0.00764929, -0.00432324, 
162, 138887, 1.01966, -2.99496, 4.2994, -0.00151303, 0.000555614, 0.00465793, 
163, 33277.3, 11.867, -11.9415, 1.87837, -0.000706093, -0.00123393, 0.00343101, 
164, 167891, 2.12209, 1.63023, 5.70892, -0.00367302, -0.0019639, 0.00293497, 
165, 62570.5, -3.04788, -49.7814, -12.0013, 0.000216987, -0.00700752, -0.0017785, 
166, 38130.4, 10.2256, 43.842, 24.0008, 0.00211207, 0.00538842, 0.00273978, 
167, 22403.8, 7.36055, -18.9973, 37.3776, 0.00141508, -0.00281009, 0.0037803, 
168, 1479.59, 24.5309, 14.6025, -36.8189, 0.00381273, 0.00259665, -0.00488012, 
169, 20399.9, 1.56468, -30.6635, 39.5323, 0.000132841, -0.00523727, 0.00477018, 
170, 115854, 0.247803, 0.308833, 1.34209, 0.00452734, 0.00376999, -0.00525926, 
171, 27762.9, -0.608975, 5.43625, 1.78101, 0.00385972, 0.0024549, 0.00125337, 
172, 250928, 6.31537, 3.08908, -7.81555, -0.000521733, -0.000592358, -0.000571283, 
173, 74469.2, -38.4785, 23.9659, -11.1335, -0.00501952, 0.00482158, -0.00169365, 
174, 143481, -48.4664, 33.5917, -22.3022, -0.00707931, 0.00513095, -0.0037298, 
175, 27145.1, -2.83728, 0.451934, 3.46465, 0.00562736, 0.00106643, 0.00565492, 
176, 32620.6, 9.40446, 2.40172, 6.72723, -0.00146383, -0.00269121, -0.00293009, 
177, 52575.7, 0.179692, -30.034, 52.3533, -4.42778e-05, -0.00479711, 0.00837844, 
178, 19746.4, -0.0481061, 2.69134, 1.22812, 0.00310963, 0.00911975, -0.00125527, 
179, 33623.1, -20.6731, 5.03499, -3.23398, 0.000370816, 0.00097289, 0.00188708, 
180, 50349.8, -43.0045, -28.2999, -22.5007, -0.00584894, -0.00390976, -0.00297396, 
181, 89376.8, -6.08459, 4.64288, 0.578839, 0.00777816, 0.000339684, 0.00363868, 
182, 42160.2, 1.64532, -0.676161, 48.8508, 1.16952e-05, -5.76914e-05, 0.00708371, 
183, 100544, -23.8819, -14.9235, -0.117419, -0.00096887, -0.00166575, 0.00123901, 
184, 1446.88, 2.4529, 4.40152, -4.98964, -0.00244632, 0.00152123, -0.00154725, 
185, 119694, 1.10279, -5.94849, 4.36314, -0.00355693, -0.00410471, 0.00275438, 
186, 120999, 6.72992, -3.29292, 5.02125, 0.00414477, 0.000586251, 3.51076e-05, 
187, 52698.3, -8.44697, -2.71725, 0.572625, -0.00405675, 0.000129541, 0.00208208, 
188, 105467, 7.68299, -3.88021, 2.64165, -0.00342114, 0.00222616, 0.003624, 
189, 99748.4, -5.76187, -32.2901, 17.71, -0.000990261, -0.00363636, 0.00176059, 
190, 77133, -0.728158, 0.519706, 6.11442, 0.00398673, 0.00038698, 0.00119172, 
191, 178804, 2.5487, -7.05248, 2.00114, 0.0025851, 0.000142572, 0.00331295, 
192, 8685.6, -1.11401, 1.91555, -3.90394, -0.00262103, -0.00112031, -0.00383314, 
193, 256954, 13.4726, 8.42698, 23.5758, 0.00301412, -0.00115716, 0.00271144, 
194, 53540.6, 8.38158, -0.87717, 6.36754, -0.00306063, 0.00282638, -0.000475118, 
195, 220652, -3.50218, 2.33911, 4.68535, -0.00108207, -0.00330722, -0.00504162, 
196, 10258.1, -2.3525, 6.38938, -0.798271, -0.00781999, 0.00150107, -0.00145679, 
197, 6083.3, -18.6516, -10.9117, 19.5843, -0.00201808, 9.77252e-05, 0.000652585, 
198, 127562, 9.26466, 13.4716, -3.69658, -0.000631855, -0.00202566, 0.00112878, 
199, 34766.2, -6.25645, 0.0541336, -5.73138, 0.00542835, 0.000733221, 0.00215251, 
