ID, Mass [kg], pos_0 [m], pos_1 [m], pos_2 [m], vel_0 [m/s], vel_1 [m/s], vel_2 [m/s], 
0, 5682.38, 0.0804551, -3.96219, -0.594173, 0.00707623, 5.56944e-05, -0.00357774, 
1, 51291.5, 8.03571, 13.7521, -9.1573, -0.00313783, -0.00313578, 0.00266629, 
2, 73779.3, -2.5803, -2.5484, 1.94701, 0.000721647, 0.00345943, -0.00688281, 
3, 9731.99, -2.97644, -1.39985, -6.89031, 0.00577347, -0.00663383, 0.00522354, 
4, 104587, -0.532184, 1.90191, 0.739091, -0.00453109, -0.00539561, 0.00174603, 
5, 42215, -4.20866, 1.18983, -3.56869, 0.0041628, 0.00417037, 0.00533689, 
6, 57220.4, -8.44808, 7.59384, 4.85253, 0.00721777, -0.00905173, -0.000756927, 
7, 44855.5, -0.151861, 1.1323, -2.06232, -0.000608534, -0.00142799, 0.00520052, 
8, 276797, -5.29328, 6.93579, -4.46138, 0.00285203, -0.00167611, 0.00759013, 
9, 2643.18, -3.24637, 0.481665, -2.11207, 0.000182706, 0.000364366, 0.00578586, 
10, 33961.7, -9.51922, 4.35135, 5.13418, 0.000646343, -0.00326672, -0.00250342, 
11, 8691.35, 2.31065, -8.69129, 3.60194, -0.0060051, 0.00593878, -0.000214204, 
12, 141682, -3.68406, -0.757443, 1.85543, -0.00397851, -0.00123384, 0.00138152, 
13, 288611, -2.47473, -1.82467, 0.604881, 0.0101252, 0.00193686, 0.00306153, 
14, 512847, -7.44262, 5.66748, 5.16, 0.00449744, -0.00643421, -0.00783317, 
15, 15651.7, -0.467995, -0.0304548, 2.32809, 0.00134674, 0.00179515, 0.00293023, 
16, 182451, -1.22096, 7.51802, -9.13255, -0.00269734, -0.00438542, 0.00546131, 
17, 62197.8, -3.82816, 8.51946, -2.3888, 0.00421839, 0.00170937, 0.00284933, 
18, 185440, -0.465402, -2.46319, 5.07354, 0.00491217, 0.00570917, 0.00251544, 
19, 36701.4, -10.2699, -6.3705, 9.21644, 0.00418666, 0.00366308, -0.00432041, 
20, 106936, 7.67453, 10.2156, -1.80186, -0.00478689, -0.00457497, 0.00119357, 
21, 161838, -2.28163, -3.7027, 3.96521, -0.00352864, 0.000655233, -0.00112029, 
22, 144875, -2.44349, -1.25268, 0.519687, -0.00968083, 0.00746656, -0.00863761, 
23, 100936, -6.59245, 1.12041, -5.05611, -6.22473e-05, -0.0078208, 0.00297627, 
24, 95186.1, -6.78213, -6.52475, -7.46399, 0.00186003, 0.00519942, 0.00641095, 
25, 151808, -3.11053, 10.6224, -9.35146, -0.00215658, -0.00458922, 0.00479401, 
26, 118354, -7.15945, 3.93051, -4.536, 0.00225992, -0.00281361, 0.00730765, 
27, 149234, -5.07631, -0.660101, -0.52949, 0.0034701, 0.0059327, 0.00613325, 
28, 9985.68, -2.74535, 0.179193, 1.41798, 0.0073375, -0.00495375, 0.000513415, 
29, 180895, -3.44788, -3.18636, 1.29526, -0.0100925, 0.00641356, -0.00853674, 
30, 486.041, 0.536071, -5.71233, 4.0114, -0.00828551, 0.00494259, -0.00172673, 
31, 70262.9, -2.69058, -4.64185, -2.37383, -0.00131901, 0.00826955, 0.00610218, 
32, 45902.1, -2.11852, 1.37162, -0.678615, -0.000354247, 0.00148052, 0.00691527, 
33, 24444.7, 0.647157, -1.09524, -1.18168, -0.00271004, 0.000438042, 0.00541508, 
34, 65679.9, -7.40552, 2.3787, 3.31797, 0.00784935, 0.00259948, -0.00471227, 
35, 3309.29, -2.93702, -1.64654, 1.57102, 0.0129444, 0.00201197, -0.000635242, 
36, 8280.38, 8.22363, -7.35307, -2.10542, -0.00517342, 0.00321641, 0.00238546, 
37, 94538.9, -0.233555, -0.0317305, 3.53331, 0.00194155, 0.00279877, -0.00452418, 
38, 30213.7, -7.64788, 3.46383, 5.04186, -0.00184916, 0.000562461, -0.00278583, 
39, 53471.9, -0.142492, 7.71286, 1.067, -0.00352008, -0.00788675, 0.00550151, 
40, 43100.3, 7.48282, -5.23351, 7.35959, -0.00834283, 0.000196913, -0.0037579, 
41, 44746.6, -5.92681, 0.852186, -6.4929, 0.0034506, -0.00869522, 0.00353102, 
42, 34053.9, -6.06283, 1.36378, -6.75635, 0.00212944, -0.00466197, -0.00377946, 
43, 54380.2, 0.477213, -0.987089, -0.691524, -0.00635741, 0.000703838, 0.00715795, 
44, 38723.2, -8.37295, 7.13029, 3.25347, 8.27333e-05, -0.0018244, -0.00336634, 
45, 2321.23, -3.05956, -1.02843, -0.61313, 0.00841838, 0.000599277, 0.0050309, 
46, 241169, 0.903709, 5.43872, -1.16287, -0.00343961, -0.0076862, 0.00232572, 
47, 344827, 0.167476, -0.16802, -1.86545, -0.00550172, 0.000876529, 0.00699785, 
48, 39271.1, -0.397163, -1.06694, 1.29487, -0.00587748, -0.00912708, -0.00464844, 
49, 19687.8, 10.3925, -9.58999, -1.0141, -0.00472557, 0.00323058, 0.00149734, 
50, 61216.8, -5.90327, -0.861617, 5.14645, -0.00382767, 0.00693315, -0.00109918, 
51, 19182.2, 6.39125, -5.24164, 8.07083, -0.00483581, -0.000645855, -0.000537951, 
52, 12420.5, -3.16171, -3.98881, 1.45341, -0.00353307, 0.00457051, -0.00212079, 
53, 85447.4, 7.97247, 4.51344, 8.91385, -0.00498113, -0.00178667, -0.00348941, 
54, 361436, -6.38451, 4.18767, 4.73025, 0.000148755, -0.00321626, -0.00190535, 
55, 158926, -5.72597, 3.78522, 7.76583, 0.00270337, -0.00393131, 0.000540156, 
56, 49282.6, 6.92092, -5.01294, 6.81029, -0.004094, -0.000680531, -0.00151537, 
57, 218355, 1.60376, 2.60145, 3.64504, -0.00401563, -0.00502816, -0.00519361, 
58, 22371.5, -10.1675, 6.90901, 8.03464, 0.00650822, -0.00386042, -0.00151084, 
59, 55919.9, 3.37137, -6.64057, 3.34923, -0.00395983, 0.00624027, -0.00193582, 
60, 21598.8, 0.428422, -4.04938, 1.50993, -0.0056384, 0.00908807, -0.00923304, 
61, 398.952, -1.07285, -0.835299, 3.29658, -0.00146521, 0.00415041, 0.00406773, 
62, 1108.92, -5.97964, 7.7894, -6.1751, 0.00430917, -0.00451826, 0.000775318, 
63, 108555, -0.560054, -2.89771, 2.29939, 0.0111752, 0.00413128, 0.00526588, 
64, 244863, -5.30928, 2.44524, -8.07549, 0.00161641, -0.00195236, 0.00659629, 
65, 220694, 7.36171, -5.17172, 7.29006, -0.00577974, 0.00268316, -0.00224998, 
66, 61700, 1.63482, -8.15937, -7.27505, -0.00278007, 0.00435508, 0.00463244, 
67, 55388.9, 12.9486, -6.33822, -11.3427, -0.00333133, 0.00171497, 0.00266792, 
68, 211156, 0.36302, -1.52845, 1.99626, 0.00153799, 0.00126532, -0.000213927, 
69, 12720.6, -6.57097, 0.124729, -5.45419, 0.00633806, 0.0074794, 0.00406455, 
70, 25096, -4.90822, 0.132634, 2.77411, 0.00649741, -0.000878414, -0.00677579, 
71, 179870, -2.17372, -4.86607, 4.08597, -0.00165193, -0.00218237, 0.00216479, 
72, 79123.8, 6.03419, 5.44097, -0.339096, -0.00673206, -0.00421243, 0.00124657, 
73, 110870, -5.54491, 4.09122, 4.35361, 0.00439014, -0.00445662, -0.00676116, 
74, 43359.1, -9.41711, -2.92094, -4.24402, 0.00514292, -0.00661267, 0.00856819, 
75, 140124, 0.672854, -3.65607, 0.530715, 0.00288513, 0.00493081, -0.00252596, 
76, 229268, 3.23651, -6.69801, 3.59165, -0.0065613, 0.00675562, 6.34456e-05, 
77, 302149, -7.31268, 0.510057, 6.57943, 0.00647406, 0.00194437, -0.00593235, 
78, 100708, 2.57447, -1.23104, 3.11333, 0.00594109, 0.00480269, -0.00194318, 
79, 46633.4, -1.26248, -1.17167, 3.2538, -0.000793721, 0.00597499, -0.000398585, 
80, 143926, 0.671204, -3.49788, 0.696591, 0.00417779, 0.00148011, -0.00704778, 
81, 270.261, 5.83387, -0.181101, -6.11878, -0.00523668, 0.000931156, 0.00573444, 
82, 159650, -3.87348, -0.127678, 0.870673, 0.0013743, 0.00634637, -0.00249547, 
83, 24756, 1.54898, 3.72647, 3.00352, -0.00413529, -0.00706436, -0.00751146, 
84, 18375.3, -5.29525, -5.55749, 1.46336, -0.00511837, 0.00597121, -0.0017679, 
85, 491877, -9.53682, 6.79194, 7.74941, 0.00247951, -0.00108096, -0.00343433, 
86, 194807, -7.9871, 3.52448, 3.446, 0.00193175, -0.00308074, -0.00463735, 
87, 8649.23, -10.692, 2.0958, -6.01294, -0.00204634, -0.00260942, 0.00110173, 
88, 138901, -6.80571, -2.08155, -0.718561, -0.00392446, 0.00719, -0.00548699, 
89, 50202.9, 0.445626, 2.80003, 3.40608, -0.0041995, -0.00589781, -0.000948951, 
90, 98321.9, -3.64397, -3.16501, 2.89134, -0.0020332, 0.00930174, -0.00882351, 
91, 384069, -3.97242, -0.72689, -0.363176, 0.000701869, 0.00894476, -0.0043386, 
92, 81279.9, -5.38911, 4.00336, -4.89178, 0.00538192, 0.00801704, 0.00291559, 
93, 91375.2, -0.0386775, 1.54213, -3.92654, -0.00562627, 0.00125222, 0.00450006, 
94, 5476.7, 1.03565, 1.4783, 1.85024, 0.00420684, 0.0102604, -6.91621e-05, 
95, 33452.5, -2.35614, -4.45288, -0.124936, -0.00347956, -0.00565876, -0.00472067, 
96, 25752.1, 14.1005, 12.5231, 11.8743, -0.00282273, -0.00295762, -0.00234087, 
97, 200797, 0.617585, 0.0746957, -3.31976, -0.0105542, 0.000712992, 0.00519169, 
98, 298981, -1.65886, -1.62957, 2.69024, -0.0026457, 0.00572379, -0.00945948, 
99, 93146, 0.104648, 4.14541, -0.0919201, -0.00425805, -0.00888388, 0.00224137, 
100, 8612.85, 5.96719, -5.58502, 5.68209, -0.00550969, 0.00521551, -0.001566, 
101, 24343.5, -6.17502, 0.953988, -2.22545, 0.00135522, -0.00556519, -0.0016065, 
102, 10296.7, -1.6851, -2.56064, 3.34942, -0.00994275, 0.00866492, -0.0111613, 
103, 15719.8, -4.98743, 7.98419, -4.55481, 0.0059125, -0.00188165, 0.000192124, 
104, 230040, -7.09515, 1.13747, -5.41456, 0.00619038, -0.00562078, 0.00767006, 
105, 17846.1, -0.544761, -3.1606, 1.86989, 0.00636597, -0.00271105, -0.00495662, 
106, 22216.6, -1.76158, -2.78635, 1.9592, 0.00147465, 0.00374997, -0.00680924, 
107, 98486.7, -6.358, 4.48543, -6.29992, 0.00676285, -0.0063814, 0.00220877, 
108, 214214, 8.95803, 6.43858, 9.56795, -0.00464474, -0.00147955, -0.00152713, 
109, 131614, -4.81018, 0.552307, -3.28964, 0.00543308, 0.00747125, 0.00462928, 
110, 160023, 0.354873, -1.10432, 2.41797, 0.00011877, 0.000561192, -0.00413121, 
111, 115735, -2.712, -1.48676, 2.35232, -0.00050127, 0.00125079, 0.00290845, 
112, 378585, -9.3179, 7.93578, 5.55543, 0.00517431, -0.00744263, 0.000667542, 
113, 83295.8, 1.68774, 5.01124, 5.67565, -0.00224202, -0.0049917, -0.00480998, 
114, 148827, 4.63423, 3.76656, -1.33246, -0.00718049, -0.00156092, 0.00223987, 
115, 285284, -6.42501, 6.50689, -8.81736, 0.00342441, 0.000222078, 0.00123824, 
116, 515864, -3.52706, -2.94282, 3.39207, 0.00318753, 0.00810709, -0.00181076, 
117, 88363.5, -6.56234, -4.03194, -6.08492, 0.00204274, 0.00654276, 0.00480784, 
118, 155064, -10.5203, 2.77396, -5.76002, -0.00428075, -0.00452263, 0.0042395, 
119, 18098.3, -4.65104, -1.68201, 1.01309, -0.00307924, 0.00592078, -0.00120549, 
120, 34391.6, -9.39452, 6.92693, 9.20576, 0.00333211, -0.00225701, -0.00179623, 
121, 78154, 0.50472, -4.29832, 1.3934, 0.00582199, 0.00673545, 0.00257608, 
122, 10497, -0.156822, 0.551378, -3.31087, -0.00711288, -0.000590083, 0.00374084, 
123, 59058.1, -3.62609, -2.33689, 2.6499, -0.00359062, -0.00875945, 0.00138773, 
124, 5646.35, -2.44697, -3.28283, -0.0346738, -0.00711434, 0.00381182, -0.00901961, 
125, 103346, -6.96728, 5.59892, 3.40461, 0.00391586, -0.00637281, -0.00385271, 
126, 64702.5, 11.3248, 5.12459, 2.26724, -0.0048513, -0.00145327, -0.00420143, 
127, 199056, 1.22287, -2.86345, 1.07676, 0.000588452, 0.00798294, -0.00127341, 
128, 192649, -2.22385, -0.446471, -1.79753, -0.00244212, -0.000251065, 0.00669014, 
129, 1707.71, 0.0533737, 1.65929, 2.9543, -0.00572063, -0.00713907, -0.00151605, 
130, 19869.9, -4.51693, 5.78766, 2.56666, 0.00500129, -0.00386388, -0.00656657, 
131, 143979, 0.195295, 6.03437, -0.77903, -0.000966723, -0.00262494, -8.25896e-05, 
132, 37850.6, 7.92885, -8.43136, 10.0467, -0.00282842, 0.00413203, -0.00443107, 
133, 50031.5, -8.63595, 3.57836, 5.27298, 0.0062093, -0.0085303, -0.00819009, 
134, 369068, 7.7816, 4.90492, 4.9519, -0.00535914, -0.00220251, -0.00278448, 
135, 3806.98, -5.16314, 4.22821, -5.23957, 0.00118214, 0.0079027, 0.00549393, 
136, 64591.7, -5.39364, -2.90688, 4.9059, -0.00466153, 0.00251699, 0.00210675, 
137, 1688.15, 0.859558, -1.61688, 2.97654, 0.00685027, 0.0107582, -0.00224501, 
138, 439943, -6.60707, -0.101461, -3.20068, 0.00517196, -0.00363686, 0.00574516, 
139, 72054.1, -0.703051, -1.11611, 3.34555, -0.00143223, 0.00582955, 0.00246094, 
140, 10511.3, -6.15465, 5.31321, -5.98273, 0.00263484, 0.000378145, -0.000766339, 
141, 28560.6, -6.47201, -0.903125, -3.72705, 0.00579203, 0.00782434, 0.00781296, 
142, 92270.6, -4.99457, -2.72299, -3.60274, 0.00192003, 0.00804873, 0.00679374, 
143, 57507.6, 8.88979, -0.837051, -9.06477, -0.00459291, 0.000551518, 0.00414088, 
144, 106955, 1.01834, 5.97425, -3.13566, -0.00171862, -0.00402127, -0.00263817, 
145, 53021.1, -3.45974, -1.62956, 1.77715, 0.00252954, 0.000812107, -0.0082188, 
146, 127593, -3.67299, 0.282038, 2.40611, 0.00449243, -0.00527587, -0.000957932, 
147, 31386.3, 0.776022, 0.0298194, 2.01362, -0.00146432, 0.00739801, -0.000461185, 
148, 89613.6, -1.94642, -2.50515, 2.81266, -0.00763793, 0.011972, 0.00728921, 
149, 251415, -6.3206, 4.64561, -8.16284, 0.0020437, -0.00195543, 0.00467941, 
150, 55890.6, -0.410948, -3.8544, 1.36906, 0.00938883, 0.00738754, -0.00106102, 
151, 174949, -6.47954, 1.35372, -5.44378, 0.00132898, -0.00124489, 0.00729478, 
152, 66072.8, -7.35307, 6.73327, 1.69545, 0.00187661, -0.00118988, -0.00572484, 
153, 19075.8, -2.12378, -7.04995, -2.01407, -0.000923022, 0.00743339, 0.00517973, 
154, 47261.5, -1.79822, -3.50568, 3.70632, 0.00236781, -0.000188964, 0.0052597, 
155, 102102, -0.353544, -0.566128, 2.24434, -0.00336162, 0.00517722, -0.00306715, 
156, 5375.03, -0.935517, -0.365971, 2.00057, 0.00729891, 0.00797334, -0.00667161, 
157, 3761.7, -4.85881, -2.95914, 5.60096, -0.00326937, 0.000991666, 0.00144223, 
158, 7652.65, 0.173651, 3.99803, 4.48494, -0.00642634, -0.00370196, -0.00436885, 
159, 47070.1, 0.00561131, -1.62266, 0.303558, 0.00128867, 0.00796568, 0.000910276, 
160, 17972.9, -8.13144, 0.231891, -2.29012, 0.00204301, -0.000488336, 0.00934728, 
161, 218629, -6.5616, 3.59005, -4.7344, 0.0021445, 0.00367361, 0.00274409, 
162, 138887, -2.81, 1.40295, 3.08827, -0.00374831, 0.00650279, -0.00304956, 
163, 33277.3, 0.589586, -0.15465, -0.429181, -0.00667216, -0.001576, 0.0104536, 
164, 167891, -3.10368, -3.72453, 0.121589, -0.00403948, -0.000277112, -0.00381532, 
165, 62570.5, 0.309663, 12.5373, 1.15688, -0.00215837, -0.0051266, 0.00110633, 
166, 38130.4, -2.00949, -8.37826, -7.6543, -0.00104268, 0.00497411, 0.00522558, 
167, 22403.8, -6.87836, 3.55362, -5.65838, 0.0029288, -0.000136589, -0.000159391, 
168, 1479.59, -6.73144, 4.90808, 7.53316, 0.000505667, -0.00510115, 0.00264979, 
169, 20399.9, -6.47812, 3.2027, -10.5835, 0.00511805, 0.00240834, 0.00450618, 
170, 115854, -2.32044, -1.84032, 2.10284, 0.00144492, -0.00154949, -0.00964635, 
171, 27762.9, -1.68523, -3.46339, 1.54943, -0.00710853, 0.0117963, -0.00883656, 
172, 250928, 1.25182, 6.27227, -3.1276, -0.00364524, -0.00686024, 0.00179574, 
173, 74469.2, 10.3498, 0.906906, 6.33329, -0.00333356, -0.00505751, -0.00244431, 
174, 143481, 10.3243, -6.53507, 8.63629, -0.00514189, 0.00320634, -0.00394498, 
175, 27145.1, -0.633273, -0.80859, 3.11792, -0.00447506, 0.00705045, -0.00239882, 
176, 32620.6, -2.62072, -3.94107, 0.247921, -0.00623402, -0.0055107, -0.00756152, 
177, 52575.7, -7.67653, 8.06462, -8.47704, 0.00116959, 0.000427168, 0.0016794, 
178, 19746.4, -2.83148, -5.14257, 5.81147, -0.00374261, 0.00515658, -0.0057052, 
179, 33623.1, 6.33626, 5.42824, 4.93101, -0.00797776, -0.00226719, -0.000912504, 
180, 50349.8, 6.01782, 6.34236, 7.57907, -0.00576252, -0.000800796, -0.00376277, 
181, 89376.8, 4.77364, 3.90548, 1.44074, -0.00698082, -0.00152599, 0.00112985, 
182, 42160.2, -6.6761, 2.51333, -8.54545, 0.00334386, -0.00239876, -0.00200575, 
183, 100544, -6.52368, -0.737762, -1.43616, 0.00670546, -0.00236692, 0.00566211, 
184, 1446.88, -2.73275, -3.23498, -1.39319, 0.000467757, 0.00874515, 0.0065375, 
185, 119694, -7.0294, 0.624092, -2.46633, 0.00186216, 0.00503906, 0.00369204, 
186, 120999, 0.827123, -0.649031, 3.47837, 0.00883456, 0.0103239, 0.000766235, 
187, 52698.3, -4.28637, -2.79885, 0.51986, -0.001159, 0.00706789, -0.00658848, 
188, 105467, -3.47727, -2.3306, 3.42739, -0.00807622, 0.0039927, 0.00653595, 
189, 99748.4, -8.01755, 7.79981, -4.71635, 0.00461506, 0.00187989, 0.00233433, 
190, 77133, -1.9128, -1.97743, 3.3345, 0.00305364, 0.00740963, -0.00118762, 
191, 178804, -5.66128, -0.384441, -4.55914, 0.00558788, -0.00849772, 0.00733215, 
192, 8685.6, -4.22233, -4.15223, 2.83208, -0.00397393, 0.00445232, -0.000104064, 
193, 256954, -2.61493, -3.87458, 2.19887, -0.00249495, -0.0072588, -0.00615802, 
194, 53540.6, -3.83105, 0.284171, 4.54297, -0.00461144, 0.00935062, 0.00140625, 
195, 220652, -5.18939, 2.50902, -5.26097, 0.00624383, -0.00336376, 0.00451588, 
196, 10258.1, 0.94796, 7.48954, -1.44643, -0.00790383, -0.0065725, 0.00203746, 
197, 6083.3, -6.06943, 6.72861, -5.32934, 0.00962345, -0.000609567, 0.00242316, 
198, 127562, -3.07587, -4.32687, 1.49225, -0.00642861, -0.00439578, 0.00193599, 
199, 34766.2, 8.15321, 5.56235, 6.41973, -0.00722903, -0.00414899, -0.00422156, 
