ID, Mass [kg], pos_0 [m], pos_1 [m], pos_2 [m], vel_0 [m/s], vel_1 [m/s], vel_2 [m/s], 
0, 5682.38, -28.2611, -7.40688, -4.71315, -0.00299499, -0.00349641, -0.001716, 
1, 51291.5, -26.5022, -17.503, 24.4237, -0.00451927, -0.00399839, 0.00536546, 
2, 73779.3, -3.08779, -2.2857, 0.0856049, -0.00642949, -0.0039306, 6.23835e-05, 
3, 9731.99, -5.12933, 21.0191, 21.4962, -0.000786925, 0.00391987, 0.00121243, 
4, 104587, 0.224649, -2.02649, 2.51652, 0.000216556, 0.0052913, -0.0052984, 
5, 42215, -2.44391, 3.528, -2.16246, 0.000989178, 0.00309258, 5.13122e-05, 
6, 57220.4, 21.8986, 13.1017, -24.4549, 0.00343541, 0.00448122, -0.00336767, 
7, 44855.5, -4.44034, 5.65965, 4.56611, -0.000856384, 0.00351822, -0.00108588, 
8, 276797, -0.803512, 6.49456, -1.34748, 0.00248757, 0.00433212, -0.00461808, 
9, 2643.18, 4.41717, -0.578563, 0.291996, -0.000140265, 0.000639791, -0.0055829, 
10, 33961.7, 9.26376, -15.3594, -8.09031, -0.000179706, -0.000983777, 0.00062272, 
11, 8691.35, -8.28189, 41.537, -33.1299, -0.000433243, 0.00628197, -0.00610816, 
12, 141682, 5.76473, -2.01288, 2.51964, -0.00149659, 0.00294746, -0.00342859, 
13, 288611, -16.0958, -10.7833, -1.96067, 1.81171e-05, -0.00178142, 0.000262426, 
14, 512847, -1.35301, 1.47995, 3.89679, -0.000171638, -0.00548222, -0.00302498, 
15, 15651.7, -0.99086, 3.69426, -1.00036, 0.00243471, 0.00908699, -0.00419319, 
16, 182451, 15.0618, -13.9512, 36.2275, 0.00371903, -0.00183481, 0.00482378, 
17, 62197.8, -14.7272, -11.4068, 4.06056, -0.00157207, 0.00086575, -0.000493725, 
18, 185440, -17.3903, -13.4341, 4.00814, 0.000118577, -0.00276699, 0.00045993, 
19, 36701.4, 21.5488, 33.3447, -31.0976, 0.00408714, 0.00572257, -0.00553112, 
20, 106936, -45.0497, -26.0876, 13.1113, -0.00787881, -0.00468903, 0.00225147, 
21, 161838, -3.79053, -2.67401, 5.90326, 0.00208017, 0.00119484, -0.00330749, 
22, 144875, -3.13628, -4.36599, 0.266039, 0.00144706, 0.00505844, -0.00309894, 
23, 100936, 4.44449, 20.7245, 11.7893, -0.000377394, 0.00158358, -0.000748275, 
24, 95186.1, 29.3804, 27.7581, 26.1646, 0.005313, 0.00378741, 0.00376631, 
25, 151808, 20.8498, -18.7718, 36.2672, 0.00460766, -0.0026832, 0.00613668, 
26, 118354, -0.350176, -1.28066, -3.67515, 0.00284611, -0.0033509, 0.00219475, 
27, 149234, 1.84144, -4.72648, -1.75118, -0.0016912, -0.00348813, -0.00246892, 
28, 9985.68, 6.60037, 1.51873, 0.368283, 0.00547286, 0.00324743, -0.00205435, 
29, 180895, 3.86153, 1.92876, 5.67357, -0.003212, -0.00814185, 8.8195e-05, 
30, 486.041, 9.53331, 10.4015, -4.72496, 0.000825158, -0.00233258, 0.00279636, 
31, 70262.9, 0.894143, 3.63633, 1.70313, 0.00195565, 0.00934868, -0.00305907, 
32, 45902.1, -1.05802, 1.64985, 0.0532109, -0.00665866, 0.00803993, -0.00454411, 
33, 24444.7, 1.08096, -1.55318, 3.5407, -0.00790765, 0.00375554, 0.00311261, 
34, 65679.9, 1.2759, -0.780872, -0.754147, 0.00202586, -0.00963208, -0.00166484, 
35, 3309.29, -16.0416, -18.5294, -6.30419, 0.000518955, -0.0048741, -0.000813106, 
36, 8280.38, -32.1194, 31.4951, -11.827, -0.00475249, 0.00523127, -0.00319, 
37, 94538.9, 1.52655, 1.2713, -4.71925, 0.00209159, -0.00342781, -0.00366695, 
38, 30213.7, 41.2323, -12.3743, -11.3845, 0.00857083, -0.00104371, -0.000126278, 
39, 53471.9, -8.69725, 1.64186, -11.9192, 0.00114605, 0.00307002, 0.0010401, 
40, 43100.3, -15.9474, 20.0908, -18.9861, -0.00141008, 0.00232665, -0.00288677, 
41, 44746.6, 11.6514, 27.6988, 9.16515, 0.00162772, 0.00377643, -0.000948355, 
42, 34053.9, 1.75491, 15.8229, 30.2491, -0.000362181, 0.00314904, 0.00451902, 
43, 54380.2, -4.28118, 5.63468, 5.65471, 0.00115357, 0.00371697, -0.00259932, 
44, 38723.2, 18.4738, -5.32505, -23.0783, 0.00195599, -0.000214249, -0.00375731, 
45, 2321.23, -16.6989, -8.48284, -0.135727, 0.000829122, -0.00219591, 0.00102428, 
46, 241169, 12.722, 3.25996, -0.46449, 0.000339657, -0.00235135, 0.00100314, 
47, 344827, -4.08562, 4.9424, 5.1731, 0.00058309, 0.00143123, -0.00232995, 
48, 39271.1, 6.95303, -2.7844, 3.82942, -0.00289267, -0.0025192, -0.00213004, 
49, 19687.8, -36.2519, 31.8276, -12.6877, -0.00660736, 0.00619541, -0.00353273, 
50, 61216.8, 9.98019, -9.80495, 2.81786, -8.24354e-05, 0.000687854, 0.00263454, 
51, 19182.2, -27.7644, 37.6572, -22.7955, -0.00454459, 0.0070073, -0.00490944, 
52, 12420.5, -1.49417, -0.452349, -4.20991, -0.00382641, -0.00116106, 0.00256034, 
53, 85447.4, -46.0516, -4.33847, -20.6439, -0.00779072, -0.000797075, -0.00320227, 
54, 361436, -2.51008, 2.99456, 6.84202, 0.000914148, -0.00401616, -0.00186715, 
55, 158926, 14.3929, 7.55715, -24.0119, 0.00255603, 0.00108771, -0.0024002, 
56, 49282.6, -19.7591, 30.7094, -30.546, -0.00196348, 0.00515464, -0.00627585, 
57, 218355, -0.0784242, 2.64573, 0.92711, 0.00386901, -0.00322186, 0.00264671, 
58, 22371.5, 41.5123, -13.3043, -9.71213, 0.00885952, -0.00181032, -0.000974377, 
59, 55919.9, -14.7154, 24.23, -29.9396, -0.000546461, 0.00245339, -0.0042308, 
60, 21598.8, 3.88341, -3.2328, -3.81669, 0.000477108, -0.00252219, -0.00313563, 
61, 398.952, -0.979378, 3.18099, 0.973153, -0.00327192, 0.010046, -0.00272044, 
62, 1108.92, 2.36362, -5.49275, 34.5113, 0.000836569, -0.0005026, 0.0043792, 
63, 108555, -6.87132, -2.56958, -0.62261, 0.00411668, -0.00534607, 0.0018341, 
64, 244863, 10.947, -4.63986, 22.4907, 0.000804119, -0.000354603, 0.00135086, 
65, 220694, -18.9215, 29.6834, -25.2224, -0.00186124, 0.00489068, -0.00441627, 
66, 61700, -5.11809, 41.2474, 19.6871, 1.72963e-05, 0.0065511, 0.00283129, 
67, 55388.9, -24.7716, 7.72113, 19.1259, -0.00477958, 0.00127165, 0.00371698, 
68, 211156, -1.44847, -1.45024, 0.447969, -0.00305034, 0.000922512, 0.0015471, 
69, 12720.6, -1.91442, -13.3278, 3.88255, 0.000310833, 0.00164223, -0.0013751, 
70, 25096, 2.18596, -0.001406, -0.0655369, 0.00662319, 0.00683024, 0.00348561, 
71, 179870, 6.60704, 10.6583, -3.19923, 0.000257825, -0.00267844, 0.00281302, 
72, 79123.8, -41.3033, -11.5355, -1.99911, -0.00507, -0.00146149, -0.000566544, 
73, 110870, 3.41467, 1.51995, -2.89961, 0.0011541, 0.00347688, -0.00345865, 
74, 43359.1, 17.9212, 21.9216, 18.5724, 0.00163254, 0.00497443, 0.00102977, 
75, 140124, 1.50217, 7.36697, 2.33125, -0.000811835, 0.00283131, -0.00323603, 
76, 229268, -13.4508, 20.8551, -23.8058, -0.00108431, 0.00209594, -0.0025322, 
77, 302149, 0.480415, 0.306741, -1.48392, 0.00463302, -0.00477414, -0.00395648, 
78, 100708, -17.4956, -10.6016, -2.90354, 0.000125384, -0.00238124, 0.00284557, 
79, 46633.4, -2.12973, -0.396834, -1.59031, -0.00638928, -0.00359833, 0.00213823, 
80, 143926, 1.4822, -4.70265, 1.71896, 0.00739312, 0.00315914, -0.00340082, 
81, 270.261, -36.0252, 6.56749, 16.1116, -0.00444611, 0.000634181, 0.00170808, 
82, 159650, -4.29432, 2.73167, -1.67941, -0.0034625, 0.00347215, 0.00187988, 
83, 24756, 6.64094, -5.44134, 0.162801, -0.00275993, -0.00290352, -0.000467514, 
84, 18375.3, 5.17279, -5.53352, 3.63159, -0.00510924, -0.000199235, -0.000263417, 
85, 491877, 35.4764, -12.7683, -14.209, 0.00625551, -0.0015059, -0.00184736, 
86, 194807, -0.631751, 2.4619, 0.00959985, -0.00126194, -0.00134408, -0.00280619, 
87, 8649.23, 15.1554, 7.85393, 6.34154, -1.92043e-05, 0.00276353, -0.000447725, 
88, 138901, -2.01289, -8.36734, 12.4633, -0.00271298, -0.000685747, -0.000805092, 
89, 50202.9, 9.1488, -5.92351, 3.93342, -4.58017e-05, -0.00139953, -0.0025889, 
90, 98321.9, 2.18023, 5.19003, -2.65172, 0.0023694, 0.00665115, -0.00672025, 
91, 384069, -1.26184, 2.54039, -0.699819, 0.00181216, 0.00193556, 0.00419129, 
92, 81279.9, -9.76053, -13.27, -0.355534, -0.0011274, 0.000414602, -0.00166122, 
93, 91375.2, -2.36944, 0.420079, 4.9515, -0.00245522, 0.00224422, -0.00240283, 
94, 5476.7, -11.7231, -16.9959, 7.34564, -0.000542412, -0.00256565, 0.00116582, 
95, 33452.5, 3.44275, 2.17648, 2.7685, -0.00147061, -0.00904599, -0.00321272, 
96, 25752.1, -29.6755, -8.69912, -8.24668, -0.00674706, -0.00258192, -0.00231154, 
97, 200797, -0.798611, 3.46002, 3.41263, -0.000993178, -0.00148264, 0.000694437, 
98, 298981, 3.61585, 4.74197, -2.68886, 0.00242626, -0.000978, -0.00148666, 
99, 93146, -5.2683, 1.5445, 0.464676, -0.00612576, 0.00455146, -0.00197166, 
100, 8612.85, -16.3946, 11.3079, -16.5763, -0.000499866, 0.000840411, -0.00123449, 
101, 24343.5, -3.14305, 12.3331, 3.91934, 0.000405999, -0.00330386, -0.0023317, 
102, 10296.7, -6.96139, 17.0736, -10.1974, 0.000172965, -0.000672235, 0.00130824, 
103, 15719.8, -9.30809, -3.48443, 19.867, -5.48855e-06, 0.00167691, 2.44001e-05, 
104, 230040, 0.42686, -3.55322, 1.51894, 0.00358719, -0.00419369, 0.00534912, 
105, 17846.1, 4.15657, -3.56517, 1.40101, 0.00693991, 0.00446944, -0.00338689, 
106, 22216.6, -1.87026, -2.18496, -0.178009, -0.00932984, -0.00573193, 0.000552509, 
107, 98486.7, 0.334741, 14.5845, 17.1729, 0.000724845, 0.00191752, -0.00104043, 
108, 214214, -36.8979, -0.119962, -29.3097, -0.00678495, 7.87962e-05, -0.00559265, 
109, 131614, -2.29907, 1.61073, 3.7817, 0.00304269, 0.000547379, 0.00654932, 
110, 160023, -2.12376, -2.00178, 0.792977, -0.00330551, -0.00147118, 0.00353968, 
111, 115735, -2.63006, 6.48746, -2.54339, -0.00107161, 0.00243245, -8.60812e-06, 
112, 378585, 21.3062, 5.68665, -30.0745, 0.00316742, 0.00199876, -0.00458883, 
113, 83295.8, -25.7329, 5.93666, -3.64582, -0.00166912, 0.00150267, 0.000452032, 
114, 148827, 6.49416, 3.91964, 1.14147, 0.0070041, 0.000440072, 0.00110029, 
115, 285284, -2.77934, -22.5762, 36.3987, -6.83791e-05, -0.00434885, 0.00603844, 
116, 515864, -1.39965, 1.60401, 4.04677, 0.00246229, 0.00428688, 0.00176849, 
117, 88363.5, 6.42122, -9.33349, 19.0608, -0.000589006, -0.00222097, 0.000970006, 
118, 155064, 17.2015, 9.31464, 4.88081, 0.00279972, 0.00321603, -0.00239981, 
119, 18098.3, -2.4931, 0.113225, -0.0868061, -0.00662657, 0.00446945, -0.0024911, 
120, 34391.6, 37.5736, -18.2763, -9.64915, 0.00670807, -0.00217137, -0.00019073, 
121, 78154, 3.77044, 5.61923, 1.198, 0.0016829, 0.00721905, -0.00290962, 
122, 10497, -2.74542, 2.8374, 3.90439, -0.00403612, -0.00397807, -0.00167517, 
123, 59058.1, -4.43085, 19.681, 4.91653, 0.000640277, 0.00036512, 0.00138699, 
124, 5646.35, -5.13297, -4.76997, -1.11707, -0.00372881, 0.00261144, -0.00253623, 
125, 103346, -1.18272, 0.744642, -0.898712, -0.00468424, -8.11939e-05, -0.00328816, 
126, 64702.5, -44.6075, 0.282374, 13.9475, -0.00756827, 7.26438e-05, 0.00321851, 
127, 199056, -2.36866, 1.46294, 3.02766, -0.00165137, -0.00579926, 0.00557959, 
128, 192649, -2.47952, 1.52225, -1.41527, 0.00127318, 0.00436253, -0.00497524, 
129, 1707.71, -1.22607, 4.49251, 3.03441, 0.000936349, -8.87162e-06, 0.00915987, 
130, 19869.9, -2.06584, 2.25556, 4.31767, -0.00526466, 0.0038678, -0.000720538, 
131, 143979, 3.09261, 2.17515, -2.11151, -0.00162531, -0.00159393, 0.00238303, 
132, 37850.6, -50.4946, 25.4898, -14.0785, -0.00985202, 0.00445357, -0.00234158, 
133, 50031.5, -1.88699, 2.67497, 4.82611, 0.00299683, -0.000583487, -0.00331384, 
134, 369068, -21.3703, 1.77973, -8.78835, 0.000230297, 0.000410611, -0.000314978, 
135, 3806.98, -0.498162, -17.1544, 0.570758, -0.000903802, -0.000586643, -0.000795692, 
136, 64591.7, 8.81651, -8.88149, -5.03362, -0.000430103, -0.00132788, 0.00332877, 
137, 1688.15, -7.4506, -15.4866, 6.80575, 0.0019561, -0.00358356, 0.00174294, 
138, 439943, 2.7379, 2.02469, 4.06172, 0.0012865, 0.00771695, -0.000837166, 
139, 72054.1, -0.964732, 6.65796, 2.24894, -0.00457066, -0.00293626, 0.00409895, 
140, 10511.3, -3.6779, -15.4993, 23.4703, -0.000389834, -0.00255295, 0.00206164, 
141, 28560.6, 4.49533, 2.64061, 0.552481, 0.00245938, -0.00850175, -0.00166024, 
142, 92270.6, 0.989992, 4.26369, 1.89066, 0.00756127, -0.00631942, 0.000309441, 
143, 57507.6, -36.1746, 11.4224, 22.1767, -0.00583881, 0.00196558, 0.0036103, 
144, 106955, -7.27961, -3.90323, 17.7192, 0.00147956, 0.000147798, -0.000387711, 
145, 53021.1, -2.35803, -1.57741, -1.2886, 0.00133469, -0.00470702, -0.00204569, 
146, 127593, -0.35009, 5.45498, -1.03541, -0.0081079, -0.000886852, -0.000677338, 
147, 31386.3, -2.30595, 4.54106, 1.66165, 0.00203865, -0.000705772, 0.00210207, 
148, 89613.6, -5.94858, 14.0812, -15.5058, 0.00187968, -0.00135645, -0.0024866, 
149, 251415, 12.905, -2.3333, 20.516, 0.000831529, -0.000144504, -0.000275106, 
150, 55890.6, -3.54954, -11.0811, 0.495571, 0.00477142, -0.00304311, 0.000205073, 
151, 174949, 2.9547, 1.88332, 0.629169, 0.00105903, 0.00588955, 0.00131383, 
152, 66072.8, 10.6656, -9.34704, 11.3919, -0.000617236, 0.000997342, 0.00115695, 
153, 19075.8, -1.03213, -3.08208, 6.72002, -0.00232869, -0.00349588, 0.00793007, 
154, 47261.5, 1.63736, 0.104605, 4.48147, 0.0090826, 0.00368842, -0.00049937, 
155, 102102, -2.1908, 1.66351, 0.728322, -0.00701635, -0.000426747, -0.000384259, 
156, 5375.03, 1.33978, 3.11699, -1.26322, -0.00821684, -0.0023941, -0.00056431, 
157, 3761.7, 6.94224, -2.75771, -4.16608, -0.0024066, -0.00156591, 0.00429296, 
158, 7652.65, 2.50928, 6.19642, 11.5399, 0.000807199, -0.00211286, -0.000801652, 
159, 47070.1, 0.139044, 2.73327, 4.31947, -0.00606669, -0.00280582, 0.00347649, 
160, 17972.9, 3.83905, 1.29709, 4.68119, 0.00247325, -0.00097786, -0.000671892, 
161, 218629, -1.67811, -9.19729, 6.58838, -0.000501407, 0.00337775, -0.00178766, 
162, 138887, 0.624264, -1.03213, -0.516359, 0.0021247, -0.00441551, 0.00339257, 
163, 33277.3, 11.9717, -10.0077, -1.67613, 0.000526215, -0.0024299, 0.00325909, 
164, 167891, 1.50571, 3.05091, 0.281215, 0.00395425, -0.000307798, 0.00532433, 
165, 62570.5, -3.27252, -42.2733, -10.093, 0.000208078, -0.00722881, -0.00183998, 
166, 38130.4, 7.9712, 38.0439, 21.0502, 0.00216112, 0.0056077, 0.00285618, 
167, 22403.8, 5.8349, -15.9485, 33.2317, 0.00147758, -0.00297263, 0.00408776, 
168, 1479.59, 20.4354, 11.8239, -31.5543, 0.00395384, 0.00267062, -0.00510678, 
169, 20399.9, 1.41877, -25.0538, 34.3957, 0.000144727, -0.00539871, 0.00497266, 
170, 115854, -3.73664, 0.606907, 4.04117, -0.00161974, -0.0033601, 0.000164919, 
171, 27762.9, -2.57059, -1.06323, 2.53028, -0.0017844, 0.00652274, -0.00238101, 
172, 250928, 5.87315, 3.59999, -5.7494, 0.00157342, -0.000282489, -0.00353581, 
173, 74469.2, -33.0603, 18.8052, -9.30669, -0.00526144, 0.00496319, -0.00177256, 
174, 143481, -40.9325, 28.1339, -18.3352, -0.00720191, 0.00521447, -0.00378977, 
175, 27145.1, -2.19733, 0.397603, -0.753209, -0.00487835, -0.00118214, 0.00124568, 
176, 32620.6, 9.76609, 4.93655, 8.91556, 0.000678672, -0.0020999, -0.00125267, 
177, 52575.7, 0.225304, -24.9233, 43.4309, -4.16338e-05, -0.00489167, 0.00853549, 
178, 19746.4, -4.22366, -3.28345, 5.43425, 0.00243346, 0.000551734, -0.00408847, 
179, 33623.1, -20.5365, 3.89041, -5.08455, -0.000633122, 0.00119172, 0.00160332, 
180, 50349.8, -36.7561, -24.1231, -19.3173, -0.00599711, -0.00400941, -0.00306251, 
181, 89376.8, -11.6401, 3.49604, -2.78022, 0.00341236, 0.00152905, 0.00265525, 
182, 42160.2, 1.62716, -0.611717, 41.2338, 2.42529e-05, -6.54464e-05, 0.00736377, 
183, 100544, -22.3816, -12.9463, -1.37175, -0.0019161, -0.00209931, 0.00112726, 
184, 1446.88, 4.7892, 3.19791, -0.957753, -0.000435526, 0.000634157, -0.00495375, 
185, 119694, 2.80174, 1.03433, 1.13298, 0.00143225, -0.00896679, 0.00303376, 
186, 120999, 0.0842144, -2.7006, 3.62801, 0.00827382, -0.00261033, 0.00321915, 
187, 52698.3, -1.56128, -1.77333, -0.320036, -0.00898306, -0.00266805, -0.00155474, 
188, 105467, 9.72647, -5.33857, -1.00888, -0.000701705, 0.000620357, 0.00327755, 
189, 99748.4, -4.69095, -28.2532, 15.7514, -0.00103835, -0.00402738, 0.00195786, 
190, 77133, -1.43227, 0.496251, -0.00576656, -0.00280828, -0.0010103, 0.00620501, 
191, 178804, -0.842685, -4.53178, -1.12812, 0.00341981, -0.00519411, 0.00225711, 
192, 8685.6, 0.703442, 2.6246, 3.85365, 0.000645758, 0.00104546, -0.00905769, 
193, 256954, 10.0996, 9.52926, 20.3807, 0.00339019, -0.000910092, 0.0033751, 
194, 53540.6, 10.1679, -3.55053, 6.02418, -0.000491536, 0.00209424, 0.000974259, 
195, 220652, -0.115644, 3.27879, 5.39727, -0.00319053, 0.00230256, 0.00444554, 
196, 10258.1, 5.15201, 2.28337, 2.55158, -0.00374083, 0.00585468, -0.00435322, 
197, 6083.3, -16.296, -10.8762, 18.6457, -0.00245075, -0.000180135, 0.00114021, 
198, 127562, 9.42028, 14.9031, -4.61341, 0.000284082, -0.000715668, 0.000606761, 
199, 34766.2, -10.9576, -0.481499, -6.78368, 0.00352067, 0.000334629, 7.81547e-05, 
