ID, Mass [kg], pos_0 [m], pos_1 [m], pos_2 [m], vel_0 [m/s], vel_1 [m/s], vel_2 [m/s], 
0, 5682.38, -18.9272, 0.868763, -0.364505, -0.00547238, -0.00347998, -0.00184564, 
1, 51291.5, -15.0022, -7.54035, 11.0621, -0.00564877, -0.00473407, 0.00633116, 
2, 73779.3, -1.63708, 5.61956, 2.10682, 0.00589174, 0.00360963, -0.00241932, 
3, 9731.99, -2.67365, 10.3584, 16.9476, -0.00149511, 0.00546379, 0.00307226, 
4, 104587, -2.51406, 1.74446, 1.92015, -0.000543583, -0.0070711, 0.00423563, 
5, 42215, -2.38574, 5.87339, 2.95049, 0.00410664, -0.00337433, 0.001481, 
6, 57220.4, 12.9558, 2.31455, -15.5529, 0.00448731, 0.00487484, -0.00424472, 
7, 44855.5, 1.16754, 1.21153, -5.62529, 0.00173706, 0.000326184, 0.00409856, 
8, 276797, 1.28206, -8.04454, 4.02712, -0.000558238, 0.00208652, 0.000293641, 
9, 2643.18, -5.85942, 3.88039, -1.35056, 0.000759835, -0.00145365, 0.00508306, 
10, 33961.7, 8.34118, -10.6815, -8.01988, 0.00109575, -0.0031695, -0.000799132, 
11, 8691.35, -7.17353, 26.3685, -18.4609, -0.000523823, 0.00689683, -0.00658558, 
12, 141682, -0.11982, -1.89304, 5.26828, 0.00649692, -0.00318293, 0.00255894, 
13, 288611, -14.3173, -4.83465, -2.82272, -0.00208699, -0.00310809, 0.000642886, 
14, 512847, 2.86282, -0.0890169, -2.38669, -0.00299608, 0.00122661, 0.0026202, 
15, 15651.7, 0.522318, -2.55991, 4.56605, 0.000186741, -0.00400303, 0.00217566, 
16, 182451, 6.01609, -9.20427, 23.9899, 0.00407522, -0.00238419, 0.00591416, 
17, 62197.8, -9.63472, -10.823, 3.8393, -0.00320968, -0.00187346, 0.00061615, 
18, 185440, -14.6761, -5.02403, 1.67687, -0.00277948, -0.00452519, 0.00177462, 
19, 36701.4, 11.6875, 19.5216, -17.6995, 0.00446711, 0.00626859, -0.00608897, 
20, 106936, -26.0704, -14.7807, 7.69285, -0.00856491, -0.00512186, 0.00244661, 
21, 161838, -1.23661, 1.59882, 2.47611, -0.0037846, -0.00507183, 0.00739555, 
22, 144875, -1.28444, -2.67399, 5.32632, -0.00149914, -0.00657383, 0.00050028, 
23, 100936, 4.6535, 14.4161, 12.1749, 0.000347308, 0.0040528, 0.000673808, 
24, 95186.1, 16.4092, 18.3964, 16.905, 0.00594216, 0.00436416, 0.00427961, 
25, 151808, 9.668, -12.0327, 21.2163, 0.00508885, -0.00327553, 0.0069675, 
26, 118354, 2.64642, 2.96189, 8.36177, -0.00298094, 0.00222549, -0.00192542, 
27, 149234, -7.10457, 6.72988, 1.42107, 0.00308278, 7.51765e-05, 0.000911982, 
28, 9985.68, -9.59711, 4.20007, -0.214779, 0.00154731, -0.0027419, 0.00118405, 
29, 180895, 1.83246, 13.5561, -0.965702, 0.00286978, -0.00144423, 0.00325025, 
30, 486.041, 4.98209, 13.0862, -8.18248, 0.00279206, 8.6761e-05, -4.10387e-05, 
31, 70262.9, -2.43169, -1.5911, -0.250529, -0.00061207, -0.00586557, 0.00237951, 
32, 45902.1, -1.33449, -0.657471, 3.51152, 0.00527881, -0.00509815, 0.00216686, 
33, 24444.7, 6.10642, 0.251347, -4.26252, 0.00274291, -0.0029823, 0.00140493, 
34, 65679.9, -4.35779, 5.15488, 4.89682, -0.00145626, 0.00396836, 0.000773078, 
35, 3309.29, -15.287, -4.23433, -2.39208, -0.00323673, -0.00751944, -0.003132, 
36, 8280.38, -20.3705, 18.6783, -4.17029, -0.0055113, 0.00592279, -0.00338436, 
37, 94538.9, -1.62087, -0.0478124, 4.81192, -0.000653332, 0.00151447, 0.00472943, 
38, 30213.7, 20.4304, -9.61571, -10.7682, 0.0094516, -0.00142797, -0.000488724, 
39, 53471.9, -9.25361, -5.00003, -10.3905, -0.000562076, 0.00232188, -0.00239854, 
40, 43100.3, -11.6864, 13.6523, -11.2134, -0.00242188, 0.00324533, -0.00381217, 
41, 44746.6, 6.99375, 17.0556, 10.8239, 0.00257149, 0.00566497, -0.000326196, 
42, 34053.9, 2.47116, 7.71475, 17.7884, -0.00010456, 0.00390662, 0.00663365, 
43, 54380.2, 0.648822, 1.07368, -3.14782, -9.72739e-05, 0.000144369, 0.00234253, 
44, 38723.2, 12.8531, -4.39997, -12.9926, 0.00308243, -0.000738834, -0.00504257, 
45, 2321.23, -13.6393, -6.16152, -3.1382, -0.00307945, -0.00152589, -1.24122e-05, 
46, 241169, 5.278, 6.90288, -1.32873, 0.00649982, 0.000111662, -0.000659559, 
47, 344827, 1.02641, 1.35321, -4.40499, 0.00246645, -0.00199607, 0.00334802, 
48, 39271.1, 5.10042, 5.33137, 4.72977, 0.00484274, -0.00300481, 0.00177007, 
49, 19687.8, -20.1976, 16.8414, -4.24422, -0.00738423, 0.0068324, -0.0037279, 
50, 61216.8, 6.85932, -7.37756, -3.26607, 0.00292361, -0.00302751, 0.00218064, 
51, 19182.2, -16.7186, 20.7421, -11.0208, -0.00513784, 0.00775253, -0.00520656, 
52, 12420.5, -4.49173, 2.82759, 5.69644, 0.00396332, 0.00209436, -7.62425e-05, 
53, 85447.4, -27.1969, -2.40535, -12.8161, -0.00858181, -0.000898221, -0.00362684, 
54, 361436, 4.1487, -2.36758, -2.61323, -0.0035636, 0.00311613, 0.000979508, 
55, 158926, 7.62657, 4.68034, -16.7852, 0.00326409, 0.0014514, -0.00403203, 
56, 49282.6, -14.6554, 18.0171, -15.1477, -0.00302934, 0.00629178, -0.00779056, 
57, 218355, 2.90788, 1.92074, 2.60057, 0.000975978, -0.003644, -0.000266361, 
58, 22371.5, 19.9876, -8.73571, -7.16674, 0.00982879, -0.0022253, -0.00128367, 
59, 55919.9, -13.0204, 17.8577, -19.1583, -0.00103684, 0.00322004, -0.00540147, 
60, 21598.8, -7.00952, 9.36687, 2.97739, 0.00284372, -0.00319627, 0.00106553, 
61, 398.952, -2.127, -2.20451, 4.77034, 0.00338178, -0.00430326, -0.00189822, 
62, 1108.92, 0.343355, -3.97639, 22.7462, 0.000845364, -0.000872859, 0.00599762, 
63, 108555, -4.90487, 9.57248, -0.904084, -0.00483669, -0.0028557, -0.00165927, 
64, 244863, 7.92631, -3.14378, 17.1563, 0.00160302, -0.00134539, 0.00321279, 
65, 220694, -14.0449, 17.5248, -14.317, -0.00248053, 0.00572022, -0.00488677, 
66, 61700, -5.00841, 25.0685, 12.6799, -0.000157058, 0.00753085, 0.00327912, 
67, 55388.9, -11.9278, 4.23957, 9.2256, -0.00672593, 0.00187224, 0.00515667, 
68, 211156, -1.67029, 1.17188, 4.55787, 0.000723328, 0.00385484, -0.000119213, 
69, 12720.6, -2.04136, -11.385, 6.85814, -0.000779898, -0.00343563, -0.00137765, 
70, 25096, -10.9431, 0.409992, 1.32542, 0.000715815, -0.00239837, -0.0015869, 
71, 179870, 3.64947, 12.3663, -6.71261, 0.00197625, 0.00101926, -7.48014e-05, 
72, 79123.8, -28.4614, -7.84363, -0.604548, -0.0061402, -0.00177974, -0.000625767, 
73, 110870, -3.77189, 3.67635, 3.17439, -0.00376367, -0.000971381, 0.00222686, 
74, 43359.1, 12.9559, 9.29718, 15.1648, 0.00285744, 0.00591296, 0.0020858, 
75, 140124, -5.72571, -3.07762, -1.84283, 0.00419778, -0.000581218, 0.00188803, 
76, 229268, -10.4477, 15.1567, -16.6845, -0.00146511, 0.00281887, -0.00377531, 
77, 302149, 1.15999, 1.56938, 0.62481, -0.00069403, 0.00325269, 0.00791465, 
78, 100708, -13.2943, -4.5107, -3.85642, -0.0025636, -0.00286063, -0.00266253, 
79, 46633.4, -3.63072, 0.618149, 2.27949, 0.00186397, 0.00220839, 0.000646586, 
80, 143926, -11.3877, -0.624405, 5.15935, 0.00183242, -0.00373435, 0.0003372, 
81, 270.261, -24.5831, 4.88926, 11.6659, -0.00555217, 0.000840456, 0.00220268, 
82, 159650, -3.00764, 4.37146, 2.61556, 0.00422981, -0.00184892, 0.00391597, 
83, 24756, 2.59098, 5.09009, 1.26975, 0.00830731, -0.00325875, 0.000257431, 
84, 18375.3, 10.7492, -0.535177, 2.35753, 0.000589431, -0.00329252, 0.00104081, 
85, 491877, 19.9706, -8.85792, -9.47306, 0.00723371, -0.00195404, -0.0022913, 
86, 194807, 2.93664, 2.30943, -2.16965, -0.00418368, 0.00108593, 0.0025644, 
87, 8649.23, 10.6408, 2.93292, 6.24545, 0.00465133, 0.00213696, 0.000428758, 
88, 138901, 3.72178, -3.58338, 9.52222, -0.00169834, -0.00349716, 0.00357213, 
89, 50202.9, 4.05922, 1.193, 6.46185, 0.00519132, -0.00456961, 0.00151301, 
90, 98321.9, -5.69767, -4.48383, 6.37788, 0.000672513, -0.000110158, 0.000807199, 
91, 384069, -1.27732, 4.64425, 2.8062, 0.00230569, 0.00110565, 0.00154709, 
92, 81279.9, -5.58465, -10.0149, 3.77921, -0.00258765, -0.00364399, -0.00172116, 
93, 91375.2, -0.13199, 1.90897, -2.76139, -0.000961271, 0.00253, -0.00365203, 
94, 5476.7, -9.17791, -7.9095, 3.10989, -0.00196484, -0.00547211, 0.00254755, 
95, 33452.5, -1.19081, 12.2695, 4.39424, 0.00251734, 3.48348e-05, 0.00143616, 
96, 25752.1, -11.3971, -2.67945, -1.89256, -0.00953633, -0.00213253, -0.00336815, 
97, 200797, 2.32014, 2.14045, 0.0761913, -0.00162188, -0.000431551, -0.00564536, 
98, 298981, -2.69493, -3.70206, 4.77357, -0.00161318, 0.00166846, -0.00091854, 
99, 93146, 4.08451, 4.08572, 0.0866731, 0.00457619, -0.00249398, 0.00140672, 
100, 8612.85, -13.7959, 8.60424, -12.1588, -0.00186402, 0.00148646, -0.00269562, 
101, 24343.5, -2.51041, 13.8831, 7.41879, -0.000926802, 0.00177374, -0.000437524, 
102, 10296.7, -6.7907, 15.9744, -11.8406, -9.91718e-05, 0.00164404, -5.99002e-05, 
103, 15719.8, -7.59918, -5.8674, 15.8433, -0.00119933, 1.27442e-05, 0.00341118, 
104, 230040, 0.0546548, 9.63292, 3.47145, -0.00202562, 4.92489e-05, -0.00445873, 
105, 17846.1, -10.1396, -1.09394, 4.96902, 0.00194544, -0.0040285, 0.000601848, 
106, 22216.6, -1.24199, 5.86106, 1.95235, 0.00610279, 0.00477989, -0.0010476, 
107, 98486.7, -0.994348, 8.29432, 16.8556, 0.000329043, 0.00341983, 0.00164729, 
108, 214214, -20.3945, -0.276537, -15.6515, -0.00756958, 2.58042e-05, -0.00634553, 
109, 131614, -1.1633, 3.5995, 2.95255, 0.00285576, -0.000970225, -0.00333145, 
110, 160023, -2.04803, 1.43484, 3.82699, -0.00232917, 0.00342775, -0.00117514, 
111, 115735, -1.35171, -2.63529, 5.56676, 0.00288723, -0.000629921, -0.000787734, 
112, 378585, 13.206, 0.987474, -18.307, 0.00397201, 0.00194781, -0.005779, 
113, 83295.8, -19.5146, 1.88165, -4.28978, -0.00405244, 0.00220441, 0.000338845, 
114, 148827, -10.083, -2.91889, -0.358301, 0.00219041, 0.00277872, -0.000814362, 
115, 285284, -2.55483, -11.8093, 21.3894, -0.000153408, -0.00504502, 0.0070738, 
116, 515864, 0.968753, 2.08678, 1.31214, 0.00340756, 0.0020028, -0.0025912, 
117, 88363.5, 6.87159, -2.74872, 14.4983, 0.000113291, -0.00354105, 0.00268367, 
118, 155064, 6.66358, 0.55871, 8.77108, 0.00672628, 0.00393273, -0.000282141, 
119, 18098.3, -2.29221, 4.76901, 0.793293, 0.00748914, -0.00138714, 0.000588647, 
120, 34391.6, 21.141, -12.7659, -8.92316, 0.00753285, -0.00265885, -0.000493927, 
121, 78154, -6.65383, -5.11613, 0.109963, 0.000910015, -0.00106861, 0.00181943, 
122, 10497, -1.89633, 1.56016, -3.5427, -0.000160536, -0.000943509, -0.00140356, 
123, 59058.1, -4.84129, 15.0573, 1.27422, -0.000493488, 0.00402358, 0.00168079, 
124, 5646.35, 2.41203, 3.97613, 5.03298, 0.00174847, -0.00732179, 0.0014961, 
125, 103346, -0.245057, 1.73539, -2.0247, -0.0035482, 0.00230919, 0.00160572, 
126, 64702.5, -26.0175, 0.104681, 6.18818, -0.00863917, 7.83327e-05, 0.00351351, 
127, 199056, -2.02293, 1.57167, 2.26764, 0.00296451, -0.00211627, -0.00352114, 
128, 192649, -0.658921, 4.28669, -1.75502, 0.00168069, -0.000200758, 0.00504015, 
129, 1707.71, 0.179801, -0.305785, 3.83062, -5.61386e-05, -0.00480458, -0.00509935, 
130, 19869.9, -1.9966, 5.31676, 0.774127, 0.000438912, -0.00122823, -0.00588458, 
131, 143979, -6.00811, -0.0824779, 6.56866, 0.00432498, 0.00316784, -0.0032379, 
132, 37850.6, -26.9934, 14.8381, -8.44941, -0.0104926, 0.00477603, -0.00253482, 
133, 50031.5, 1.6814, -1.04231, -1.44764, -0.000704792, 0.00382968, 0.000895871, 
134, 369068, -19.284, 0.629992, -6.72844, -0.00233998, 0.000593232, -0.00157759, 
135, 3806.98, 1.11334, -11.5147, 2.77555, -0.000307619, -0.00473942, -0.00116916, 
136, 64591.7, 7.16865, -2.83213, -9.31319, 0.00195164, -0.00368168, -0.000176482, 
137, 1688.15, -9.85894, -3.42373, 1.22838, -0.000741889, -0.00713174, 0.00316446, 
138, 439943, -5.76841, -1.20495, -0.79356, 0.000704376, -0.00402278, 0.0015252, 
139, 72054.1, -1.11008, -1.02912, 0.738477, 0.00518544, -0.00120995, -0.00418733, 
140, 10511.3, -2.55909, -8.25818, 16.8443, -0.000603568, -0.00381563, 0.00392318, 
141, 28560.6, -6.89325, 4.9443, 1.67026, 0.00171991, 0.00501903, 0.000664167, 
142, 92270.6, -6.59333, 1.20279, 0.0692346, -0.00280261, 0.00450042, 0.00012692, 
143, 57507.6, -21.6555, 6.56688, 13.2324, -0.00683185, 0.00226204, 0.00419926, 
144, 106955, -9.3644, -3.4428, 15.675, 0.000153835, -0.000514494, 0.00224935, 
145, 53021.1, -0.793299, 1.45843, 0.893343, 0.00425317, 0.00388223, 0.00467765, 
146, 127593, -0.6445, -1.38755, 2.194, 0.00802837, -0.000593801, -0.00017744, 
147, 31386.3, 0.360002, 3.83315, 1.64655, 0.00119204, -0.00575828, -0.000371485, 
148, 89613.6, -9.43303, 15.4824, -7.76755, 0.00100583, 0.000336397, -0.00402922, 
149, 251415, 9.20843, -1.9576, 18.8969, 0.00282354, 0.000229534, 0.00215467, 
150, 55890.6, -10.0429, 1.81522, 0.760165, -0.000732461, -0.00684305, -0.000105138, 
151, 174949, 0.0614689, 6.30508, 3.45594, -0.00505641, -0.000722819, -0.00259483, 
152, 66072.8, 9.74579, -9.3718, 6.92453, 0.00158139, -0.00114128, 0.002594, 
153, 19075.8, -1.31308, 9.55089, -5.52106, 0.00117694, -0.00291837, -0.000571538, 
154, 47261.5, -9.16825, 3.01074, -3.93444, -0.000611622, -0.00187733, 0.00307432, 
155, 102102, -4.3899, 1.3067, 0.856477, 0.00229235, 0.00143877, -0.00202969, 
156, 5375.03, -1.87357, 1.12058, 1.89749, 0.00967824, 0.00242208, 0.000330579, 
157, 3761.7, 7.2783, 2.81759, -8.74351, 0.00178325, -0.00248859, -0.000334113, 
158, 7652.65, -0.706688, 7.28592, 6.49406, 0.00151915, 0.00179727, 0.00557263, 
159, 47070.1, -0.831627, 1.12001, 2.9352, -0.000772252, -0.00330487, -0.00522516, 
160, 17972.9, -2.66254, 1.56225, -5.32296, -0.00287344, 0.000931235, 0.00109395, 
161, 218629, -0.532197, -11.6425, 7.75281, -0.000352201, -0.00116252, 0.000715982, 
162, 138887, 4.0948, 0.833668, 4.0333, -0.00328699, 0.00204511, 8.28806e-05, 
163, 33277.3, 6.07907, -1.23923, -6.81213, 0.00502605, -0.00444522, 0.000105509, 
164, 167891, 2.44392, 2.9471, 5.67341, -0.00336534, -0.00399367, -0.00132013, 
165, 62570.5, -3.71211, -24.5042, -5.54481, 0.000155265, -0.00821571, -0.00212048, 
166, 38130.4, 2.76323, 23.9961, 13.8932, 0.00232644, 0.00666312, 0.003399, 
167, 22403.8, 2.19912, -8.36795, 22.4714, 0.00162771, -0.0036679, 0.0053984, 
168, 1479.59, 10.6004, 5.29008, -18.5862, 0.0046625, 0.00313338, -0.00637825, 
169, 20399.9, 1.02162, -11.7933, 21.9065, 0.000202602, -0.00613282, 0.00597129, 
170, 115854, -0.596209, -0.4524, -0.288995, 0.00201895, 0.00118881, -0.0056788, 
171, 27762.9, -0.590577, 6.38985, -1.5893, 0.00255356, -0.00559083, 0.00367701, 
172, 250928, -7.53597, -0.527061, 5.58796, 0.00306538, 0.00215172, -0.00181827, 
173, 74469.2, -19.5918, 6.64693, -4.80995, -0.00664756, 0.00566053, -0.00215272, 
174, 143481, -23.5558, 15.597, -9.23566, -0.0079067, 0.00565371, -0.00407206, 
175, 27145.1, -4.91101, 1.33756, 1.43978, 0.00165416, 0.00191055, -0.000167048, 
176, 32620.6, 3.79401, 7.68592, 7.6962, 0.00459354, 0.000164888, 0.00258811, 
177, 52575.7, 0.303119, -13.0479, 22.8027, -2.31639e-05, -0.00545157, 0.00938035, 
178, 19746.4, -1.75232, 1.10917, 2.0859, -0.00323094, -0.00512924, 0.00691702, 
179, 33623.1, -16.0526, 0.513744, -7.52892, -0.00317749, 0.00182609, 7.03387e-05, 
180, 50349.8, -22.158, -14.326, -11.7786, -0.00666366, -0.0045248, -0.00350486, 
181, 89376.8, -14.5347, -1.17479, -6.54619, -0.000398127, 0.00234718, 0.00024205, 
182, 42160.2, 1.52131, -0.377871, 22.7663, 4.11101e-05, -0.000151722, 0.00883322, 
183, 100544, -13.9903, -5.65053, -3.23362, -0.00599614, -0.00597324, -0.000186908, 
184, 1446.88, -7.16007, -0.475543, -0.171734, 0.00141701, 0.00174917, 0.00345731, 
185, 119694, -5.15372, 4.85998, -0.464648, 0.000948255, 0.00450136, -0.0028754, 
186, 120999, -0.670029, 10.1281, -2.90923, -0.00425752, -0.00286999, -0.000641047, 
187, 52698.3, -4.86123, 2.34412, 0.85294, 0.00405536, 0.0052078, -0.00130244, 
188, 105467, 6.67767, -3.55386, -6.64218, 0.00321205, -0.00237792, 0.00118276, 
189, 99748.4, -2.13852, -17.3067, 10.4266, -0.00116607, -0.00568674, 0.00275415, 
190, 77133, -1.01711, 2.43393, 3.93419, 0.00191161, -0.000266784, 0.00307089, 
191, 178804, 2.68636, 9.73, 5.16745, -0.00193962, -0.000555672, -0.00301344, 
192, 8685.6, -4.60956, 0.266696, 3.06874, -0.00113667, 0.000344654, 0.00718046, 
193, 256954, 0.958316, 10.2643, 9.81679, 0.00444484, 0.000793665, 0.00617693, 
194, 53540.6, 5.9464, -4.86143, 1.477, 0.00445731, -0.00150969, 0.0026755, 
195, 220652, -1.77255, 2.20939, -0.640418, -0.00251066, -0.00232323, -0.00561783, 
196, 10258.1, 3.03778, -7.17556, 7.59099, 0.00341324, 0.0019664, 3.33373e-05, 
197, 6083.3, -9.27101, -9.27009, 14.315, -0.00366215, -0.00142461, 0.00278646, 
198, 127562, 6.6426, 13.2986, -4.42017, 0.00226274, 0.0022704, -0.000942225, 
199, 34766.2, -14.9646, -0.218706, -4.05248, -9.39434e-05, -0.000360499, -0.001779, 
