ID, Mass [kg], pos_0 [m], pos_1 [m], pos_2 [m], vel_0 [m/s], vel_1 [m/s], vel_2 [m/s], 
0, 266668, 6.00626, -11.6059, -9.24832, -0.000128144, 0.00127233, 0.00033275, 
1, 88936.2, 10.9496, -15.5561, -18.2458, -0.000778641, 0.00106923, 0.00109687, 
2, 157943, -11.7338, -12.6204, 13.5157, -2.152e-05, 0.00183972, 0.00049114, 
3, 169378, -4.91842, -3.78768, -17.3565, 0.000378676, -0.000112587, 0.00156704, 
4, 52366.8, -18.3935, -3.83293, 18.1481, 0.00146074, -0.000480826, -0.00125007, 
5, 13155.9, -12.7675, -15.8032, 12.4398, 0.00102043, 0.00227422, 0.000399378, 
6, 92017.3, 0.858847, -11.0359, 0.124181, -0.00194695, 0.00191446, 0.00125278, 
7, 28783.3, -6.24223, 16.5682, 5.59285, 0.000507975, -0.00177276, 1.45587e-05, 
8, 28069.8, -9.99761, 16.4576, -11.0596, 7.933e-05, -0.00156503, 0.000839834, 
9, 332411, 15.6554, -15.8246, 17.2614, -0.000726224, 0.000513405, -0.000603333, 
10, 147602, -10.7205, -5.5591, 6.86377, -0.000351653, 0.00119627, -0.00106081, 
11, 126955, -15.5671, 15.0644, 7.06751, 0.000967553, -0.00105304, -4.11211e-05, 
12, 8145.24, 7.65183, 2.71119, 15.5033, -0.0014321, -0.000557282, -0.00109848, 
13, 75407.3, -13.1204, -9.65833, 16.1933, -0.000895804, 0.000305206, -0.000822263, 
14, 60007.4, -18.9501, 10.7411, 1.90326, 0.00132396, -0.000629794, 0.000124374, 
15, 37540.7, -17.1803, 17.8282, -13.6318, -0.000103971, -0.00276713, 0.000653167, 
16, 22790, 8.33452, -0.079908, -12.8668, -0.000780792, -0.000849225, 0.00104438, 
17, 20769.2, -2.75694, 1.80974, -6.11708, -0.000242466, 0.000429171, 0.0014295, 
18, 211002, -16.5198, -14.7142, 3.02303, 0.000980364, 0.00105945, 0.000370025, 
19, 150055, -11.1803, -13.1715, 12.3685, 0.000731991, 0.00109281, -0.00102719, 
20, 5236, -7.74581, 12.8626, 0.070977, 0.00087852, -0.00104019, -2.15684e-05, 
21, 271282, -5.98714, -0.250385, 12.54, 0.000270788, 0.000357352, -0.000958206, 
22, 49300.1, 6.89916, 17.3492, -10.4588, -0.00106138, -0.000659757, 0.000522597, 
23, 117718, 17.808, 4.61861, -3.61028, -0.00241723, 0.000985465, -0.000420273, 
24, 83176.3, 12.7934, -16.0747, 1.08376, -0.00131008, 0.00120035, -0.000429664, 
25, 16921.9, -12.7243, -5.70137, 10.8644, 0.000127392, -0.000313402, -0.00116882, 
26, 8127.9, -4.78207, -3.77397, -17.4812, 0.00300097, 9.19276e-05, -0.000400095, 
27, 117537, -2.03385, -4.19664, -12.5292, 0.000522757, -0.000485231, 0.000380792, 
28, 74393.9, -4.20649, 3.27327, -4.30225, 0.001081, 0.000824809, 0.00152642, 
29, 57188.8, 2.27116, -12.3239, -0.296698, 0.00123016, -0.00132994, -0.00020514, 
30, 27579, 1.53233, -12.1234, 10.8168, -0.000819608, 0.000898333, -0.000831056, 
31, 8833.03, -4.98327, 2.67675, 14.5082, 8.79568e-05, -0.000791865, -0.00153134, 
32, 127385, 5.02046, 18.8235, -11.3675, -0.000286609, -0.00126329, 0.00103582, 
33, 26112.7, -7.70234, 6.65541, 2.20072, 0.00126674, -0.000804984, 0.000462251, 
34, 25816.1, -19.0906, 8.54469, -12.6008, 0.00123066, 0.000190698, 0.000594143, 
35, 196477, -0.826718, 0.915393, 7.70974, -0.00119854, 0.000668548, -0.000424741, 
36, 134895, 6.51687, -5.18506, 15.4349, -0.00109269, 0.000654834, -0.00131361, 
37, 90647, -2.28893, 11.1227, 5.06971, -0.000224659, -0.00188477, 0.000169405, 
38, 70759, -2.79333, 6.52828, 13.403, -0.000926624, -0.00072952, -0.0015046, 
39, 13187.3, -0.7328, 11.2511, 3.15831, -0.0010066, -0.00135638, 0.00052813, 
40, 33368, 12.6497, -13.718, -4.35094, -0.00139092, 0.000550689, -0.000218967, 
41, 134346, 2.61026, -7.38228, -0.970294, -0.000167506, -0.000759894, -0.00021331, 
42, 105929, 2.52251, 7.35364, 1.27146, -0.0011997, -0.000686128, 0.000301592, 
43, 83973.3, -16.5619, 2.02151, 8.38066, 0.00238103, -0.00157514, 1.86313e-05, 
44, 3121.57, -11.8897, -5.63068, 15.5306, 0.000614753, -0.000935538, -0.000648785, 
45, 27466.3, -18.2538, -16.1115, 5.00256, 0.00161772, 0.00147143, -0.000429726, 
46, 38628.7, 11.9272, -17.1161, 12.5861, -0.000497959, 0.000923545, -0.000253745, 
47, 41308, 5.42603, -5.56371, -3.50754, -0.00142256, 0.000759479, 0.00237708, 
48, 127460, -2.49886, -14.3332, 7.3734, -0.000518308, 0.00249609, -0.00137798, 
49, 499917, -18.0407, 15.3706, -13.5421, 0.000891649, -0.000559947, 0.000653297, 
50, 18781.7, -2.53476, 11.4491, 4.67314, -0.000748618, -0.000600118, -0.00101494, 
51, 41104.5, 1.47651, -4.17437, -15.504, -5.33512e-05, -0.000673398, 0.0013432, 
52, 171754, -6.5092, 13.3835, 10.8296, 0.00130252, -0.000985244, -0.000570948, 
53, 188750, 9.53219, -9.6432, -13.2202, -0.00225328, 0.000854165, 0.00167523, 
54, 188123, -10.7869, -9.84435, -13.059, 0.000799934, 0.000431818, 0.00108533, 
55, 5496, -2.5476, 16.1487, -8.10866, 0.000534531, -0.00126097, 0.00119773, 
56, 314149, 1.3176, 16.3082, -6.34315, -0.000461915, -0.00112905, 0.000770804, 
57, 286386, -1.52211, -15.6328, 18.9252, -0.000409461, 0.000903959, -0.00107071, 
58, 3262.44, -18.1778, 3.10542, 16.1083, 0.00145206, -0.00057961, -0.0011673, 
59, 498.907, 18.3528, 17.4675, -16.1051, -0.000924322, -0.000381775, 0.000642116, 
60, 10715.1, -17.1096, -6.23372, 10.4024, 0.00350965, -0.000243449, -0.000433849, 
61, 28147, 18.8746, -6.40013, -16.0013, -0.00121074, 1.60027e-05, 0.000702614, 
62, 126417, 12.7864, -15.6285, -6.80243, -0.00121227, 0.00123739, 0.00040291, 
63, 304337, -13.8495, -18.3021, 16.4199, 0.000617493, 0.00155824, -0.000807001, 
64, 73901.1, 3.33283, 3.64223, 13.5997, -0.00146701, -0.000682594, -0.000707665, 
65, 141050, 8.32782, -5.611, -11.4671, -0.00082786, -0.0012531, 0.00078257, 
66, 71538.3, -1.66007, 6.38859, -8.33164, -0.000361006, -0.000577263, 0.0013342, 
67, 43197.3, 10.499, -5.13802, -7.84444, -0.00161335, -0.000551763, 6.80642e-05, 
68, 292601, 5.47879, -8.33939, -17.4982, -0.00212807, -0.00161266, 0.000915342, 
69, 23084.1, 11.0144, 7.03997, -5.25348, -0.000997693, -0.000852096, 0.000407523, 
70, 7607.71, -16.193, 2.07906, 7.89658, 0.00122812, 3.76957e-05, -0.000171941, 
71, 13540.8, 1.0177, -6.30808, 13.554, -0.000632705, 0.00071934, -0.000512072, 
72, 72502.9, 7.75187, 13.1936, 7.56277, -0.00114052, -0.000880907, -0.00068647, 
73, 55178.4, -11.572, -6.28403, 16.3264, -8.64812e-05, -0.000487039, -0.00154187, 
74, 138200, 6.40553, 14.9709, 1.37515, -0.00138317, -0.000813636, -0.000445197, 
75, 441048, -3.1106, 5.32826, 5.76553, -0.000701231, -0.00156855, 4.17094e-05, 
76, 104741, 1.1712, 17.2025, 7.29745, -0.000659466, -0.00155887, -0.000464795, 
77, 235448, -4.46071, 14.7195, 10.7026, -0.000690492, -0.00196285, -0.000678732, 
78, 56549.9, -7.99246, -8.88357, 6.50573, -0.000367145, 0.00125376, 0.000194081, 
79, 18431.9, 4.203, -17.5453, 0.295982, -0.000363983, 0.00203793, -0.000103475, 
80, 174616, -7.88532, -10.7109, 14.3171, -0.00077447, 0.000581732, -0.00112231, 
81, 162861, -3.95112, 4.05554, 5.30858, 0.0014497, 0.00186061, 0.000972189, 
82, 32822.2, 17.2958, 19.4746, 19.4187, -0.000504914, -0.000469652, -0.000424272, 
83, 36038, 6.5553, -11.4035, 1.57462, 0.000652042, -0.000268059, -0.000630194, 
84, 151751, -5.89171, 8.50021, -4.02242, 0.000558141, -0.000916009, 0.000765707, 
85, 1755.34, 18.9646, 5.95171, 6.17159, -0.00118584, -0.000366011, -0.000337826, 
86, 125093, -19.1459, -12.073, -17.8496, 0.000815762, 0.000457745, 0.000829964, 
87, 62753.9, -12.5121, 3.87582, 17.5602, 0.0018792, -0.000537419, -0.00134198, 
88, 104089, -3.77685, 1.00783, 15.8111, -0.000375431, 6.66662e-05, -0.00209067, 
89, 74659.5, -11.5389, -7.59232, 5.88087, 0.00102925, 0.00187419, 0.000917022, 
90, 54457.8, -0.848903, 16.0377, -3.65758, 0.000300841, -0.00124211, 0.000300909, 
91, 250388, -16.9691, 0.49095, 10.7053, 0.00171918, -0.000286114, -0.000994863, 
92, 9592.63, 3.88077, 10.0969, -14.359, -0.000421835, -0.000585803, 0.00110837, 
93, 51769.5, 9.84419, 3.74171, -16.7928, -0.000714363, -0.000541627, 0.00107147, 
94, 88315.6, 17.1248, -18.6551, -3.67902, -0.00116054, 0.000983717, 4.83436e-05, 
95, 44569.9, -3.90613, 5.02581, 7.80944, 0.00176811, -0.000142257, -0.00162906, 
96, 55054.8, 2.19916, -12.166, -0.268882, 0.00180275, -0.000769641, 0.00169887, 
97, 6549.1, 11.0713, -5.01477, -2.51578, -0.00165225, 2.20028e-05, -0.000313712, 
98, 176773, 5.53233, -5.87387, -4.02996, -0.000640488, -0.000535455, -0.000167235, 
99, 4096.57, -14.8056, -5.33327, -8.83266, 0.00108801, -0.000640954, 0.00113865, 
100, 283032, -15.2472, -6.93424, 10.0876, 0.00169067, 0.000460525, -0.000172023, 
101, 15065.6, -11.6851, -2.56941, -16.7713, 0.000851828, -0.000120241, 0.00110726, 
102, 33276.8, 15.6136, 14.4344, -8.51074, -0.00124347, -0.000691578, 0.000162596, 
103, 12989.8, 16.5202, -7.8771, -18.7514, -0.00109838, 0.00012691, 0.00102674, 
104, 26736.4, -1.46856, -2.96717, 10.0788, -0.000629274, 0.00100145, -0.000665837, 
105, 201331, 9.2315, -8.887, -10.4835, -0.00163367, 0.000210011, -0.000278886, 
106, 153368, 8.4343, 2.42739, -5.31809, -0.000858662, -0.000826647, 0.000745868, 
107, 15450.3, -4.96898, 14.3526, -10.1346, -3.77163e-05, -0.001066, 0.00113618, 
108, 669.306, 2.12138, -11.613, 5.04339, -0.000520893, 0.000863368, -0.00112461, 
109, 16366.5, 10.4794, -12.3877, 11.6029, -0.000813695, 0.000573515, -0.000561817, 
110, 76031.2, 7.9454, 18.5488, 1.98246, -0.00104335, -0.00169904, -0.000322415, 
111, 6213.7, -14.0055, -8.38226, -8.174, 0.00219554, 0.00116115, -0.000913001, 
112, 161030, 13.6703, -0.902093, 10.8444, -0.00123364, -0.000134781, -0.000437609, 
113, 103552, 1.99642, 4.70145, 16.7561, -0.000971044, -0.000960004, -0.00176011, 
114, 105761, -2.38552, -14.6539, 7.63932, 7.30635e-05, -0.00010281, 0.000909402, 
115, 3988.7, -3.35491, -18.517, 13.2715, -0.000278541, 0.00157621, -0.000543346, 
116, 95735.7, -15.6565, 1.78615, 7.50922, 0.000602118, -0.000574581, 0.00112982, 
117, 112453, -12.1028, -3.50869, -0.954189, 0.00243378, 0.000672145, 0.000156191, 
118, 30694.8, -14.9802, -17.8828, -5.07603, 0.000726841, 0.0011984, 0.000357006, 
119, 36195, 5.95271, 14.7501, 1.2363, 0.00122829, -0.000276313, 0.000803179, 
120, 18641.6, -0.999087, 15.5614, -2.2092, -0.000519499, -0.000425892, -0.000382786, 
121, 9923.13, -2.0806, 4.35288, 9.77003, -0.00170424, -1.71698e-05, -0.0015225, 
122, 10388.6, -16.5449, 2.57754, -2.12584, 0.00143561, -0.000352046, 0.000532949, 
123, 6088.92, 5.80228, 9.91588, -17.9829, -0.000413611, -0.000548735, 0.00110971, 
124, 57978.1, -16.9171, -5.99679, -15.9674, 0.000958079, -3.31056e-05, 0.000975496, 
125, 28974.4, 8.97614, -15.2903, -8.29435, -0.000749568, 0.00188338, 0.000436548, 
126, 149499, 17.2901, 5.19002, -3.82836, -0.000371785, -0.00148522, 0.00055773, 
127, 156428, -12.5223, 9.97124, -11.891, 0.000745754, -1.08882e-05, 0.000995591, 
128, 11817, -3.3868, 5.51322, 5.99299, -0.00453414, -0.00136354, 0.00382998, 
129, 241608, -9.64717, 3.61682, 17.7727, 0.000454785, -0.000340629, -0.00176801, 
130, 83899.8, 15.5304, -5.78496, -6.41796, -0.00168925, 7.95154e-06, 0.000166067, 
131, 161283, -11.1706, -3.06214, -1.39968, -0.000143575, -0.000342629, 0.00117238, 
132, 170745, -5.28229, 15.7871, -0.632359, 0.000543084, -0.00149537, 0.000124807, 
133, 354581, -14.85, -8.90686, -7.06862, 0.00109088, 0.000507218, 0.000566033, 
134, 115421, 17.6148, -2.83676, 16.5687, -0.00104277, -2.79343e-06, -0.000726779, 
135, 65429.1, 6.90544, 6.0078, 6.70528, -0.00139934, -0.00054788, -0.000421962, 
136, 868.309, 9.43817, -9.42358, -12.3055, -0.00339363, -2.8436e-05, -0.00017135, 
137, 4759.2, -15.6672, -0.099012, -1.72083, 0.00160928, -0.000366943, 0.000611164, 
138, 8998.31, -4.91868, 13.215, 14.1033, -0.000213289, -0.00136233, -0.0019421, 
139, 37395.4, -10.0951, -16.1437, -9.01719, 0.000684864, 0.00136527, 0.000372532, 
140, 181316, 11.7407, 14.2058, -10.9081, -0.000828286, -0.000602204, 0.000664588, 
141, 139423, -2.42491, 5.28271, -16.3086, -7.02093e-05, -0.00050875, 0.00128255, 
142, 47155.6, 4, -14.0457, -8.63689, 0.000450282, 0.00227473, 0.000417004, 
143, 320658, -4.38596, -13.2719, -12.5974, 0.000600715, 0.000901504, 0.000860527, 
144, 22569.4, 17.5268, -10.2331, -3.42852, -0.00155554, 0.00034655, -6.64761e-05, 
145, 17996.4, 17.3188, 6.43671, 16.1953, -0.000906272, -0.000434008, -0.00061073, 
146, 85832.2, 7.86673, -9.68141, -13.0859, 0.000410811, 0.00132883, 0.00117543, 
147, 187866, -11.9675, 10.9231, -2.68972, 0.00111813, -0.000800914, 0.000231821, 
148, 48707.3, -3.57286, 3.0188, 5.76903, 0.00102009, 0.00137292, 0.000774071, 
149, 31339.9, 0.664602, -6.56528, 14.7838, -0.000424098, 0.000762961, -0.00135772, 
150, 43750.7, -12.2864, -9.97038, 10.3381, 0.00059098, 0.00100016, 0.000266838, 
151, 243138, -11.1117, -4.40394, 5.81674, 0.000943059, -0.000620682, 0.000946635, 
152, 14872.6, -5.94804, 9.03498, 14.6838, 0.000120832, -0.00273177, -0.0020617, 
153, 28768.5, -14.8713, 7.59441, -14.2273, 0.000987662, 0.000277604, 0.00123145, 
154, 44811.9, -10.7496, 6.17852, 7.18248, 0.00126337, -0.000879825, -8.40359e-05, 
155, 235285, 5.47375, -8.27238, -17.5896, 0.00224739, 0.00242762, 0.00300019, 
156, 118566, -12.266, 10.5267, 14.7445, 0.00060684, -0.00139451, -0.00117332, 
157, 1429.46, -3.4072, -12.3105, -12.3457, 0.00234247, 0.00344479, 0.00143387, 
158, 61874.8, -8.90377, 6.96661, -14.7182, 0.000291718, -0.000188558, 0.00131249, 
159, 547423, -15.5575, -9.62687, 17.6272, 0.00134098, 0.000423137, -0.0015132, 
160, 16024.9, 11.7107, -15.7393, -0.873572, -0.000881692, 0.00132432, 0.000310052, 
161, 59294.4, -6.70954, -17.3148, 8.61563, 0.000225399, 0.0017807, -7.50873e-05, 
162, 34022.8, -14.5234, -1.80457, 8.66542, 0.00108459, -0.000100293, -6.81241e-05, 
163, 51310.5, -1.49025, 16.6972, -1.61052, -0.000194012, -0.00198015, -0.000384848, 
164, 125646, -18.6039, 16.4314, 12.6095, 0.0010402, -0.000835976, -0.000433276, 
165, 38198.4, 7.22892, 16.344, 0.445212, -0.00140052, -0.001728, 0.000945534, 
166, 175587, -10.2557, 12.4679, -9.97913, 0.000155393, -0.000979673, 0.000636083, 
167, 33247.4, -17.9513, -16.2856, -11.5978, 0.000883374, 0.0009197, 0.00055213, 
168, 39322.1, -12.7127, 10.13, 14.6238, 0.00253717, 0.00031733, -0.000399247, 
169, 42408.8, 6.81542, -8.04063, -13.8467, 0.000179879, -0.000634998, 0.000663086, 
170, 165238, -6.05927, 7.79551, 14.3992, 0.000473957, -0.000828236, -0.00141963, 
171, 133165, 1.18779, -11.3152, -1.32479, -0.000461367, 0.00163023, -0.000884043, 
172, 17222.9, -12.9469, 18.4232, -8.46434, 0.000465996, -0.0014032, 0.000165271, 
173, 19550, -2.90633, 12.5622, -6.71224, 6.12798e-05, -0.000789606, 0.00102501, 
174, 2321.65, 14.3473, 0.929746, -2.53615, -0.00135269, -1.98539e-05, -0.000154079, 
175, 266285, 8.08567, -11.9047, 1.61816, -0.00132202, 0.0010042, -0.00112949, 
176, 51769.7, -16.9756, 18.8678, 15.7751, 0.00059231, -0.0010913, -0.0008202, 
177, 2547.76, 9.33598, 13.6531, -6.52747, -0.00086965, -0.000672157, 0.000177063, 
178, 33600.1, 6.26084, -1.0254, 17.2527, -0.0012247, -0.000194451, -0.00165584, 
179, 95862, 4.35722, -2.27214, 14.0187, -0.000826761, 0.000172553, -0.000852199, 
180, 231629, 2.30914, -10.7873, -0.61505, 0.000787935, 0.00185826, -0.000300799, 
181, 48845.6, -1.40707, -4.91205, -13.383, -0.00029732, 0.000676874, 0.0016812, 
182, 63218.1, 7.69953, -12.0924, 2.70933, -0.00227542, 0.000647668, 0.00138562, 
183, 250917, -3.12326, 4.68401, -3.11905, -0.000374859, -0.000417943, 0.000540716, 
184, 4676.91, -5.76048, 0.674447, -1.06753, 0.000483909, 0.00035976, 0.000554564, 
185, 14.7536, -9.92042, 16.5746, -14.8273, -3.24904e-05, -0.00105111, 0.00119549, 
186, 1700.44, -16.2523, 8.56626, -8.27339, 0.00128825, -6.31915e-05, 0.000287762, 
187, 132400, -3.89241, -13.5587, -12.5731, -0.000306017, 0.00144934, 0.000813664, 
188, 31027.4, 6.30065, -5.37156, 12.9941, -0.00107023, 0.000794345, 1.17174e-06, 
189, 137319, 8.82099, -0.0207349, -2.83812, -0.00120793, -0.000201195, -0.00029881, 
190, 22200.4, -9.13483, -0.976464, -18.6026, 0.000732844, -0.000291363, 0.00134214, 
191, 36036.5, 16.4278, 18.4265, -15.2684, -0.000699792, -0.000640099, 0.000593307, 
192, 105589, -7.85149, 18.2431, 16.9808, 0.000220742, -0.00127969, -0.0010506, 
193, 42408.1, 6.47059, -1.15445, 11.5358, -0.00140993, -0.000130901, -0.000295059, 
194, 8889.27, -0.285232, -10.0891, 10.6834, -0.000560551, 0.000604717, -0.000753712, 
195, 67618.7, -2.65937, 9.45641, 14.9864, -0.000898317, -0.00143558, -0.00171637, 
196, 139645, 1.29267, 0.975789, 15.9996, -0.000732804, 0.00013503, -0.00162193, 
197, 16526.9, -15.5596, -2.49574, -7.37215, 0.00125517, -0.000348489, 0.000811364, 
198, 18896.2, 15.6617, 8.12365, 5.05419, -0.0011779, -0.00054354, -0.000343962, 
199, 122718, -3.5681, 5.57348, 9.61706, -0.000204609, -0.000968286, -0.00171015, 
