ID, Mass [kg], pos_0 [m], pos_1 [m], pos_2 [m], vel_0 [m/s], vel_1 [m/s], vel_2 [m/s], 
0, 114045, -144.533, 49.013, 33.1042, 4.75828e-06, -3.47067e-06, 1.69497e-06, 
1, 170227, 103.55, 167.487, -199.678, 2.08146e-06, -1.05667e-06, 4.54845e-06, 
2, 228584, -179.705, -191.94, 131.606, 2.89396e-06, 2.27425e-06, -5.76997e-07, 
3, 33435.4, 6.36341, 93.8606, -24.0326, 1.74957e-06, -6.74943e-06, 7.60397e-06, 
4, 175098, -103.894, 185.494, -153.894, 5.23945e-07, -2.38529e-06, 2.19454e-06, 
5, 369628, 187.354, -54.198, -181.782, -4.58291e-06, -6.61339e-07, -9.65518e-08, 
6, 32977, 9.67726, -2.67999, -20.9183, -6.11496e-07, 6.63794e-07, 1.82882e-06, 
7, 83709.3, -123.853, 138.638, -95.793, -1.42154e-08, -4.41785e-06, -2.4868e-06, 
8, 104480, -43.6159, -43.3371, -90.8911, -1.25427e-07, 1.25895e-06, 1.82295e-06, 
9, 135692, 22.9857, -195.944, -146.975, -9.37293e-07, 2.88789e-06, 1.79156e-06, 
10, 142871, 33.0325, 92.7202, 25.873, -1.40181e-06, -1.70151e-06, 1.29861e-07, 
11, 35400.5, 47.4886, 25.6178, -162.032, -5.84573e-07, -9.9354e-07, 2.35685e-06, 
12, 79027.3, 54.0681, -144.419, -106.239, -3.58643e-07, 2.75434e-06, 2.08066e-06, 
13, 102037, -21.9221, 9.10439, 8.15839, -9.25472e-07, -4.73896e-07, 7.61549e-07, 
14, 242652, 125.561, -79.6908, 48.9957, -6.29766e-06, 6.43438e-08, -9.40185e-06, 
15, 180101, 181.407, 157.177, -74.4266, -2.3409e-06, -1.21099e-06, 5.90081e-07, 
16, 173943, 143.732, -188.067, -104.965, -1.63046e-06, 3.06704e-06, 1.43952e-06, 
17, 5339.98, 18.944, 168.266, 170.124, 5.85677e-08, -2.21383e-06, -2.49019e-06, 
18, 106016, -151.055, -93.9889, 71.2733, 3.14275e-06, 1.46176e-06, -1.63233e-06, 
19, 11724.3, 189.122, 169.207, -35.2031, -1.32604e-06, 1.23695e-07, 1.56932e-06, 
20, 313396, 184.644, -123.877, -126.215, -3.16622e-06, 2.06155e-06, 1.6279e-06, 
21, 55336.5, 167.596, -125.003, -146.725, -1.62254e-06, 1.89704e-06, 2.85791e-06, 
22, 191873, -13.1634, 21.489, -112.753, -1.59118e-06, 6.3312e-07, 1.75984e-06, 
23, 269135, 173.11, -70.391, -191.858, 4.48676e-07, 5.57929e-06, 2.73969e-06, 
24, 549393, 184.717, 172.852, -181.735, -2.28648e-06, -1.38532e-06, 1.96707e-06, 
25, 3141.83, -33.2431, -66.5819, -101.449, -1.55208e-07, 1.69378e-06, 2.13246e-06, 
26, 42046.7, 99.6931, -137.727, -163.875, -5.80425e-07, 1.56345e-06, 2.75753e-06, 
27, 10397.1, -124.269, -89.0784, -152.534, 7.00022e-07, 9.22532e-07, 2.75595e-06, 
28, 50850, -47.7622, 146.124, -127.494, -2.89016e-07, -2.16415e-06, 2.02248e-06, 
29, 80223.9, -6.13874, -71.3013, 87.811, 4.00202e-07, 7.13261e-07, -1.45138e-06, 
30, 12154.9, 183.211, -159.692, -47.5874, -3.22789e-06, 2.66419e-06, -1.78322e-07, 
31, 34929.4, 36.0109, -26.7724, -132.547, -1.02052e-07, 3.93611e-09, 2.11884e-06, 
32, 164033, -146.033, 82.1183, 41.1558, 4.1591e-06, -1.95763e-07, 7.91161e-07, 
33, 25042.3, 163.702, -188.668, -67.2318, -3.10727e-06, 1.92826e-06, -8.08924e-10, 
34, 383879, -50.9597, 98.6036, 113.891, 7.93122e-08, -1.11647e-06, -2.63218e-06, 
35, 14032.9, -74.823, -3.07328, -138.737, 1.10767e-06, 1.09216e-06, 3.66614e-06, 
36, 39567.6, 125.389, 35.8575, 185.691, -1.35128e-06, -8.55882e-07, -2.83624e-06, 
37, 255747, 38.6963, -120.089, -6.61759, 2.58245e-07, 1.42539e-06, 6.22005e-08, 
38, 54149.5, -41.4648, 129.139, 166.858, -3.14238e-07, -1.64978e-06, -3.20582e-06, 
39, 176936, 103.071, -90.2008, 37.8624, 4.81523e-08, 2.13457e-06, -1.66375e-07, 
40, 10646.7, 162.027, 83.4481, 44.269, -3.70517e-06, -5.52939e-07, -5.89625e-07, 
41, 264796, -6.76593, -32.2688, 144.076, 5.50336e-08, 6.8103e-07, -3.23307e-06, 
42, 2068.86, -6.5529, 106.12, 136.365, -2.78633e-07, -1.57049e-06, -3.04898e-06, 
43, 127570, -163.143, -128.849, 165.236, 2.28541e-06, 1.33938e-06, -2.10029e-06, 
44, 167995, 2.88973, -135.416, 184.797, -3.08195e-06, -3.0016e-07, -5.47512e-06, 
45, 283413, -141.696, 12.8746, -50.0957, 2.22413e-06, 2.60251e-07, 5.80845e-07, 
46, 87086.3, -149.081, -156.239, 149.277, 1.29781e-06, 1.95428e-06, -1.88835e-06, 
47, 78657.1, 60.0794, 136.555, 76.1809, -4.97608e-07, -2.62422e-06, -3.36394e-07, 
48, 205376, 120.112, -150.285, 81.9342, -1.76308e-06, 2.71824e-06, -1.03741e-06, 
49, 156401, -178.58, -179.426, -34.3579, 2.43865e-06, 2.60388e-06, 6.21003e-07, 
50, 82309.7, 143.425, -153.684, 150.109, -2.15958e-06, 2.23508e-06, -7.23512e-07, 
51, 24454.7, -144.955, -184.439, -13.543, 1.58646e-06, 4.16181e-06, 8.83262e-07, 
52, 8017.66, 24.176, -37.8994, -172.511, -4.13103e-07, 3.83497e-07, 3.96138e-06, 
53, 151412, -166.642, -1.54397, -115.207, 2.39352e-06, 1.05023e-06, 1.57814e-06, 
54, 102356, -77.4973, -137.027, 159.412, 9.16516e-07, 1.93934e-06, -2.54124e-06, 
55, 7229.44, -143.651, 99.9634, -67.7103, 1.49767e-06, -2.08129e-06, -1.44234e-07, 
56, 59505.4, 85.8849, -87.3132, 163.959, -9.80765e-07, 1.31302e-06, -2.58392e-06, 
57, 104975, -28.3728, 186.887, 118.012, -9.60984e-07, -3.9803e-06, -4.22969e-07, 
58, 208960, 29.8072, 197.12, 172.321, -3.56247e-07, -3.48585e-06, -2.26165e-06, 
59, 75970.6, 53.4037, -68.6833, 64.6944, -1.06766e-06, 1.25893e-06, -1.15314e-06, 
60, 265542, 127.442, 18.5361, 76.7586, -1.80997e-06, 1.02003e-06, -1.75882e-07, 
61, 20821.8, -39.9859, -39.7201, -148.442, 3.6367e-07, 8.82065e-07, 3.56126e-06, 
62, 71774.9, -31.7633, -4.02242, 101.768, 3.66926e-06, 1.02451e-06, -1.25725e-06, 
63, 21932.1, 196.43, 54.7112, -84.3116, -3.1851e-06, -7.62305e-07, 1.06771e-06, 
64, 469812, -125.984, 43.2869, 50.9707, 1.73658e-06, 3.61856e-07, -1.12231e-06, 
65, 56899.8, -48.2224, 68.6089, 90.6453, -3.00369e-06, -5.14822e-07, -4.56673e-06, 
66, 224049, 186.034, -59.4964, -17.8896, -5.14547e-06, 2.44389e-06, -2.15823e-06, 
67, 97188.8, 131.94, -34.2365, 189.349, -2.76638e-06, 4.25415e-07, -2.9375e-06, 
68, 140955, -63.4118, 74.6309, -14.9088, 5.60473e-07, -1.23587e-06, 1.23521e-06, 
69, 55585.6, -124.54, -185.51, -136.531, 2.26897e-07, 3.57813e-06, 1.39216e-06, 
70, 67043.4, -172.13, 62.247, -169.504, -1.38883e-06, -1.34319e-06, 7.0784e-06, 
71, 14936, 89.3622, 140.847, 135.735, -1.87534e-06, -1.73492e-06, -2.40912e-06, 
72, 12896.5, -28.5169, -141.22, -190.477, -2.70991e-07, 1.20187e-06, 3.34934e-06, 
73, 95529.2, 27.5215, -32.4999, 69.0017, -5.8634e-07, 1.18204e-06, -1.48976e-06, 
74, 30034.5, 112.512, -137.377, -95.2656, -1.76059e-06, 2.60971e-06, 1.16265e-06, 
75, 79098.4, -93.179, -73.1755, 164.688, 9.24977e-07, 1.33308e-06, -3.16956e-06, 
76, 114338, 68.6401, 152.994, 77.73, 1.22529e-07, -3.20984e-06, 1.30776e-06, 
77, 48422.8, -43.8436, 2.24867, 76.0393, 1.16894e-06, 1.7008e-06, -1.46267e-06, 
78, 5532.47, -78.5814, -162.623, 20.6898, 6.15715e-07, 3.3265e-06, 2.89751e-07, 
79, 19579.9, -148.936, 58.832, -110.083, 2.06484e-06, -1.72977e-06, 3.40248e-06, 
80, 159889, -158.086, -81.6051, 157.75, 2.95448e-06, 1.28839e-06, -2.19884e-06, 
81, 97197, 80.181, 178.41, -9.32433, -6.8641e-07, -3.33533e-06, 5.75862e-07, 
82, 138226, 11.8064, -131.286, -26.1071, 8.27552e-07, 2.9238e-06, 9.74689e-07, 
83, 71939.2, 172.165, 194.8, -94.5008, -1.5594e-06, -2.68306e-06, 1.34296e-06, 
84, 76062.9, -190.787, -179.151, 169.057, 1.90667e-06, 2.78262e-06, -1.81311e-06, 
85, 83603.9, 121.452, -56.3692, -84.1479, -1.22951e-06, 2.70539e-07, 1.21848e-06, 
86, 40974.8, -181.92, 168.412, -17.8349, 3.40328e-06, -2.50663e-06, 7.19252e-08, 
87, 281.693, 183.828, -148.573, 151.684, -2.71292e-06, 1.37757e-06, -9.17648e-07, 
88, 118380, -87.833, 137.181, -188.745, 6.00964e-07, -1.79164e-06, 3.19104e-06, 
89, 40308.7, 197.63, -93.987, -40.5499, -4.01518e-06, 1.7515e-06, -2.61687e-07, 
90, 248061, -63.538, 19.5057, 58.4475, 1.32204e-06, 1.1463e-06, -5.27245e-07, 
91, 38528.1, 102.829, 8.31544, 185.289, 5.5199e-06, -6.91856e-07, 1.76724e-06, 
92, 57608.4, -198.981, 116.351, 198.816, 3.16087e-06, -7.25477e-07, -2.87682e-06, 
93, 93634.7, -133.72, 98.256, -121.016, 1.44067e-06, -9.20053e-07, 2.79714e-06, 
94, 195713, -167.489, -106.87, -150.147, 8.09891e-07, 3.32719e-06, 2.93665e-06, 
95, 2358.76, 188.77, 175.778, -106.807, -2.28966e-06, -2.13549e-06, 1.51433e-06, 
96, 87905.9, 27.629, -129.986, 34.3238, 1.91466e-07, 1.59187e-06, 6.44274e-07, 
97, 71455.1, -120.028, 51.0948, -109.191, 7.73253e-07, -1.55906e-06, 2.79426e-06, 
98, 41841.1, 195.723, -134.445, 111.432, -2.94005e-06, 1.74532e-06, -8.85494e-07, 
99, 81994, 58.5444, -152.575, -9.92635, -1.37132e-06, 3.58509e-06, 1.5791e-06, 
100, 47974.6, -154.449, -90.3298, 42.1697, 3.29148e-06, 1.85878e-06, -7.09837e-07, 
101, 365281, 140.95, 27.9806, 3.4204, -3.86429e-06, -5.78558e-08, 3.23114e-07, 
102, 8586.56, 103.944, 94.8056, -160.211, -1.19268e-06, -1.04428e-06, 2.7787e-06, 
103, 103017, -157.55, -30.1973, -46.2545, 2.66183e-06, 8.57511e-07, 9.41678e-07, 
104, 297287, 117.452, -167.4, 178.004, 6.65524e-07, 2.62719e-06, -1.23698e-06, 
105, 206842, -156.397, -56.6986, -38.7523, 2.18377e-06, 1.64784e-06, 5.61761e-07, 
106, 78965.8, 180.282, 193.187, -76.255, -2.21982e-06, -2.74721e-06, 3.83672e-07, 
107, 104611, -36.7519, -177.175, -163.75, -8.5907e-07, 2.16537e-06, 1.58949e-06, 
108, 185938, -158.226, -177.92, -96.954, 1.64274e-06, 3.18583e-06, 8.9464e-07, 
109, 68010.6, 195.131, 19.8943, -73.3558, -3.55438e-06, -8.04546e-07, 1.22596e-06, 
110, 58031.1, -168.633, -35.7314, 41.4165, 3.94398e-06, 1.19322e-06, -1.00317e-06, 
111, 275229, -162.607, 159.484, -60.5967, 2.89822e-06, -2.67291e-06, 8.08462e-07, 
112, 11446.1, 164.074, -71.8906, -154.39, -1.51312e-06, 9.47061e-07, 1.75288e-06, 
113, 73457.2, 180.379, 102.055, 13.7481, -3.7234e-06, -4.82339e-07, 4.49395e-07, 
114, 135027, -118.7, 180.356, 155.207, 1.45638e-06, -3.77456e-06, -3.36512e-06, 
115, 194938, -11.0034, -196.22, -191.276, -5.11131e-07, 2.62899e-06, 2.55214e-06, 
116, 161208, 146.514, 162.664, 63.7188, -2.42139e-06, -3.17167e-06, -1.12571e-06, 
117, 36927.5, 169.424, 175.105, -27.8819, -2.25178e-06, -2.16302e-06, 7.34029e-07, 
118, 45106.4, 152.376, -138.482, 55.5521, -3.29386e-06, 1.72833e-06, -9.08722e-07, 
119, 84902.4, -197.515, -168.468, 171.788, 3.17378e-06, 3.53339e-07, -2.19145e-06, 
120, 120149, -147.573, 103.141, 186.572, 3.85838e-07, -7.95329e-07, -4.3849e-06, 
121, 91982.1, -20.1279, -94.1916, 44.5494, 5.57774e-07, 1.46417e-06, -1.36553e-07, 
122, 119521, -31.4007, 33.665, -124.292, 4.49153e-07, -1.24197e-06, 3.33582e-06, 
123, 143549, -171.36, -149.274, -96.2398, 2.16934e-06, 1.02537e-06, 9.17323e-07, 
124, 647451, -73.4235, -186.04, -184.263, 9.1522e-07, 2.43629e-06, 2.89109e-06, 
125, 136988, 134.253, -126.82, 145.75, -1.6099e-06, 1.44883e-06, -1.4952e-06, 
126, 88541.3, -156.098, 136.167, -52.2129, 2.38898e-06, -1.28838e-06, 2.08448e-08, 
127, 49726.5, -33.651, -5.58069, 76.448, 1.18182e-07, 2.47617e-06, -1.23923e-06, 
128, 116464, 79.7062, 169.942, -102.671, -5.48623e-07, -2.52539e-06, 1.60719e-06, 
129, 52004.2, -133.412, -72.7598, 174.904, 1.24031e-06, 1.26309e-06, -3.46424e-06, 
130, 112758, -8.33993, 183.639, 81.2261, -5.92638e-07, -4.44444e-06, -4.97049e-07, 
131, 144433, -113.528, 44.8365, -15.3177, 3.96679e-07, 1.21966e-07, 7.15367e-07, 
132, 138842, 1.08713, -58.0989, -43.25, -2.72917e-07, 4.58558e-07, 4.39293e-07, 
133, 451797, 37.292, -191.645, 107.685, -7.72449e-07, 3.74913e-06, -2.09543e-06, 
134, 56375.1, 168.99, 93.0504, 192.629, -2.40194e-06, 1.89977e-06, -2.27669e-06, 
135, 46996.3, -22.803, -72.3133, -58.5446, 1.48151e-06, 9.89308e-07, 8.22541e-07, 
136, 4596.98, 35.1461, 172.413, 64.2051, -9.635e-07, -4.53154e-06, -3.09367e-07, 
137, 103850, -118.348, -66.3684, -122.799, 1.0535e-06, 1.08366e-06, 2.11772e-06, 
138, 245715, -80.8327, -147.297, -142.154, 8.0699e-07, 1.91262e-06, 8.07877e-07, 
139, 118680, -186.468, 15.4279, 13.6418, 4.1249e-06, 1.38644e-07, -6.57468e-07, 
140, 40206.6, 11.9429, -195.472, 83.4264, 1.39077e-06, 4.87557e-06, -1.78967e-06, 
141, 2836.72, 187.945, -134.8, -176.078, -3.0349e-06, 1.61089e-06, 1.62044e-06, 
142, 117090, -48.6141, 134.588, 60.3888, -1.48941e-07, -3.22957e-06, -2.11121e-07, 
143, 71053.4, 160.096, -158.466, -166.162, -1.66533e-06, 2.3558e-06, 1.5999e-06, 
144, 6638.82, -135.954, 34.5516, 97.4175, 3.2758e-06, 9.0268e-07, -2.28765e-06, 
145, 43748.5, -87.6251, 128.616, 182.258, 1.223e-06, -1.1013e-06, -4.2946e-06, 
146, 10064.8, -8.76825, -157.604, -81.7441, 2.99496e-07, 3.22621e-06, 7.67658e-07, 
147, 266474, 164.428, -146.015, -70.97, -3.32568e-06, 3.8414e-06, 2.04747e-07, 
148, 51757.2, -38.5913, 151.64, -9.48771, -5.09475e-08, -3.07328e-06, 1.67999e-06, 
149, 35117.5, 117.108, 179.524, 75.6101, -1.99441e-06, -4.10243e-06, -1.95976e-07, 
150, 101261, 121.157, 173.38, -30.7141, -1.51327e-06, -1.81669e-06, 8.05156e-07, 
151, 51586.4, -183.446, 124.834, 89.4903, 4.50558e-06, -1.84707e-06, -1.64786e-06, 
152, 142702, 55.9764, -159.73, 2.46027, -7.32054e-07, 4.35419e-06, 1.61785e-08, 
153, 269786, -195.154, -104.973, -173.101, 2.91791e-06, 1.66544e-06, 3.50074e-06, 
154, 23862.4, -169.632, -5.65535, 164.853, 2.77798e-06, 3.57495e-07, -2.66415e-06, 
155, 29926.9, -169.204, -42.16, 174.767, 2.86237e-06, 3.22351e-07, -2.79343e-06, 
156, 208950, 159.975, -65.9819, 165.549, -2.62812e-06, 9.13088e-07, -2.10125e-06, 
157, 54920.9, 119.673, 13.2108, 137.685, -1.55715e-06, -9.32507e-08, -2.40794e-06, 
158, 98554.6, 1.01839, 47.347, -26.8517, 4.55404e-07, 7.71656e-07, 1.97064e-06, 
159, 112993, -108.579, 179.861, -46.7316, 7.09153e-07, -3.55332e-06, 8.16245e-07, 
160, 96040.3, 110.857, 5.70031, 109.556, -1.41876e-06, 5.11669e-07, -2.30216e-06, 
161, 370631, -67.9302, -120.953, 65.8761, 7.99433e-07, 1.43602e-06, -3.06699e-06, 
162, 7114.21, 89.4608, 58.2337, 89.3038, -1.64548e-06, -5.28404e-07, -1.94057e-06, 
163, 37120.5, 121.387, -140.156, -20.6376, -2.42195e-06, 3.14526e-06, 3.35537e-07, 
164, 91470.1, 102.838, -122.512, -28.3093, -1.98438e-06, 2.30693e-06, 5.64896e-07, 
165, 113548, 157.934, -115.726, 176.034, -2.38994e-06, 1.11523e-06, -2.23474e-06, 
166, 97735.3, 110.808, 169.161, -193.482, -3.73999e-06, -2.3003e-06, -3.82623e-07, 
167, 145097, 63.542, -161.629, -48.0084, -9.34986e-07, 4.02729e-06, 1.54903e-06, 
168, 394857, -167.153, 97.7824, 176.865, 3.16864e-06, 2.45026e-07, -2.7915e-06, 
169, 37595.5, -142.467, -63.4619, 183.875, 2.13796e-06, 2.12206e-07, -3.92389e-06, 
170, 223684, 145.626, -92.1349, 74.2872, -3.148e-06, 2.51382e-06, -2.34247e-06, 
171, 56693.8, -66.818, 46.8594, -25.2572, 5.09896e-07, -4.62085e-08, 9.1204e-07, 
172, 106814, -66.239, 187.261, -125.509, -3.23689e-07, -4.35088e-06, 1.70676e-06, 
173, 58823.1, -135.862, -190.096, -191.07, 1.7148e-06, 2.47059e-06, 2.31394e-06, 
174, 1535.23, -76.2406, 111.23, 104.645, 1.27103e-06, -2.12174e-06, -2.39934e-06, 
175, 66573.3, -188.548, -68.4245, -117.374, 3.6204e-06, 1.1975e-06, 1.48012e-06, 
176, 119810, 170.399, 104.628, 192.692, -2.80874e-06, -1.9291e-06, -2.25727e-06, 
177, 57428.3, -109.829, 55.1376, -48.3877, 1.98176e-06, -4.33929e-07, 8.32246e-07, 
178, 307880, 57.5688, -132.581, -25.0685, -1.10061e-06, 2.26677e-06, 1.39415e-06, 
179, 92734.4, -51.8185, 76.256, 102.22, 1.62129e-07, -1.42139e-07, -3.9642e-06, 
180, 13028.4, -28.5903, -109.116, -161.515, -1.71832e-07, 1.02958e-06, 3.62204e-06, 
181, 45798.8, -45.5338, 16.8715, 72.3264, 2.77191e-08, 6.30294e-07, -1.65334e-06, 
182, 48435.1, 81.1854, -155.541, -156.531, -3.27968e-07, 2.2699e-06, 2.11954e-06, 
183, 172950, -7.72622, -160.034, -117.505, 5.20058e-07, 3.56205e-06, 1.75415e-07, 
184, 126970, 155.174, -199.805, -71.2025, -1.66487e-06, 3.39845e-06, 5.25632e-07, 
185, 41314, 104.039, -68.327, -164.703, -1.22666e-06, 6.98602e-07, 3.16874e-06, 
186, 32829.2, -188.548, 131.526, 137.555, 3.96222e-06, -1.48359e-06, -1.10814e-06, 
187, 17432.3, 115.398, 148.823, -91.7586, -1.32883e-06, -2.10872e-06, 1.23423e-06, 
188, 2934.31, -189.602, 107.404, -10.5096, 3.91994e-06, -1.72377e-06, 4.19587e-07, 
189, 170317, 176.433, -55.6001, 36.0937, -3.88736e-06, 5.81254e-07, -6.47778e-08, 
190, 138165, 196.115, 177.391, -30.8634, -3.09572e-06, -2.2031e-06, 3.73134e-07, 
191, 135324, -189.465, 58.4756, 108.192, 4.19927e-06, 1.52519e-07, -1.84623e-06, 
192, 307938, 97.3488, -174.7, -190.766, -6.9745e-07, 2.11251e-06, 2.36514e-06, 
193, 323614, 48.2315, 116.215, 185.727, -1.14336e-06, -1.26086e-06, -3.70247e-06, 
194, 446958, -85.8865, 6.6552, 136.081, 1.39703e-06, 7.21652e-07, -3.86781e-06, 
195, 42929, -127.122, 34.8737, 165.207, 2.6178e-06, 7.28456e-07, -3.2863e-06, 
196, 63981.9, 84.0144, 118.933, -6.87254, -1.58488e-06, -2.27995e-06, 8.28264e-07, 
197, 102093, 46.1294, 10.9663, 179.27, -6.36412e-07, 1.19246e-07, -3.35195e-06, 
198, 22185, -114.602, 133.308, -184.194, 1.45349e-06, -1.54753e-06, 3.16626e-06, 
199, 127737, 95.0951, 73.9267, -115.828, -5.60182e-07, -1.01562e-06, 1.8859e-06, 
200, 106578, -29.5293, 52.6179, 184.757, -4.69346e-07, 9.49542e-07, -3.79823e-06, 
201, 202718, -19.9072, 169.603, 141.704, -1.14525e-06, -2.78604e-06, -2.03384e-06, 
202, 360325, -154.454, -1.09058, 54.4648, 2.99516e-06, 9.97885e-07, -1.16576e-06, 
203, 133884, -125.603, 129.167, 43.4749, 2.55721e-06, -2.80608e-06, 1.33073e-06, 
204, 164984, 121.629, 71.2356, 171.46, -1.71404e-06, -5.40986e-07, -2.69347e-06, 
205, 157804, 185.528, 142.861, 33.552, -3.75882e-06, -1.90061e-06, -4.98039e-07, 
206, 329709, -38.8221, 77.5111, -86.0986, 7.03291e-08, -2.15622e-06, 1.74434e-06, 
207, 93268.9, 116.032, -42.2445, 192.434, -2.19062e-06, 1.89883e-06, -4.14935e-06, 
208, 44379, -143.628, -17.0791, -38.019, 1.39927e-06, 9.82035e-07, 1.28085e-07, 
209, 87910, -83.1154, -188.339, 164.89, 1.79833e-06, 2.18987e-06, -1.37098e-06, 
210, 180841, 122.709, -80.3022, 188.39, -1.88399e-06, -7.30644e-07, -2.11726e-07, 
211, 183174, 119.528, -97.2557, -122.128, -1.24688e-06, 1.00352e-06, 2.17578e-06, 
212, 87056.4, 38.8603, 173.855, 162.706, -7.52491e-07, -2.3056e-06, -1.93688e-06, 
213, 101202, -73.271, 171.176, -127.83, 1.33357e-06, -2.76182e-06, 2.41035e-06, 
214, 33813.3, 58.0037, 163.046, 145.697, -1.11036e-06, -2.3537e-06, -1.94875e-06, 
215, 34706, 106.793, 95.5617, 94.3186, -1.79284e-06, -9.57155e-07, -1.37532e-06, 
216, 100759, -82.8535, 183.411, -195.142, 3.68276e-07, -2.17413e-06, 2.72401e-06, 
217, 131998, 178.051, 147.694, -166.927, -1.90275e-06, -8.48001e-08, 1.0945e-06, 
218, 47600.9, -23.3105, 194.852, -168.941, 2.42117e-08, -3.16445e-06, 1.46239e-06, 
219, 11197.6, -190.016, 160.458, 21.7703, 3.61283e-06, -2.53535e-06, 2.84139e-07, 
220, 91168.4, -75.1303, 153.686, 45.5139, 8.26078e-07, -3.44248e-06, 3.0862e-07, 
221, 35074.2, 190.484, 55.2389, -164.96, -2.82177e-06, -6.26075e-07, 1.76947e-06, 
222, 108817, -178.965, 105.008, -98.778, 4.36749e-06, -2.26826e-06, 3.15012e-06, 
223, 9285.88, 57.7309, 85.4178, 82.3965, -1.85306e-06, -8.06952e-08, -1.46313e-06, 
224, 50407.7, 132.197, -138.734, 95.8295, -3.00424e-06, 1.32576e-06, -2.10456e-06, 
225, 48366.4, 18.1191, -21.7239, -193.837, -3.50913e-07, 3.75141e-07, 3.87362e-06, 
226, 35393.1, -164.256, 114.662, -158.481, 2.46877e-06, -1.52437e-06, 3.05012e-06, 
227, 78302.3, 143.857, 132.021, -165.234, -6.40697e-07, -1.12741e-06, 1.98335e-06, 
228, 9421.41, 59.7352, -88.1122, 47.5511, -1.18475e-06, 1.13626e-06, -5.18362e-07, 
229, 35850.4, -154.51, 31.0402, -70.9523, 2.6316e-06, -2.06077e-06, 1.28742e-06, 
230, 131666, 23.5641, 152.52, 53.8804, -9.27902e-07, -3.71892e-06, 1.77505e-07, 
231, 140291, -146.933, -137.017, 134.442, 1.80491e-06, 1.43187e-06, -1.31534e-06, 
232, 130679, -184.528, -113.447, -127.485, 3.00613e-06, 2.0743e-06, 2.04123e-07, 
233, 215298, 20.1261, -147.826, 65.6903, 2.11936e-06, 6.85373e-07, -1.53639e-06, 
234, 27503.3, 17.7945, -179.837, -41.8805, 5.05301e-07, 3.9423e-06, 4.07385e-07, 
235, 54044.9, 190.876, -60.1375, -132.769, -3.85051e-06, 3.53405e-07, 1.63549e-06, 
236, 237017, 122.125, -80.522, 41.5186, 1.1228e-06, 1.82941e-06, 8.12734e-06, 
237, 92035.6, 124.514, -149.881, -154.895, -1.4554e-06, 2.48593e-06, 2.33554e-06, 
238, 164668, 67.4688, 130.123, 198.18, -2.03616e-06, -1.68263e-06, -4.03736e-06, 
239, 5510.84, -28.4244, 199.732, -172.451, 1.57257e-06, -4.36947e-06, 2.81854e-06, 
240, 109839, 171.556, -159.371, -188.713, -1.95543e-06, 2.13567e-06, 2.30117e-06, 
241, 4124.02, 135.849, -67.8111, 58.9476, -3.18381e-06, -1.43138e-06, -2.43578e-06, 
242, 87119, 6.52744, 4.61765, -5.09107, -5.3816e-07, 3.37023e-07, 8.40556e-07, 
243, 53986.9, 116.081, 75.7967, 100.395, -1.94508e-06, -3.73866e-07, -1.85183e-06, 
244, 12279.5, 12.1999, -48.0203, 7.07281, -3.02778e-07, 1.26332e-06, -1.06277e-08, 
245, 28581.5, 52.0834, 197.671, 187.076, -9.91241e-07, -3.11952e-06, -2.97346e-06, 
246, 202829, -148.715, -86.5055, -130.933, 9.17688e-07, 1.05181e-06, 1.6302e-06, 
247, 52514.9, 159.582, 154.015, 16.6578, -4.13491e-06, 1.04598e-06, 3.76671e-07, 
248, 154109, 24.3801, -178.56, -91.7811, -3.42972e-07, 3.41121e-06, 1.14088e-06, 
249, 235166, 167.582, 114.324, -152.568, -2.08677e-06, 2.54485e-08, 1.12239e-06, 
250, 364302, 186.324, 191.416, 80.8002, -2.77101e-06, -2.73438e-06, -6.79053e-07, 
251, 14859.8, -53.309, 6.59353, -165.785, 3.8623e-07, 3.08593e-07, 4.00938e-06, 
252, 229168, -84.4807, -53.728, 126.233, 8.61959e-07, 1.64598e-06, -2.27141e-06, 
253, 43414.5, 168.828, 93.644, 90.2238, -3.72795e-06, 1.1753e-06, -4.14251e-07, 
254, 225128, -91.0585, 51.4526, 77.8498, 1.96497e-06, 6.78452e-07, -1.36505e-06, 
255, 47641.7, 121.718, -83.9102, 193.277, 8.28805e-07, 8.79202e-06, -1.33674e-05, 
256, 135132, -56.029, -193.246, -168.599, -1.39396e-06, 3.95431e-06, 1.51883e-07, 
257, 117263, -127.045, -112.311, 28.328, 2.97735e-06, 8.99995e-06, -3.26926e-06, 
258, 57070, 164.772, 170.083, 42.0626, -3.37747e-06, -3.006e-06, -2.014e-07, 
259, 88709, 10.3072, -82.8021, 73.3537, -2.06292e-07, 1.17013e-06, -8.02503e-07, 
260, 50479, 10.5685, -155.584, 58.9636, 4.79289e-06, 2.66687e-06, 6.93462e-07, 
261, 144069, -144.744, 78.5134, 67.6649, 3.71141e-06, -5.09717e-07, -1.68405e-06, 
262, 1786.06, 82.6349, -139.698, -107.408, 1.58375e-07, 2.40546e-06, 3.94849e-06, 
263, 26561.2, -195.149, -17.1829, 73.4083, 4.66869e-06, 2.40325e-06, -2.10762e-06, 
264, 136629, 140.938, 146.221, -197.802, -9.30118e-07, -6.50466e-07, 2.84699e-06, 
265, 83943.1, -103.922, 175.023, -82.6148, 2.38324e-07, -3.46725e-06, 1.09979e-06, 
266, 25264.4, -55.2399, 121.927, 58.0644, 3.70884e-07, -1.67401e-06, 5.58827e-07, 
267, 46968.8, 131.989, 68.4129, -168.465, -1.36018e-06, -9.28078e-07, 2.7465e-06, 
268, 54325.7, 67.4039, 110.971, -80.9789, -6.82988e-07, -2.24373e-06, 1.40587e-06, 
269, 6052.12, -108.783, -115.838, -5.20472, 9.85295e-07, 2.76101e-06, 3.8642e-07, 
270, 44764.5, -98.2579, 112.827, 55.441, 1.82627e-06, 2.85925e-07, 5.46017e-06, 
271, 225922, 78.8839, 156.947, 89.4587, -1.08519e-06, -3.25596e-06, -1.65819e-06, 
272, 41403.8, -38.9758, 2.62186, -99.1738, -9.68344e-08, 1.51553e-07, 1.09239e-06, 
273, 66034.9, -198.284, 168.199, 130.519, 3.4515e-06, -2.10251e-06, -1.12708e-06, 
274, 39546, 115.84, -28.3148, 147.866, -1.30917e-06, 1.60878e-07, -1.69906e-06, 
275, 255254, -54.7723, 156.115, 160.86, -2.39383e-07, -1.61005e-06, -3.35314e-06, 
276, 61414.7, 186.779, -111.61, 132.664, -3.00419e-06, 1.37229e-06, -1.23344e-06, 
277, 6634.96, -196.997, 106.403, 34.6895, 4.75827e-06, -1.33017e-06, 3.32395e-07, 
278, 5385.99, -3.13247, 66.4661, -143.038, -3.95453e-07, -1.3143e-06, 2.98555e-06, 
279, 199940, 59.0475, -100.22, 94.5256, -1.50536e-06, 1.37215e-06, -2.17663e-06, 
280, 25201.5, 53.2525, -43.8803, -157.477, -9.98083e-07, -1.42894e-08, 4.23537e-06, 
281, 413018, -69.7742, 21.7948, -117.063, 9.31133e-07, 5.30914e-08, 2.08745e-06, 
282, 42272, 22.7272, 186.566, 35.7017, -1.06582e-06, -4.3397e-06, 3.44569e-07, 
283, 15483.9, -154.361, 167.131, -21.1377, 3.07862e-06, -2.86586e-06, 3.13261e-07, 
284, 125608, -14.776, 0.761748, 66.0989, -6.7121e-07, 1.67283e-06, -9.08417e-07, 
285, 22123.5, 81.9798, -5.82246, 61.6471, -1.78677e-06, 6.73199e-07, -1.69488e-06, 
286, 82824.5, -103.492, -37.0761, 122.188, 2.17953e-06, 9.1837e-07, -1.89888e-06, 
287, 56169.4, -132.355, -100.712, -166.792, 1.05261e-06, 1.23815e-06, 3.27478e-06, 
288, 21766.3, -98.2267, -176.406, 190.857, 1.26986e-06, 1.75895e-06, -2.69877e-06, 
289, 55210.1, -181.952, 138.358, -140.649, 3.13885e-06, -1.8417e-06, 2.30712e-06, 
290, 8414.76, 152.616, 178.232, -98.3595, -1.33418e-06, -2.19622e-06, 1.13817e-06, 
291, 9191.2, 32.8486, 52.0793, -42.5212, -1.10011e-06, -4.40337e-07, 2.13076e-06, 
292, 248731, -176.175, -90.5446, -145.353, 2.82524e-06, -2.93649e-08, 1.6392e-06, 
293, 1446.5, -19.7689, 89.6889, -98.8943, -1.09235e-06, -2.5204e-06, 2.48896e-06, 
294, 83503.5, 197.153, 171.01, -157.687, -3.70284e-06, -1.07918e-06, 2.66499e-08, 
295, 237272, 41.6377, -143.973, 66.6735, -3.6118e-06, 1.1275e-06, 8.72184e-07, 
296, 130493, 112.726, 33.267, 65.2317, -1.05508e-06, -8.10062e-07, -1.00398e-06, 
297, 139091, -158.288, 102.153, 43.4817, 3.98143e-06, 5.24279e-09, 2.31838e-06, 
298, 68884.2, -196.27, -58.5296, 54.746, 4.06529e-06, 1.00233e-06, -1.16535e-06, 
299, 254226, 37.6292, -58.0227, -28.5738, -9.25064e-07, 9.36734e-07, 7.15506e-07, 
300, 166886, -150.397, -181.152, 171.511, 8.34574e-07, 2.21287e-06, -2.5497e-06, 
301, 159221, -123.424, -160.698, -177.727, 2.4406e-06, 1.96616e-06, 3.09684e-06, 
302, 194573, 141.619, 91.951, 25.9894, -2.80729e-06, -8.72538e-07, -1.99771e-07, 
303, 604141, -135.298, 190.512, 126.009, 2.71035e-06, -4.50071e-06, -1.22693e-06, 
304, 319435, -43.5225, 102.825, 179.175, 1.9798e-07, -1.01056e-06, -3.73252e-06, 
305, 12683.8, 49.1103, -43.1367, 14.871, -4.71715e-07, 1.51002e-06, -3.17483e-08, 
306, 22117.5, 77.1539, -33.6281, -35.6038, -1.55788e-06, 4.24448e-07, 1.24897e-06, 
307, 183918, 186.652, -49.0206, 125.037, -3.14521e-06, 8.87949e-07, -1.56457e-06, 
308, 17338.9, 151.48, -15.6925, 87.8571, -3.05862e-06, 4.9604e-07, -1.50342e-06, 
309, 58704.5, 172.687, 124.233, -161.731, -3.28505e-06, -2.08088e-06, 3.49569e-06, 
310, 546.896, -182.776, 14.0875, -42.816, 3.88896e-06, 2.11617e-08, 1.64728e-06, 
311, 259127, -68.4252, -125.689, 49.6746, 1.11974e-06, 3.38572e-06, 3.05723e-06, 
312, 53242.8, 73.71, -27.0516, 15.7162, -4.6911e-06, 6.36437e-06, -4.92048e-06, 
313, 150245, -63.3622, -73.0721, -80.7883, 4.85883e-07, 2.1944e-06, 9.97286e-07, 
314, 168444, -70.1404, 86.7256, 23.7771, 9.65495e-07, -1.38252e-06, 1.11512e-06, 
315, 23839.5, 82.7612, 169.433, -142.748, -4.31839e-07, -2.37768e-06, 1.841e-06, 
316, 102435, 174.895, -56.8477, -122.624, -2.68898e-06, -9.27721e-08, 1.42896e-06, 
317, 247038, -169.04, -59.7943, 16.2986, 3.41935e-06, 1.35002e-06, -3.03811e-07, 
318, 31038.6, 189.031, 82.47, -157.752, -2.86329e-06, -3.7225e-07, 1.69266e-06, 
319, 77204.7, 182.102, 194.615, 182.574, -1.97228e-06, -2.08148e-06, -1.73754e-06, 
320, 66784, -175.583, -161.46, -93.8474, 3.64713e-06, 3.98847e-06, 2.58418e-07, 
321, 124793, 134.086, 104.297, 0.391126, -2.31508e-06, -1.6769e-06, 1.26389e-06, 
322, 62564.2, 117.428, -134.956, -106.79, -1.74638e-06, 2.36485e-06, 2.74585e-06, 
323, 21445.8, -98.0746, 57.4726, -54.0035, 2.9263e-07, -5.48676e-07, 1.58382e-06, 
324, 95521, 138.004, 84.0113, 76.1003, -2.53691e-06, -6.20877e-07, -9.14201e-07, 
325, 355000, 188.384, -71.7302, -60.2818, -3.52727e-06, 7.49986e-07, 8.46473e-07, 
326, 283528, 101.276, -33.8037, 185.435, -2.78364e-08, 2.53616e-07, -2.74663e-06, 
327, 114696, -148.509, 67.529, 105.941, 4.16309e-06, 3.78205e-07, -1.7894e-06, 
328, 6370.22, -199.397, 15.2773, 195.412, 2.46357e-06, 2.19896e-07, -2.38961e-06, 
329, 25624.8, -109.749, -91.8577, -37.6553, 1.45444e-06, 2.06089e-06, 1.50593e-06, 
330, 162064, 128.839, 160.439, 6.44251, -1.21272e-06, -2.63674e-06, 9.82662e-07, 
331, 116315, -109.788, -107.561, 150.659, 1.21417e-06, 1.78977e-06, -2.4906e-06, 
332, 16169.3, -4.93121, -13.9629, 11.5484, -5.67299e-07, 1.30793e-06, 9.00057e-08, 
333, 50989.1, -188.971, -78.8001, 56.538, 3.68042e-06, 1.81226e-06, -1.19265e-06, 
334, 71134.8, -150.306, -107.834, -117.24, 1.40323e-06, 2.62391e-06, 4.65888e-07, 
335, 165242, -176.39, -173.996, 96.384, 1.97386e-06, 2.16235e-06, -6.7628e-07, 
336, 92849.5, -173.267, -134.368, 16.6539, 3.84739e-06, 2.41429e-06, 2.62525e-08, 
337, 118996, 33.1785, 61.6897, -187.53, -8.46102e-07, -1.08179e-06, 3.45886e-06, 
338, 13106.6, 0.807644, 99.6605, 45.4444, -4.94416e-07, -1.70955e-06, 2.46918e-07, 
339, 96780.4, -133.944, -9.82603, 118.138, 3.14573e-06, 8.16378e-07, -2.31484e-06, 
340, 24713.9, 45.3743, 159.622, 45.9552, -1.46196e-06, -3.90367e-06, 5.7763e-07, 
341, 248040, 168.037, -190.073, -0.842937, -2.22607e-06, 2.83379e-06, 9.68447e-08, 
342, 127842, -29.167, 159.311, 15.8935, -1.01646e-06, -3.43236e-06, 8.82315e-07, 
343, 67429.1, 161.014, -4.352, -154.708, -3.6131e-07, 2.17572e-08, 2.6429e-07, 
344, 40848.1, -164.191, -129.066, 21.1956, 1.64105e-06, 1.27736e-06, -1.12863e-06, 
345, 75900.9, 193.833, -33.417, 65.9624, -3.77919e-06, 4.27515e-07, -4.5785e-07, 
346, 7345.82, 132.176, 106.705, -21.9922, -2.3543e-06, -1.82835e-06, 1.63855e-06, 
347, 17100.1, -12.3786, -111.169, -147.121, -8.78792e-07, 9.58231e-07, 2.99146e-06, 
348, 37662.8, 132.8, 109.716, 96.3006, -1.75308e-06, -1.20461e-06, -1.50857e-06, 
349, 16713.7, -53.5896, -11.7138, 33.305, 1.09737e-06, 1.80699e-06, -3.27992e-07, 
350, 6406.26, 148.556, -198.177, -182.092, -1.31126e-06, 2.37203e-06, 1.72533e-06, 
351, 15187.5, -118.158, 44.4411, -73.6275, 1.45861e-06, -1.10439e-06, 1.25319e-06, 
352, 54170.1, -196.902, -97.3897, -158.274, 4.49263e-06, 3.08277e-07, 7.00037e-07, 
353, 47012.1, 82.9366, 103.558, -89.2458, -1.10218e-06, -1.92781e-06, 1.20985e-06, 
354, 53176.7, 1.99547, 180.901, 30.8765, -1.09685e-06, -3.09674e-06, 7.42314e-07, 
355, 19998.4, -115.267, -101.026, 130.33, 1.68197e-06, 1.61812e-06, -1.5202e-06, 
356, 118667, 176.444, -59.3426, -193.113, 9.00028e-06, 4.49562e-06, -2.4165e-06, 
357, 213507, 66.1095, 86.7227, -43.5986, -1.33986e-06, -1.56278e-06, 1.53551e-06, 
358, 65591.2, -35.7573, 57.9638, -83.5186, -4.48498e-07, 8.33071e-07, 1.18998e-06, 
359, 189769, 1.92126, 135.923, 3.57001, -5.62857e-07, -3.18572e-06, 1.00728e-06, 
360, 4373.77, -158.362, 1.60642, -114.99, -3.24358e-06, 1.40953e-07, 1.53353e-06, 
361, 76561, 61.2804, 151.578, 120.446, -1.10426e-06, -2.63775e-06, -2.38424e-06, 
362, 34139.2, -15.9618, 158.336, -132.281, -2.74778e-07, -2.82162e-06, 1.88623e-06, 
363, 73625.2, -77.5917, 49.9801, -82.2965, 6.87953e-07, -1.07994e-06, 1.6548e-06, 
364, 94321.2, -190.746, -50.4976, -96.7987, 4.35043e-06, 1.08079e-06, 1.24201e-06, 
365, 290861, -34.6131, -42.0655, 17.759, 6.18955e-07, 1.61372e-06, -1.12078e-07, 
366, 78076.4, -95.7156, -184.5, 106.121, 8.92313e-07, 3.13359e-06, -1.54187e-06, 
367, 41433.3, -109.777, -79.8501, 94.4041, 1.7664e-06, 1.30789e-06, -1.6464e-06, 
368, 39861.8, -80.4763, 56.2164, -143.963, 1.04405e-06, -8.64852e-07, 3.54891e-06, 
369, 115840, 37.6623, -143.302, 76.093, 3.16858e-07, 6.74712e-07, -8.58562e-06, 
370, 75816.6, 6.62926, 113.929, 45.8934, -5.51842e-07, -2.54347e-06, 5.21631e-07, 
371, 55498.7, 82.7126, -38.8028, 94.4268, -1.63136e-06, 7.2836e-07, -2.10767e-06, 
372, 26760.1, -48.5836, -119.502, 42.0284, -6.94557e-07, 1.58429e-06, 1.05441e-06, 
373, 23304.4, 126.812, 185.564, 55.5506, -1.28389e-06, -4.10297e-06, -7.19007e-08, 
374, 42886.7, 136.92, -28.2831, 83.6495, -2.38133e-06, 7.63944e-07, -1.63963e-06, 
375, 45399.1, 149.335, 165.828, 195.082, -2.37422e-06, -1.07221e-06, -2.31672e-06, 
376, 67260.1, 121.256, 127.562, 23.8471, -1.12626e-06, -1.46086e-06, 8.89568e-07, 
377, 32688.9, -149.917, 48.9234, -103.837, 2.63292e-06, -6.29542e-07, 2.77688e-06, 
378, 13139.3, -69.8755, 16.3998, 24.9429, 6.25189e-06, 1.33236e-06, 4.48208e-07, 
379, 31345.3, -77.141, 124.085, 11.5714, 1.25183e-06, -3.69423e-07, -3.75268e-07, 
380, 14832.5, 66.5739, 74.5889, 60.387, -1.79776e-06, -6.86474e-07, -1.20122e-06, 
381, 331736, -195.784, 25.9614, -23.3545, 4.32257e-06, -5.44038e-07, 6.14657e-07, 
382, 151295, 63.1943, 47.0403, -17.9586, -1.7751e-06, -6.94752e-07, 1.72711e-06, 
383, 278586, 93.8407, 178.383, 192.298, -6.44625e-07, -1.71154e-06, -3.22363e-06, 
384, 14090.4, -32.3915, 54.3703, 91.1401, -4.35695e-07, 1.30679e-06, -3.186e-06, 
385, 23896.9, -158.281, -35.1704, 45.4681, 1.78483e-06, 1.3574e-06, -1.65029e-06, 
386, 114500, -92.6098, -33.3565, -129.146, 1.19502e-06, 9.3514e-07, 2.73868e-06, 
387, 56907.8, -11.4188, -182.77, 183.416, 2.47824e-07, 2.85543e-06, -2.59061e-06, 
388, 120192, 197.128, -6.53018, 105.633, -3.57081e-06, -4.14592e-07, -1.61541e-06, 
389, 86072.3, 146.451, -78.1405, 66.6313, -3.73505e-06, -6.70398e-07, -1.22586e-06, 
390, 13617.3, -7.09069, 146.061, -9.16958, 1.32852e-08, -4.07455e-06, 2.30895e-06, 
391, 183788, -74.8844, 193.468, 141.287, 5.31116e-07, -5.17207e-06, -1.41256e-06, 
392, 221787, -27.8385, 138.585, -52.3291, -9.71141e-08, -2.92543e-06, 1.67088e-06, 
393, 151813, 19.0414, 111.809, 69.2909, -9.85096e-07, -1.76315e-06, -6.11617e-07, 
394, 82139.5, -73.6112, 138.144, -27.1443, 9.56922e-07, -3.26162e-06, 2.16351e-06, 
395, 120537, 34.3687, -37.6591, 169.162, -6.63727e-07, 1.79447e-07, -3.78434e-06, 
396, 16096.8, 113.384, 28.8873, -33.4495, -1.78122e-06, 5.16883e-07, 2.13147e-06, 
397, 75481.3, 144.466, -21.4093, 47.5846, -3.15414e-06, 5.08685e-08, -7.10944e-07, 
398, 114708, 33.6562, -52.2347, 143.043, -3.74027e-06, -2.11102e-06, -1.19594e-06, 
399, 91607.7, -175.489, 60.7052, -110.248, 3.8887e-06, -8.85411e-07, 2.26942e-06, 
400, 22853.6, -187.181, -187.401, -152.93, 1.92897e-06, 2.321e-06, 1.22293e-06, 
401, 38506.7, -13.6206, 54.7748, 111.226, -5.34366e-07, 3.76364e-07, -3.49167e-06, 
402, 140116, 59.9767, -9.84486, 29.7926, -9.0994e-07, 8.60536e-07, -1.5044e-06, 
403, 38237.7, -168.872, -173.413, 157.941, 2.25915e-06, 9.47521e-07, -2.2566e-06, 
404, 187722, -4.02795, -52.0913, -171.619, 1.41867e-07, 7.94579e-07, 3.46958e-06, 
405, 78690.2, -40.6197, -171.429, -26.6256, 4.75818e-07, 3.39602e-06, 4.88025e-07, 
406, 128969, -110.726, 110.871, 145.053, 1.96936e-06, -9.78552e-07, -3.23176e-06, 
407, 51572.3, -68.4757, 172.193, -110.549, -2.7131e-08, -2.88902e-06, -3.78069e-09, 
408, 4570.13, 181.654, -79.8154, 35.6547, -4.13395e-06, 2.2294e-06, -2.12854e-07, 
409, 108518, -137.776, 72.3191, 120.711, 3.38419e-06, -3.82229e-08, -3.51404e-06, 
410, 45.8464, 94.727, -146.276, -146.652, -5.37801e-07, 2.25954e-06, 1.90927e-06, 
411, 42689.8, 41.192, -58.1315, -185.402, -7.60066e-07, 7.61406e-07, 3.8657e-06, 
412, 199315, -173.507, -61.5285, -83.8138, 2.65347e-06, 1.76168e-06, 7.93334e-07, 
413, 56260.4, 161.773, -131.045, -75.7475, -5.54669e-06, 1.59218e-06, 1.35375e-06, 
414, 92867.3, -124.864, 50.3818, 195.795, 2.21125e-06, 4.54655e-07, -3.99165e-06, 
415, 31709.7, 80.5235, -124.07, -102.185, -2.28736e-07, 1.22253e-06, 2.55545e-06, 
416, 14458.6, 43.5521, 189.579, -73.2175, -1.63168e-07, -3.42709e-06, 1.09686e-06, 
417, 233947, -160.805, 113.078, 53.355, 4.06564e-06, -1.97675e-06, -5.97793e-07, 
418, 116131, -0.254456, 134.796, 73.4803, -7.82809e-07, -2.63034e-06, -6.20396e-07, 
419, 72000.8, -14.9537, 25.4524, 46.2824, -2.84691e-07, 3.5954e-07, 1.47253e-07, 
420, 16082.9, 179.422, 87.8914, -3.01734, -3.77576e-06, -6.0032e-07, 1.05094e-06, 
421, 182467, -168.587, -4.68459, -29.1212, 3.43547e-06, 5.49795e-07, 1.72555e-07, 
422, 54.8658, 94.8354, 24.8815, 105.347, -1.11893e-06, -2.47849e-07, -2.39319e-06, 
423, 219400, -189.468, -1.36786, 68.0804, 4.3708e-06, 3.22609e-07, -1.49944e-06, 
424, 191784, -75.8741, 135.354, 3.0861, 9.5013e-07, -3.01655e-06, 1.21112e-06, 
425, 69916.2, 65.5597, -39.2008, -115.004, -4.21756e-07, 2.63321e-06, -8.10278e-06, 
426, 79984.5, -123.099, -95.0585, 47.3852, 2.06645e-06, 1.98544e-06, -6.81338e-07, 
427, 19156.9, 56.4393, 96.7049, -151.759, -2.41121e-06, 8.32284e-07, 4.83221e-06, 
428, 382925, -136.07, 159.288, 171.263, 2.23405e-06, -1.7648e-06, -3.75155e-06, 
429, 108897, 130.367, -41.7644, 36.7573, -2.43584e-06, 7.89354e-08, -2.05029e-07, 
430, 26988.3, 8.07771, -197.646, -142.248, 8.72068e-07, 3.30491e-06, 1.08555e-06, 
431, 214294, 131.446, 144.404, 41.9747, -8.38507e-07, -2.6674e-06, 1.97437e-07, 
432, 94568.3, 67.4092, 125.176, -140.654, -1.42372e-06, -2.67374e-06, 2.20136e-06, 
433, 68593.2, 192.817, 173.22, 173.274, -2.41574e-06, -1.36034e-06, -1.64845e-06, 
434, 2557, 182.074, -102.352, -127.195, -3.81608e-06, 5.2764e-07, 2.23211e-06, 
435, 85800, 31.5692, -31.1703, -152.751, -2.64571e-07, -9.70505e-08, 3.33481e-06, 
436, 118608, -163.617, -199.198, 139.008, 1.28769e-07, 3.73968e-06, -1.49916e-06, 
437, 79731.7, -3.37116, -173.12, -181.344, -8.99896e-07, 1.43764e-06, 2.43596e-06, 
438, 54708, 44.2166, -119.839, -81.0067, -2.91621e-07, 2.19005e-06, 1.79048e-06, 
439, 446.08, -127.509, -145.18, 21.5891, 1.60675e-06, 2.73381e-06, 1.16553e-07, 
440, 115071, 71.2243, -23.0193, 11.1543, -7.77348e-07, 3.56577e-07, 2.74963e-06, 
441, 290181, -130.764, 132.731, -131.652, 1.54482e-06, -1.74378e-06, 3.65659e-06, 
442, 44218, 110.142, -44.7745, -57.8958, -1.73368e-06, -5.06749e-08, 9.16511e-07, 
443, 43836.9, -63.0619, -104.071, -22.9818, 9.56953e-07, 2.25632e-06, 1.14305e-07, 
444, 73457.8, -194.962, -165.611, -179.819, 1.83815e-06, 1.23323e-06, 1.49596e-06, 
445, 70616.1, 191.513, 36.547, 79.0319, -3.7831e-06, -2.52245e-07, -6.58433e-07, 
446, 180051, -172.152, 153.646, 186.421, 2.898e-06, -2.00844e-06, -3.83506e-06, 
447, 8860.79, 82.9526, -127.173, -156.442, -3.41114e-07, 1.61075e-06, 2.67435e-06, 
448, 5873.3, 2.59602, 199.742, -88.1644, -1.94512e-07, -3.23894e-06, 1.28004e-06, 
449, 72527.2, 188.115, -115.401, -41.4216, -3.45156e-06, 1.99673e-06, -1.52442e-07, 
450, 125310, 91.0925, 160.557, -62.4621, -1.03238e-06, -2.57951e-06, 1.26538e-06, 
451, 23382.4, -69.0234, 48.6503, 166.664, -1.5563e-07, 1.07069e-06, -3.45971e-06, 
452, 149332, 144.015, 26.1641, -191.739, 1.61519e-06, 3.11998e-06, 7.89724e-07, 
453, 23778.4, 106.08, -66.3552, 38.4151, -1.81873e-07, -1.06109e-06, -9.20522e-08, 
454, 49536.9, 20.4512, -27.829, 47.2232, -2.45102e-07, 1.36018e-06, -3.4793e-07, 
455, 8677.89, 154.281, -195.988, 59.8712, -2.16074e-06, 3.35896e-06, -7.93801e-07, 
456, 108441, 155.825, -162.327, 46.4787, -3.15142e-06, 2.59138e-06, -9.45733e-08, 
457, 202403, -158.212, 5.1139, -165.211, 2.24634e-06, 3.32837e-07, 3.69699e-06, 
458, 3278.69, 1.9541, -9.41049, 159.702, -4.0395e-07, -1.99648e-07, -3.90535e-06, 
459, 34712.4, -50.9092, -135.815, -158.882, -1.15246e-07, 1.42455e-06, 3.11028e-06, 
460, 4440.19, 152.824, 168.113, -55.7375, -1.81876e-06, -2.03207e-06, 9.55867e-07, 
461, 61388.7, 101.362, 198.598, 80.7602, -1.1592e-06, -4.39496e-06, -4.93623e-07, 
462, 166881, 148.285, 31.5838, -199.703, -2.58473e-06, -2.07618e-06, 7.38252e-06, 
463, 248139, -98.3716, 24.859, -61.5723, 8.82995e-07, 2.56613e-07, 9.5426e-07, 
464, 73808.8, -101.93, 78.2397, -156.301, 1.25589e-06, -1.20416e-06, 2.89195e-06, 
465, 8823.84, 186.203, 121.057, -50.1531, -3.08861e-06, -9.56838e-07, 7.77525e-07, 
466, 4005.08, 49.5287, -124.949, -0.893796, -3.45289e-06, 2.84347e-06, -2.09975e-06, 
467, 38988.3, -172.588, 175.83, 166.466, 3.29944e-06, -3.03072e-06, -1.93433e-06, 
468, 62245.3, -83.6152, -79.0566, 185.853, 6.19112e-07, 1.24067e-06, -3.80509e-06, 
469, 31269.4, 52.3337, 103.966, -151.505, -1.02762e-06, -2.0352e-06, 6.25553e-06, 
470, 67484.3, -58.0543, 168.233, 76.7815, 1.61712e-07, -4.12533e-06, -7.01287e-07, 
471, 39002.6, 58.6019, 183.174, 148.276, -9.60119e-07, -3.34011e-06, -1.39364e-06, 
472, 130337, -94.7653, -104.468, -166.697, 9.10957e-07, 8.9506e-07, 3.12311e-06, 
473, 10756.3, -32.7242, -129.563, -90.859, 4.22679e-07, 2.88263e-06, 9.9281e-07, 
474, 97494.8, 161.71, -18.7436, -179.863, -7.65273e-07, 4.81979e-07, 2.38217e-06, 
475, 78735.6, -92.0353, -96.1414, -68.9277, 1.4913e-06, 2.09677e-06, 9.98169e-07, 
476, 38710.6, 68.0875, -159.351, 170.488, -8.67132e-07, 2.06612e-06, -2.7072e-06, 
477, 57054.2, -137.917, 153.735, -90.4739, 4.20866e-06, -5.24065e-07, -6.71766e-07, 
478, 43436.7, 76.6704, 124.756, 169.293, -2.26586e-06, -1.29874e-06, -2.14436e-06, 
479, 133989, 11.751, 46.12, 101.644, -1.33732e-06, 4.18879e-07, -2.68714e-06, 
480, 12963, -71.3352, 26.8704, -124.565, 3.34937e-06, -7.71118e-06, 1.35141e-05, 
481, 38813.8, -108.537, 197.247, -158.075, 1.74196e-06, -5.32184e-06, 3.03053e-06, 
482, 19510, -92.5497, 51.7266, 176.583, 1.61533e-06, 7.83335e-06, -4.34532e-06, 
483, 290999, -110.238, 77.6822, 116.428, 2.03624e-06, -2.89051e-07, -3.07521e-06, 
484, 6887.44, -99.1821, -154.763, 99.2057, 1.85216e-06, 3.17295e-06, -2.38809e-06, 
485, 75977.8, -122.626, -79.5572, 52.8977, 1.96883e-06, 1.68226e-07, -1.41491e-06, 
486, 58614.4, 86.3285, -191.076, 15.8357, -1.93345e-06, 4.16885e-06, 5.20043e-07, 
487, 83792.4, 129.485, 41.2508, 57.9959, -3.58774e-06, -1.34351e-06, -2.55555e-07, 
488, 144012, 176.02, 0.79948, -162.777, -7.07343e-07, -3.30759e-06, -2.75827e-06, 
489, 315932, -179.864, -24.9883, -113.705, 3.28733e-06, 1.13142e-06, 1.76102e-06, 
490, 226569, -58.8521, 17.6911, 24.0946, 8.22575e-07, 5.19116e-07, 8.41501e-07, 
491, 345428, -84.3042, 154.83, 140.749, 7.5117e-07, -8.65383e-07, -2.21946e-06, 
492, 58241.8, 124.728, -153.756, 99.7172, -2.14831e-06, 3.27711e-06, -3.03466e-06, 
493, 1932.47, -103.995, -149.205, -105.698, 1.29505e-06, 2.50739e-06, 1.07949e-06, 
494, 67140.7, -194.356, -175.758, 84.7779, 3.35123e-06, 2.24947e-06, 4.39595e-08, 
495, 482682, 139.244, -162.383, 189.703, -2.29859e-06, 1.70648e-06, -2.84049e-06, 
496, 44619.4, 68.4095, -165.961, 151.089, -1.26046e-06, 2.48134e-06, -1.92312e-06, 
497, 256364, -188.001, 87.174, -82.8971, 4.70237e-06, -8.26709e-07, 6.92146e-07, 
498, 125373, 138.186, 55.1408, -132.934, -1.98009e-06, -6.07633e-07, 1.73529e-06, 
499, 60426.3, -50.1267, 109.649, 122.156, -3.08198e-07, -5.94812e-06, -6.02951e-06, 
500, 18450.1, 133.269, 196.141, -147.482, -1.57187e-06, -2.79073e-06, 2.13292e-07, 
501, 106186, -18.2581, -26.2509, -24.9816, 1.70014e-07, 7.47337e-07, 1.06086e-06, 
502, 172119, -122.698, 5.98068, -164.382, 9.0576e-07, 2.79493e-07, 3.54462e-06, 
503, 48392.5, -79.0445, 197.197, 11.7453, 1.15319e-06, -4.57274e-06, 9.28059e-07, 
504, 150599, 148.987, -133.799, -196.462, -1.16755e-06, 1.33833e-06, 2.75877e-06, 
505, 129552, 122.31, -21.1351, -17.3228, -2.37596e-06, 5.9646e-07, 8.62238e-07, 
506, 106045, 22.4789, 58.7201, -125.349, -8.70486e-07, -9.23297e-07, 2.41001e-06, 
507, 157163, -16.88, 179.107, -180.743, -2.29005e-07, -2.10894e-06, 2.60382e-06, 
508, 21299.6, -98.0138, 81.2004, 100.664, 9.77672e-07, -8.2052e-07, -1.45431e-06, 
509, 88940.5, -1.84349, -154.835, -127.455, -1.92349e-06, 1.56434e-06, 3.93224e-06, 
510, 53784.1, 134.664, 106.817, -51.0399, -2.4672e-06, -1.63979e-06, 1.124e-06, 
511, 96829.3, 136.818, 139.201, -102.518, -1.73696e-06, -1.7786e-06, 1.25446e-06, 
512, 20120.7, -68.5368, -10.0889, 96.6664, 4.89132e-07, 2.64737e-06, -1.026e-06, 
513, 225434, 87.8174, -129.228, 34.7597, -1.86036e-06, 2.25766e-06, -4.89503e-07, 
514, 100954, 8.95911, 45.899, -190.525, -6.90826e-08, -8.25568e-07, 3.71434e-06, 
515, 65326.7, 54.0534, 165.669, -77.2116, -2.91889e-07, -2.85312e-06, 1.24116e-06, 
516, 128158, -145.146, 159.655, -140.663, 2.58173e-06, -2.37984e-06, 3.14129e-06, 
517, 16357, -115.755, -192.332, 96.5095, 1.57477e-06, 3.40991e-06, -1.07198e-06, 
518, 67146.6, -115.616, 116.215, 103.95, 2.97174e-06, -1.40093e-06, -2.94819e-06, 
519, 52408.1, -184.14, 81.5043, -172.749, 2.98139e-06, -2.46955e-06, 3.51063e-06, 
520, 148315, 189.107, 38.0531, 120.024, -3.47817e-06, -3.9433e-07, -1.60882e-06, 
521, 153494, -132.481, 161.589, -94.5764, 9.05064e-07, -4.65567e-06, 1.65195e-06, 
522, 59585.1, 35.8044, 116.339, 11.4813, -1.33462e-06, -2.70105e-06, 8.25621e-07, 
523, 329315, 148.506, -123.164, -76.238, -2.11463e-06, 1.38019e-06, 8.97637e-07, 
524, 25830.6, 146.148, 111.544, -145.045, -7.10655e-07, -7.17904e-07, 1.2536e-06, 
525, 289410, -125.514, 130.824, -105.94, 9.80684e-07, -9.48176e-07, 2.03783e-06, 
526, 232490, -76.8063, 5.81371, 107.899, 6.94476e-07, 1.00073e-06, -1.56044e-06, 
527, 210338, -150.704, 57.485, -84.3991, 2.62265e-06, -9.24944e-07, 8.6612e-07, 
528, 2650.92, -190.392, -55.8083, -31.1901, 3.15813e-06, -7.3023e-07, 6.22292e-08, 
529, 33574.4, -130.972, 163.268, -139.231, -1.70335e-07, -3.25316e-06, 2.73905e-06, 
530, 79534.5, -170.608, 80.2382, 3.87801, 4.08251e-06, -1.47331e-06, 6.92116e-07, 
531, 7399.67, -145.253, -139.214, 183.356, 1.01959e-06, 1.79948e-06, -2.91492e-06, 
532, 193178, -48.1182, 195.564, 131.024, -3.38831e-07, -4.58085e-06, -1.00273e-06, 
533, 58863.5, -1.66919, -82.0202, -56.3655, -1.12309e-06, 3.06511e-06, 2.45679e-07, 
534, 65724.6, -69.1255, -151.007, -156.794, -7.67711e-07, 1.96317e-06, 3.14823e-06, 
535, 88964, 157.838, -18.5008, -199.337, -9.11825e-07, -1.67614e-08, 3.95801e-06, 
536, 26305.7, -193.155, -120.973, -128.591, 5.48366e-06, 4.00339e-06, 9.38539e-07, 
537, 120985, 58.8065, -43.328, 64.6987, -1.42882e-06, 8.09627e-07, -1.37577e-06, 
538, 78922.7, 120.651, 66.7563, -112.109, -1.94981e-06, 5.30952e-07, 9.69026e-07, 
539, 18974.8, 87.2706, -99.6151, 153.495, -1.17267e-06, 1.92979e-06, -1.92133e-06, 
540, 23552.6, -67.6917, 128.211, -23.366, -4.06451e-07, -1.24079e-06, 1.65225e-06, 
541, 205909, -160.261, 19.8367, -117.627, 9.49493e-07, -4.92632e-07, 1.94562e-06, 
542, 3930.54, -62.1816, 134.316, -111.846, 2.45308e-07, -2.11373e-06, 1.64681e-06, 
543, 249225, -166.82, 131.192, 61.3944, 4.4593e-06, -3.62677e-06, -8.62672e-07, 
544, 206509, 11.4844, -108.331, 136.621, -2.75599e-07, 1.5138e-06, -2.30706e-06, 
545, 17326.2, -66.7829, -70.7932, 92.3457, 1.30132e-06, 1.14046e-06, -1.36007e-06, 
546, 165243, -31.4407, -11.5932, -121.834, -2.09279e-07, 9.30584e-07, 3.08012e-06, 
547, 127647, 101.241, 193.657, 169.655, -3.19233e-06, -4.12671e-06, -3.8234e-06, 
548, 24395.2, 23.5178, -177.14, -50.7849, -1.95937e-07, 3.60276e-06, 1.39685e-06, 
549, 78516.3, -29.1175, 105.453, -137.045, 7.42373e-07, -2.14059e-06, 1.69382e-06, 
550, 42897.9, -155.679, -65.0644, 51.1059, 2.87139e-06, 1.20199e-06, -1.59225e-06, 
551, 280077, -104.449, -155.733, -160.368, 1.60053e-06, 1.86938e-06, 1.8895e-06, 
552, 61546.5, 182.141, -55.3736, -22.6413, 2.49241e-06, -5.61403e-06, 7.01394e-06, 
553, 199394, 23.7553, 58.4764, 40.4732, -1.2863e-06, -7.55568e-07, -2.83359e-07, 
554, 53184.3, -165.872, -182.977, 148.902, 1.31945e-06, 1.79152e-06, -1.80094e-06, 
555, 123096, 180.761, 129.946, 106.131, -4.16643e-06, -1.87533e-06, -1.93621e-06, 
556, 128909, 127.786, -116.945, -75.8836, -3.65416e-07, 1.33444e-06, 9.76468e-07, 
557, 436560, 99.0305, 20.3389, 13.969, 6.07532e-08, 2.74776e-06, 6.97925e-07, 
558, 3772.37, -106.574, 36.6771, 137.82, 2.43428e-06, 2.44477e-07, -3.18284e-06, 
559, 31398.8, -166.791, -14.4461, 187.519, 2.36896e-06, 3.03921e-07, -2.98968e-06, 
560, 359554, 1.51591, 88.5437, -12.2235, 1.65798e-06, -1.65514e-06, -2.70519e-07, 
561, 50133.5, -22.2903, 23.8092, -106.787, 2.70528e-06, -1.03524e-06, -1.07847e-06, 
562, 139692, -174.566, 188.383, -48.3097, 2.97059e-06, -3.46545e-06, 3.904e-07, 
563, 79239.6, -144.152, 190.312, -60.7657, 1.60903e-06, -3.9414e-06, 7.79626e-07, 
564, 123039, -134.702, -88.8271, -7.96928, 2.35804e-06, 1.77582e-06, 3.18542e-07, 
565, 89201.3, -12.829, 65.2003, 38.466, -8.12426e-08, 2.86539e-07, 1.26642e-06, 
566, 197434, -152.677, 180.803, -125.102, 2.45727e-06, -3.43306e-06, 1.7142e-06, 
567, 9731.33, 162.065, -40.6846, -32.2061, -2.30962e-06, 3.79908e-07, 3.74432e-07, 
568, 392565, 125.445, 56.1507, -27.2331, -2.51164e-06, -1.04795e-06, 1.53849e-06, 
569, 179910, 144.353, 37.1149, 107.562, -2.78629e-06, -5.52101e-07, -2.07895e-06, 
570, 31215.4, -55.1319, 30.3455, -56.636, 3.17221e-08, 3.35926e-08, 9.01801e-07, 
571, 256099, -65.7168, 184.116, 40.1708, 5.99269e-07, -4.70042e-06, 1.13539e-07, 
572, 24733.3, 91.0211, 151.362, -46.7589, -1.09383e-06, -1.94586e-06, 3.2354e-07, 
573, 359030, 163.931, 195.879, -198.532, -7.28652e-07, -2.65484e-06, 2.51042e-06, 
574, 32167.3, -179.729, -128.249, -140.167, 2.40642e-06, 3.76146e-06, 1.86877e-06, 
575, 15433.9, -0.509752, 185.832, 31.8242, 1.55632e-06, -8.36191e-06, -3.176e-07, 
576, 64361.6, -20.2203, 105.191, -144.925, -1.27336e-06, -1.81932e-06, 3.61991e-06, 
577, 29269.2, 56.037, -63.6459, 3.4647, -9.81443e-07, 1.23326e-06, 3.67384e-08, 
578, 141005, 10.5082, 66.5917, -79.9073, -8.31842e-07, -1.16463e-06, 1.72604e-06, 
579, 157770, 114.492, -78.6214, -50.9574, -1.59049e-06, -8.92688e-08, 6.25234e-07, 
580, 13854.6, -26.9545, 24.575, 78.9976, -2.54588e-07, 3.43005e-07, -2.1828e-06, 
581, 108769, 28.1416, -57.9549, 145.582, 2.23932e-06, 4.00051e-06, -4.01616e-06, 
582, 75344.3, -38.9234, -138.124, 41.3149, 1.51409e-07, 3.32942e-06, 3.28623e-07, 
583, 17368.3, -190.214, 109.801, 68.1163, 5.37816e-06, -1.03728e-06, -7.30381e-07, 
584, 25097.2, -110.262, 98.2187, 71.4945, 3.40561e-06, 6.9797e-07, -6.83143e-07, 
585, 51922.5, 147.903, 48.8608, -138.489, -3.99252e-06, 5.93309e-07, 2.6544e-06, 
586, 19321.2, 77.1182, -64.9298, 168.625, -8.13289e-07, 9.53595e-07, -2.8605e-06, 
587, 43781.5, -81.9024, 124.59, -14.6984, 1.80902e-06, -1.56674e-06, 1.83455e-06, 
588, 201583, 167.134, 131.926, 96.8698, -1.96361e-06, -2.8077e-06, -6.46329e-07, 
589, 55504.2, -137.659, 67.4188, -167.401, 1.83021e-06, -1.67679e-06, 3.7308e-06, 
590, 21792.2, 98.4214, 176.135, -93.4168, -1.43786e-06, -2.5578e-06, 9.92618e-07, 
591, 59864.1, 14.7276, 157.968, 101.125, -8.43508e-07, -3.63874e-06, -1.56348e-06, 
592, 122333, -18.0387, 133.111, 99.0981, -4.12411e-07, -2.46187e-06, -2.10528e-06, 
593, 650.863, 199.838, -46.1528, 5.71379, -4.21844e-06, 1.40559e-07, -2.4555e-07, 
594, 143569, 50.8899, -35.947, -75.8073, -1.13064e-06, 1.86231e-07, 1.42848e-06, 
595, 19775.5, -113.197, 73.2632, 23.8925, 1.3964e-06, -1.28957e-06, 1.01065e-06, 
596, 14388.3, -120.597, 121.06, 165.981, 1.78375e-06, -9.13893e-07, -3.69085e-06, 
597, 26721.8, -24.0886, 0.48893, -108.643, -9.48628e-07, 6.93792e-07, 1.33319e-06, 
598, 73087.4, 34.2609, 90.1015, -193.423, -6.01527e-07, -1.50655e-06, 3.60379e-06, 
599, 273504, -130.619, 28.8417, -97.8182, 1.36687e-06, 1.47438e-07, 1.90707e-06, 
600, 37687.6, 63.7484, -145.013, 23.0199, -1.56525e-06, 2.23209e-06, 1.61159e-07, 
601, 77219.1, 134.94, 132.081, 196.097, -1.80054e-06, -1.02471e-06, -2.76595e-06, 
602, 91095.9, -199.223, -145.345, 99.9211, 3.06071e-06, 1.16636e-06, -9.46853e-07, 
603, 246899, 42.5086, -170.222, 41.9404, -8.60458e-07, 3.03479e-06, 1.75563e-06, 
604, 40057, 48.4041, -83.1623, 169.43, -1.30256e-06, 1.1037e-06, -3.07415e-06, 
605, 24081, -97.2815, -199.545, 97.9338, 8.53453e-07, 4.04808e-06, -7.82789e-07, 
606, 173135, 194.3, 126.922, 117.544, -4.45929e-06, -1.06363e-06, -2.50475e-06, 
607, 45954.7, 166.435, 64.8692, -30.1145, -3.86409e-06, -9.31133e-07, 1.14197e-06, 
608, 11347.6, -9.63003, -151.406, 51.9403, 2.1633e-06, 2.76345e-06, -2.78481e-08, 
609, 37887.1, -22.548, 63.6838, -164.149, -2.99358e-08, -1.11981e-06, 3.44756e-06, 
610, 65729.8, 38.0355, 146.929, -5.84864, -9.21409e-07, -3.62071e-06, 1.5872e-06, 
611, 15608.1, -78.9179, -139.022, 199.028, 8.36056e-07, 1.45484e-06, -3.09874e-06, 
612, 50639.6, 79.7427, 114.518, -37.1509, -1.56753e-06, -2.49839e-06, 1.22001e-06, 
613, 65192.8, -46.3876, 185.879, 174.839, -1.13292e-06, -3.54701e-06, -3.26247e-06, 
614, 129145, -180.165, 88.3559, 92.3905, 4.55431e-06, -6.87105e-07, -1.41026e-06, 
615, 4761.09, 61.1512, 137.168, 50.353, -1.40661e-06, -2.94387e-06, 9.86823e-07, 
616, 2987.29, 167.039, -55.6415, -50.9113, -2.05498e-06, 1.33571e-07, 5.75316e-07, 
617, 145652, -194.809, -171.336, 7.27806, 2.98866e-06, 2.24789e-06, -5.08051e-08, 
618, 230321, 164.555, 110.238, 97.8557, -2.55342e-06, 1.57679e-07, -1.40853e-06, 
619, 125826, 190.928, 182.062, -143.005, -2.12376e-06, -2.42626e-06, -2.22871e-07, 
620, 65620.6, 36.8117, 5.77278, -35.8667, -9.54653e-07, 1.75329e-07, 1.68551e-06, 
621, 8792.11, 190.365, -146.322, -185.135, -2.80592e-06, 1.60962e-06, 2.01288e-06, 
622, 186526, -159.202, -193.226, 23.8286, 2.25149e-06, 3.19524e-06, -1.34725e-07, 
623, 44734.4, -195.269, -57.999, -55.6411, 4.10417e-06, 1.21426e-06, 1.29336e-06, 
624, 89909.4, 30.5446, 157.583, -134.723, -3.10722e-07, -2.74862e-06, 1.98045e-06, 
625, 27553.4, 123.403, 111.183, 175.416, -1.78565e-06, -9.78442e-07, -2.51549e-06, 
626, 264777, -104.571, 80.8856, -48.8461, 1.42409e-06, -2.10041e-06, 1.08144e-06, 
627, 19762.5, -22.0851, -139.023, -64.9065, 6.4312e-07, 3.30399e-06, 8.2471e-07, 
628, 302940, 49.1523, 103.822, -136.739, -5.6823e-07, -1.66719e-06, 2.16424e-06, 
629, 387163, -91.959, 63.8043, 176.329, 1.0834e-06, -2.32369e-07, -4.71528e-06, 
630, 2101.4, -180.59, 159.497, -70.0371, 4.84651e-06, -2.51097e-06, 1.77545e-06, 
631, 6160.88, -195.59, -49.5381, 138.378, 3.28688e-06, 6.69186e-07, -1.78572e-06, 
632, 3228.96, 136.142, 116.567, -146.326, -3.93262e-07, -1.32876e-06, 1.6471e-06, 
633, 143789, -26.2503, 178.216, 181.616, -9.601e-07, -2.19861e-06, -3.58012e-06, 
634, 73879, 52.0778, -15.0965, -127.026, -9.22707e-07, -6.50394e-07, 2.16637e-06, 
635, 111860, 88.43, -1.04192, -135.605, -1.69803e-06, -1.95875e-07, 2.31053e-06, 
636, 11102.7, -16.7793, -51.4792, -121.498, -8.69066e-07, 1.21898e-06, 2.74479e-06, 
637, 80272.9, -145.618, -171.262, -8.09707, 1.80154e-06, 2.82148e-06, 3.61348e-07, 
638, 266026, -65.8555, 188.392, 171.994, 9.82711e-07, -3.7531e-06, -3.77938e-06, 
639, 28772.3, 71.774, -36.9708, -138.32, -2.24975e-06, -4.39937e-07, 3.33639e-06, 
640, 35891, -73.8601, -22.8831, -171.803, -4.63488e-09, 1.36898e-07, 2.93211e-06, 
641, 57635.1, 120.395, 158.653, 185.682, -2.06536e-06, -8.97243e-07, -2.3636e-06, 
642, 154601, -106.057, -146.888, -67.5936, 1.5125e-06, 1.5893e-06, 1.81128e-06, 
643, 121667, 17.2598, -75.5143, 101.034, -7.18697e-07, 9.50806e-07, -2.1846e-06, 
644, 184264, -118.17, -37.4223, 21.9821, 1.53699e-06, 1.00985e-06, -1.07891e-07, 
645, 96530.6, 48.2332, 138.754, 11.5517, -1.57246e-06, -3.17324e-06, 5.70395e-07, 
646, 83052.1, -42.0886, 56.9127, 132.24, -6.92453e-08, 5.10413e-07, -3.71149e-06, 
647, 9187.4, 42.9799, 144.9, -65.7685, -4.59886e-07, -2.62427e-06, 1.30195e-06, 
648, 30301, 34.9865, 183.946, -110.035, -2.13671e-07, -3.11731e-06, 1.49763e-06, 
649, 160665, 110.525, 83.5595, -78.2904, -1.93583e-06, -1.20303e-06, 1.08194e-06, 
650, 123451, 128.653, -154.094, 44.7249, -2.08987e-06, 2.86943e-06, -2.71494e-07, 
651, 4946.2, 1.60981, -147.63, 119.386, 5.66568e-07, 2.52765e-06, -1.88137e-06, 
652, 71934.6, 179.563, 63.1836, 55.508, -3.76891e-06, -4.80821e-07, -5.1662e-07, 
653, 45279.4, -58.6742, -44.0564, 144.618, 1.7615e-07, 1.10786e-06, -3.35481e-06, 
654, 56829.3, 117.799, 194.783, -107.47, -1.66197e-06, -2.71051e-06, 1.20928e-06, 
655, 112634, -4.25263, -120.045, -74.0513, 1.21558e-08, 2.79242e-06, 1.42145e-06, 
656, 42808.9, 169.14, 124.586, -124.37, -2.47125e-06, -1.19649e-06, 4.43081e-07, 
657, 70905.1, 54.8885, 53.3159, -84.2287, -1.25516e-06, -5.04952e-07, 1.76146e-06, 
658, 234217, 180.492, -4.0614, -171.075, -4.5289e-06, 9.40064e-07, 4.5543e-06, 
659, 125559, 65.1122, -54.017, -146.141, -1.52964e-06, 1.07292e-06, 3.24802e-06, 
660, 58209.2, 150.189, -104.451, 111.463, -2.63106e-06, 1.47416e-06, -1.58103e-06, 
661, 118348, -109.374, 133.742, 78.5199, 2.68196e-06, -5.08569e-06, 3.6571e-06, 
662, 309788, 33.2735, 98.9418, 169.817, -8.31799e-07, -3.07567e-07, -2.7927e-06, 
663, 107393, -77.6878, 85.9386, -173.051, 1.18249e-06, 1.07194e-07, 3.59055e-06, 
664, 22719.2, 117.916, 180.904, -184.771, -9.82147e-07, -2.65474e-06, 2.06075e-06, 
665, 45064.9, -154.794, -60.9104, -126.543, 1.78793e-06, 2.31456e-07, 2.00573e-06, 
666, 12732.6, 35.7101, -87.5896, 178.57, -1.67406e-06, 6.44898e-07, -3.67374e-06, 
667, 115706, -46.7158, 166.128, 19.0268, 5.65518e-07, -4.02221e-06, 7.87049e-07, 
668, 11277.4, -133.317, 186.322, -146.437, 1.48396e-06, -3.41875e-06, 2.55613e-06, 
669, 13123.2, 148.102, 97.3284, -169.334, -1.33363e-06, -3.00476e-07, 2.67594e-06, 
670, 3776.23, 114.67, -146.917, -90.4476, -2.22175e-06, 4.02058e-06, 8.38968e-07, 
671, 6245.49, -68.8618, 100.802, -120.784, 1.24557e-06, -2.30701e-06, 1.34525e-06, 
672, 14737.2, 109.399, -114.066, 71.1793, -1.70844e-06, 2.03879e-06, -1.84015e-06, 
673, 52274.1, -117.166, -64.5987, 25.6275, 1.33546e-06, 1.55123e-06, -2.87418e-07, 
674, 47513.6, -157.875, 24.1159, -69.0565, 4.41513e-06, 1.07839e-06, 7.99444e-07, 
675, 104979, -53.0821, 58.3649, 56.2414, 2.95823e-07, 4.11908e-07, 1.38792e-06, 
676, 9529.57, 18.7712, 172.207, -150.259, -2.1693e-07, -2.89632e-06, 2.29147e-06, 
677, 18707.3, -83.8401, -70.69, -139.859, 9.225e-07, 1.04016e-06, 2.84532e-06, 
678, 155256, 49.1653, 111.474, 102.857, -2.70178e-06, -9.86209e-07, -1.67387e-06, 
679, 177706, -108.064, -164.983, -50.1164, 5.0609e-06, 2.92758e-06, -1.71328e-07, 
680, 93930.6, -197.535, 152.552, 65.3944, 4.10163e-06, -2.55889e-06, -3.97463e-07, 
681, 236853, 68.6529, 115.638, 72.6453, -2.15169e-06, -1.137e-06, -4.62558e-07, 
682, 49168, -172.094, 15.7015, -137.756, 3.24069e-06, -2.71874e-07, 4.22323e-06, 
683, 50522.7, -99.4402, -176.546, 5.30726, 6.82306e-07, 3.28726e-06, 3.25597e-07, 
684, 196950, 35.0276, -59.7569, -145.993, -1.81494e-07, 1.47256e-06, 2.79607e-06, 
685, 107298, -173.307, 22.3671, -119.742, 6.326e-06, -1.66093e-06, 2.27076e-06, 
686, 82144.7, -163.104, 82.8283, -38.7575, 3.31834e-06, -1.50105e-06, 2.93421e-07, 
687, 162412, 144.893, 131.507, 46.3334, -3.45885e-06, -3.35335e-07, -6.11046e-07, 
688, 97240.8, -189.204, -24.5305, -69.8223, 4.02244e-06, 3.41088e-07, 6.85108e-07, 
689, 67094.8, -63.862, 162.459, -127.088, -1.14652e-06, -1.15643e-06, 2.11722e-06, 
690, 179845, 13.9898, 88.5589, -20.8478, -4.8117e-06, -1.46324e-06, 3.61692e-06, 
691, 44975.7, 28.7316, -15.7072, 88.5899, -8.6896e-07, 1.16657e-06, -2.08654e-06, 
692, 5984.11, -179.451, -72.9149, -27.1205, -7.71283e-07, 1.30363e-06, 2.51017e-06, 
693, 8821.71, -59.6775, 99.1655, -48.7232, 3.81947e-07, -2.16966e-06, 1.44382e-06, 
694, 39608.1, -198.679, 16.3023, -3.38532, 5.00941e-06, 6.02636e-07, -9.63207e-07, 
695, 18524.3, -88.3324, -61.4795, -15.3813, 8.9404e-07, 1.11817e-06, 3.88508e-07, 
696, 78342.3, -12.6546, -95.6692, -49.6529, 2.45867e-07, 2.95144e-06, 8.17305e-07, 
697, 95511.9, 159.219, -63.6412, 47.3145, -3.30117e-06, 8.45646e-07, -8.02017e-07, 
698, 21529.7, 151.218, 97.5663, -193.523, -1.48991e-06, -4.96296e-07, 2.91817e-06, 
699, 217981, -145.831, 165.423, 6.88116, 2.56499e-06, -3.18141e-06, 5.0193e-07, 
700, 25831, 186.246, 89.9612, 136.85, -3.30731e-06, -3.94344e-07, -2.09378e-06, 
701, 26006, -143.876, 30.1215, 120.192, 3.23698e-06, 6.90013e-07, -2.64018e-06, 
702, 10850.2, 19.8057, 62.0946, 176.897, -6.04089e-07, 8.70991e-07, -3.87142e-06, 
703, 71361.3, 57.3628, 30.9204, 78.837, -2.33989e-06, -1.52229e-07, -1.47458e-06, 
704, 138415, -141.503, 168.684, -198.548, 1.4166e-06, -1.76204e-06, 2.64862e-06, 
705, 73374.4, -1.04228, 132.136, -152.683, -2.97043e-07, -2.38394e-06, 2.58311e-06, 
706, 286337, -180.468, 61.0948, -161.136, 3.79851e-06, -6.90995e-07, 1.92665e-06, 
707, 62268.1, -135.877, 88.8089, 41.5811, -8.42956e-08, -2.81061e-06, 7.53466e-07, 
708, 257978, 31.0489, 115.483, 112.99, -5.01334e-07, -2.09861e-06, -2.65776e-06, 
709, 173834, -81.4065, -147.591, 90.9404, 9.31562e-07, 3.1938e-06, -1.9516e-06, 
710, 10392.9, -67.6575, 87.4784, -148.834, 3.67727e-07, -1.47306e-06, 2.3996e-06, 
711, 25855.5, -199.138, -181.526, -180.816, 2.21089e-06, 3.01115e-06, 8.67325e-07, 
712, 129041, -69.8299, 97.322, -170.448, -4.85759e-07, -2.70284e-06, 3.01411e-06, 
713, 185938, 64.2441, -5.4099, 7.70155, -8.26601e-07, -1.28519e-07, 1.43221e-06, 
714, 25493, 122.298, 10.3021, -102.773, -1.91488e-06, -2.64308e-08, 1.621e-06, 
715, 125178, -127.039, 51.4924, -160.262, 1.08501e-06, -6.14961e-07, 3.34011e-06, 
716, 245480, -87.8735, -33.0086, -187.636, 8.64342e-07, 6.75715e-07, 3.7302e-06, 
717, 15518.5, -169.387, -103.449, -46.7249, 2.73936e-06, 2.39244e-06, 8.58783e-07, 
718, 34615.7, 40.7242, 20.8642, -117.808, -1.1569e-06, -3.07405e-07, 1.9439e-06, 
719, 55888.6, 149.628, 69.8808, 5.32254, -3.64694e-06, -8.51959e-07, 4.40312e-07, 
720, 24415.5, 66.9902, -57.8704, 152.131, -1.26864e-06, 8.06592e-07, -2.42802e-06, 
721, 7218.95, 70.8055, -104.306, -186.095, -7.09922e-07, 1.42497e-06, 3.18898e-06, 
722, 31086.8, -13.752, 87.9482, 46.0046, 5.19739e-07, -4.95105e-06, -1.5027e-07, 
723, 48659.6, -18.3881, 18.0298, 66.5338, -4.2211e-07, 2.80323e-08, -1.19315e-06, 
724, 210996, -90.666, 174.84, 142.472, 1.86478e-06, -4.37936e-06, -2.25211e-06, 
725, 167332, 12.6587, 86.6795, 113.274, -7.18941e-07, -6.12338e-07, -2.1349e-06, 
726, 129227, 43.5691, 28.8324, 92.2824, -1.35773e-06, 1.66126e-07, -2.64101e-06, 
727, 141818, 25.7907, 9.47182, 40.5873, 9.35308e-07, 2.79741e-06, 2.38861e-07, 
728, 56985, -96.1667, 64.8465, 163.93, 3.49761e-06, -5.35561e-07, 2.1294e-06, 
729, 178594, -137.212, 156.258, 79.3903, 3.30661e-06, -3.65765e-06, -4.89387e-07, 
730, 170793, -108.933, -87.0359, -15.64, 9.42805e-07, 1.72118e-06, 4.96085e-07, 
731, 39996.3, -47.1897, -138.484, 99.5469, 3.35596e-07, 2.81766e-06, -1.78541e-06, 
732, 73999.9, 39.1437, 89.7368, -117.477, -2.59578e-07, -8.64333e-07, 1.16489e-06, 
733, 102820, 125.219, -49.8365, 147.375, -1.72742e-06, 1.00752e-06, -1.59403e-06, 
734, 12864.1, -76.727, -117.168, -114.334, 2.00707e-06, 2.27371e-06, 8.82333e-07, 
735, 8758.41, -37.4704, 18.2326, 97.54, 1.97102e-07, 2.07489e-07, -2.73241e-06, 
736, 16885.9, -48.0698, 180.943, 184.837, 1.62257e-07, -1.96568e-06, -5.93327e-06, 
737, 51169.5, -185.421, -78.4478, -155.216, 3.72005e-06, -1.31693e-06, 3.37636e-06, 
738, 108544, 190.348, -186.702, 198.416, -1.98221e-06, 1.88664e-06, -1.9482e-06, 
739, 287686, -37.7849, -89.1557, 98.4177, 8.06455e-07, 1.42808e-06, -1.8746e-06, 
740, 111388, -5.3033, -107.965, 106.105, 2.25885e-07, 2.08289e-06, -1.93946e-06, 
741, 201884, -25.7346, -92.4846, -25.3682, 7.50422e-07, 2.10427e-06, -6.85743e-08, 
742, 181133, 185.604, -172.648, 169.839, -2.40134e-06, 1.77454e-06, -1.04023e-06, 
743, 26237.3, 83.1571, -193.873, -86.9038, -8.12745e-07, 3.58206e-06, 1.12634e-06, 
744, 85519.4, 193.349, 166.091, -92.578, -3.0651e-06, -1.71955e-06, 1.44935e-06, 
745, 302411, -190.599, -75.3143, -20.8791, 3.69689e-06, 2.34131e-06, -1.32619e-08, 
746, 360797, -122.287, -182.785, 41.6682, 1.26421e-06, 3.37433e-06, -3.19729e-07, 
747, 120456, -95.9595, 161.981, 24.3078, 1.83653e-06, -3.78396e-06, 9.33866e-07, 
748, 70198, 119.439, -92.4325, -50.7671, -2.73068e-06, 2.67097e-06, 3.42133e-07, 
749, 159563, -194.199, 1.30829, -130.335, 4.61528e-06, -4.09633e-08, 2.57033e-06, 
750, 21839.2, 88.064, 101.7, -97.7974, -1.83114e-06, -1.72831e-06, 2.68397e-06, 
751, 2273.97, -186.61, 67.1653, 4.66825, 4.72147e-06, -1.08274e-06, 2.64057e-07, 
752, 313115, 62.749, -175.465, 44.1471, -3.57135e-06, 4.3616e-06, -2.73626e-07, 
753, 37678.1, -153.491, -65.8217, 27.9922, 1.74377e-06, 1.80327e-06, -1.16943e-06, 
754, 136681, -5.27128, 30.8608, -125.351, -1.88886e-06, -1.29836e-06, 3.88274e-06, 
755, 7913.05, 187.131, -185.851, -4.48728, -4.12342e-06, 2.09498e-06, 3.47513e-07, 
756, 82217, 0.232263, -116.097, 58.6914, 8.18598e-07, 1.67359e-06, -6.75341e-07, 
757, 411517, -63.2843, 87.6422, 70.5157, 7.65318e-07, -2.10496e-06, 7.66313e-08, 
758, 90633.4, -40.3409, -87.0918, -62.1983, 1.02936e-06, 2.21839e-06, 1.00761e-06, 
759, 12927.6, 183.529, 174.966, -66.2637, -2.54535e-06, -2.66334e-06, -1.65113e-08, 
760, 66215.3, -147.445, 30.8138, -158.857, 1.7702e-06, -6.58338e-07, 3.42179e-06, 
761, 133576, -167.323, 110.348, -86.082, 2.82659e-06, -3.2404e-06, 6.1862e-07, 
762, 15773.7, 17.8379, -192.214, 38.0273, 1.46557e-06, 6.89607e-06, 3.21451e-06, 
763, 53073.4, -178.215, 45.9889, 11.9762, 4.27316e-06, -8.22262e-07, 1.26998e-09, 
764, 125685, -118.968, -26.5953, -70.0625, 1.39607e-06, 1.1564e-06, 1.17708e-06, 
765, 122587, 141.352, 187.917, 198.552, -2.18439e-06, -2.18764e-06, -2.43044e-06, 
766, 90340.5, 98.1533, 198.224, -105.142, -5.12241e-07, -3.20095e-06, 1.23923e-06, 
767, 50331.9, 17.7925, 88.5519, 175.095, 9.4162e-07, 1.27036e-06, -4.31957e-06, 
768, 104261, 152.246, -9.79568, 141.106, -2.49659e-06, 3.34545e-07, -1.69523e-06, 
769, 18958.3, 66.0984, -116.203, -46.3602, -1.20695e-06, 1.49102e-06, 1.37388e-06, 
770, 24464.6, -50.4724, -141.575, 113.036, 7.15014e-07, 2.82472e-06, -2.63659e-06, 
771, 61828.7, 126.382, -114.807, 193.183, -1.13354e-06, 1.28352e-06, -2.96697e-06, 
772, 69588.6, 152.376, 100.204, 199.97, -1.00913e-06, -6.37001e-07, -3.17867e-06, 
773, 48908.1, -86.4045, 126.186, 120.56, 1.0909e-06, -1.53978e-06, -2.41215e-06, 
774, 86803.6, -143.605, -118.339, -14.1391, 2.319e-06, 2.27342e-06, 7.58022e-07, 
775, 51876.4, -33.4892, 140.247, 45.8829, -6.07092e-07, -3.12859e-06, 6.55352e-07, 
776, 271581, 90.9543, -143.502, -91.473, -7.07223e-07, 3.03976e-06, 1.5386e-06, 
777, 42149.1, -77.9405, -40.1392, 174.05, 5.14375e-07, 7.80416e-07, -3.92519e-06, 
778, 16788.2, -79.516, 99.0336, -61.9015, 4.85079e-07, -2.47036e-06, 1.67157e-06, 
779, 11438.1, -114.021, -118.92, 172.204, 1.12117e-06, 1.84425e-06, -3.18234e-06, 
780, 28627, 148.282, 145.777, 73.8572, -2.50082e-06, -1.43819e-06, -1.6864e-06, 
781, 227899, -155.526, 90.5096, -86.9667, 1.82479e-06, -1.2357e-06, 1.10221e-06, 
782, 5880.13, 35.5591, 61.7282, -92.566, -1.07806e-06, -8.93294e-07, 1.91935e-06, 
783, 59685.3, -132.108, 177.141, 122.036, 1.1051e-06, 4.10283e-06, 1.18737e-06, 
784, 262992, 15.4882, -95.8017, 178.926, -2.12389e-07, 7.53675e-07, -3.57131e-06, 
785, 135665, -129.859, 48.3482, -13.0959, 3.51008e-06, -4.17192e-07, 7.42201e-07, 
786, 294717, -56.8602, 64.0976, 81.3372, 9.1481e-07, 1.3195e-06, -1.36705e-06, 
787, 123114, -66.338, 63.2877, -124.134, 6.73852e-07, -1.59985e-06, 2.63235e-06, 
788, 379913, 103.596, 161.491, 93.6338, -2.55854e-06, -2.95517e-06, -1.53999e-06, 
789, 86797.7, 2.1639, -88.2879, -187.441, -1.14394e-07, 1.4097e-06, 3.48666e-06, 
790, 382727, -122.442, -133.524, 72.4369, 2.22977e-06, 2.53252e-06, -1.11783e-06, 
791, 165540, 155.016, 195.243, 12.6284, -2.58413e-06, -3.93987e-06, -1.06911e-07, 
792, 67872.1, 33.1761, -1.03891, 96.8943, -1.23954e-06, 5.27318e-07, -2.6691e-06, 
793, 49534.7, 45.7683, -118.422, -115.845, -4.73628e-07, 1.82308e-06, 2.42789e-06, 
794, 35599.8, 115.416, -140.282, -145.588, -6.38585e-07, 1.78857e-06, 1.77716e-06, 
795, 55513.2, -30.1077, -10.1941, -2.46501, 5.06619e-07, 1.43764e-06, 1.57156e-06, 
796, 12437.4, 162.84, -5.7574, 59.2761, -3.68091e-06, 3.50301e-08, -6.63618e-07, 
797, 54993.4, -189.244, 127.181, -71.187, 4.10022e-06, -2.25221e-06, 5.5945e-07, 
798, 73772.3, 166.155, 178.871, 102.366, -1.94177e-06, -2.53084e-06, -1.91018e-06, 
799, 55314.3, 42.2442, 114.754, 78.4268, -1.02369e-06, -1.65551e-06, -5.3025e-07, 
800, 7151.13, -131.432, 185.361, 21.0547, 1.77501e-06, -4.36403e-06, 1.41645e-07, 
801, 59657.6, 182.426, -21.4082, -33.9123, -3.95601e-06, 2.00694e-07, -4.85035e-07, 
802, 44868, -173.409, 151.089, 173.52, 3.59831e-06, -1.54343e-06, -4.61592e-09, 
803, 71775.4, -102.915, -191.069, -45.8322, 1.03427e-06, 4.69976e-06, 2.88377e-07, 
804, 29602.9, 59.1716, -149.43, -34.2537, -8.02379e-07, 4.51881e-06, 1.85077e-06, 
805, 112095, -48.1204, -101.691, 149.14, 7.78431e-07, 1.54201e-06, -2.88129e-06, 
806, 265871, -7.65913, -141.216, 180.46, 3.18857e-06, 3.17852e-06, -2.4689e-06, 
807, 234116, 118.396, 196.99, -36.9048, -1.06847e-06, -3.57592e-06, 9.23742e-07, 
808, 14184.1, 189.613, 76.9547, 15.0806, -4.05701e-06, -3.09174e-07, 2.07631e-07, 
809, 101006, 114.974, 189.188, 193.393, -2.41842e-06, -2.87364e-06, -2.88232e-06, 
810, 48711.6, 150.723, 198.49, -38.2753, -2.19988e-06, -3.11572e-06, 8.66313e-07, 
811, 103991, -183.833, 14.4977, 137.552, 3.33424e-06, 4.28349e-07, -2.27895e-06, 
812, 204312, 94.7877, 190.506, 159.286, -2.2788e-07, -2.47495e-06, 5.64781e-07, 
813, 69140.3, -119.229, -112.087, 78.7543, 1.7664e-06, 1.40687e-07, -2.17131e-06, 
814, 120104, -158.792, 106.095, 114.67, 3.65331e-06, -1.32692e-06, -2.12693e-06, 
815, 216444, -45.233, 75.6434, 194.567, 2.69224e-07, 2.63847e-07, -4.64963e-06, 
816, 182048, -142.975, 37.2727, 35.4207, 4.15629e-06, 2.75728e-06, 7.69869e-07, 
817, 4395.49, 111.431, 124.784, -195.272, -6.59178e-07, -6.23682e-07, 2.8624e-06, 
818, 168165, -21.956, 27.0686, -192.175, -2.36414e-06, -6.41763e-06, -2.12781e-06, 
819, 22058.8, 103.482, -165.256, 39.2812, -2.15482e-06, 3.59809e-06, -2.76823e-07, 
820, 358253, 174.14, -8.97901, -56.443, -3.34221e-06, -4.05189e-07, 1.29053e-06, 
821, 189530, -21.4535, -133.736, -141.251, -3.89109e-07, 1.94088e-06, 2.50606e-06, 
822, 310478, -62.6528, -16.8121, -86.1354, 8.96924e-07, 5.51637e-07, 1.26211e-06, 
823, 16554.8, -43.3273, 186.525, 65.8593, -2.67681e-07, -4.69264e-06, -3.99051e-07, 
824, 73371.9, -39.3702, 79.8394, -135.553, -3.54054e-08, -1.43634e-06, 2.88789e-06, 
825, 293135, -160.5, -105.83, 197.248, 1.86314e-06, 1.01948e-06, -2.92013e-06, 
826, 158542, -106.899, 0.392463, 97.18, 2.62907e-06, 1.25299e-06, -1.42037e-06, 
827, 14285.8, 66.831, 191.171, -64.8141, -4.32557e-07, -3.44409e-06, 9.26113e-07, 
828, 4122.59, 135.681, 25.4148, -130.278, -1.93684e-06, 2.43183e-07, 1.69615e-06, 
829, 37365.6, -60.731, 55.7079, -53.0114, 1.35993e-07, -8.16714e-07, 1.06305e-06, 
830, 105753, 35.4683, -105.047, 61.4654, -7.68186e-07, 9.3273e-07, -1.02822e-06, 
831, 67796.7, 124.316, -113.531, -141.184, -1.39645e-06, 1.78335e-06, 2.9926e-06, 
832, 35590.1, 131.656, 95.8671, 116.906, -2.41151e-06, -6.97914e-07, -2.26697e-06, 
833, 128076, 15.2867, -171.944, 137.084, 1.16091e-07, 2.98183e-06, -2.17354e-06, 
834, 2601.74, 118.947, 189.79, 97.1788, -2.12772e-06, -4.1308e-06, -1.51427e-06, 
835, 173482, 31.1621, 155.811, 195.67, -2.81666e-07, -2.12376e-06, -3.56335e-06, 
836, 72218.4, -131.3, -72.5943, -82.4867, 1.37694e-06, 2.15901e-06, 1.06916e-06, 
837, 75862.6, 133.399, 20.9934, 85.3569, -6.16436e-06, -1.06816e-06, -6.40299e-06, 
838, 181749, 127.283, 83.3964, -112.666, -2.62399e-06, -1.93527e-06, 1.5471e-06, 
839, 12149.9, -195.956, -153.981, -114.975, 3.11836e-06, 2.28725e-06, 1.21961e-06, 
840, 27490, 13.4704, -19.1116, -98.7373, -7.12801e-07, 2.63381e-07, 1.769e-06, 
841, 110201, -53.3033, -193.143, 151.99, 2.1694e-07, 2.77921e-06, -8.88151e-07, 
842, 4042.05, 60.0269, -167.594, 153.173, 3.98621e-07, 2.86928e-06, -2.4907e-06, 
843, 32328.5, 42.0929, 95.3195, 5.13496, -2.03286e-06, -1.82073e-06, 1.28299e-06, 
844, 79630.7, -105.726, -34.6087, 166.961, 1.41378e-06, 5.24977e-07, -3.80308e-06, 
845, 11010.9, 109.864, 165.325, -177.471, -2.4816e-07, -9.47437e-07, 5.15305e-07, 
846, 14555.9, 46.964, 101.848, -122.13, -5.35044e-07, -1.84606e-06, -1.43179e-06, 
847, 65862.2, 152.496, -168.062, 59.6668, -2.55425e-06, 3.58037e-06, -2.10876e-06, 
848, 2179.17, 139.41, -63.7445, -23.2848, -2.50598e-06, 7.56927e-07, 3.23329e-07, 
849, 110087, 105.16, 27.3603, 15.233, -1.09664e-05, -1.00657e-05, -1.70452e-06, 
850, 87348.1, 165.829, -160.878, 23.4828, -3.06943e-06, 2.23671e-06, 8.94033e-08, 
851, 121490, 60.5396, 19.1919, -156.249, -1.72986e-06, -1.56147e-07, 2.50878e-06, 
852, 22822.1, 129.358, -55.1758, -162.602, -1.07147e-06, 4.48224e-07, 2.53048e-06, 
853, 31686.1, -170.448, -193.118, 191.599, 1.55854e-06, 2.17458e-06, -2.57652e-06, 
854, 42675.2, 155.356, 34.3812, 136.02, -2.65953e-06, -4.19875e-07, -2.39835e-06, 
855, 93376.5, 9.41832, 58.423, -21.6085, -1.10131e-06, -5.52567e-07, 1.24818e-06, 
856, 72557.8, -50.8193, -40.4704, -69.625, 4.65418e-07, 1.06718e-06, 1.00225e-07, 
857, 152731, 82.0971, -85.2211, -143.572, -9.59498e-07, 1.46709e-06, 2.74546e-06, 
858, 39739.9, -158.978, 197.371, 120.179, 5.05161e-06, -4.02305e-06, -3.69414e-07, 
859, 132274, 150.798, 35.243, -185.953, -3.28254e-06, -3.05054e-06, -4.7118e-07, 
860, 116952, -20.3325, 148.72, 80.8058, 2.40676e-08, -3.8393e-06, -7.14129e-07, 
861, 131308, -133.464, 168.155, -28.6209, 1.61781e-06, -3.04646e-06, 4.93697e-07, 
862, 99322.4, 10.5591, 103.21, -170.054, -1.87269e-07, -1.62203e-06, 3.23681e-06, 
863, 58711.2, 190.972, 135.438, 190.629, -2.47416e-06, -1.14653e-06, -2.06418e-06, 
864, 198075, 20.0354, 78.2676, 140.447, -9.47872e-07, 2.32689e-07, -3.1402e-06, 
865, 266958, 17.0898, -142.133, 163.239, -1.20584e-06, 2.35202e-06, -1.9881e-06, 
866, 5054.8, -98.3048, 159.375, -84.3461, -2.21863e-07, -2.25246e-06, 1.13629e-06, 
867, 32769.4, -121.772, 193.891, -109.534, 8.54291e-07, -3.86931e-06, 1.52707e-06, 
868, 94535.8, 91.8874, -75.2052, -2.17185, -1.50697e-06, 9.05439e-07, 5.804e-07, 
869, 12556.8, 153.014, 177.915, -22.2616, -2.11388e-06, -2.43429e-06, 8.31772e-07, 
870, 12750, 124.202, 165.231, 169.49, -2.43168e-06, -1.52329e-06, -1.27434e-06, 
871, 252605, 36.7448, 22.9659, -181.092, -7.01517e-07, -3.35515e-08, 3.64961e-06, 
872, 139804, -5.1558, -71.3286, -64.7233, -2.37236e-07, 6.29e-07, 2.10337e-06, 
873, 212173, -52.5939, 187.032, -22.5995, 2.1855e-07, -3.9906e-06, 1.31019e-06, 
874, 11832.9, 52.4866, 145.442, -138.182, -5.79828e-07, -2.80562e-06, 2.11685e-06, 
875, 34826.1, -177.791, -63.2398, 93.507, 3.32686e-06, 1.11115e-06, -1.68397e-06, 
876, 50296, 81.9328, -121.914, -6.99083, -2.03514e-06, 1.80613e-06, 1.45633e-07, 
877, 65609.4, -115.074, -162.113, 75.0143, 1.41021e-06, 3.82638e-06, -1.28413e-06, 
878, 8108.86, -85.5863, 168.257, -68.1288, -7.64913e-09, -3.04192e-06, 1.0821e-06, 
879, 92289, -33.4988, 1.27759, 9.31958, 1.49884e-06, 1.13444e-06, 3.46916e-07, 
880, 58339, 57.8548, -111.205, -61.3174, -5.16643e-07, 1.57517e-06, 1.59165e-06, 
881, 61141.6, -28.1952, 125.379, 192.038, -5.46245e-07, -1.83868e-06, -4.51139e-06, 
882, 12958.8, 112.796, -60.9694, -198.771, -7.19255e-07, 6.64564e-07, 3.22083e-06, 
883, 103315, -111.313, 134.128, 85.0298, 5.48762e-06, -4.2791e-06, -8.98608e-06, 
884, 735690, 162.28, 6.36431, 193.809, -2.38804e-06, -1.03825e-07, -2.68213e-06, 
885, 18078.5, 117.382, -196.149, -126.593, -8.87794e-07, 3.11309e-06, 1.6872e-06, 
886, 149685, 105.963, 100.233, 128.826, -1.82222e-06, -9.04993e-07, -2.45408e-06, 
887, 4561.92, 174.703, 112.872, 13.33, -2.54934e-06, -1.63955e-06, 7.63741e-07, 
888, 13843.9, -96.415, -149.558, -198.09, 9.73924e-07, 8.56103e-07, 3.78805e-06, 
889, 142257, 195.797, -24.5071, 92.6013, -3.53547e-06, 7.42996e-07, -7.94467e-07, 
890, 117233, -132.533, 66.9837, 0.897266, 2.62337e-06, -1.77066e-06, 6.63887e-07, 
891, 210491, 15.0965, -79.2838, -92.0672, -5.88726e-07, 1.56735e-06, 2.27597e-06, 
892, 63653.7, 183.998, -98.6918, 164.89, -3.0376e-06, 1.08469e-06, -1.86149e-06, 
893, 111577, 110.195, 61.1362, -129.211, -1.12289e-06, -2.07207e-08, 2.94455e-06, 
894, 9867.6, 31.1539, -134.245, -123.236, -4.42434e-07, 2.22199e-06, 2.43397e-06, 
895, 121107, 179.54, -56.9702, -195.606, -1.13878e-05, -8.86969e-06, 1.47153e-05, 
896, 147251, 108.529, 8.03426, 189.594, -2.39733e-06, -3.04463e-07, -4.31913e-06, 
897, 183453, -176.309, 124.473, 163.18, 3.58511e-06, -1.45372e-06, -1.72433e-06, 
898, 45108.8, 32.039, -60.549, -80.3221, -1.10173e-06, 7.14817e-07, 1.58132e-06, 
899, 95650.3, -75.572, -63.9412, -86.5256, 2.45191e-06, 7.47536e-07, 1.97366e-06, 
900, 25262.2, -194.626, -63.6796, -21.1496, 5.80915e-06, -3.61761e-06, -1.99315e-07, 
901, 3349.77, -89.7842, 193.833, -190.892, 1.2647e-06, -3.60688e-06, 2.11613e-06, 
902, 72380.3, 66.5875, -37.3597, -119.212, -4.89237e-06, -5.19118e-06, 8.16585e-06, 
903, 427.283, 28.5759, 67.0392, -14.404, -1.87037e-06, -7.05979e-07, 1.10318e-06, 
904, 345429, -62.4638, -196.319, 181.931, 4.92396e-07, 2.54746e-06, -2.53946e-06, 
905, 168342, 76.8925, 46.5202, 28.0954, -7.19818e-07, -8.54658e-07, -5.87114e-07, 
906, 113474, -23.6863, 23.0103, -196.02, 4.23202e-06, 9.15735e-06, 1.25903e-05, 
907, 386214, -53.5409, -107.843, -126.815, 7.20418e-07, 1.6313e-06, 2.36515e-06, 
908, 21418.6, -150.915, 160.39, 34.0176, 4.16772e-06, -4.27023e-06, 9.39422e-07, 
909, 50555.4, -129.71, 198.746, -82.4924, 1.2063e-06, -4.03603e-06, 1.14404e-06, 
910, 25191.6, -113.064, -88.4382, 50.9833, -4.81528e-07, 1.18051e-06, -1.10112e-06, 
911, 72782.1, 62.0857, -43.6586, -121.975, 1.29067e-06, 3.96439e-06, 4.33445e-06, 
912, 68767.1, 49.8488, 169.07, 97.065, -2.87128e-07, -4.17739e-06, -1.29234e-06, 
913, 2588.15, -134.658, -178.421, 130.265, 8.14503e-07, 2.61372e-06, -1.21293e-06, 
914, 236541, 119.06, 191.676, -164.536, -4.66659e-07, -2.57899e-06, 1.26659e-06, 
915, 164746, 170.041, -96.3005, -108.219, -2.76183e-06, 9.7487e-07, 8.75047e-07, 
916, 162203, -96.5686, 82.3953, -193.861, 1.1742e-06, -8.87142e-07, 4.03144e-06, 
917, 38521.6, 17.4491, 32.321, 30.1306, -7.54933e-08, -2.69237e-07, 8.26302e-07, 
918, 70245.4, -44.4472, -105.365, -107.657, -4.70485e-07, 1.76676e-06, -1.94781e-07, 
919, 5927.5, -163.273, 188.781, -195.457, 1.7845e-06, -2.07518e-06, 2.09084e-06, 
920, 99048.8, 156.505, 162.06, 15.1739, -2.22603e-06, -4.07745e-06, 1.14069e-06, 
921, 32943.2, 179.404, -131.401, -183.018, -2.32979e-06, 1.25045e-06, 2.24615e-06, 
922, 27003.3, -63.8131, 99.7348, -127.283, 4.43309e-07, -2.15631e-06, 2.44651e-06, 
923, 80895.6, -126.3, -107.564, 25.891, 3.64499e-07, -7.3226e-06, 5.0856e-06, 
924, 24041, -3.03669, 147.28, 68.701, -5.76005e-07, -4.9243e-06, 5.16648e-07, 
925, 403697, -136.268, -55.2376, 143.809, 2.38194e-06, 8.11976e-07, -2.23299e-06, 
926, 158484, 190.636, 129.313, 14.9866, -3.92789e-06, -9.91459e-07, 9.56978e-07, 
927, 50548.9, 93.1172, -46.9892, -77.3879, -1.25593e-06, 2.096e-07, 1.50352e-06, 
928, 209332, -20.8178, -4.80244, 106.094, -1.56955e-06, 1.13875e-06, -3.22584e-06, 
929, 27381.9, -34.034, -83.3653, -142.818, -2.18812e-07, 7.62661e-07, 3.31817e-06, 
930, 7670.95, -36.9934, -124.981, -165.609, -1.23424e-07, 1.20909e-06, 3.71522e-06, 
931, 74346.4, 65.8644, 78.1735, 196.129, -1.39885e-06, 2.25266e-07, -3.68189e-06, 
932, 95748.9, -11.4238, 79.1878, 44.29, -6.99736e-07, -1.44261e-06, 4.78491e-07, 
933, 3470.66, 106.123, 105.206, 111.893, -1.83607e-06, -1.47453e-06, -1.12856e-06, 
934, 38001.2, 116.98, -169.322, -101.417, -1.14917e-06, 3.36691e-06, 1.51013e-06, 
935, 115161, -36.3616, -46.5999, -117.755, 5.71129e-08, 1.25705e-06, 2.87855e-06, 
936, 34758.7, -83.0205, 67.8558, -56.2171, 1.05215e-08, -1.28329e-06, 1.5095e-06, 
937, 170414, 28.8767, -167.598, 68.044, -1.26398e-06, 2.95364e-06, -4.37623e-06, 
938, 260474, 127.738, -109.897, 7.05246, -2.80805e-06, 2.09684e-06, 4.15531e-07, 
939, 17315.1, 137.876, 159.017, 50.9076, -1.35973e-06, -3.86442e-06, 9.53347e-08, 
940, 39565.9, -197.231, -176.071, -189.603, 1.82341e-06, 2.06322e-06, 2.94924e-06, 
941, 3857.1, 189.524, -141.728, -58.5543, -4.09386e-06, 2.21634e-06, -2.42329e-08, 
942, 60048.5, 198.135, -49.7559, 29.6819, -4.63889e-06, 3.91986e-07, -7.29647e-08, 
943, 93629.1, -39.2185, 129.78, -169.703, 6.04626e-08, -2.05714e-06, 3.08663e-06, 
944, 56780.1, -101.594, -17.8045, 45.996, 1.4506e-06, 1.32927e-06, -6.7594e-07, 
945, 228093, -95.4436, -165.757, -51.7116, -2.29285e-06, 3.37082e-06, 8.03325e-07, 
946, 111291, 74.6615, 95.1249, 39.2443, -1.93614e-06, -1.54985e-06, 4.25446e-08, 
947, 100330, -118.282, 65.9462, 88.3234, 2.87191e-06, 1.08574e-07, -1.65923e-06, 
948, 5612.14, 199.174, -170.585, -106.974, -2.72131e-06, 2.36585e-06, 1.04908e-06, 
949, 96898, 91.9659, 56.5639, 27.2197, -2.88083e-06, -2.36589e-06, -3.56203e-07, 
950, 270627, -100.369, 166.405, 99.0294, 1.1915e-06, -3.88381e-06, -5.22562e-07, 
951, 13185.3, 157.426, -42.9171, -90.4227, -3.68867e-06, -1.08864e-06, 6.85294e-07, 
952, 76514.8, -135.338, -181.683, -133.62, 2.63359e-06, 2.54904e-06, 9.65079e-07, 
953, 394444, -14.0723, 63.7812, 75.4719, -1.05339e-06, -3.89976e-07, -1.34572e-06, 
954, 94797.6, -7.80625, 130.804, -89.9899, -4.00446e-07, -2.65814e-06, 1.83858e-06, 
955, 88844.8, 25.9919, -99.6776, 34.6852, -1.17635e-07, 9.43466e-07, 1.11245e-07, 
956, 30914.8, 142.394, -107.639, 132.163, -2.15102e-06, 1.06304e-06, -1.54614e-06, 
957, 15457.3, 100.697, -76.2584, 87.5221, -1.56819e-06, 1.02618e-06, -2.22538e-06, 
958, 104745, 79.9532, 123.574, -171.756, -8.6808e-07, -1.50876e-06, 2.94557e-06, 
959, 59004.8, -196.852, -58.8236, -39.3282, 4.47639e-06, 5.92906e-07, 9.43291e-07, 
960, 118326, 42.9793, 44.4763, -7.96597, -5.63679e-07, -3.4697e-07, 8.85926e-07, 
961, 6903.52, -63.4779, -33.9146, 31.7478, 1.52536e-06, 1.54415e-06, -4.72428e-07, 
962, 571330, 21.1016, -179.645, 54.2121, 1.68097e-06, 5.51762e-06, 2.42393e-07, 
963, 2340.07, -168.464, -9.43877, -128.774, 1.97298e-06, 1.38224e-06, 4.48932e-06, 
964, 52124.2, 195.402, 181.518, 140.82, -2.5047e-06, -1.95847e-06, -1.3956e-06, 
965, 28443.4, 151.563, 178.998, 40.6983, -1.81605e-06, -4.02998e-06, -1.22296e-07, 
966, 49788.2, -129.118, 162.909, 155.262, 1.56898e-06, -1.80942e-06, -4.07608e-07, 
967, 107255, -146.94, -144.377, -4.87153, 2.13229e-06, 2.49542e-06, 3.67209e-07, 
968, 62449.8, -144.068, 155.186, 39.4712, 2.51762e-06, -3.38357e-06, 1.78223e-07, 
969, 3403.64, -106.1, -2.68786, -120.919, 1.48751e-06, 7.04249e-07, 2.58383e-06, 
970, 14767.1, 186.143, 53.9077, 40.4468, -4.08905e-06, -9.50937e-08, 1.72968e-07, 
971, 25230.3, -154.633, 195.777, 47.8403, 2.50338e-06, -3.75069e-06, 2.05023e-08, 
972, 3130.64, 75.9242, -199.885, -124.011, -7.20096e-07, 3.10488e-06, 1.50426e-06, 
973, 83943.8, -62.6633, 18.9888, -144.624, 4.34555e-07, 3.10163e-08, 4.65178e-06, 
974, 11613.8, 14.7506, 132.188, -108.405, -4.83079e-07, -2.55692e-06, 1.7807e-06, 
975, 204365, 34.0524, 19.9087, 44.442, -2.2528e-06, -1.06849e-06, -1.33899e-06, 
976, 44230.6, 7.49969, 99.9346, 176.858, 9.88021e-07, -1.13943e-06, -4.02289e-06, 
977, 15903.9, -44.3423, -84.9834, -127.748, -1.05267e-07, -1.095e-07, 2.61654e-06, 
978, 105680, 170.457, -89.9236, -128.718, -2.43855e-06, 5.60191e-07, 2.70093e-06, 
979, 622668, -97.2325, 120.054, 71.2418, 8.66278e-07, -1.81311e-06, -2.67848e-07, 
980, 149047, 27.3304, -195.333, 186.647, -4.77055e-07, 2.73657e-06, -2.44955e-06, 
981, 59586.9, -73.1554, -112.829, -42.962, 9.71474e-07, 2.50853e-06, 6.49285e-07, 
982, 240223, -177.809, -40.4927, -180.509, 2.23559e-06, 4.00111e-07, 3.17613e-06, 
983, 35506.4, 165.869, 93.9861, 135.442, -2.5955e-06, -5.51992e-07, -2.39654e-06, 
984, 45567.5, 155.204, 122.963, -72.7137, -2.51388e-06, -1.28265e-06, 9.73815e-07, 
985, 257210, 143.982, -53.8472, -99.0457, -2.14879e-06, 5.66992e-08, 1.71205e-06, 
986, 27688.5, 148.242, 190.624, 6.64234, 9.63686e-07, -1.66979e-06, 3.00606e-06, 
987, 2770.08, 91.8223, 116.275, 78.4215, -2.98585e-06, -1.16602e-06, -1.1073e-06, 
988, 8252.69, -14.5193, -72.03, -71.3806, 2.29366e-06, 1.25566e-06, 3.89329e-06, 
989, 131524, -167.703, -19.3973, 13.0607, 3.31171e-06, 7.07295e-07, -6.92562e-08, 
990, 34395.6, -152.415, 87.5393, -110.65, 2.27471e-06, -1.14265e-06, 3.29658e-06, 
991, 55825, 156.384, -10.8666, -44.7743, -1.0956e-06, -2.53645e-08, -4.53795e-08, 
992, 28231, 180.398, -65.4357, 59.758, -4.24691e-06, 1.30815e-06, -1.54562e-06, 
993, 26453.5, 154.802, 195.183, 138.325, -1.92862e-06, -2.61872e-06, -1.47988e-06, 
994, 32464.3, -137.047, -60.2801, -83.0394, 1.94355e-06, 5.97542e-07, 1.2609e-06, 
995, 26394.6, -59.7971, 77.2803, 8.52499, 9.31828e-08, -7.5926e-07, 1.29577e-06, 
996, 182191, 94.3703, -107.908, -66.5911, -9.28933e-07, 1.51917e-06, 1.21875e-06, 
997, 32823.8, 127.605, 32.1686, -98.4931, -2.19513e-06, -1.07595e-07, 1.34237e-06, 
998, 71122.2, 39.2227, -86.4688, -191.818, -6.43101e-07, 1.39794e-06, 3.46747e-06, 
999, 80633.5, -24.8483, 198.215, 186.568, -6.2184e-07, -4.11647e-06, -3.39125e-06, 
