ID, Mass [kg], pos_0 [m], pos_1 [m], pos_2 [m], vel_0 [m/s], vel_1 [m/s], vel_2 [m/s], 
0, 83183.7, 20.965, 46.3534, 0.852814, -0.00028402, -0.000583622, -7.36649e-05, 
1, 128657, 2.37471, -40.5782, 43.4457, -6.02675e-05, 0.000400575, -0.000476733, 
2, 47972.7, -44.2171, 38.7653, -32.1915, 0.000356719, -0.000435486, 0.000344461, 
3, 33292.3, -11.3072, 35.6559, 4.34306, 2.15889e-05, -0.000578827, -0.000154945, 
4, 53679.7, 7.18507, -19.2092, 14.2845, -0.000220324, 0.000271436, -0.000467635, 
5, 235.298, -42.8503, -31.2518, 13.9874, 0.000565305, 0.000129189, 9.31522e-06, 
6, 51642.8, -22.9861, -46.456, -23.7528, 0.000202138, 0.000889953, 9.57201e-05, 
7, 18172.4, -10.8127, 42.114, 44.4933, -4.86892e-05, -0.000378873, -0.000406981, 
8, 49899.2, 8.60832, -34.3692, 27.5407, -8.69971e-05, 0.000520255, -0.000333719, 
9, 177450, -16.5037, 16.0159, 31.1473, -2.02366e-05, -0.0003624, -0.000439658, 
10, 101538, -38.0127, -37.6239, -16.7041, 0.000777823, 0.000379141, 4.54651e-05, 
11, 173078, -44.1009, 7.7929, 23.7554, 0.000577046, -7.37305e-05, -0.000307886, 
12, 235982, -41.7958, -19.3382, 35.3514, 0.000587902, 0.00017548, -0.000182651, 
13, 70247.8, 41.1542, 47.9074, -36.0704, -0.000279984, -0.000330556, 0.000249641, 
14, 39201.1, 5.04376, -42.6942, -22.1931, -8.45699e-05, 0.00160023, 1.32474e-05, 
15, 57565.2, 4.74847, 43.8568, 12.0063, 0.000129146, -0.000582437, -8.20136e-05, 
16, 390951, 13.0009, -16.4351, -2.89416, -9.12181e-05, 0.00047245, -4.519e-05, 
17, 141386, -32.282, -40.5221, -21.2158, 0.000365593, 0.000609847, 0.000234761, 
18, 126243, -43.1185, -3.7133, -8.07913, 0.000523484, -0.000240284, 0.000190922, 
19, 237835, -19.3052, 27.574, -2.89803, 0.000168439, -0.000440697, 8.57915e-06, 
20, 33312.9, 22.9503, 43.2482, 18.8338, -0.000503948, -0.000457894, -0.000234344, 
21, 218860, 11.5621, 2.25882, -1.52093, 0.000109747, -0.000616042, -0.000354939, 
22, 75238.4, -20.4993, -1.68107, 14.0658, 0.000366883, -5.98142e-05, 1.93997e-05, 
23, 52869.6, 33.8865, -7.33324, -33.3246, -0.000363449, 0.000189665, 0.00060495, 
24, 184404, -38.82, 31.4115, 45.424, 0.000343443, -0.00034652, -0.00040737, 
25, 40067.7, 46.1551, 12.3219, 15.7487, -0.000648576, -0.000217521, -7.2826e-05, 
26, 36311.1, -20.7228, 44.1095, -6.05801, 0.000281839, -0.000793664, -5.55713e-05, 
27, 61313.8, 30.9053, -12.2029, 18.4225, -0.000332989, 0.000118857, -0.000398717, 
28, 165565, 21.4696, -26.713, -6.4337, -0.000437666, 0.000700062, 0.000202614, 
29, 12545.8, -35.3982, 30.3222, 47.9111, -0.000474931, -8.93344e-05, -0.000988011, 
30, 120708, 3.05674, 6.22322, 35.1379, -0.000205209, 4.42131e-05, -0.000507534, 
31, 188330, 3.83904, 18.8239, 36.0725, -9.90799e-05, 0.000385163, 0.000432542, 
32, 168542, 13.1155, 32.2853, 17.2564, -0.000103706, -0.00048991, -0.000203264, 
33, 21895.1, -29.4011, 28.2333, -25.8886, 0.00037497, -0.00050386, 0.000322223, 
34, 54309.5, 5.2121, -41.2639, -22.4283, -0.000321359, 3.71496e-05, 0.00033688, 
35, 114158, -43.8925, -43.6609, 47.1386, 0.000677205, 0.000189098, -0.000592263, 
36, 17002.8, 28.3163, 8.70474, -4.54013, -0.000128681, 9.68326e-05, -0.000179757, 
37, 13778.1, -16.9725, -29.352, -29.5112, 0.00047665, -0.00062228, 0.000168565, 
38, 145485, -6.90584, -13.9023, -42.7085, 2.97315e-05, -7.10177e-05, 0.000682278, 
39, 22080.7, 32.5623, -42.3434, -17.9598, -0.000323887, 0.000561775, 0.000145262, 
40, 76098.9, -46.1478, 19.106, 11.2629, 0.000761946, -0.000237913, -4.6689e-05, 
41, 152709, 34.2399, 3.83939, 4.74718, -0.000350927, -0.0002286, -0.000350208, 
42, 185115, -36.6929, 24.7519, 9.8278, 0.000401135, -0.000308355, 0.000230094, 
43, 268899, -34.0449, -47.0641, 44.4822, -0.000269552, 0.00053524, -0.000494919, 
44, 16945.9, -16.5018, -14.8113, -4.8591, 0.000366989, 5.42599e-05, 8.52614e-05, 
45, 86302.2, 38.9847, 48.4723, -9.41016, -0.000357751, -0.000471256, 0.000172466, 
46, 8704.85, -5.2434, -36.0449, -9.05843, -5.73589e-05, 0.000803671, 9.94184e-05, 
47, 5070.43, -43.9559, -18.5027, 34.517, -0.00143733, 0.0008481, -0.00102904, 
48, 165598, -0.899488, -8.86316, -4.98919, 0.000275796, -3.99005e-05, 2.25379e-05, 
49, 61598.2, -47.2709, 24.0598, -14.5837, 0.000575188, -0.000301924, 0.000110756, 
50, 49162.5, 10.3991, -27.6366, 29.9944, -0.000261997, 0.000219956, -0.000498584, 
51, 64917.6, -25.9973, -8.28047, -37.1905, 0.000265493, -0.000127273, 0.000610832, 
52, 167901, 18.3272, -9.32327, -1.79461, -0.000692072, -0.000135685, -0.000328849, 
53, 12321.9, -21.0708, -16.4821, 17.9192, 0.000414785, 0.00024541, -0.000108971, 
54, 33262.7, -23.1756, 33.4727, -22.4109, 0.000230995, -0.000575306, 0.0002371, 
55, 207078, -10.1106, 0.758534, -16.2377, 0.000108253, 1.42962e-05, 0.000234581, 
56, 27724.5, 14.2606, -37.272, 14.1066, -0.00017845, 0.000591396, -0.000232678, 
57, 17609.8, 24.7994, -43.9346, 15.2145, -0.000228872, 0.000611831, 3.98291e-06, 
58, 12328.7, -31.6577, 20.2671, 35.8542, 0.00035398, -0.000277109, -0.000542394, 
59, 43139.2, -39.5676, -23.8999, 5.80037, 0.000536185, 0.000234223, -9.08355e-05, 
60, 106846, -38.4236, -45.5948, 42.2193, 0.000836873, 0.000221183, 0.000266905, 
61, 72802.7, 40.4572, -21.2122, 17.9736, -0.000537038, 0.000177629, -0.000354635, 
62, 46181.4, -26.9331, 22.6398, -40.7024, 0.000306441, -0.000269406, 0.000576017, 
63, 4752.12, -32.454, -31.0332, -45.7045, 0.00113888, -0.000933674, -0.000229321, 
64, 32357.5, 17.0222, -32.8594, -13.2343, -0.000248809, 0.000777963, 0.000345923, 
65, 5018.35, -36.3705, -6.62946, -12.7181, 0.000340087, 0.000193772, 0.00029161, 
66, 117960, 20.1491, -2.00256, -30.014, -0.000213143, 1.38846e-05, 0.000512234, 
67, 203303, 40.9235, -2.41579, 0.974377, -0.000768829, 0.000157269, -0.000134539, 
68, 33578.2, -37.7364, 45.1211, 8.30551, 0.000324308, -0.0006353, -2.10834e-06, 
69, 69966.1, -2.3889, -30.3746, -46.5581, -0.000146917, 0.000283469, 0.000762143, 
70, 82804.5, 28.3701, 20.4201, -48.4591, -0.000270454, -0.000202082, 0.000526496, 
71, 105137, 36.7502, -11.5628, 30.9872, -0.000362728, 0.000155648, -0.000482751, 
72, 182238, -42.0435, -39.0403, 21.7669, 0.000446195, 0.000297801, -0.000226401, 
73, 48300.2, 43.3849, -31.0049, 15.4798, -0.000548107, 0.000446702, -0.000325536, 
74, 83811.3, 45.7873, 16.2972, 29.2192, -0.00059404, -0.000727396, -0.000258843, 
75, 182626, -26.9948, -0.547067, -14.6766, 0.000367841, 6.76209e-05, 0.000109765, 
76, 51722.9, -25.4216, -16.7511, 33.7844, 0.000256278, 0.000347073, -0.000285824, 
77, 79504.8, -25.4211, 0.0259789, 30.1084, 0.000380066, -4.01529e-05, -0.000389792, 
78, 158424, 48.0151, -8.02958, -27.9288, -0.000618167, 0.000108354, 0.000357823, 
79, 47214.5, 46.3043, -2.41383, 44.4394, -0.000419218, 0.000112029, -0.000560127, 
80, 219522, -7.35619, 23.3627, -40.6172, 8.58136e-05, -0.000262804, 0.000604039, 
81, 19106.9, -36.0106, -45.1499, 10.3358, -0.000319013, 0.000516644, 0.000350519, 
82, 39951.1, 41.3805, 2.49173, -29.3288, -0.000622515, -0.000193192, 0.000540858, 
83, 78693.6, 15.4945, -46.2568, 25.4793, -4.23067e-05, 0.000616444, -0.00024132, 
84, 69951.7, 30.1457, 11.7432, -5.5613, -0.000362441, -0.000532753, -1.31282e-06, 
85, 121505, -22.6713, 6.68991, 23.8512, 0.000236283, -0.000223641, -0.000128325, 
86, 33226.7, 26.0101, 8.4195, -9.70686, -0.000256584, -0.000165636, 0.000432001, 
87, 5700.47, 22.6456, 32.4798, -43.4636, -0.000305157, -0.000363815, 0.000491396, 
88, 145508, 2.4531, -24.5785, -35.4225, -0.000241464, 0.000197305, 0.000569648, 
89, 311726, -5.81906, -28.4429, 2.57593, -0.000362393, 0.00107236, 3.57566e-06, 
90, 111004, 32.4723, 1.37024, -28.438, -0.000350464, -0.000136854, 0.000479896, 
91, 189341, 14.1881, 48.2191, 20.0827, -0.000112509, -0.000633892, -0.000284471, 
92, 110340, 41.3428, -32.7954, -5.19233, -0.000540753, 0.000575599, 0.00011473, 
93, 227786, 33.0121, -40.1049, 27.715, -0.000581346, 0.000213499, -0.000343379, 
94, 45429.1, -34.5208, -30.0909, -29.3238, 0.0006013, 0.000172357, 0.000332923, 
95, 79096.9, 14.9425, 24.0675, 20.2279, -0.000213032, -0.00018567, -0.000370701, 
96, 172391, 5.57309, -20.9083, -17.8462, -0.000134669, 0.000462509, 0.000434278, 
97, 40891.5, -34.6857, 25.7275, 14.4921, -0.000109097, -0.000241783, -0.000594589, 
98, 44851.2, 44.9857, -45.3365, 40.293, -0.000361544, 0.000299305, -0.000351373, 
99, 41855.3, 46.6959, -31.1535, -10.4571, -0.000747744, 0.000320607, 0.000320534, 
100, 55364.7, -34.8082, -33.8689, -10.3216, 0.000429547, 0.000260459, -0.000102862, 
101, 133489, 43.9427, 11.9998, 40.7337, -0.000350627, -0.00014297, -0.000694373, 
102, 116718, -30.27, -38.4284, 3.11603, 0.000322225, 0.000548652, -2.81415e-05, 
103, 41489.7, -45.3583, 18.9161, 23.002, 0.000665907, -0.000337499, -0.000338321, 
104, 25317.1, -4.16174, -7.94025, 17.0541, -0.000153268, -0.000111647, -0.000129032, 
105, 122915, -27.0704, 1.77555, -16.5072, 0.000392947, -0.000200174, 0.000331898, 
106, 22003.9, 11.8701, -8.8739, 4.53537, -9.78172e-06, -9.68644e-05, -0.000820976, 
107, 44393.1, 31.6402, 18.3711, 45.2937, -0.000153952, -0.000240904, -0.000553862, 
108, 27861.9, 16.1805, -39.3276, -31.5824, -0.000251125, 0.000462104, 0.000341002, 
109, 3915.15, -42.0372, 1.93872, -31.293, 0.000477732, -9.62123e-05, 0.000360927, 
110, 44656.7, -44.8588, 36.5757, -17.4719, 0.000420417, -0.0005751, 3.13059e-05, 
111, 64096.1, 42.509, -46.5532, -43.849, -0.000439346, 0.000783979, 0.00032989, 
112, 92587, -44.3056, 30.3355, -23.7381, 0.000445895, -0.000345921, 0.000296982, 
113, 11750, -21.6337, -15.4025, 44.6565, -0.000230365, 0.000473052, -0.000700626, 
114, 261549, 9.0269, 30.3172, -34.8294, -0.000187065, -0.000331529, 0.0004347, 
115, 10260.2, -25.703, 30.4212, -30.5068, 0.000249437, -0.000502154, 0.000454333, 
116, 9883.83, 48.1713, -27.5433, -3.87173, -0.000853434, 0.000176268, 2.32858e-06, 
117, 420908, 38.2261, -36.2503, -42.2497, -0.000119783, -0.000165505, 0.00067991, 
118, 43656.3, 19.702, -36.6117, 37.0312, -0.000185185, 0.000291574, -0.000560113, 
119, 5442.94, 41.7361, 2.45877, 34.0248, -0.000214273, 0.000341043, -0.000599377, 
120, 64753.8, -6.75277, 37.6718, -18.723, 0.000139328, -0.000527887, 0.00018643, 
121, 5238.72, 12.9731, 33.8881, 11.1286, -0.00011289, -0.000539584, 0.000363393, 
122, 36292.8, -12.1056, 17.6573, -31.8049, 0.00017441, -0.000232691, 0.000479719, 
123, 239246, -1.45621, -12.9305, 32.8134, -0.000387145, 0.000144064, -0.000681644, 
124, 35916.3, -18.7884, 40.6574, -9.15057, 0.000138188, -0.000576539, 0.000224366, 
125, 59978.1, 46.1371, -28.417, 8.87155, -0.000750201, 0.000312913, -0.000111442, 
126, 68914.6, -17.3463, 1.19021, 43.254, -0.000256816, -0.000464258, -0.000493499, 
127, 139141, 3.9212, 20.1102, 37.5457, -0.000227182, -0.00142301, -0.00169906, 
128, 48573.4, 39.145, 46.969, -1.58528, -0.000386984, -0.000427685, -0.000178039, 
129, 16414.7, -0.784148, 20.0986, -13.329, -2.23831e-05, -0.000485685, 9.85278e-05, 
130, 33001.4, 9.43891, 3.87472, -1.14904, -0.00101999, 0.000356383, -0.000110983, 
131, 8395.87, 10.5402, -9.3563, -9.64393, -3.65296e-05, -0.000115317, 0.000699385, 
132, 60106.1, 28.8129, -22.6871, -0.182889, -0.000384223, 0.000205237, -9.45841e-05, 
133, 207157, 15.1762, 14.9154, -8.80698, -0.000142363, -0.000519692, 0.000196459, 
134, 73184.1, -18.7216, 47.7213, 42.442, 8.9278e-05, -0.000452289, -0.00030848, 
135, 36373.7, 13.1903, -34.5895, 5.64891, -0.000215106, 0.000717956, -0.000164767, 
136, 129576, 22.4566, 13.0837, 17.4635, -0.000265339, -0.000215266, -0.000347204, 
137, 29531.3, 32.2292, 21.882, -35.9223, -0.000366197, -0.000312274, 0.000413997, 
138, 56000.4, -13.4305, -1.82441, 15.4584, -5.03461e-05, -0.000171069, -9.61267e-05, 
139, 168899, 4.75983, 48.0038, -34.9329, -3.39884e-05, -0.000569245, 0.000362001, 
140, 86223.5, -27.4627, -17.3325, -32.3885, 0.000381627, 4.02116e-05, 0.00041264, 
141, 203477, -46.633, -12.7104, -9.44291, 0.000698456, 0.000321025, 9.41704e-05, 
142, 27856.9, -8.62987, 43.4371, 9.35273, 0.00011488, -0.000632743, -0.000162361, 
143, 84533.1, 20.1097, -5.95419, -7.2022, -0.000652329, -0.000215884, 0.000660936, 
144, 350304, -16.1734, -34.8896, -33.9149, 9.29941e-05, 0.000310575, 0.000575054, 
145, 72268.6, 4.39082, -13.9366, -18.8092, 4.50579e-06, -0.000244843, 0.000599755, 
146, 15177.3, -47.621, -10.3536, -20.1223, 0.000724826, -0.000498821, 0.000368297, 
147, 210355, -48.3649, 2.10509, 4.91424, 0.000677539, -7.81815e-05, -0.000123506, 
148, 79347.4, 38.0392, -34.7933, -43.5261, -0.000393725, 0.00253354, -0.00154406, 
149, 348165, 10.8708, 44.0806, -13.7602, -0.000108002, -0.00057437, 0.000123898, 
150, 39793.7, 42.4971, 21.5505, 34.1765, -0.000256701, -0.000601544, -0.000505217, 
151, 141654, -42.4829, -19.2969, 35.2585, 0.000640352, 0.000183858, -0.000193368, 
152, 17705.2, 42.7089, -5.26779, 39.8266, -0.000312642, 0.000207353, -0.000452659, 
153, 8128.89, -35.3673, -8.18918, 29.3361, 0.000482143, -7.99001e-05, -0.000174426, 
154, 60076.2, -22.3212, -4.10291, 45.1518, 0.000762652, 0.000205891, 0.00110737, 
155, 211378, -21.0532, -41.3336, -41.6663, 0.000236461, 0.000743124, 0.000701618, 
156, 141972, 12.6823, 4.49678, -38.8307, -0.000112283, -0.00013014, 0.000655686, 
157, 74665, -10.6535, -26.7036, 14.482, 0.000171826, 0.000497675, -0.000533047, 
158, 517293, 43.1772, 14.7699, -12.8363, -0.000600957, -0.000350962, 0.000218939, 
159, 172971, -39.7699, -46.0061, 13.1, 0.000412706, 0.000635426, -1.82874e-05, 
160, 51121.1, 14.4892, 33.3131, -4.63083, -0.000194388, -0.000375831, -5.83596e-05, 
161, 91130.1, -22.5291, 21.5737, 25.5123, 0.000190157, -0.000560682, -0.000165951, 
162, 149283, -36.9447, 32.1874, 16.7835, 0.000389636, -0.000794803, -0.000214681, 
163, 83452.9, -45.1414, 12.8228, -5.71763, 0.000572614, -0.000311757, 0.000149241, 
164, 64226.9, 10.8208, -0.870274, -5.3485, 8.92044e-05, 0.000105174, 0.000804849, 
165, 7853.04, 14.3657, -24.9085, -31.0021, -0.000383126, 0.000280104, 0.000507268, 
166, 42725.7, -0.455818, 19.7623, 46.9147, 5.11071e-05, -0.000285879, -0.000901935, 
167, 80232.7, -41.1306, 14.8659, -31.0324, 0.000510599, -0.000208121, 0.000431591, 
168, 56861.4, -27.5028, -14.0174, 45.019, -4.27291e-05, 0.000261882, -0.000673978, 
169, 3283.8, -10.3601, -13.7139, 27.1441, 3.403e-05, -0.00089179, 0.00262562, 
170, 2064.05, 40.5274, 40.0307, 40.6313, -0.000259817, -0.000356743, -0.000325454, 
171, 92729.6, 28.5506, -43.3331, 27.1825, 0.000264825, 0.000895727, -0.000216666, 
172, 92313.6, -47.1866, -14.2441, -21.1926, 0.000608601, 0.000253771, 0.000472452, 
173, 134604, -7.8679, -25.741, 3.18717, 0.000893956, -0.00081554, -0.000328048, 
174, 167355, -20.5547, -28.3049, 2.00595, 0.000461336, 0.000369955, -4.72381e-05, 
175, 333184, -12.5777, -34.1041, -23.4697, -3.28394e-05, 0.000439841, -9.58918e-05, 
176, 109996, 41.8302, 29.3199, 19.8874, -0.000413927, -0.000471259, -0.000182316, 
177, 116129, -36.1444, 27.7899, 27.9362, 0.000356306, -0.000430144, -0.000448584, 
178, 23919, -2.54949, -30.5884, 30.2085, -2.88216e-06, 0.000524139, -0.000441238, 
179, 157841, -19.9984, 44.8553, -43.4542, 0.000176544, -0.000413892, 0.000367071, 
180, 123810, 42.595, -5.2308, -10.834, -0.00067296, 0.000200655, 0.000273871, 
181, 16634.9, -20.5137, -10.0693, 36.1469, 0.000138221, 4.81397e-05, -0.000442372, 
182, 156081, 35.2551, -26.2768, 1.82111, -0.000583723, 0.00041551, -0.000160636, 
183, 3124.3, -38.1597, 30.9883, 22.1858, 0.000671748, -0.000613009, -0.00058513, 
184, 53389.1, -17.0197, -15.6587, 32.4562, 0.000257608, 0.000426309, -0.00061189, 
185, 210128, -25.5783, 15.554, -23.5976, 0.0003476, -0.000351293, 0.000377588, 
186, 42801, -24.1977, 14.6368, 38.3613, 0.000333841, -0.000311033, -0.000700235, 
187, 235088, -30.9861, -33.3784, -47.4133, 0.000433263, 0.000183204, 0.000640538, 
188, 202835, -21.8003, -3.79065, 46.9062, -2.29428e-05, -0.000123699, -0.00133919, 
189, 89831.3, 46.4638, -31.4731, -43.1657, -0.00094237, -0.000139723, 0.000359788, 
190, 200924, -35.8871, -15.4493, 45.2627, 0.000371499, 6.181e-05, -0.000776837, 
191, 201667, -8.68105, 11.2664, -20.4574, -7.47864e-06, -0.000409374, 0.00036413, 
192, 39680.8, 12.5762, -48.2719, -36.565, -0.000148297, 0.000556567, 0.000357517, 
193, 266396, 44.7967, 8.94185, 28.6155, -0.000462977, 0.000103034, -0.000251137, 
194, 596.634, -36.1663, 44.4768, 9.54301, -0.000173446, -0.000512208, -0.000375998, 
195, 210775, -47.4552, -3.04532, -43.7132, 0.00042311, -3.86293e-05, 0.000438595, 
196, 63484.8, -41.218, -7.39226, -0.83187, 0.000335731, 0.000189713, -0.000298645, 
197, 43718.9, 41.7857, 16.2641, 6.5374, -0.000567879, -0.000431864, -0.000175469, 
198, 265739, -10.3363, -13.4224, 26.4016, 0.00011172, 0.000191408, -0.000255539, 
199, 27023.6, -30.8769, -6.42175, 22.4299, 0.000471421, 8.93173e-05, -9.01064e-05, 
