ID, Mass [kg], pos_0 [m], pos_1 [m], pos_2 [m], vel_0 [m/s], vel_1 [m/s], vel_2 [m/s], 
0, 4982.76, 0.289262, -1.52464, 11.6485, 8.42534e-05, -0.000806064, -0.00194461, 
1, 84564.5, 18.5872, 17.2092, 16.0802, -0.00118017, -0.00115805, -0.000948303, 
2, 143976, 0.910298, -14.5812, -7.38313, 0.000192964, 0.001539, 0.00192479, 
3, 12096.4, 8.43031, -7.21363, 9.46499, -0.00526885, -0.00410207, -1.6173e-05, 
4, 108584, -0.815482, 10.1839, -12.1025, -0.0031559, -0.00129155, 0.00437398, 
5, 224267, -3.08693, -9.78369, -3.18493, -0.000499411, 0.00149887, 0.00135134, 
6, 6023.5, -11.3864, 5.80619, -5.13631, 0.00306828, -0.0025427, 0.000412873, 
7, 12734.1, -3.61682, -14.7733, -8.33055, 0.00219188, 0.00360059, 0.00193891, 
8, 29188.7, 7.34964, 2.54315, -6.15777, -0.00352367, -0.00217847, -0.000857509, 
9, 37892.9, -6.97747, 3.79801, 0.905224, 0.00139163, -0.00177322, -0.000566782, 
10, 282.759, -17.3208, 15.3091, -13.5416, 0.00226296, -0.00129535, -6.90449e-05, 
11, 75028.9, 15.3611, 11.1279, -14.1622, -0.00246829, -0.000400702, 0.00227871, 
12, 29068.2, -12.5918, -1.29846, -15.5235, 0.00193643, -6.98808e-05, 0.00237714, 
13, 142762, 2.36484, 4.22936, 15.253, -9.45478e-05, -0.00139806, -0.00274589, 
14, 289648, -8.08753, -6.67464, -2.29552, 0.00210137, -0.000681901, 0.000834884, 
15, 17335.1, -9.65501, -12.9437, -11.839, 0.00348542, 0.00275764, 0.000490188, 
16, 37341.1, -17.6588, 15.3123, 6.26112, 0.00149345, -0.0016198, -0.000252766, 
17, 206687, -1.35861, -8.57029, -13.1647, -0.000509289, 0.000244747, 0.0028217, 
18, 253630, -4.83792, 9.13433, 10.3095, 0.00114997, -0.002286, -0.00138991, 
19, 40480.6, 7.64129, 15.7393, -0.597298, -0.00173236, -0.00166647, -4.56883e-05, 
20, 176293, -15.2986, -7.66573, 15.6751, 0.00286054, 0.00062603, -0.00211781, 
21, 17357.4, -10.8835, 2.14963, 2.31042, 0.00230378, -0.00194296, -0.000701362, 
22, 241662, 8.35773, 3.91209, -5.5252, -0.00101272, -0.000386113, 0.00156523, 
23, 144304, 8.93098, -12.693, 5.23595, -0.00188827, 0.00611307, 0.00192879, 
24, 449735, -3.93062, -6.39998, 10.0696, -7.56068e-05, 0.00316164, -0.00332002, 
25, 31022.8, 6.05048, 1.3982, -3.96982, -0.00224206, -0.00101971, 0.00176795, 
26, 277840, 0.383693, 5.10526, 14.3571, 2.40072e-05, -0.00124906, -0.00255667, 
27, 22179, 14.2338, 0.644904, 15.2688, -0.00292181, -0.000503959, -0.00227454, 
28, 7726.87, -11.1983, 5.3698, 14.1731, 0.00116899, -0.000858108, -0.00151787, 
29, 88891.4, 9.24887, 0.884831, 12.608, -0.00201834, -0.00176365, -0.00222401, 
30, 193310, -16.566, -10.9992, 5.59011, 0.0028528, 0.0013942, -0.000515101, 
31, 53721.6, -3.54153, 8.62758, -11.1347, 0.000167318, 0.00142178, -0.00197955, 
32, 149583, 7.90439, 3.67725, -5.14758, -0.000567934, -0.000513206, 0.00126787, 
33, 188997, 0.0442048, -12.7796, -7.52461, -0.00107838, 0.0033927, 0.00180345, 
34, 147623, -5.15873, 2.30502, -8.78085, 0.00114525, -0.00115667, 0.0023213, 
35, 35433.4, 12.6602, 11.2481, -1.27519, -0.00264606, -0.001107, -0.000103081, 
36, 379972, 9.67082, -2.49731, 11.9123, -0.00229911, 0.000163141, -0.00287946, 
37, 174579, -17.6071, 13.331, -17.4012, 0.00179118, -0.00067416, 0.00131334, 
38, 31779.4, -12.1789, 3.56389, -2.86759, 0.00378887, -0.00112832, -0.000344502, 
39, 17933.7, 14.9848, -1.61434, -8.15654, -0.00271142, 0.000433584, 0.0014032, 
40, 9826.32, 5.37966, -14.8543, -2.74732, -0.00020746, 0.00380736, 0.00133592, 
41, 92983.9, -15.2963, -15.056, 16.7607, 0.00181053, 0.00182689, -0.00150497, 
42, 36951.3, -3.92463, 0.459576, 7.50527, -0.000114381, -0.000530155, -0.000833168, 
43, 6279.37, 7.05169, 3.37132, -5.59431, 0.00328585, -0.000300552, 0.00116869, 
44, 18926.2, 9.98022, -10.6759, 10.2083, -0.00345973, 0.00253033, -0.0030039, 
45, 13388.8, -14.4999, -2.99976, -15.0198, 0.00230721, 0.000278865, 0.00194505, 
46, 57039.7, 2.7819, 8.30115, 13.419, -0.000770631, -0.00303496, -0.00137629, 
47, 165793, 1.56408, -13.317, -11.496, -0.0017831, 0.000901666, 0.00255323, 
48, 95584.4, 1.99524, 14.7657, -4.84383, 0.000976528, -0.0037686, -0.00135702, 
49, 49905.3, -14.6811, -3.04974, -4.76214, 0.00363911, -0.000522708, 0.000823049, 
50, 72486.3, 1.63035, -10.1466, 10.4619, -0.0038794, 0.00220187, 0.0032784, 
51, 332159, 10.2551, -12.4042, 5.71225, -0.00291323, 0.00191529, -0.000378708, 
52, 12900.8, -9.27716, -4.98393, -1.281, 0.00109482, 0.00211274, -4.71731e-05, 
53, 159525, 9.86114, 2.20453, -4.00449, -0.000932705, 0.000416778, 0.00172251, 
54, 73837.4, -6.68237, -5.40358, 8.37264, 0.00235543, -0.0020723, 0.00100384, 
55, 125355, -6.37787, -6.64436, -9.47928, 0.0015147, 0.00059836, 0.00179656, 
56, 28797.6, -3.51103, 10.2223, -12.8075, 0.00506362, 0.00178744, 0.00302908, 
57, 91269.6, -2.83584, 9.32773, 3.14439, 0.000138767, -0.00366646, -0.000911056, 
58, 5483.02, -17.2476, -0.398498, -16.5843, 0.00201997, -0.000110424, 0.00167921, 
59, 142050, -8.25632, 1.83773, -5.3775, 0.00446367, 0.00153175, 6.84448e-05, 
60, 184526, 10.6811, -13.8443, -1.41472, -0.00319683, 0.00164424, 0.00125356, 
61, 58050.4, -3.13709, -10.4003, 11.0261, 0.00194376, -0.00210015, -0.00660867, 
62, 96236, -3.61963, 8.96421, -11.5364, -0.00133856, -0.00620382, 0.00341227, 
63, 23636.2, 9.86345, -7.51531, 8.60611, -0.00617822, 2.61762e-05, 2.92427e-05, 
64, 29280.4, 5.42918, 2.0137, -7.68981, 7.17254e-05, 0.000417925, 0.00229336, 
65, 161524, -2.96658, 10.2257, -11.7551, 0.00579433, -0.000803648, 5.55664e-06, 
66, 67938.3, -3.1801, -0.817245, 7.23362, 0.00145466, -0.00372391, -0.00041652, 
67, 267084, -13.954, -9.7926, -1.66343, 0.00307945, 0.00124478, 0.000844409, 
68, 69388.9, 1.37882, 9.96013, -10.8172, -0.00262886, -0.00196511, 0.000509245, 
69, 47165.6, -14.3299, -7.65688, 12.7716, 0.00323199, 0.00071698, -0.000490195, 
70, 201127, 7.4326, -14.1922, -1.79019, -0.00131225, 0.0023265, 0.00141767, 
71, 105689, 9.26382, -12.9198, -13.3885, -0.00193248, 0.000916888, 0.00139696, 
72, 14582, -10.1313, -4.74811, 13.4052, 0.00128389, -0.000500391, -0.00204944, 
73, 76931.6, -2.52524, 10.6068, -12.0346, 0.000551224, -0.0017788, 0.000604898, 
74, 237815, -8.62867, 1.78605, -5.5839, 0.00151584, -0.00377117, -0.000783183, 
75, 105565, -11.7188, 12.0744, 17.7534, 0.000898719, -0.00184948, -0.00173497, 
76, 170875, 14.0527, 5.39063, 5.19458, -0.00282511, -0.000804763, -0.000433594, 
77, 17853.6, 10.8691, -2.3402, 6.32595, -0.0029333, -0.000456483, 0.000467117, 
78, 24497.1, -12.884, -7.93134, -4.74549, 0.0026207, 0.000934887, 0.00269109, 
79, 101855, 1.1459, 13.9555, 1.53653, 0.000542616, -0.00313274, -0.000974038, 
80, 95013.6, -3.62318, -0.37609, 6.89732, 0.000360227, -0.00109631, -0.00044783, 
81, 141297, -14.2587, 15.7457, -14.8631, 0.0014869, -0.0018135, 0.000701497, 
82, 151080, -11.4798, -4.10009, 14.4993, 0.00263917, -0.000397693, -0.00223636, 
83, 260791, -8.79423, -4.56493, -2.74923, 0.00110556, 0.00183793, 0.000403672, 
84, 100223, 10.1255, -1.35405, 10.9737, -0.00362442, -0.00161353, 0.000720081, 
85, 7966.28, -3.02158, 11.2243, -12.2076, -0.000511059, -0.00758106, -1.39295e-06, 
86, 58175.3, -3.05325, 10.8427, -12.3623, 0.00617763, 0.00153813, 0.00178751, 
87, 628317, 1.17494, -10.1743, 9.95259, -0.00136221, 0.00137703, -0.00313466, 
88, 82285.2, 8.4455, 16.6039, 6.32366, -0.000871052, -0.00236041, -0.00148986, 
89, 161291, -7.05853, 0.97363, -7.74955, 0.000229967, 0.00150083, 0.000691851, 
90, 79687.2, -3.42465, -11.5176, 12.0374, 0.00113454, 0.000457272, 0.000799707, 
91, 310528, 14.2915, 17.1645, -10.6806, -0.00105415, -0.00204504, 0.00121071, 
92, 30795.2, -10.1646, -2.69643, 2.95879, 0.00128612, -0.000631987, -0.00139773, 
93, 519908, 8.10471, -7.73923, 9.02872, -0.00256751, 0.000428931, -0.00132499, 
94, 101104, -6.73048, 0.614801, -9.46734, 0.00173262, 0.00146224, 0.00423245, 
95, 23620.3, -6.38424, -10.5779, -13.617, 0.000310527, 0.00103776, 0.00198522, 
96, 8104.4, -2.71891, 9.18817, 3.94546, 0.00111739, -0.00251414, -6.0623e-05, 
97, 234265, 2.71175, -9.45019, 7.35261, -0.00115302, -0.000125972, 0.00207927, 
98, 3741.53, -4.81818, 14.3788, -9.90199, 0.00153876, -0.00393329, -0.000409641, 
99, 5528.05, -13.878, -10.2827, -2.46026, 0.00317901, -0.00285928, 0.000264903, 
100, 6655.21, 10.3865, -10.9321, 11.5889, -0.00298732, 0.00212991, -0.0034644, 
101, 74442.9, 16.4693, 9.47474, -8.46722, -0.00317389, -0.000399102, 0.00071932, 
102, 271819, 9.88328, 8.08684, 16.5317, -0.00141132, -0.00164468, -0.00227009, 
103, 173429, 11.2128, 10.1077, -10.3687, -0.00230729, -0.00179755, 0.00328007, 
104, 132164, -6.24025, -3.22608, 10.2573, 0.00183723, -0.00250309, -0.00188857, 
105, 293403, 4.18802, -2.77874, -12.5927, -0.00119754, 0.000164168, 0.00236564, 
106, 91810.3, -2.47347, -14.0817, -7.07527, 0.00218698, 0.00345836, 0.000442941, 
107, 203740, -7.5384, -11.8775, -14.626, 0.000483707, 0.000969627, 0.0023623, 
108, 124900, 1.75239, 15.2765, -4.32617, 0.000317961, -0.00189937, 0.00119688, 
109, 153482, -1.97558, -9.7428, -4.40388, 0.00126752, 0.000609826, -0.000739468, 
110, 95805.7, -8.4074, -12.2722, -12.8044, 0.00302229, 0.0024413, 0.000743161, 
111, 47735.2, -0.212201, -12.2186, -3.27158, -0.000397895, 0.00286709, -0.000585614, 
112, 24494.2, 6.24493, -10.699, 0.859802, -0.0012363, 0.000361689, 0.00127191, 
113, 39205.1, 6.77594, 3.68635, -2.36056, 3.01873e-05, -0.000700283, -0.00142824, 
114, 24723, 10.6375, 9.85276, -9.04972, -0.00106225, -0.00132299, -0.00108743, 
115, 15671.3, -13.3695, -17.1549, -17.2791, 0.00148767, 0.00155041, 0.00156063, 
116, 320473, -4.07782, 10.114, -11.7836, -0.00187832, -0.00146796, 0.00271857, 
117, 54072.2, -3.79072, 11.6193, -11.7211, -0.00241819, -0.000364412, 0.00141022, 
118, 20992.2, -13.7471, -10.4558, -15.6922, 0.00228244, 0.000721893, 0.00196979, 
119, 68943.4, 16.5107, 16.7636, -3.06947, -0.00242944, -0.00174532, -0.000275482, 
120, 176775, -7.47022, 2.43475, -8.85382, 0.000575339, -0.00143211, 0.0025982, 
121, 28501.8, -1.01706, -11.5308, 11.3016, -0.00357832, 0.00180138, -0.00255053, 
122, 93263.7, 8.70364, 4.63635, 11.8072, -0.00108979, -0.00178552, -0.00208346, 
123, 54631.4, -9.93039, 7.61893, 15.2617, 0.000768125, -0.001407, -0.00197209, 
124, 28486.7, 3.7842, 2.74276, 8.67773, -0.000432502, -0.00197495, -0.000915649, 
125, 45940.3, -2.742, 8.44183, 7.62583, -4.12337e-05, -0.00169046, -0.000804234, 
126, 58147.3, -14.3414, -8.02485, -3.45096, 0.00263742, 0.00282619, -0.0016362, 
127, 314510, 4.09327, -16.222, -15.7957, -0.000333362, 0.00290046, 0.00201369, 
128, 66689.7, -14.2019, -8.50631, -2.79575, 0.00356151, 0.00241473, 0.000814797, 
129, 293196, -16.4639, 6.55997, 10.7136, 0.0022582, -0.00112899, -0.00046444, 
130, 58957.4, 0.0924574, 6.76368, 14.7028, 0.00103134, -0.00409893, -0.00248444, 
131, 26864.5, -14.1533, 8.08775, 13.798, 0.000929918, -0.0024092, -0.000510034, 
132, 14537.9, -16.0192, 1.95423, 6.81374, 0.00275134, -0.00059668, -0.00033077, 
133, 59690.8, -8.91857, 2.04674, -5.38778, 0.00194514, 0.000777502, 0.0018837, 
134, 71873.2, -4.12005, 10.536, -12.1974, 0.00546597, -0.00631749, -0.000997708, 
135, 9549.31, 0.373149, -13.4441, -9.59867, -0.0025649, 0.00219228, 0.00323088, 
136, 48774.7, 15.5818, 12.183, 1.77728, -0.00251097, -0.00147095, -0.000543837, 
137, 177196, 4.45067, 17.1919, -13.6009, -0.00089756, -0.00240073, 0.00239229, 
138, 29597.5, -12.0842, -13.9024, 4.24866, 0.00193921, 0.00284119, -0.000142108, 
139, 32591.9, -3.15068, 10.106, -11.8937, -0.00121491, -0.00377541, 0.00211695, 
140, 153581, 2.65173, 16.3518, -11.7144, 0.000208053, -0.00280356, 0.000641126, 
141, 131949, 3.16931, -12.505, 8.18079, -0.00186029, 0.00500982, 0.000357412, 
142, 20789.6, -9.44442, 0.858274, 11.6675, 0.00199091, -0.00171803, -0.00137836, 
143, 36049, 4.23981, 4.95145, -13.4946, -0.0011552, -7.32587e-05, 0.00286748, 
144, 177733, -11.2932, -2.21508, 1.75752, 0.00315782, -0.000886206, -0.000478939, 
145, 143909, 14.9082, -13.1598, -15.5587, -0.00187151, 0.000869546, 0.00143798, 
146, 76057.7, 2.03527, -11.2056, 9.86007, -0.00103496, 0.00595806, 0.00110502, 
147, 21460.3, 1.43859, -10.2985, 9.85871, -0.00714508, -0.000595999, -0.00723995, 
148, 28241, 9.03829, 0.987393, 13.0404, -0.000494301, -0.00111088, -0.00464722, 
149, 77611.6, -6.04023, 12.5376, -15.3935, 0.00131556, -0.00226387, 0.00365555, 
150, 42249.4, -1.87275, 10.3899, 3.88815, -0.000853238, -0.00286621, -0.00193644, 
151, 30574.3, -12.3852, 3.1362, -2.89125, 0.00300157, -0.00266853, -8.52801e-05, 
152, 45197.8, 15.5272, 11.7685, 2.70586, -0.00245647, -0.0013553, -0.000883514, 
153, 71843.5, -11.0584, -13.7615, -5.88638, 0.00192621, 0.0026798, 0.000905427, 
154, 71612.1, -9.12838, 12.8895, -15.635, 0.00216008, -0.00158703, 0.0022317, 
155, 53086.9, 0.386354, -13.4622, -9.56127, 0.00119536, 0.00171889, -0.00120118, 
156, 50912.6, -14.592, -4.60007, -6.57395, 0.00322879, 0.000261415, 0.00198776, 
157, 422843, -6.29241, -7.63507, 9.98541, 0.00472232, 0.000452714, -0.000207338, 
158, 35700.8, 16.9807, -8.60622, -10.4598, -0.00221375, 0.000530026, 0.00101602, 
159, 46045.4, 0.634517, -13.0664, -12.0081, 0.00148355, 0.00194333, 0.00359776, 
160, 152279, -14.7181, 7.47056, 15.4234, 0.00177731, -0.00110404, -0.00210012, 
161, 142259, -11.1829, -0.964728, 16.0541, 0.00158024, -0.0013143, -0.00284434, 
162, 22811, -8.88826, -5.68599, -1.81072, 0.00248339, 0.00282097, -0.00190388, 
163, 44215.6, 0.8098, 12.1205, 1.84231, 5.64498e-05, -0.00139888, -0.000594519, 
164, 78004.8, -5.10323, -8.55854, 6.51371, 0.00124098, 0.00168753, 0.00209634, 
165, 116840, -0.176215, 9.42101, -11.2366, -0.00228002, 0.000763951, 0.000496558, 
166, 26576.3, 14.0876, 16.3675, -3.75309, -0.00173346, -0.00200973, -1.37555e-05, 
167, 178987, -9.48673, -10.1388, 15.1403, 0.00227813, 0.00185978, -0.00319897, 
168, 105332, 8.94537, 15.786, -0.20833, 0.000355192, -0.00162297, 0.000519754, 
169, 17416.3, -1.0925, -1.07331, -2.83538, -0.000527733, -0.000480656, 0.000696872, 
170, 188196, 11.39, 10.6827, -11.1642, -0.000952936, 0.000507092, 0.000667096, 
171, 154087, 0.99222, -12.3348, 9.95955, 0.000652977, 0.00673863, -0.00177183, 
172, 221417, 1.52874, -0.86795, 12.335, -0.000461991, -0.000798359, -0.00228902, 
173, 30581.6, 9.8056, 2.19158, 9.86563, -0.00221106, -0.000904533, -0.000248775, 
174, 257561, -3.19056, -9.83644, 11.6677, -0.00152353, 0.00228537, 7.35017e-05, 
175, 25785, 14.3501, 9.10408, -7.49819, -0.00259005, -0.000464951, -3.35962e-05, 
176, 48638.1, 4.29276, -16.5109, -15.6355, -0.00221237, -0.00157744, 0.00360842, 
177, 10067.2, -7.59628, -8.77037, 6.17102, 0.00312207, 0.00219506, 0.00132336, 
178, 44588.6, -3.48029, 9.04141, -11.4435, 0.000347886, 0.00275009, -0.00352754, 
179, 92749.3, -5.8811, -10.3517, 8.38967, 0.00264304, 0.0044519, 0.00100331, 
180, 92871.7, 4.30826, -13.876, -0.0958125, -1.07424e-05, 0.0027507, 0.000363384, 
181, 247270, 7.09685, 10.0536, -0.345156, -0.000922249, -0.000784668, -0.000763514, 
182, 486916, -3.36958, -9.81109, 11.3992, 0.00279425, -0.000956394, -0.00372481, 
183, 368942, 7.3313, 14.313, -1.5837, -0.00140606, -0.00313083, -0.000643108, 
184, 177502, -1.69381, -2.78889, 2.93001, -0.000255638, -0.000705068, 0.000590805, 
185, 207343, -5.80439, -10.9628, -13.3092, 0.00200434, 0.00172907, 0.00333063, 
186, 187409, 9.53119, 5.31842, 9.16132, -0.00179061, -0.0019523, -0.000517008, 
187, 2227.5, -8.82309, 6.52962, -10.2462, 0.00346999, -0.00140433, 0.0014274, 
188, 123729, 0.490405, -13.7347, -9.17938, -0.000979347, 0.00280092, -0.00117673, 
189, 104967, -4.24513, -5.84489, -12.6209, 0.000684134, -0.000469177, 0.00293145, 
190, 66861.3, 5.45021, -14.8868, -16.622, -0.00256285, -1.17859e-06, 0.00318182, 
191, 273746, 7.97819, -13.673, 4.8179, -0.0026774, 0.00127671, -0.00092331, 
192, 237580, 10.4041, -4.32418, -1.88835, -0.00242079, 0.000661706, 0.000704234, 
193, 172963, 11.8669, 17.3688, -11.5415, -0.00255915, -0.00204402, 0.000730462, 
194, 93590.7, 4.18896, 1.18648, 6.82524, -0.000865991, -0.00107327, -4.97306e-05, 
195, 163125, -2.96446, 9.38157, -11.855, 0.00304277, -0.00167138, 0.00310452, 
196, 160121, 8.84014, 2.48051, -4.70265, -0.00468764, 0.000467539, -0.00138895, 
197, 122511, -2.92782, 9.53772, 3.19468, 0.00223715, -0.000544736, 0.000383685, 
198, 16991.2, 17.8269, -5.33095, -17.2446, -0.00164425, 0.000181589, 0.00145786, 
199, 27557.8, -15.1309, 1.06227, 0.121117, 0.00343694, -0.00111082, -0.000107526, 
