ID, Mass [kg], pos_0 [m], pos_1 [m], pos_2 [m], vel_0 [m/s], vel_1 [m/s], vel_2 [m/s], 
0, 4982.76, 0.367725, -1.72812, 11.1407, 0.000537267, -0.000774422, -0.00201793, 
1, 84564.5, 18.2662, 16.8943, 15.8219, -0.00132346, -0.00129815, -0.00106662, 
2, 143976, 0.914546, -14.0789, -6.91225, -0.000154038, 0.00235817, 0.00176822, 
3, 12096.4, 6.9791, -8.33037, 9.09274, -0.00554678, -0.00374849, -0.00275334, 
4, 108584, -1.80863, 9.78172, -10.9452, -0.00459698, -0.00187303, 0.00420625, 
5, 224267, -3.17924, -9.37234, -2.86351, -0.000241778, 0.00171022, 0.00117861, 
6, 6023.5, -10.5388, 5.10101, -5.02601, 0.003552, -0.0029649, 0.000445732, 
7, 12734.1, -2.99134, -13.7716, -7.79738, 0.00270797, 0.00422763, 0.00221794, 
8, 29188.7, 6.50388, 2.05768, -6.26615, -0.00311027, -0.00164689, -2.3271e-05, 
9, 37892.9, -6.59567, 3.30743, 0.748628, 0.00158849, -0.00205723, -0.000656121, 
10, 282.759, -16.7009, 14.9536, -13.5626, 0.00257454, -0.00147953, -9.59434e-05, 
11, 75028.9, 14.6846, 11.018, -13.5353, -0.00281195, -0.000455995, 0.00261464, 
12, 29068.2, -12.0611, -1.31807, -14.8718, 0.0022051, -8.34969e-05, 0.00270949, 
13, 142762, 2.28691, 3.86771, 14.4746, -0.000519929, -0.00142003, -0.00333084, 
14, 289648, -7.53895, -6.78342, -2.07823, 0.00219541, -0.000193222, 0.000859457, 
15, 17335.1, -8.67986, -12.1792, -11.7174, 0.00414054, 0.00321413, 0.000444112, 
16, 37341.1, -17.2508, 14.8706, 6.19179, 0.00168949, -0.00182617, -0.00028839, 
17, 206687, -1.50242, -8.50605, -12.3861, -0.000616341, 0.000254189, 0.00325871, 
18, 253630, -4.52057, 8.50575, 9.92662, 0.00132786, -0.00262074, -0.00159966, 
19, 40480.6, 7.20146, 15.1746, -0.666147, -0.00170946, -0.00271678, -0.000475445, 
20, 176293, -14.5114, -7.49305, 15.0915, 0.0032844, 0.000722511, -0.00243855, 
21, 17357.4, -10.2479, 1.6127, 2.11655, 0.00265903, -0.00224995, -0.000812441, 
22, 241662, 7.99662, 3.67557, -5.00253, -0.00180871, -0.0015386, 0.00244515, 
23, 144304, 8.49738, -11.1505, 5.73878, -0.00142353, 0.00578964, 0.00193119, 
24, 449735, -3.98263, -5.69076, 9.20726, -0.000332429, 0.00232787, -0.00337216, 
25, 31022.8, 5.50538, 1.17173, -3.52623, -0.00202257, -0.00075253, 0.00168906, 
26, 277840, 0.414868, 4.76628, 13.672, 0.000223264, -0.00137553, -0.00277769, 
27, 22179, 13.4311, 0.507343, 14.643, -0.0033435, -0.000569431, -0.00261029, 
28, 7726.87, -10.879, 5.13744, 13.7566, 0.00132163, -0.000953548, -0.00173259, 
29, 88891.4, 8.69584, 0.390058, 11.9895, -0.00227135, -0.00210514, -0.00265762, 
30, 193310, -15.7825, -10.6171, 5.44861, 0.00326231, 0.00158712, -0.000589486, 
31, 53721.6, -3.42085, 9.25397, -11.7306, 0.000881988, 0.00323057, -0.00216259, 
32, 149583, 7.89547, 3.52744, -4.89678, 0.000324469, -0.000720644, 0.000711254, 
33, 188997, -0.232804, -11.9197, -7.07493, -0.00110729, 0.00333614, 0.00172942, 
34, 147623, -4.93928, 1.97552, -8.14107, 0.000525501, -0.00142148, 0.00268118, 
35, 35433.4, 11.9297, 10.9447, -1.30553, -0.00305808, -0.00126083, -0.000134949, 
36, 379972, 9.04447, -2.41307, 11.1107, -0.00259265, 0.000569042, -0.0033336, 
37, 174579, -17.1183, 13.1468, -17.0423, 0.00202229, -0.000762884, 0.0014867, 
38, 31779.4, -11.1522, 3.21487, -2.96546, 0.00422789, -0.00159403, -0.00041947, 
39, 17933.7, 14.2408, -1.49486, -7.77198, -0.00309465, 0.000499164, 0.00159785, 
40, 9826.32, 5.33732, -13.8166, -2.35869, -0.00011318, 0.00428145, 0.00171509, 
41, 92983.9, -14.8013, -14.5578, 16.3477, 0.00205148, 0.00205945, -0.00171755, 
42, 36951.3, -3.90738, 0.214281, 7.25192, 0.000250524, -0.00137904, -0.00112372, 
43, 6279.37, 8.09538, 3.34869, -5.15815, 0.00445688, 0.000211095, 0.00245277, 
44, 18926.2, 9.00576, -9.96492, 9.36995, -0.00417178, 0.00303604, -0.00354878, 
45, 13388.8, -13.8673, -2.9234, -14.486, 0.00263, 0.000316868, 0.00222149, 
46, 57039.7, 2.56396, 7.45729, 13.0403, -0.000935389, -0.00356123, -0.00158105, 
47, 165793, 1.04506, -13.0418, -10.7734, -0.00226257, 0.00130322, 0.00313661, 
48, 95584.4, 2.23207, 13.8012, -5.13451, 0.000890944, -0.00379769, -0.000944642, 
49, 49905.3, -13.6782, -3.1982, -4.53647, 0.0041906, -0.000639876, 0.000937775, 
50, 72486.3, 0.481787, -9.63436, 10.8326, -0.00463834, 0.00185605, -0.00014282, 
51, 332159, 9.34872, -11.8802, 5.58707, -0.00416816, 0.00226306, -0.000556735, 
52, 12900.8, -8.90136, -4.45588, -1.40297, 0.00183694, 0.00203148, -0.000903896, 
53, 159525, 9.49255, 2.35465, -3.61596, -0.00190508, 0.000742408, 0.00132987, 
54, 73837.4, -5.94793, -6.00793, 8.69784, 0.00352715, -0.00263253, 0.00155772, 
55, 125355, -5.95956, -6.48441, -8.98739, 0.00175231, 0.000647015, 0.00204106, 
56, 28797.6, -2.17584, 10.5101, -11.6654, 0.00538801, 4.74813e-05, 0.00537232, 
57, 91269.6, -2.76252, 8.44308, 2.94229, 0.000500468, -0.00324454, -0.000663217, 
58, 5483.02, -16.6959, -0.428529, -16.1252, 0.00228476, -0.000123874, 0.00190355, 
59, 142050, -7.22934, 2.12382, -5.44901, 0.00372408, 0.000656156, -0.00055345, 
60, 184526, 9.79224, -13.3883, -1.06955, -0.00375098, 0.00191766, 0.00144028, 
61, 58050.4, -2.67458, -10.5517, 9.59974, 0.00187201, 0.00067729, -0.00456148, 
62, 96236, -3.84113, 7.64415, -10.7186, -0.000488456, -0.00433477, 0.00300632, 
63, 23636.2, 8.00106, -7.53436, 8.63539, -0.00868556, -0.000236043, 0.000188312, 
64, 29280.4, 5.46206, 2.13308, -7.0451, 0.000207522, 0.000516992, 0.002759, 
65, 161524, -1.65048, 9.89923, -11.7411, 0.00450927, -0.0016841, 0.000490007, 
66, 67938.3, -2.83962, -1.77071, 7.10182, 0.00123273, -0.00375821, -0.000573993, 
67, 267084, -13.1102, -9.42103, -1.46217, 0.00351168, 0.00165223, 0.000735367, 
68, 69388.9, 0.585764, 9.43326, -10.6894, -0.0036208, -0.00211128, 0.000477992, 
69, 47165.6, -13.4456, -7.45825, 12.6418, 0.00366603, 0.000834654, -0.00052069, 
70, 201127, 7.07596, -13.5505, -1.39551, -0.00146725, 0.00268342, 0.00166643, 
71, 105689, 8.73132, -12.669, -13.0048, -0.0022248, 0.00104031, 0.00159695, 
72, 14582, -9.77551, -4.87261, 12.8609, 0.00149365, -0.000458813, -0.00218368, 
73, 76931.6, -2.52325, 9.90998, -11.7484, 3.63825e-05, -0.00352586, 0.00169445, 
74, 237815, -8.11911, 0.881665, -5.75805, 0.00241548, -0.00326215, -0.000670524, 
75, 105565, -11.4732, 11.5689, 17.2787, 0.0010174, -0.00209432, -0.00196916, 
76, 170875, 13.2782, 5.16802, 5.07569, -0.00321932, -0.000933853, -0.000494447, 
77, 17853.6, 10.0578, -2.46967, 6.46012, -0.00340334, -0.000555894, 0.000585716, 
78, 24497.1, -12.1786, -7.67503, -3.99286, 0.00286657, 0.00107143, 0.00318167, 
79, 101855, 1.29367, 13.0912, 1.27003, 0.0006076, -0.00361596, -0.00110353, 
80, 95013.6, -3.49418, -0.722842, 6.80653, 0.00062726, -0.00161397, -0.00028586, 
81, 141297, -13.8557, 15.2517, -14.6707, 0.001656, -0.00204033, 0.000799963, 
82, 151080, -10.7524, -4.20848, 13.8833, 0.00303853, -0.000447619, -0.0025727, 
83, 260791, -8.46467, -4.1435, -2.61444, 0.00146616, 0.00146754, 0.000641205, 
84, 100223, 9.08893, -1.9321, 11.224, -0.00446573, -0.00316198, 0.00107582, 
85, 7966.28, -3.12097, 9.01191, -11.9899, -7.74715e-05, -0.00889941, 0.00186992, 
86, 58175.3, -1.55681, 10.8858, -11.7187, 0.00545248, -0.0011762, 0.00301475, 
87, 628317, 0.840486, -9.85888, 9.14942, -0.00119993, 0.00106615, -0.00305026, 
88, 82285.2, 8.20629, 15.9568, 5.91502, -0.000995892, -0.00268932, -0.00169937, 
89, 161291, -6.98906, 1.41554, -7.57449, 0.000338148, 0.00195768, 0.000635173, 
90, 79687.2, -3.07644, -11.1206, 12.0568, 0.00157618, 0.00251276, -0.000735168, 
91, 310528, 13.966, 16.6069, -10.3614, -0.0014788, -0.00230762, 0.00128302, 
92, 30795.2, -9.8247, -2.85465, 2.53826, 0.00135849, -0.00058305, -0.00192837, 
93, 519908, 7.39851, -7.62537, 8.66783, -0.00294657, 0.000437563, -0.0014981, 
94, 101104, -6.29682, 1.07168, -8.2461, 0.0015411, 0.00216044, 0.00533125, 
95, 23620.3, -6.20127, -10.3824, -13.0134, 0.00107529, 0.000561735, 0.00272977, 
96, 8104.4, -2.43245, 8.57461, 3.79253, 0.0011375, -0.00225335, -0.00108946, 
97, 234265, 2.32919, -9.50848, 7.99333, -0.00198644, -0.000374191, 0.00300175, 
98, 3741.53, -4.3823, 13.2744, -10.0199, 0.00187049, -0.00471038, -0.000514324, 
99, 5528.05, -13.0217, -10.862, -2.28419, 0.00351816, -0.00170502, 0.000976786, 
100, 6655.21, 9.54668, -10.3365, 10.6263, -0.00358462, 0.00252675, -0.00405675, 
101, 74442.9, 15.5952, 9.36656, -8.27107, -0.00364999, -0.000444563, 0.000811105, 
102, 271819, 9.49557, 7.63553, 15.9095, -0.00161493, -0.00187758, -0.00258582, 
103, 173429, 10.6068, 9.68643, -9.55842, -0.00244112, -0.00154453, 0.00311295, 
104, 132164, -5.70055, -3.96386, 9.73098, 0.00243561, -0.00331439, -0.00223357, 
105, 293403, 3.85868, -2.73417, -11.943, -0.00137323, 0.000183574, 0.00270539, 
106, 91810.3, -1.85271, -13.1238, -6.96038, 0.00267373, 0.00403077, 0.000451564, 
107, 203740, -7.36559, -11.5878, -13.9243, 0.000860477, 0.00129121, 0.00313506, 
108, 124900, 1.86356, 14.6999, -4.05854, 0.000534981, -0.0025716, 0.000918886, 
109, 153482, -1.68853, -9.57513, -4.54002, 0.00100486, 0.000698132, -0.000358967, 
110, 95805.7, -7.55257, -11.593, -12.6324, 0.00365308, 0.00285456, 0.000552276, 
111, 47735.2, -0.337806, -11.4282, -3.437, -0.000592365, 0.0033037, -0.000712754, 
112, 24494.2, 5.90733, -10.6029, 1.21515, -0.00139782, 0.000387575, 0.00150396, 
113, 39205.1, 6.80158, 3.48636, -2.78809, 0.000189683, -0.00086325, -0.00194944, 
114, 24723, 10.394, 9.53725, -9.4188, -0.000754397, -0.00105919, -0.00181107, 
115, 15671.3, -12.9641, -16.7324, -16.853, 0.00167549, 0.00174551, 0.00176409, 
116, 320473, -4.28129, 9.66371, -11.1205, 0.000157858, -0.0020378, 0.00246655, 
117, 54072.2, -4.30259, 11.2252, -11.3639, -0.00155202, -0.00254881, 0.00144723, 
118, 20992.2, -13.1212, -10.2569, -15.1517, 0.00260204, 0.000830941, 0.00224821, 
119, 68943.4, 15.8449, 16.2842, -3.146, -0.00276625, -0.00199664, -0.000322274, 
120, 176775, -7.24442, 1.97575, -8.08862, 0.00124596, -0.00222853, 0.0034577, 
121, 28501.8, -1.97893, -10.8673, 10.5567, -0.004108, 0.00360943, -0.0032407, 
122, 93263.7, 8.40183, 4.14388, 11.2225, -0.00126709, -0.00205777, -0.00249072, 
123, 54631.4, -9.72111, 7.23223, 14.7223, 0.000864247, -0.00161129, -0.00223721, 
124, 28486.7, 3.6637, 2.19196, 8.4246, -0.000509478, -0.00233046, -0.0010622, 
125, 45940.3, -2.75217, 7.97488, 7.41078, -3.71713e-05, -0.00195604, -0.000868599, 
126, 58147.3, -13.5807, -7.32318, -3.79833, 0.00330273, 0.00268517, -0.00110126, 
127, 314510, 4.01028, -15.4603, -15.2316, -0.000321139, 0.00307403, 0.00236013, 
128, 66689.7, -13.2205, -7.90456, -2.55769, 0.00409481, 0.00227111, 0.00103746, 
129, 293196, -15.8449, 6.25164, 10.5881, 0.0025725, -0.00127657, -0.000513402, 
130, 58957.4, 0.388879, 5.55784, 13.9931, 0.0012816, -0.00542815, -0.00311742, 
131, 26864.5, -13.908, 7.42402, 13.6813, 0.000977533, -0.00276787, -0.000368215, 
132, 14537.9, -15.2659, 1.7894, 6.72346, 0.00312696, -0.000690408, -0.00037379, 
133, 59690.8, -8.20681, 2.07195, -5.0245, 0.00342099, -0.000470963, 0.000952064, 
134, 71873.2, -2.58169, 8.83249, -12.1195, 0.00621358, -0.00631339, 0.00154553, 
135, 9549.31, -0.20634, -12.8875, -8.72262, -0.00192397, 0.00225418, 0.00337913, 
136, 48774.7, 14.8913, 11.77, 1.65078, -0.00287726, -0.00175323, -0.000441653, 
137, 177196, 4.19706, 16.5256, -12.939, -0.00108848, -0.00280799, 0.00277768, 
138, 29597.5, -11.5493, -13.1233, 4.20915, 0.0022369, 0.00323855, -0.000167163, 
139, 32591.9, -3.44639, 9.12719, -11.3264, -0.000890077, -0.00359982, 0.00219815, 
140, 153581, 2.7153, 15.5911, -11.542, 0.000294711, -0.00312362, 0.000700473, 
141, 131949, 2.59527, -11.0647, 8.31079, -0.00273796, 0.00634322, 0.000674494, 
142, 20789.6, -8.89507, 0.382181, 11.2878, 0.00229916, -0.00200033, -0.00158674, 
143, 36049, 3.92036, 4.9328, -12.7094, -0.00133965, -7.12906e-05, 0.00325979, 
144, 177733, -10.4209, -2.46337, 1.62723, 0.00365377, -0.00105583, -0.00053422, 
145, 143909, 14.3976, -12.9217, -15.1659, -0.0021118, 0.000988277, 0.00162693, 
146, 76057.7, 1.41065, -9.48503, 9.98357, -0.0038859, 0.00680799, -0.000711066, 
147, 21460.3, -0.285146, -10.2452, 8.32706, -0.00573005, 0.000885183, -0.00480048, 
148, 28241, 8.89193, 0.629401, 11.7521, -0.000752924, -0.001741, -0.00525151, 
149, 77611.6, -5.66348, 11.9048, -14.3842, 0.00163397, -0.00268003, 0.00422321, 
150, 42249.4, -2.14343, 9.54908, 3.33814, -0.00129047, -0.00376718, -0.00235203, 
151, 30574.3, -11.5371, 2.43907, -2.92048, 0.00361882, -0.00277624, -0.00014694, 
152, 45197.8, 14.8549, 11.409, 2.43755, -0.00279061, -0.00144839, -0.00121322, 
153, 71843.5, -10.5267, -13.0247, -5.63493, 0.0022257, 0.00307114, 0.00105902, 
154, 71612.1, -8.53162, 12.4505, -15.0222, 0.00249769, -0.00184095, 0.00255243, 
155, 53086.9, 0.676873, -13.0099, -9.76117, 0.000952762, 0.0019073, -0.000512217, 
156, 50912.6, -13.7007, -4.52735, -6.02295, 0.0037314, 0.000306836, 0.00231718, 
157, 422843, -4.92833, -7.49402, 9.90193, 0.0059059, 0.000666737, -0.000512901, 
158, 35700.8, 16.3755, -8.46076, -10.1819, -0.0025081, 0.000605243, 0.00115198, 
159, 46045.4, 1.07584, -12.5937, -10.948, 0.00181244, 0.00159578, 0.00472392, 
160, 152279, -14.2311, 7.16862, 14.8409, 0.00202414, -0.00125287, -0.00245412, 
161, 142259, -10.7436, -1.33057, 15.2724, 0.00185288, -0.00154377, -0.00325683, 
162, 22811, -8.17302, -4.93586, -2.37662, 0.00294332, 0.00316566, -0.0024105, 
163, 44215.6, 0.835123, 11.7466, 1.66975, 0.000152789, -0.00151087, -0.000761662, 
164, 78004.8, -4.74064, -8.08994, 7.15878, 0.00162249, 0.0019832, 0.00300741, 
165, 116840, -0.925975, 9.65214, -11.1324, -0.00381205, 0.00100166, 0.00030447, 
166, 26576.3, 13.6147, 15.8173, -3.75769, -0.00195582, -0.00228314, -2.24109e-05, 
167, 178987, -8.85274, -9.62586, 14.2568, 0.00267608, 0.00214469, -0.00369807, 
168, 105332, 8.9658, 15.2908, -0.118453, -0.000171808, -0.00222602, 0.000198371, 
169, 17416.3, -1.23984, -1.20726, -2.64512, -0.000623689, -0.000565736, 0.000787248, 
170, 188196, 11.1004, 10.7512, -10.8916, -0.00129958, 6.68861e-05, 0.00139838, 
171, 154087, 1.14698, -10.2529, 9.44241, 0.00024871, 0.00986747, -0.00252927, 
172, 221417, 1.39928, -1.09658, 11.7006, -0.000549808, -0.000992439, -0.00266593, 
173, 30581.6, 9.19015, 1.94077, 9.80076, -0.00259629, -0.00105532, -0.000257683, 
174, 257561, -3.4941, -9.32353, 11.2771, -0.0005204, 0.00169021, -0.00281117, 
175, 25785, 13.6395, 8.98223, -7.51001, -0.00295703, -0.000482847, -5.91771e-05, 
176, 48638.1, 3.68896, -16.6653, -14.768, -0.00231935, 0.000262708, 0.00324044, 
177, 10067.2, -6.70054, -8.16889, 6.56651, 0.00390509, 0.00250185, 0.00178947, 
178, 44588.6, -3.30164, 9.90739, -12.2644, 0.00114397, 0.00339652, -0.00229964, 
179, 92749.3, -5.10023, -9.08638, 8.71666, 0.00351973, 0.00546382, 0.00159566, 
180, 92871.7, 4.31134, -13.1231, 0.00972678, 3.92669e-05, 0.003123, 0.000463787, 
181, 247270, 6.84303, 9.84606, -0.558455, -0.00105958, -0.0008288, -0.000904581, 
182, 486916, -2.64804, -9.96974, 10.5054, 0.00268145, -0.000185795, -0.00341389, 
183, 368942, 6.96157, 13.4745, -1.73854, -0.00148608, -0.00342409, -0.000570493, 
184, 177502, -1.76415, -2.98799, 3.10256, -0.000292755, -0.000853373, 0.000764731, 
185, 207343, -5.30819, -10.5024, -12.4314, 0.00188249, 0.00186058, 0.00352665, 
186, 187409, 9.03581, 4.77734, 9.02591, -0.00207885, -0.00227492, -0.000534653, 
187, 2227.5, -7.87005, 6.14154, -9.85069, 0.00396848, -0.0016214, 0.00166154, 
188, 123729, 0.2412, -12.9426, -9.46372, -0.00087239, 0.00331958, -0.00108858, 
189, 104967, -4.0564, -5.98135, -11.8153, 0.000789415, -0.000601614, 0.00335659, 
190, 66861.3, 4.70078, -14.9308, -15.7143, -0.00338594, -0.000405317, 0.00397579, 
191, 273746, 7.31214, -13.2337, 4.61325, -0.00256045, 0.00212755, -0.000683039, 
192, 237580, 9.73841, -4.14447, -1.69389, -0.00277504, 0.000739556, 0.000814555, 
193, 172963, 11.2308, 16.8017, -11.3164, -0.00241881, -0.00238107, 0.00102163, 
194, 93590.7, 3.94914, 0.88601, 6.81753, -0.00100713, -0.00127562, -6.41208e-06, 
195, 163125, -2.3228, 9.15988, -11.069, 0.0022216, -0.000153489, 0.00275052, 
196, 160121, 7.60271, 2.74603, -5.0596, -0.00482996, 0.00180145, -0.00132735, 
197, 122511, -2.32689, 9.31206, 3.27999, 0.0024112, -0.00118943, 0.000274442, 
198, 16991.2, 17.3782, -5.28099, -16.8468, -0.00185682, 0.000208388, 0.00164545, 
199, 27557.8, -14.1864, 0.755189, 0.0901378, 0.00393543, -0.00128747, -0.000135197, 
