ID, Mass [kg], pos_0 [m], pos_1 [m], pos_2 [m], vel_0 [m/s], vel_1 [m/s], vel_2 [m/s], 
0, 5682.38, -23.5566, -2.61085, -2.26209, -0.00408655, -0.00358908, -0.00191399, 
1, 51291.5, -20.1508, -11.9353, 16.9525, -0.00495139, -0.00429124, 0.00575758, 
2, 73779.3, 3.2363, 5.22194, 0.888781, 0.00250669, -0.00384048, -0.000829447, 
3, 9731.99, -3.90324, 15.2759, 19.3807, -0.0010679, 0.00464102, 0.00200385, 
4, 104587, -1.30244, -3.12253, 5.59616, 0.00134824, -0.0028864, 0.00160554, 
5, 42215, 1.74788, 0.459318, 1.97995, -0.000612301, -0.00482265, -0.00375821, 
6, 57220.4, 17.0102, 6.9418, -19.6018, 0.0038495, 0.00465321, -0.00387539, 
7, 44855.5, 0.558952, 0.46548, 3.66207, -0.00424942, 5.24366e-06, 0.00865198, 
8, 276797, 0.0972873, -4.26134, 3.89699, -0.00209211, 0.00616637, -0.000840624, 
9, 2643.18, -2.16155, 1.52366, 4.35634, 0.0074667, -0.00354266, 0.00401225, 
10, 33961.7, 9.08483, -13.2594, -8.45056, 0.0004641, -0.00214582, -0.000111777, 
11, 8691.35, -7.66843, 32.9176, -24.7666, -0.000481402, 0.0065208, -0.00631099, 
12, 141682, 4.49369, -3.65645, 5.82437, 0.00311873, -0.000489153, -0.00108409, 
13, 288611, -15.6368, -7.7563, -2.40818, -0.000853859, -0.00270147, 0.000354519, 
14, 512847, -0.763438, 2.92946, 0.937561, -0.00246509, 0.00473513, 0.00525209, 
15, 15651.7, -0.885128, -4.54295, 4.89883, -0.0020167, 9.47802e-05, -0.00199484, 
16, 182451, 9.92711, -11.3503, 29.4414, 0.00390522, -0.00204044, 0.00527569, 
17, 62197.8, -12.2646, -11.8726, 4.24354, -0.00220746, -0.0003706, 0.000202781, 
18, 185440, -16.6166, -9.03939, 3.02166, -0.00130931, -0.0037212, 0.00104467, 
19, 36701.4, 15.942, 25.4888, -23.4938, 0.0042416, 0.00594668, -0.00576715, 
20, 106936, -34.249, -19.6584, 10.0268, -0.00816542, -0.00486311, 0.00233114, 
21, 161838, -4.27541, -1.68887, 7.06835, -0.00160912, -0.00226303, 0.00172603, 
22, 144875, -3.00267, -6.59588, 4.20832, -0.00130952, -0.00157165, -0.00233254, 
23, 100936, 4.76104, 17.776, 12.3996, -7.50831e-05, 0.0028406, -0.000118336, 
24, 95186.1, 22.0453, 22.4979, 20.9461, 0.00559049, 0.00403623, 0.00399307, 
25, 151808, 14.5083, -15.0268, 27.7804, 0.00481295, -0.00289237, 0.00647901, 
26, 118354, -1.15076, 4.24311, 3.52074, -0.00424695, -0.000994368, -0.00936606, 
27, 149234, -2.04084, 4.93854, 2.18156, 0.00796288, -0.0049465, 8.10494e-05, 
28, 9985.68, -5.82096, 0.981279, 1.20226, 0.00674589, -0.00347694, 0.00152499, 
29, 180895, 4.17104, 10.7191, 2.43271, 0.00170359, -0.00443324, 0.00349662, 
30, 486.041, 7.42029, 12.6066, -7.55699, 0.00216692, -0.00100205, 0.0013013, 
31, 70262.9, -2.79063, -4.43946, 2.49543, -0.000341998, 0.000520321, 0.00229466, 
32, 45902.1, 2.42103, -3.26601, 4.05705, 0.00165769, -0.000436816, -0.00111481, 
33, 24444.7, 6.74151, -2.22728, -1.74388, -0.00118061, -0.00174804, 0.0035175, 
34, 65679.9, -4.01682, 7.15529, 3.81252, 0.00207578, -7.97925e-05, -0.0028296, 
35, 3309.29, -16.2893, -11.1822, -4.78174, -0.000219638, -0.00619095, -0.00156568, 
36, 8280.38, -25.5234, 24.2631, -7.45348, -0.00505934, 0.00552074, -0.0033032, 
37, 94538.9, -1.98135, 2.47744, 5.22471, 0.000436542, 0.00248323, -0.00422488, 
38, 30213.7, 29.4309, -10.8802, -11.1292, 0.00896097, -0.00118913, -0.000270655, 
39, 53471.9, -9.49764, -2.4209, -11.9943, 8.20035e-05, 0.00285928, -0.000914023, 
40, 43100.3, -13.7746, 16.6396, -14.7622, -0.00185336, 0.00282943, -0.0034224, 
41, 44746.6, 9.21777, 22.0686, 10.2958, 0.00202482, 0.00464534, -0.000703497, 
42, 34053.9, 2.22765, 11.3417, 23.6312, -0.000327787, 0.00351625, 0.00540122, 
43, 54380.2, 1.00878, 1.02211, 2.00983, -0.00349882, 0.000341303, 0.00725659, 
44, 38723.2, 15.5298, -4.92301, -17.6082, 0.00244789, -0.000398471, -0.00439369, 
45, 2321.23, -16.4568, -6.24242, -2.02595, -0.00142545, -0.000837658, 0.00175759, 
46, 241169, 10.1438, 6.02775, -1.44072, 0.00355907, -0.00159201, 0.000330719, 
47, 344827, 0.663778, 0.739517, 2.82816, -0.00514972, 0.00285579, 0.00833054, 
48, 39271.1, 8.0504, 1.7859, 5.51322, 0.00133856, -0.00385625, -0.0001349, 
49, 19687.8, -27.1649, 23.3221, -7.85841, -0.00690127, 0.00644512, -0.00363804, 
50, 61216.8, 9.0112, -9.43309, -0.846727, 0.00153463, -0.00127487, 0.00267461, 
51, 19182.2, -21.5181, 28.0518, -16.0738, -0.00473941, 0.00726341, -0.00507486, 
52, 12420.5, 1.21921, 3.03287, 1.39658, 0.00460903, -0.00364051, -0.00985586, 
53, 85447.4, -35.347, -3.24352, -16.2249, -0.00811363, -0.000829948, -0.00336886, 
54, 361436, -1.49143, 3.91763, 1.54271, -0.00484222, 0.00517114, 0.00943548, 
55, 158926, 10.6847, 5.98429, -20.2881, 0.00296046, 0.00125158, -0.00317236, 
56, 49282.6, -17.005, 23.5991, -21.9119, -0.00214074, 0.00541449, -0.00655391, 
57, 218355, 0.416025, 0.203957, 0.50593, -0.00589791, 0.00285696, -0.00327408, 
58, 22371.5, 29.3149, -10.7705, -8.3249, 0.00926643, -0.00196601, -0.00109796, 
59, 55919.9, -13.8704, 20.7468, -23.9919, -0.000720504, 0.00273064, -0.00461403, 
60, 21598.8, -2.58792, 4.25834, 3.0271, 0.0072457, -0.00776435, -0.00209108, 
61, 398.952, 0.653668, -4.62794, 2.87761, 0.00188675, -6.14064e-05, -0.00144021, 
62, 1108.92, 1.20264, -4.71711, 28.1497, 0.000887989, -0.000662622, 0.00510467, 
63, 108555, -8.35347, 5.33187, -1.81446, -0.00184575, -0.00549634, -0.000151889, 
64, 244863, 9.47129, -3.99928, 19.9738, 0.00142053, -0.000602873, 0.00243861, 
65, 220694, -16.277, 22.8828, -19.0775, -0.00208356, 0.00522358, -0.00472534, 
66, 61700, -5.10265, 32.1514, 15.7529, -4.95977e-05, 0.00697659, 0.00302047, 
67, 55388.9, -17.863, 5.86763, 13.7803, -0.00554781, 0.0015031, 0.00427263, 
68, 211156, -0.030799, 4.15208, 0.91909, 0.00192363, -0.0023329, -0.00505015, 
69, 12720.6, -2.2387, -13.664, 5.59735, 0.000117583, -0.00118233, -0.00122492, 
70, 25096, -8.07717, -1.93676, -0.436208, 0.00516052, -0.00206751, -0.00169534, 
71, 179870, 5.33471, 12.6424, -6.06157, 0.00145766, -0.000425203, 0.00134453, 
72, 79123.8, -34.166, -9.48322, -1.21068, -0.00555292, -0.00159345, -0.000603872, 
73, 110870, -3.82038, 1.31495, 3.77468, 0.00414947, -0.00367894, -0.00172819, 
74, 43359.1, 15.3956, 14.8812, 16.8997, 0.00217511, 0.00548392, 0.00149975, 
75, 140124, -1.53055, -1.12645, 2.05755, 0.00471196, 0.00487801, 0.00534287, 
76, 229268, -11.8393, 17.7739, -20.026, -0.00132074, 0.0024959, -0.00311118, 
77, 302149, -1.28169, 4.7001, 5.0216, -0.00310588, 0.000398664, -0.000475051, 
78, 100708, -15.792, -7.23038, -4.93413, -0.00221197, -0.00263881, 0.000160234, 
79, 46633.4, 1.20168, 3.99173, 2.4358, 0.00443212, 0.00171637, -0.00220325, 
80, 143926, -8.01404, -3.95471, 4.76424, 0.00505837, -0.0028293, -0.00114562, 
81, 270.261, -29.7104, 5.65364, 13.6734, -0.00495692, 0.000727918, 0.00192536, 
82, 159650, 2.0213, 1.29819, 3.08102, 0.00173608, -0.0032447, -0.00488629, 
83, 24756, 7.66742, 0.255676, 0.917648, 0.00187625, -0.00532151, -0.000672162, 
84, 18375.3, 10.0125, -3.41083, 3.21205, -0.00204743, -0.00250063, 0.000679761, 
85, 491877, 26.7689, -10.626, -11.5927, 0.00669104, -0.00168881, -0.00204954, 
86, 194807, -1.04103, 1.06336, 1.62917, -0.00102359, 0.000298103, 0.00324584, 
87, 8649.23, 14.0656, 4.85231, 6.36863, 0.00236714, 0.00174456, -5.39383e-05, 
88, 138901, 1.60163, -6.38017, 12.0104, -0.00249911, -0.00225361, 0.00155696, 
89, 50202.9, 7.65506, -2.66207, 6.55103, 0.00236912, -0.00330806, -0.000983624, 
90, 98321.9, -3.75032, -3.12287, 5.69663, 0.00344736, 0.00306523, -0.00242239, 
91, 384069, 0.0314651, 2.0759, 2.08651, -0.000790642, -0.00617555, -0.00480732, 
92, 81279.9, -7.75669, -12.5327, 2.01509, -0.00187494, -0.00160615, -0.0018227, 
93, 91375.2, 0.0949665, 2.55275, -1.83248, 0.00129828, -0.00167972, 0.0070708, 
94, 5476.7, -10.6037, -12.5762, 5.33283, -0.00115957, -0.0041142, 0.00189673, 
95, 33452.5, 1.40803, 10.5555, 5.10893, 0.00257307, -0.00344987, -0.000114722, 
96, 25752.1, -19.9587, -5.09752, -4.89564, -0.00786777, -0.00273581, -0.00274509, 
97, 200797, -0.490055, 0.423021, -1.55677, -0.00253949, -0.000713808, 0.00452419, 
98, 298981, -2.78237, 0.133932, 2.88387, 0.00226692, 0.00632767, -0.00365233, 
99, 93146, 5.04653, 0.751979, 1.51735, -0.00310868, -0.00362575, 0.00111775, 
100, 8612.85, -15.2778, 9.92902, -14.4342, -0.00118648, 0.00121685, -0.00198409, 
101, 24343.5, -3.12963, 14.5912, 6.48891, -0.000369946, -0.000257395, -0.00140872, 
102, 10296.7, -6.91093, 17.1459, -11.5419, -0.000156215, 0.000680198, 0.000684131, 
103, 15719.8, -8.63138, -5.40125, 18.5293, -0.000911806, 0.0009515, 0.00205267, 
104, 230040, -1.7654, 7.19863, -0.856008, -0.00150032, -0.00546556, -0.00381184, 
105, 17846.1, -6.21264, -4.47408, 4.73621, 0.00603162, -0.00256275, -0.00111636, 
106, 22216.6, 3.17473, 6.44883, 1.47856, 0.00232852, -0.00289913, -0.000731841, 
107, 98486.7, -0.567107, 11.3637, 17.7527, 0.000550201, 0.0028349, 0.000257435, 
108, 214214, -27.5553, -0.221729, -21.5987, -0.00710131, 7.05235e-05, -0.00587425, 
109, 131614, 1.04037, 1.47063, -0.803112, 0.000208192, -0.00292355, -0.00428269, 
110, 160023, -0.414445, 3.73838, 1.22404, 0.00552213, -0.00185598, -0.00431719, 
111, 115735, 0.124443, -1.70079, 2.63224, 0.000317037, 0.00386374, -0.00484096, 
112, 378585, 16.8339, 2.95815, -23.5865, 0.00349015, 0.00204663, -0.00507101, 
113, 83295.8, -22.7922, 3.74986, -4.11968, -0.0027693, 0.00175441, 0.000238535, 
114, 148827, -6.30384, 0.395843, -0.656598, 0.00593884, 0.00392298, 0.000546843, 
115, 285284, -2.67102, -16.5338, 27.9925, -9.40183e-05, -0.00463819, 0.00646812, 
116, 515864, 0.899271, 1.99064, -1.07723, -0.00477078, -0.00313502, 0.00050522, 
117, 88363.5, 6.89778, -5.90048, 16.9532, -7.12038e-05, -0.0028725, 0.00221151, 
118, 155064, 12.2218, 4.46458, 7.73265, 0.00470504, 0.00391216, -0.00166119, 
119, 18098.3, 3.47708, 0.579397, 1.52828, 0.00104616, -0.00566377, -0.000602055, 
120, 34391.6, 28.2882, -15.2197, -9.31431, 0.00708788, -0.0023798, -0.00031949, 
121, 78154, -4.28293, -3.84722, 1.84217, 0.00516335, 0.0040905, 0.0013205, 
122, 10497, -0.170474, 1.11532, -0.697926, 0.00411149, 0.00099591, 0.00771139, 
123, 59058.1, -4.98434, 18.0273, 2.8904, 0.00013869, 0.00216615, 0.00159905, 
124, 5646.35, 1.4474, -3.29479, 3.86448, -0.00345015, -0.00594758, -0.00384989, 
125, 103346, -1.13912, 2.68645, 1.88584, 0.00474008, -0.000517268, 0.00502831, 
126, 64702.5, -34.1366, 0.181949, 9.5326, -0.00800471, 7.6437e-05, 0.00333909, 
127, 199056, 1.71315, 1.91089, -0.969155, 0.00136035, 0.00507854, -0.0026237, 
128, 192649, 0.718885, 1.28195, 4.05048, -0.000629118, -0.00416017, 0.00285645, 
129, 1707.71, -0.582678, -1.74536, -1.88146, -0.000883777, 0.00261257, -0.00451878, 
130, 19869.9, 0.337714, 1.09413, -2.02833, 0.00422681, -0.00613707, 0.00258182, 
131, 143979, 0.0597328, 3.04789, 0.919598, 0.00808942, 0.00315137, -0.00860089, 
132, 37850.6, -37.057, 19.4082, -10.873, -0.0100997, 0.00457863, -0.00242143, 
133, 50031.5, 0.171704, 2.865, 0.255292, -0.00404024, -0.000155483, 0.00626831, 
134, 369068, -20.8977, 1.16152, -7.95744, -0.00101694, 0.000490464, -0.000968762, 
135, 3806.98, 0.603833, -15.0398, 1.74515, -0.000688665, -0.00262705, -0.000959902, 
136, 64591.7, 8.50607, -6.02726, -8.50754, 0.000861031, -0.00281838, 0.00169005, 
137, 1688.15, -9.59105, -9.46967, 3.95817, 0.00105692, -0.00537239, 0.00251735, 
138, 439943, -3.09838, -3.79864, 1.32803, 0.00475784, -0.000470206, 0.00297065, 
139, 72054.1, 3.25494, 2.67801, -2.30402, 0.000849561, 0.00764094, 0.000172947, 
140, 10511.3, -3.08735, -11.6627, 20.1557, -0.000484685, -0.00316906, 0.00291805, 
141, 28560.6, -2.89736, 8.42024, 1.89921, 0.00609096, 0.000886263, -0.000209311, 
142, 92270.6, -6.88989, 5.0415, 0.738445, 0.00220279, 0.00309115, 0.000982777, 
143, 57507.6, -28.0435, 8.69348, 17.1589, -0.00626098, 0.0020932, 0.00385508, 
144, 106955, -8.86171, -3.80724, 17.2636, 0.000835022, -0.000251558, 0.00104883, 
145, 53021.1, 1.31943, 4.4749, 3.94305, -0.00157041, 0.000178749, -0.000390548, 
146, 127593, 4.9533, 1.18185, 1.03578, 0.00200242, 0.00496546, -0.00187977, 
147, 31386.3, 0.872892, -0.622082, -0.159236, -0.000485173, 0.00124799, -0.00162336, 
148, 89613.6, -8.22319, 15.3668, -11.4764, 0.00145318, -0.000514512, -0.00349072, 
149, 251415, 11.3227, -2.00657, 20.2215, 0.0015252, -0.000343085, 0.000739763, 
150, 55890.6, -8.97563, -4.82093, 0.544257, 0.00276917, -0.00610514, -0.000293208, 
151, 174949, -3.26145, 1.54663, 0.539943, 0.00132441, -0.00709148, -0.00198705, 
152, 66072.8, 10.7496, -9.96368, 9.20945, 0.000522662, -0.000112302, 0.00205723, 
153, 19075.8, -0.142198, 5.51968, -4.46138, 0.00110223, -0.00553425, 0.00323126, 
154, 47261.5, -8.24334, 0.799144, 0.0356503, 0.00306537, -0.00252969, 0.00479863, 
155, 102102, 1.16931, 2.4793, 0.276617, 0.0071779, -0.000540234, 0.0011045, 
156, 5375.03, 5.03021, 3.9205, 1.18621, 0.00301655, 0.00157026, -0.00205979, 
157, 3761.7, 8.25442, 0.268108, -8.11461, 0.000231231, -0.0026017, 0.00159483, 
158, 7652.65, 0.83045, 7.87816, 10.3316, 0.00152638, -0.000341006, 0.00253291, 
159, 47070.1, -0.404226, 1.52212, -1.67958, 0.00433439, 0.00359496, -0.00158187, 
160, 17972.9, -3.76482, 2.2225, -1.52526, 0.00151631, 0.000265369, 0.0068451, 
161, 218629, -0.958697, -11.8628, 7.9524, -0.000502997, 0.000686896, -0.00029329, 
162, 138887, -1.84727, 3.40006, 1.27385, -0.00502069, 0.00205865, -0.00615415, 
163, 33277.3, 9.95678, -5.57719, -5.60136, 0.00272277, -0.00425066, 0.00229579, 
164, 167891, -2.09459, 0.0527288, 1.28218, -0.00400452, 0.00014968, -0.00686663, 
165, 62570.5, -3.54122, -32.2578, -7.53734, 0.000188387, -0.00766015, -0.00196065, 
166, 38130.4, 5.0031, 30.2033, 17.0563, 0.00224504, 0.0060634, 0.00308845, 
167, 22403.8, 3.77655, -11.7508, 27.3647, 0.00158107, -0.00327195, 0.0046565, 
168, 1479.59, 14.9334, 8.1413, -24.3869, 0.00422751, 0.00279788, -0.00556506, 
169, 20399.9, 1.20655, -17.5781, 27.4386, 0.000175015, -0.00571202, 0.00538398, 
170, 115854, 2.44264, 2.87558, -1.55024, 0.000834467, 0.00354177, 0.00538924, 
171, 27762.9, 1.20389, -1.49049, 2.69247, -3.29224e-05, -0.00596676, 0.00208061, 
172, 250928, -1.68702, 2.08804, 2.47061, 0.00988146, 0.0031265, -0.00564408, 
173, 74469.2, -25.6405, 11.9424, -6.81397, -0.00580478, 0.00523822, -0.00194357, 
174, 143481, -31.0579, 20.9934, -13.1467, -0.00746894, 0.00539227, -0.00391725, 
175, 27145.1, 0.502641, 3.05282, 1.24941, 0.00679547, 0.000246769, -0.000568858, 
176, 32620.6, 7.35831, 7.1623, 9.26791, 0.00281513, -0.00112693, 0.000763691, 
177, 52575.7, 0.276428, -18.1983, 31.7161, -3.14074e-05, -0.00510415, 0.00887074, 
178, 19746.4, -3.6818, -1.15661, 7.40529, -0.00173607, -0.00176169, 0.00261378, 
179, 33623.1, -18.7361, 2.10455, -6.90263, -0.00210294, 0.00146394, 0.00103008, 
180, 50349.8, -28.4882, -18.5897, -15.0749, -0.0062887, -0.00421725, -0.00324798, 
181, 89376.8, -14.3815, 1.05174, -5.61569, 0.000828181, 0.00205431, 0.00155423, 
182, 42160.2, 1.5771, -0.501267, 30.9424, 5.61502e-05, -0.000105729, 0.00795529, 
183, 100544, -18.7113, -9.57912, -2.73166, -0.00368803, -0.00301562, 0.000841073, 
184, 1446.88, -2.66695, 1.38295, 3.33991, 0.00889846, 0.00251751, 0.00305953, 
185, 119694, -2.63426, 7.6693, -1.97616, 0.00399961, 0.000746666, -0.000128621, 
186, 120999, -4.44975, 5.676, -2.15012, -0.00267664, -0.00618417, 0.0027689, 
187, 52698.3, 1.42424, 4.84642, 1.01383, 0.00607052, -0.00244073, 0.00173915, 
188, 105467, 8.98173, -5.09252, -4.83008, 0.0016446, -0.000885803, 0.00230267, 
189, 99748.4, -3.24764, -22.3751, 12.8898, -0.00110195, -0.00474991, 0.0023148, 
190, 77133, -0.239832, 2.32375, 2.17706, 0.00155117, 0.00115666, -0.00845773, 
191, 178804, -0.152424, 7.24694, 1.33789, -0.00370531, -0.00547179, -0.00474499, 
192, 8685.6, -3.48765, 1.24859, 7.94292, 0.00289559, 0.000961898, 0.00196907, 
193, 256954, 5.1243, 10.4081, 15.0426, 0.00401444, -0.000317594, 0.00464461, 
194, 53540.6, 9.09319, -5.32205, 3.87762, 0.00209761, 0.000407567, 0.00219324, 
195, 220652, -1.66485, 0.241774, -3.23302, 0.00250844, -0.000966635, 0.00113761, 
196, 10258.1, 5.59435, -4.40139, 6.7037, 0.00171818, 0.00367491, -0.00180948, 
197, 6083.3, -12.5715, -10.2948, 16.6004, -0.00309464, -0.000731634, 0.00193884, 
198, 127562, 8.35856, 14.8088, -4.93977, 0.00130499, 0.000873827, -0.000162239, 
199, 34766.2, -14.2774, -0.660052, -5.74105, 0.00147264, -0.000187345, -0.00156608, 
