ID, Mass [kg], pos_0 [m], pos_1 [m], pos_2 [m], vel_0 [m/s], vel_1 [m/s], vel_2 [m/s], 
0, 97975.8, 27.395, -37.6087, -20.2471, -0.000190119, 0.000227108, 2.0197e-05, 
1, 77894.7, -12.1297, -26.7652, -33.892, 0.000160808, 0.000197916, 0.000211546, 
2, 11402, -34.4022, -29.8059, 41.2698, 0.000848141, 0.000786527, 0.00209493, 
3, 66098.7, 27.1334, 19.84, 13.8668, -0.000205845, -0.000108783, -6.57511e-05, 
4, 44838.5, 46.9491, 41.2432, 18.5972, -0.000264399, -0.000266324, 3.1067e-05, 
5, 294431, -23.8964, 12.0531, 2.27926, -0.000142885, 0.000121884, 0.000515429, 
6, 45520.7, -16.4116, 27.4844, -46.8923, -2.43123e-05, -5.24185e-05, 0.000264688, 
7, 104607, -38.017, -31.7175, 44.5761, 0.000257796, 0.000324788, -0.000478487, 
8, 18630.4, 32.0451, 33.1013, 20.9453, -0.000163199, -0.000219049, -7.69458e-05, 
9, 6880.78, 12.1494, -40.4265, 31.9652, -7.84527e-05, 0.000238765, -0.00019739, 
10, 62559.5, 34.8053, 13.6432, 40.6625, -0.000127362, -7.54086e-05, -0.000221417, 
11, 25475.3, -22.6521, -15.0886, -45.2387, 4.92511e-05, 3.06471e-05, 0.000375955, 
12, 71640.3, 30.95, -2.81628, 10.541, -0.000352473, 4.02965e-05, 0.000104428, 
13, 19375.1, 27.8546, -10.8619, -38.7948, 7.623e-05, 0.000898803, 0.000582923, 
14, 192659, -34.8443, -30.1295, 40.3726, -8.42132e-05, 5.40966e-05, -9.65959e-05, 
15, 90493.3, 15.4989, 10.4604, 40.8645, -0.000195794, 1.0613e-05, -0.000500467, 
16, 55088.9, -14.8775, -11.7625, -25.2028, 6.73572e-05, 5.12338e-05, 0.000214993, 
17, 128599, -16.1407, -4.58301, 26.8503, -2.80902e-05, 3.66138e-05, -0.000246625, 
18, 2686.61, -12.3681, -1.64035, 24.9366, -0.000315964, -0.000162532, -0.000136048, 
19, 57797.8, -48.073, 26.0156, 25.3565, 0.000467764, -9.4513e-05, -0.000116807, 
20, 50565.7, 38.721, 25.711, -16.2385, -0.000288659, -8.28524e-05, 5.68618e-05, 
21, 170562, -5.42275, -24.0273, -37.4432, -8.04575e-05, 6.76047e-05, 0.000329113, 
22, 46366.2, 27.1732, 17.7717, -22.821, -0.000132119, -9.84351e-05, 8.27355e-05, 
23, 48064, 44.0186, 37.0375, 21.3071, -0.000173771, -0.000122526, -5.71059e-05, 
24, 10737.9, 23.027, 23.3154, 31.637, -0.000117224, -0.000164221, -0.000167233, 
25, 6821.61, -34.927, -19.289, -3.0206, 0.000180326, 0.000417039, 0.000272464, 
26, 85103.7, -18.9752, -19.9898, 23.0433, 3.06471e-05, 0.000105872, -8.10976e-05, 
27, 20373.4, 7.88356, -40.8505, -20.9083, -0.000174382, 0.000440426, -0.000135826, 
28, 40858.5, -27.1519, -13.4511, 26.8753, 5.17762e-05, 2.08767e-05, 6.76051e-05, 
29, 20052.6, 23.7727, 3.02464, -28.4476, -0.000124236, -0.000125411, 8.8106e-05, 
30, 30553.1, 46.5906, -20.1488, -10.4125, -0.000339298, 0.000133065, 9.52082e-05, 
31, 162518, -30.045, -48.7766, 7.75137, 0.000121896, 0.000300082, -2.54126e-05, 
32, 65626.2, 13.9723, -13.8931, -0.283951, -0.000138689, 0.000137734, -1.62422e-05, 
33, 187658, -45.2354, -32.4732, 48.8351, 0.000368554, 0.000195321, -0.000322126, 
34, 143234, 12.1221, 45.4039, -49.5457, -3.90153e-05, -0.000158988, 0.000209417, 
35, 251764, -38.7357, 35.8888, -42.4127, -0.000380931, 0.000222461, 0.000381536, 
36, 188234, 5.02019, -49.5703, 12.0531, -8.95216e-05, 0.000311692, -6.04826e-05, 
37, 145115, -17.1267, -30.7297, 19.8067, 1.40914e-05, 0.000252447, -7.23922e-05, 
38, 97491.5, 42.6855, -6.67676, 0.579219, -0.000570912, -0.000224959, 0.000257244, 
39, 31783.6, -30.8973, 37.3837, -27.4262, 2.46456e-06, -0.000157199, -1.8333e-05, 
40, 3660.49, -17.084, -30.7917, 0.610598, 0.000173668, 0.000312941, -6.08578e-05, 
41, 6882.93, 20.4091, 33.5356, 14.514, -8.56251e-05, -0.000381767, -7.46553e-05, 
42, 15820.5, 28.065, 9.43414, -35.4947, -0.000167247, -0.000152662, 0.000211252, 
43, 12851.8, 15.4371, 10.9099, 36.2521, -0.000877102, 0.000278085, 5.4166e-05, 
44, 207554, -46.8196, -43.9149, -28.9698, 0.000231032, 0.000320221, 0.000117864, 
45, 14218.7, 20.0744, 17.9029, -15.2317, -0.000150353, -0.0001072, 0.000106707, 
46, 94578.2, 38.6062, 31.8425, 36.1402, 0.000283851, -1.90483e-05, 0.00030465, 
47, 139467, 49.5787, 33.2348, 49.1383, -0.000220973, -0.000121142, -0.000219757, 
48, 34799.6, 32.2929, 28.0641, 8.33574, -0.000275372, -0.000206537, -1.64896e-05, 
49, 52524.3, -12.1032, 15.2384, -17.1283, 4.08953e-05, -3.4858e-05, 0.000272473, 
50, 168682, -48.7125, -27.1003, -30.2237, 0.000456961, 5.4299e-05, 0.000141297, 
51, 4879.07, -35.872, -6.39918, -37.3619, 0.000199688, -0.000168675, 0.000326222, 
52, 127413, -27.7247, -45.9359, 47.4828, 2.16343e-05, 0.000278554, -0.000283154, 
53, 2820, -17.7956, 45.0303, 2.02283, 2.4544e-05, -0.00037596, 0.000135305, 
54, 67623.2, 13.7117, 11.7364, 36.2529, -1.25167e-05, -0.000186671, -2.40238e-05, 
55, 124781, -11.1095, 37.7434, -22.7701, -5.65969e-05, 3.39122e-05, 8.40579e-05, 
56, 44370.6, 1.54786, 0.786942, -10.86, -6.62078e-05, -0.000113655, 0.000353803, 
57, 51907.6, -7.63485, -34.4178, 3.14168, -9.05591e-06, 0.000356349, -7.06219e-05, 
58, 101111, -49.0536, 44.9246, 7.56115, 0.000306182, -0.000229919, 2.14317e-05, 
59, 12663.5, 38.7525, -6.73582, 21.6627, -0.000197985, 0.000142423, -0.000114847, 
60, 211734, -8.94468, 43.4922, 21.0219, -4.14045e-05, -0.000282123, -0.000161909, 
61, 14072.5, 35.8853, -24.8269, -16.2349, -0.000216873, 0.000103871, 9.78003e-05, 
62, 39936.1, 40.9924, -47.3029, -14.4147, -0.000169285, 0.00027376, 3.93468e-05, 
63, 94816.2, -33.9331, 14.764, -3.62664, 0.00047245, -6.71532e-05, 0.000354579, 
64, 294722, 24.2561, -1.31531, 16.2224, -0.000113858, -1.88443e-05, -0.000173902, 
65, 115209, -38.8719, -42.5988, -7.27614, 0.000214027, 0.000235274, 1.32657e-05, 
66, 297505, -3.35142, 48.9541, 12.8992, -0.000159989, -0.000385295, 6.83731e-05, 
67, 109371, 39.4754, -14.835, 28.8633, -0.000196643, 0.000155611, -0.000123839, 
68, 50319.5, 14.8514, -24.6288, 14.9176, -0.000232527, 0.00019737, -0.000187991, 
69, 94497.4, -15.6948, 3.98289, -41.3318, 6.24822e-05, -4.99322e-05, 0.000295929, 
70, 28507.8, 18.9434, -3.95581, 41.1216, -8.13003e-05, 8.1351e-05, -0.000288556, 
71, 20301.8, -1.4081, -34.7701, -11.5066, -0.000117595, 0.000343751, 6.00466e-05, 
72, 5514.46, -25.2598, -10.7857, -45.182, 0.000116991, -8.03304e-05, 0.000363396, 
73, 51713.3, 9.371, -28.0052, 17.7156, -6.18211e-05, 0.000262677, -0.000223649, 
74, 54078.6, -29.8875, -15.3785, 29.7392, 0.000285264, 0.000210923, -0.000202428, 
75, 100331, -21.0165, -48.3197, -25.2731, 8.61649e-05, 0.000340874, 0.000156227, 
76, 16592, -17.3591, 2.50134, 47.3874, -5.66264e-05, -2.03245e-06, -0.000352971, 
77, 214624, 1.39106, -7.08261, 8.43558, -3.92808e-06, 0.000169441, -0.000317549, 
78, 77042.2, 0.071963, -17.75, -0.290066, -0.000165886, 0.000230896, -8.44438e-05, 
79, 131835, -39.24, 33.6939, -35.2066, 3.10085e-05, 0.000267284, -0.000428892, 
80, 36841.1, 30.7265, 15.4233, -26.7621, -0.000267617, -3.96494e-05, 0.000208952, 
81, 30218.7, -40.2988, -46.4698, 23.0786, 0.000239174, 0.000257853, -5.05108e-05, 
82, 5693.83, -24.8773, -18.4403, -21.146, 4.59758e-05, 7.70351e-05, 5.60653e-05, 
83, 46120.3, 47.6059, 15.7508, -37.6816, -0.000240718, -6.08654e-05, 0.000148613, 
84, 20479.4, -24.7898, -46.7714, -7.67815, 9.95959e-05, 0.000335367, 1.02181e-05, 
85, 115679, -11.8119, -46.8115, 24.0406, -5.50132e-05, 0.000318983, -0.000113647, 
86, 124413, -41.6538, -21.5499, 44.3773, 0.00028443, -8.46961e-05, -0.000229579, 
87, 14754.9, 33.252, 4.94156, 26.9456, -0.000144034, -9.92343e-05, -0.000219777, 
88, 1562.9, 2.65826, 25.1579, -30.9319, -7.18953e-05, -0.000119299, 0.000219367, 
89, 213089, 46.8254, 2.09109, 23.1001, -0.000339032, -5.28463e-05, -0.000160993, 
90, 131961, 47.3814, 0.599346, 9.49213, -0.000393891, -8.03676e-05, 1.1148e-05, 
91, 25620.6, -49.0315, 2.87101, -12.872, 0.000437616, -1.02214e-05, 9.87372e-05, 
92, 36643.2, -20.8894, 23.532, 30.9526, -0.000510911, 0.000101907, -0.000637389, 
93, 10124.3, -14.6618, -4.1458, 20.6496, -5.05963e-05, 5.88264e-05, 4.28146e-05, 
94, 134912, 21.6313, -15.0292, -0.279883, -0.000309331, 0.000126374, 1.14883e-05, 
95, 352934, 4.21309, -0.699454, 0.848257, -0.000159582, -0.000157623, 7.34511e-05, 
96, 53519.9, -36.7723, -9.17219, 43.2009, 0.000180157, 0.000140485, -0.000227396, 
97, 179640, -29.1637, 22.0243, 4.66105, 0.00031672, -0.000502546, 0.000208219, 
98, 92275.8, 37.9691, -21.1068, -29.952, -0.000289758, 0.00011809, 0.000122663, 
99, 37250.3, -10.2271, -42.5109, -41.1056, 8.49281e-05, 0.000217253, 0.000235751, 
100, 237086, -25.9124, -43.0091, 32.9025, 5.42442e-05, 0.000295759, -0.000111322, 
101, 89616.5, -40.8872, 3.57138, -12.5167, 0.000299922, -1.54219e-05, 0.000143856, 
102, 131392, -39.4384, -11.5319, 24.2444, 0.000343177, 6.01636e-05, -4.82694e-05, 
103, 134711, 41.2661, 32.87, 38.4387, -0.000479291, -0.000337425, -0.000269589, 
104, 108522, 20.7145, -18.182, -36.8218, -4.64564e-05, 0.000152621, 0.000225937, 
105, 228291, 46.0179, -0.904877, 44.9434, -0.000227637, -0.000181444, -0.000304111, 
106, 233820, 28.9417, 47.8711, -16.2798, -0.000182701, -0.000345946, 2.42213e-05, 
107, 93778.3, -33.4531, -11.0902, -19.4708, 0.000206433, -7.45818e-05, 1.95956e-05, 
108, 109531, -7.71504, -6.01258, -4.73621, 0.000139726, -1.67419e-05, 0.000139249, 
109, 162559, -36.0275, -15.6054, 0.558163, 0.000287635, 0.000101001, -1.50726e-05, 
110, 104548, -19.0865, 47.0035, -45.5512, -4.63701e-05, -0.000223478, 0.000219958, 
111, 390486, -36.7344, 2.01468, 46.5007, 0.000171763, -4.67326e-05, -0.000300903, 
112, 17258.3, 3.69706, -27.7525, 25.749, -6.91649e-05, 0.000189908, -0.000260833, 
113, 11495, 42.4351, 16.0093, -3.73126, -0.00028293, -0.000122211, 6.5431e-05, 
114, 198051, 28.165, 39.4444, -28.0956, -0.000329213, -0.000591926, 0.000758137, 
115, 43163.1, 11.5542, -30.8445, 4.9065, -0.000154487, 0.000387981, -1.52869e-05, 
116, 54122, -15.5376, 29.5261, 38.2447, -0.000138042, -0.000189545, -0.000497504, 
117, 7321.58, -16.6559, 12.5276, 24.6919, -0.000122909, 0.000116326, -0.000249463, 
118, 45671, 37.3529, 26.5702, -46.7452, -0.00016959, -8.18659e-05, 0.000213934, 
119, 335394, -27.3263, 38.8258, 20.5245, 0.000117254, -0.000438764, 1.75676e-05, 
120, 146744, -14.9079, -33.1486, -19.2704, 3.20307e-05, 0.00024822, 0.000176963, 
121, 144968, -21.0331, 23.4515, 29.5128, -0.000561179, 0.000131452, -0.00047057, 
122, 58573.5, 9.09291, 18.2653, -5.61969, -0.000169419, -0.000232757, 7.75152e-05, 
123, 69771.2, -12.0732, -4.5654, -26.8282, 1.80043e-05, -9.56192e-05, 0.000258105, 
124, 73065.8, -36.1735, 40.6829, 2.45462, 0.000269437, -0.000303409, 0.000104647, 
125, 176383, 44.9058, -8.06412, 42.333, -0.000162714, 0.000311783, -0.000147089, 
126, 46062, 39.5702, -16.1035, -4.88122, -0.000262568, 0.000188069, 9.20469e-05, 
127, 56478.2, 39.0918, 29.6687, 42.5917, 3.90839e-06, 8.27759e-05, -0.000487407, 
128, 73371.6, 7.52635, 8.98703, -47.8185, -4.97251e-05, -7.60044e-05, 0.000317017, 
129, 64320, -21.4622, 35.9051, 9.72017, -2.78948e-05, -0.00031309, 0.000191924, 
130, 34299.5, -42.5778, -23.7823, -34.116, 0.000381188, 0.000106386, 0.000471876, 
131, 95466.1, -15.8528, -42.1964, -14.9992, 3.82209e-05, 0.000403699, 5.4406e-06, 
132, 38698.9, -43.4608, -41.3111, 7.28944, 0.00028008, 0.000187601, -4.07212e-05, 
133, 99701.7, -12.5871, 14.9085, 8.87758, -0.000231871, -9.19965e-05, -6.53344e-05, 
134, 390402, -9.00518, -20.8514, -5.82896, 7.7412e-05, 0.00020519, 6.2518e-05, 
135, 51660.2, 2.15373, 13.3449, 40.7391, 5.81827e-05, -7.63497e-05, -0.000376652, 
136, 67734.6, 26.1747, 43.0992, -10.3052, -5.55709e-05, -9.54658e-05, -0.000219774, 
137, 2782.49, 5.92686, 4.40344, -38.2729, -5.83398e-05, -0.000514312, 0.000531408, 
138, 74344.9, 22.5401, 27.9696, 14.4667, -0.000120933, -0.000226185, -8.37706e-05, 
139, 97141.8, 26.7544, -23.613, -6.06975, -0.000245544, 0.00024736, 7.04351e-05, 
140, 210366, -8.73743, 26.1237, -12.3955, -4.3798e-05, -0.000178386, 0.000142737, 
141, 40577, 5.04294, 30.4275, -5.97347, -0.00014879, -0.000245328, 5.56655e-05, 
142, 42182, 42.2463, 2.26449, 17.0398, -9.92193e-05, -0.000103994, 4.17549e-05, 
143, 43465.5, -38.536, 20.2088, 29.7743, 0.000578993, 0.00010517, -0.000302826, 
144, 15541.7, -27.2792, 26.0531, 15.3845, 0.000142084, -0.000213188, 0.000155287, 
145, 77758.8, 9.45474, -12.9934, -7.25036, -0.000168036, 0.0001263, 0.000236026, 
146, 59817.6, 6.25046, -18.4276, -20.8824, -0.000109024, 0.00011985, 0.000215086, 
147, 25797.1, -5.87562, -46.8954, -32.3784, 1.33101e-06, 0.000305813, 0.000131554, 
148, 56695.6, 10.9925, -23.5797, 6.74138, -0.000132591, 0.000241689, -9.15149e-05, 
149, 5675.67, -30.6074, 34.3377, 28.0492, 0.000417802, -0.000570491, -0.000483865, 
150, 10058.9, 7.75951, -34.3912, 21.6169, -9.25914e-05, 0.000304717, -0.00021855, 
151, 109307, 39.9979, -35.052, 31.7764, -0.000295641, 0.000227066, -0.000108669, 
152, 64680.1, 7.39012, 11.9381, 36.6107, 5.61495e-05, -4.98455e-05, -0.000193603, 
153, 355851, 20.3016, -39.8404, -35.6783, -0.000131013, 0.000208189, 0.000176396, 
154, 112081, 29.0097, -3.66379, -45.6879, -0.000158746, -0.00013124, 0.00055594, 
155, 136525, 48.8897, -40.5658, -44.6716, -0.000177774, 0.000117301, 0.000135922, 
156, 24618.5, -48.2542, -18.7809, -16.4081, 0.000364139, 4.28558e-05, -1.84512e-05, 
157, 30278.3, -12.6997, 2.52932, -8.3168, 9.95704e-05, -6.73306e-05, 0.000220421, 
158, 74807.4, -37.1535, 47.4454, -34.9967, 3.5508e-05, -0.000483462, -5.08686e-06, 
159, 13757.2, -26.5396, -30.1904, 48.1084, -0.000123874, 0.00011143, -0.000404197, 
160, 30157.7, 11.8183, -8.42928, -17.4676, -0.000174455, -1.19373e-05, 0.000236255, 
161, 499913, -34.5638, -19.2422, -30.9758, 0.000131934, 2.24634e-05, 0.000230748, 
162, 243908, 3.03398, -47.5043, -48.6569, -1.05665e-05, 0.000204625, 0.000233947, 
163, 156234, -16.5125, -21.8811, 35.1367, -8.4717e-05, 0.000136168, -0.000304173, 
164, 180799, 27.3376, 37.3647, -25.5231, 6.13863e-05, 0.000394559, -0.000437067, 
165, 449860, -27.7509, 13.1046, 8.94244, 0.000356377, 9.11152e-05, -0.000310696, 
166, 12627.8, 10.1379, 38.9389, 44.1097, -7.73777e-05, -9.05049e-05, -0.00014936, 
167, 72413.6, 45.9495, -39.5919, -11.3535, -0.000265024, 0.000178196, 2.02052e-05, 
168, 123248, -5.40695, 39.7965, 30.6736, -0.000178742, -0.000210624, -0.000355317, 
169, 19058.1, 40.3329, -35.4175, -7.07246, -0.00019042, 0.000172896, -5.20608e-05, 
170, 37240.7, 11.0991, -18.6452, 41.1762, -6.51238e-05, 0.000115142, -0.000275261, 
171, 10520.8, 38.6648, -27.119, -15.6784, -0.000323733, 0.000195794, 6.80508e-05, 
172, 66867.4, -26.321, -10.3975, 33.1884, 5.6236e-05, -3.49001e-05, -0.000316103, 
173, 286204, -35.4577, 46.1019, 29.8714, 0.000267284, -0.000389187, -0.000250072, 
174, 7121.25, -17.7037, -0.24042, 23.2913, 9.91133e-05, -0.000155233, -5.31485e-05, 
175, 44439.5, 8.72638, 11.1104, -6.43894, -0.000188051, -0.00013709, 0.000158436, 
176, 95063.2, -3.54385, 23.3669, 16.5655, -0.000197845, -0.000139997, -0.000109584, 
177, 172893, -12.0341, 43.7004, -24.8429, 1.28366e-05, -0.000461029, 0.000204537, 
178, 46650.2, 44.7386, -38.9035, 23.9983, -0.000253016, 0.00023551, 7.87147e-06, 
179, 38532.6, -39.3318, 42.1819, -24.2251, 0.000193662, -0.000246404, -9.65648e-05, 
180, 32991.6, -33.869, -29.6956, 18.379, 0.000255126, 0.000190631, -2.10676e-05, 
181, 177479, -36.4548, 35.5686, -48.8988, -0.000121235, -2.9938e-05, 0.000791853, 
182, 87.2575, 30.4915, 44.1904, -35.3336, -0.00023531, -0.000316848, 0.000377436, 
183, 128620, 5.75194, 1.1897, -36.1238, -3.60541e-05, -3.55616e-05, 0.000237848, 
184, 162169, 43.9173, -5.42655, -0.132409, -0.00014497, 0.000201578, 2.10615e-05, 
185, 20340.7, 3.21415, -0.678216, 14.2698, -0.00011333, -0.000150245, -0.00041334, 
186, 53688.5, 1.52759, 23.4702, -46.9419, -3.61674e-05, -0.000102373, 0.000256884, 
187, 29804.3, -23.6371, -24.1253, 9.6337, 0.000176228, 0.000177078, -1.27467e-05, 
188, 354857, 29.192, -6.7745, -37.076, -0.000221684, -4.21799e-05, 0.000106993, 
189, 50155.5, 25.2245, 43.9337, -45.5751, -0.000143161, -0.000158889, 0.000221934, 
190, 7112.4, -26.4305, 37.7712, 31.4799, -6.62084e-06, -0.000421034, -0.000554329, 
191, 126540, -42.6199, -34.011, -28.9155, 0.000113903, 0.000250418, 0.000109409, 
192, 354318, -42.908, 38.3209, -40.2466, 0.000744087, -0.000451442, -1.36863e-05, 
193, 107194, 11.3615, 44.7281, 49.7209, -7.27329e-05, -0.000182778, -0.000220249, 
194, 224461, 30.6225, -32.1533, 34.7264, -5.31821e-05, 0.000172807, -0.00019962, 
195, 635832, -28.4031, 25.7538, 27.1227, 0.000312832, -8.9764e-05, -0.000237218, 
196, 66151.1, 6.19562, -38.4625, -23.8956, -2.42514e-05, 0.000215772, 0.000138167, 
197, 47866.1, -18.3345, -26.8982, -15.0436, 0.00022311, 0.000111675, 6.26297e-05, 
198, 66662.6, 27.9038, 26.7753, -0.564188, -0.000197182, -0.000158513, 4.38753e-05, 
199, 70426.5, -28.0557, 38.4043, -3.99646, 0.000124312, -0.000300411, 0.000173524, 
