ID, Mass [kg], pos_0 [m], pos_1 [m], pos_2 [m], vel_0 [m/s], vel_1 [m/s], vel_2 [m/s], 
0, 94943.7, 16.2793, -0.535869, -18.5501, -0.00043604, -3.13148e-05, 0.00059228, 
1, 62676.1, 19.7497, 17.0029, 15.0195, -0.000545311, -0.000370637, -0.000270483, 
2, 129817, 8.03619, 0.114195, 12.4586, -0.00124231, -3.17325e-05, -0.000821983, 
3, 116722, -17.8652, -15.4962, -10.7633, 0.000716475, 0.000284274, 0.000383988, 
4, 50768, 6.11325, -3.79008, -7.12263, -0.000309999, -0.000101031, 0.000320106, 
5, 151125, -10.2263, 16.4924, 10.6218, 0.000436448, -0.00110178, 0.000183271, 
6, 8210.88, -16.5424, 5.90426, -7.38459, 0.00067219, 0.000512637, 0.000101455, 
7, 64135.2, 14.9982, -10.7211, 10.5665, -0.00072773, 0.000849199, -0.000318521, 
8, 49086.3, 2.78783, 1.30064, 12.3922, -0.000869909, -0.000174525, -0.000634581, 
9, 179608, 13.1924, 12.7133, 19.2744, -0.000497352, -0.000311177, -0.00057839, 
10, 140950, 12.0191, -10.4463, -6.58294, -0.00060484, 0.000408985, 0.000215081, 
11, 1383.39, 12.9181, 6.5903, 12.5037, -0.000670903, -0.000225893, -0.000511203, 
12, 250361, -0.727427, -10.0714, 12.54, 5.40409e-05, 0.000759975, -0.00058762, 
13, 41751.1, -16.8329, 13.3708, 10.3498, 0.000820601, -0.000621147, -0.000309812, 
14, 18464.4, 14.995, 9.63429, 3.46034, -0.000645229, -5.2473e-05, -0.000139046, 
15, 47062.8, -18.4514, -1.22436, 1.61426, 0.00107964, 0.000454249, 0.000288898, 
16, 93408.5, 8.79369, -4.75422, -12.4905, -0.000428606, 9.05627e-05, 0.000346056, 
17, 63985.3, 13.7089, -7.40276, 9.85948, -0.000787265, 0.00122612, -0.000303206, 
18, 495397, -6.19643, -19.3767, -14.7044, -3.59951e-05, 0.000958605, 0.000735073, 
19, 8175.9, 0.451804, 7.54563, 12.5023, -0.000352587, 6.87701e-05, -0.000326469, 
20, 133265, -16.8578, 19.4502, -11.2107, 0.000312229, -0.00112415, 0.00035471, 
21, 62915.9, -15.6544, -7.3135, -2.83967, 0.00054029, 0.000271028, 0.000394879, 
22, 26672.9, -1.82365, 8.81171, -3.63874, -8.74021e-05, -0.000140376, 0.000507413, 
23, 10031, 13.1658, -7.85286, 8.12201, -0.000517613, 0.00107657, 0.00053375, 
24, 97630.6, 0.0798268, -4.08295, 14.2331, 0.000220648, 0.000429038, -0.00108318, 
25, 3753, 5.64711, -14.4864, 7.0856, -0.000193317, 0.000688341, -0.000352655, 
26, 274293, -16.7108, 10.5509, -9.10253, 0.000697232, 0.0004595, -0.000450646, 
27, 10704.8, 12.2826, -2.95771, 8.58175, 0.000214533, -0.00126452, 0.00121465, 
28, 54714.2, 3.32306, -11.1852, 16.3224, -0.000304932, 0.000668581, -0.000932329, 
29, 62041.6, 6.45903, -8.97121, 1.83158, -0.000379453, 0.000318971, 2.6154e-05, 
30, 83991.8, -15.9916, 7.30649, 10.3581, 0.000812088, -0.00144751, -0.00163156, 
31, 85336, -7.3037, 14.5515, -4.80611, 0.000127219, -0.000577092, 0.000215833, 
32, 6405.9, -0.56364, 5.22641, 7.20924, -0.000375863, -0.000113342, 0.00012538, 
33, 6024.27, -1.43799, -8.32486, 13.5381, 0.000608307, -0.000195046, -0.00128891, 
34, 37843.3, 18.3574, 13.1568, 2.69913, -0.000867596, -0.000302054, -0.00029589, 
35, 113731, -10.2294, 11.9596, 14.5566, 0.000639358, 0.000506636, -0.000674657, 
36, 1721.18, -18.6342, 2.06401, -1.03532, 0.00098363, 0.000209921, 0.000560313, 
37, 497942, -13.2927, 0.484073, 6.60521, 0.000435541, 0.000735803, -0.000492717, 
38, 27248.6, -3.4686, -10.6806, 3.89936, 0.000117508, 0.000294923, 0.00134637, 
39, 70169.5, 0.518225, -4.98861, 10.8529, -7.4045e-05, 0.000528194, -4.56166e-05, 
40, 82630.2, -5.87173, -2.33007, 4.21501, -0.000116999, 0.000348246, -1.52278e-05, 
41, 36719.1, 10.0945, -0.257821, -16.2238, -0.000350943, -0.000297986, 0.000648704, 
42, 29280.3, -9.13364, -15.3316, 13.5857, 0.000327349, 0.000637188, -0.000606882, 
43, 14429.9, 9.16003, 13.6295, 11.7941, -0.000920604, -0.000447267, -0.000408944, 
44, 46028.9, -17.6696, -8.32168, 1.22718, 0.00102154, -0.000674095, 0.00186168, 
45, 49132.5, 5.99344, 13.6896, 1.5303, -0.00036947, -0.000174344, 0.000607569, 
46, 99196.6, 17.5131, 2.802, -13.488, -0.000524693, -0.000160879, 0.000392237, 
47, 23307.7, -14.1899, 8.23143, -4.89373, 0.000205326, -5.64056e-05, -6.90534e-05, 
48, 68725, -2.9797, 9.48887, 4.99896, 1.37901e-05, -0.000299009, 0.000166793, 
49, 44059.3, 0.750516, 6.0033, -7.86793, -0.000185198, -0.000170932, 0.000545256, 
50, 30410.5, 7.75881, 3.53747, -1.87866, -0.000448078, -0.000158183, 0.000412005, 
51, 50893.4, 16.8719, -8.77296, 15.7748, -0.000685353, 0.000476359, -0.000608679, 
52, 143593, 18.7254, 3.337, 18.778, -0.00060755, -4.4435e-05, -0.00049723, 
53, 21526.1, -19.0212, 13.2666, 15.1074, 0.000823627, -0.000467081, -0.000589155, 
54, 3371.29, -11.8869, 6.08911, -19.0401, 0.000178967, -1.03279e-05, 0.000940313, 
55, 71829.6, 2.80071, 17.0343, 14.8264, -0.000305632, -0.00170818, -0.000977305, 
56, 117977, -12.6085, -17.5938, 3.6217, 0.00056938, 0.000706296, -0.000264883, 
57, 88711.1, -8.15026, 16.888, -16.7664, -0.000129955, -0.000443872, 0.000604012, 
58, 75328.6, 1.63307, -11.1884, -11.1174, -0.000450869, 1.062e-05, 0.000147066, 
59, 259081, 18.7473, -5.16022, -8.16553, -0.000692295, 9.12888e-05, 0.000293577, 
60, 62103.3, -11.735, 18.7064, -19.2335, 0.000144471, -0.000493289, 0.000677284, 
61, 225027, 0.74231, 17.6887, -5.19946, -0.000132973, -0.000867123, 0.000203458, 
62, 49835.1, -0.882799, 12.2485, 19.1163, -0.000324841, -0.00040217, -0.00164221, 
63, 10291, -8.63104, 12.6497, -8.65117, -0.000158547, -0.000358936, 0.000475924, 
64, 33558.3, 12.8422, 1.06638, 7.2866, -0.00080522, -0.00035326, 9.19955e-05, 
65, 44258.8, -7.37992, 15.2152, -8.02976, -4.57485e-05, -0.000686439, 0.000605286, 
66, 14345.9, -9.06905, 12.3843, 0.495961, 0.000295309, -0.000612509, 0.00019557, 
67, 204759, -6.0808, -11.9388, 6.71493, 0.000344463, 0.000710168, -0.000479717, 
68, 120827, -3.10624, 11.7018, 15.6263, 8.71542e-05, -0.000962066, 0.00184949, 
69, 25946.8, -0.5446, -11.4277, -13.162, 4.08384e-05, 0.000966894, 0.000675192, 
70, 169218, -14.0005, 3.94368, 3.4542, -0.000515389, 1.06593e-05, 0.00157442, 
71, 8726.37, -7.42654, 9.43928, -11.3453, -0.000320401, -0.000229245, 0.000671928, 
72, 179484, -4.97616, -0.575113, 0.773382, -0.000141845, -2.59858e-05, 0.000432587, 
73, 225280, -11.4194, -14.1961, -14.3547, 0.000516188, 0.000171095, 0.000600561, 
74, 1065.8, -1.52296, -13.7744, -5.44422, -9.30227e-05, 0.000545487, 1.87373e-06, 
75, 23039.3, 8.55905, 19.697, -19.2118, -0.000175865, -0.000382651, 0.000442901, 
76, 97718.6, -2.19348, 3.26065, 15.2564, 9.10009e-05, 3.92882e-05, -0.000996345, 
77, 97225.7, 7.72971, -1.50053, 0.638487, -0.000565301, -0.000214746, 0.000198181, 
78, 108293, 6.65128, -13.1095, 1.44249, -0.000346333, 0.000618232, 8.96524e-06, 
79, 20755.1, -10.734, 5.94703, -16.8932, 1.57955e-05, 4.76588e-05, 0.000915987, 
80, 12051.5, -14.0687, 10.9436, 9.25239, 0.000467776, -0.000792988, -0.000157496, 
81, 7274.55, 11.3713, -18.5106, -15.6136, -0.000188888, 0.000511402, 0.000379379, 
82, 41167, 16.5259, -3.09105, 0.566982, -0.00076921, 9.43603e-05, 7.50319e-05, 
83, 17941.4, -6.32311, -15.1937, 11.9476, 0.000161927, 0.000817048, -0.00059168, 
84, 44427.1, 10.9785, 5.66294, -4.47034, -0.000470435, -0.000126596, 0.00038376, 
85, 22172.5, 15.4528, -19.5987, -8.50439, -0.000355189, 0.000562149, 6.95842e-05, 
86, 31611.7, -16.0624, 7.64571, 10.2708, 0.000612696, 0.000918231, -0.000888819, 
87, 26634.8, -16.3108, -3.72906, -6.75626, 0.000454209, 0.000239116, 0.000311053, 
88, 75754.5, 8.81352, 11.9082, -12.6159, -0.000238273, -0.000318382, 0.00051634, 
89, 113107, -16.653, -19.1721, 12.0625, 0.000394782, 0.00050659, -0.000353107, 
90, 27261.6, -11.1454, -8.81769, -0.787978, 0.000420397, 0.000264088, 0.000154375, 
91, 351484, -1.65261, 15.1996, 1.73573, 0.000138365, -0.000721613, 0.000161178, 
92, 329973, -10.6498, 3.53994, 16.4081, 0.00047017, 0.000127251, -0.000859987, 
93, 29994.8, -19.3992, -10.6514, 11.4418, 0.000614277, 0.000391493, -0.000400045, 
94, 66540.9, 14.0422, 13.564, -10.8229, -0.000204275, -0.000384718, 0.000571367, 
95, 84875.3, -3.36125, -10.742, 4.48719, -0.000369289, 0.000491451, -0.000365632, 
96, 264300, -17.6922, 7.57876, 3.53573, 0.00145256, -0.00258738, 0.000322348, 
97, 86518.6, -10.8539, -6.40278, 19.5802, 0.000379157, 0.000411606, -0.000741861, 
98, 315093, 18.7138, 13.4435, -3.26845, -0.000716826, -0.000340474, 0.000188096, 
99, 201632, 3.03594, -16.105, -10.8282, -0.000805991, 0.00108041, -0.000100454, 
100, 359073, -13.3188, 8.57959, -11.111, -0.000268778, 0.000306333, 0.000738524, 
101, 54977.4, 15.7064, 11.2317, 0.144834, -0.000494113, -7.41484e-06, -5.07897e-05, 
102, 118203, 13.8461, -4.0792, 14.2666, -0.000758645, 0.00022643, -0.00101084, 
103, 14953.6, 17.8173, -19.4407, -8.99318, -0.000554058, 0.000487161, 6.20927e-05, 
104, 46864, 1.57482, -14.6117, -9.38726, 0.000217921, 0.000225868, -0.000627624, 
105, 25231.1, -17.4266, 15.2594, 10.2789, 0.000871432, -0.000998216, -0.000238378, 
106, 30079, -6.70935, -9.16879, 18.3735, 0.000202203, 0.0005326, -0.000770134, 
107, 3629.19, 14.0662, -4.04538, 14.0158, -0.000231136, 0.00030051, -0.00166431, 
108, 66090.9, 2.11678, 12.7262, 0.18488, -0.000411598, -0.000128055, 0.000528015, 
109, 61393.7, 7.36437, 0.0661511, 12.0914, 0.000780718, 0.000180062, 0.000339863, 
110, 20439.4, 17.9804, 6.44566, 8.99703, -0.000948628, -0.000124892, -0.000190863, 
111, 141284, 1.89585, -15.2373, -12.2859, 0.000140912, 0.00033094, 0.00122388, 
112, 92531.1, 0.983443, 16.7605, -7.42156, -0.000265215, -0.000229374, 0.00135216, 
113, 31864.8, -8.82555, -4.35101, 6.53392, 0.000836182, 0.00124187, -0.000448076, 
114, 44313.2, 12.1106, 15.4778, -2.44882, -0.000328585, -0.000570159, 0.00040644, 
115, 4750.24, -15.6956, 1.18752, -12.1057, 0.000296892, 0.000150619, 0.000731359, 
116, 44452.8, -6.55602, -13.6004, -5.49672, 5.31097e-05, 0.000454003, 0.00043965, 
117, 11256, 13.8728, 11.4435, -1.86995, -0.000190507, -8.87352e-05, 0.000340026, 
118, 19927.1, 9.88253, -15.8256, 18.1266, -0.000297611, 0.000532399, -0.000513516, 
119, 274949, 0.131398, 0.626279, 11.7648, 5.4049e-05, 0.000131336, -0.000324087, 
120, 100403, 14.09, 16.2075, 3.31091, -0.000834419, -0.000592796, -5.19909e-05, 
121, 71368.6, -15.9486, 7.43954, 10.5836, 0.00103882, 0.000326844, 0.000393122, 
122, 191445, -4.78441, -7.02136, -12.2665, 0.000469708, -0.000165037, 0.000490099, 
123, 172817, -9.18408, 14.6842, 14.9591, -0.000377356, -0.00131918, -0.00112151, 
124, 64236.3, 7.1398, -3.44384, -0.258166, -0.000291218, 0.000516438, 0.000451398, 
125, 55232.1, -6.51105, -18.6072, -13.9672, 0.00104693, -0.00168803, -0.00195775, 
126, 82879, 8.22847, -3.39925, -15.2581, -0.000207368, -0.000128419, 0.000802089, 
127, 194422, -2.36867, -8.96992, -16.778, 1.4402e-05, 6.64627e-05, 0.00109792, 
128, 19393.7, -1.13367, 4.808, 18.1478, -0.000196094, -1.96227e-06, -0.00132236, 
129, 294796, 8.84933, 16.6093, 4.56438, -0.000809589, -0.000941571, -0.000185374, 
130, 3377.38, -2.23239, -5.74373, -11.5229, -0.000366367, -0.000366717, 0.000355236, 
131, 80.222, 3.44509, 3.02306, 1.3734, 0.000120071, 0.000222293, 0.000357478, 
132, 80445.4, 7.88834, 1.3584, 15.9137, -0.000592923, -7.72545e-05, -0.00120372, 
133, 62558.6, -8.17242, 1.88924, 19.3419, -1.32785e-05, 0.000387979, -0.00134534, 
134, 16081.4, -8.29069, 2.09863, 13.2752, 4.64536e-05, 0.000439268, -0.000425453, 
135, 23462.2, -3.63526, -7.69008, -11.6933, -0.000822359, 0.000606974, -0.000347462, 
136, 225632, -17.4249, 6.75803, 3.64908, 0.00103344, 0.0014282, 0.000135308, 
137, 67903, 9.97445, -6.85352, -19.3727, -0.000319346, 0.000158166, 0.000734837, 
138, 35061, 6.90551, -1.49986, 5.99208, -0.000932908, -0.000448975, 0.000711209, 
139, 88062.7, 6.79184, 8.92765, -18.6303, -0.000235958, -0.000205411, 0.000681522, 
140, 1521.39, -16.7464, 14.707, -7.6338, 0.000268156, -0.0012368, -0.00114222, 
141, 457142, -3.10561, 11.9415, 14.6056, 0.000121845, -0.000219198, -0.00134709, 
142, 9623.76, -0.571928, 18.5546, 1.70288, -0.000170294, -0.00164401, 7.07247e-05, 
143, 117111, -4.53766, 5.03681, 7.46746, -4.66517e-05, -0.0001073, -5.77159e-05, 
144, 51587.4, 16.6101, -10.4281, -5.04411, -0.000759188, 0.000462194, -1.20548e-05, 
145, 59160.8, 0.883967, -12.7621, 2.72705, -0.000238556, 0.000732497, -2.16748e-05, 
146, 46437.6, -3.1787, -2.20452, -16.6085, 4.37458e-05, -0.000295852, 0.000826812, 
147, 315819, 17.8845, -17.0777, -16.9328, -0.000382441, 0.000315874, 0.000338346, 
148, 9477.01, -17.8872, 0.464236, 3.1999, 0.00136217, 0.000520889, 0.000148443, 
149, 23731.9, 18.3321, -4.91924, -4.70079, -0.000665086, 4.74653e-05, -0.000431575, 
150, 1616.21, -13.6182, -7.63992, -13.7001, 0.000558235, -2.62047e-05, 0.000694213, 
151, 145441, -17.685, -8.27905, 1.15573, 0.000720148, 0.000815573, -0.000695633, 
152, 89905.1, 4.47912, -11.7324, 11.7723, -0.000466534, 0.00079114, -0.000411374, 
153, 50014.5, -9.71229, -19.0403, 6.53281, 0.000147849, 0.000898579, -0.000434411, 
154, 21290.7, -4.94917, 8.25981, -10.4177, -0.000197554, -0.000154646, 0.000600182, 
155, 452855, 3.03728, 13.7484, 13.3377, -0.000629362, -0.000481979, -0.00057968, 
156, 61176.7, -15.8152, 12.3333, -12.1095, -0.000952754, -0.000143476, 0.00197259, 
157, 5863.45, 17.2284, -2.12774, -7.96805, -0.000348413, -0.000561296, 0.000225912, 
158, 105664, 7.71329, -9.04917, -6.91718, -0.00027658, 0.000227433, 0.000245726, 
159, 31320.7, -11.1607, -8.34791, -11.1669, 0.000390239, -4.97698e-05, 0.000540841, 
160, 47367.3, -0.892418, -7.23254, 0.20265, -0.000174333, 0.00028859, 0.000236691, 
161, 98301.7, -14.1515, -19.1527, -10.8401, 0.000452873, 0.000746781, 0.000217015, 
162, 73178, 14.5185, 7.38618, 9.34324, -0.00071998, -0.000235753, -0.000245826, 
163, 51504.1, 18.1382, 15.4702, -10.8702, -0.000681813, -0.000428956, 0.000491324, 
164, 370259, -17.3712, 13.6652, -10.663, 0.000378597, -0.00204813, -0.000566199, 
165, 149722, 3.61874, 11.6162, 6.93446, -0.000391829, -0.000165321, 9.07391e-05, 
166, 198765, 8.9635, -17.5509, 5.05671, -0.000402639, 0.00076812, -0.000212039, 
167, 139660, 5.99601, -2.3299, 7.01922, -0.000178191, 0.000370109, -6.39783e-05, 
168, 83268.5, 5.27049, 4.35152, 13.8535, -0.000506462, -0.000381919, -0.000682881, 
169, 111579, -7.86143, -14.1275, -1.15247, 0.00045511, 0.00151475, -0.00186998, 
170, 19096.2, 16.8601, 16.4727, -11.3237, -0.000165733, -0.000811428, 0.000602083, 
171, 200677, -19.2303, -1.22128, -9.7259, 0.000664838, 0.000154936, 0.000463603, 
172, 52868.7, 3.59538, -2.23661, 17.6659, -0.000285895, 0.000312776, -0.00117695, 
173, 41037.8, 1.82741, -4.69724, 13.4943, -0.000770605, 0.000658529, -0.000699424, 
174, 4465.77, 0.315055, 8.27995, -14.0376, -4.83418e-05, -0.000205028, 0.000615674, 
175, 6545.54, -12.3223, -18.3622, 2.86955, 0.000156376, 0.00171788, 0.000679921, 
176, 62246.2, -13.053, -9.72391, -9.09759, 0.000549063, 0.000178052, 0.000276082, 
177, 128306, -0.273794, -2.99392, -9.61651, -0.000142067, -0.000206668, 0.000398911, 
178, 85947.3, 8.4359, -16.1519, -3.59314, -0.000420055, 0.00073726, 9.16413e-05, 
179, 85524.8, 16.7703, 11.8836, -8.66541, -0.000506047, -7.56116e-05, 0.000473987, 
180, 258268, -7.94364, -14.4294, -0.491363, 0.000105665, 0.000299213, 0.000892947, 
181, 46445.2, 3.80622, 9.45262, -15.9735, -1.78961e-05, -0.00026013, 0.000538074, 
182, 79205.4, -7.8055, 6.16084, 3.65899, -4.98235e-06, -0.000387434, 0.000315924, 
183, 34651.8, 16.6469, 4.3011, 1.95376, -0.00076024, -3.00419e-05, 7.3398e-05, 
184, 92155.5, -0.593599, -9.8836, -13.1257, -0.000219824, -6.10004e-05, 0.000500857, 
185, 83068, -16.1497, 5.29058, 17.3004, 0.000925246, -5.81476e-05, -0.000879482, 
186, 70401.9, 4.72594, 4.20742, 1.52798, -0.000327052, -0.000152186, 0.000273827, 
187, 187320, -17.5223, 13.0874, -11.1799, 0.00182033, 0.0012456, 0.00279778, 
188, 247302, -15.0472, 4.14556, 4.8249, 0.000943211, -0.000116081, -0.000712258, 
189, 41300.5, -6.47103, -2.49962, -1.2384, 0.000322801, 0.000431602, 0.000754289, 
190, 175489, -18.7029, -18.0081, -5.36652, 0.000609075, 0.000547564, -5.874e-06, 
191, 80320, -7.93098, -3.45654, 6.33052, 2.34781e-05, 0.000425079, -0.000341397, 
192, 384764, 13.0916, -4.10491, 9.56748, -0.000726099, 0.00019184, -0.000132981, 
193, 72170.5, 2.83926, 15.5008, 10.3538, -0.000228408, -0.00136107, 0.000489122, 
194, 154299, -10.5734, 14.2069, 14.4089, 0.00166323, -0.000777763, -0.000285195, 
195, 83475.5, 7.26949, 15.6316, 3.86473, 0.000572955, -5.12082e-05, 0.000548545, 
196, 56140.2, -18.6614, 17.9582, 1.93181, 0.000556927, -0.000717943, -2.10423e-05, 
197, 10070.3, 15.2053, -3.56888, 9.33077, -0.0024862, -0.000298878, 7.68867e-05, 
198, 29593.9, -8.11827, 4.06728, 10.4551, 0.000157725, -3.89696e-05, -0.000428916, 
199, 2474.18, 16.692, 9.98873, 5.0621, -0.000835441, -0.000161556, -0.000246686, 
