ID, Mass [kg], pos_0 [m], pos_1 [m], pos_2 [m], vel_0 [m/s], vel_1 [m/s], vel_2 [m/s], 
0, 266668, 6.02568, -11.7905, -9.29789, -0.000123109, 0.00112368, 0.00030925, 
1, 88936.2, 11.0628, -15.7119, -18.4055, -0.000691103, 0.000951691, 0.000975437, 
2, 157943, -11.7173, -12.9009, 13.4162, -0.000200862, 0.00180915, 0.000815854, 
3, 169378, -4.97241, -3.77133, -17.5856, 0.000327716, -9.92423e-05, 0.00140119, 
4, 52366.8, -18.6059, -3.76318, 18.3299, 0.00129525, -0.000424417, -0.00110891, 
5, 13155.9, -12.9161, -16.1325, 12.3813, 0.000906599, 0.00199938, 0.00035914, 
6, 92017.3, 1.2058, -11.3282, -0.108838, -0.00260644, 0.00188553, 0.00181751, 
7, 28783.3, -6.31629, 16.8261, 5.59118, 0.000452747, -0.00157397, 7.46522e-06, 
8, 28069.8, -10.0093, 16.6854, -11.1821, 7.18578e-05, -0.00139116, 0.00074853, 
9, 332411, 15.7613, -15.8995, 17.3494, -0.000648629, 0.000458469, -0.000538833, 
10, 147602, -10.672, -5.725, 7.01001, -0.000279951, 0.000968295, -0.000847588, 
11, 126955, -15.7081, 15.2178, 7.07347, 0.0008609, -0.000937391, -3.62762e-05, 
12, 8145.24, 7.86016, 2.79228, 15.6632, -0.00127084, -0.000494826, -0.000976477, 
13, 75407.3, -12.9958, -9.70249, 16.3176, -0.000727683, 0.000267912, -0.00078575, 
14, 60007.4, -19.1431, 10.8328, 1.88517, 0.0011795, -0.000560639, 0.000110288, 
15, 37540.7, -17.168, 18.2221, -13.7265, -5.98472e-05, -0.00235337, 0.000575469, 
16, 22790, 8.44818, 0.043556, -13.019, -0.00069393, -0.000752762, 0.000930577, 
17, 20769.2, -2.72155, 1.74857, -6.32411, -0.00021651, 0.000365497, 0.00125733, 
18, 211002, -16.6627, -14.8686, 2.96938, 0.000874262, 0.00094432, 0.000326228, 
19, 150055, -11.3013, -13.3157, 12.5482, 0.000845604, 0.000770169, -0.00132148, 
20, 5236, -7.87365, 13.0142, 0.0742866, 0.000780118, -0.000925801, -2.12573e-05, 
21, 271282, -6.02621, -0.30178, 12.6796, 0.000236335, 0.000309967, -0.000852343, 
22, 49300.1, 7.05276, 17.4463, -10.5354, -0.000932309, -0.000599696, 0.000470219, 
23, 117718, 18.1479, 4.48825, -3.55398, -0.00200965, 0.000722814, -0.000316351, 
24, 83176.3, 12.9841, -16.2496, 1.14605, -0.00116462, 0.00106858, -0.000378733, 
25, 16921.9, -12.7458, -5.65707, 11.0337, 0.000148102, -0.000262679, -0.00102873, 
26, 8127.9, -5.24041, -3.78962, -17.4036, 0.00282318, 0.000101081, -0.000513171, 
27, 117537, -2.10818, -4.12795, -12.5869, 0.000443597, -0.000408001, 0.000365533, 
28, 74393.9, -4.36135, 3.15821, -4.52047, 0.000930808, 0.000673729, 0.00130955, 
29, 57188.8, 2.06191, -12.0499, -0.284874, 0.0015115, -0.00227309, 0.000112316, 
30, 27579, 1.65152, -12.2543, 10.9377, -0.000726861, 0.000799321, -0.000738002, 
31, 8833.03, -4.99564, 2.79048, 14.7308, 7.28544e-05, -0.000685184, -0.00135753, 
32, 127385, 5.06269, 19.0074, -11.5184, -0.000260877, -0.00112213, 0.000922621, 
33, 26112.7, -7.886, 6.77229, 2.13458, 0.0011166, -0.000711674, 0.000396867, 
34, 25816.1, -19.2701, 8.51707, -12.6873, 0.00109714, 0.000167698, 0.000529161, 
35, 196477, -0.653596, 0.820394, 7.77124, -0.00104869, 0.000566207, -0.000373494, 
36, 134895, 6.67567, -5.28014, 15.6258, -0.000967817, 0.000578932, -0.0011634, 
37, 90647, -2.2597, 11.4014, 5.03997, -0.000154981, -0.00172885, 0.000214945, 
38, 70759, -2.65878, 6.63473, 13.6222, -0.000819301, -0.000651243, -0.00133953, 
39, 13187.3, -0.586897, 11.4479, 3.08256, -0.000886818, -0.00119773, 0.000455578, 
40, 33368, 12.8524, -13.7983, -4.31981, -0.00123883, 0.000490204, -0.00018562, 
41, 134346, 2.63476, -7.27502, -0.93875, -0.00015033, -0.000634837, -0.000195441, 
42, 105929, 2.697, 7.45339, 1.22782, -0.00106429, -0.000608231, 0.000264828, 
43, 83973.3, -16.9046, 2.24918, 8.37469, 0.00206813, -0.00137829, 5.4125e-05, 
44, 3121.57, -11.9802, -5.49789, 15.627, 0.000557832, -0.000790614, -0.00060106, 
45, 27466.3, -18.4886, -16.3249, 5.06432, 0.00142867, 0.00129815, -0.000372308, 
46, 38628.7, 11.9999, -17.2509, 12.6232, -0.000445108, 0.000825843, -0.000227867, 
47, 41308, 5.64447, -5.7086, -3.90999, -0.00138659, 0.00109514, 0.00278536, 
48, 127460, -2.4147, -14.7209, 7.59414, -0.000558099, 0.00246101, -0.00142163, 
49, 499917, -18.1706, 15.453, -13.6374, 0.000792879, -0.000507716, 0.000582794, 
50, 18781.7, -2.41012, 11.5141, 4.84721, -0.000867829, -0.000256285, -0.00123528, 
51, 41104.5, 1.48474, -4.07648, -15.6996, -5.31057e-05, -0.000596546, 0.001194, 
52, 171754, -6.69509, 13.5295, 10.9121, 0.00111341, -0.000905442, -0.000499911, 
53, 188750, 9.85445, -9.76607, -13.461, -0.00193458, 0.000741849, 0.00145164, 
54, 188123, -10.9033, -9.90724, -13.2172, 0.000710375, 0.000384204, 0.000966861, 
55, 5496, -2.62464, 16.3327, -8.28254, 0.000465648, -0.00112539, 0.00105858, 
56, 314149, 1.38466, 16.4726, -6.45508, -0.000408191, -0.0010042, 0.000681611, 
57, 286386, -1.4625, -15.7646, 19.0813, -0.000363896, 0.000805035, -0.000954262, 
58, 3262.44, -18.3892, 3.18981, 16.2783, 0.00129002, -0.000515264, -0.00103726, 
59, 498.907, 18.4876, 17.5232, -16.1988, -0.000824632, -0.000340905, 0.000573064, 
60, 10715.1, -17.6126, -6.20122, 10.4642, 0.00302458, -0.000181578, -0.000369395, 
61, 28147, 19.0511, -6.40242, -16.1037, -0.00107998, 1.37005e-05, 0.000626412, 
62, 126417, 12.9627, -15.8085, -6.86116, -0.00107539, 0.00109782, 0.000359064, 
63, 304337, -13.9394, -18.5288, 16.5375, 0.00054932, 0.0013828, -0.000718034, 
64, 73901.1, 3.54572, 3.74152, 13.7032, -0.00129562, -0.000605688, -0.000634503, 
65, 141050, 8.44855, -5.43191, -11.5817, -0.000738349, -0.00107369, 0.000703445, 
66, 71538.3, -1.60757, 6.47271, -8.52558, -0.000320233, -0.000513996, 0.00118231, 
67, 43197.3, 10.7336, -5.05834, -7.85518, -0.00143109, -0.000482675, 7.0529e-05, 
68, 292601, 5.77445, -8.10692, -17.6516, -0.00163278, -0.0013044, 0.00107297, 
69, 23084.1, 11.1598, 7.16418, -5.31281, -0.000888294, -0.000759239, 0.000362156, 
70, 7607.71, -16.3679, 2.05589, 7.93244, 0.00105211, 0.000232414, -0.000278361, 
71, 13540.8, 1.10959, -6.41292, 13.6295, -0.00055972, 0.000640721, -0.000466303, 
72, 72502.9, 7.91797, 13.3219, 7.66283, -0.00101439, -0.000784033, -0.00061163, 
73, 55178.4, -11.5604, -6.21425, 16.551, -6.41168e-05, -0.000419166, -0.0013713, 
74, 138200, 6.6038, 15.0881, 1.43867, -0.0011905, -0.000708418, -0.000378472, 
75, 441048, -3.01557, 5.54843, 5.76041, -0.0005512, -0.00130034, 3.33093e-05, 
76, 104741, 1.26736, 17.4296, 7.36513, -0.000587953, -0.0013864, -0.000413286, 
77, 235448, -4.36297, 15.0029, 10.8019, -0.000580689, -0.00171608, -0.000608979, 
78, 56549.9, -7.94012, -9.06523, 6.4775, -0.000312813, 0.00110381, 0.000172123, 
79, 18431.9, 4.25619, -17.8415, 0.310926, -0.000326016, 0.00180573, -9.05126e-05, 
80, 174616, -7.77402, -10.7958, 14.4805, -0.000670699, 0.00052033, -0.00099733, 
81, 162861, -4.14362, 3.79852, 5.18194, 0.00106948, 0.00151013, 0.000686999, 
82, 32822.2, 17.3695, 19.5432, 19.4806, -0.000451667, -0.000419958, -0.000379491, 
83, 36038, 6.47492, -11.3673, 1.66922, 0.000406152, -0.000203441, -0.000593948, 
84, 151751, -5.97274, 8.63312, -4.13362, 0.000493362, -0.00080881, 0.000677296, 
85, 1755.34, 19.1376, 6.00509, 6.22085, -0.00105771, -0.00032646, -0.000301246, 
86, 125093, -19.2649, -12.1398, -17.9707, 0.000728486, 0.000408679, 0.000741051, 
87, 62753.9, -12.7831, 3.95391, 17.7551, 0.00163911, -0.000475872, -0.0011875, 
88, 104089, -3.7228, 0.998207, 16.1146, -0.000326278, 5.82407e-05, -0.00184799, 
89, 74659.5, -11.6879, -7.85943, 5.74855, 0.000903845, 0.00159771, 0.000800298, 
90, 54457.8, -0.893159, 16.2189, -3.70136, 0.000272747, -0.00110859, 0.00026702, 
91, 250388, -17.2185, 0.533148, 10.8486, 0.00151699, -0.000260836, -0.00086642, 
92, 9592.63, 3.94226, 10.1823, -14.5206, -0.00037586, -0.000522249, 0.000988026, 
93, 51769.5, 9.94832, 3.82064, -16.949, -0.000636624, -0.000482342, 0.000955471, 
94, 88315.6, 17.294, -18.7985, -3.68606, -0.00103514, 0.000876999, 4.30897e-05, 
95, 44569.9, -4.16257, 5.04572, 8.03272, 0.00155659, -0.00011943, -0.00128819, 
96, 55054.8, 1.9122, -11.9847, -0.54402, 0.00192304, -0.00166413, 0.00183652, 
97, 6549.1, 11.3117, -5.01834, -2.47007, -0.00146669, 2.39484e-05, -0.00027936, 
98, 176773, 5.62281, -5.78874, -3.99223, -0.000539347, -0.00056384, -0.00030845, 
99, 4096.57, -14.9641, -5.24116, -8.99806, 0.000968271, -0.000555243, 0.00100759, 
100, 283032, -15.4932, -7.00116, 10.1126, 0.0015008, 0.000407936, -0.000152759, 
101, 15065.6, -11.8092, -2.55191, -16.9327, 0.00075862, -0.00010675, 0.000986197, 
102, 33276.8, 15.7948, 14.5353, -8.53448, -0.00110693, -0.000617381, 0.000145401, 
103, 12989.8, 16.6804, -7.89555, -18.9012, -0.000979669, 0.000112468, 0.000915603, 
104, 26736.4, -1.37746, -3.11221, 10.1759, -0.000553115, 0.000880901, -0.000594272, 
105, 201331, 9.46808, -8.91814, -10.4468, -0.00143686, 0.000193506, -0.000200746, 
106, 153368, 8.55934, 2.54711, -5.4264, -0.000763625, -0.00072719, 0.00065958, 
107, 15450.3, -4.9634, 14.508, -10.3003, -3.4518e-05, -0.000949322, 0.00101321, 
108, 669.306, 2.19787, -11.7384, 5.20647, -0.000470808, 0.000764352, -0.000991586, 
109, 16366.5, 10.598, -12.4713, 11.6848, -0.000724653, 0.000510094, -0.000500455, 
110, 76031.2, 8.09684, 18.7956, 2.02937, -0.000921825, -0.00150424, -0.000286154, 
111, 6213.7, -14.3671, -8.57774, -7.98672, 0.00252115, 0.00139143, -0.00155095, 
112, 161030, 13.8501, -0.882399, 10.9081, -0.00109901, -0.000120666, -0.000389034, 
113, 103552, 2.13761, 4.84063, 17.0117, -0.000860954, -0.000846216, -0.001557, 
114, 105761, -2.4068, -14.6101, 7.48319, 0.000184279, -0.000378769, 0.00103925, 
115, 3988.7, -3.31442, -18.7467, 13.3509, -0.000246753, 0.00140382, -0.000485926, 
116, 95735.7, -15.7492, 1.87, 7.35078, 0.000595302, -0.000513465, 0.000932668, 
117, 112453, -12.446, -3.60049, -0.982736, 0.00203427, 0.000527532, 0.000205701, 
118, 30694.8, -15.0861, -18.0575, -5.12809, 0.000647001, 0.00106833, 0.000318286, 
119, 36195, 5.79037, 14.8011, 1.12277, 0.000887946, -0.000370467, 0.00066673, 
120, 18641.6, -0.923101, 15.6252, -2.15391, -0.000465829, -0.000401051, -0.000334155, 
121, 9923.13, -1.83576, 4.35784, 9.98706, -0.0014754, -4.44925e-05, -0.00129854, 
122, 10388.6, -16.754, 2.62881, -2.20338, 0.00127777, -0.000313139, 0.000473085, 
123, 6088.92, 5.86259, 9.9959, -18.1447, -0.000368846, -0.00048938, 0.000989961, 
124, 57978.1, -17.0568, -5.99189, -16.1096, 0.000854392, -3.04305e-05, 0.000869735, 
125, 28974.4, 9.08483, -15.5642, -8.35832, -0.000661011, 0.0016695, 0.000393124, 
126, 149499, 17.3541, 5.39604, -3.90569, -0.000446155, -0.00120097, 0.000450463, 
127, 156428, -12.6307, 9.97309, -12.0358, 0.00065978, -1.28186e-05, 0.000882774, 
128, 11817, -2.67472, 5.64412, 5.39606, -0.00429014, -0.000432075, 0.0035198, 
129, 241608, -9.71384, 3.66641, 18.0299, 0.000409782, -0.000302704, -0.00156941, 
130, 83899.8, 15.7764, -5.78626, -6.44219, -0.00150233, 8.8002e-06, 0.000148267, 
131, 161283, -11.1578, -3.01643, -1.56613, -3.32279e-05, -0.000256464, 0.000993149, 
132, 170745, -5.36138, 16.005, -0.650632, 0.000482959, -0.00133072, 0.000112167, 
133, 354581, -15.0083, -8.98035, -7.15208, 0.000961726, 0.000445767, 0.000517309, 
134, 115421, 17.7669, -2.83634, 16.6748, -0.000930761, -2.61919e-06, -0.000648805, 
135, 65429.1, 7.10897, 6.08758, 6.76686, -0.0012414, -0.000487205, -0.000376894, 
136, 868.309, 9.93786, -9.41933, -12.2959, -0.00307652, -2.47868e-05, 2.70867e-05, 
137, 4759.2, -15.9014, -0.0457024, -1.80967, 0.00142949, -0.000324786, 0.000541648, 
138, 8998.31, -4.88777, 13.4136, 14.3838, -0.000187906, -0.00121451, -0.00169953, 
139, 37395.4, -10.1948, -16.3426, -9.07148, 0.000608938, 0.00121509, 0.000331764, 
140, 181316, 11.8616, 14.2936, -11.005, -0.000739374, -0.000536671, 0.000592851, 
141, 139423, -2.41462, 5.35687, -16.4955, -6.32402e-05, -0.000453314, 0.00114332, 
142, 47155.6, 3.93599, -14.3758, -8.69843, 0.000381505, 0.00200801, 0.000380552, 
143, 320658, -4.44319, -13.4205, -12.7212, 0.000140226, 0.00102693, 0.000745688, 
144, 22569.4, 17.7534, -10.2836, -3.41886, -0.00138408, 0.000308659, -5.88878e-05, 
145, 17996.4, 17.451, 6.50006, 16.2844, -0.000808894, -0.000387711, -0.000545005, 
146, 85832.2, 7.81537, -9.87409, -13.2558, 0.000266928, 0.00117092, 0.00103093, 
147, 187866, -12.1304, 11.0397, -2.72335, 0.000994826, -0.000712285, 0.000204639, 
148, 48707.3, -3.73271, 2.85992, 5.64353, 0.00105895, 0.000701888, 0.000858351, 
149, 31339.9, 0.726504, -6.67594, 14.9812, -0.000378883, 0.00067304, -0.00120388, 
150, 43750.7, -12.3732, -10.1158, 10.2998, 0.000533929, 0.000886499, 0.000230077, 
151, 243138, -11.2482, -4.32055, 5.68483, 0.000827757, -0.000470882, 0.000772328, 
152, 14872.6, -5.96526, 9.42194, 14.9821, 0.000103098, -0.00230141, -0.00181078, 
153, 28768.5, -15.0153, 7.5541, -14.4067, 0.000879789, 0.000245485, 0.00109636, 
154, 44811.9, -10.9327, 6.30657, 7.19497, 0.00111352, -0.000781439, -7.78217e-05, 
155, 235285, 5.16549, -8.62276, -17.9994, 0.00165959, 0.0019951, 0.00232056, 
156, 118566, -12.3578, 10.7262, 14.9146, 0.00058164, -0.00119799, -0.00103365, 
157, 1429.46, -3.81466, -12.8962, -12.5742, 0.00299789, 0.00422338, 0.00154586, 
158, 61874.8, -8.94633, 6.99425, -14.9095, 0.000260435, -0.000169888, 0.00116949, 
159, 547423, -15.7513, -9.68855, 17.8464, 0.00117569, 0.00037693, -0.00133118, 
160, 16024.9, 11.8391, -15.9328, -0.918183, -0.000784024, 0.00118492, 0.00026914, 
161, 59294.4, -6.74245, -17.5742, 8.62644, 0.000201486, 0.00158361, -6.52241e-05, 
162, 34022.8, -14.6816, -1.78942, 8.67577, 0.000968395, -9.57284e-05, -6.5769e-05, 
163, 51310.5, -1.46108, 16.9854, -1.55552, -0.000183534, -0.0017583, -0.000329713, 
164, 125646, -18.7556, 16.5533, 12.6727, 0.000927595, -0.000745433, -0.000386533, 
165, 38198.4, 7.4301, 16.5922, 0.309169, -0.00121278, -0.0014959, 0.000820687, 
166, 175587, -10.2786, 12.6105, -10.0723, 0.000142582, -0.000870525, 0.000572247, 
167, 33247.4, -18.0801, -16.4198, -11.6783, 0.000787809, 0.000821026, 0.000492423, 
168, 39322.1, -13.0711, 10.0932, 14.684, 0.00212217, 0.000168007, -0.000381616, 
169, 42408.8, 6.79096, -7.95068, -13.9406, 0.000139901, -0.000533567, 0.000559676, 
170, 165238, -6.12767, 7.91684, 14.6057, 0.000413919, -0.000744986, -0.00125987, 
171, 133165, 1.29808, -11.546, -1.14495, -0.00100348, 0.00135456, -0.00149395, 
172, 17222.9, -13.015, 18.6277, -8.48851, 0.000416455, -0.0012497, 0.000148181, 
173, 19550, -2.91506, 12.6774, -6.86146, 5.2142e-05, -0.000704764, 0.000910986, 
174, 2321.65, 14.5445, 0.932643, -2.51362, -0.00120569, -1.77539e-05, -0.000138201, 
175, 266285, 8.26952, -12.0531, 1.79949, -0.00106242, 0.000924277, -0.00123507, 
176, 51769.7, -17.062, 19.0269, 15.8946, 0.000528347, -0.00097207, -0.000729754, 
177, 2547.76, 9.4628, 13.7512, -6.55322, -0.000775463, -0.000600291, 0.000157044, 
178, 33600.1, 6.43898, -0.9972, 17.4935, -0.00108661, -0.000171471, -0.00146805, 
179, 95862, 4.47777, -2.29724, 14.1427, -0.000737044, 0.000153067, -0.00075697, 
180, 231629, 2.15901, -11.0911, -0.570448, 0.00119365, 0.00211794, -0.000278396, 
181, 48845.6, -1.36754, -5.00712, -13.6231, -0.000220207, 0.000560719, 0.00143985, 
182, 63218.1, 8.05575, -12.1734, 2.43282, -0.00236096, 0.000393703, 0.00224879, 
183, 250917, -3.06951, 4.74375, -3.19898, -0.000323411, -0.000358625, 0.000494864, 
184, 4676.91, -5.83058, 0.622618, -1.14826, 0.000425742, 0.000313083, 0.000492814, 
185, 14.7536, -9.91582, 16.7277, -15.0016, -2.72545e-05, -0.0009349, 0.00106567, 
186, 1700.44, -16.44, 8.57555, -8.31542, 0.00114642, -5.72689e-05, 0.000257429, 
187, 132400, -3.92013, -13.7271, -12.6951, 0.000669041, 0.000732557, 0.000770475, 
188, 31027.4, 6.45647, -5.4867, 12.9958, -0.000951252, 0.000699771, -2.07828e-05, 
189, 137319, 8.99709, 0.00908, -2.79494, -0.00107656, -0.000185115, -0.000261654, 
190, 22200.4, -9.24166, -0.934023, -18.7983, 0.000653039, -0.000259245, 0.0011956, 
191, 36036.5, 16.53, 18.52, -15.355, -0.000625852, -0.000572176, 0.000530689, 
192, 105589, -7.88367, 18.4295, 17.1339, 0.000196769, -0.00113927, -0.000935984, 
193, 42408.1, 6.67548, -1.13543, 11.5793, -0.00124859, -0.000115887, -0.000268314, 
194, 8889.27, -0.203675, -10.1773, 10.7931, -0.000497597, 0.000539319, -0.000669313, 
195, 67618.7, -2.52941, 9.66472, 15.2356, -0.000788424, -0.00126776, -0.001518, 
196, 139645, 1.39928, 0.956719, 16.2355, -0.000650413, 0.000112924, -0.00143968, 
197, 16526.9, -15.7426, -2.44508, -7.49036, 0.00111827, -0.000308777, 0.000722207, 
198, 18896.2, 15.8334, 8.20289, 5.10434, -0.00105017, -0.000484504, -0.000306609, 
199, 122718, -3.53716, 5.71282, 9.86084, -0.000195235, -0.000840913, -0.00145776, 
