ID, Mass [kg], pos_0 [m], pos_1 [m], pos_2 [m], vel_0 [m/s], vel_1 [m/s], vel_2 [m/s], 
0, 5682.38, -30.498, -10.1939, -6.05165, -0.00256371, -0.00340289, -0.00160068, 
1, 51291.5, -30.0876, -20.6876, 28.6959, -0.00436752, -0.00389319, 0.00522155, 
2, 73779.3, -6.23776, -4.0912, 0.649195, -0.00210894, -0.000774378, 0.00120214, 
3, 9731.99, -5.72748, 24.0519, 22.3464, -0.000697376, 0.00359996, 0.000906076, 
4, 104587, -0.662832, 3.60585, -0.922249, -0.00219894, 0.0071186, -0.0018605, 
5, 42215, -0.861012, 4.46597, -0.0942396, 0.00237053, -0.000874111, 0.00433749, 
6, 57220.4, 24.603, 16.6815, -27.0907, 0.00326871, 0.00438515, -0.00316844, 
7, 44855.5, -3.01046, 5.59095, 3.35525, 0.00412708, -0.00344203, -0.0025439, 
8, 276797, 1.14896, 8.26313, -4.04275, 0.00228282, 0.000687448, -0.00207881, 
9, 2643.18, 2.63531, 0.873386, -3.34833, -0.00360026, 0.00263095, -0.0031414, 
10, 33961.7, 8.97348, -15.8848, -7.42446, -0.000539163, -0.000317743, 0.00102667, 
11, 8691.35, -8.62405, 46.5712, -38.0293, -0.00041494, 0.0061884, -0.0060277, 
12, 141682, 2.78892, 1.16448, -0.0791573, -0.0060523, 0.00463832, -0.00224582, 
13, 288611, -16.2127, -12.061, -1.59331, -0.000160754, -0.00148406, 0.00107531, 
14, 512847, -1.81021, -0.305491, 2.2332, 0.000310085, 0.000467082, -0.000128427, 
15, 15651.7, 0.970267, 9.68529, -3.3337, 0.00263963, 0.00558039, -0.00285948, 
16, 182451, 18.0298, -15.4004, 40.0452, 0.00363327, -0.0017571, 0.00463723, 
17, 62197.8, -15.814, -10.6067, 3.479, -0.00105416, 0.00109149, -0.000963769, 
18, 185440, -17.0262, -15.3993, 4.24664, 0.000749897, -0.00209898, 0.00012735, 
19, 36701.4, 24.8246, 37.9291, -35.5267, 0.00402748, 0.0056338, -0.00544099, 
20, 106936, -51.3666, -29.8473, 14.9171, -0.00776912, -0.00462455, 0.00222168, 
21, 161838, -1.07006, 0.605904, 1.715, 0.00397729, 0.00676578, -0.00570549, 
22, 144875, -1.23463, 1.70684, -0.891958, 0.00275077, 0.00916248, 0.00158215, 
23, 100936, 4.07626, 21.7375, 11.0561, -0.000530236, 0.000926356, -0.001061, 
24, 95186.1, 33.6276, 30.7775, 29.1693, 0.00520854, 0.00369367, 0.00367806, 
25, 151808, 24.5361, -20.9073, 41.1666, 0.0045241, -0.00260857, 0.00600172, 
26, 118354, 1.58033, -3.05201, -0.109924, 0.00156927, -0.00103151, 0.00630032, 
27, 149234, -0.0665596, -6.23833, -2.69893, -0.00254334, -0.000476266, 0.000200489, 
28, 9985.68, 9.66574, 4.28325, -0.932663, 0.00260031, 0.00325081, -0.0011022, 
29, 180895, -0.286269, -3.80825, 3.87297, -0.00616606, -0.00546763, -0.00411404, 
30, 486.041, 9.68768, 8.09277, -2.20148, -0.000533389, -0.00340551, 0.00342509, 
31, 70262.9, 1.59296, 8.93712, -0.38354, -0.000288415, 0.00426469, -0.00190126, 
32, 45902.1, -4.52328, 7.44877, -2.27533, -0.00278212, 0.00564995, -0.00136082, 
33, 24444.7, -5.07183, 3.34583, 4.18516, -0.00454979, 0.00634206, -0.00116671, 
34, 65679.9, 1.55048, -7.24111, -0.838669, -0.000639002, -0.00654928, 0.00107213, 
35, 3309.29, -15.5059, -22.2528, -6.85346, 0.000792506, -0.00436493, -0.000560454, 
36, 8280.38, -35.909, 35.673, -14.3828, -0.00463712, 0.00511941, -0.00314087, 
37, 94538.9, 2.89804, -1.13332, -6.06836, 0.00130982, -0.00248621, -0.000122955, 
38, 30213.7, 48.0875, -13.1959, -11.4664, 0.00841171, -0.000993615, -7.94709e-05, 
39, 53471.9, -7.48317, 4.07749, -10.5798, 0.00187314, 0.00293037, 0.00229847, 
40, 43100.3, -17.0107, 21.8796, -21.2223, -0.00122956, 0.00211046, -0.00265776, 
41, 44746.6, 12.9015, 30.5973, 8.3568, 0.00147263, 0.00341103, -0.00104763, 
42, 34053.9, 1.45442, 18.3016, 33.7711, -0.000379681, 0.00299453, 0.00421666, 
43, 54380.2, -2.0885, 5.01134, 2.12252, 0.00421861, -0.00571135, -0.00482033, 
44, 38723.2, 19.9661, -5.46712, -25.9929, 0.00174717, -0.000140763, -0.00346887, 
45, 2321.23, -15.6766, -10.4895, 0.441162, 0.00161419, -0.00282265, 0.000350141, 
46, 241169, 12.2041, 1.33158, 0.44338, -0.00165849, -0.00233835, 0.00126933, 
47, 344827, -1.89627, 4.18804, 2.45681, 0.00482782, -0.003911, -0.00392464, 
48, 39271.1, 3.35582, -4.06229, 1.94289, -0.00634173, -0.000445086, -0.00215768, 
49, 19687.8, -41.5443, 36.7932, -15.5234, -0.00650394, 0.00610551, -0.0034914, 
50, 61216.8, 9.49548, -8.79684, 4.82774, -0.00116802, 0.00182852, 0.00231423, 
51, 19182.2, -31.4053, 43.2771, -26.7345, -0.00447514, 0.00691396, -0.0048479, 
52, 12420.5, -3.73808, -0.653315, 0.107908, -0.00115091, 0.00108996, 0.00801539, 
53, 85447.4, -52.2907, -4.9773, -23.2041, -0.00766501, -0.000785406, -0.00314056, 
54, 361436, -0.697676, -0.200155, 1.80999, 0.00105897, -0.00306486, -0.00872627, 
55, 158926, 16.3757, 8.40164, -25.8059, 0.00235833, 0.00100558, -0.00205289, 
56, 49282.6, -21.3183, 34.8313, -35.5702, -0.00190075, 0.00505709, -0.00617027, 
57, 218355, 1.18544, 0.420317, 3.32086, -0.00193654, -0.00148107, 0.00301854, 
58, 22371.5, 48.6013, -14.7437, -10.4816, 0.00870267, -0.00175717, -0.000933404, 
59, 55919.9, -15.1259, 26.1615, -33.2884, -0.000472652, 0.0023336, -0.0040666, 
60, 21598.8, 3.57397, -4.5666, -5.39671, -0.00104857, -0.000894126, -0.000857, 
61, 398.952, -2.79415, 8.69294, -1.09639, -0.00142568, 0.00433923, -0.00227458, 
62, 1108.92, 3.0278, -5.87535, 37.9166, 0.000809055, -0.000447568, 0.00406341, 
63, 108555, -2.15503, -5.5583, 1.32201, 0.00704376, -0.00167182, 0.00296748, 
64, 244863, 11.4739, -4.88254, 23.3587, 0.000505721, -0.000248149, 0.000804466, 
65, 220694, -20.3901, 33.5796, -28.7396, -0.00177922, 0.00476267, -0.00429814, 
66, 61700, -5.09553, 46.4687, 21.9423, 3.7518e-05, 0.00638536, 0.00275636, 
67, 55388.9, -28.5127, 8.71157, 22.0409, -0.00449906, 0.00118554, 0.00351177, 
68, 211156, -2.73206, 0.532183, 2.98573, 0.00262657, 0.00283322, 0.00463482, 
69, 12720.6, -1.61107, -11.2448, 2.64508, 0.000516128, 0.00360055, -0.00170495, 
70, 25096, 5.04212, 6.10581, 3.50581, 0.000681241, 0.00710384, 0.00450808, 
71, 179870, 6.22423, 7.72654, -0.661533, -0.00142669, -0.00462835, 0.00344525, 
72, 79123.8, -45.3125, -12.6934, -2.44909, -0.00486556, -0.00140783, -0.000548204, 
73, 110870, 3.56103, 4.72306, -3.87075, -8.92335e-05, 0.00369292, 0.000984441, 
74, 43359.1, 19.1615, 25.8441, 19.3272, 0.00144709, 0.00474464, 0.000847551, 
75, 140124, 0.46076, 7.59184, -0.397718, -0.00130662, -0.00205322, -0.00310478, 
76, 229268, -14.2756, 22.4728, -25.7555, -0.00096155, 0.00191516, -0.00230245, 
77, 302149, 3.18924, -2.83335, -2.91941, 0.00219367, -0.00311818, -9.91887e-05, 
78, 100708, -15.9098, -12.3125, -0.540663, 0.00336443, -0.00155142, 0.00177351, 
79, 46633.4, -5.47236, -2.37936, 1.96001, -0.00176715, -0.00117827, 0.0055002, 
80, 143926, 5.88689, -0.719393, -0.694704, 0.00368246, 0.00585782, -0.00223983, 
81, 270.261, -39.5241, 7.06231, 17.4527, -0.00422568, 0.00059267, 0.00161622, 
82, 159650, -5.03356, 4.64866, 0.838646, 0.0013501, 0.000970847, 0.00364545, 
83, 24756, 3.65098, -6.92787, -0.0232866, -0.00479005, -0.000635439, 0.00019954, 
84, 18375.3, 0.0909581, -4.22174, 3.24011, -0.00702715, 0.00421624, -0.000298954, 
85, 491877, 40.452, -13.9549, -15.6672, 0.00607275, -0.00143569, -0.001767, 
86, 194807, -1.90894, 1.6742, -0.0480087, -0.000738014, -0.00136511, 0.00279357, 
87, 8649.23, 14.8305, 9.93439, 5.74867, -0.000807955, 0.00233683, -0.000979847, 
88, 138901, -4.10552, -8.49795, 11.2873, -0.00240316, 0.000392804, -0.00209752, 
89, 50202.9, 8.46474, -6.51424, 1.65069, -0.00170482, 7.95119e-05, -0.00296553, 
90, 98321.9, 3.76344, 9.31905, -6.85229, 0.00144715, 0.00407255, -0.00402704, 
91, 384069, 0.193573, 2.29621, 4.16255, -0.000360033, -0.00179992, 0.0066305, 
92, 81279.9, -10.5309, -12.5272, -1.61485, -0.000798941, 0.0013983, -0.00142793, 
93, 91375.2, -0.851671, 2.66268, 1.54362, 0.00486776, 0.00118162, -0.00291304, 
94, 5476.7, -12.0564, -18.7847, 8.15341, -0.000293086, -0.00188073, 0.000839269, 
95, 33452.5, 0.0781709, -4.27502, 0.472327, -0.00561813, -0.0064561, -0.00169413, 
96, 25752.1, -34.9863, -10.7496, -10.0624, -0.00642565, -0.00249933, -0.00219303, 
97, 200797, -1.38463, -0.323273, 4.19938, -0.000309213, -0.0053583, -0.00181229, 
98, 298981, 4.33546, 3.18781, -3.01031, -0.000592457, -0.0023316, 0.000417697, 
99, 93146, -8.04555, 4.94434, -0.753967, -0.00141966, 0.00351528, -0.000935184, 
100, 8612.85, -16.6576, 11.9004, -17.4211, -0.000157321, 0.000630357, -0.000862883, 
101, 24343.5, -2.4886, 8.50128, 1.83692, 0.0013942, -0.00654096, -0.00283401, 
102, 10296.7, -6.69201, 16.2439, -8.95769, 0.000507154, -0.00139589, 0.00177637, 
103, 15719.8, -9.09124, -2.09459, 19.5074, 0.000529361, 0.00175203, -0.000895834, 
104, 230040, 2.59393, -4.95499, 5.40833, 0.00181304, 0.000342701, 0.00372066, 
105, 17846.1, 8.46951, 0.792156, -1.17587, 0.00398918, 0.00591424, -0.00278586, 
106, 22216.6, -7.94258, -4.866, 0.998117, -0.0056401, -0.00166183, 0.00173698, 
107, 98486.7, 0.907425, 15.9025, 16.0714, 0.000692201, 0.00134346, -0.0016766, 
108, 214214, -42.3275, -0.0559428, -33.7834, -0.00666632, 7.96573e-05, -0.00549083, 
109, 131614, 1.04987, 2.47377, 4.9625, 0.00191106, 0.000818922, -0.00365016, 
110, 160023, -2.82808, -0.358156, 3.25511, 0.00311887, 0.00612766, 0.00230481, 
111, 115735, -2.44525, 6.92548, -1.41946, 0.00119417, -0.00129972, 0.00253372, 
112, 378585, 23.8078, 7.28872, -33.696, 0.00303264, 0.00196867, -0.00438691, 
113, 83295.8, -26.8717, 7.09667, -3.24038, -0.00116147, 0.00137106, 0.00054833, 
114, 148827, 10.8566, 3.85126, 1.93317, 0.00422627, -0.000527025, 0.00082052, 
115, 285284, -2.8305, -26.0414, 41.2045, -5.86373e-05, -0.00423691, 0.00586954, 
116, 515864, -0.438873, 2.78055, 3.23079, 0.00114354, -0.00198132, -0.0031177, 
117, 88363.5, 5.85483, -10.9747, 19.5825, -0.000805525, -0.00184106, 0.000327051, 
118, 155064, 19.1235, 11.7364, 2.87633, 0.0019927, 0.00279013, -0.00253988, 
119, 18098.3, -5.38934, 4.13557, -0.662018, -0.00141276, 0.00484925, 0.00109857, 
120, 34391.6, 42.9229, -19.9953, -9.7835, 0.00654455, -0.00208913, -0.000144404, 
121, 78154, 3.91751, 9.92627, -1.02414, -0.000993752, 0.00369171, -0.00246004, 
122, 10497, -1.41521, -1.22671, 2.39701, 0.00648095, -0.00181988, -0.00235037, 
123, 59058.1, -3.82415, 19.5909, 5.95757, 0.000859862, -0.000583199, 0.00117985, 
124, 5646.35, -6.93352, -1.63741, -2.18218, -0.000759288, 0.00472077, -7.01671e-05, 
125, 103346, -4.01319, 1.64533, -1.10893, -0.00165728, 0.00156876, 0.00251522, 
126, 64702.5, -50.6506, 0.340009, 16.5265, -0.00740439, 7.01996e-05, 0.00316984, 
127, 199056, -0.956692, -0.924825, 5.87385, 0.00275138, -0.000422119, -0.0005774, 
128, 192649, -0.441175, 4.75603, -2.71787, 0.00288942, 0.0032942, 0.00104013, 
129, 1707.71, -0.807092, 1.41274, 8.52175, -3.03583e-05, -0.00530373, 0.00340428, 
130, 19869.9, -2.33742, 3.03206, 2.81357, 0.00376307, -0.000699188, -0.00246625, 
131, 143979, 0.328938, 1.15299, 1.38263, -0.00584956, -0.00108243, 0.00691784, 
132, 37850.6, -58.413, 29.0675, -15.9579, -0.0097612, 0.00440839, -0.00231385, 
133, 50031.5, 0.545263, 0.901902, 1.75951, 0.000450827, -0.00175097, -0.00222759, 
134, 369068, -20.9313, 2.08363, -8.91166, 0.000853104, 0.000343003, 9.70904e-06, 
135, 3806.98, -1.24449, -17.1619, -0.0335592, -0.000923726, 0.000580164, -0.000690067, 
136, 64591.7, 8.10546, -9.5061, -2.05904, -0.00136892, -0.00018243, 0.00401637, 
137, 1688.15, -5.77013, -18.0127, 8.0651, 0.00218447, -0.0026991, 0.00138632, 
138, 439943, 1.93003, 6.86206, 2.15708, -0.00286369, 0.00341289, -0.00336588, 
139, 72054.1, -3.96234, 2.06573, 5.02473, -0.00146099, -0.00725939, 0.00185688, 
140, 10511.3, -3.97014, -17.4416, 24.9763, -0.000333274, -0.00226371, 0.00167765, 
141, 28560.6, 4.33829, -3.71662, -0.290708, -0.00216241, -0.00707291, -0.00025939, 
142, 92270.6, 4.80397, -1.30813, 1.82847, 0.00196153, -0.00628463, 0.000255892, 
143, 57507.6, -40.8216, 12.9882, 25.0524, -0.00567598, 0.00191397, 0.00351513, 
144, 106955, -5.94111, -3.66516, 17.0177, 0.00184077, 0.000441753, -0.0013741, 
145, 53021.1, -0.799866, -3.84817, -0.854752, 0.00234225, -0.00106828, 0.00248968, 
146, 127593, -6.0189, 3.18924, -0.554299, -0.00536356, -0.00397483, 0.0021779, 
147, 31386.3, 0.41146, 1.4189, 3.77985, 0.00287785, -0.00441268, 0.00232888, 
148, 89613.6, -4.35534, 12.815, -17.266, 0.0020582, -0.00176663, -0.00186637, 
149, 251415, 13.4153, -2.41904, 20.064, 0.000429396, -6.93141e-05, -0.000845556, 
150, 55890.6, 0.400183, -12.7453, 0.762199, 0.00492928, -0.00107294, 0.000448582, 
151, 174949, 1.47248, 5.86428, 2.80077, -0.00348109, 0.00424589, 0.00357772, 
152, 66072.8, 9.89699, -8.29383, 12.0638, -0.00129935, 0.00161101, 0.000473732, 
153, 19075.8, -2.82095, -5.00673, 11.826, -0.00197947, -0.00163548, 0.00505568, 
154, 47261.5, 7.0268, 3.85137, 3.01571, 0.00444978, 0.00459515, -0.00261565, 
155, 102102, -5.03359, 1.13921, 1.09154, -0.000107169, -0.000796409, 0.00138526, 
156, 5375.03, -5.33839, 0.624686, 1.01865, -0.00612182, -0.00301201, 0.0052129, 
157, 3761.7, 4.08652, -3.44358, -0.0626065, -0.00485318, -5.24049e-05, 0.00596978, 
158, 7652.65, 2.83259, 4.07922, 9.92727, -6.94252e-05, -0.00311655, -0.00331208, 
159, 47070.1, -4.07016, -0.208422, 3.91209, -0.000941369, -0.00349272, -0.00367455, 
160, 17972.9, 3.19433, 1.2104, 3.10936, -0.00403857, 0.000474085, -0.00288991, 
161, 218629, -1.90902, -5.46384, 4.60104, 0.000203806, 0.00624533, -0.00329856, 
162, 138887, 1.27331, -2.99032, 3.06748, -0.000495096, -0.000546209, 0.00515753, 
163, 33277.3, 12.0073, -11.6004, 1.02923, -0.000424623, -0.00151728, 0.00341442, 
164, 167891, 2.76981, 2.08042, 4.77861, -0.00150619, -0.00167853, 0.00448609, 
165, 62570.5, -3.10147, -48.0379, -11.5587, 0.000215167, -0.00705364, -0.0017914, 
166, 38130.4, 9.70055, 42.5001, 23.3184, 0.00212259, 0.0054343, 0.00276414, 
167, 22403.8, 7.00796, -18.2961, 36.4321, 0.00142865, -0.00284494, 0.00384578, 
168, 1479.59, 23.5817, 13.9566, -35.603, 0.00384219, 0.00261246, -0.00492694, 
169, 20399.9, 1.53146, -29.3605, 38.3442, 0.00013506, -0.00527122, 0.00481212, 
170, 115854, -1.1618, -0.419708, 2.72485, 0.00676437, 0.00193246, -0.00516614, 
171, 27762.9, -1.52152, 4.52575, 1.48345, 0.00351489, 0.00503129, 0.000779821, 
172, 250928, 6.39643, 3.23217, -7.59937, -0.000126423, -0.00056019, -0.00117786, 
173, 74469.2, -37.2278, 22.7666, -10.7116, -0.00506843, 0.00485112, -0.00170962, 
174, 143481, -46.7078, 32.3172, -21.3758, -0.00710432, 0.00514799, -0.00374206, 
175, 27145.1, -3.76087, 0.265468, 2.02518, 0.00187533, 0.000525187, 0.00561317, 
176, 32620.6, 9.69684, 3.05135, 7.40281, -0.000900893, -0.00255115, -0.00251753, 
177, 52575.7, 0.190629, -28.842, 50.2716, -4.3907e-05, -0.00481622, 0.0084105, 
178, 19746.4, -0.993526, 0.347374, 1.78959, 0.00417607, 0.00990122, -0.00308659, 
179, 33623.1, -20.736, 4.787, -3.69485, 0.000135933, 0.00102681, 0.0018287, 
180, 50349.8, -41.5502, -27.3278, -21.761, -0.00587969, -0.00393024, -0.00299208, 
181, 89376.8, -7.85275, 4.48052, -0.296824, 0.00652876, 0.00088555, 0.00348694, 
182, 42160.2, 1.64216, -0.661697, 47.0871, 1.3879e-05, -5.89995e-05, 0.00714132, 
183, 100544, -23.617, -14.499, -0.422229, -0.00117002, -0.00175854, 0.00121854, 
184, 1446.88, 3.04198, 4.01354, -4.44981, -0.00234427, 0.00159261, -0.00284653, 
185, 119694, 1.93554, -4.76196, 3.62323, -0.00307534, -0.00546679, 0.00312624, 
186, 120999, 5.59454, -3.39393, 4.95778, 0.00504351, 0.000213776, 0.000482597, 
187, 52698.3, -7.31689, -2.7081, 0.0893694, -0.00508278, -0.000218797, 0.00178426, 
188, 105467, 8.42868, -4.37925, 1.75381, -0.00261901, 0.00180291, 0.00353929, 
189, 99748.4, -5.51488, -31.378, 17.2682, -0.00100174, -0.00372038, 0.00180299, 
190, 77133, -1.63388, 0.454003, 5.43787, 0.00328252, 0.00024459, 0.00421264, 
191, 178804, 1.84648, -6.94751, 1.19281, 0.00304418, -0.00100022, 0.00319226, 
192, 8685.6, -0.444839, 2.21277, -2.75294, -0.00270484, -0.00129305, -0.00552762, 
193, 256954, 12.7151, 8.70816, 22.8863, 0.00309564, -0.00110951, 0.00285071, 
194, 53540.6, 9.05209, -1.5703, 6.43066, -0.0023562, 0.00274644, -4.48338e-05, 
195, 220652, -3.02533, 3.02532, 5.7277, -0.00261298, -0.00224183, -0.00330546, 
196, 10258.1, -0.324338, 5.87687, -0.36711, -0.00833807, 0.00267771, -0.00204708, 
197, 6083.3, -18.1389, -10.9289, 19.4093, -0.0021169, 4.01555e-05, 0.000759641, 
198, 127562, 9.39018, 13.9334, -3.96161, -0.000384243, -0.00170055, 0.00100772, 
199, 34766.2, -7.54406, -0.112202, -6.18536, 0.0049578, 0.000609731, 0.00152513, 
