ID, Mass [kg], pos_0 [m], pos_1 [m], pos_2 [m], vel_0 [m/s], vel_1 [m/s], vel_2 [m/s], 
0, 5682.38, -3.12711, -3.21362, 2.00001, 0.00802764, -0.00295272, -0.00937639, 
1, 51291.5, 9.22712, 14.931, -10.1676, -0.00272622, -0.00267042, 0.00230688, 
2, 73779.3, -2.13609, -3.67186, 4.44549, -0.00305936, 0.00210057, -0.00366606, 
3, 9731.99, -5.53658, 1.55807, -8.49962, 0.0069846, -0.00795357, 0.0027654, 
4, 104587, 1.04723, 3.66159, 0.0615667, -0.00335137, -0.00362387, 0.00160555, 
5, 42215, -6.31788, -0.534303, -5.47201, 0.0060043, 0.00373665, 0.00408547, 
6, 57220.4, -11.4889, 10.793, 5.53911, 0.00691086, -0.00634577, -0.00200941, 
7, 44855.5, -0.0630879, 1.2317, -3.87339, 6.30561e-05, 0.000607595, 0.00385186, 
8, 276797, -6.50389, 7.13409, -7.48688, 0.00328976, 0.000807939, 0.00734316, 
9, 2643.18, -3.3206, 0.105938, -4.05907, 0.000144441, 0.0011739, 0.00402208, 
10, 33961.7, -9.11171, 5.7645, 6.10084, -0.00240578, -0.00364821, -0.00235, 
11, 8691.35, 4.64526, -10.6108, 3.61524, -0.00550611, 0.00356425, 9.2915e-05, 
12, 141682, -1.72411, -1.21334, 1.37461, -0.00525217, 0.00359531, -4.29085e-05, 
13, 288611, -6.17905, -2.45074, 0.130776, 0.0074027, 0.00155378, -9.70368e-05, 
14, 512847, -9.21888, 7.94633, 8.12744, 0.00463655, -0.00468817, -0.00697551, 
15, 15651.7, -1.41929, -1.92974, 1.45033, 0.00334099, 0.00725309, 0.000344984, 
16, 182451, -0.263359, 9.14476, -11.1098, -0.00204318, -0.0036645, 0.00433454, 
17, 62197.8, -5.55551, 7.40681, -3.56872, 0.00427633, 0.0036264, 0.00301772, 
18, 185440, -2.84385, -4.12063, 2.63451, 0.00575389, 0.00219318, 0.00827389, 
19, 36701.4, -11.8191, -7.7174, 10.8155, 0.00345913, 0.00299344, -0.00357722, 
20, 106936, 9.45239, 11.9096, -2.24019, -0.00398443, -0.00378532, 0.000972564, 
21, 161838, -1.13283, -2.89805, 3.15677, -0.00196315, -0.00318185, 0.00411272, 
22, 144875, 0.62765, -4.40222, 4.51625, -0.00447007, 0.00683179, -0.00958992, 
23, 100936, -6.70746, 4.19574, -6.38289, 0.00180631, -0.00651513, 0.00384952, 
24, 95186.1, -7.4373, -8.38639, -9.84529, 0.00139839, 0.00403005, 0.00534404, 
25, 151808, -2.2579, 12.2398, -11.1221, -0.00203584, -0.0034207, 0.00395586, 
26, 118354, -7.55449, 4.31947, -7.49357, 0.000664843, 0.00106763, 0.0067998, 
27, 149234, -5.8502, -2.93062, -2.65964, 0.00105484, 0.00502488, 0.00443009, 
28, 9985.68, -5.56081, 1.3317, 1.34533, 0.00618744, -0.00163307, -0.000206809, 
29, 180895, 0.655006, -4.35487, 4.79561, -0.00825571, -0.000291355, -0.00709438, 
30, 486.041, 3.57686, -7.18673, 4.40333, -0.00663562, 0.00265071, -0.000405669, 
31, 70262.9, -2.1739, -7.48894, -4.42536, -0.0011915, 0.00602603, 0.00424335, 
32, 45902.1, -2.03291, 0.279898, -3.25465, -0.000215432, 0.00349216, 0.00591212, 
33, 24444.7, 1.28228, -0.888478, -3.20843, -0.00113792, -0.00120255, 0.00502256, 
34, 65679.9, -10.1614, 1.511, 5.21094, 0.00578633, 0.00183672, -0.00452263, 
35, 3309.29, -7.01326, -2.48666, 1.69628, 0.00738698, 0.00208447, 0.000200223, 
36, 8280.38, 10.1369, -8.52788, -2.99732, -0.00427465, 0.00259725, 0.00201023, 
37, 94538.9, -1.54018, -2.09031, 4.3005, 0.00433716, 0.00711977, 0.00134187, 
38, 30213.7, -6.57064, 3.61417, 5.81939, -0.00292175, -0.00132891, -0.00129682, 
39, 53471.9, 1.21744, 10.4505, -1.29311, -0.00323656, -0.00561128, 0.00602235, 
40, 43100.3, 10.3565, -5.36258, 8.57489, -0.00592493, 0.000625625, -0.00232247, 
41, 44746.6, -7.55505, 4.42354, -6.86672, 0.00490858, -0.00760247, -0.00068765, 
42, 34053.9, -7.23632, 3.30969, -4.71981, 0.00376111, -0.00430395, -0.00410293, 
43, 54380.2, 2.41105, -1.00944, -3.52343, -0.00343078, -0.000765346, 0.00721927, 
44, 38723.2, -8.13618, 7.38892, 4.92048, -0.00103286, 0.000447643, -0.0048308, 
45, 2321.23, -6.40109, -1.45193, -1.8407, 0.00762669, 0.00146883, 0.00210029, 
46, 241169, 1.95848, 8.24954, -2.13246, -0.00192657, -0.00591871, 0.00249925, 
47, 344827, 2.08091, -0.494091, -4.33822, -0.00418912, 0.000585522, 0.00531058, 
48, 39271.1, 1.37026, 1.90653, 3.45285, -0.00313491, -0.0060023, -0.00521297, 
49, 19687.8, 12.1671, -10.7868, -1.58539, -0.00401797, 0.00267625, 0.00131142, 
50, 61216.8, -3.7107, -3.66819, 4.88494, -0.0073324, 0.00689292, 0.00282711, 
51, 19182.2, 8.45731, -4.94374, 7.93578, -0.00523755, -0.000633872, 0.000977473, 
52, 12420.5, -1.27878, -4.04997, 2.75655, -0.00456509, -0.00364257, -0.00432375, 
53, 85447.4, 9.88636, 5.30135, 10.1232, -0.00448078, -0.00214858, -0.00244844, 
54, 361436, -6.53018, 5.42331, 5.4614, 0.000892526, -0.00278751, -0.00198569, 
55, 158926, -6.93676, 5.3582, 6.93607, 0.00340809, -0.00393138, 0.00356508, 
56, 49282.6, 8.60386, -4.82872, 7.52893, -0.00402725, -0.000181761, -0.00184904, 
57, 218355, 2.88185, 4.41277, 5.47517, -0.00250357, -0.00404017, -0.00394003, 
58, 22371.5, -11.8326, 8.0928, 8.25175, 0.00205479, -0.00201945, 3.40832e-05, 
59, 55919.9, 4.86883, -8.94779, 4.04159, -0.00382124, 0.00516577, -0.00105844, 
60, 21598.8, 2.00686, -6.82821, 4.97568, -0.00243165, 0.00521498, -0.00782738, 
61, 398.952, -0.883038, -3.42135, 1.57809, 0.00120491, 0.00731387, 0.00222305, 
62, 1108.92, -7.58599, 9.01788, -6.30645, 0.0035817, -0.00152129, 0.000171797, 
63, 108555, -5.26391, -3.70958, 0.664588, 0.00990907, 6.63378e-05, 0.00230187, 
64, 244863, -6.14947, 3.32566, -10.0805, 0.00258272, -0.00244565, 0.00330864, 
65, 220694, 9.51713, -6.10043, 8.08102, -0.00487563, 0.00188224, -0.00170486, 
66, 61700, 2.66162, -9.74549, -8.98556, -0.00228998, 0.00349413, 0.00381785, 
67, 55388.9, 14.2126, -6.99166, -12.3555, -0.00288951, 0.00150051, 0.00231698, 
68, 211156, -1.32951, -2.34289, 2.61587, 0.00620974, 0.00394438, -0.00309118, 
69, 12720.6, -8.7543, -2.27803, -6.49888, 0.00451566, 0.004758, 0.00152586, 
70, 25096, -6.92201, 0.276541, 5.16241, 0.00388763, -0.000119266, -0.00517362, 
71, 179870, -1.58118, -2.48965, 2.53288, -0.00201968, -0.00736122, 0.0039881, 
72, 79123.8, 8.44248, 6.95381, -0.794287, -0.00522852, -0.00329223, 0.00100663, 
73, 110870, -7.75682, 5.73099, 6.72961, 0.00532961, -0.00357363, -0.00468277, 
74, 43359.1, -11.0399, 0.0669115, -7.5207, 0.0028369, -0.00797174, 0.0074944, 
75, 140124, -1.15467, -4.60171, 2.28572, 0.0059133, -0.00033619, -0.00585649, 
76, 229268, 5.57816, -9.08338, 3.48695, -0.00494182, 0.00511896, 0.000255206, 
77, 302149, -9.64715, -0.155438, 8.61909, 0.00510836, 0.00136508, -0.00427343, 
78, 100708, -1.14705, -3.18762, 3.39843, 0.0126484, 0.00479765, 0.000876078, 
79, 46633.4, -1.47225, -4.12194, 2.79156, 0.00167761, 0.00657447, 0.00135222, 
80, 143926, -1.85055, -3.33648, 3.74915, 0.00768655, -0.00222192, -0.00715196, 
81, 270.261, 7.71752, -0.524802, -8.24869, -0.00409371, 0.000767542, 0.00478335, 
82, 159650, -3.5931, -3.54253, 1.89065, -0.0030177, 0.0103084, -0.0029622, 
83, 24756, 2.95879, 6.07792, 5.92226, -0.00296014, -0.00472495, -0.00678716, 
84, 18375.3, -2.74527, -7.03348, 2.27863, -0.0069622, 0.000950761, -0.00240685, 
85, 491877, -10.2148, 7.09968, 8.69293, 0.000634049, -0.000703931, -0.00106322, 
86, 194807, -8.2628, 4.84616, 5.48397, -0.00044763, -0.00357653, -0.00531929, 
87, 8649.23, -9.05499, 3.30549, -6.29737, -0.00653843, -0.00304202, 0.000796155, 
88, 138901, -4.2564, -4.44333, 1.69258, -0.0091979, 0.00416846, -0.0068791, 
89, 50202.9, 2.07518, 4.79612, 3.66659, -0.00375056, -0.00414226, -0.000545003, 
90, 98321.9, -2.36914, -5.55169, 5.46937, -0.0036519, 0.00317871, -0.00347997, 
91, 384069, -3.54409, -4.2738, 2.07266, -0.00306563, 0.00778762, -0.00767297, 
92, 81279.9, -7.97826, 0.551798, -6.1842, 0.00674483, 0.00708734, 0.00279569, 
93, 91375.2, 2.02574, 0.738218, -5.17187, -0.00463893, 0.00273159, 0.00172521, 
94, 5476.7, -1.45749, -3.49773, 2.18157, 0.0081076, 0.0136414, -0.00290258, 
95, 33452.5, -1.2619, -1.52795, 2.97166, -0.00230225, -0.00584181, -0.00972929, 
96, 25752.1, 15.1683, 13.6602, 12.7695, -0.00243267, -0.00263174, -0.00206125, 
97, 200797, 4.29827, -0.198297, -4.82396, -0.00761159, 0.00062947, 0.00269433, 
98, 298981, -1.14797, -4.10596, 5.1897, -0.000129154, 0.0056, -0.00221822, 
99, 93146, 1.6539, 7.66803, -1.20547, -0.00330443, -0.0084754, 0.00353404, 
100, 8612.85, 8.03173, -7.49861, 6.28699, -0.00465042, 0.00422517, -0.00139941, 
101, 24343.5, -6.52999, 2.8254, -1.82939, 0.000514668, -0.00395288, -0.000503348, 
102, 10296.7, 1.52892, -5.36819, 6.75375, -0.00633482, 0.00564166, -0.00626401, 
103, 15719.8, -7.36493, 8.07642, -4.70382, 0.00564446, 0.00105265, 0.000672372, 
104, 230040, -8.64924, 3.56861, -7.90367, 0.00152359, -0.00634975, 0.00424771, 
105, 17846.1, -3.57859, -1.88277, 3.92424, 0.00599158, -0.00199976, -0.00455033, 
106, 22216.6, -2.54935, -3.59779, 4.42044, 0.000612151, 0.00093187, -0.0036436, 
107, 98486.7, -8.80463, 6.55791, -6.96905, 0.00503514, -0.00371618, 0.00146192, 
108, 214214, 10.6657, 6.89805, 9.99849, -0.00375171, -0.00076942, -0.000595177, 
109, 131614, -7.21626, -2.1741, -4.92458, 0.0059351, 0.00554487, 0.00331853, 
110, 160023, -0.915873, -2.10174, 3.58057, 0.00606069, 0.00495632, -0.00147601, 
111, 115735, -2.21083, -2.7225, 1.42574, -0.0019182, 0.00452614, 0.00044204, 
112, 378585, -11.0648, 10.4969, 5.24664, 0.00364741, -0.0054286, 0.00070802, 
113, 83295.8, 2.44578, 6.75584, 7.3387, -0.00157722, -0.00365586, -0.00344353, 
114, 148827, 7.19133, 4.31355, -2.10122, -0.00553314, -0.0011771, 0.00158689, 
115, 285284, -7.66772, 5.91388, -8.87114, 0.00249768, 0.00289494, -0.00090801, 
116, 515864, -3.73529, -5.38562, 3.38914, -0.001889, 0.0034473, 0.00131765, 
117, 88363.5, -7.23384, -6.37778, -7.7429, 0.00131436, 0.00510548, 0.0034599, 
118, 155064, -8.0564, 4.40133, -7.27307, -0.00814433, -0.00276078, 0.00325162, 
119, 18098.3, -2.38206, -3.64803, 1.56372, -0.00637837, 0.00399486, -0.00290053, 
120, 34391.6, -10.5058, 7.50362, 8.90803, 0.00144037, -6.11317e-05, 0.00352674, 
121, 78154, -2.24874, -5.66595, 0.722881, 0.00702527, 0.000400104, -1.25145e-05, 
122, 10497, 2.5586, 0.441989, -4.22494, -0.00589924, 0.00147802, 0.00135858, 
123, 59058.1, -1.4512, 0.413158, 1.80333, -0.00576758, -0.00417067, 0.0020846, 
124, 5646.35, -0.165361, -3.77245, 4.42508, -0.00365684, -0.00131172, -0.0109672, 
125, 103346, -8.48517, 7.76258, 5.26345, 0.00350056, -0.00431906, -0.00498595, 
126, 64702.5, 13.0313, 5.65009, 4.00633, -0.00355751, -0.00114696, -0.00434633, 
127, 199056, -0.283261, -5.52168, 1.85773, 0.00629403, 0.00438686, -0.00278594, 
128, 192649, -1.32122, -0.362303, -3.96328, -0.0020509, -0.000262432, 0.00430413, 
129, 1707.71, 2.13454, 4.20779, 3.41793, -0.00463441, -0.00575801, -0.00103009, 
130, 19869.9, -6.76188, 6.87875, 5.3295, 0.00613854, -0.00137276, -0.00709337, 
131, 143979, 0.778894, 6.69731, -0.925332, -0.00190757, -0.0012164, 0.000752306, 
132, 37850.6, 8.98647, -9.95841, 11.6965, -0.00239218, 0.00341113, -0.00370586, 
133, 50031.5, -10.5637, 7.32648, 8.39135, 0.00293434, -0.0100165, -0.0079692, 
134, 369068, 9.71537, 5.73152, 6.03039, -0.00423975, -0.00190002, -0.00249034, 
135, 3806.98, -6.44938, 0.673532, -7.06301, 0.00511673, 0.00813859, 0.00336293, 
136, 64591.7, -2.48478, -3.76431, 3.10382, -0.00972664, 0.00220872, 0.00668117, 
137, 1688.15, -3.08318, -5.0149, 3.26266, 0.01118, 0.00482576, 0.000529222, 
138, 439943, -8.20443, 1.611, -5.49583, 0.00269135, -0.00481509, 0.00607675, 
139, 72054.1, -0.960453, -3.74191, 1.98142, 0.00300949, 0.00622435, 0.00219907, 
140, 10511.3, -7.26585, 4.51733, -5.66933, 0.0029804, 0.00364647, 4.26472e-05, 
141, 28560.6, -8.45696, -3.37334, -6.51338, 0.00412465, 0.0049109, 0.00607614, 
142, 92270.6, -5.66089, -5.52866, -5.98949, 0.00144846, 0.00600498, 0.00514063, 
143, 57507.6, 10.6065, -1.03766, -10.6191, -0.00387281, 0.000440241, 0.00352204, 
144, 106955, 1.71788, 7.60896, -1.74534, -0.00171231, -0.00424259, -0.00407947, 
145, 53021.1, -3.23987, -2.37452, 4.65585, -0.00337171, 0.00301434, -0.00533698, 
146, 127593, -5.06649, 1.7527, 2.53356, 0.00267379, -0.00249348, -1.67529e-05, 
147, 31386.3, -0.0549996, -3.60188, 2.51215, 0.00606193, 0.00945747, -0.00247279, 
148, 89613.6, 0.450817, -6.21853, 0.0555506, -0.0046862, 0.0065361, 0.00527454, 
149, 251415, -7.11313, 5.34036, -9.51189, 0.00217531, -0.00156225, 0.00164811, 
150, 55890.6, -4.41363, -5.30928, 2.24541, 0.00866977, 9.48464e-06, -0.00359392, 
151, 174949, -7.08118, 2.26489, -7.56377, 0.00207006, -0.0036562, 0.0029881, 
152, 66072.8, -7.97668, 6.83453, 4.34354, 0.00127388, 0.000491762, -0.00743614, 
153, 19075.8, -1.78059, -9.56949, -3.88175, -0.000759993, 0.00517641, 0.00409411, 
154, 47261.5, -2.85478, -2.52702, 1.12076, 0.00152906, -0.00272867, 0.0052425, 
155, 102102, 0.000443108, -3.39297, 3.38199, 0.00295151, 0.00773066, -0.00234389, 
156, 5375.03, -3.66582, -4.51979, 4.37971, 0.00460128, 0.0109096, -0.00363918, 
157, 3761.7, -2.8759, -3.18083, 3.86843, -0.00706894, 0.000663703, 0.00709449, 
158, 7652.65, 2.72408, 5.09494, 5.89645, -0.00617865, -0.00173594, -0.00259908, 
159, 47070.1, -1.18788, -4.68485, 0.951067, 0.00414005, 0.00641646, -0.00456258, 
160, 17972.9, -7.798, 0.767598, -6.15314, -0.0027963, -0.00332475, 0.00900384, 
161, 218629, -7.16363, 1.72463, -6.18498, 0.00176443, 0.0046885, 0.00433126, 
162, 138887, -1.27339, -2.24895, 3.79365, -0.00383919, 0.0117222, -0.000300942, 
163, 33277.3, 2.56548, 0.153133, -4.74407, -0.00322649, 0.000237411, 0.0104583, 
164, 167891, -1.17433, -2.71112, 2.82821, -0.00489144, -0.00350807, -0.00909472, 
165, 62570.5, 1.12319, 14.3469, 0.678907, -0.00185939, -0.00382397, 0.00123739, 
166, 38130.4, -1.60981, -10.1843, -9.58706, -0.000921283, 0.00396671, 0.00432069, 
167, 22403.8, -7.45476, 2.98579, -5.47591, 0.000515932, 0.00293866, 0.000911309, 
168, 1479.59, -7.09392, 6.73494, 5.86775, 0.00141875, -0.00340419, 0.00494399, 
169, 20399.9, -8.40819, 2.27131, -11.8326, 0.00431723, 0.00207285, 0.00171967, 
170, 115854, -2.48153, -2.00918, 5.18469, -0.00112693, 0.00213716, -0.00448099, 
171, 27762.9, 0.533562, -6.81646, 4.95504, -0.00418577, 0.00545602, -0.00741286, 
172, 250928, 2.40844, 8.61032, -3.43831, -0.00217602, -0.00483014, -0.000272972, 
173, 74469.2, 11.4559, 3.01165, 7.23438, -0.0021321, -0.00532264, -0.00198965, 
174, 143481, 12.2125, -7.73226, 10.1249, -0.00418059, 0.00269217, -0.00337914, 
175, 27145.1, 0.0736838, -3.90173, 3.17502, 0.00198286, 0.00701154, 0.00108277, 
176, 32620.6, -0.502774, -1.41671, 4.1137, -0.00358516, -0.00460832, -0.00960216, 
177, 52575.7, -7.85826, 7.3402, -8.8814, -0.000260267, 0.0034668, 0.000179437, 
178, 19746.4, -1.28543, -6.65804, 7.46554, -0.00373768, 0.00247259, -0.00254066, 
179, 33623.1, 9.75794, 6.00828, 5.38411, -0.0086953, -0.000445509, -0.00197631, 
180, 50349.8, 8.32322, 6.49234, 8.91379, -0.00564623, -5.17802e-06, -0.00284005, 
181, 89376.8, 7.27816, 4.40437, 0.936662, -0.00546058, -0.0010151, 0.00131764, 
182, 42160.2, -7.7169, 3.48201, -6.91021, 0.00250837, -0.00219946, -0.00614269, 
183, 100544, -8.62337, 0.512513, -4.08052, 0.00380222, -0.00363835, 0.00745477, 
184, 1446.88, -2.90153, -6.23562, -3.41086, 0.000368782, 0.006333, 0.00390707, 
185, 119694, -7.24892, -1.27411, -4.36133, -0.000201314, 0.00385043, 0.00503395, 
186, 120999, -3.56591, -4.82831, 2.4962, 0.0107043, 0.00886416, 0.00234009, 
187, 52698.3, -2.70084, -4.74473, 3.59749, -0.00554279, 0.0022543, -0.00756139, 
188, 105467, 0.0755458, -3.89739, 0.750835, -0.00761379, 0.00290093, 0.00453544, 
189, 99748.4, -9.53401, 6.60729, -5.65986, 0.00274142, 0.00399413, 0.00255014, 
190, 77133, -2.82321, -4.56134, 2.78553, 0.00106898, 0.00421221, 0.00211488, 
191, 178804, -7.96563, 3.65802, -7.06213, 0.00535852, -0.0110108, 0.00529186, 
192, 8685.6, -1.88251, -4.2725, 2.95375, -0.00598835, -0.00357795, -0.000580325, 
193, 256954, -1.4609, -0.667866, 4.24138, -0.00332872, -0.00576529, -0.003401, 
194, 53540.6, -1.39328, -4.02865, 2.95832, -0.00719678, 0.0109371, 0.00571739, 
195, 220652, -8.10687, 3.42081, -6.71351, 0.00717307, -0.00108886, 0.00346316, 
196, 10258.1, 3.8669, 9.54735, -2.29567, -0.00627436, -0.00382518, 0.0021212, 
197, 6083.3, -9.63013, 6.50111, -6.20988, 0.00773197, 0.0016957, 0.00217139, 
198, 127562, -0.514234, -1.59835, 1.63113, -0.00495358, -0.00632405, -0.00320275, 
199, 34766.2, 10.8187, 7.03204, 7.91185, -0.00591603, -0.00310243, -0.00332852, 
