ID, Mass [kg], pos_0 [m], pos_1 [m], pos_2 [m], vel_0 [m/s], vel_1 [m/s], vel_2 [m/s], 
0, 94943.7, 16.4711, -0.5221, -18.8106, -5.95953e-05, -4.2753e-06, 8.09006e-05, 
1, 62676.1, 19.9897, 17.1659, 15.1384, -7.45735e-05, -5.06403e-05, -3.69486e-05, 
2, 129817, 8.54309, 0.12691, 12.8004, -0.000147459, -3.6005e-06, -0.000101188, 
3, 116722, -18.1797, -15.6214, -10.932, 9.75334e-05, 3.90003e-05, 5.23232e-05, 
4, 50768, 6.24942, -3.74578, -7.26345, -4.22585e-05, -1.37263e-05, 4.37613e-05, 
5, 151125, -10.4151, 16.9715, 10.5459, 5.77665e-05, -0.000147221, 2.21921e-05, 
6, 8210.88, -16.8364, 5.68226, -7.43289, 9.08536e-05, 6.79459e-05, 1.61056e-05, 
7, 64135.2, 15.3175, -11.0938, 10.7069, -9.90211e-05, 0.000115566, -4.37137e-05, 
8, 49086.3, 3.15379, 1.37449, 12.6692, -0.000108969, -2.21585e-05, -8.54833e-05, 
9, 179608, 13.411, 12.8499, 19.5286, -6.78819e-05, -4.23826e-05, -7.89372e-05, 
10, 140950, 12.2844, -10.6259, -6.67744, -8.2209e-05, 5.5732e-05, 2.93309e-05, 
11, 1383.39, 13.2124, 6.68941, 12.7278, -9.12376e-05, -3.07278e-05, -6.93651e-05, 
12, 250361, -0.750728, -10.4037, 12.7985, 7.09226e-06, 0.000102672, -8.02993e-05, 
13, 41751.1, -17.1925, 13.6434, 10.4854, 0.000111342, -8.45434e-05, -4.19264e-05, 
14, 18464.4, 15.2782, 9.65768, 3.52162, -8.78228e-05, -7.36237e-06, -1.90839e-05, 
15, 47062.8, -18.9233, -1.4205, 1.48943, 0.000145737, 5.98741e-05, 3.81261e-05, 
16, 93408.5, 8.98202, -4.79336, -12.6443, -5.84627e-05, 1.19585e-05, 4.82383e-05, 
17, 63985.3, 14.0493, -7.92591, 9.99155, -0.000104074, 0.000157912, -4.06448e-05, 
18, 495397, -6.19018, -19.7744, -15.0056, 9.65314e-08, 0.000118432, 8.87841e-05, 
19, 8175.9, 0.604681, 7.51904, 12.6461, -4.6735e-05, 7.06293e-06, -4.48548e-05, 
20, 133265, -16.9935, 19.9426, -11.3672, 4.1736e-05, -0.000152427, 4.87932e-05, 
21, 62915.9, -15.8915, -7.43272, -3.01175, 7.34338e-05, 3.70759e-05, 5.29853e-05, 
22, 26672.9, -1.78541, 8.87389, -3.8607, -1.18171e-05, -1.94568e-05, 6.86013e-05, 
23, 10031, 13.394, -8.31308, 7.89681, -7.10507e-05, 0.000139246, 6.71894e-05, 
24, 97630.6, -0.012307, -4.27172, 14.7051, 2.72434e-05, 5.86063e-05, -0.000145391, 
25, 3753, 5.73181, -14.7887, 7.24019, -2.62208e-05, 9.38075e-05, -4.7875e-05, 
26, 274293, -17.0195, 10.3755, -8.92632, 9.63e-05, 4.75075e-05, -4.85846e-05, 
27, 10704.8, 12.2404, -2.47173, 8.10566, 3.04094e-07, -0.000133662, 0.000133416, 
28, 54714.2, 3.45666, -11.4777, 16.7306, -4.13539e-05, 9.04298e-05, -0.000126239, 
29, 62041.6, 6.62561, -9.11149, 1.82052, -5.1658e-05, 4.35868e-05, 3.30178e-06, 
30, 83991.8, -16.3436, 8.02844, 11.1187, 0.00010983, -0.000207288, -0.000215991, 
31, 85336, -7.36044, 14.8049, -4.90158, 1.78705e-05, -7.85838e-05, 2.98327e-05, 
32, 6405.9, -0.399295, 5.2763, 7.15487, -5.07704e-05, -1.54973e-05, 1.66343e-05, 
33, 6024.27, -1.69719, -8.26571, 14.0913, 7.82346e-05, -1.12125e-05, -0.000168116, 
34, 37843.3, 18.7383, 13.289, 2.82829, -0.000118176, -4.08745e-05, -3.98419e-05, 
35, 113731, -10.5027, 11.7702, 14.8534, 8.28277e-05, 4.99232e-05, -9.21585e-05, 
36, 1721.18, -19.0644, 1.97306, -1.27762, 0.000132934, 2.78542e-05, 7.40695e-05, 
37, 497942, -13.487, 0.168547, 6.81767, 6.11185e-05, 9.57083e-05, -6.47741e-05, 
38, 27248.6, -3.51774, -10.8153, 3.36353, 1.38597e-05, 4.33593e-05, 0.00015012, 
39, 70169.5, 0.551625, -5.21838, 10.877, -1.06248e-05, 7.06614e-05, -8.63969e-06, 
40, 82630.2, -5.82124, -2.48182, 4.22088, -1.5385e-05, 4.67282e-05, -1.57951e-06, 
41, 36719.1, 10.2485, -0.127124, -16.5085, -4.77378e-05, -4.04985e-05, 8.82684e-05, 
42, 29280.3, -9.27744, -15.6113, 13.8525, 4.46337e-05, 8.67046e-05, -8.2835e-05, 
43, 14429.9, 9.56248, 13.8255, 11.9727, -0.000124307, -6.06941e-05, -5.51229e-05, 
44, 46028.9, -18.1273, -8.01425, 0.392286, 0.000139358, -7.50917e-05, 0.000223628, 
45, 49132.5, 6.15871, 13.766, 1.26369, -5.22077e-05, -2.36832e-05, 8.2637e-05, 
46, 99196.6, 17.7438, 2.87263, -13.6605, -7.16691e-05, -2.1912e-05, 5.36083e-05, 
47, 23307.7, -14.2786, 8.25797, -4.86618, 2.70754e-05, -8.76936e-06, -7.7075e-06, 
48, 68725, -2.98591, 9.62023, 4.92687, 1.97608e-06, -4.0736e-05, 2.20444e-05, 
49, 44059.3, 0.831811, 6.07863, -8.107, -2.52151e-05, -2.34565e-05, 7.40619e-05, 
50, 30410.5, 7.95513, 3.60703, -2.05921, -6.07732e-05, -2.16081e-05, 5.59004e-05, 
51, 50893.4, 17.1725, -8.98215, 16.0418, -9.31364e-05, 6.48972e-05, -8.27424e-05, 
52, 143593, 18.9925, 3.35665, 18.9965, -8.29766e-05, -6.13917e-06, -6.78716e-05, 
53, 21526.1, -19.3825, 13.4713, 15.3659, 0.000111978, -6.34108e-05, -8.0133e-05, 
54, 3371.29, -11.9661, 6.09413, -19.4531, 2.47201e-05, -1.70075e-06, 0.000128184, 
55, 71829.6, 2.93159, 17.7675, 15.2457, -3.96095e-05, -0.000222615, -0.000127273, 
56, 117977, -12.8579, -17.9056, 3.73619, 7.7309e-05, 9.71808e-05, -3.50144e-05, 
57, 88711.1, -8.09358, 17.0828, -17.0316, -1.74578e-05, -6.04579e-05, 8.22639e-05, 
58, 75328.6, 1.83028, -11.1967, -11.1832, -6.09234e-05, 3.68596e-06, 2.08255e-05, 
59, 259081, 19.0514, -5.20015, -8.29403, -9.43602e-05, 1.23449e-05, 3.97424e-05, 
60, 62103.3, -11.7984, 18.9229, -19.5308, 1.96773e-05, -6.71125e-05, 9.22182e-05, 
61, 225027, 0.80154, 18.067, -5.29689, -1.86087e-05, -0.000116651, 3.24304e-05, 
62, 49835.1, -0.74185, 12.4246, 19.8291, -4.36327e-05, -5.46393e-05, -0.000218893, 
63, 10291, -8.56333, 12.807, -8.86053, -2.04324e-05, -4.87139e-05, 6.50635e-05, 
64, 33558.3, 13.1951, 1.22, 7.24744, -0.00010928, -4.72046e-05, 1.17677e-05, 
65, 44258.8, -7.36055, 15.5161, -8.29493, -5.7886e-06, -9.31985e-05, 8.20787e-05, 
66, 14345.9, -9.19921, 12.6526, 0.411344, 4.05385e-05, -8.30144e-05, 2.5874e-05, 
67, 204759, -6.23047, -12.2496, 6.92394, 4.59515e-05, 9.60998e-05, -6.43547e-05, 
68, 120827, -3.15565, 12.3579, 13.8326, 2.01296e-05, -0.000188739, 0.000488061, 
69, 25946.8, -0.566771, -11.8334, -13.4587, 7.95863e-06, 0.000120566, 9.19894e-05, 
70, 169218, -13.8188, 3.94915, 2.82125, -4.55853e-05, -4.01939e-06, 0.000181856, 
71, 8726.37, -7.28715, 9.54172, -11.6402, -4.28401e-05, -3.23194e-05, 9.14573e-05, 
72, 179484, -4.91522, -0.563959, 0.584563, -1.85071e-05, -3.38502e-06, 5.822e-05, 
73, 225280, -11.6455, -14.2721, -14.6192, 6.99895e-05, 2.38195e-05, 8.22806e-05, 
74, 1065.8, -1.48206, -14.0141, -5.44548, -1.27281e-05, 7.44877e-05, 4.92994e-07, 
75, 23039.3, 8.63645, 19.8654, -19.4068, -2.4063e-05, -5.24142e-05, 6.06669e-05, 
76, 97718.6, -2.23227, 3.24296, 15.6932, 1.16836e-05, 5.58706e-06, -0.000135243, 
77, 97225.7, 7.97683, -1.41038, 0.549568, -7.63445e-05, -2.6789e-05, 2.81108e-05, 
78, 108293, 6.80328, -13.3808, 1.43884, -4.71309e-05, 8.4064e-05, 1.04907e-06, 
79, 20755.1, -10.7413, 5.92672, -17.2959, 2.40083e-06, 6.10789e-06, 0.000125088, 
80, 12051.5, -14.2734, 11.2871, 9.3191, 6.32849e-05, -0.000105097, -1.99783e-05, 
81, 7274.55, 11.4546, -18.7357, -15.7807, -2.59596e-05, 7.00056e-05, 5.20416e-05, 
82, 41167, 16.8637, -3.1324, 0.534442, -0.0001048, 1.28016e-05, 9.96847e-06, 
83, 17941.4, -6.39394, -15.5527, 12.2075, 2.18848e-05, 0.000111428, -8.06755e-05, 
84, 44427.1, 11.1851, 5.71871, -4.63881, -6.41157e-05, -1.73595e-05, 5.22454e-05, 
85, 22172.5, 15.6094, -19.8462, -8.53514, -4.87753e-05, 7.69998e-05, 9.60316e-06, 
86, 31611.7, -16.2352, 6.98248, 10.8861, 4.2139e-05, 0.000217501, -0.000231967, 
87, 26634.8, -16.5105, -3.83345, -6.89282, 6.19787e-05, 3.21965e-05, 4.23627e-05, 
88, 75754.5, 8.91817, 12.0481, -12.8429, -3.24748e-05, -4.34192e-05, 7.04659e-05, 
89, 113107, -16.8267, -19.3948, 12.2179, 5.40238e-05, 6.92066e-05, -4.83279e-05, 
90, 27261.6, -11.3298, -8.93417, -0.855394, 5.70907e-05, 3.63404e-05, 2.07437e-05, 
91, 351484, -1.71293, 15.5163, 1.66579, 1.85802e-05, -9.82007e-05, 2.14608e-05, 
92, 329973, -10.8555, 3.48425, 16.785, 6.35863e-05, 1.72072e-05, -0.000116721, 
93, 29994.8, -19.6693, -10.8233, 11.6177, 8.38662e-05, 5.33443e-05, -5.46426e-05, 
94, 66540.9, 14.133, 13.7334, -11.0732, -2.85217e-05, -5.26682e-05, 7.75028e-05, 
95, 84875.3, -3.20308, -10.9573, 4.63322, -4.76772e-05, 6.66517e-05, -4.10186e-05, 
96, 264300, -18.2623, 8.54708, 3.42294, 0.00016371, -0.000263655, 2.93373e-05, 
97, 86518.6, -11.0204, -6.58343, 19.9058, 5.16339e-05, 5.60124e-05, -0.000100976, 
98, 315093, 19.0285, 13.5931, -3.35104, -9.76025e-05, -4.63865e-05, 2.56176e-05, 
99, 201632, 3.37255, -16.5658, -10.7984, -9.98464e-05, 0.000139355, -5.55579e-06, 
100, 359073, -13.2091, 8.45416, -11.4331, -3.16482e-05, 3.62992e-05, 9.92303e-05, 
101, 54977.4, 15.9238, 11.2353, 0.166304, -6.75803e-05, -1.24192e-06, -6.41298e-06, 
102, 118203, 14.1853, -4.17784, 14.6963, -0.000106892, 3.03793e-05, -0.000129402, 
103, 14953.6, 18.061, -19.655, -9.02041, -7.57045e-05, 6.66073e-05, 8.44526e-06, 
104, 46864, 1.48802, -14.7229, -9.13367, 2.44991e-05, 3.77205e-05, -7.27303e-05, 
105, 25231.1, -17.8071, 15.6952, 10.3832, 0.000117433, -0.00013442, -3.22215e-05, 
106, 30079, -6.79803, -9.40241, 18.7117, 2.74764e-05, 7.24029e-05, -0.00010491, 
107, 3629.19, 13.9, -4.21989, 15.0347, 0.000125624, 6.63729e-05, -0.000392888, 
108, 66090.9, 2.29386, 12.7832, -0.0459047, -5.386e-05, -1.78877e-05, 7.12857e-05, 
109, 61393.7, 7.10221, -0.0088526, 11.9847, 6.09125e-05, 2.21118e-05, 2.22757e-05, 
110, 20439.4, 18.3967, 6.50042, 9.08084, -0.000129041, -1.69598e-05, -2.60018e-05, 
111, 141284, 1.85319, -15.3951, -12.7974, 8.24766e-06, 5.21403e-05, 0.000151943, 
112, 92531.1, 1.09762, 16.8677, -7.99429, -3.47917e-05, -3.50282e-05, 0.000171921, 
113, 31864.8, -9.17658, -4.87904, 6.72547, 0.000104505, 0.000159047, -5.80422e-05, 
114, 44313.2, 12.2551, 15.7283, -2.62713, -4.4888e-05, -7.7754e-05, 5.52592e-05, 
115, 4750.24, -15.8268, 1.12111, -12.4269, 4.09298e-05, 2.06762e-05, 9.96771e-05, 
116, 44452.8, -6.57891, -13.7995, -5.68967, 6.84233e-06, 6.17382e-05, 6.01048e-05, 
117, 11256, 13.9581, 11.4831, -2.01874, -2.69842e-05, -1.25044e-05, 4.60077e-05, 
118, 19927.1, 10.0134, -16.0596, 18.3524, -4.06742e-05, 7.26817e-05, -7.01573e-05, 
119, 274949, 0.110207, 0.56906, 11.9078, 5.86585e-06, 1.76064e-05, -4.46244e-05, 
120, 100403, 14.4563, 16.4672, 3.33355, -0.000113562, -8.03911e-05, -6.97455e-06, 
121, 71368.6, -16.4509, 7.30474, 10.25, 0.000159711, 1.83771e-05, 0.000100723, 
122, 191445, -4.98348, -6.95346, -12.4805, 5.9857e-05, -1.98474e-05, 6.6113e-05, 
123, 172817, -9.06323, 15.2409, 15.4318, -2.65999e-05, -0.000167107, -0.000141581, 
124, 64236.3, 7.26903, -3.66378, -0.451817, -4.04735e-05, 6.62801e-05, 5.87593e-05, 
125, 55232.1, -6.88695, -18.0703, -13.298, 9.89477e-05, -0.000123597, -0.000167277, 
126, 82879, 8.31935, -3.34376, -15.6089, -2.8145e-05, -1.69472e-05, 0.000108406, 
127, 194422, -2.37485, -8.9995, -17.2577, 1.87289e-06, 9.29514e-06, 0.000148121, 
128, 19393.7, -1.04749, 4.80871, 18.7263, -2.67672e-05, -1.36846e-07, -0.000178779, 
129, 294796, 9.19135, 17.0152, 4.64113, -0.000102585, -0.00012393, -2.26011e-05, 
130, 3377.38, -2.07903, -5.5897, -11.6845, -4.54073e-05, -4.5705e-05, 5.17649e-05, 
131, 80.222, 3.39649, 2.93012, 1.21739, 1.38772e-05, 2.74869e-05, 4.80999e-05, 
132, 80445.4, 8.14604, 1.39061, 16.4386, -7.91436e-05, -9.49572e-06, -0.000161769, 
133, 62558.6, -8.1684, 1.72131, 19.9285, -7.16822e-07, 5.13765e-05, -0.000180754, 
134, 16081.4, -8.31296, 1.90764, 13.4641, 7.45186e-06, 5.86579e-05, -5.92374e-05, 
135, 23462.2, -3.32122, -7.93063, -11.5599, -8.5418e-05, 6.80371e-05, -3.63519e-05, 
136, 225632, -17.9474, 6.30731, 3.55906, 0.000174261, 0.00010286, 3.36568e-05, 
137, 67903, 10.1147, -6.92311, -19.6956, -4.35253e-05, 2.16328e-05, 0.000100218, 
138, 35061, 7.29758, -1.31571, 5.70314, -0.00011695, -5.36358e-05, 8.33439e-05, 
139, 88062.7, 6.89545, 9.01796, -18.9298, -3.21439e-05, -2.80475e-05, 9.30303e-05, 
140, 1521.39, -16.8651, 15.2282, -7.15431, 3.71721e-05, -0.000155775, -0.000142495, 
141, 457142, -3.15527, 11.9763, 15.4551, 1.39223e-05, -1.48322e-05, -0.000244946, 
142, 9623.76, -0.499861, 19.2666, 1.67337, -2.15845e-05, -0.00021802, 8.72252e-06, 
143, 117111, -4.51822, 5.08442, 7.49327, -5.70873e-06, -1.48973e-05, -8.17013e-06, 
144, 51587.4, 16.9438, -10.631, -5.0386, -0.000103663, 6.29168e-05, -1.77235e-06, 
145, 59160.8, 0.988086, -13.0839, 2.73697, -3.20841e-05, 9.98464e-05, -3.1881e-06, 
146, 46437.6, -3.19764, -2.07543, -16.9714, 5.79142e-06, -3.9799e-05, 0.000112516, 
147, 315819, 18.0529, -17.2167, -17.0818, -5.23599e-05, 4.32276e-05, 4.63406e-05, 
148, 9477.01, -18.4789, 0.242999, 3.14062, 0.000181682, 6.6518e-05, 1.66736e-05, 
149, 23731.9, 18.6256, -4.94083, -4.51712, -9.14822e-05, 6.92581e-06, -5.52565e-05, 
150, 1616.21, -13.8631, -7.62881, -14.0052, 7.59437e-05, -3.3252e-06, 9.47113e-05, 
151, 145441, -17.9982, -8.64046, 1.4665, 9.79773e-05, 0.000105591, -8.51537e-05, 
152, 89905.1, 4.68311, -12.0787, 11.9532, -6.30189e-05, 0.00010706, -5.61929e-05, 
153, 50014.5, -9.77734, -19.4349, 6.72282, 2.02313e-05, 0.000122494, -5.87629e-05, 
154, 21290.7, -4.86252, 8.32829, -10.6809, -2.68457e-05, -2.14247e-05, 8.15436e-05, 
155, 452855, 3.31133, 13.9623, 13.5908, -8.41993e-05, -6.68976e-05, -7.81657e-05, 
156, 61176.7, -15.4563, 12.4377, -12.9115, -9.58507e-05, -4.16477e-05, 0.000233134, 
157, 5863.45, 17.3843, -1.88721, -8.06732, -4.92311e-05, -7.2878e-05, 3.08174e-05, 
158, 105664, 7.83514, -9.14918, -7.02519, -3.79256e-05, 3.10732e-05, 3.35346e-05, 
159, 31320.7, -11.3327, -8.3266, -11.4043, 5.35427e-05, -6.44562e-06, 7.35924e-05, 
160, 47367.3, -0.816114, -7.35922, 0.0992984, -2.35915e-05, 3.92918e-05, 3.18741e-05, 
161, 98301.7, -14.3502, -19.4805, -10.9356, 6.15671e-05, 0.000101644, 2.96957e-05, 
162, 73178, 14.8344, 7.48967, 9.45125, -9.79213e-05, -3.20941e-05, -3.35313e-05, 
163, 51504.1, 18.4358, 15.6596, -11.0864, -9.18243e-05, -5.90189e-05, 6.71902e-05, 
164, 370259, -17.5545, 14.4308, -10.5115, 6.05225e-05, -0.000210195, -2.78003e-05, 
165, 149722, 3.7898, 11.6887, 6.89663, -5.28067e-05, -2.24431e-05, 1.11225e-05, 
166, 198765, 9.1402, -17.8882, 5.14991, -5.47878e-05, 0.000104658, -2.89381e-05, 
167, 139660, 6.07853, -2.48883, 7.04314, -2.6738e-05, 4.83312e-05, -6.35104e-06, 
168, 83268.5, 5.49253, 4.51759, 14.153, -6.87665e-05, -5.10262e-05, -9.27538e-05, 
169, 111579, -8.12177, -15.0304, 0.167039, 7.47395e-05, 0.000264733, -0.000366233, 
170, 19096.2, 16.9365, 16.8255, -11.5856, -2.47742e-05, -0.000108464, 8.05167e-05, 
171, 200677, -19.5225, -1.28913, -9.92946, 9.07504e-05, 2.09854e-05, 6.31483e-05, 
172, 52868.7, 3.72041, -2.37316, 18.1804, -3.86377e-05, 4.21278e-05, -0.000158889, 
173, 41037.8, 2.15554, -4.98101, 13.8029, -9.89281e-05, 8.65207e-05, -9.61005e-05, 
174, 4465.77, 0.336031, 8.36997, -14.3081, -6.43209e-06, -2.79231e-05, 8.39582e-05, 
175, 6545.54, -12.4008, -19.0857, 2.60239, 2.70053e-05, 0.000216278, 7.46082e-05, 
176, 62246.2, -13.2937, -9.80241, -9.21912, 7.45462e-05, 2.44458e-05, 3.77983e-05, 
177, 128306, -0.211475, -2.90365, -9.79217, -1.93148e-05, -2.78611e-05, 5.46475e-05, 
178, 85947.3, 8.62049, -16.4757, -3.63328, -5.73072e-05, 0.000100465, 1.24174e-05, 
179, 85524.8, 16.9925, 11.9171, -8.87375, -6.89385e-05, -1.04997e-05, 6.46959e-05, 
180, 258268, -7.96378, -14.458, -1.09834, 8.81131e-06, 1.54996e-05, 0.000169471, 
181, 46445.2, 3.81429, 9.56694, -16.2103, -2.56815e-06, -3.54964e-05, 7.36657e-05, 
182, 79205.4, -7.80571, 6.33037, 3.52203, 7.94296e-07, -5.24041e-05, 4.19413e-05, 
183, 34651.8, 16.9808, 4.31432, 1.92163, -0.000103638, -4.10663e-06, 9.93482e-06, 
184, 92155.5, -0.496211, -9.86159, -13.3467, -3.04119e-05, -5.50181e-06, 6.88691e-05, 
185, 83068, -16.5545, 5.31591, 17.6852, 0.000125154, -7.79455e-06, -0.000118966, 
186, 70401.9, 4.869, 4.27434, 1.40851, -4.42098e-05, -2.07848e-05, 3.68296e-05, 
187, 187320, -18.2491, 12.7361, -12.2091, 0.000207791, 7.28662e-05, 0.000278635, 
188, 247302, -15.4306, 4.1938, 5.10855, 0.000111683, -1.48238e-05, -8.12437e-05, 
189, 41300.5, -6.61175, -2.68558, -1.56397, 4.33507e-05, 5.66449e-05, 9.93287e-05, 
190, 175489, -18.9703, -18.2487, -5.36422, 8.29626e-05, 7.46841e-05, -6.33345e-07, 
191, 80320, -7.94593, -3.64746, 6.48141, 5.86846e-06, 6.033e-05, -4.70248e-05, 
192, 384764, 13.4109, -4.189, 9.62533, -9.92067e-05, 2.61206e-05, -1.78558e-05, 
193, 72170.5, 2.93566, 16.0902, 10.1572, -2.88633e-05, -0.000180462, 5.58321e-05, 
194, 154299, -11.2547, 14.5509, 14.5503, 0.000198952, -0.000106824, -4.77966e-05, 
195, 83475.5, 7.06081, 15.6809, 3.64121, 5.37109e-05, -2.22448e-05, 6.47954e-05, 
196, 56140.2, -18.9055, 18.274, 1.94099, 7.56219e-05, -9.8149e-05, -2.82454e-06, 
197, 10070.3, 16.2387, -3.45258, 9.30484, -0.000305301, -3.21612e-05, 5.94941e-06, 
198, 29593.9, -8.18843, 4.08563, 10.6426, 2.20354e-05, -6.08419e-06, -5.79013e-05, 
199, 2474.18, 17.0587, 10.0599, 5.17008, -0.000113737, -2.21745e-05, -3.33957e-05, 
