ID, Mass [kg], pos_0 [m], pos_1 [m], pos_2 [m], vel_0 [m/s], vel_1 [m/s], vel_2 [m/s], 
0, 5682.38, -38.0783, -22.9202, -11.633, -0.00137199, -0.00292039, -0.00121149, 
1, 51291.5, -46.8048, -35.756, 48.8893, -0.00398842, -0.00362375, 0.0048542, 
2, 73779.3, 8.11594, 3.51845, -2.32571, -0.000507223, -0.000102392, -0.00110075, 
3, 9731.99, -7.88414, 36.1345, 24.017, -0.000398075, 0.00248287, 4.84521e-05, 
4, 104587, -2.65703, -4.96423, 0.559761, -0.00269123, 4.79645e-05, -0.00112214, 
5, 42215, 3.23072, 6.77354, 2.83315, 0.00103237, 0.00241951, 0.00226975, 
6, 57220.4, 36.7232, 33.6008, -38.6424, 0.00281352, 0.00403667, -0.00264495, 
7, 44855.5, -0.266373, -4.85076, 5.12666, -0.000963738, 0.00698914, 0.00120436, 
8, 276797, -2.01199, -3.92879, 5.36384, 0.00205714, 0.000474696, 5.1027e-05, 
9, 2643.18, 2.63937, -1.20482, 3.9169, 0.00465734, -0.00717355, -0.00823771, 
10, 33961.7, 2.65059, -7.76594, 1.33806, -0.00278634, 0.00644453, 0.00365172, 
11, 8691.35, -10.1903, 70.9318, -61.8146, -0.000369915, 0.00593124, -0.00580067, 
12, 141682, -2.27577, 2.10955, 6.35524, 0.00589543, -0.00408883, -0.00245499, 
13, 288611, -6.54925, -12.5477, 4.82023, 0.00343888, 0.00197774, 0.000895804, 
14, 512847, 1.21311, 0.452198, 1.70725, -0.00400397, -0.00244888, -0.00416599, 
15, 15651.7, 8.20771, 12.7762, -5.99372, 0.000873999, -0.00215904, 0.00120678, 
16, 182451, 32.0465, -21.9836, 57.4894, 0.00334801, -0.00153862, 0.00408699, 
17, 62197.8, -9.57897, -5.06942, -2.01589, 0.00485066, 0.00235878, -0.000819459, 
18, 185440, -8.3245, -14.8324, 2.13613, 0.00397238, 0.0031807, -0.000349108, 
19, 36701.4, 40.6909, 60.0898, -56.91, 0.00386607, 0.0053928, -0.00520106, 
20, 106936, -82.0194, -48.105, 23.6965, -0.00747821, -0.00445681, 0.0021447, 
21, 161838, 1.48335, -0.373843, 1.68383, 0.0010587, 0.00941532, 0.0031091, 
22, 144875, 3.52548, 8.27466, 6.03127, -0.000263799, -0.00450535, -0.00100239, 
23, 100936, 0.939379, 17.5641, 4.35925, -0.000767386, -0.00351582, -0.00215543, 
24, 95186.1, 53.9383, 45.0673, 43.4365, 0.00490481, 0.00343023, 0.00343269, 
25, 151808, 42.2268, -30.977, 64.5049, 0.00428277, -0.0024168, 0.00562771, 
26, 118354, 2.71836, 0.154329, -1.31163, 0.0047452, -0.00724692, -0.00230338, 
27, 149234, 7.28545, 2.53626, -0.365287, -0.000693418, -0.00333903, -0.00311846, 
28, 9985.68, 3.06592, 8.21748, 0.467716, -0.00512698, -0.00316986, 0.00199349, 
29, 180895, -9.66628, -3.01772, -5.51967, 0.000960385, 0.00228699, 0.000499144, 
30, 486.041, -8.73852, -2.46508, 1.46111, -0.00126415, 0.0019816, -0.00232002, 
31, 70262.9, 3.31475, -6.35138, 6.94401, 0.000422712, -0.00121204, 0.00277283, 
32, 45902.1, -3.46964, 12.7713, 0.101162, 0.00221626, -0.00233988, 0.00155936, 
33, 24444.7, 1.26422, 8.13211, -4.85307, 0.00413744, -0.0036181, -0.000228989, 
34, 65679.9, -2.17336, -11.4132, 7.09639, -0.000827412, 0.00342715, 0.00113048, 
35, 3309.29, -10.7119, -36.1897, -7.60814, 0.0014652, -0.00270663, 7.60865e-05, 
36, 8280.38, -53.8876, 55.6072, -26.7126, -0.00432754, 0.0048126, -0.00299278, 
37, 94538.9, -1.17639, 6.5528, 4.26125, 0.00114917, -0.000569045, -0.00287831, 
38, 30213.7, 80.9851, -16.932, -11.5445, 0.0079677, -0.000881878, 1.86157e-05, 
39, 53471.9, 5.57225, -3.68873, 7.90806, -8.99655e-05, -0.00803381, -0.000354947, 
40, 43100.3, -20.7203, 28.857, -30.2612, -0.000677165, 0.00142353, -0.00190138, 
41, 44746.6, 17.6815, 41.6188, 3.65295, 0.000952554, 0.00216716, -0.00122755, 
42, 34053.9, -0.114522, 29.2905, 48.8406, -0.000386973, 0.00251025, 0.00337507, 
43, 54380.2, 3.40172, -2.16613, 1.21364, -0.00669003, -0.00361536, 0.00273977, 
44, 38723.2, 25.5488, -5.58369, -37.8361, 0.00109566, 4.97827e-05, -0.00249135, 
45, 2321.23, -8.73616, -15.2162, 3.18294, 0.00160119, 0.00184923, 0.00232138, 
46, 241169, -4.52073, 3.88014, -0.597414, 0.00316775, 0.00126239, -0.00195306, 
47, 344827, 1.60943, -0.733456, 2.57652, -0.00877365, -0.00193301, 0.00442983, 
48, 39271.1, 2.63024, 6.9285, 2.73116, 0.00615155, -0.00391659, 0.000630263, 
49, 19687.8, -67.1621, 60.8785, -29.3435, -0.00624507, 0.00587715, -0.00337935, 
50, 61216.8, -1.71488, 5.78892, -8.04533, 0.000203304, -0.000466625, -0.00496383, 
51, 19182.2, -49.0374, 70.591, -45.9052, -0.00429891, 0.00667096, -0.00468508, 
52, 12420.5, 10.7214, 0.596971, 1.159, -0.00120927, -0.00143928, -0.0047587, 
53, 85447.4, -82.4034, -8.07128, -35.4918, -0.00731992, -0.00075379, -0.00297918, 
54, 361436, 1.14101, -1.03509, -0.749987, 0.0035543, 0.000273001, 7.98978e-05, 
55, 158926, 24.2764, 11.7712, -31.536, 0.00161135, 0.000678766, -0.000898493, 
56, 49282.6, -28.6156, 54.6135, -59.7765, -0.00174594, 0.00479404, -0.00587773, 
57, 218355, -0.673076, 2.22234, 3.78383, -0.000513182, 0.00147881, -0.000284844, 
58, 22371.5, 82.7248, -21.5374, -14.0207, 0.00828495, -0.00163528, -0.000840095, 
59, 55919.9, -16.54, 34.7194, -48.4837, -0.000259114, 0.0019541, -0.00352659, 
60, 21598.8, 6.61473, 8.10338, 8.29761, 0.00243251, 0.00130947, 0.000489954, 
61, 398.952, 2.63926, -4.75801, 7.2019, 0.000299825, -0.00689282, 0.00782665, 
62, 1108.92, 6.07819, -7.3316, 52.0057, 0.0007111, -0.000295088, 0.00303034, 
63, 108555, 6.64276, 6.12571, 4.08912, -0.00462903, 0.00177224, -0.00310948, 
64, 244863, 10.6788, -4.79512, 21.1925, -0.000946541, 0.000332173, -0.00200549, 
65, 220694, -27.058, 51.9409, -45.296, -0.00156285, 0.00439439, -0.00396032, 
66, 61700, -4.83102, 71.1379, 32.5751, 8.47178e-05, 0.00591519, 0.00254774, 
67, 55388.9, -44.936, 12.9703, 34.9474, -0.0037594, 0.000962172, 0.00297349, 
68, 211156, 3.53416, 0.0881795, 1.32645, 4.02931e-05, -0.00339034, 0.000519178, 
69, 12720.6, 5.72354, 13.0878, 7.51566, 0.000249144, 0.00146086, 0.00175241, 
70, 25096, -0.767315, 20.0777, 12.3153, -0.00155907, 0.00107044, 0.000681522, 
71, 179870, -7.85795, -7.41518, -3.1202, 0.000209453, 0.000185272, -0.00151908, 
72, 79123.8, -63.5216, -18.0002, -4.52265, -0.00424145, -0.00124355, -0.000486703, 
73, 110870, 3.75087, -5.55554, 0.0475842, 0.0047347, -0.000281062, -0.00532291, 
74, 43359.1, 23.8093, 43.231, 21.6404, 0.000937049, 0.00395083, 0.000378604, 
75, 140124, 1.54488, 2.63136, 0.416293, 0.00268469, 0.00385085, -0.00526818, 
76, 229268, -17.2311, 28.8285, -33.3201, -0.000544546, 0.0012917, -0.00152222, 
77, 302149, -0.252313, 6.95897, 1.69287, 0.0020904, -0.00101938, -0.00194751, 
78, 100708, -7.31079, -13.2699, 6.09313, 0.00510184, 0.000489425, 0.00255452, 
79, 46633.4, 1.02149, -0.105052, -4.60879, -0.00477887, -0.00401741, -0.00211925, 
80, 143926, 0.213144, 14.7354, 2.64198, -0.00287562, 7.3679e-05, 0.00290661, 
81, 270.261, -54.9948, 9.16312, 23.3384, -0.00352495, 0.000464812, 0.00133737, 
82, 159650, 5.80068, -5.77318, -1.89999, -0.00227297, 0.00159309, 0.00044384, 
83, 24756, 4.44663, 7.18717, 2.62033, 0.00537376, -0.00240659, -0.00113148, 
84, 18375.3, 7.39341, 8.35012, -0.853798, 0.00343639, -0.00336595, -8.34987e-05, 
85, 491877, 63.7081, -19.3167, -22.2801, 0.00553011, -0.00125258, -0.00154492, 
86, 194807, -3.89223, 1.62004, 1.51694, 0.000966684, 0.000565551, 0.00268029, 
87, 8649.23, 2.27072, 10.396, -0.867422, -0.00505822, -0.00352825, -0.00154073, 
88, 138901, 5.06836, 4.42776, -0.888498, 0.0078017, 0.00114638, 0.00308509, 
89, 50202.9, 5.01316, 5.2481, 7.82303, 0.00284953, -0.00163049, 0.000148686, 
90, 98321.9, 5.69321, 16.4901, -12.6971, -1.64961e-05, 0.000188972, 0.000203674, 
91, 384069, 1.41368, -1.43046, 2.88482, 0.003422, -0.00591253, -0.00375497, 
92, 81279.9, -4.71175, 0.316841, -1.8681, 0.00601236, 0.00491562, 0.00208132, 
93, 91375.2, 0.828963, -2.22297, 3.7478, 0.000291505, -0.00280388, -0.0031049, 
94, 5476.7, -10.9552, -20.1238, 8.20762, 0.00102825, 0.00130879, -0.000804328, 
95, 33452.5, -11.7074, -5.20124, 1.35395, 0.000351849, 0.00249569, 0.000413447, 
96, 25752.1, -59.1494, -20.3149, -18.2852, -0.00569525, -0.00227954, -0.00193619, 
97, 200797, 2.85077, 1.57805, 1.90654, 0.0011604, 0.00360203, 0.00492462, 
98, 298981, 3.28743, 3.27485, 0.154074, 0.000705115, 0.00220044, -0.00117669, 
99, 93146, 4.30508, -6.14556, 3.58318, -0.00153791, -0.00825588, 0.00221245, 
100, 8612.85, -14.3283, 12.4865, -17.5437, 0.00127392, -0.000362745, 0.000798149, 
101, 24343.5, 1.06015, -6.10225, 8.246, -0.00128884, 0.00392133, -0.0010733, 
102, 10296.7, 5.49666, -5.18203, 4.60564, 0.00615584, -0.0086489, 0.00160471, 
103, 15719.8, 0.178156, 3.02095, 3.36226, 0.0060891, -0.0028121, -0.0104136, 
104, 230040, 1.7764, -1.4885, 0.737984, 0.000458422, -0.000466724, 0.00880103, 
105, 17846.1, 10.4088, 18.9878, -4.76272, -0.00158693, 0.00257766, 0.000438327, 
106, 22216.6, -14.4417, -4.81374, 6.0492, 0.00156937, 0.000675417, 0.000447402, 
107, 98486.7, 2.87621, 13.007, 3.31997, 0.000265367, -0.00400241, -0.00436782, 
108, 214214, -68.4816, 0.265543, -55.3117, -0.00635372, 7.90475e-05, -0.0052285, 
109, 131614, -0.555041, 3.06049, 0.380708, -0.00115032, -0.00496187, -0.00158411, 
110, 160023, 1.26567, -0.736532, 3.54289, 0.00141188, -0.00150443, 0.00365873, 
111, 115735, 0.199861, 4.38631, 2.2246, 0.0019712, 0.00523241, 0.00199386, 
112, 378585, 35.13, 14.9501, -50.0305, 0.00263616, 0.00183653, -0.00379187, 
113, 83295.8, -27.2995, 11.2796, -0.408303, 0.000877835, 0.000675502, 0.000812029, 
114, 148827, 8.56975, -2.10977, 3.20984, -0.00642136, -0.00128052, -0.000231717, 
115, 285284, -3.0031, -42.4067, 63.7867, -3.09646e-05, -0.00392427, 0.00539909, 
116, 515864, 1.1904, -0.403219, 3.89624, -0.00118532, -8.57027e-05, -0.00258831, 
117, 88363.5, 1.1285, -13.8438, 14.6398, -0.00143345, 0.000717929, -0.00291667, 
118, 155064, 21.6905, 19.4357, -7.02949, -0.000431192, 0.00111325, -0.00220061, 
119, 18098.3, -0.303615, -5.8491, -0.802277, -0.00527481, -0.00249726, -0.00193679, 
120, 34391.6, 68.1937, -27.9057, -10.0994, 0.00604986, -0.00186766, -3.3471e-05, 
121, 78154, -1.27903, -2.3737, 3.00368, 0.00512358, -0.00662584, 0.00738645, 
122, 10497, -0.0191925, -1.887, 2.4304, 0.000373407, 0.00656351, 0.00317529, 
123, 59058.1, 2.61841, 5.59033, 5.93709, 0.00240967, -0.00784372, -0.00299489, 
124, 5646.35, 9.56665, 0.50862, 4.73859, 0.00088755, -0.00598113, -0.000411754, 
125, 103346, 8.52906, -5.45056, -2.15128, -0.00202963, -0.000338557, -0.00320847, 
126, 64702.5, -79.5018, 0.607373, 28.9925, -0.0069723, 6.34444e-05, 0.00303184, 
127, 199056, 0.0533736, -3.80619, 6.24166, -0.00182649, -0.00299158, 0.0026569, 
128, 192649, 1.62575, 2.07258, 4.56722, 0.00294502, 0.00246736, 0.00584097, 
129, 1707.71, 2.08461, 6.05542, 0.546847, -0.000161346, 0.00403732, 0.00504747, 
130, 19869.9, 4.67498, 0.596201, 0.37624, -0.000265843, -0.00536568, -0.00129088, 
131, 143979, 3.08354, 2.61228, -3.20056, -0.000606873, 0.00233444, 0.000304689, 
132, 37850.6, -97.2295, 46.5782, -25.1291, -0.00952681, 0.00429466, -0.00224633, 
133, 50031.5, 0.570452, 0.80845, 4.92618, 0.00673693, 0.00116269, 0.000999226, 
134, 369068, -10.356, 2.33758, -4.90821, 0.00509353, -0.000511604, 0.0024337, 
135, 3806.98, -0.802334, 1.00734, 1.9408, 0.00598127, 0.0105638, 0.00431716, 
136, 64591.7, -2.74233, 7.92101, 0.451906, 0.00144806, 0.00313308, -0.00598755, 
137, 1688.15, 3.64876, -21.6581, 10.7813, 0.00223203, 0.000822744, -1.10162e-06, 
138, 439943, 5.0923, -0.521464, 6.338, 0.00242456, 0.00373947, 0.00309453, 
139, 72054.1, -1.90627, 4.94022, 4.74657, -0.00485883, -0.0027268, 0.00405639, 
140, 10511.3, -4.77457, -24.1951, 28.6948, -7.69637e-05, -0.00113973, 0.000260579, 
141, 28560.6, -9.5435, -11.514, 5.79829, -0.00203959, 0.00036157, 0.000466314, 
142, 92270.6, -1.66454, 1.86373, 2.98401, 0.00357303, 0.00879578, -0.0036164, 
143, 57507.6, -62.6711, 20.3713, 38.6225, -0.005226, 0.00176824, 0.00325371, 
144, 106955, 1.13182, 3.18494, -6.979, -0.000907616, 0.00161628, -0.0051883, 
145, 53021.1, 1.73713, -3.93116, 0.996748, -0.000116838, -0.00545194, 0.00452168, 
146, 127593, 1.86412, -6.29463, 6.36191, 0.00603459, 0.00286088, -0.00204709, 
147, 31386.3, -1.11258, 2.4889, 4.14563, -0.00150504, 0.00792627, 0.000291201, 
148, 89613.6, 4.69392, 2.95273, -17.8431, 0.00217214, -0.00290704, 0.00173711, 
149, 251415, 9.44391, -1.68969, 9.46158, -0.00337813, 0.000614206, -0.00525484, 
150, 55890.6, 10.8075, -0.0806457, 3.51465, -0.00284838, 0.00628413, 0.000222548, 
151, 174949, 6.40913, -5.61224, 3.94638, 0.00433782, -0.00195579, 0.00505791, 
152, 66072.8, -0.477205, 1.89416, -6.21237, 0.00043154, -0.000229289, -0.00675882, 
153, 19075.8, -6.9617, -5.57455, 20.8813, -0.000203495, 0.000575845, 7.72639e-05, 
154, 47261.5, 8.08793, 11.6723, -6.06187, -0.00241825, -0.000327722, -0.000793519, 
155, 102102, -3.09587, 0.456541, 3.68404, -0.00405316, 0.00240706, 0.00516735, 
156, 5375.03, 0.937616, -3.30771, 7.48646, 0.00614726, 0.00172664, -0.00497474, 
157, 3761.7, -9.5181, 11.7524, 7.95185, -8.03912e-05, 0.00256568, -0.00126016, 
158, 7652.65, -2.27505, 0.767466, -9.2768, 0.000732426, 0.00119375, 0.00097582, 
159, 47070.1, 1.63862, 2.23939, 2.96428, 0.00232778, 0.00613552, 0.00411604, 
160, 17972.9, 3.85134, 4.50294, 2.63069, -0.0018875, 0.00237075, -0.00137006, 
161, 218629, 9.41992, 17.3905, -0.105822, 0.0016927, 0.00169742, 0.000442343, 
162, 138887, 1.58336, -1.06353, 3.59574, -0.00627768, 0.00293416, 0.00747197, 
163, 33277.3, 2.0734, -7.2768, 11.4134, -0.00413027, 0.00411664, 8.58736e-05, 
164, 167891, 4.22359, 2.46772, 3.96618, -0.00189642, -0.000483878, 0.00790577, 
165, 62570.5, -2.19104, -75.338, -18.4615, 0.000233545, -0.00655577, -0.00165189, 
166, 38130.4, 17.9808, 63.271, 33.8659, 0.00199802, 0.0049347, 0.00250399, 
167, 22403.8, 12.3974, -28.8469, 50.2508, 0.00126015, -0.00243102, 0.0030979, 
168, 1479.59, 38.3446, 24.0775, -54.3379, 0.00352488, 0.0024277, -0.00443826, 
169, 20399.9, 2.02905, -49.7634, 56.7241, 0.000116711, -0.00489714, 0.00437006, 
170, 115854, 2.7842, 0.821896, 3.13267, 0.00480589, -0.00110474, 0.000514508, 
171, 27762.9, 2.38599, 2.82947, 2.55848, 0.00250279, 0.00605381, -0.00523, 
172, 250928, 1.17585, -3.55624, 9.4015, 0.00131267, -0.00308724, 0.000718824, 
173, 74469.2, -56.5164, 41.5921, -17.2285, -0.00458074, 0.00452959, -0.00154921, 
174, 143481, -74.7643, 52.6701, -36.1731, -0.00685078, 0.00497318, -0.00361615, 
175, 27145.1, -0.484611, 1.1162, 4.16509, 0.00712612, -0.00130986, 0.00133187, 
176, 32620.6, -1.82777, 5.53846, 3.05193, 0.00422706, 2.16933e-05, 0.00248456, 
177, 52575.7, 0.00913536, -47.8153, 83.4259, -4.46954e-05, -0.00462501, 0.00808451, 
178, 19746.4, -0.467172, -5.73584, 5.99891, -0.000883577, -0.000708069, 0.0022351, 
179, 33623.1, -11.7953, 6.33864, 4.64924, 0.00481628, -0.000674206, 0.00192147, 
180, 50349.8, -64.5024, -42.6786, -33.3908, -0.0055504, -0.0037149, -0.00280504, 
181, 89376.8, 10.7881, -11.8309, 0.814539, -0.000465867, -0.00251807, -0.00160746, 
182, 42160.2, 1.65652, -0.87776, 74.4836, -1.30331e-06, -5.09651e-05, 0.00653668, 
183, 100544, -22.9119, -18.822, 4.72436, 0.00128859, -0.000408644, 0.00124301, 
184, 1446.88, 5.28357, -5.10575, 3.06137, 0.00515304, -0.00201258, -0.00475743, 
185, 119694, 0.573442, 2.16434, 1.74069, 0.0102278, 0.00431043, -0.00229511, 
186, 120999, -7.56447, 1.48839, 1.88571, -0.00446048, -0.00122158, 0.00123295, 
187, 52698.3, 1.00139, 0.589909, 4.44694, 0.0111555, -0.00021499, -0.0063266, 
188, 105467, -3.59995, 3.12339, -2.54337, 0.00391453, -0.00253784, -0.00165443, 
189, 99748.4, -9.19709, -44.1453, 23.4114, -0.000827766, -0.00271672, 0.00129814, 
190, 77133, 2.71462, 1.51292, 1.27109, 0.00372813, 0.00263971, -0.00231901, 
191, 178804, -1.26136, 0.517058, -3.9334, 0.000117133, -0.0054637, -0.00217368, 
192, 8685.6, 2.40281, 0.302077, 3.48231, -0.00571953, 0.000282093, -0.0068288, 
193, 256954, 22.8665, 3.22344, 30.7502, 0.00201067, -0.00150136, 0.00122299, 
194, 53540.6, -1.89586, -1.3395, -4.97159, 0.0028574, -0.000233854, 0.00210604, 
195, 220652, -2.29986, -0.229296, 3.02359, -0.00650401, -0.00568964, -0.00298063, 
196, 10258.1, -8.08289, 0.868534, 1.93448, 0.00468036, -0.0028748, 0.00125105, 
197, 6083.3, -23.5312, -9.29163, 19.4339, -0.000555193, 0.000699821, -0.000652508, 
198, 127562, -3.11454, -9.21664, 4.35263, -0.000904983, -0.00589077, 0.00261474, 
199, 34766.2, 2.34076, -1.0653, 10.9321, -0.00206226, -0.00102481, -0.00218283, 
