ID, Mass [kg], pos_0 [m], pos_1 [m], pos_2 [m], vel_0 [m/s], vel_1 [m/s], vel_2 [m/s], 
0, 5682.38, -8.50893, -3.69782, 17.986, 0.000213171, 0.000108693, -0.000900649, 
1, 51291.5, 14.4999, 19.8785, -14.5641, -0.000359105, -0.000325333, 0.000295395, 
2, 73779.3, 2.76993, -12.9261, 3.45904, -0.000515548, 0.000547908, 6.81537e-05, 
3, 9731.99, -17.0742, 16.6234, -8.52141, 0.000518936, -0.000752357, 1.29276e-05, 
4, 104587, 3.92197, 10.9081, -3.6612, -3.12445e-05, -0.000355953, 0.000215289, 
5, 42215, -19.5509, -5.52561, -11.9855, 0.000870457, 0.000252963, 0.000371564, 
6, 57220.4, -18.4525, 19.5054, 5.50807, 0.00275428, -0.000753507, -0.00188611, 
7, 44855.5, 0.180938, -3.99282, -10.8787, -0.000106331, 0.000327656, 0.00043844, 
8, 276797, -13.7162, -0.476904, -7.14028, 0.000347387, 0.000189158, -0.000178094, 
9, 2643.18, -3.2792, -2.27935, -10.3547, 7.00808e-07, 0.000144982, 0.000377394, 
10, 33961.7, -9.35721, 11.8978, 7.30623, 0.000194607, -0.000743555, 0.000460733, 
11, 8691.35, 12.7546, -18.7698, 3.28185, 0.000254267, 0.00220983, 0.000244341, 
12, 141682, -2.89911, -14.8094, 12.0368, 0.000251744, 0.000770505, -0.000865204, 
13, 288611, -17.1284, -6.24011, 0.713372, 0.000641051, 0.000222164, -2.6402e-05, 
14, 512847, -18.112, 11.815, 17.9538, 0.000515487, -0.000168108, -0.000521376, 
15, 15651.7, -6.7473, -17.3836, 12.8454, 0.000314968, 0.000778613, -0.000661183, 
16, 182451, 1.71006, 17.9934, -18.2123, -9.32362e-05, -0.000623198, 0.000408677, 
17, 62197.8, -15.0575, -1.33392, -18.9558, 0.000450268, 0.000276782, 0.00101383, 
18, 185440, -8.97601, -9.16558, -3.8769, 0.000334315, 0.000313418, 0.000246536, 
19, 36701.4, -17.9672, -13.024, 17.2636, 0.000394122, 0.000337621, -0.00041531, 
20, 106936, 16.6053, 18.6866, -3.94657, -0.000458005, -0.000435465, 0.000107129, 
21, 161838, -2.91286, -1.0275, -2.12279, 0.000138194, -3.08058e-05, 0.000263233, 
22, 144875, 3.9016, -14.3275, 17.9411, -0.000124582, 0.000548826, -0.000696506, 
23, 100936, -10.1258, 5.94759, -11.3188, -6.46957e-05, -0.00011863, -8.95976e-05, 
24, 95186.1, -9.5789, -14.9553, -19.4304, 0.000118954, 0.000393563, 0.000606327, 
25, 151808, 3.65797, 14.8453, -18.784, -0.000424332, -6.3803e-05, 0.000544283, 
26, 118354, -15.5401, 13.143, -10.5481, 0.000515965, -0.000677212, 0.000127388, 
27, 149234, -6.73824, -10.9224, -9.54638, 3.43854e-05, 0.000466063, 0.000401386, 
28, 9985.68, -15.4299, 3.19873, 2.74444, 0.0005888, -9.94406e-05, -0.000110154, 
29, 180895, 9.9443, -3.72196, 14.9848, -0.00046898, -2.69786e-05, -0.000603548, 
30, 486.041, 14.3292, -10.9297, 4.03388, -0.000637419, 0.000226804, 5.65492e-05, 
31, 70262.9, -0.162653, -17.9411, -10.6976, -0.00011045, 0.000641773, 0.00035991, 
32, 45902.1, 0.54301, -6.1573, -13.899, -0.000200769, 0.000363776, 0.000643507, 
33, 24444.7, 3.87476, 1.80655, -14.5933, -0.000168382, -0.000124821, 0.000736159, 
34, 65679.9, -17.0506, -3.17845, 17.9853, 0.000264044, 0.000279842, -0.000850767, 
35, 3309.29, -18.0074, -6.3887, 1.96137, 0.00167298, 0.000387825, -0.00147783, 
36, 8280.38, 17.8329, -13.1267, -6.64419, -0.000499383, 0.000296185, 0.000234934, 
37, 94538.9, -9.14355, -16.639, 6.07613, 0.00121359, 0.000324579, 0.000146032, 
38, 30213.7, -1.88189, 8.80132, 6.45767, -0.00028363, -0.000383412, 2.81761e-05, 
39, 53471.9, 8.49485, 14.8525, -10.5737, -0.000458832, -0.000209327, 0.00041888, 
40, 43100.3, 19.016, -7.34358, 11.2943, -0.00162464, -0.00086591, -0.00082084, 
41, 44746.6, -6.70342, 5.10927, -15.9307, -0.000637947, 0.000170736, 0.000512704, 
42, 34053.9, -14.1971, 10.0129, -2.13552, 0.000421391, -0.000366754, -2.45002e-05, 
43, 54380.2, 8.86859, -0.175211, -13.3404, 0.000518227, -0.00163774, 0.00343456, 
44, 38723.2, -7.67564, 4.46517, 15.2943, 6.14448e-05, 5.29997e-05, -0.000632146, 
45, 2321.23, -19.5655, -4.87837, -4.68237, 0.000826565, 0.000222153, 0.000155794, 
46, 241169, 3.76478, 18.4363, -1.99386, 0.000305906, -0.000528432, -0.000352175, 
47, 344827, 9.01424, -0.424139, -12.8964, -0.00056307, 0.000258902, 4.80047e-05, 
48, 39271.1, 8.3609, 14.3712, 13.6841, -0.000470128, -0.000713711, -0.000501308, 
49, 19687.8, 19.61, -15.5896, -4.0673, -0.000489788, 0.000309197, 0.000163123, 
50, 61216.8, 5.42597, -12.8665, -3.47835, -0.000382191, 0.000445291, 0.000385452, 
51, 19182.2, 18.3693, -4.65916, 6.0099, -0.000631382, 1.66741e-05, 0.000108808, 
52, 12420.5, -1.27528, 0.0338509, 10.702, 6.3771e-05, -9.94026e-05, -0.000468177, 
53, 85447.4, 17.2946, 5.92104, 7.14072, -0.000451903, 0.000192762, 0.000104245, 
54, 361436, -12.3415, 15.7869, 13.5623, 0.000103446, -0.000770941, -0.000508036, 
55, 158926, -12.4186, 12.1818, 2.34138, 0.000292712, -0.000428949, 0.000147471, 
56, 49282.6, 19.3463, -9.24573, 11.1008, -0.00138324, 0.00102583, -0.000323037, 
57, 218355, 5.25384, 12.3588, 12.7325, -8.49933e-05, -0.000510301, -0.000464181, 
58, 22371.5, -3.96981, 8.57805, 7.24774, -0.000279011, -0.000116949, 0.000155642, 
59, 55919.9, 13.2879, -17.5024, 3.45388, -0.00243193, 0.000577434, 0.00215282, 
60, 21598.8, 3.95893, -10.009, 18.4472, -0.000318196, 6.25269e-05, -0.00080068, 
61, 398.952, -10.5845, -11.4601, 14.771, 0.00056361, 0.000354816, -0.000851443, 
62, 1108.92, -14.5343, -4.4055, -12.3708, 0.000387047, 0.00115733, 4.82632e-05, 
63, 108555, -19.6361, -1.13786, 0.428216, 0.000788272, -0.000117954, -7.96069e-05, 
64, 244863, -17.5447, 9.95555, -7.39216, 0.000684802, -0.000352361, -7.45447e-05, 
65, 220694, 18.0098, -8.0712, 10.725, -0.000185562, 0.000154268, 4.85372e-06, 
66, 61700, 6.72523, -15.8062, -15.8476, -0.000259075, 0.000381927, 0.000443861, 
67, 55388.9, 19.7491, -9.93881, -16.8068, -0.000374599, 0.000204036, 0.000301616, 
68, 211156, -4.94916, -18.816, 3.40383, 0.00086132, 0.00149597, 0.0016923, 
69, 12720.6, -13.8724, -9.59163, -7.60569, 0.000344768, 0.000422653, 0.000140756, 
70, 25096, -12.4883, 0.639148, 14.2734, 0.000320283, -1.92286e-05, -0.000586471, 
71, 179870, 1.66624, 3.436, -0.442757, -0.000162849, -0.000248475, 0.000136163, 
72, 79123.8, 17.2899, 12.4972, -2.57312, -0.000549207, -0.000337862, 0.000115425, 
73, 110870, -13.0108, 13.2515, 10.9625, 0.00048343, -0.000403683, -2.08831e-05, 
74, 43359.1, -5.20116, 17.0071, -13.5977, -0.000429976, -0.000763299, 5.02693e-05, 
75, 140124, -9.00357, -2.80241, 9.78663, -0.000127305, -0.000765559, -0.000858368, 
76, 229268, 13.299, -17.5013, 3.43417, -2.9345e-05, 0.000432629, -0.000520249, 
77, 302149, -18.8488, -1.80408, 14.4343, 0.000599046, 9.62693e-05, -0.000331017, 
78, 100708, -15.1044, -16.1989, 0.487901, 0.000555183, 0.000826125, 0.000188161, 
79, 46633.4, -8.55304, -12.4169, 13.2857, 0.000566261, 0.000702829, -0.00119851, 
80, 143926, -10.5991, -8.1178, 8.64963, 0.000509058, 0.000463936, -0.000388814, 
81, 270.261, 14.4515, -2.02305, -16.9837, -0.000409851, 0.000109297, 0.000575684, 
82, 159650, 4.46322, -6.24674, 3.20906, -0.000407284, 0.000152137, 0.000519269, 
83, 24756, 6.58461, 12.9638, 18.0016, -0.000189688, -0.000374107, -0.000721863, 
84, 18375.3, -1.22016, -1.54311, 8.37981, 0.000112698, -0.00011829, -0.000325101, 
85, 491877, -6.82888, 10.2917, 10.0929, -0.000179878, -0.000318036, -0.000340235, 
86, 194807, -13.3006, 10.2273, 9.23048, 0.000695177, 4.13911e-05, -1.89981e-05, 
87, 8649.23, 0.830805, 8.03994, -17.4861, -0.000378627, -0.000150408, 0.000832539, 
88, 138901, 7.23365, -10.3718, 14.8977, -0.000474127, 0.000324948, -0.000685246, 
89, 50202.9, 8.58433, 11.3082, 4.74387, -0.000399298, -0.000401893, -6.66213e-05, 
90, 98321.9, 1.99401, -6.49223, -1.69348, -0.000229148, 0.000160855, 0.000439855, 
91, 384069, 5.5568, -5.3472, 7.31269, -0.000644646, -0.000151822, -0.000329284, 
92, 81279.9, -15.8109, -11.5272, -9.78195, 0.000358565, 0.000723143, 0.000253273, 
93, 91375.2, 9.2919, -6.76727, -9.99928, -0.000418275, 0.000399873, 0.000396674, 
94, 5476.7, -12.4592, -17.382, 10.8125, 0.000538282, 0.00064295, -0.00049471, 
95, 33452.5, 2.74247, 3.53264, 18.0882, -0.000265458, -0.000219471, -0.000829432, 
96, 25752.1, 19.7605, 18.8829, 16.7714, -0.000306474, -0.000359943, -0.000270154, 
97, 200797, 15.6033, -1.42539, -8.7087, -0.000657734, 8.3662e-05, 0.000227874, 
98, 298981, -3.80073, -11.1066, -0.61347, 9.61205e-05, 0.000389044, 0.00027849, 
99, 93146, 6.71619, 18.4766, -9.80092, -0.00028678, -0.000537792, 0.000446065, 
100, 8612.85, 16.2698, -14.7505, 8.92528, -0.000518025, 0.000449138, -0.000173009, 
101, 24343.5, -6.74305, 9.55365, -2.39908, 6.17378e-06, -0.000411765, 8.46467e-05, 
102, 10296.7, 10.2448, -14.6521, 14.6749, -0.000459909, 0.000574278, -0.00041311, 
103, 15719.8, -10.2936, -1.64558, -15.0101, -0.000234008, 0.000447217, 0.000682015, 
104, 230040, -13.9937, 7.93786, -16.4013, 0.000677283, -0.000209249, 0.000752764, 
105, 17846.1, -11.9962, -9.50245, 7.15983, 0.000899696, 0.000493836, -6.61434e-05, 
106, 22216.6, 4.14882, -16.4225, 4.26785, -0.000470095, 0.000998283, -0.000180091, 
107, 98486.7, -8.3126, 3.03294, -17.429, -0.000107077, 0.000238993, 0.000916252, 
108, 214214, 19.625, 9.72796, 8.33326, -0.000759122, -0.000331653, 3.94211e-05, 
109, 131614, -17.7938, -8.8731, -10.4576, 0.000673571, 0.000381577, 0.000298379, 
110, 160023, -4.92835, -18.789, 3.45653, -0.00108888, 0.000162073, -0.00199238, 
111, 115735, -1.38193, -13.6382, 10.0596, -2.03486e-06, 0.000553655, -0.000315082, 
112, 378585, -17.7438, 19.4211, 4.93638, 5.59485e-05, -0.000505796, 0.000290631, 
113, 83295.8, 7.69495, 9.70767, 10.8477, -0.000446961, -0.000190203, -0.000244406, 
114, 148827, 16.607, 6.0673, -2.48574, -0.000594973, -7.163e-05, -7.68477e-05, 
115, 285284, -14.109, 1.46246, -12.9532, 0.000281747, -2.78263e-05, 0.000410329, 
116, 515864, 3.30989, -10.6667, 8.98275, -0.000257118, 0.000528614, -0.000436118, 
117, 88363.5, -6.897, -15.1041, -13.3128, -7.36266e-05, 0.000586231, 0.000431768, 
118, 155064, -0.302138, 7.46363, -14.0855, -0.000314969, -0.000187604, 0.00043197, 
119, 18098.3, -2.26, -12.8102, 7.20499, 0.000276386, 0.000416952, -3.0459e-05, 
120, 34391.6, -10.5094, 9.34651, 8.56675, 0.000310421, 0.000226989, 0.000178355, 
121, 78154, -6.43428, -4.57851, 13.1977, -0.000231892, 0.000123631, -0.000596323, 
122, 10497, 7.4321, -6.1745, -12.6448, -0.000194493, 0.000451963, 0.000651595, 
123, 59058.1, 8.24263, 2.81946, -0.424619, -0.000556391, -5.39026e-05, 0.000110782, 
124, 5646.35, 0.377826, -0.278106, 14.6904, 0.000116221, -0.000310432, -0.000241371, 
125, 103346, -13.0732, 7.37698, 16.7667, 0.000192651, 0.000109405, -0.000632402, 
126, 64702.5, 13.9415, 11.059, 14.2819, -0.000141265, -0.000525189, -0.000511638, 
127, 199056, -9.61223, -4.21037, 8.88477, 0.000522562, 0.00047977, 6.7631e-05, 
128, 192649, 1.79884, 0.415895, -10.0421, -0.000166175, -2.38347e-05, 0.000351621, 
129, 1707.71, 9.17384, 14.3307, 5.85725, -0.000402132, -0.000605949, -0.000160753, 
130, 19869.9, -17.7101, 15.671, 19.6213, 0.000321125, -0.000909579, -0.000780303, 
131, 143979, 6.79171, 8.43569, -2.74783, -0.000477233, -0.000187806, 0.000145561, 
132, 37850.6, 13.4782, -16.1668, 18.3921, -0.000300192, 0.000406246, -0.000431108, 
133, 50031.5, -10.2056, 18.795, 18.9272, -5.15485e-05, -0.000582956, -0.000618645, 
134, 369068, 18.7398, 8.00264, 14.0954, -0.000559406, -0.000109532, -0.000501449, 
135, 3806.98, -18.6692, -11.2417, -7.42323, 0.000740809, 0.000560783, -6.62733e-06, 
136, 64591.7, 11.037, -8.93256, -4.81789, -0.000709208, 0.000416684, 0.000359699, 
137, 1688.15, -12.5684, -9.54223, 0.655938, 0.000384366, 0.000284026, 9.83219e-05, 
138, 439943, -9.01643, 14.1035, -15.5307, -0.000229958, -0.000662985, 0.000340983, 
139, 72054.1, -8.10107, -11.8415, 12.1923, 0.000212513, 0.000280775, -0.00038661, 
140, 10511.3, -17.1106, 0.609175, -10.0769, 0.00119896, 0.000372314, -0.000119, 
141, 28560.6, -14.6384, -10.649, -16.4036, 0.000362851, 0.000421506, 0.000584477, 
142, 92270.6, -10.3697, -15.6711, -14.3121, 0.000345242, 0.000593211, 0.00041277, 
143, 57507.6, 17.7645, -1.79374, -17.223, -0.000472143, 4.7698e-05, 0.000438972, 
144, 106955, 4.52813, 15.9655, 3.575, -0.000176679, -0.000531881, -0.000275395, 
145, 53021.1, -0.297187, -11.8804, 2.28805, -2.24202e-05, 0.000306622, 9.25107e-05, 
146, 127593, -8.98665, 4.37712, 2.39317, 0.000225702, -0.000118239, 5.24298e-06, 
147, 31386.3, -8.92007, -9.88558, 5.05472, 0.000174813, 0.000226211, 6.9602e-06, 
148, 89613.6, 6.99291, -15.4843, -7.47107, -0.00037608, 0.000534524, 0.000429502, 
149, 251415, -14.502, -2.19331, -13.7124, 0.000469673, 0.000790284, 0.000619254, 
150, 55890.6, -7.59531, -4.67788, 14.3394, 0.000484686, 0.000192439, -0.00120279, 
151, 174949, -8.78159, 7.48222, -16.1056, -0.000178899, 1.94428e-05, 0.000813493, 
152, 66072.8, -7.48777, 6.60795, 18.8878, -2.72058e-05, -0.000102031, -0.000808364, 
153, 19075.8, -0.142607, -15.3682, -11.7061, -0.000164269, 0.000327658, 0.000505589, 
154, 47261.5, -0.902401, -1.0918, 0.19067, -0.000173635, -1.87311e-05, -0.000145479, 
155, 102102, -11.5106, -12.4139, 4.85406, 0.000527374, 0.000445522, -0.000114956, 
156, 5375.03, -4.92395, -14.2534, 2.79177, 0.000212581, 0.000413138, 7.66756e-06, 
157, 3761.7, 12.6593, -9.59361, -3.87865, -0.000958532, 0.000462743, 6.62714e-05, 
158, 7652.65, 10.6523, 6.80749, 9.27322, -0.000441149, -0.00011213, -0.000209096, 
159, 47070.1, -10.9099, -1.26105, 8.68792, 0.000820832, -0.000589792, -6.10546e-05, 
160, 17972.9, -15.7265, 16.0433, -15.1163, 0.000799288, -0.000715952, 0.000276504, 
161, 218629, -17.1452, 3.92709, -11.5018, 0.00107984, -0.000292576, 0.000155575, 
162, 138887, -8.04561, -17.2329, 6.73905, 1.9296e-05, 0.000949033, -0.000749573, 
163, 33277.3, 6.408, -2.07145, -18.846, -0.000217578, 0.000158506, 0.000776695, 
164, 167891, 1.07546, -1.59241, 16.5821, -7.79932e-05, 2.60259e-05, -0.000773714, 
165, 62570.5, 5.41889, 15.6396, -4.63735, -0.000288769, 2.18783e-05, 0.000380053, 
166, 38130.4, 0.151073, -16.9837, -17.3548, -0.000117378, 0.000424752, 0.000500904, 
167, 22403.8, -14.3857, 2.76696, -9.46035, 0.00031221, -0.0003483, -0.000377409, 
168, 1479.59, -12.6298, 8.01481, 2.08564, 0.000459921, -6.77867e-05, 3.26906e-05, 
169, 20399.9, -10.1575, 3.72041, -7.48836, -9.09899e-05, -0.000173674, -0.000142837, 
170, 115854, 3.53398, -15.7777, 0.508466, -0.000396726, 0.000820495, 0.000285054, 
171, 27762.9, 2.80026, -10.2013, 18.8483, 0.00018891, 0.000154364, -0.000917627, 
172, 250928, 5.94359, 19.2435, -3.99201, -0.000599241, -0.000826261, 0.000372596, 
173, 74469.2, 14.9647, 14.5765, 9.12159, -0.0003327, -0.000609869, -0.000139156, 
174, 143481, 19.448, -12.5661, 16.2576, -0.000452619, 0.000307602, -0.00039155, 
175, 27145.1, -13.7682, -12.4293, 9.23075, 0.000733216, 0.000526201, -0.000495324, 
176, 32620.6, 0.532888, 3.53983, 16.429, -4.20726e-06, -0.000244922, -0.000724369, 
177, 52575.7, -12.9851, 2.19325, -15.8537, 0.000114802, -2.86433e-06, 0.00128841, 
178, 19746.4, -0.657261, -6.46152, 3.18315, 0.000221444, 5.12947e-05, 4.59664e-05, 
179, 33623.1, 14.7795, 8.55463, 13.962, 8.99201e-05, -7.97136e-05, -0.000469784, 
180, 50349.8, 16.7257, 9.80872, 7.39849, -9.21847e-06, -0.000383071, 0.000190851, 
181, 89376.8, 16.4918, 6.41003, -5.41607, -0.000560672, -0.000192117, 0.000580751, 
182, 42160.2, -12.5244, 6.88452, -2.94043, 0.00027772, -0.000201486, -5.51854e-05, 
183, 100544, -8.73952, 19.2866, -14.7419, 6.19969e-05, -0.00108801, 0.000187806, 
184, 1446.88, -3.52449, -16.886, -8.76082, 3.69802e-05, 0.000667332, 0.000289574, 
185, 119694, -6.58465, -7.13046, -14.1203, -3.76806e-05, 0.00032506, 0.000605603, 
186, 120999, -15.2149, -13.0708, 1.87008, 0.000685016, 0.000404059, -2.82579e-05, 
187, 52698.3, 0.863823, -14.0387, 2.60404, -6.19454e-06, 0.000905946, 0.000130617, 
188, 105467, 8.90395, -7.40553, -2.94381, -0.000494643, 0.000165528, 0.000177686, 
189, 99748.4, -6.32622, -0.963761, -17.6958, -0.000207052, 0.000310877, 0.000765797, 
190, 77133, 2.0247, -4.40583, 5.94711, 0.00040574, -0.000296179, -8.29561e-05, 
191, 178804, -9.18959, 10.4545, -13.788, -5.13611e-05, -0.000112985, -0.000154047, 
192, 8685.6, 0.978815, 0.27324, 4.1147, -2.10056e-06, -0.000156796, -9.61625e-05, 
193, 256954, 4.4631, 4.17845, 6.78279, -0.000334959, -0.000238678, -0.000152927, 
194, 53540.6, 3.96433, -18.3065, -3.7267, -0.00023154, 0.000790842, 0.000344806, 
195, 220652, -11.9658, 14.788, -17.5493, 0.000844813, -0.000704143, 0.000992638, 
196, 10258.1, 12.7058, 14.825, -6.37732, -0.000495476, -0.000311782, 0.00026347, 
197, 6083.3, -8.94785, -0.61218, -12.1159, -0.00030851, 0.00026878, 0.000272934, 
198, 127562, 1.68324, 4.59226, 11.3811, -8.57569e-05, -0.000223847, -0.000566917, 
199, 34766.2, 16.3914, 5.33407, 11.6046, -0.000221529, 0.000330648, -0.000156258, 
