ID, Mass [kg], pos_0 [m], pos_1 [m], pos_2 [m], vel_0 [m/s], vel_1 [m/s], vel_2 [m/s], 
0, 97975.8, 25.6301, -35.5203, -20.0717, -0.00061757, 0.000723662, 5.69858e-05, 
1, 77894.7, -10.4473, -24.8765, -32.0463, 0.000683088, 0.000686513, 0.000588349, 
2, 11402, -36.2269, -29.3346, 40.627, 0.000281225, 0.00119897, 0.00191733, 
3, 66098.7, 25.2245, 18.8501, 13.2525, -0.000667583, -0.000338443, -0.000216274, 
4, 44838.5, 44.4566, 38.7086, 18.9392, -0.000892421, -0.000917735, 0.000144385, 
5, 294431, -26.1504, 15.6721, 8.6762, 1.11447e-05, 0.0017052, 0.000393946, 
6, 45520.7, -16.6427, 27.0117, -44.4451, -8.42098e-05, -0.000160375, 0.000852276, 
7, 104607, -33.5553, -28.7154, 39.1341, 0.00117183, 0.000632839, -0.00105775, 
8, 18630.4, 30.5322, 31.086, 20.2246, -0.000528832, -0.000699612, -0.000253083, 
9, 6880.78, 11.4209, -38.2283, 30.1476, -0.00025494, 0.000762754, -0.00063079, 
10, 62559.5, 33.6314, 12.943, 38.6185, -0.000408363, -0.000245589, -0.000711143, 
11, 25475.3, -22.206, -14.8066, -41.7574, 0.000151723, 9.83134e-05, 0.00121514, 
12, 71640.3, 27.3509, -2.3759, 11.7188, -0.00143321, 0.000189609, 0.000518454, 
13, 19375.1, 28.7644, -2.44291, -35.0663, -0.000437887, 0.000665681, 0.000371176, 
14, 192659, -36.2633, -29.1655, 41.332, -0.00039016, 0.000528481, -0.000195177, 
15, 90493.3, 12.8604, 10.6525, 35.2803, -0.00107479, -6.05445e-05, -0.00160387, 
16, 55088.9, -14.2254, -11.2639, -23.211, 0.000238863, 0.000184987, 0.000695508, 
17, 128599, -16.3726, -4.19014, 24.5106, -5.85015e-05, 0.000177649, -0.000858316, 
18, 2686.61, -16.3465, -4.0495, 24.3154, -0.0022429, -0.00176505, 0.000602031, 
19, 57797.8, -43.6751, 25.1547, 24.2423, 0.00156406, -0.000294278, -0.000402383, 
20, 50565.7, 36.0619, 24.9603, -15.7202, -0.00092496, -0.000255947, 0.00017877, 
21, 170562, -6.26557, -23.4246, -34.3449, -0.000341358, 0.000198781, 0.00110671, 
22, 46366.2, 26.0039, 16.8183, -22.1144, -0.000384879, -0.000351205, 0.000220436, 
23, 48064, 42.4865, 35.9853, 20.7302, -0.000501938, -0.000329967, -0.00022459, 
24, 10737.9, 21.9275, 21.7923, 30.0913, -0.000388134, -0.000531905, -0.000539214, 
25, 6821.61, -33.5899, -13.8278, 1.28511, 0.000594459, 0.00196558, 0.00177785, 
26, 85103.7, -18.7019, -19.0186, 22.3216, 9.13493e-05, 0.000335254, -0.000240085, 
27, 20373.4, 5.65939, -36.0234, -23.1723, -0.00079771, 0.00162584, -0.000764436, 
28, 40858.5, -27.428, -13.5266, 28.2711, -0.000133109, 0.000132428, 0.000472172, 
29, 20052.6, 22.6268, 1.84333, -27.6639, -0.000396898, -0.000419607, 0.000260771, 
30, 30553.1, 43.4674, -18.919, -9.53344, -0.0010834, 0.00042839, 0.000305884, 
31, 162518, -28.9218, -46.0035, 7.51764, 0.000390047, 0.000965837, -8.1061e-05, 
32, 65626.2, 12.6694, -12.6229, -0.428962, -0.000461314, 0.000440118, -4.65027e-05, 
33, 187658, -41.7633, -30.589, 45.7432, 0.00125096, 0.000689841, -0.00112974, 
34, 143234, 11.7638, 43.9417, -47.6187, -0.000123674, -0.000506573, 0.000668079, 
35, 251764, -39.4803, 35.9531, -37.4964, 0.0017908, -0.00102422, -4.14045e-05, 
36, 188234, 4.19515, -46.6926, 11.4914, -0.00028656, 0.0010014, -0.000196678, 
37, 145115, -17.0041, -28.3721, 19.146, 3.96805e-05, 0.000830428, -0.000226615, 
38, 97491.5, 40.0345, -6.09887, 1.48208, -0.00169787, -0.00055001, 0.000711845, 
39, 31783.6, -30.9194, 36.0062, -27.7115, -2.4687e-05, -0.000456982, -0.000139055, 
40, 3660.49, -15.4457, -27.8682, 0.0289283, 0.000583663, 0.0010301, -0.000209341, 
41, 6882.93, 19.6751, 29.9011, 13.8134, -0.000230613, -0.00131202, -0.000248735, 
42, 15820.5, 26.5106, 7.99604, -33.5627, -0.000544, -0.00051266, 0.000666067, 
43, 12851.8, 10.5856, 11.2802, 36.108, -0.000383096, -0.000495052, -0.000196398, 
44, 207554, -44.6766, -40.919, -27.8779, 0.000749489, 0.00105689, 0.000381325, 
45, 14218.7, 18.6843, 16.9046, -14.2398, -0.000484046, -0.000349412, 0.000347485, 
46, 94578.2, 39.7016, 30.5291, 39.2172, -0.000900273, -0.000920816, -0.000181225, 
47, 139467, 47.5388, 32.1153, 47.107, -0.000711674, -0.000389427, -0.000710758, 
48, 34799.6, 29.7405, 26.1446, 8.18615, -0.000892555, -0.000672809, -5.07322e-05, 
49, 52524.3, -11.7234, 14.9498, -14.5886, 0.000131869, -8.80568e-05, 0.000894292, 
50, 168682, -44.3605, -26.6761, -28.8595, 0.00156592, 0.000103586, 0.000502427, 
51, 4879.07, -34.0293, -8.02586, -34.3126, 0.000640792, -0.000592858, 0.0010757, 
52, 127413, -27.527, -43.3321, 44.8554, 6.80631e-05, 0.000917433, -0.000918684, 
53, 2820, -17.5682, 41.5328, 3.31306, 7.93819e-05, -0.00122707, 0.000464553, 
54, 67623.2, 13.8173, 10.36, 37.3412, -0.000133503, -0.000167737, -9.47103e-05, 
55, 124781, -11.9377, 39.6587, -22.9374, -0.000362828, 0.000739029, -0.000510116, 
56, 44370.6, 0.931398, -0.359478, -7.44043, -0.000217956, -0.000440701, 0.00125275, 
57, 51907.6, -7.70934, -31.0868, 2.46386, -2.21717e-05, 0.00117464, -0.000245378, 
58, 101111, -46.2179, 42.7844, 7.77009, 0.000990094, -0.000751405, 7.68869e-05, 
59, 12663.5, 36.9763, -5.3741, 20.5749, -0.000596646, 0.000492153, -0.000388203, 
60, 211734, -9.29575, 40.8913, 19.5034, -0.000106331, -0.00090038, -0.000538868, 
61, 14072.5, 33.9365, -23.9077, -15.3393, -0.000652111, 0.000300186, 0.000309681, 
62, 39936.1, 39.4375, -44.774, -14.0426, -0.000538171, 0.000880855, 0.000132824, 
63, 94816.2, -29.2119, 14.18, 0.26318, 0.00182419, -0.000190517, 0.00163763, 
64, 294722, 23.2838, -1.51252, 14.5615, -0.000296225, -7.95377e-05, -0.000605558, 
65, 115209, -36.8958, -40.4176, -7.15593, 0.000687725, 0.000762412, 4.08364e-05, 
66, 297505, -4.90162, 45.3168, 13.5962, -0.000569171, -0.0012988, 0.000269847, 
67, 109371, 37.6651, -13.3885, 27.7003, -0.000628105, 0.000506871, -0.00041173, 
68, 50319.5, 12.6562, -22.8123, 13.1645, -0.000783161, 0.000628566, -0.000615036, 
69, 94497.4, -15.1171, 3.51587, -38.6015, 0.000201435, -0.000164509, 0.000949566, 
70, 28507.8, 18.1858, -3.20541, 38.4549, -0.000266185, 0.000260734, -0.00092885, 
71, 20301.8, -2.51151, -31.5652, -10.9329, -0.000390322, 0.00112685, 0.000206731, 
72, 5514.46, -24.1616, -11.5783, -41.812, 0.000390243, -0.000296674, 0.00117854, 
73, 51713.3, 8.82638, -25.5284, 15.5936, -0.000178515, 0.000883114, -0.000761961, 
74, 54078.6, -26.5955, -12.9956, 27.456, 0.00122474, 0.000838649, -0.000679476, 
75, 100331, -20.223, -45.1586, -23.8288, 0.000275256, 0.0011052, 0.000503073, 
76, 16592, -17.8963, 2.47375, 44.1243, -0.000191892, -1.25441e-05, -0.00113719, 
77, 214624, 1.46882, -5.22301, 5.10973, 9.82246e-05, 0.000831493, -0.00139362, 
78, 77042.2, -1.53632, -15.6073, -1.12278, -0.00059124, 0.000746426, -0.000311089, 
79, 131835, -39.4967, 37.4622, -42.6562, 0.000884406, 0.000229283, -0.00225892, 
80, 36841.1, 28.2099, 15.1107, -24.7563, -0.000898117, -8.41809e-05, 0.000734046, 
81, 30218.7, -38.0909, -44.0759, 22.6257, 0.000768075, 0.00083777, -0.000152805, 
82, 5693.83, -24.5194, -17.7298, -20.6499, 9.83378e-05, 0.000246527, 0.000164797, 
83, 46120.3, 45.3941, 15.192, -36.3118, -0.000765726, -0.000193466, 0.000475796, 
84, 20479.4, -23.8778, -43.6681, -7.58887, 0.000314593, 0.00108232, 2.92366e-05, 
85, 115679, -12.321, -43.8637, 22.9957, -0.000177505, 0.00102673, -0.000362118, 
86, 124413, -38.959, -22.5926, 42.2288, 0.000965793, -0.000476564, -0.000757543, 
87, 14754.9, 31.9495, 4.01034, 24.9004, -0.000443281, -0.000329449, -0.000717936, 
88, 1562.9, 1.9941, 24.057, -28.9071, -0.000231603, -0.000383346, 0.000704715, 
89, 213089, 43.6498, 1.58582, 21.5331, -0.00112619, -0.000183727, -0.000585781, 
90, 131961, 43.7446, -0.144427, 9.59943, -0.00126462, -0.000259889, 3.74366e-05, 
91, 25620.6, -44.9565, 2.77607, -11.9315, 0.00143129, -3.30894e-05, 0.000337995, 
92, 36643.2, -27.9096, 26.11, 22.2045, -0.00112899, 0.00089997, -0.00241473, 
93, 10124.3, -15.3025, -3.64115, 21.4257, -0.000318695, 0.000144448, 0.000479865, 
94, 134912, 18.6865, -13.8389, -0.168179, -0.00106022, 0.000423929, 4.06054e-05, 
95, 352934, 2.63678, -2.38747, 1.72222, -0.000605849, -0.000720693, 0.000430809, 
96, 53519.9, -35.0942, -7.77405, 41.1087, 0.000588244, 0.000526815, -0.000724462, 
97, 179640, -25.5813, 15.3844, 6.90689, 0.00155408, -0.00358254, 0.00142439, 
98, 92275.8, 35.285, -20.006, -28.8303, -0.000937366, 0.000386594, 0.000386181, 
99, 37250.3, -9.44962, -40.5041, -38.9251, 0.000268083, 0.000698793, 0.000760276, 
100, 237086, -25.4262, -40.278, 31.8863, 0.000164087, 0.000950584, -0.000349679, 
101, 89616.5, -38.1336, 3.42456, -11.1751, 0.000952546, -5.28006e-05, 0.000470382, 
102, 131392, -36.2421, -10.9786, 23.8094, 0.00112314, 0.00019185, -0.000147208, 
103, 134711, 37.7229, 30.1234, 36.4514, -0.000270472, -0.000585064, 0.000154289, 
104, 108522, 20.3062, -16.7234, -34.7536, -0.000131725, 0.000527654, 0.000710347, 
105, 228291, 43.7624, -3.42277, 41.7855, -0.00098837, -0.00188411, -0.00155742, 
106, 233820, 27.2079, 44.5672, -16.0165, -0.000628834, -0.00119965, 0.000131684, 
107, 93778.3, -31.5709, -11.8396, -19.3372, 0.000645286, -0.000283924, 2.81791e-05, 
108, 109531, -6.30113, -6.19085, -3.38246, 0.00054432, -6.85281e-05, 0.000499803, 
109, 162559, -33.3528, -14.7385, 0.348658, 0.000927251, 0.000299138, -8.29215e-05, 
110, 104548, -19.5488, 44.9351, -43.5132, -0.000172476, -0.000722414, 0.000710781, 
111, 390486, -35.1423, 1.56793, 43.717, 0.000556142, -0.000161501, -0.000970797, 
112, 17258.3, 3.05541, -25.9863, 23.3352, -0.000224398, 0.000619433, -0.000842057, 
113, 11495, 39.8242, 14.8759, -3.12101, -0.000908551, -0.000396118, 0.000214603, 
114, 198051, 25.9029, 35.9961, -23.2788, -0.000450152, -0.000346852, 0.000643616, 
115, 43163.1, 10.1219, -27.1814, 4.76692, -0.000500588, 0.00130678, -4.76955e-05, 
116, 54122, -16.9601, 27.8228, 33.5194, -0.000551343, -0.000580925, -0.00170315, 
117, 7321.58, -17.8695, 13.7097, 22.2844, -0.000450016, 0.000456895, -0.000873577, 
118, 45671, 35.7938, 25.8169, -44.7779, -0.000539963, -0.000260986, 0.000681281, 
119, 335394, -26.1933, 34.5333, 20.7637, 0.000410273, -0.00160534, 0.000114918, 
120, 146744, -14.6196, -30.8492, -17.612, 9.76448e-05, 0.000804081, 0.000587105, 
121, 144968, -28.807, 26.6854, 23.5127, -0.000959177, 0.000879662, -0.00181929, 
122, 58573.5, 7.50878, 16.0864, -4.87977, -0.00055843, -0.000769381, 0.000266327, 
123, 69771.2, -11.9138, -5.4937, -24.4264, 5.25652e-05, -0.000340547, 0.000843202, 
124, 73065.8, -33.6531, 37.8492, 3.45, 0.000889193, -0.000998936, 0.0003578, 
125, 176383, 43.6039, -4.10336, 41.4338, -0.000189561, 0.00267944, 0.000282638, 
126, 46062, 37.1524, -14.3523, -3.99827, -0.000838729, 0.000614961, 0.000319352, 
127, 56478.2, 39.6158, 31.5111, 36.5008, 5.06096e-05, 0.000551701, -0.00201614, 
128, 73371.6, 7.07009, 8.27846, -44.8948, -0.000157959, -0.000249039, 0.00101638, 
129, 64320, -21.7347, 32.9253, 11.6436, -0.000102867, -0.00107164, 0.000732098, 
130, 34299.5, -38.8415, -22.7005, -29.8055, 0.00141145, 0.000440708, 0.00146336, 
131, 95466.1, -15.4871, -38.4046, -14.9532, 0.000132345, 0.00134568, 1.501e-05, 
132, 38698.9, -40.8702, -39.5755, 6.91677, 0.000903225, 0.000605098, -0.000128545, 
133, 99701.7, -15.1157, 14.1216, 8.26829, -0.00103913, -0.000242752, -0.000221447, 
134, 390402, -8.24332, -18.9106, -5.21869, 0.000284186, 0.000694415, 0.000225502, 
135, 51660.2, 2.78375, 12.6167, 37.2746, 0.000253911, -0.000261541, -0.0011983, 
136, 67734.6, 25.8273, 42.4502, -12.7535, -3.26331e-05, -0.00010663, -0.0010788, 
137, 2782.49, 5.26531, -1.49377, -32.1526, -0.000175705, -0.000917411, 0.00142159, 
138, 74344.9, 21.424, 25.8705, 13.6872, -0.000388144, -0.000734254, -0.000273335, 
139, 97141.8, 24.4529, -21.3238, -5.40134, -0.000813574, 0.000798207, 0.000238978, 
140, 210366, -9.14772, 24.4539, -11.036, -0.000145317, -0.000590349, 0.000487823, 
141, 40577, 3.63981, 28.1602, -5.44268, -0.000498613, -0.000790228, 0.000190722, 
142, 42182, 41.4953, 1.3437, 17.73, -0.000183792, -0.000297932, 0.000408306, 
143, 43465.5, -32.8137, 21.3729, 26.8217, 0.00216321, 0.000504884, -0.00110751, 
144, 15541.7, -25.8464, 24.2322, 17.2901, 0.000528559, -0.000547449, 0.000895745, 
145, 77758.8, 7.86808, -11.7862, -4.99299, -0.000566516, 0.000438009, 0.000813994, 
146, 59817.6, 5.22022, -17.3115, -18.8653, -0.000367326, 0.000392267, 0.000713773, 
147, 25797.1, -5.86258, -44.0717, -31.164, 4.67884e-06, 0.000982833, 0.000422437, 
148, 56695.6, 9.76636, -21.3469, 5.8829, -0.000427863, 0.000776633, -0.000303977, 
149, 5675.67, -26.194, 27.6005, 23.7377, 0.00158021, -0.00337144, -0.00121221, 
150, 10058.9, 6.90035, -31.5707, 19.5918, -0.000300632, 0.000984187, -0.000707291, 
151, 109307, 37.1733, -32.9205, 30.8003, -0.00102454, 0.000757465, -0.000327988, 
152, 64680.1, 8.10348, 11.4227, 34.9197, 0.000350387, -0.000201079, -0.000545465, 
153, 355851, 19.0934, -37.9195, -34.0468, -0.000419916, 0.000668131, 0.000568668, 
154, 112081, 27.484, -5.16744, -39.9407, -0.000569945, -0.000694482, 0.00234328, 
155, 136525, 47.2615, -39.4897, -43.4262, -0.000561867, 0.000371959, 0.000429929, 
156, 24618.5, -44.8624, -18.4041, -16.6121, 0.00119221, 0.000123711, -8.44562e-05, 
157, 30278.3, -11.7227, 1.87386, -6.28277, 0.000359392, -0.000238225, 0.000708649, 
158, 74807.4, -36.8783, 42.5432, -35.3239, 5.98114e-05, -0.0018905, -0.000235081, 
159, 13757.2, -27.865, -29.1542, 44.316, -0.000534509, 0.000365552, -0.00134065, 
160, 30157.7, 10.1789, -8.53922, -15.2396, -0.000581426, -3.79129e-05, 0.00079306, 
161, 499913, -33.386, -19.0661, -28.8445, 0.000393279, 4.77004e-05, 0.000742475, 
162, 243908, 2.93599, -45.6177, -46.5021, -3.42836e-05, 0.000655585, 0.000747982, 
163, 156234, -17.301, -20.6059, 32.306, -0.000276834, 0.000450703, -0.000994015, 
164, 180799, 27.0653, 38.8694, -27.0671, -0.000459198, -0.000386166, 0.000624463, 
165, 449860, -24.1151, 13.1648, 4.84387, 0.00061464, 0.0002594, -0.000503789, 
166, 12627.8, 9.44413, 38.1275, 42.7674, -0.00023399, -0.00027326, -0.000453437, 
167, 72413.6, 43.5058, -37.9574, -11.169, -0.00084931, 0.00056483, 6.33392e-05, 
168, 123248, -7.12354, 37.8594, 27.2772, -0.000621178, -0.000670887, -0.00122808, 
169, 19058.1, 38.5899, -33.8493, -7.55013, -0.000601178, 0.000535336, -0.000165278, 
170, 37240.7, 10.4955, -17.5779, 38.6373, -0.000210945, 0.000373031, -0.00088267, 
171, 10520.8, 35.6066, -25.2554, -15.0701, -0.00109793, 0.000675499, 0.000203416, 
172, 66867.4, -25.8742, -10.9181, 30.0735, 0.000112685, -0.000292561, -0.00119058, 
173, 286204, -32.926, 42.4028, 27.5249, 0.000904006, -0.00132946, -0.00083047, 
174, 7121.25, -16.6746, -2.20198, 23.1062, 0.000413073, -0.00101064, 0.000127451, 
175, 44439.5, 6.98559, 9.84271, -4.98663, -0.000607252, -0.000441449, 0.00050114, 
176, 95063.2, -5.45014, 22.0942, 15.547, -0.000692924, -0.000435181, -0.000355608, 
177, 172893, -11.7012, 38.3082, -22.2848, 0.000168249, -0.00192217, 0.00121323, 
178, 46650.2, 42.3847, -36.7213, 24.0702, -0.000825825, 0.000762195, 2.43183e-05, 
179, 38532.6, -37.5402, 39.9169, -25.2373, 0.000621426, -0.00078584, -0.000395545, 
180, 32991.6, -31.5061, -27.9232, 18.1929, 0.000825321, 0.000621439, -6.14051e-05, 
181, 177479, -37.8883, 34.8823, -38.5318, 0.000158229, -0.000669172, 0.00370321, 
182, 87.2575, 28.3063, 41.2218, -31.6897, -0.000784041, -0.00108027, 0.00139638, 
183, 128620, 5.42642, 0.879911, -33.9532, -0.000113061, -0.000134485, 0.000771093, 
184, 162169, 41.0055, -5.14535, 0.978069, -0.000546538, 0.000555686, 0.000159534, 
185, 20340.7, 2.13922, -2.20296, 10.0414, -0.000381374, -0.000585136, -0.00167275, 
186, 53688.5, 1.19483, 22.5281, -44.5726, -0.000115678, -0.000326869, 0.00082344, 
187, 29804.3, -22.0125, -22.4807, 9.52532, 0.000564326, 0.000575545, -3.41989e-05, 
188, 354857, 27.1461, -7.09477, -36.1838, -0.000661855, 5.97266e-05, 0.000256601, 
189, 50155.5, 23.9011, 42.4734, -43.5447, -0.000459693, -0.000505231, 0.000702031, 
190, 7112.4, -26.3753, 33.5222, 25.9194, 8.34737e-05, -0.00162532, -0.00216824, 
191, 126540, -41.6146, -31.5143, -27.9288, 0.00032972, 0.000960353, 0.000331528, 
192, 354318, -37.6365, 35.3846, -41.532, -0.000305762, 0.000381177, 0.000653046, 
193, 107194, 10.6926, 43.044, 47.6936, -0.000232006, -0.00058507, -0.000703494, 
194, 224461, 30.1848, -30.5805, 32.8765, -0.000129563, 0.000537669, -0.000647165, 
195, 635832, -24.814, 24.5117, 25.3608, 0.000767397, -0.000311003, -0.000756502, 
196, 66151.1, 6.15885, -36.7061, -22.3052, -6.30881e-06, 0.00062706, 0.00054775, 
197, 47866.1, -16.2812, -25.9802, -14.532, 0.000710585, 0.000269055, 0.000148257, 
198, 66662.6, 26.0865, 25.2998, -0.145801, -0.000631611, -0.000517757, 0.000149877, 
199, 70426.5, -26.8937, 35.6146, -2.34251, 0.000409198, -0.000976966, 0.000595247, 
