ID, Mass [kg], pos_0 [m], pos_1 [m], pos_2 [m], vel_0 [m/s], vel_1 [m/s], vel_2 [m/s], 
0, 5682.38, -19.6012, 0.429908, -0.600859, -0.00525657, -0.00350436, -0.00191053, 
1, 51291.5, -15.704, -8.13012, 11.8512, -0.0055231, -0.00465415, 0.00622982, 
2, 73779.3, -0.881433, 5.9917, 1.83436, 0.00609405, 0.00237113, -0.001896, 
3, 9731.99, -2.85677, 11.0366, 17.3224, -0.00142079, 0.00533144, 0.00289542, 
4, 104587, -2.50005, 0.868762, 2.47248, 0.000694148, -0.00673753, 0.00447556, 
5, 42215, -1.82046, 5.36696, 3.10952, 0.00494421, -0.00468652, 0.0010417, 
6, 57220.4, 13.5137, 2.92219, -16.0895, 0.00439165, 0.00479594, -0.00429089, 
7, 44855.5, 1.37805, 1.25339, -5.01534, 0.00161187, 0.00030846, 0.00564005, 
8, 276797, 1.20363, -7.75878, 4.05951, -0.000689974, 0.00246306, 0.000220243, 
9, 2643.18, -5.72564, 3.68595, -0.682382, 0.00137258, -0.00164437, 0.00552365, 
10, 33961.7, 8.47271, -11.0701, -8.11403, 0.000999189, -0.00301673, -0.000700469, 
11, 8691.35, -7.23912, 27.2308, -19.2856, -0.000519866, 0.00682814, -0.0065397, 
12, 141682, 0.659391, -2.27275, 5.55382, 0.00592747, -0.00284975, 0.0019869, 
13, 288611, -14.5586, -5.22672, -2.74875, -0.00178184, -0.0031299, 0.000538791, 
14, 512847, 2.45382, 0.0863774, -2.03337, -0.00352687, 0.00158004, 0.00300175, 
15, 15651.7, 0.51328, -3.0337, 4.81434, -0.000337385, -0.00354496, 0.0017739, 
16, 182451, 6.52684, -9.50012, 24.7264, 0.00405325, -0.00232511, 0.00580974, 
17, 62197.8, -10.029, -11.0438, 3.91354, -0.00306691, -0.00164387, 0.000565324, 
18, 185440, -15.0101, -5.58472, 1.89189, -0.00254095, -0.00440026, 0.00165015, 
19, 36701.4, 12.2463, 20.3057, -18.4613, 0.004428, 0.00621168, -0.00603546, 
20, 106936, -27.1424, -15.4214, 7.99894, -0.0084977, -0.00507577, 0.00242532, 
21, 161838, -1.73398, 0.985311, 3.37883, -0.00403774, -0.00458307, 0.00693455, 
22, 144875, -1.49138, -3.46374, 5.36218, -0.00176447, -0.00594149, 3.04367e-05, 
23, 100936, 4.6925, 14.9151, 12.2507, 0.000274469, 0.00388981, 0.000535615, 
24, 95186.1, 17.1523, 18.9415, 17.4398, 0.00588525, 0.00431088, 0.00423279, 
25, 151808, 10.3047, -12.4399, 22.0867, 0.00504456, -0.00320598, 0.00688609, 
26, 118354, 2.25712, 3.23735, 8.08231, -0.00321487, 0.0021502, -0.00252524, 
27, 149234, -6.68646, 6.71325, 1.53495, 0.00357065, -0.000342807, 0.000899061, 
28, 9985.68, -9.37263, 3.84298, -0.0598313, 0.00202731, -0.00293853, 0.00127924, 
29, 180895, 2.18775, 13.3524, -0.552414, 0.00278316, -0.00179654, 0.00332665, 
30, 486.041, 5.32806, 13.0868, -8.17649, 0.00271469, -7.5239e-05, 0.000135192, 
31, 70262.9, -2.49411, -2.28187, 0.068127, -0.000401939, -0.00513714, 0.00266267, 
32, 45902.1, -0.678391, -1.24685, 3.75657, 0.00513324, -0.00432134, 0.00172978, 
33, 24444.7, 6.413, -0.122654, -4.06264, 0.00214287, -0.00296056, 0.00176684, 
34, 65679.9, -4.50657, 5.62277, 4.95727, -0.000923385, 0.00347943, 0.000210485, 
35, 3309.29, -15.6384, -5.18998, -2.795, -0.00232465, -0.00765012, -0.00324156, 
36, 8280.38, -21.0581, 19.4181, -4.59523, -0.00543283, 0.00585172, -0.00337814, 
37, 94538.9, -1.70012, 0.186053, 5.34125, -0.000600618, 0.00215776, 0.00368917, 
38, 30213.7, 21.6129, -9.79221, -10.8273, 0.00937022, -0.00138207, -0.000453424, 
39, 53471.9, -9.31955, -4.70172, -10.6789, -0.000487277, 0.00242276, -0.002193, 
40, 43100.3, -11.9862, 14.0571, -11.6891, -0.00234859, 0.00319634, -0.0037595, 
41, 44746.6, 7.311, 17.7572, 10.7786, 0.00247942, 0.00550445, -0.000393205, 
42, 34053.9, 2.45451, 8.20205, 18.6095, -0.000158608, 0.0038494, 0.00643792, 
43, 54380.2, 0.653133, 1.10888, -2.82659, 0.00021708, 0.000381914, 0.00278137, 
44, 38723.2, 13.2336, -4.48805, -13.6209, 0.00297578, -0.000664517, -0.00495864, 
45, 2321.23, -14.0411, -6.30022, -3.13287, -0.00334181, -0.000721324, 0.000105231, 
46, 241169, 6.06849, 6.89517, -1.40105, 0.00608379, -0.000224706, -0.000495125, 
47, 344827, 1.33312, 1.10032, -3.92187, 0.00240669, -0.00201909, 0.0043646, 
48, 39271.1, 5.67621, 4.93783, 4.93609, 0.00432766, -0.00324943, 0.00151408, 
49, 19687.8, -21.1199, 17.6954, -4.7122, -0.00729657, 0.00676011, -0.00371966, 
50, 61216.8, 7.21371, -7.74061, -2.98611, 0.0027193, -0.00275609, 0.00227218, 
51, 19182.2, -17.3591, 21.7099, -11.6749, -0.00505703, 0.00765235, -0.0052013, 
52, 12420.5, -3.96005, 3.078, 5.63964, 0.00449659, 0.00187921, -0.000841748, 
53, 85447.4, -28.2698, -2.51712, -13.2686, -0.00849451, -0.000881444, -0.00357622, 
54, 361436, 3.66657, -1.93352, -2.47224, -0.00412219, 0.00380802, 0.00127801, 
55, 158926, 8.03508, 4.8598, -17.2837, 0.00323795, 0.00140519, -0.0039029, 
56, 49282.6, -15.0172, 18.7913, -16.1039, -0.00274746, 0.00604302, -0.00743555, 
57, 218355, 2.97257, 1.46837, 2.53939, 6.97409e-05, -0.00352861, -0.00069405, 
58, 22371.5, 21.2166, -9.01219, -7.32617, 0.0097321, -0.00217605, -0.00125424, 
59, 55919.9, -13.1475, 18.2571, -19.8277, -0.000987858, 0.00313714, -0.00525435, 
60, 21598.8, -6.63223, 8.93917, 3.10271, 0.00316302, -0.0036143, 0.000924883, 
61, 398.952, -1.69168, -2.74047, 4.526, 0.00346077, -0.00420929, -0.00194943, 
62, 1108.92, 0.450265, -4.08381, 23.4909, 0.000855897, -0.000837298, 0.00585631, 
63, 108555, -5.49762, 9.18701, -1.10214, -0.00459228, -0.00327594, -0.0014905, 
64, 244863, 8.12735, -3.30409, 17.5557, 0.00159755, -0.00120692, 0.00314256, 
65, 220694, -14.3541, 18.2402, -14.9331, -0.00243843, 0.00566379, -0.00491532, 
66, 61700, -5.02694, 26.009, 13.0891, -0.000138236, 0.00743938, 0.00323471, 
67, 55388.9, -12.7592, 4.47032, 9.86265, -0.00651111, 0.00180232, 0.00498724, 
68, 211156, -1.57985, 1.67069, 4.45332, 0.000712625, 0.00404974, -0.00153742, 
69, 12720.6, -2.12516, -11.8008, 6.68592, -0.000561348, -0.00317867, -0.00136004, 
70, 25096, -10.8225, 0.109682, 1.12069, 0.0012088, -0.00237518, -0.00167188, 
71, 179870, 3.8934, 12.4818, -6.70912, 0.0019071, 0.000820891, 0.000127903, 
72, 79123.8, -29.2269, -8.06497, -0.683255, -0.0060441, -0.00174399, -0.000626579, 
73, 110870, -4.17799, 3.53557, 3.42473, -0.00273045, -0.0012848, 0.00178664, 
74, 43359.1, 13.3081, 10.0368, 15.421, 0.00275028, 0.00585764, 0.00199397, 
75, 140124, -5.18409, -3.10572, -1.57494, 0.00440584, 0.00014866, 0.00239037, 
76, 229268, -10.6321, 15.5089, -17.1521, -0.00146805, 0.00278572, -0.00366662, 
77, 302149, 1.04877, 2.0578, 1.64356, -0.000934558, 0.00442723, 0.00779753, 
78, 100708, -13.6252, -4.87201, -4.16031, -0.00268171, -0.00287866, -0.00218382, 
79, 46633.4, -3.33027, 0.932024, 2.35158, 0.00296798, 0.00275311, 0.000532751, 
80, 143926, -11.1304, -1.09134, 5.18996, 0.00225957, -0.00369264, 0.000150466, 
81, 270.261, -25.2749, 4.99374, 11.9395, -0.00545829, 0.000822643, 0.00215393, 
82, 159650, -2.4161, 4.1008, 3.09704, 0.00518761, -0.00242207, 0.00369756, 
83, 24756, 3.59576, 4.63742, 1.29808, 0.00766918, -0.00393068, 0.000173664, 
84, 18375.3, 10.8006, -0.94457, 2.48571, 0.00023196, -0.00322129, 0.000999483, 
85, 491877, 20.8739, -9.10038, -9.75875, 0.00714353, -0.00190569, -0.0022559, 
86, 194807, 2.36659, 2.41104, -1.8116, -0.00489534, 0.0005003, 0.00317836, 
87, 8649.23, 11.2052, 3.19917, 6.29274, 0.00433581, 0.00209961, 0.000326389, 
88, 138901, 3.49857, -4.01128, 9.95348, -0.00185014, -0.00331632, 0.0032939, 
89, 50202.9, 4.68235, 0.629242, 6.62122, 0.00473382, -0.00440302, 0.00103808, 
90, 98321.9, -5.59403, -4.47399, 6.45849, 0.000977879, 0.00026399, 0.000473966, 
91, 384069, -0.99209, 4.73184, 2.97726, 0.00222748, 0.000327738, 0.00116476, 
92, 81279.9, -5.90333, -10.4536, 3.56071, -0.00248528, -0.00334178, -0.0017547, 
93, 91375.2, -0.23207, 2.20749, -3.16358, -0.000614473, 0.00219446, -0.00273151, 
94, 5476.7, -9.41336, -8.58202, 3.42645, -0.00178557, -0.00523848, 0.00249067, 
95, 33452.5, -0.869013, 12.2434, 4.56579, 0.00259905, -0.00044698, 0.00128987, 
96, 25752.1, -12.5811, -2.9467, -2.30823, -0.00932494, -0.00213253, -0.00326461, 
97, 200797, 2.06111, 2.07611, -0.610806, -0.00245522, -0.000598746, -0.0053067, 
98, 298981, -2.87694, -3.45195, 4.64605, -0.00126888, 0.00229017, -0.00110541, 
99, 93146, 4.60853, 3.74618, 0.26772, 0.00375273, -0.00289366, 0.00146819, 
100, 8612.85, -14.0242, 8.78862, -12.4907, -0.00176972, 0.00144827, -0.00258803, 
101, 24343.5, -2.62146, 14.0874, 7.35465, -0.000842037, 0.00148258, -0.000581214, 
102, 10296.7, -6.80374, 16.1739, -11.8427, -0.000107417, 0.00153239, 2.61049e-05, 
103, 15719.8, -7.74718, -5.8584, 16.2607, -0.00115696, 0.000129672, 0.00323463, 
104, 230040, -0.200362, 9.60276, 2.90594, -0.00203045, -0.000531882, -0.00453622, 
105, 17846.1, -9.85857, -1.59438, 5.03227, 0.00251691, -0.00392945, 0.000402722, 
106, 22216.6, -0.486606, 6.37811, 1.85156, 0.00589091, 0.00348471, -0.000562287, 
107, 98486.7, -0.951369, 8.7195, 17.0498, 0.000355103, 0.00334695, 0.00144511, 
108, 214214, -21.3405, -0.272485, -16.4426, -0.00748688, 3.79002e-05, -0.00624804, 
109, 131614, -0.817588, 3.47898, 2.51291, 0.00264657, -0.000961791, -0.00357176, 
110, 160023, -2.2873, 1.86533, 3.63096, -0.00144552, 0.00334553, -0.00191816, 
111, 115735, -1.01412, -2.70701, 5.41729, 0.00244327, -0.000532806, -0.00153224, 
112, 378585, 13.7, 1.2336, -19.0256, 0.00389043, 0.00196862, -0.00566001, 
113, 83295.8, -20.0103, 2.15092, -4.25563, -0.00383839, 0.00208057, 0.000211032, 
114, 148827, -9.78668, -2.55833, -0.458568, 0.00253526, 0.00295744, -0.000773626, 
115, 285284, -2.57343, -12.4389, 22.2717, -0.000142734, -0.00497724, 0.00697048, 
116, 515864, 1.36834, 2.33351, 0.981212, 0.00294894, 0.0018977, -0.00269204, 
117, 88363.5, 6.88357, -3.18971, 14.8337, 7.96993e-05, -0.00347503, 0.00265401, 
118, 155064, 7.49055, 1.05635, 8.71987, 0.00643745, 0.00398192, -0.000526648, 
119, 18098.3, -1.32377, 4.55161, 0.907766, 0.00789412, -0.00206909, 0.00121418, 
120, 34391.6, 22.0831, -13.097, -8.9835, 0.0074616, -0.00261047, -0.000466798, 
121, 78154, -6.52376, -5.21816, 0.340603, 0.00116416, -0.000554962, 0.00184964, 
122, 10497, -1.88312, 1.44457, -3.66567, 0.00036855, -0.000890918, -0.000540923, 
123, 59058.1, -4.8967, 15.5446, 1.4852, -0.000389981, 0.00373717, 0.00167656, 
124, 5646.35, 2.59565, 3.02016, 5.19395, 0.00112366, -0.00787967, 0.00105427, 
125, 103346, -0.676474, 2.02527, -1.7887, -0.00331563, 0.00227499, 0.00218754, 
126, 64702.5, -27.096, 0.114625, 6.62741, -0.00852724, 7.96193e-05, 0.00347803, 
127, 199056, -1.62283, 1.31717, 1.8496, 0.00332187, -0.00194189, -0.00306961, 
128, 192649, -0.442817, 4.21675, -1.08197, 0.00176286, -0.000920819, 0.0056601, 
129, 1707.71, 0.135224, -0.867683, 3.15186, -0.000618077, -0.00415103, -0.00568313, 
130, 19869.9, -1.91808, 5.10923, 0.0729296, 0.000832035, -0.00204796, -0.00531068, 
131, 143979, -5.45043, 0.316711, 6.12373, 0.00456138, 0.00318368, -0.00384367, 
132, 37850.6, -28.3073, 15.4358, -8.76672, -0.0104191, 0.00473758, -0.00251566, 
133, 50031.5, 1.60283, -0.499822, -1.33971, -0.000512103, 0.0048348, 0.000783664, 
134, 369068, -19.5661, 0.704794, -6.91912, -0.00215021, 0.000591778, -0.00146578, 
135, 3806.98, 1.07052, -12.0881, 2.63122, -0.000372413, -0.00439536, -0.00112979, 
136, 64591.7, 7.403, -3.28847, -9.31732, 0.00178085, -0.00358027, 0.000106553, 
137, 1688.15, -9.93279, -4.30165, 1.61444, -0.000435368, -0.00684228, 0.00299928, 
138, 439943, -5.65265, -1.69526, -0.588058, 0.00114045, -0.00378666, 0.00173071, 
139, 72054.1, -0.453651, -1.12513, 0.222439, 0.0052544, -0.000323543, -0.00403674, 
140, 10511.3, -2.63385, -8.73157, 17.3271, -0.000586183, -0.00371947, 0.00376265, 
141, 28560.6, -6.63938, 5.56458, 1.74898, 0.00230937, 0.0048727, 0.000585183, 
142, 92270.6, -6.90027, 1.7599, 0.0961421, -0.00210012, 0.00436951, 0.00030127, 
143, 57507.6, -22.508, 6.84936, 13.7562, -0.0067367, 0.00223409, 0.00413784, 
144, 106955, -9.33879, -3.50475, 15.9464, 0.000252804, -0.000472289, 0.00207348, 
145, 53021.1, -0.25383, 1.96287, 1.50882, 0.00432453, 0.00410192, 0.00502409, 
146, 127593, 0.347188, -1.40635, 2.16224, 0.00773662, 0.000272453, -0.000335846, 
147, 31386.3, 0.486187, 3.05019, 1.59881, 0.000899781, -0.00668399, -0.00046693, 
148, 89613.6, -9.30272, 15.5163, -8.27055, 0.00106746, 0.000205291, -0.00397542, 
149, 251415, 9.55234, -1.93248, 19.1515, 0.00265065, 0.000169314, 0.00190353, 
150, 55890.6, -10.1045, 0.948433, 0.747441, -0.00025445, -0.00694862, -9.69901e-05, 
151, 174949, -0.599274, 6.15252, 3.10139, -0.00544419, -0.0017774, -0.00305804, 
152, 66072.8, 9.93458, -9.50588, 7.24627, 0.00142523, -0.00099401, 0.0025267, 
153, 19075.8, -1.16273, 9.16689, -5.56998, 0.00121285, -0.0031922, -0.000205073, 
154, 47261.5, -9.22517, 2.76756, -3.53086, -0.00029122, -0.00199112, 0.00334566, 
155, 102102, -4.05687, 1.49495, 0.622165, 0.00301098, 0.00154352, -0.00168923, 
156, 5375.03, -0.669314, 1.47344, 1.98095, 0.00935125, 0.00301701, 0.000835495, 
157, 3761.7, 7.48929, 2.50122, -8.76955, 0.00157633, -0.0025439, -8.19763e-05, 
158, 7652.65, -0.513157, 7.48849, 7.16184, 0.00155691, 0.00143486, 0.00506764, 
159, 47070.1, -0.979898, 0.762391, 2.25487, -0.00152819, -0.00239386, -0.00549427, 
160, 17972.9, -3.00399, 1.67843, -5.14338, -0.00255982, 0.000914736, 0.00176263, 
161, 218629, -0.578169, -11.7728, 7.83404, -0.000378673, -0.00091306, 0.000578282, 
162, 138887, 3.63328, 1.10917, 4.01074, -0.00406745, 0.00233415, -0.000470211, 
163, 33277.3, 6.69353, -1.79578, -6.77704, 0.00475641, -0.00441351, 0.000441295, 
164, 167891, 1.99332, 2.43861, 5.46593, -0.00380356, -0.00408999, -0.00199595, 
165, 62570.5, -3.69221, -25.5307, -5.80964, 0.00016131, -0.00812367, -0.0020946, 
166, 38130.4, 3.05488, 24.8271, 14.317, 0.00231526, 0.00656419, 0.00334672, 
167, 22403.8, 2.40345, -8.82488, 23.1421, 0.00162412, -0.00360495, 0.00527832, 
168, 1479.59, 11.1822, 5.67775, -19.3787, 0.00459881, 0.003037, -0.00623676, 
169, 20399.9, 1.0468, -12.5596, 22.6505, 0.000198317, -0.00606444, 0.00587101, 
170, 115854, -0.337747, -0.259943, -0.973454, 0.00214025, 0.00186695, -0.0052306, 
171, 27762.9, -0.270936, 5.6354, -1.09779, 0.00252491, -0.00645549, 0.0041565, 
172, 250928, -7.1141, -0.248335, 5.34331, 0.00365354, 0.00228374, -0.00208007, 
173, 74469.2, -20.4176, 7.35147, -5.07864, -0.00649819, 0.00555716, -0.00212399, 
174, 143481, -24.5441, 16.3043, -9.74586, -0.00782469, 0.005605, -0.00404826, 
175, 27145.1, -4.63983, 1.58206, 1.40825, 0.00265421, 0.00196448, -0.00030879, 
176, 32620.6, 4.35352, 7.69405, 8.00184, 0.00431505, -3.41392e-05, 0.00228503, 
177, 52575.7, 0.300097, -13.7291, 23.9758, -2.48039e-05, -0.00538966, 0.00929101, 
178, 19746.4, -2.1322, 0.552291, 2.95926, -0.00275691, -0.00376085, 0.00686736, 
179, 33623.1, -16.4487, 0.739773, -7.50696, -0.00312632, 0.00176946, 0.000272022, 
180, 50349.8, -22.9915, -14.891, -12.2163, -0.00660201, -0.00446806, -0.00346151, 
181, 89376.8, -14.5777, -0.878702, -6.50337, -0.000285667, 0.00236161, 0.000435528, 
182, 42160.2, 1.52693, -0.3964, 23.8667, 4.79643e-05, -0.000143342, 0.00868238, 
183, 100544, -14.7348, -6.34789, -3.23682, -0.00580667, -0.00515544, 0.000122493, 
184, 1446.88, -6.92641, -0.257184, 0.261087, 0.00226168, 0.0017194, 0.00343248, 
185, 119694, -5.00314, 5.39996, -0.802761, 0.00143512, 0.00409704, -0.00250948, 
186, 120999, -1.20394, 9.74279, -2.97343, -0.00423521, -0.00326281, -0.00037841, 
187, 52698.3, -4.29924, 2.97433, 0.705393, 0.00486899, 0.0048183, -0.00103787, 
188, 105467, 7.06554, -3.83893, -6.4788, 0.00296331, -0.00216069, 0.00140995, 
189, 99748.4, -2.28445, -18.0114, 10.768, -0.00115636, -0.00553073, 0.00268096, 
190, 77133, -0.807643, 2.37455, 4.24986, 0.00138782, -0.00067771, 0.00198446, 
191, 178804, 2.425, 9.63516, 4.77538, -0.00221561, -0.00095466, -0.00322741, 
192, 8685.6, -4.70375, 0.330255, 3.94907, -0.000389212, 0.000643474, 0.00684047, 
193, 256954, 1.5148, 10.3502, 10.5761, 0.00440937, 0.000579777, 0.00591411, 
194, 53540.6, 6.48459, -5.03106, 1.80924, 0.0041111, -0.0011969, 0.00261401, 
195, 220652, -2.05383, 1.91165, -1.30646, -0.00193633, -0.00239988, -0.00499823, 
196, 10258.1, 3.45476, -6.91441, 7.57955, 0.0032226, 0.00218843, -0.000213545, 
197, 6083.3, -9.72615, -9.44188, 14.6567, -0.00358199, -0.00131154, 0.00265407, 
198, 127562, 6.91744, 13.5711, -4.53134, 0.00211396, 0.00206887, -0.000828221, 
199, 34766.2, -14.9645, -0.268657, -4.27403, 9.69693e-05, -0.000434056, -0.0017487, 
