ID, Mass [kg], pos_0 [m], pos_1 [m], pos_2 [m], vel_0 [m/s], vel_1 [m/s], vel_2 [m/s], 
0, 4982.76, -1.57317, -1.87765, -0.635061, 0.00543621, 0.0130376, -0.00397457, 
1, 84564.5, 12.5199, 11.2743, 11.0787, -0.00330585, -0.00323577, -0.0027792, 
2, 143976, -0.020273, -0.493316, 2.52623, 0.00958193, 0.000673758, 0.00572518, 
3, 12096.4, -0.213782, -1.86508, -0.894863, 0.000430048, -0.00571264, -0.00813109, 
4, 108584, -1.37808, 1.67526, -3.28803, 0.00573374, -0.00707843, 0.00919961, 
5, 224267, 2.75407, -2.15472, 3.05739, 0.00496501, -0.00262211, -0.00164087, 
6, 6023.5, 1.972, -5.02108, 1.74611, -0.00307761, 0.00524284, 0.00870567, 
7, 12734.1, -1.33393, 0.972519, 1.84998, -0.00280124, -0.00383012, 0.00393513, 
8, 29188.7, -0.630032, -1.00943, 0.996516, -0.00241641, -0.0117824, 0.00136217, 
9, 37892.9, 2.28053, -5.49822, 1.59305, 0.00342092, 0.00592044, 0.00598638, 
10, 282.759, -6.12108, 6.80671, -11.2903, 0.00429353, -0.00477983, 0.00422649, 
11, 75028.9, 1.03943, 5.01252, -1.47105, -0.00639004, -0.00987767, 0.00452895, 
12, 29068.2, 1.34769, -2.02627, 2.14131, 0.0102035, 0.00190794, 0.0150672, 
13, 142762, 0.333366, -7.04031, -1.92856, 0.00217099, -0.00356719, -0.00761289, 
14, 289648, 2.20426, -1.92326, 3.20463, 0.00346803, -0.000893583, 0.00178547, 
15, 17335.1, 3.45613, -1.09764, 0.109497, -0.00328009, 0.0068437, 0.0151962, 
16, 37341.1, -8.9335, 6.22002, 4.49241, 0.00575844, -0.00573702, -0.00151281, 
17, 206687, 2.31342, 0.292531, 5.90419, 0.0022991, 0.00549711, 0.00629425, 
18, 253630, 0.340059, -7.23741, -2.77738, -0.0015847, -0.00243544, -0.0097442, 
19, 40480.6, -1.51327, -4.1082, 0.998163, -0.00366438, -0.00359084, 0.00996707, 
20, 176293, 3.52692, -0.606951, -4.29379, 0.00361548, 0.00650969, -0.0135464, 
21, 17357.4, 3.57061, -3.94301, -1.38074, 0.00204553, 0.0076867, 0.00398508, 
22, 241662, -1.73233, -1.24463, 0.146904, -0.00134386, -0.0100961, 0.00306086, 
23, 144304, -4.82857, -3.11763, -2.0309, 0.00417669, -0.00013729, -0.00807446, 
24, 449735, -1.27856, -1.43854, -0.966877, -0.00452587, 0.000469998, -0.00117196, 
25, 31022.8, -1.30669, 0.596572, -0.810097, -0.00407133, -0.00786237, 0.00118781, 
26, 277840, -2.4729, -5.22969, -3.07756, -0.00493976, 0.00436171, -0.00677517, 
27, 22179, -4.49856, -5.23214, -4.1342, -0.00449547, -0.00409844, -0.0119171, 
28, 7726.87, -5.00046, 0.115174, 4.69421, 0.0065484, -0.00500026, -0.00698277, 
29, 88891.4, -5.68925, -2.5034, 1.07233, 0.00101677, 0.00733095, -0.00437652, 
30, 193310, 5.64997, 0.0657898, -1.20797, 0.0100816, 0.00646261, -0.00937273, 
31, 53721.6, 2.7821, 5.94567, -3.3748, 0.00348319, -0.00865078, 0.00903063, 
32, 149583, -1.93941, -1.57232, 0.35411, -0.0006303, -0.0109669, 0.00336724, 
33, 188997, -0.563894, -0.00461041, 1.99852, 0.0056892, 0.00568532, 0.0108703, 
34, 147623, 4.88792, -3.80849, 3.34005, 0.00944599, 0.00261612, -0.00181627, 
35, 35433.4, -1.57139, -1.93837, -4.24389, -0.000402437, -0.0113764, 0.00418475, 
36, 379972, -3.54806, -4.73211, -1.84975, 0.00302662, 0.00366501, -0.00725887, 
37, 174579, -7.35709, 8.70647, -9.86838, 0.00586485, -0.00392811, 0.00438595, 
38, 31779.4, 3.06807, -5.08969, 0.0330981, -0.00150724, 0.00146998, 0.00950158, 
39, 17933.7, -3.56912, 0.160405, 1.35178, -0.00797584, -0.00507162, 0.00538304, 
40, 9826.32, -5.81408, 2.70237, 1.31177, -0.0060911, 0.00849611, -0.00977879, 
41, 92983.9, -4.51826, -4.94958, 6.97515, 0.00709875, 0.00634341, -0.00738666, 
42, 36951.3, 3.19062, -4.10932, 2.42497, -0.00188464, 0.0109511, -0.00687711, 
43, 6279.37, -3.02539, -2.78691, 1.26847, -0.00735939, -0.00912304, -0.00316962, 
44, 18926.2, -2.56237, -0.963131, 1.35548, 0.00856905, 0.00569621, -0.0111851, 
45, 13388.8, 1.00786, -1.51321, 0.350778, 0.0101635, 0.00131599, 0.0168486, 
46, 57039.7, -1.0458, -5.2451, -4.29826, -0.00068367, 0.00632736, -0.00547045, 
47, 165793, 1.15602, -0.702045, 3.70119, 0.00447107, -0.00184473, 0.0053358, 
48, 95584.4, -0.209307, -1.25367, 0.51545, -0.00750394, -0.00998178, 0.00839979, 
49, 49905.3, 2.14255, -0.280794, 4.29611, -0.00410597, 0.00594077, -0.00138855, 
50, 72486.3, -0.0639001, -2.01309, -1.87005, -0.00551239, 0.0109746, -0.00646138, 
51, 332159, -3.04487, 1.25211, 0.574797, 0.00437061, -0.00023953, -0.00808884, 
52, 12900.8, 2.16168, -2.8565, 3.83789, 0.00098125, 0.00338506, 0.00524135, 
53, 159525, -1.27072, -1.74908, 1.34079, 0.00270901, -0.00609782, 0.00708476, 
54, 73837.4, 0.686217, 0.805612, -3.7485, -0.00835991, 0.00732306, 0.00146284, 
55, 125355, 0.643501, -1.06638, 3.77465, 0.0031628, 0.0141152, 0.00492834, 
56, 28797.6, 0.665967, -0.706745, 0.574857, -0.0079883, -0.0122411, 0.00159998, 
57, 91269.6, 0.89605, -5.53259, 1.45216, -0.00122716, -0.00363405, 0.000715065, 
58, 5483.02, -5.5121, -0.936349, -6.3905, 0.00771079, -0.000309785, 0.00745188, 
59, 142050, 1.91796, -3.70222, 4.51887, 0.000551694, 0.00559317, 0.00980095, 
60, 184526, -4.94195, 3.90316, 4.29194, -0.00254201, 0.00629781, -0.0050554, 
61, 58050.4, -0.263743, -1.45317, -1.26103, 0.00657446, 0.00496759, -0.0035831, 
62, 96236, 2.80943, -0.403246, 0.662022, 0.00276835, -0.0071851, 0.00592117, 
63, 23636.2, -7.48596, 2.91881, 1.86844, 0.00383005, 0.00503055, -0.00488478, 
64, 29280.4, -0.452857, -2.03413, 3.10609, -0.00935549, -0.00881065, -0.0035412, 
65, 161524, 2.29103, -0.798354, -0.369155, 0.00193159, -0.0111698, 0.00955022, 
66, 67938.3, 2.26508, -2.62669, 1.4473, -0.00356017, 0.0135699, -0.00903263, 
67, 267084, 1.99937, -1.95237, 2.51033, -0.00548386, 0.000241329, 0.00251319, 
68, 69388.9, -7.78853, 1.94526, -2.70016, 0.0022877, -0.00592288, 0.00595071, 
69, 47165.6, 2.50625, -1.26529, -1.44762, 0.00595878, 0.00745571, -0.0179623, 
70, 201127, -5.94913, 3.67855, 2.66349, -0.00566423, 0.00692848, -0.00578873, 
71, 105689, -3.53526, -3.44548, -1.92303, -0.00353855, 0.0093356, 0.0126121, 
72, 14582, 3.34953, -0.467221, -3.44621, 0.00139588, 0.00669461, -0.00564268, 
73, 76931.6, 3.3173, -0.509431, 1.29387, -0.00233597, -0.0125036, 0.0111757, 
74, 237815, 1.59566, -3.04929, 3.43701, -0.000397117, -0.000960478, 0.0115653, 
75, 105565, -5.74884, 1.13624, 6.78515, 0.00530197, -0.00694429, -0.00821077, 
76, 170875, -3.51497, -4.77529, -0.0517319, -0.00533795, -0.00807517, -0.00703983, 
77, 17853.6, -3.77319, -3.85591, -4.03746, 0.00355453, 0.000500525, -0.00932795, 
78, 24497.1, 3.56821, -0.0391839, 2.44018, -0.00100738, 0.0029613, -0.0048592, 
79, 101855, 1.41908, -0.786916, -3.36742, -0.00589735, -0.00527652, 0.00504251, 
80, 95013.6, -0.720685, 0.672083, -1.41402, -0.00763267, 0.00646649, -0.00615409, 
81, 141297, -7.77186, 7.00979, -10.4602, 0.00315091, -0.00367154, 0.00327818, 
82, 151080, 2.68522, 0.823306, -2.20211, -0.0029278, 0.00537304, -0.00247108, 
83, 260791, 2.32067, -1.73806, 3.25823, -0.0004282, 0.00810863, 1.97484e-05, 
84, 100223, -5.25771, -0.122662, -3.11378, 0.00282403, 0.00628521, -0.00391469, 
85, 7966.28, 2.44309, -5.10729, 5.86464, 0.00677938, 0.00543135, 0.00612391, 
86, 58175.3, 0.992929, -0.313882, 0.21278, 0.000583715, -0.0120067, 0.00534179, 
87, 628317, 1.13453, -1.56006, -0.665527, -0.00127719, 0.00637318, -0.00596752, 
88, 82285.2, 1.01885, -0.203103, -3.43354, -0.00889523, -0.0146632, -0.00254653, 
89, 161291, 2.22765, -5.31633, 4.58028, 0.00329125, 0.00322657, 0.00302124, 
90, 79687.2, -2.78634, 0.0991718, -0.655255, -0.00299109, 0.00439162, -0.0102024, 
91, 310528, 1.25811, 3.27478, -2.38594, -0.00902825, -0.0107319, 0.00837109, 
92, 30795.2, 1.83642, -2.17347, 2.12145, -0.00202162, 0.00991602, 0.00926184, 
93, 519908, 1.17668, -0.703813, -0.0447478, 0.00590344, -0.00418746, -0.00924476, 
94, 101104, 3.91743, -5.51921, 3.77818, 0.00930682, -0.00176147, 0.00228743, 
95, 23620.3, 1.57734, -0.0678351, 7.36968, 0.000364539, 0.00474842, 0.00748725, 
96, 8104.4, 1.10111, -5.04219, 1.55596, -0.00155401, -0.00378214, 0.0046229, 
97, 234265, 2.63312, -3.68074, 0.248855, 0.00155696, -0.00202499, -0.000555719, 
98, 3741.53, 0.990953, -5.84553, 3.2284, 2.00862e-05, -0.000668103, 0.0151277, 
99, 5528.05, 3.19498, 1.78158, 1.98768, 0.00282826, 0.0135135, -0.00156933, 
100, 6655.21, -1.16969, 0.0247301, 2.1701, 0.00802685, 0.00410597, -0.0106479, 
101, 74442.9, -1.41572, 6.27118, -3.80256, -0.00664323, -0.00588369, 0.00444843, 
102, 271819, -0.70592, -3.27705, -0.254665, -0.00750734, -0.00479274, -0.017126, 
103, 173429, -1.73623, -0.237641, -0.431661, -0.00473776, -0.0163629, 0.00347186, 
104, 132164, 5.85874, 0.368514, -0.499403, -0.00668112, 0.00638832, -0.00620037, 
105, 293403, -0.863614, -2.73477, 5.22403, 0.00495193, 0.00209252, 0.00793094, 
106, 91810.3, -1.74456, -0.77113, 3.42206, 0.00377782, -0.0014424, 0.0063555, 
107, 203740, 0.172991, 0.118474, 6.92151, -0.00131781, 0.00545359, 0.00394193, 
108, 124900, 1.0128, -2.62418, -1.15999, -0.01024, -0.00808296, 0.0076568, 
109, 153482, -0.281005, -0.0484463, 2.57345, 0.00812515, 0.0025704, 0.0103071, 
110, 95805.7, 1.1486, -0.730496, 4.84834, -0.0013825, 0.00780682, 0.0125869, 
111, 47735.2, 0.155906, -1.67429, 1.49179, 0.00589047, 0.0120133, 0.0113322, 
112, 24494.2, -4.84803, 3.26149, -0.225936, -0.0030753, 0.00528323, -0.0101947, 
113, 39205.1, -0.56847, 0.773209, -0.453763, -0.00953799, -0.0035385, 0.00973683, 
114, 24723, 3.74457, 7.57611, -1.58579, -0.00632438, -0.00644199, 0.0072206, 
115, 15671.3, -5.38103, -8.74647, -8.33933, 0.00459778, 0.00507442, 0.00568783, 
116, 320473, 2.26214, -0.652611, 0.393231, -0.0016934, -0.0141277, 0.00953699, 
117, 54072.2, 3.0654, 0.805164, 0.650017, -0.00379871, -0.00999478, 0.005144, 
118, 20992.2, 0.274416, -4.22033, -1.67413, 0.00826555, 0.00752908, 0.0131485, 
119, 68943.4, 1.18755, 3.35174, -5.36052, -0.0091215, -0.0109305, 0.00175728, 
120, 176775, 2.60892, -4.47714, 4.48113, 0.00434123, 0.00192371, 0.00500709, 
121, 28501.8, -0.260912, -0.996505, -1.06412, -0.00270475, 0.0114436, -0.00938209, 
122, 93263.7, -5.43566, -5.836, -2.54229, -0.00508725, 0.00195642, -0.0102506, 
123, 54631.4, -5.35691, -1.28349, 3.27789, 0.00717987, -0.00538364, -0.00879371, 
124, 28486.7, -3.08627, -2.52276, -2.26351, 0.00203336, 0.00901498, -0.00795814, 
125, 45940.3, 1.33991, -6.77857, -2.21023, 0.00108089, -0.00309054, -0.0153592, 
126, 58147.3, 3.34445, -3.29966, 3.77725, -0.003417, -0.00135514, 0.00301729, 
127, 314510, -0.54289, -2.59591, 0.0107278, -0.00357568, 0.0128968, 0.0147287, 
128, 66689.7, 3.31357, -1.07249, 2.03258, -0.00325649, -0.00109672, 0.0023815, 
129, 293196, -2.32426, 0.0710359, 5.85369, 0.00893068, -0.00508367, -0.00789378, 
130, 58957.4, -3.00613, -3.6262, -1.68031, -0.00273694, 0.00842886, -0.00353681, 
131, 26864.5, -3.44788, 0.00760439, 4.57192, 0.0109987, -0.00423334, -0.0101885, 
132, 14537.9, 3.91908, -3.17401, -0.449768, 0.010817, 0.000874909, -0.0129838, 
133, 59690.8, 1.8179, -3.93768, 4.05052, 0.00373424, 0.00478848, 0.0131167, 
134, 71873.2, 4.01377, -1.78328, 2.605, -0.00952372, -0.00484133, 0.0072284, 
135, 9549.31, 0.416407, -0.927209, 3.46441, 0.00643213, 0.00186191, 0.00631345, 
136, 48774.7, -1.28881, 0.748947, -3.11345, -0.0100198, -0.0135165, -0.00140872, 
137, 177196, 0.597295, -2.56152, 2.00518, -0.000567802, -0.0121808, 0.0108446, 
138, 29597.5, 4.55878, -1.80449, -0.779643, 0.00152611, -0.000160529, -0.00911381, 
139, 32591.9, 1.63983, -0.206946, 0.448418, -0.00100634, -0.0132417, 0.00651994, 
140, 153581, 2.19435, 1.49483, -0.958624, -0.00338855, -0.0132268, 0.0100169, 
141, 131949, 1.6397, -1.29341, -0.784721, 0.0144853, 0.00625661, -0.00570602, 
142, 20789.6, 2.71403, -0.776086, -2.57939, -0.00352468, 0.012773, -0.00397925, 
143, 36049, 1.3021, 1.27112, -0.613891, 0.00387896, -0.0127478, 0.00431725, 
144, 177733, 1.46716, -1.25716, 0.739855, -0.00086236, 0.0105231, 0.0084534, 
145, 143909, 4.56151, -7.51231, -6.98193, -0.00609274, 0.00428359, 0.00595502, 
146, 76057.7, -0.108041, -2.08626, -0.723788, -0.00771538, 0.00501856, 0.000129745, 
147, 21460.3, -0.122108, -2.01522, -0.796012, -0.00573141, 0.00913209, 0.000917915, 
148, 28241, -7.83913, -2.74824, -0.0501911, -0.00166195, 0.00615941, -0.00548458, 
149, 77611.6, 2.65764, -3.64339, 3.02931, -0.00745685, -0.00656166, 0.00730589, 
150, 42249.4, 1.52355, -7.24308, 1.90122, 0.00324794, -0.000393737, 0.00237173, 
151, 30574.3, 1.86569, -3.42004, 1.9846, -0.00374964, 0.00761608, 0.00907218, 
152, 45197.8, -1.51538, 0.39807, -2.85703, -0.00924542, -0.0145982, 0.0012346, 
153, 71843.5, 4.23824, -1.20506, 4.01727, 0.00108909, -0.0014536, 0.0037806, 
154, 71612.1, 3.87453, -1.60443, 2.00648, -0.000368398, -0.0128056, 0.0110585, 
155, 53086.9, -0.620263, -0.227303, 3.61205, 0.00544849, 0.0062041, 0.0109936, 
156, 50912.6, 1.6433, -1.08126, 2.96094, -0.00473437, 0.00501602, -0.00374155, 
157, 422843, -2.07097, -1.351, 0.0798538, 0.00267817, 0.00129929, -0.00980783, 
158, 35700.8, 3.42877, -4.57851, -3.65908, -0.00977455, 0.00432035, 0.00641534, 
159, 46045.4, 0.284848, 2.08355, 4.59702, 0.00747724, 0.0031155, 0.00374231, 
160, 152279, -3.0445, -1.81761, 3.13396, 0.0116754, -0.00506225, -0.0087431, 
161, 142259, 3.41889, 0.0270852, -2.52531, 0.00106166, 0.0133102, -0.00491194, 
162, 22811, 3.28339, -0.538185, 0.557791, 0.000513688, -0.00443295, 0.00378824, 
163, 44215.6, 2.46599, -2.42023, -4.3832, -0.00543533, -0.00912753, 0.00350013, 
164, 78004.8, 2.81951, -1.31583, -1.32483, -0.0107416, 0.0052554, -0.0119026, 
165, 116840, -4.21009, -0.75123, -1.47692, 0.00645182, -0.00805657, 0.00880857, 
166, 26576.3, 1.6071, 4.26384, -5.17569, -0.0105782, -0.00941214, 0.00102698, 
167, 178987, 2.06684, -1.56125, -0.0964201, -0.0112799, 0.0048846, -0.00263869, 
168, 105332, -0.879043, -1.29215, -2.35427, -0.01171, -0.0129426, 0.00502041, 
169, 17416.3, 2.05952, -3.24494, 2.93173, 0.0103553, 0.00858314, 0.00093241, 
170, 188196, 2.87483, 5.50682, -3.41905, -0.00642676, -0.00820858, 0.00384824, 
171, 154087, 2.1889, -0.185947, -1.26187, -0.000744915, 0.00924406, -0.00425367, 
172, 221417, -0.52008, -0.679597, -0.862445, 0.00484354, 0.0159398, -0.00461926, 
173, 30581.6, -3.73865, -5.76665, -3.62502, -0.00260916, 0.00120615, -0.0083221, 
174, 257561, -3.25186, -0.56113, -0.855023, -0.00274481, 0.00491019, -0.00464785, 
175, 25785, 1.39346, 7.17825, -2.99882, -0.0048535, -0.00605514, 0.00541566, 
176, 48638.1, -0.704236, -1.00656, 0.741692, 0.00257572, 0.0144639, 0.0138201, 
177, 10067.2, 3.26269, -1.61585, -1.67903, -0.0108455, 0.00601144, -0.00762102, 
178, 44588.6, 2.98396, 5.72955, -2.97789, 0.0038117, -0.00845811, 0.00761082, 
179, 92749.3, -2.0787, -1.85152, -1.10091, -0.00871031, 0.00524155, 0.000950908, 
180, 92871.7, -4.12896, 1.65604, 0.852876, -0.00636376, 0.00651526, -0.0115821, 
181, 247270, -0.490031, -1.72387, -1.67337, -0.0034116, -0.0127115, 0.0118089, 
182, 486916, 0.273247, -1.2173, -0.485427, 0.00498892, 0.00645256, -0.00504464, 
183, 368942, -0.690217, -0.538709, -2.2159, -0.00368307, -0.00837815, 0.0067801, 
184, 177502, 2.95832, -3.79833, 2.49033, 0.000248139, 0.00798184, -0.011478, 
185, 207343, 1.54523, 0.351696, 5.1184, 0.00489224, 0.00559825, 0.00246322, 
186, 187409, -4.62486, -4.85727, -4.06055, -0.00295621, 0.00322597, -0.0111997, 
187, 2227.5, 2.98941, 2.06661, 0.626572, -0.00343209, -0.00781176, 0.00618205, 
188, 123729, -1.00571, 0.287106, 3.6602, 0.00620959, 0.00578851, 0.0126223, 
189, 104967, 1.68401, 0.806938, 4.32314, 0.0033931, 0.0104416, 0.00664405, 
190, 66861.3, -2.47224, -3.57133, 0.903248, 0.00113852, 0.0151451, 0.00909264, 
191, 273746, -4.93646, 0.446376, 0.995945, 0.00463653, 0.00287645, -0.0074275, 
192, 237580, -3.18272, -3.81319, 3.72265, 9.74033e-05, 0.00101401, -0.0021537, 
193, 172963, 3.19477, 4.15906, -2.37694, -0.00895877, -0.00815847, 0.00644201, 
194, 93590.7, -2.35946, -2.79603, -2.99898, 0.000366428, 0.00807159, -0.00703662, 
195, 163125, 2.65882, -0.76595, 0.795949, -0.000807944, -0.0100332, 0.00658353, 
196, 160121, 0.79087, 0.954922, -1.68814, -0.00024568, -0.0127452, 0.003706, 
197, 122511, 0.00420331, -5.61006, 0.265429, -0.00627541, -0.00717348, -0.00075586, 
198, 16991.2, 8.48451, -3.99897, -8.90346, -0.00582238, 0.00109225, 0.00541615, 
199, 27557.8, 4.92816, -4.72755, 1.36841, 0.00182248, 0.004617, 0.0041365, 
