ID, Mass [kg], pos_0 [m], pos_1 [m], pos_2 [m], vel_0 [m/s], vel_1 [m/s], vel_2 [m/s], 
0, 5682.38, -39.4682, -26.044, -12.9155, -0.00118191, -0.00280858, -0.00114151, 
1, 51291.5, -51.1244, -39.6861, 54.1538, -0.00393349, -0.00358337, 0.00480001, 
2, 73779.3, 5.24072, 2.29317, -1.74837, -0.00504939, -0.00202923, 0.0024908, 
3, 9731.99, -8.28527, 38.7164, 23.9934, -0.000338243, 0.00225435, -8.75504e-05, 
4, 104587, -3.64338, -2.703, 0.609046, 0.0011024, 0.00358735, 0.0011155, 
5, 42215, 3.2736, 5.63389, 4.57968, -0.00169116, -0.004637, 0.000478414, 
6, 57220.4, 39.7529, 37.9668, -41.4829, 0.00274374, 0.00396986, -0.00256568, 
7, 44855.5, -0.455429, 3.73286, 3.46127, 0.00157292, 0.00593446, -0.00417875, 
8, 276797, 2.4826, -0.605468, 3.22613, 0.00468757, 0.00592976, -0.00538289, 
9, 2643.18, 3.00622, -4.43199, -4.05324, -0.000815803, -0.000265715, -0.00461515, 
10, 33961.7, -0.243298, 2.68237, 4.70643, -0.00126567, 0.0102245, 0.00067842, 
11, 8691.35, -10.5902, 77.3791, -68.1218, -0.000363562, 0.00589121, -0.00576462, 
12, 141682, 4.60179, -3.27014, -0.744969, 0.00291232, -0.00324827, -0.00815333, 
13, 288611, -1.94575, -9.67299, 5.88368, 0.00504913, 0.00343555, 0.000905607, 
14, 512847, 1.81358, -1.85966, 1.4937, 0.00434357, 0.00116453, 0.00019653, 
15, 15651.7, 8.44097, 9.50197, -4.24075, -0.000485434, -0.00378721, 0.002106, 
16, 182451, 35.6692, -23.642, 61.8957, 0.00329537, -0.00150302, 0.00399459, 
17, 62197.8, -2.74982, -1.80053, -2.05711, 0.0081358, 0.00345629, 0.00145104, 
18, 185440, -3.2201, -10.2102, 2.30592, 0.00545486, 0.00547902, 0.000716607, 
19, 36701.4, 44.8942, 65.9513, -62.5628, 0.00384146, 0.00535537, -0.00516444, 
20, 106936, -90.152, -52.9524, 26.0295, -0.00743433, -0.00443172, 0.00213327, 
21, 161838, 2.3276, 6.3552, 5.2348, 0.00164921, 0.00277378, 0.00170696, 
22, 144875, 2.06878, 0.551581, 2.98717, -0.00307327, -0.0100595, -0.00457547, 
23, 100936, 0.324649, 12.7157, 1.85076, -0.000324189, -0.00562572, -0.0024285, 
24, 95186.1, 59.2604, 48.7851, 47.1588, 0.00485462, 0.00338758, 0.00339328, 
25, 151808, 46.8765, -33.5971, 70.6105, 0.00424357, -0.00238816, 0.00556865, 
26, 118354, 5.00115, -6.29637, -0.0151674, -0.000127959, -0.00382659, 0.00297108, 
27, 149234, 3.53217, -1.50448, -1.81593, -0.0062366, -0.00353232, 0.00146205, 
28, 9985.68, -1.54292, 1.07309, 3.55714, -0.00149078, -0.00977424, 0.00310828, 
29, 180895, -7.43858, -0.365479, -4.06384, 0.00327139, 0.0024381, 0.00224782, 
30, 486.041, -8.15547, -0.0311573, -0.76901, 0.00230468, 0.00216504, -0.00162738, 
31, 70262.9, 2.31458, -5.19376, 8.11785, -0.00290502, 0.00278548, -0.00114843, 
32, 45902.1, -0.392709, 8.56228, 1.91037, 0.0036159, -0.00579742, 0.00174034, 
33, 24444.7, 5.33605, 2.59972, -3.23989, 0.00275275, -0.00638392, 0.00387857, 
34, 65679.9, -2.77885, -6.48485, 7.1584, 0.000248405, 0.00554726, -0.00120168, 
35, 3309.29, -9.06003, -38.9629, -7.47338, 0.00155955, -0.00238323, 0.000167821, 
36, 8280.38, -58.5815, 60.8299, -29.9633, -0.00428028, 0.00476466, -0.00296798, 
37, 94538.9, 2.21622, 2.13434, 0.503009, 0.00549425, -0.00734437, -0.00288803, 
38, 30213.7, 89.6369, -17.8858, -11.5177, 0.00789736, -0.000867494, 2.99824e-05, 
39, 53471.9, 3.93459, -10.8224, 5.91848, -0.00253694, -0.00499045, -0.00263514, 
40, 43100.3, -21.4031, 30.3375, -32.2543, -0.000577018, 0.00129352, -0.00175583, 
41, 44746.6, 18.6669, 43.8458, 2.30816, 0.000856269, 0.00192049, -0.00123623, 
42, 34053.9, -0.534095, 31.9797, 52.4446, -0.00038215, 0.00242243, 0.00323656, 
43, 54380.2, -3.28549, 0.151088, 5.79884, -0.00263981, 0.00384445, 0.00484882, 
44, 38723.2, 26.6772, -5.51392, -40.4444, 0.00097583, 7.70202e-05, -0.00229425, 
45, 2321.23, -5.68816, -11.7976, 5.23927, 0.00400353, 0.00429368, 0.0017083, 
46, 241169, 1.35937, 3.12211, -1.06337, 0.00751598, -0.00291386, 0.00213284, 
47, 344827, -2.70766, -0.673943, 5.97067, -0.000392947, 0.00100061, 0.00105125, 
48, 39271.1, 7.21367, 0.466629, 3.27932, 0.000988177, -0.00712856, 4.39393e-05, 
49, 19687.8, -73.9533, 67.2706, -33.0201, -0.00620783, 0.00584381, -0.00336219, 
50, 61216.8, -0.981276, 4.50533, -12.0842, 0.00122106, -0.00179823, -0.00243668, 
51, 19182.2, -53.7123, 77.8474, -51.002, -0.00427329, 0.0066348, -0.0046606, 
52, 12420.5, 6.84215, -0.963226, -3.23475, -0.00587816, -0.00140339, -0.00280711, 
53, 85447.4, -90.3577, -8.89076, -38.7279, -0.00726597, -0.000748881, -0.00295503, 
54, 361436, 2.61976, -0.531465, 3.83855, -0.00304484, -0.000711445, 0.00392211, 
55, 158926, 25.9441, 12.4685, -32.3885, 0.00144827, 0.000599998, -0.000668272, 
56, 49282.6, -30.5077, 59.8202, -66.1622, -0.00172406, 0.00475355, -0.00583192, 
57, 218355, 1.65242, 0.527308, 1.73687, 0.0040879, -0.00486924, -0.00251995, 
58, 22371.5, 91.7261, -23.3118, -14.9301, 0.00822088, -0.00161874, -0.000827783, 
59, 55919.9, -16.8031, 36.8128, -52.2747, -0.000224203, 0.00188576, -0.00342652, 
60, 21598.8, 8.28626, 8.31683, 7.78707, 0.000592953, -0.000933525, -0.00130001, 
61, 398.952, 2.28838, -10.5283, 13.6164, -0.000646789, -0.00421851, 0.00449181, 
62, 1108.92, 6.84248, -7.63915, 55.2015, 0.000690522, -0.000269375, 0.00283325, 
63, 108555, -0.298636, 5.12141, 0.614854, -0.00633895, -0.00440583, -0.00274463, 
64, 244863, 9.34624, -4.31551, 18.4175, -0.00152781, 0.00056032, -0.00314258, 
65, 220694, -28.7444, 56.7005, -49.5852, -0.00153017, 0.00433412, -0.0039056, 
66, 61700, -4.73497, 77.5476, 35.3358, 9.11576e-05, 0.00583922, 0.00251495, 
67, 55388.9, -48.9713, 14.0005, 38.144, -0.00364283, 0.000927832, 0.00289011, 
68, 211156, -0.629358, -1.83122, 1.38932, -0.00110669, 0.00127656, -0.00261884, 
69, 12720.6, 5.67678, 13.649, 8.88277, -0.000294246, -0.000387302, 0.000784783, 
70, 25096, -2.39072, 20.7828, 12.8057, -0.00140846, 0.000238688, 0.000232967, 
71, 179870, -6.66211, -6.27572, -3.97166, 0.00212021, 0.00190182, 9.54969e-05, 
72, 79123.8, -68.0876, -19.3405, -5.04724, -0.00413298, -0.00121466, -0.000475379, 
73, 110870, 7.43767, -3.61079, -4.59156, 0.00161081, 0.00295186, -0.00295224, 
74, 43359.1, 24.7878, 47.4556, 22.0146, 0.000859683, 0.00379805, 0.000310004, 
75, 140124, 4.21199, 3.70455, -1.05274, 0.000502891, -0.00144246, 0.0018419, 
76, 229268, -17.7793, 30.1675, -34.8948, -0.000462012, 0.0011654, -0.00136777, 
77, 302149, 2.70659, 1.84069, 0.859866, 0.00154983, -0.00809768, 0.00017312, 
78, 100708, -1.01878, -10.9232, 7.01939, 0.00586952, 0.0039139, -0.000813554, 
79, 46633.4, -3.75947, -3.81704, -3.19713, -0.00291222, -0.00274724, 0.00399215, 
80, 143926, -2.62907, 13.551, 5.61584, -0.00228813, -0.00217489, 0.00248997, 
81, 270.261, -58.7688, 9.65769, 24.7703, -0.00339753, 0.000442545, 0.00128921, 
82, 159650, 1.76237, -1.60101, 0.726627, -0.00723342, 0.00768228, 0.00570311, 
83, 24756, 7.4601, 2.13224, 1.8775, -0.000173228, -0.00624421, -0.000566272, 
84, 18375.3, 9.45595, 3.33619, -0.290682, -0.000241418, -0.00572541, 0.0014111, 
85, 491877, 69.6886, -20.6673, -23.9454, 0.00543762, -0.00122464, -0.0015094, 
86, 194807, 1.27988, 0.63999, 4.39414, 0.00802656, -0.00268458, 0.00135302, 
87, 8649.23, -2.83657, 4.36415, -1.55252, -0.00342061, -0.00755429, 0.000559522, 
88, 138901, 10.8141, 3.85825, 3.30443, 0.00289399, -0.00155232, 0.00391329, 
89, 50202.9, 5.72961, 1.45653, 6.08527, -0.00331112, -0.00476374, -0.00246344, 
90, 98321.9, 5.57499, 16.2778, -12.0775, -0.000200988, -0.00058906, 0.00093033, 
91, 384069, 1.23997, -0.481571, 0.81654, -0.00441558, 0.00243175, 0.000852931, 
92, 81279.9, 4.15433, 4.57234, 2.21935, 0.00847416, 0.00089654, 0.00459811, 
93, 91375.2, 1.81077, 0.31101, 0.117258, -0.0010103, 0.000190282, 0.000359496, 
94, 5476.7, -9.4815, -18.1432, 7.15447, 0.00170456, 0.00234643, -0.00111301, 
95, 33452.5, -9.9043, -2.10341, 1.8536, 0.00312709, 0.00319447, 0.0005593, 
96, 25752.1, -65.3049, -22.7828, -20.3779, -0.00559437, -0.00224648, -0.0019019, 
97, 200797, 1.42355, 2.3195, 5.79576, -0.0017258, -0.0013446, 0.00113643, 
98, 298981, 1.88078, 2.36895, 1.00398, -0.00235478, -0.00301616, 0.0020591, 
99, 93146, 1.86168, -12.6726, 5.83956, -0.00274313, -0.00420035, 0.00188061, 
100, 8612.85, -12.7193, 11.9164, -16.4043, 0.00168321, -0.00069042, 0.00129792, 
101, 24343.5, -0.111377, 0.245862, 4.0197, 0.00025276, 0.00707132, -0.00728455, 
102, 10296.7, 11.1803, -12.4674, 5.75661, 0.00429273, -0.00547391, 0.000835923, 
103, 15719.8, 6.76358, -2.68258, -5.44451, 0.00487356, -0.0055301, -0.00507126, 
104, 230040, 0.18769, 0.954011, 9.07941, -0.00133314, 0.00286544, 0.00394014, 
105, 17846.1, 8.45649, 21.2202, -3.97043, -0.00192811, 0.0015194, 0.000979653, 
106, 22216.6, -11.7118, -3.88593, 6.23009, 0.00354204, 0.00106156, -0.000162758, 
107, 98486.7, 2.96244, 6.53336, -1.22854, -0.000206177, -0.0084378, -0.003276, 
108, 214214, -75.3857, 0.351525, -60.993, -0.00630643, 7.85807e-05, -0.00518957, 
109, 131614, 2.30589, -3.49987, 2.46874, 0.00482151, -0.00104903, 0.00330194, 
110, 160023, 1.11824, -1.49749, 0.279542, 0.00143757, -0.00338419, -0.00601276, 
111, 115735, 2.96101, 5.5276, 4.09997, 0.00281448, -0.0027253, 0.00171556, 
112, 378585, 37.9686, 16.9372, -54.1101, 0.00257017, 0.00180722, -0.00369093, 
113, 83295.8, -26.0574, 11.8947, 0.496925, 0.00139989, 0.000448034, 0.000846363, 
114, 148827, -1.64448, -1.37744, 1.6057, -0.00893324, 0.00334402, -0.00469911, 
115, 285284, -3.03428, -46.6591, 69.6342, -2.63363e-05, -0.00387396, 0.00532468, 
116, 515864, 1.01752, -1.97138, 0.252596, 0.00154475, -0.000106706, 0.00200429, 
117, 88363.5, -0.466082, -12.3198, 10.7257, -0.00147327, 0.00221859, -0.00440787, 
118, 155064, 20.9749, 20.4377, -9.31563, -0.00086923, 0.000725684, -0.00198552, 
119, 18098.3, -5.1129, -6.26785, -1.38104, -0.00332094, 0.00150157, 0.000780676, 
120, 34391.6, 74.7455, -29.9235, -10.1276, 0.00596512, -0.00183319, -1.87449e-05, 
121, 78154, 4.60297, -6.28285, 9.93138, 0.00382119, -0.00182267, 0.00478686, 
122, 10497, 4.2655, 4.66449, 5.09171, 0.00249506, 0.00419882, 0.00102455, 
123, 59058.1, 2.3624, -4.58219, 0.0291142, -0.00423601, -0.00660292, -0.00658943, 
124, 5646.35, 7.91153, -5.66638, 3.68002, -0.00369922, -0.0048104, -0.00131525, 
125, 103346, 4.59268, -4.49521, -4.00276, -0.0047577, 0.00241183, 0.000199319, 
126, 64702.5, -87.0704, 0.676014, 32.2873, -0.00690685, 6.24397e-05, 0.00300973, 
127, 199056, -0.904033, -4.6319, 6.32856, 0.000400899, 0.00135344, -0.00186551, 
128, 192649, 4.59576, 1.84864, 6.91068, 0.00227127, -0.000776199, -0.000531485, 
129, 1707.71, 2.06747, 6.14355, 6.07287, 0.000619914, -0.00405037, 0.00315761, 
130, 19869.9, -0.750615, -1.87593, 2.31747, -0.00577219, 0.00472247, 0.00203826, 
131, 143979, 1.92465, 3.29987, 1.32966, -0.000930383, -0.00304016, 0.00769787, 
132, 37850.6, -107.602, 51.2536, -27.5741, -0.00949231, 0.00427825, -0.00223689, 
133, 50031.5, 5.7503, 0.497276, 1.54329, 0.000698466, -0.00112859, -0.00425135, 
134, 369068, -3.30473, 1.26009, -1.33691, 0.00827039, -0.00171064, 0.00441793, 
135, 3806.98, 6.57326, 8.59301, 5.97452, 0.00557754, 0.00408713, 0.00251218, 
136, 64591.7, -0.302466, 9.36456, -5.25412, 0.00280813, -0.000127334, -0.00433932, 
137, 1688.15, 5.95688, -20.2077, 10.5654, 0.00197506, 0.00185348, -0.000408921, 
138, 439943, 4.81765, 3.25966, 6.9617, -0.00310885, 0.00237957, -0.00183736, 
139, 72054.1, -4.66128, -0.0751029, 6.86682, 0.000248219, -0.00561356, -9.80044e-05, 
140, 10511.3, -4.82211, -25.2879, 28.8054, -9.93206e-06, -0.000864452, -5.41642e-05, 
141, 28560.6, -10.5618, -10.6124, 5.96099, 2.27358e-05, 0.00137219, -0.000103486, 
142, 92270.6, 4.45274, 7.70359, 0.139829, 0.00549549, 0.00209038, -0.00159047, 
143, 57507.6, -68.3316, 22.2869, 42.1487, -0.00515455, 0.00174477, 0.00321269, 
144, 106955, -0.0367877, 4.25065, -10.8979, -0.00115441, 0.000452689, -0.00244239, 
145, 53021.1, 1.29641, -5.26056, 6.37818, -0.000730507, 0.00196227, 0.00449253, 
146, 127593, 6.7375, -0.766288, 2.84279, 0.00157691, 0.00673246, -0.00432067, 
147, 31386.3, 0.4449, 7.35157, 2.18998, 0.0034665, 0.00134093, -0.00258759, 
148, 89613.6, 6.89377, -0.257449, -15.2564, 0.00181229, -0.00294908, 0.00304844, 
149, 251415, 2.99883, -0.441161, 2.12749, -0.0104549, 0.00175514, -0.00802424, 
150, 55890.6, 4.93492, 6.0092, 3.44623, -0.00808769, 0.00398707, -0.000373428, 
151, 174949, 9.16976, -6.30454, 8.78316, 0.0011118, 0.000299113, 0.00369693, 
152, 66072.8, 0.378598, 1.66147, -11.6116, 0.000957134, -3.16162e-05, -0.00353245, 
153, 19075.8, -6.92415, -4.83379, 20.3742, 0.000283321, 0.000782226, -0.00102256, 
154, 47261.5, 5.07407, 10.5963, -6.24428, -0.00309622, -0.00178042, 0.000510051, 
155, 102102, -3.84339, 2.19956, 7.14099, 0.00196868, 0.000306631, 0.00153536, 
156, 5375.03, 4.79827, 0.33531, -0.796499, -0.00107373, 0.00439055, -0.00792961, 
157, 3761.7, -9.0584, 13.9214, 6.29002, 0.000882878, 0.00141199, -0.00173188, 
158, 7652.65, -0.724917, 2.05647, -6.4302, 0.00209164, 0.000970023, 0.00424117, 
159, 47070.1, 3.22353, 4.08873, 4.97186, 6.19424e-05, -0.00142223, -0.000401503, 
160, 17972.9, 0.59063, 3.01034, 1.05028, -0.00161166, -0.00540793, -0.00157698, 
161, 218629, 10.946, 18.6068, 0.42005, 0.00111977, 0.000567503, 0.00051873, 
162, 138887, -2.6668, 1.62158, 4.41758, -0.000745353, 0.000374113, -0.00180436, 
163, 33277.3, -2.05068, -1.67396, 9.07231, -0.00291672, 0.00591226, -0.00471458, 
164, 167891, 0.0540786, 0.339182, 8.51025, -0.00436245, -0.00278384, 0.000606111, 
165, 62570.5, -1.93454, -82.4441, -20.2509, 0.00023667, -0.00647562, -0.00162967, 
166, 38130.4, 20.1479, 68.6076, 36.5738, 0.00197604, 0.00485231, 0.00246218, 
167, 22403.8, 13.754, -31.4553, 53.556, 0.00122786, -0.0023532, 0.00296546, 
168, 1479.59, 42.161, 26.7072, -59.136, 0.00347385, 0.00239475, -0.00436143, 
169, 20399.9, 2.15554, -55.0703, 61.4523, 0.00011533, -0.00483483, 0.00430119, 
170, 115854, 1.66405, -1.25246, 1.42246, -0.00698097, -0.00209201, -0.0038014, 
171, 27762.9, 3.48102, 3.38275, -2.53291, -0.000157842, -0.00330346, -0.00188635, 
172, 250928, 2.40466, -5.7954, 7.38478, 0.00082882, -0.000624916, -0.00387832, 
173, 74469.2, -61.473, 46.5037, -18.9051, -0.00450963, 0.00447747, -0.00152567, 
174, 143481, -82.216, 58.0801, -40.1069, -0.00681314, 0.00494691, -0.00359722, 
175, 27145.1, 6.18728, -2.04598, 1.35315, 0.00202837, -0.00221741, -0.0039137, 
176, 32620.6, 4.45563, 2.2916, 4.22563, 0.00532755, -0.00573412, -0.000329735, 
177, 52575.7, -0.0392869, -52.8444, 92.2173, -4.40791e-05, -0.00459692, 0.00803607, 
178, 19746.4, -0.444594, -2.78938, 6.64829, 0.000669477, 0.00436916, -0.00164626, 
179, 33623.1, -5.2886, 4.84432, 6.34007, 0.00735034, -0.00236744, 0.00102905, 
180, 50349.8, -70.5274, -46.7119, -36.4346, -0.005498, -0.00368127, -0.0027767, 
181, 89376.8, 9.59294, -13.7123, -0.760743, -0.00166789, -0.000956132, -0.00125507, 
182, 42160.2, 1.6547, -0.933149, 81.5605, -1.93853e-06, -5.06059e-05, 0.00644162, 
183, 100544, -21.2262, -19.0641, 6.04885, 0.00180038, -3.0253e-05, 0.00118136, 
184, 1446.88, 8.75051, -5.39135, -1.68456, 0.00124526, 0.00115517, -0.00394244, 
185, 119694, 9.55312, 3.60624, 0.0111732, 0.00541776, -7.60901e-05, -0.00109619, 
186, 120999, -10.2187, -0.195197, 3.13747, -0.000730828, -0.00182059, 0.00104872, 
187, 52698.3, 8.62072, -1.19614, -3.76105, 0.00365397, -0.00156035, -0.00654174, 
188, 105467, 2.25334, -0.664147, -0.93871, 0.00614413, -0.00458749, 0.00636422, 
189, 99748.4, -10.0759, -47.0043, 24.7761, -0.000783874, -0.0025295, 0.00120628, 
190, 77133, 2.50904, 2.96362, 0.816014, -0.00502067, -0.000499882, 0.000482502, 
191, 178804, -0.0452285, -4.77553, -3.55265, 0.00180132, -0.00358279, 0.00288009, 
192, 8685.6, -2.08798, -2.64697, -1.94733, -0.00043218, -0.00301722, -0.00158907, 
193, 256954, 24.9279, 1.56753, 31.913, 0.00177122, -0.00153137, 0.000914982, 
194, 53540.6, 1.96571, -0.509707, 0.559128, 0.00314268, -2.40584e-05, 0.0106222, 
195, 220652, -5.52016, -5.14527, -0.0347043, -0.000243081, -0.00336258, -0.00243863, 
196, 10258.1, 0.319548, -1.8577, 3.12025, 0.0118334, -0.00180983, -0.000147181, 
197, 6083.3, -23.8935, -8.45582, 18.5536, -0.000104752, 0.000831596, -0.000958534, 
198, 127562, -4.25501, -14.0556, 6.98533, -0.000870371, -0.0026784, 0.00208344, 
199, 34766.2, 0.0522402, -2.0621, 5.17331, -0.00180702, 0.000171991, -0.008617, 
