ID, Mass [kg], pos_0 [m], pos_1 [m], pos_2 [m], vel_0 [m/s], vel_1 [m/s], vel_2 [m/s], 
0, 20593.7, -11.4776, 7.70643, -7.88666, 0.000174219, 4.17583e-06, 0.000109136, 
1, 301663, 4.23542, -2.36371, -0.189216, -7.37524e-05, 8.70129e-05, 9.00177e-05, 
2, 35164, 14.5378, -15.4045, 1.30265, -0.000153967, 0.000166753, 4.21809e-05, 
3, 4056.55, -18.3591, -0.683871, 2.45966, 0.000195074, -1.6959e-05, -7.97192e-05, 
4, 69745.2, 7.46225, 4.84362, -13.3763, -6.18344e-05, -6.86221e-05, 0.000153856, 
5, 238751, 6.12653, 2.51753, 7.40971, -0.000244228, -0.000124134, 7.61295e-06, 
6, 292369, -8.76185, 14.5614, 1.07164, 4.67371e-05, -2.60233e-05, -0.0001745, 
7, 141447, 18.5742, 15.3225, -13.9284, -0.000112797, -0.000499816, 0.000331495, 
8, 77258.3, -0.913362, 12.1783, 19.3491, 3.75376e-05, -0.000150711, -0.000204544, 
9, 370119, 11.0149, 0.157497, -11.1003, -3.69234e-05, 0.000239016, 5.57185e-05, 
10, 7589.39, -18.6368, -1.43839, 4.86595, 0.000190344, 1.08475e-05, -8.7641e-05, 
11, 23183.4, -19.3035, -9.3813, 9.90587, 0.000176887, 4.2243e-05, -7.72069e-05, 
12, 122986, 17.3951, -12.9131, -14.3809, -0.000117916, 0.000129354, 6.18439e-05, 
13, 299939, 7.65011, -5.07456, 10.9226, -3.04052e-05, -6.76958e-05, -9.19815e-05, 
14, 77461.4, 13.0592, -17.4703, 3.73834, -0.000124689, 0.000217512, -9.38698e-06, 
15, 48893.6, -10.2199, 1.88819, -2.91407, 0.000197808, 7.73104e-05, 4.38381e-05, 
16, 144161, -1.93979, 3.62118, -6.21745, 5.85931e-06, 7.75633e-05, 0.000122017, 
17, 103818, 10.0012, -6.37142, 14.1506, -0.000210284, -2.44416e-05, -0.000296597, 
18, 317354, 4.0152, 19.8618, 9.50884, -4.51085e-05, -0.000185793, -8.50121e-05, 
19, 61411.2, -0.586718, 13.478, -15.3856, 0.000635196, -0.000239194, -0.000168275, 
20, 93717.1, -7.34804, 5.62938, -9.30089, 0.000158217, -5.07208e-05, 0.00015664, 
21, 199265, 18.0623, -3.68092, 1.94898, -0.00025886, 9.27002e-05, 4.42264e-05, 
22, 311379, -7.07828, 8.13247, 0.637887, 7.59028e-05, 2.24379e-05, -5.38253e-05, 
23, 1774.09, 0.849032, -6.42223, -17.0429, 5.05412e-07, 0.000109458, 0.000172172, 
24, 78350.9, 16.1696, -12.1433, -17.3031, -3.74487e-05, 8.73393e-05, 0.00019246, 
25, 69363.3, 0.332219, -2.7459, 19.8934, 2.64446e-06, -3.98727e-05, -0.000252523, 
26, 11051.3, -9.60103, 10.9547, -0.301874, 0.000221513, 3.19689e-05, 3.55872e-05, 
27, 167307, 8.29725, -8.78176, 17.4107, -5.5117e-05, 7.00058e-05, -0.000298248, 
28, 55797.3, 16.2184, -6.36848, 18.1451, -0.000159313, 3.15819e-05, -0.000187904, 
29, 51940.2, -12.062, 12.1924, 15.1751, 4.01177e-05, -4.83317e-05, -0.000212783, 
30, 47870.5, -15.2909, -3.63936, -7.8092, 0.000170401, 5.34195e-05, 8.55749e-05, 
31, 5630.45, 5.00137, 8.71026, -9.87679, -6.16005e-07, -0.000183622, 6.74756e-05, 
32, 71417.5, 10.3876, 6.2242, 18.8666, -8.24688e-05, -9.10706e-05, -0.000224983, 
33, 153849, 11.9769, 2.30212, -9.57749, -0.000204692, -0.000198356, -0.000236597, 
34, 192738, 16.4866, 1.7711, -1.69396, -0.000198821, -5.25642e-05, 1.34598e-05, 
35, 724059, -12.7817, 16.5391, -1.25825, 0.000219484, -0.000174557, 5.93215e-05, 
36, 91186, -12.0165, -18.5812, -0.93755, 6.77905e-05, 0.000154466, -1.03601e-05, 
37, 102399, -5.7653, 14.906, -2.52938, -0.000106061, -0.000115218, 0.00028604, 
38, 69490.4, -0.271243, -1.32272, 1.51269, 2.66836e-05, 0.00015855, 0.000146966, 
39, 36935.4, -2.85819, 6.52256, 4.13391, 2.23628e-06, -0.000211145, -0.000132523, 
40, 108921, 12.1623, 3.8734, -19.6389, -9.20212e-05, -4.03704e-05, 0.000303803, 
41, 75884.4, -10.6169, -5.58163, -7.73261, 0.000103276, 8.25233e-05, 6.50738e-05, 
42, 24650.6, 18.6213, -8.41386, -19.704, -0.000113293, 4.63384e-05, 0.000154909, 
43, 47726, 11.9038, 5.20356, 16.4966, -0.000136948, -5.94392e-05, -0.000142284, 
44, 65443.8, 12.1583, 14.6608, -10.3102, -8.72455e-05, -0.000187776, 7.43229e-05, 
45, 20917.8, -14.156, -19.3956, -9.02498, 0.000134058, 0.000490834, 8.82444e-06, 
46, 89081.1, 16.8948, -6.50401, -12.6975, -0.000158646, 8.99345e-05, 0.000118948, 
47, 157207, 9.70049, -7.99072, 11.1028, -0.000239674, 0.000176367, -7.32708e-05, 
48, 397312, 4.76362, -16.7066, 6.23154, -9.68531e-07, 0.00026765, 2.64738e-05, 
49, 291584, -11.8286, -17.8423, 14.5038, 0.000183769, 0.000186397, -0.000120826, 
50, 102931, -1.99122, -5.83242, 19.1175, 0.000129672, -2.56872e-05, -0.000247964, 
51, 138252, 17.8271, -1.69592, 15.7628, -0.000168688, -2.31311e-05, -9.86426e-05, 
52, 101237, 6.88207, -11.0637, 8.4703, -0.000250447, 0.000101035, -5.91271e-05, 
53, 55622.4, -2.92402, -5.02891, 11.4333, 0.000105206, 7.23311e-05, -0.000114419, 
54, 228699, -0.429561, 18.7604, -19.7259, 4.97092e-06, -0.000157948, 0.00016433, 
55, 196398, 11.8392, -8.95091, 4.98744, -0.000170827, 9.54828e-05, 2.90544e-05, 
56, 93047.2, -14.0198, 10.6975, -18.0377, 0.000129026, -1.20315e-05, 0.000181546, 
57, 125659, -4.1604, 2.92896, 4.38093, 0.000514827, -0.000258075, -0.000177506, 
58, 1950.52, -9.77574, -5.06838, 19.7004, 0.000134144, 1.93878e-05, -0.000176817, 
59, 138056, -9.02719, 11.9132, -17.3987, 5.8494e-05, -6.39613e-05, 0.000186686, 
60, 205895, 11.8484, 1.82587, -14.6778, -0.000472827, -8.3759e-05, 0.000249831, 
61, 31102.7, -3.7801, 3.26345, 19.4659, -9.55491e-05, 6.75309e-06, -0.000346549, 
62, 99979.5, -6.07749, -9.81262, -19.5986, 2.41415e-05, 8.24195e-05, 0.00016488, 
63, 34209.6, 1.76266, 9.34096, 7.6217, -3.75436e-05, -0.000162569, -0.000136766, 
64, 110731, 19.3775, 2.36063, -19.908, -0.000160152, 1.49302e-05, 0.000160147, 
65, 162532, -0.466518, -8.53893, 18.0864, 3.23795e-05, 0.000122549, -0.000200326, 
66, 16534, -13.0685, -9.27909, -13.683, 0.000132205, 3.66938e-05, 0.000149782, 
67, 147615, 5.21922, 1.37341, 14.2866, -4.71127e-05, -4.979e-05, -0.000248882, 
68, 10513.5, 0.297717, -3.61118, -15.7943, 1.0951e-05, 0.000106963, 0.000184416, 
69, 42468.8, 0.0431762, -2.66076, 3.09878, 1.90333e-05, 0.000282293, -6.07006e-05, 
70, 48929.7, -15.967, 18.3716, -14.3225, -1.21981e-05, -0.000170521, 0.000187524, 
71, 23081.1, -15.3381, 18.8793, -4.25585, 0.000294124, -0.00031388, 0.000193253, 
72, 272970, -13.9843, 19.955, 3.74562, 0.000178222, -0.000257955, -0.000172831, 
73, 23769.7, 13.4423, -5.62854, -3.89178, -5.74149e-05, 3.32721e-05, 1.9594e-05, 
74, 86341.6, 16.9747, -10.7705, 0.203109, -0.000201035, 0.000135824, 1.40312e-05, 
75, 2169.61, -5.01816, -2.45976, -6.20314, 7.04974e-05, 0.000151377, 9.67025e-05, 
76, 131445, -2.20482, 2.73943, -1.7833, 3.01962e-05, 3.74733e-05, 9.47273e-05, 
77, 43473.9, 17.09, 18.785, 4.706, -0.00013272, -0.000134621, -3.518e-05, 
78, 63084.7, -7.54579, -2.88817, -0.245971, 0.000157536, 0.00013258, 4.05329e-05, 
79, 200833, -15.1491, 14.8511, -8.73328, 0.000138049, -6.80034e-05, 0.000124752, 
80, 118117, -15.9608, 3.0152, -12.2431, 0.000171145, 3.36144e-05, 0.000123529, 
81, 41281, 1.63856, 9.90513, 4.29651, -7.18162e-05, -0.00016934, -5.66472e-05, 
82, 35783.7, 6.55145, 7.97419, -14.9975, -9.62244e-06, -0.00017318, 0.000263193, 
83, 32588.9, -5.2286, -5.41659, 6.86372, 0.000134169, 0.000112555, -5.89014e-05, 
84, 26441, 5.72786, -6.74319, 1.71759, -5.18186e-05, 0.000162868, 7.43745e-05, 
85, 38015.8, 6.37629, 13.2688, -1.22673, -6.92612e-05, -0.000160017, -7.92773e-05, 
86, 79282.6, 19.479, 9.68245, -15.9485, -0.000183094, 1.15914e-05, 0.000168589, 
87, 16179.5, -6.02755, -7.22165, 16.0793, 0.000136697, 2.84476e-05, -0.000176812, 
88, 41281.8, -3.98301, -2.42092, 13.0059, 0.000137972, -5.75404e-06, -0.000171232, 
89, 274218, 11.6249, 10.6791, -4.60253, -0.000149531, -0.000118255, -1.58175e-05, 
90, 244916, 3.75384, 4.90973, -13.7318, 7.819e-05, 1.23394e-05, 0.000200439, 
91, 140794, 18.2674, 2.80112, 9.83797, -0.000200026, -5.96032e-05, -7.26601e-05, 
92, 11152.2, -10.0706, -8.85338, -11.2109, 7.53615e-05, -8.82535e-05, 5.70224e-05, 
93, 99407.7, 15.1767, 9.22388, 13.1862, -0.000141717, -0.000129757, -0.000100323, 
94, 144644, 11.1876, -13.078, 14.2107, -0.000119313, 0.000190589, -0.000125451, 
95, 53784.1, -9.04414, 8.6543, -1.30105, 0.000319291, 2.3088e-05, 0.000218536, 
96, 42556.3, -16.388, 9.36273, 9.77114, 0.000213839, 3.91708e-06, -7.67431e-05, 
97, 183211, -17.9647, -2.9273, -1.67124, 0.000171943, 1.70175e-05, 2.88129e-05, 
98, 44540.3, 11.8836, 15.4185, 6.83715, -0.000156581, -0.000152738, -3.37933e-05, 
99, 12517.3, -12.6658, 4.3944, 18.3639, 0.000136721, 1.14248e-06, -0.000163037, 
100, 194051, -5.37955, 15.7798, 0.430899, -0.000244295, -0.000143302, -6.07392e-05, 
101, 41437.1, -2.40376, 8.48495, -0.464427, -0.000105867, -0.000114577, 9.91476e-06, 
102, 101770, -10.6056, -7.33824, 5.98201, 0.000144192, 5.66913e-05, -3.92683e-05, 
103, 7887.37, -14.8172, 2.98447, 3.464, 0.000212817, 2.60597e-05, -6.79803e-05, 
104, 16201.8, -16.5061, 11.6035, -1.44998, 0.000461641, 0.000102665, -3.31475e-05, 
105, 13498, 7.36511, 18.5936, 8.07786, -0.000197442, -0.00014516, -4.87679e-06, 
106, 168060, 10.3281, 1.45067, -15.1073, 0.000349462, 0.000143169, 0.000448959, 
107, 42112.9, -16.2738, 16.8045, -18.2331, 8.37871e-05, -8.49276e-05, 0.00019898, 
108, 36825.7, -3.22455, -18.3705, -16.8654, 4.13365e-06, 0.000122878, 0.000118904, 
109, 127889, -9.88636, -14.4728, 7.40311, 0.000108178, 0.000128494, 2.12182e-05, 
110, 111416, -6.60145, 2.65532, -8.6696, 0.000127625, 0.000118635, 0.000111884, 
111, 62062.8, -0.688549, 16.4112, 12.8901, 2.25262e-05, -0.000142867, -0.000152707, 
112, 44113.5, 5.52171, 12.5312, -16.0645, -9.79263e-05, -0.000138486, 0.00019769, 
113, 25680.6, 19.629, 9.71081, -4.02423, -0.000212819, -8.42246e-05, -1.8075e-05, 
114, 181419, -8.86094, -15.5461, 14.2436, 3.36612e-05, 4.63448e-05, -0.000142321, 
115, 82541.3, 8.82756, 13.8499, 9.08077, -0.000104376, -0.00011855, -8.70081e-05, 
116, 335166, -19.5609, 17.4242, -12.5389, 0.000185727, -9.86212e-05, 0.000102188, 
117, 22374.1, 5.86448, 9.00367, 4.3391, -0.000121498, -0.000156411, -3.90526e-05, 
118, 29802.4, 9.92363, 17.0655, -16.9387, -6.69842e-05, -0.000159441, 0.000145227, 
119, 52276.1, 10.2026, 17.0869, 13.2277, -0.000111913, -0.000145614, -0.000138069, 
120, 35218.7, -13.9729, 10.6997, -10.7117, 0.000133754, 1.72728e-05, 0.000154457, 
121, 187887, 15.8306, -7.71824, -4.8218, -0.000168551, 0.000110429, 7.99672e-05, 
122, 404749, -2.28582, 1.5703, 4.00425, 1.78688e-05, 8.19025e-05, -1.50855e-05, 
123, 49222.9, -0.674031, -18.2736, -7.18088, -1.21792e-05, 0.00015764, 7.19458e-05, 
124, 13713.2, 14.4034, 15.1659, 12.2451, -0.000147866, -0.00013393, -9.85169e-05, 
125, 30371.8, 18.4615, -2.14726, 17.7366, -0.000229024, 2.32208e-05, -0.000330213, 
126, 84498.4, 4.79655, -12.8913, 15.2133, -1.03386e-05, 0.000206689, -0.000247769, 
127, 84835.6, -14.7255, 11.9264, -1.84671, 0.000296007, 0.000148601, 4.35421e-05, 
128, 8291.76, 4.04601, -13.0468, -0.429372, 2.79971e-05, 0.00015849, 0.00011985, 
129, 119273, -17.9149, -19.5154, -4.26089, 0.000148829, 0.000138049, -7.76652e-06, 
130, 8304.38, -5.65768, -19.1569, -6.16586, 1.20492e-05, 0.000207405, 9.93681e-05, 
131, 89374.7, 3.47783, -18.251, 17.092, -3.31617e-06, 0.0002037, -0.000160983, 
132, 82342.4, 15.425, -14.8798, -6.04289, -0.000108411, 0.000112109, 9.18218e-05, 
133, 20686.8, 6.23991, -12.8168, 9.78247, -9.32414e-05, 0.000350818, -0.000270377, 
134, 28945.5, -7.37306, -17.5109, -6.19114, 1.68611e-05, 0.000137648, 4.86964e-05, 
135, 66589.8, -8.71407, -8.6669, 13.9093, 0.000151487, 1.88247e-05, -0.000134751, 
136, 161794, 15.6578, -19.5304, -4.82452, -0.000114978, 0.000180152, 5.11125e-05, 
137, 28843, 19.5004, -13.7176, -19.5916, -0.000116165, 0.000100965, 0.000142087, 
138, 56747.2, -14.8278, -18.2587, 9.74124, 0.000179337, 0.000148468, 1.91391e-06, 
139, 19170.7, 19.5514, 4.44985, 16.2852, -0.000191908, -6.14065e-05, -0.000145643, 
140, 458641, -13.6623, -16.5547, -9.58276, 8.42662e-05, 0.000105944, 8.01143e-05, 
141, 162523, -6.63246, -1.32157, -14.331, 7.81426e-05, 8.05545e-05, 0.000197126, 
142, 85634.9, -17.1022, -11.625, -17.0379, 0.000114735, 7.18469e-05, 0.000127313, 
143, 43567.5, 16.7293, 6.05946, 14.8457, -0.000170342, -6.75383e-05, -0.000146239, 
144, 22148, -12.8922, -0.904105, 8.82003, 0.000184137, 2.21173e-05, -0.000108224, 
145, 16607.3, -4.36683, -2.4694, 3.34206, 0.000207841, 0.000237364, -8.15664e-06, 
146, 148005, 5.64282, 1.72981, 9.30549, -2.17542e-05, 5.24722e-05, -0.000418781, 
147, 4689.78, 14.6974, 2.30273, -17.7437, -0.000247335, 2.51199e-05, 0.00025104, 
148, 55347.5, -6.12781, -7.88133, -12.5024, 3.64394e-06, 9.8749e-05, 0.00012729, 
149, 48850.8, 14.5828, 19.6433, -5.77034, -0.000110125, -0.000187001, 9.28326e-08, 
150, 177725, 4.22917, -9.86873, 7.09603, 0.000128935, 3.39831e-05, 7.80148e-05, 
151, 84712.3, -17.4585, -5.63229, -18.1744, 0.000116478, 2.5178e-05, 0.000128984, 
152, 25436.3, 13.234, 7.94158, 4.4563, -0.000168495, -0.000119063, -5.27698e-05, 
153, 16104.5, 11.7533, 5.96489, 1.02614, -0.000144395, -8.87738e-05, -3.6183e-05, 
154, 263593, -4.2736, -15.098, 11.794, 2.36836e-05, 0.000152549, -6.21761e-05, 
155, 18991.4, 17.9946, 2.37873, 5.13224, -0.000211496, -9.22437e-05, -3.58436e-05, 
156, 300961, -1.22223, 8.82718, -7.36597, -1.05766e-05, -0.000118084, 0.000106715, 
157, 118236, 2.58909, 8.66344, 17.9799, -0.000127663, -0.000186693, -0.000275042, 
158, 48335.8, 5.44759, 2.94258, 6.35354, 0.000210245, -0.000338255, 0.000540605, 
159, 78234.3, 5.47373, -12.074, 8.18582, 8.47068e-05, 0.000332754, -2.45585e-05, 
160, 1520.98, -14.4015, 1.68819, 2.84433, 0.000197764, 4.5014e-05, -5.21609e-05, 
161, 5553.57, -9.47175, 18.1151, -5.42543, -2.44221e-05, -0.000269614, 0.000260045, 
162, 130098, -13.0391, 9.18336, 12.9859, 0.000126607, 1.59092e-05, -0.000135766, 
163, 12064.9, 17.6462, 8.28192, -18.5238, -0.000116967, -3.79869e-05, 0.000209134, 
164, 54771.2, -4.5551, 1.53119, -11.9001, 1.9045e-05, 6.20978e-05, 0.000197597, 
165, 17588.9, 7.18736, -7.22204, -17.3526, -7.64084e-06, 0.000126922, 0.000175559, 
166, 323117, 16.3873, -14.3395, 16.8685, -0.000162029, 0.000125563, -0.000129735, 
167, 8814.81, -15.8645, -10.7116, 13.9556, 0.000175808, 2.65285e-05, -0.000112608, 
168, 332853, 18.68, 13.5135, -12.7168, -0.000164021, 3.6898e-05, -4.02688e-05, 
169, 22322.4, 4.43589, -18.735, -19.1951, -1.63424e-05, 0.000106378, 0.000108675, 
170, 4525.08, 3.87103, -6.36074, 12.3635, 0.000139805, 3.94963e-05, -0.000188926, 
171, 16066.5, 5.36559, -15.1372, -10.813, -1.5816e-05, 0.00013857, 0.000112864, 
172, 28820.2, 13.3854, -12.2366, 3.49365, -0.000178972, 0.000199353, 3.17458e-05, 
173, 155830, -5.47244, 3.5058, 18.3151, 0.000147955, -2.73901e-05, -0.000170218, 
174, 209736, 0.740731, 6.90723, 16.368, 5.80939e-05, -4.42776e-05, -0.000140659, 
175, 125787, -15.2584, -11.481, 3.14581, 0.000160288, 9.44494e-05, -3.47297e-06, 
176, 22667, -14.9927, 6.80862, -10.0986, 0.000184174, 9.23955e-06, 9.7261e-05, 
177, 331390, -14.8411, 16.2433, 13.847, 0.000120816, -0.00011341, -0.000136921, 
178, 105211, -10.0833, -10.6347, -11.7187, 4.89501e-05, 9.77326e-05, 0.000118294, 
179, 221701, -5.90987, 19.1873, 0.914052, -8.58042e-05, -0.000417853, -6.48375e-05, 
180, 56546.3, -9.81179, 9.76501, 4.13522, 0.000197944, 2.64598e-06, -0.000233014, 
181, 235250, 0.476125, 13.2648, -15.9445, -0.000147282, -7.75128e-05, 0.000248907, 
182, 94586.7, 3.52628, -11.6262, 12.7823, 9.00196e-05, 0.000131846, -0.000140196, 
183, 96800, 17.1405, -2.06974, 3.74275, -0.000140246, -0.000110456, -0.000175097, 
184, 29188.8, 8.02556, 7.76108, -14.6319, -0.000173917, -0.000166672, 0.000204634, 
185, 65332.3, 13.1822, 3.19379, -11.0055, -0.00044425, -0.000279908, 0.000144076, 
186, 140791, 0.0048044, 1.10918, 6.8096, -6.04261e-05, 2.70334e-05, -0.000276458, 
187, 47212.4, -6.70034, 8.08464, -11.973, 9.31543e-05, -7.17562e-05, 0.000220323, 
188, 115589, 6.97606, 14.587, -4.65542, -5.78434e-05, -0.000220849, 1.63881e-05, 
189, 74158.5, 10.7935, -19.5526, -4.77282, 1.22208e-06, 0.000181088, 7.18729e-05, 
190, 108628, 9.76917, -4.59138, -7.07548, -3.67755e-05, 0.000158166, 6.50877e-05, 
191, 6317.8, -3.36652, 12.914, 14.1715, 5.67948e-05, -0.000123983, -0.000149907, 
192, 33857.3, -1.51196, -17.1077, -11.5837, -7.13825e-06, 0.000133157, 0.000109722, 
193, 9310.57, -10.5362, 15.2651, -3.17986, -0.000166945, 3.40971e-05, 0.000456911, 
194, 67376.5, 6.04944, 6.86278, -9.59164, -5.2953e-05, -8.39181e-05, 1.42001e-05, 
195, 27091.1, -13.2268, -11.3921, 8.0615, 0.000186502, 5.56153e-05, -6.99398e-05, 
196, 39623.7, 7.701, -14.3893, -1.48761, -2.61479e-05, 0.000166086, 0.000104458, 
197, 97930.6, -19.9067, -5.77371, 0.754735, 0.000218358, 9.03121e-05, -4.78509e-05, 
198, 38319.4, -4.84122, -18.5753, -4.46609, -1.79879e-07, 0.000164588, 1.78156e-05, 
199, 92806.4, 6.83366, 12.409, -10.4983, -6.35374e-05, -0.000181241, 9.7059e-05, 
