ID, Mass [kg], pos_0 [m], pos_1 [m], pos_2 [m], vel_0 [m/s], vel_1 [m/s], vel_2 [m/s], 
0, 266668, 6.11498, -12.5068, -9.51113, -2.15909e-05, 0.000155912, 4.95373e-05, 
1, 88936.2, 11.5067, -16.3264, -19.0345, -9.71895e-05, 0.000135298, 0.00013834, 
2, 157943, -11.3579, -14.2889, 12.3976, -5.81314e-05, 0.000283002, 0.000183263, 
3, 169378, -5.19648, -3.71042, -18.4792, 5.13391e-05, -1.27643e-05, 0.000194746, 
4, 52366.8, -19.4368, -3.4932, 19.0418, 0.000181821, -5.85963e-05, -0.00015592, 
5, 13155.9, -13.5006, -17.39, 12.1545, 0.000128675, 0.000269432, 4.76996e-05, 
6, 92017.3, 3.1205, -12.416, -1.76031, -0.00027561, 0.000198321, 0.000267784, 
7, 28783.3, -6.60932, 17.8382, 5.59296, 6.46597e-05, -0.000222029, -1.79749e-06, 
8, 28069.8, -10.0572, 17.582, -11.6668, 1.0853e-05, -0.000197117, 0.000107039, 
9, 332411, 16.1831, -16.1976, 17.6997, -9.35354e-05, 6.60966e-05, -7.76756e-05, 
10, 147602, -10.525, -6.28102, 7.48259, -2.60897e-05, 0.000111708, -9.21353e-05, 
11, 126955, -16.2638, 15.8235, 7.09654, 0.000122348, -0.000133478, -5.0154e-06, 
12, 8145.24, 8.67637, 3.11051, 16.2925, -0.00017882, -6.9818e-05, -0.000138358, 
13, 75407.3, -12.5895, -9.86908, 16.8718, -7.82524e-05, 3.50022e-05, -0.000130031, 
14, 60007.4, -19.9062, 11.1951, 1.8144, 0.000168399, -7.98284e-05, 1.54929e-05, 
15, 37540.7, -17.1593, 19.6445, -14.0933, 3.45073e-06, -0.000296241, 8.00079e-05, 
16, 22790, 8.8951, 0.526367, -13.6211, -9.81691e-05, -0.000105659, 0.00013279, 
17, 20769.2, -2.58225, 1.53137, -7.11849, -3.04036e-05, 4.40105e-05, 0.000171312, 
18, 211002, -17.2293, -15.48, 2.76237, 0.000125177, 0.000134941, 4.48152e-05, 
19, 150055, -12.0892, -13.5591, 13.9274, 0.000151131, 7.31033e-05, -0.000262023, 
20, 5236, -8.37525, 13.6119, 0.0905216, 0.000110001, -0.000131628, -4.0954e-06, 
21, 271282, -6.1736, -0.492665, 13.2292, 3.1427e-05, 4.01216e-05, -0.000120819, 
22, 49300.1, 7.64193, 17.8473, -10.8444, -0.000127254, -9.10202e-05, 6.91199e-05, 
23, 117718, 19.3457, 4.13464, -3.3924, -0.000248895, 6.07125e-05, -2.90999e-05, 
24, 83176.3, 13.734, -16.9398, 1.38672, -0.00016458, 0.000151987, -5.22053e-05, 
25, 16921.9, -12.8748, -5.5037, 11.6839, 3.45241e-05, -3.06986e-05, -0.000140192, 
26, 8127.9, -6.75032, -3.8352, -17.2822, 0.000279057, 6.4817e-06, 1.04897e-05, 
27, 117537, -2.37514, -3.88725, -12.8475, 5.53447e-05, -4.88326e-05, 6.17872e-05, 
28, 74393.9, -4.93228, 2.77785, -5.3228, 0.000120187, 7.4065e-05, 0.000169138, 
29, 57188.8, 0.834571, -10.4546, -1.50527, 0.000234605, -0.000152301, 0.000357393, 
30, 27579, 2.11731, -12.7701, 11.412, -0.000101773, 0.000113542, -0.000103968, 
31, 8833.03, -5.03659, 3.2122, 15.6011, 7.78812e-06, -8.88581e-05, -0.0001903, 
32, 127385, 5.23742, 19.73, -12.1154, -3.9709e-05, -0.000158785, 0.000131754, 
33, 26112.7, -8.59437, 7.22623, 1.89423, 0.000153535, -9.88961e-05, 4.98634e-05, 
34, 25816.1, -19.9808, 8.41125, -13.0296, 0.000157023, 2.2775e-05, 7.55214e-05, 
35, 196477, 0.00397669, 0.484393, 8.00832, -0.000141077, 6.83347e-05, -5.16039e-05, 
36, 134895, 7.29529, -5.64939, 16.3712, -0.000135356, 8.0351e-05, -0.00016305, 
37, 90647, -2.19183, 12.5134, 4.88033, -1.41986e-05, -0.000235893, 2.9802e-05, 
38, 70759, -2.13602, 7.05673, 14.4863, -0.000113792, -9.31335e-05, -0.000189895, 
39, 13187.3, -0.0250929, 12.2105, 2.80593, -0.000121468, -0.000165725, 5.72649e-05, 
40, 33368, 13.6538, -14.1152, -4.21071, -0.000176827, 6.99433e-05, -2.18034e-05, 
41, 134346, 2.73493, -6.90935, -0.807845, -2.28493e-05, -7.16272e-05, -2.93611e-05, 
42, 105929, 3.38035, 7.84345, 1.06085, -0.000149675, -8.53579e-05, 3.59232e-05, 
43, 83973.3, -18.1872, 3.09972, 8.3177, 0.000272916, -0.000178671, 1.48407e-05, 
44, 3121.57, -12.3493, -5.03004, 16.0397, 8.28376e-05, -9.50047e-05, -9.54254e-05, 
45, 27466.3, -19.3993, -17.1508, 5.29419, 0.000198218, 0.000179444, -4.8615e-05, 
46, 38628.7, 12.2898, -17.7892, 12.773, -6.43615e-05, 0.00011964, -3.35538e-05, 
47, 41308, 6.39394, -6.36483, -5.47619, -0.000136449, 0.000111115, 0.000268998, 
48, 127460, -2.07188, -16.1362, 8.35199, -6.95564e-05, 0.000279675, -0.000138558, 
49, 499917, -18.6825, 15.7896, -14.0153, 0.000112813, -7.57345e-05, 8.35553e-05, 
50, 18781.7, -1.70942, 11.6677, 5.77479, -0.000155215, -7.04242e-05, -0.000185157, 
51, 41104.5, 1.52508, -3.69553, -16.469, -1.00351e-05, -8.28868e-05, 0.0001691, 
52, 171754, -7.37192, 14.1377, 11.2274, 0.000141524, -0.000137756, -6.80623e-05, 
53, 188750, 11.0403, -10.2286, -14.3606, -0.000249915, 9.88705e-05, 0.000191253, 
54, 188123, -11.36, -10.1553, -13.8427, 0.000100183, 5.46104e-05, 0.000138011, 
55, 5496, -2.9139, 17.0631, -8.95783, 6.13393e-05, -0.000161668, 0.000147049, 
56, 314149, 1.64486, 17.1205, -6.89015, -5.66098e-05, -0.00014257, 9.47713e-05, 
57, 286386, -1.22837, -16.2851, 19.6992, -5.13414e-05, 0.000114797, -0.00013643, 
58, 3262.44, -19.2196, 3.52185, 16.9462, 0.00018234, -7.29788e-05, -0.000146679, 
59, 498.907, 19.0226, 17.7448, -16.5708, -0.000118369, -4.91062e-05, 8.2356e-05, 
60, 10715.1, -19.4743, -6.11581, 10.688, 0.000393599, -1.31959e-05, -4.66947e-05, 
61, 28147, 19.7515, -6.41062, -16.5095, -0.000154855, 1.65234e-06, 8.9615e-05, 
62, 126417, 13.653, -16.5135, -7.09399, -0.000151115, 0.00015445, 5.15199e-05, 
63, 304337, -14.2935, -19.4167, 17.0002, 7.77468e-05, 0.000194426, -0.000101562, 
64, 73901.1, 4.37101, 4.13067, 14.1178, -0.000179432, -8.53186e-05, -9.22448e-05, 
65, 141050, 8.92697, -4.78056, -12.0422, -0.00010566, -0.000135503, 0.00010249, 
66, 71538.3, -1.40206, 6.80486, -9.28321, -4.49768e-05, -7.31871e-05, 0.000165628, 
67, 43197.3, 11.6522, -4.75574, -7.91183, -0.000201097, -6.48216e-05, 1.47057e-05, 
68, 292601, 6.57603, -7.48509, -18.4776, -0.000146865, -0.000109181, 0.000194901, 
69, 23084.1, 11.7337, 7.65545, -5.54595, -0.000126447, -0.000108391, 5.11778e-05, 
70, 7607.71, -17.0542, 1.84677, 8.16104, 0.000154082, 4.39453e-05, -4.93106e-05, 
71, 13540.8, 1.46744, -6.82649, 13.942, -7.81049e-05, 9.09458e-05, -7.10969e-05, 
72, 72502.9, 8.57219, 13.8283, 8.05871, -0.000143895, -0.000111529, -8.73859e-05, 
73, 55178.4, -11.5336, -5.95963, 17.4352, -2.95827e-06, -5.28272e-05, -0.000194419, 
74, 138200, 7.33559, 15.5398, 1.66101, -0.000155562, -9.93406e-05, -4.50629e-05, 
75, 441048, -2.68725, 6.30619, 5.73167, -6.74493e-05, -0.000152601, 5.65931e-06, 
76, 104741, 1.64832, 18.3236, 7.6315, -8.41703e-05, -0.000196646, -5.85448e-05, 
77, 235448, -4.01907, 16.0821, 11.1992, -7.01915e-05, -0.000232441, -8.81828e-05, 
78, 56549.9, -7.75462, -9.76439, 6.36736, -3.7412e-05, 0.000151178, 2.3995e-05, 
79, 18431.9, 4.46893, -18.9975, 0.367272, -4.72417e-05, 0.000252261, -1.19333e-05, 
80, 174616, -7.36302, -11.1365, 15.1206, -8.59221e-05, 7.61984e-05, -0.000139902, 
81, 162861, -4.54009, 2.68232, 4.9978, 4.07516e-05, 0.000251597, 4.56386e-06, 
82, 32822.2, 17.6641, 19.8169, 19.7281, -6.54728e-05, -6.08286e-05, -5.50233e-05, 
83, 36038, 6.37752, -11.2716, 2.07195, -6.83505e-06, -1.54858e-05, -9.04382e-05, 
84, 151751, -6.28733, 9.14803, -4.56582, 6.84362e-05, -0.000111893, 9.41036e-05, 
85, 1755.34, 19.8235, 6.21687, 6.416, -0.000151698, -4.68715e-05, -4.31049e-05, 
86, 125093, -19.7385, -12.4053, -18.4522, 0.000104959, 5.88386e-05, 0.000106691, 
87, 62753.9, -13.8071, 4.25861, 18.5149, 0.000218907, -6.65926e-05, -0.000165974, 
88, 104089, -3.52065, 0.962114, 17.2939, -4.28204e-05, 7.59634e-06, -0.000256935, 
89, 74659.5, -12.2581, -8.82723, 5.25295, 0.000122975, 0.000201842, 0.000104639, 
90, 54457.8, -1.07266, 16.9379, -3.8725, 3.99057e-05, -0.000158985, 3.74397e-05, 
91, 250388, -18.1849, 0.707683, 11.389, 0.000210313, -3.95428e-05, -0.000115437, 
92, 9592.63, 4.18551, 10.5207, -15.1605, -5.36973e-05, -7.47361e-05, 0.00014134, 
93, 51769.5, 10.3606, 4.13262, -17.5684, -9.10241e-05, -6.88202e-05, 0.000136885, 
94, 88315.6, 17.9652, -19.3667, -3.71396, -0.000148407, 0.000125522, 6.15655e-06, 
95, 44569.9, -5.12625, 5.13313, 8.74903, 0.000202304, -2.23475e-05, -0.000139643, 
96, 55054.8, 1.16096, -10.481, -0.720388, 5.056e-05, -0.000220141, -0.0001506, 
97, 6549.1, 12.2541, -5.03867, -2.28956, -0.00020654, 5.46218e-06, -3.97559e-05, 
98, 176773, 6.00148, -5.44856, -3.84298, -8.92048e-05, -6.4601e-05, -1.60789e-05, 
99, 4096.57, -15.5896, -4.89897, -9.64231, 0.000137824, -7.21352e-05, 0.000140618, 
100, 283032, -16.4566, -7.26334, 10.2108, 0.000210849, 5.7607e-05, -2.1531e-05, 
101, 15065.6, -12.2997, -2.48327, -17.5705, 0.000108157, -1.5054e-05, 0.000140721, 
102, 33276.8, 16.51, 14.9363, -8.62921, -0.000157604, -8.88572e-05, 2.10463e-05, 
103, 12989.8, 17.3157, -7.96758, -19.4948, -0.000140503, 1.57161e-05, 0.000131234, 
104, 26736.4, -1.02823, -3.66897, 10.5614, -7.52764e-05, 0.000120142, -8.52595e-05, 
105, 201331, 10.3778, -9.05054, -10.3623, -0.000196846, 3.06389e-05, -1.03945e-05, 
106, 153368, 9.05187, 3.00731, -5.84775, -0.000108358, -9.94664e-05, 9.1901e-05, 
107, 15450.3, -4.93992, 15.1217, -10.9572, -5.46245e-06, -0.000135327, 0.000145275, 
108, 669.306, 2.50781, -12.2279, 5.83556, -6.90206e-05, 0.000107144, -0.000136476, 
109, 16366.5, 11.0666, -12.8002, 12.0087, -0.000103359, 7.23227e-05, -7.15148e-05, 
110, 76031.2, 8.68462, 19.7579, 2.21253, -0.000127949, -0.000210046, -3.99216e-05, 
111, 6213.7, -16.7401, -9.96961, -6.04681, 0.000455564, 0.000269487, -0.000332971, 
112, 161030, 14.5611, -0.80362, 11.1588, -0.000156879, -1.75323e-05, -5.5093e-05, 
113, 103552, 2.6897, 5.37794, 18.0066, -0.000120772, -0.000116495, -0.000216946, 
114, 105761, -2.50744, -14.5762, 7.01177, 1.55169e-05, 3.12445e-05, 6.82862e-05, 
115, 3988.7, -3.15688, -19.6545, 13.6682, -3.42576e-05, 0.000200195, -7.06781e-05, 
116, 95735.7, -16.1877, 2.20398, 6.81418, 0.00010584, -7.37356e-05, 0.000106644, 
117, 112453, -13.6612, -3.88947, -1.16227, 0.000252351, 5.55642e-05, 4.65106e-05, 
118, 30694.8, -15.5041, -18.7496, -5.33433, 9.20703e-05, 0.000152877, 4.55716e-05, 
119, 36195, 5.40644, 15.1259, 0.754902, 5.44146e-05, -8.39821e-05, 7.03102e-05, 
120, 18641.6, -0.620763, 15.9114, -1.95178, -6.6573e-05, -6.86237e-05, -4.11804e-05, 
121, 9923.13, -0.925867, 4.4133, 10.7745, -0.000192192, -1.6989e-05, -0.000164393, 
122, 10388.6, -17.5793, 2.8308, -2.50744, 0.000181764, -4.44311e-05, 6.66665e-05, 
123, 6088.92, 6.10167, 10.3131, -18.7869, -5.28356e-05, -7.01174e-05, 0.000142038, 
124, 57978.1, -17.6107, -5.97108, -16.6732, 0.000122455, -4.82504e-06, 0.000124542, 
125, 28974.4, 9.5049, -16.6347, -8.61726, -9.11517e-05, 0.000234239, 5.80084e-05, 
126, 149499, 17.7254, 6.08321, -4.16241, -9.44403e-05, -0.00013797, 5.13402e-05, 
127, 156428, -13.0526, 9.98486, -12.6027, 9.2104e-05, -3.30091e-06, 0.00012428, 
128, 11817, -0.620767, 5.76468, 3.84658, -0.000360457, -1.90389e-05, 0.000251298, 
129, 241608, -9.98313, 3.86136, 19.0383, 6.01244e-05, -4.28286e-05, -0.00022099, 
130, 83899.8, 16.7453, -5.79387, -6.53856, -0.000213107, 2.06698e-06, 2.13624e-05, 
131, 161283, -11.2083, -2.88607, -2.17024, 2.25262e-05, -2.32218e-05, 0.00012715, 
132, 170745, -5.67276, 16.8641, -0.72427, 6.84582e-05, -0.000189176, 1.6461e-05, 
133, 354581, -15.6172, -9.26033, -7.50328, 0.000135465, 6.24824e-05, 7.5822e-05, 
134, 115421, 18.3715, -2.83446, 17.0963, -0.000133927, -4.57257e-07, -9.33838e-05, 
135, 65429.1, 7.90596, 6.4018, 7.01177, -0.000174544, -6.91295e-05, -5.42569e-05, 
136, 868.309, 11.9168, -9.41107, -12.439, -0.000427514, -1.13271e-07, 4.87658e-05, 
137, 4759.2, -16.8213, 0.161922, -2.15684, 0.000201914, -4.52753e-05, 7.59182e-05, 
138, 8998.31, -4.76822, 14.1987, 15.4515, -2.6025e-05, -0.000172881, -0.000229461, 
139, 37395.4, -10.5873, -17.1273, -9.28593, 8.62337e-05, 0.000172824, 4.7258e-05, 
140, 181316, 12.3417, 14.641, -11.3895, -0.000106314, -7.66871e-05, 8.5026e-05, 
141, 139423, -2.37282, 5.65021, -17.2361, -9.42326e-06, -6.47194e-05, 0.000163584, 
142, 47155.6, 3.71041, -15.6542, -8.95304, 4.55769e-05, 0.000277886, 5.76316e-05, 
143, 320658, -4.58346, -14.0547, -13.2049, 0.00057124, -0.000178791, 0.000133759, 
144, 22569.4, 18.647, -10.4832, -3.38118, -0.000196764, 4.40262e-05, -8.22528e-06, 
145, 17996.4, 17.9763, 6.75234, 16.6382, -0.000116333, -5.6e-05, -7.83303e-05, 
146, 85832.2, 7.71898, -10.612, -13.9142, 9.07388e-06, 0.000158499, 0.00014434, 
147, 187866, -12.7724, 11.499, -2.85355, 0.000141247, -0.000101001, 2.82886e-05, 
148, 48707.3, -4.99687, 3.59951, 4.51448, 0.000373032, -0.000301661, 0.000323828, 
149, 31339.9, 0.972653, -7.10371, 15.7538, -5.44826e-05, 9.28008e-05, -0.00016918, 
150, 43750.7, -12.7271, -10.687, 10.165, 7.98372e-05, 0.000125948, 2.6089e-05, 
151, 243138, -11.772, -4.07935, 5.24436, 0.000113579, -4.29501e-05, 8.70963e-05, 
152, 14872.6, -6.02775, 10.7956, 16.1273, 1.29561e-05, -0.000283223, -0.00024767, 
153, 28768.5, -15.5844, 7.39759, -15.1153, 0.000125554, 3.40194e-05, 0.000156198, 
154, 44811.9, -11.6395, 6.8091, 7.24889, 0.000153156, -0.000110182, -1.26819e-05, 
155, 235285, 4.42673, -9.63409, -19.299, 0.000122091, 0.000187781, 0.00026314, 
156, 118566, -12.7687, 11.4612, 15.5704, 9.59226e-05, -0.000155499, -0.000142435, 
157, 1429.46, -5.95093, -15.9584, -13.6256, 0.000342462, 0.000528666, 0.000193961, 
158, 61874.8, -9.11542, 7.1065, -15.6665, 3.74108e-05, -2.52578e-05, 0.000167109, 
159, 547423, -16.4935, -9.9314, 18.691, 0.00016035, 5.32478e-05, -0.000183208, 
160, 16024.9, 12.3435, -16.7051, -1.0837, -0.000110518, 0.000171523, 3.46953e-05, 
161, 59294.4, -6.87257, -18.5955, 8.66616, 2.84768e-05, 0.000224727, -8.20487e-06, 
162, 34022.8, -15.3098, -1.72139, 8.72434, 0.000138809, -1.6106e-05, -1.1975e-05, 
163, 51310.5, -1.33225, 18.1158, -1.35573, -3.02113e-05, -0.000247943, -4.14647e-05, 
164, 125646, -19.3568, 17.0365, 12.9236, 0.000132869, -0.000106786, -5.55188e-05, 
165, 38198.4, 8.18359, 17.5203, -0.196193, -0.00016085, -0.000197821, 0.000106264, 
166, 175587, -10.3754, 13.1714, -10.4489, 2.22248e-05, -0.000123347, 8.44266e-05, 
167, 33247.4, -18.5908, -16.9531, -11.9975, 0.00011289, 0.000118107, 7.05721e-05, 
168, 39322.1, -14.3225, 10.0828, 14.9598, 0.000256474, -1.30975e-05, -6.5649e-05, 
169, 42408.8, 6.71526, -7.64424, -14.282, 1.44063e-05, -5.98825e-05, 7.27087e-05, 
170, 165238, -6.38622, 8.40367, 15.4148, 5.52039e-05, -0.00010805, -0.000177208, 
171, 133165, 2.63472, -11.9427, 0.57048, -0.000228028, 7.04272e-05, -0.000300016, 
172, 17222.9, -13.2859, 19.4359, -8.58562, 6.01201e-05, -0.000178255, 2.17039e-05, 
173, 19550, -2.9459, 13.1347, -7.44829, 6.18402e-06, -0.000101156, 0.000128952, 
174, 2321.65, 15.3253, 0.944507, -2.42318, -0.000172434, -2.72863e-06, -2.01516e-05, 
175, 266285, 8.9136, -12.665, 2.66274, -0.000148028, 0.000129769, -0.000161236, 
176, 51769.7, -17.4046, 19.6557, 16.3656, 7.57733e-05, -0.000138731, -0.00010371, 
177, 2547.76, 9.96534, 14.1413, -6.65389, -0.000111034, -8.64323e-05, 2.19889e-05, 
178, 33600.1, 7.13672, -0.888102, 18.4351, -0.000152847, -2.3721e-05, -0.000206064, 
179, 95862, 4.95483, -2.39524, 14.6299, -0.000105246, 2.13669e-05, -0.000106971, 
180, 231629, 0.864936, -12.897, -0.602215, 0.00022122, 0.000343844, 2.59229e-05, 
181, 48845.6, -1.26203, -5.33362, -14.504, -1.72065e-05, 6.59611e-05, 0.000185654, 
182, 63218.1, 9.61343, -12.3066, 0.658761, -0.000291557, 4.00906e-05, 0.000277645, 
183, 250917, -2.87054, 4.96434, -3.52986, -4.20222e-05, -4.67557e-05, 7.47239e-05, 
184, 4676.91, -6.09901, 0.429139, -1.46546, 5.76192e-05, 4.07452e-05, 6.95571e-05, 
185, 14.7536, -9.90021, 17.3307, -15.6918, -3.01576e-06, -0.000132691, 0.00015247, 
186, 1700.44, -17.1805, 8.61377, -8.48356, 0.000163195, -8.68458e-06, 3.74805e-05, 
187, 132400, -4.22463, -14.2655, -13.1869, -0.00124134, 0.000891179, 4.26607e-05, 
188, 31027.4, 7.06876, -5.93021, 13.0317, -0.000134374, 9.59406e-05, -1.22434e-05, 
189, 137319, 9.69405, 0.134726, -2.63064, -0.000153857, -2.88177e-05, -3.52608e-05, 
190, 22200.4, -9.66417, -0.766757, -19.5718, 9.31958e-05, -3.67891e-05, 0.000170668, 
191, 36036.5, 16.938, 18.8926, -15.701, -9.06653e-05, -8.27461e-05, 7.69165e-05, 
192, 105589, -8.01109, 19.1657, 17.7394, 2.8122e-05, -0.000162193, -0.000133578, 
193, 42408.1, 7.47435, -1.06118, 11.759, -0.00017438, -1.62523e-05, -4.09102e-05, 
194, 8889.27, 0.115849, -10.5272, 11.2232, -6.99434e-05, 7.74267e-05, -9.42827e-05, 
195, 67618.7, -2.03255, 10.4725, 16.2049, -0.000106965, -0.000175731, -0.000211199, 
196, 139645, 1.81703, 0.891666, 17.1607, -9.15044e-05, 1.27676e-05, -0.000202833, 
197, 16526.9, -16.4661, -2.24738, -7.95668, 0.000159663, -4.31802e-05, 0.000102659, 
198, 18896.2, 16.5139, 8.51663, 5.30291, -0.000150369, -6.92902e-05, -4.38555e-05, 
199, 122718, -3.40332, 6.23317, 10.7381, -3.02548e-05, -0.000110196, -0.000181404, 
