ID, Mass [kg], pos_0 [m], pos_1 [m], pos_2 [m], vel_0 [m/s], vel_1 [m/s], vel_2 [m/s], 
0, 5682.38, -8.35412, -3.61896, 17.3328, 0.000380492, 0.000193522, -0.00160393, 
1, 51291.5, 14.2406, 19.6433, -14.3506, -0.000633746, -0.000575576, 0.000521805, 
2, 73779.3, 2.39042, -12.5284, 3.50576, -0.000946695, 0.00097688, 0.000106661, 
3, 9731.99, -16.6962, 16.0764, -8.51321, 0.000931675, -0.00134613, 1.71413e-05, 
4, 104587, 3.90036, 10.6479, -3.50408, -5.02968e-05, -0.000643913, 0.000388164, 
5, 42215, -18.9199, -5.34013, -11.7149, 0.0015478, 0.000460263, 0.000667102, 
6, 57220.4, -16.695, 18.9496, 4.33417, 0.00249132, -0.001203, -0.00141142, 
7, 44855.5, 0.104489, -3.75441, -10.5607, -0.000186024, 0.000587152, 0.000780795, 
8, 276797, -13.4656, -0.336347, -7.27788, 0.000611962, 0.000353821, -0.000359753, 
9, 2643.18, -3.27915, -2.17418, -10.0811, -1.0241e-06, 0.000258222, 0.000671414, 
10, 33961.7, -9.20559, 11.3496, 7.66071, 0.000401954, -0.00136983, 0.000924436, 
11, 8691.35, 13.0657, -16.9279, 3.45161, 0.000881073, 0.00438953, 0.000174203, 
12, 141682, -2.70882, -14.243, 11.4003, 0.000488507, 0.00141037, -0.00158689, 
13, 288611, -16.6655, -6.07915, 0.697263, 0.00113319, 0.00039502, -3.50064e-05, 
14, 512847, -17.7372, 11.6936, 17.5749, 0.000922259, -0.000296387, -0.000931801, 
15, 15651.7, -6.51938, -16.8172, 12.3634, 0.000558469, 0.00139411, -0.00118971, 
16, 182451, 1.64598, 17.5366, -17.9172, -0.000147796, -0.00113414, 0.000721129, 
17, 62197.8, -14.7292, -1.12923, -18.2139, 0.00081006, 0.000512819, 0.00183809, 
18, 185440, -8.73364, -8.93857, -3.69689, 0.000594631, 0.000556461, 0.000444932, 
19, 36701.4, -17.6821, -12.7795, 16.963, 0.000698241, 0.000599081, -0.00073602, 
20, 106936, 16.2738, 18.3714, -3.86887, -0.000811889, -0.000772003, 0.000190716, 
21, 161838, -2.81054, -1.05071, -1.92895, 0.000256634, -5.9128e-05, 0.000483449, 
22, 144875, 3.81076, -13.9279, 17.4351, -0.000224188, 0.000984729, -0.00124414, 
23, 100936, -10.1764, 5.8609, -11.3897, -0.000133249, -0.000214087, -0.000189482, 
24, 95186.1, -9.49245, -14.67, -18.9911, 0.000212666, 0.000700165, 0.00107727, 
25, 151808, 3.34642, 14.8054, -18.3893, -0.000775034, -8.12968e-05, 0.000968422, 
26, 118354, -15.1631, 12.6492, -10.4579, 0.000932775, -0.00121866, 0.000215898, 
27, 149234, -6.71326, -10.584, -9.25498, 6.14285e-05, 0.000831595, 0.000715998, 
28, 9985.68, -15.003, 3.12639, 2.66467, 0.00104789, -0.000178137, -0.000195508, 
29, 180895, 9.6031, -3.74196, 14.5475, -0.000840204, -5.0161e-05, -0.00107228, 
30, 486.041, 13.8667, -10.7656, 4.07428, -0.00113541, 0.00040215, 9.7718e-05, 
31, 70262.9, -0.242808, -17.4754, -10.4367, -0.000196931, 0.00114404, 0.000639837, 
32, 45902.1, 0.397821, -5.89299, -13.4322, -0.000355431, 0.000649931, 0.00114604, 
33, 24444.7, 3.75293, 1.71437, -14.0589, -0.000297799, -0.000230134, 0.0013118, 
34, 65679.9, -16.8615, -2.97262, 17.3615, 0.000457851, 0.000512901, -0.00154948, 
35, 3309.29, -16.6255, -6.07601, 0.646506, 0.00361687, 0.000818446, -0.0035663, 
36, 8280.38, 17.4718, -12.9125, -6.47419, -0.000883867, 0.000524323, 0.000416384, 
37, 94538.9, -8.13818, -16.4735, 6.22346, 0.0026843, 0.000278731, 0.000349115, 
38, 30213.7, -2.08825, 8.52511, 6.47745, -0.000508007, -0.000673394, 4.66833e-05, 
39, 53471.9, 8.1619, 14.7017, -10.2691, -0.0008178, -0.000367887, 0.0007497, 
40, 43100.3, 17.6913, -8.13035, 10.6124, -0.0030327, -0.00194363, -0.00155751, 
41, 44746.6, -7.17558, 5.23689, -15.5556, -0.00118199, 0.000322681, 0.000929744, 
42, 34053.9, -13.8917, 9.74566, -2.15541, 0.000749154, -0.000659212, -5.4131e-05, 
43, 54380.2, 9.00822, -0.936669, -11.6124, -0.000292103, -0.000754529, 0.00224747, 
44, 38723.2, -7.63164, 4.50535, 14.8359, 0.000106557, 0.000102974, -0.00112515, 
45, 2321.23, -18.9665, -4.71686, -4.56983, 0.00146904, 0.000397428, 0.000275182, 
46, 241169, 4.01348, 18.0622, -2.27854, 0.000692089, -0.00089064, -0.000788015, 
47, 344827, 8.6431, -0.30384, -12.7414, -0.000810779, 0.000118755, 0.000694644, 
48, 39271.1, 8.01607, 13.851, 13.3185, -0.000856498, -0.00128379, -0.000902894, 
49, 19687.8, 19.2559, -15.3659, -3.94929, -0.000866579, 0.000547845, 0.000288994, 
50, 61216.8, 5.14757, -12.5428, -3.19692, -0.000686399, 0.000796562, 0.000695526, 
51, 19182.2, 17.9126, -4.64829, 6.08914, -0.00111782, 2.37724e-05, 0.000195106, 
52, 12420.5, -1.2282, -0.0404785, 10.3622, 0.000117535, -0.000188076, -0.000834937, 
53, 85447.4, 16.971, 6.06659, 7.2207, -0.000783678, 0.000372313, 0.000207797, 
54, 361436, -12.2655, 15.2219, 13.1896, 0.000189529, -0.00140222, -0.00092597, 
55, 158926, -12.2053, 11.8712, 2.44979, 0.00052618, -0.000760868, 0.000269706, 
56, 49282.6, 18.2147, -8.35325, 10.829, -0.00319501, 0.00267759, -0.000797189, 
57, 218355, 5.19413, 11.9884, 12.3956, -0.000141592, -0.00091034, -0.00082759, 
58, 22371.5, -4.18301, 8.49516, 7.36258, -0.000551498, -0.000198205, 0.000286874, 
59, 55919.9, 12.3083, -17.1329, 4.12923, -0.00126912, 0.000849373, 0.000395115, 
60, 21598.8, 3.71931, -9.96616, 17.8698, -0.000610767, 9.88808e-05, -0.00140815, 
61, 398.952, -10.1738, -11.1996, 14.1491, 0.00101279, 0.000647193, -0.00153768, 
62, 1108.92, -14.2475, -3.52528, -12.3405, 0.000720533, 0.00227209, 6.44446e-05, 
63, 108555, -19.0642, -1.2242, 0.370665, 0.00140468, -0.000213959, -0.00014077, 
64, 244863, -17.0463, 9.69954, -7.44919, 0.0012278, -0.000629546, -0.000147526, 
65, 220694, 17.934, -7.96208, 10.7536, -0.000132204, 0.000160184, 7.57708e-05, 
66, 61700, 6.53769, -15.5297, -15.5265, -0.000459459, 0.000677578, 0.000786045, 
67, 55388.9, 19.4786, -9.79158, -16.5889, -0.000661392, 0.000359545, 0.00053247, 
68, 211156, -4.67177, -17.9499, 3.99638, 0.000192411, 0.00181297, 0.000557996, 
69, 12720.6, -13.6245, -9.28481, -7.50536, 0.000602997, 0.000753921, 0.000241881, 
70, 25096, -12.2561, 0.624156, 13.8488, 0.000569511, -3.92592e-05, -0.00104006, 
71, 179870, 1.54749, 3.25475, -0.343781, -0.000293145, -0.000447474, 0.000243503, 
72, 79123.8, 16.8921, 12.2521, -2.48965, -0.000975247, -0.000601771, 0.000204276, 
73, 110870, -12.6592, 12.9652, 10.9527, 0.000864683, -0.000684, -9.14049e-06, 
74, 43359.1, -5.52013, 16.4506, -13.5617, -0.000801392, -0.00137315, 8.6823e-05, 
75, 140124, -9.14688, -3.49884, 9.08612, -0.000474325, -0.00215001, -0.00192356, 
76, 229268, 13.0819, -17.1848, 3.27332, -0.000813734, 0.000795677, -7.75079e-05, 
77, 302149, -18.4139, -1.73503, 14.1957, 0.00106826, 0.000167517, -0.000581807, 
78, 100708, -14.6996, -15.5954, 0.625911, 0.000999166, 0.00149313, 0.000342782, 
79, 46633.4, -8.12445, -11.8826, 12.371, 0.00109748, 0.00137608, -0.00236398, 
80, 143926, -10.2287, -7.78186, 8.37074, 0.000912014, 0.000823587, -0.000677024, 
81, 270.261, 14.1544, -1.94447, -16.5676, -0.000728469, 0.000191166, 0.00101767, 
82, 159650, 4.16782, -6.13652, 3.60712, -0.000724745, 0.000270615, 0.00103631, 
83, 24756, 6.44716, 12.6919, 17.4779, -0.000337101, -0.000668938, -0.00128622, 
84, 18375.3, -1.13767, -1.63187, 8.14393, 0.000204353, -0.000225432, -0.000579284, 
85, 491877, -6.96529, 10.0632, 9.84595, -0.000350623, -0.00055514, -0.000606898, 
86, 194807, -12.7916, 10.2595, 9.22126, 0.00126203, 8.38449e-05, -1.08139e-05, 
87, 8649.23, 0.553361, 7.92915, -16.8805, -0.000688229, -0.000276385, 0.00149141, 
88, 138901, 6.88817, -10.1356, 14.3999, -0.000852049, 0.000581554, -0.00122426, 
89, 50202.9, 8.29482, 11.0174, 4.69533, -0.00071043, -0.000712022, -0.000119679, 
90, 98321.9, 1.82656, -6.37716, -1.37257, -0.000414083, 0.000278408, 0.000792573, 
91, 384069, 5.07999, -5.46312, 7.06683, -0.0011957, -0.000299321, -0.000623358, 
92, 81279.9, -15.553, -10.999, -9.59928, 0.000627318, 0.00130638, 0.000445634, 
93, 91375.2, 8.98818, -6.47686, -9.71264, -0.000746283, 0.000714372, 0.000701132, 
94, 5476.7, -12.0675, -16.9145, 10.4527, 0.000964689, 0.00115051, -0.000885162, 
95, 33452.5, 2.54946, 3.37266, 17.4856, -0.000475014, -0.00039476, -0.00148192, 
96, 25752.1, 19.539, 18.623, 16.5762, -0.000541634, -0.000635042, -0.000477513, 
97, 200797, 15.1265, -1.36488, -8.54347, -0.00117034, 0.000147963, 0.00040562, 
98, 298981, -3.72977, -10.8252, -0.408878, 0.00017731, 0.00068892, 0.000508675, 
99, 93146, 6.50775, 18.0857, -9.47696, -0.000512769, -0.000961833, 0.000796286, 
100, 8612.85, 15.8946, -14.4251, 8.8001, -0.000919983, 0.000797986, -0.000306399, 
101, 24343.5, -6.73877, 9.25508, -2.3381, 1.00349e-05, -0.000732716, 0.000148601, 
102, 10296.7, 9.91025, -14.2359, 14.3741, -0.000823672, 0.00102058, -0.000740984, 
103, 15719.8, -10.476, -1.31351, -14.5087, -0.00048145, 0.000835681, 0.00124898, 
104, 230040, -13.4952, 7.78788, -15.8521, 0.00124325, -0.000363019, 0.00135612, 
105, 17846.1, -11.3401, -9.13272, 7.11855, 0.00161975, 0.000938683, -8.41744e-05, 
106, 22216.6, 3.80316, -15.6933, 4.13622, -0.000860574, 0.00180329, -0.000325487, 
107, 98486.7, -8.39427, 3.21171, -16.7618, -0.000211066, 0.000453016, 0.00164444, 
108, 214214, 19.0692, 9.48574, 8.36299, -0.00137864, -0.000599042, 7.54771e-05, 
109, 131614, -17.3043, -8.59823, -10.2399, 0.00120451, 0.00066967, 0.000537937, 
110, 160023, -5.26699, -18.3726, 2.8551, -0.000205046, 0.00145993, -0.000280731, 
111, 115735, -1.39295, -13.2413, 9.83559, -5.36384e-05, 0.00096019, -0.000537165, 
112, 378585, -17.667, 19.056, 5.11835, 0.000463561, -0.000919657, 0.000225614, 
113, 83295.8, 7.36829, 9.57375, 10.6734, -0.000808432, -0.000318212, -0.000420193, 
114, 148827, 16.176, 6.01586, -2.54929, -0.00105679, -0.000124923, -0.000177339, 
115, 285284, -13.9066, 1.43777, -12.6561, 0.00049183, -7.34144e-05, 0.000727647, 
116, 515864, 3.12312, -10.2788, 8.66269, -0.00045912, 0.000963751, -0.000795568, 
117, 88363.5, -6.95188, -14.6801, -13.001, -0.000138524, 0.00103803, 0.000761747, 
118, 155064, -0.53167, 7.32802, -13.7728, -0.000566146, -0.000331761, 0.000765969, 
119, 18098.3, -2.05811, -12.5052, 7.18702, 0.00049877, 0.000754298, -3.31575e-05, 
120, 34391.6, -10.2751, 9.51666, 8.70099, 0.000600823, 0.00043041, 0.000340555, 
121, 78154, -6.62358, -4.49232, 12.7796, -0.00052432, 0.000202803, -0.000980384, 
122, 10497, 7.29192, -5.84556, -12.1718, -0.000341758, 0.000809882, 0.00116237, 
123, 59058.1, 7.83841, 2.77952, -0.344168, -0.000993967, -0.000100196, 0.00019775, 
124, 5646.35, 0.468742, -0.518536, 14.5329, 0.000241705, -0.000632502, -0.000337363, 
125, 103346, -12.9333, 7.45898, 16.3075, 0.000343872, 0.000208043, -0.00112838, 
126, 64702.5, 13.8459, 10.676, 13.9102, -0.000216686, -0.000945214, -0.000914263, 
127, 199056, -9.19861, -3.75529, 8.98782, 0.00109809, 0.0014507, 0.00039515, 
128, 192649, 1.67827, 0.397941, -9.7872, -0.000296355, -4.57326e-05, 0.000625538, 
129, 1707.71, 8.88213, 13.8915, 5.74059, -0.00071622, -0.00107749, -0.000286495, 
130, 19869.9, -17.4758, 14.9941, 19.0459, 0.000579297, -0.001708, -0.00143811, 
131, 143979, 6.44488, 8.30168, -2.64315, -0.000853168, -0.000323224, 0.000254678, 
132, 37850.6, 13.2613, -15.873, 18.0802, -0.000530404, 0.000718868, -0.000764077, 
133, 50031.5, -10.2426, 18.3714, 18.4794, -8.99392e-05, -0.00104172, -0.00109701, 
134, 369068, 18.3322, 7.92385, 13.7291, -0.00100554, -0.000191754, -0.000906057, 
135, 3806.98, -18.1299, -10.833, -7.4308, 0.00132889, 0.00100856, -2.57795e-05, 
136, 64591.7, 10.5206, -8.63021, -4.55433, -0.00127253, 0.000742638, 0.000653803, 
137, 1688.15, -12.2885, -9.33708, 0.728082, 0.000690105, 0.000501451, 0.000179131, 
138, 439943, -9.20028, 13.6194, -15.2929, -0.000501156, -0.00119419, 0.000554209, 
139, 72054.1, -7.95571, -11.6513, 11.9374, 0.000334572, 0.000431194, -0.000558495, 
140, 10511.3, -16.2259, 0.887865, -10.1808, 0.00221168, 0.000707217, -0.000305124, 
141, 28560.6, -14.3754, -10.3436, -15.9796, 0.000645193, 0.000749023, 0.00104108, 
142, 92270.6, -10.1182, -15.241, -14.0119, 0.000620012, 0.00105579, 0.000739151, 
143, 57507.6, 17.4231, -1.75923, -16.9057, -0.000835134, 8.45236e-05, 0.000776286, 
144, 106955, 4.4012, 15.5803, 3.37494, -0.000308638, -0.000944092, -0.00049188, 
145, 53021.1, -0.30613, -11.6603, 2.36117, -1.92885e-06, 0.000534985, 0.000195619, 
146, 127593, -8.82258, 4.29084, 2.39733, 0.000403617, -0.00021307, 1.10513e-05, 
147, 31386.3, -8.792, -9.72216, 5.06046, 0.000317709, 0.000399853, 1.56085e-05, 
148, 89613.6, 6.72009, -15.0966, -7.15934, -0.000669822, 0.000951482, 0.000765734, 
149, 251415, -14.1596, -1.59695, -13.2586, 0.000844934, 0.0015277, 0.00112687, 
150, 55890.6, -7.22103, -4.53846, 13.431, 0.000984624, 0.000342139, -0.00233505, 
151, 174949, -8.91825, 7.50552, -15.5159, -0.000353666, 8.12989e-05, 0.00144497, 
152, 66072.8, -7.50817, 6.53499, 18.3009, -5.17277e-05, -0.000176443, -0.00144213, 
153, 19075.8, -0.260862, -15.1332, -11.3386, -0.000288051, 0.000570227, 0.000903944, 
154, 47261.5, -1.03448, -1.10607, 0.0801561, -0.000340679, -3.67109e-05, -0.000284758, 
155, 102102, -11.1252, -12.0898, 4.77059, 0.000953412, 0.000797654, -0.000205131, 
156, 5375.03, -4.77219, -13.9578, 2.80224, 0.000366704, 0.000718232, 3.90612e-05, 
157, 3761.7, 11.9561, -9.25365, -3.83026, -0.00174687, 0.000846041, 0.000119937, 
158, 7652.65, 10.3331, 6.72634, 9.12178, -0.000782135, -0.000198788, -0.000371247, 
159, 47070.1, -10.2923, -1.73728, 8.64881, 0.00157502, -0.00131036, -8.52858e-05, 
160, 17972.9, -15.1386, 15.5189, -14.9134, 0.00146392, -0.00130071, 0.000504743, 
161, 218629, -16.3505, 3.70218, -11.3939, 0.00198123, -0.000587304, 0.000251363, 
162, 138887, -8.10493, -16.5009, 6.16142, -0.00026244, 0.00187593, -0.00142095, 
163, 33277.3, 6.25016, -1.95708, -18.2822, -0.000387416, 0.000279923, 0.00138515, 
164, 167891, 1.01858, -1.57397, 16.0195, -0.000140502, 4.43382e-05, -0.00138449, 
165, 62570.5, 5.20705, 15.6823, -4.35079, -0.000527708, 0.000179912, 0.000735237, 
166, 38130.4, 0.0662303, -16.6761, -16.9924, -0.000207569, 0.000753893, 0.00088768, 
167, 22403.8, -14.1654, 2.51496, -9.75776, 0.000524063, -0.000616105, -0.000796178, 
168, 1479.59, -12.2974, 7.96689, 2.11124, 0.000812848, -0.00011446, 6.76713e-05, 
169, 20399.9, -10.2281, 3.59196, -7.597, -0.000185509, -0.000321751, -0.000279897, 
170, 115854, 3.2439, -15.1792, 0.718657, -0.000717869, 0.00147774, 0.000524883, 
171, 27762.9, 2.94399, -10.09, 18.177, 0.000369939, 0.000271598, -0.00166309, 
172, 250928, 5.48383, 18.6299, -3.69667, -0.00120502, -0.00154857, 0.000802085, 
173, 74469.2, 14.7252, 14.1332, 9.02163, -0.000583299, -0.0010907, -0.000242894, 
174, 143481, 19.1199, -12.3431, 15.9741, -0.000804628, 0.000546769, -0.000694493, 
175, 27145.1, -13.2341, -12.0472, 8.87069, 0.00131671, 0.00093931, -0.000885942, 
176, 32620.6, 0.530463, 3.36123, 15.9045, -4.39184e-06, -0.000440798, -0.00128503, 
177, 52575.7, -12.9171, 2.1775, -14.8936, 0.000122851, -7.91764e-05, 0.00242822, 
178, 19746.4, -0.492343, -6.4272, 3.22105, 0.000415949, 7.69515e-05, 0.000105122, 
179, 33623.1, 14.8558, 8.49546, 13.6209, 0.000216309, -0.000149795, -0.000838871, 
180, 50349.8, 16.7375, 9.52827, 7.54735, 7.94769e-05, -0.000695237, 0.000394237, 
181, 89376.8, 16.086, 6.27058, -4.98297, -0.000993976, -0.000342748, 0.00109607, 
182, 42160.2, -12.3233, 6.73808, -2.98275, 0.00049284, -0.000360218, -0.000109685, 
183, 100544, -8.698, 18.4886, -14.6054, 9.29925e-05, -0.00198214, 0.000335942, 
184, 1446.88, -3.49772, -16.4027, -8.55026, 6.55266e-05, 0.00118443, 0.000518216, 
185, 119694, -6.61214, -6.89426, -13.681, -6.7882e-05, 0.000580885, 0.00107868, 
186, 120999, -14.7179, -12.7809, 1.84859, 0.00122031, 0.0007033, -5.53882e-05, 
187, 52698.3, 0.86308, -13.3743, 2.70463, 8.32481e-06, 0.00164985, 0.000263505, 
188, 105467, 8.54644, -7.28651, -2.81544, -0.000874352, 0.000289672, 0.000313699, 
189, 99748.4, -6.47828, -0.737155, -17.1393, -0.000378099, 0.000559119, 0.00136886, 
190, 77133, 2.3432, -4.6395, 5.8936, 0.000850222, -0.00062615, -0.000112309, 
191, 178804, -9.23262, 10.3812, -13.9061, -0.000121499, -0.000155735, -0.000304789, 
192, 8685.6, 0.976334, 0.158508, 4.04596, -8.64126e-06, -0.000284227, -0.000166204, 
193, 256954, 4.2192, 4.0047, 6.67242, -0.000601128, -0.000428084, -0.000269491, 
194, 53540.6, 3.7958, -17.7325, -3.47666, -0.000415144, 0.00141031, 0.00061364, 
195, 220652, -11.3182, 14.259, -16.8007, 0.00169202, -0.001353, 0.00192163, 
196, 10258.1, 12.3464, 14.5989, -6.18646, -0.000882509, -0.000554768, 0.000467968, 
197, 6083.3, -9.18234, -0.412683, -11.9194, -0.000603993, 0.000501665, 0.000478539, 
198, 127562, 1.62213, 4.42834, 10.969, -0.000147269, -0.000406309, -0.00101414, 
199, 34766.2, 16.238, 5.58283, 11.4956, -0.000357102, 0.000634104, -0.000255762, 
