ID, Mass [kg], pos_0 [m], pos_1 [m], pos_2 [m], vel_0 [m/s], vel_1 [m/s], vel_2 [m/s], 
0, 85718.2, 66.0278, -68.5473, -98.5544, -1.27514e-07, 6.7774e-08, 1.66969e-07, 
1, 37434.6, 88.9251, -99.3179, 89.5284, -3.12024e-07, 1.7102e-07, -1.09179e-07, 
2, 17889.2, 189.244, 183.606, 44.6188, -1.81966e-07, -1.62582e-07, -5.1853e-08, 
3, 20647.2, 98.3241, -66.1901, 28.2088, -2.63945e-07, 4.77122e-08, -6.80623e-08, 
4, 155432, -133.218, -88.7062, 127.509, 2.08416e-07, 1.23775e-07, -8.94991e-08, 
5, 69494.6, 197.151, 124.676, -90.9745, -2.40679e-07, -1.53555e-07, 7.46172e-08, 
6, 81089, -122.179, 115.792, 67.383, 6.5152e-08, -8.67474e-08, -8.37849e-08, 
7, 127955, 176.172, -193.931, 25.4714, -1.65715e-07, 1.84981e-07, -1.57959e-08, 
8, 211358, -115.338, 90.8867, -14.3261, 3.94818e-07, -3.64261e-07, 1.51991e-07, 
9, 120771, 1.13089, -31.0559, -165.682, 1.36924e-07, -1.47521e-07, 3.62098e-07, 
10, 22509.8, -80.7115, 20.5941, 41.5047, 9.4799e-08, 1.82119e-09, -1.61028e-07, 
11, 21393, -113.931, -3.63107, 92.5255, 2.14756e-07, 1.3592e-07, -5.15255e-08, 
12, 158093, -90.9089, -175.941, -72.0469, 4.05458e-08, 2.67893e-07, 7.73425e-08, 
13, 27229.5, -110.66, 0.674716, 90.893, 4.98355e-08, -7.59143e-08, 3.44101e-08, 
14, 144616, 119.144, -152.097, -76.8867, -1.70578e-07, 1.89776e-07, 3.42792e-08, 
15, 32844.9, -151.492, 109.966, 24.2211, 2.10766e-07, -9.29037e-08, -3.24934e-08, 
16, 706565, -189.108, 32.7507, 154.489, 3.38133e-07, -1.68147e-08, -9.7143e-08, 
17, 199273, -24.11, 75.5161, 30.3164, 5.06274e-09, -1.50364e-07, -3.7536e-08, 
18, 84577.8, -111.409, -48.1929, -30.5284, 1.71128e-07, 7.43451e-09, 1.98784e-08, 
19, 5642.19, -131.984, 123.668, -13.3855, 1.46969e-07, -1.12359e-07, -6.75892e-08, 
20, 103845, -53.0332, 48.8097, 25.3802, 6.1496e-09, -1.25878e-07, -1.18525e-07, 
21, 315978, 169.283, -10.7374, -34.8826, -1.87007e-07, -4.989e-08, -6.72774e-09, 
22, 39126.9, -85.4485, -136.006, 13.6147, 4.17653e-08, 3.33616e-08, 7.45338e-08, 
23, 44479.6, -100.612, -52.9077, -139.691, 1.94373e-07, 1.1905e-07, 1.77582e-07, 
24, 76103.7, -198.231, -96.5315, -54.0767, 3.5989e-07, 8.15915e-08, 5.54433e-08, 
25, 68481.2, -148.439, 159.241, -181.475, 1.08011e-07, -1.26677e-07, 2.14386e-07, 
26, 44970.2, -140.083, 146.561, 82.4198, 4.65298e-08, -1.63798e-07, -1.08485e-07, 
27, 205148, -103.496, -166.784, 21.2671, 1.4471e-07, 3.88841e-07, 8.40943e-08, 
28, 18035, -104.182, -113.307, 193.105, 1.74448e-07, 1.55156e-07, -3.24141e-07, 
29, 61164.6, 102.445, -71.9667, 76.8985, -2.90722e-07, 5.82672e-08, -1.03875e-07, 
30, 117802, 130.319, -152.115, -165.16, -1.11722e-07, 1.28165e-07, 1.43771e-07, 
31, 19337.9, -16.4606, 144.308, 5.38478, 1.24693e-08, -2.44932e-07, -5.02329e-08, 
32, 136976, -148.99, 104.593, -126.799, 1.31023e-07, -1.05284e-07, 1.35489e-07, 
33, 130647, -15.8205, 190.008, 5.287, -3.67546e-09, -2.54096e-07, 1.2663e-08, 
34, 323768, 29.7181, 94.0085, -49.9483, 7.30471e-09, -1.05079e-07, 3.15559e-08, 
35, 119837, -160.398, 40.9688, 112.9, 2.14703e-07, -7.61191e-08, -5.39483e-10, 
36, 49928.6, -160.965, 113.305, 67.404, 2.75315e-07, 1.34706e-07, 1.18814e-07, 
37, 89627.5, -37.6965, -182.033, 69.0857, 8.15581e-08, 3.29143e-07, -9.78392e-08, 
38, 33025, 8.35874, 102.494, -100.677, 8.49123e-09, -1.34139e-07, 1.53887e-07, 
39, 64944.4, 132.064, 82.3452, 142.275, -1.38123e-07, -7.70675e-08, -1.7971e-07, 
40, 2094.75, 185.998, -134.668, 119.263, -2.23984e-07, 1.16478e-07, -9.73222e-08, 
41, 55854.2, -30.6381, -192.391, 54.3615, 2.89804e-08, 3.56286e-07, -4.78537e-08, 
42, 49477.1, -131.158, 125.121, 157.206, 6.33662e-08, -2.15255e-07, -1.41795e-07, 
43, 71030, 184.668, 106.323, -103.847, -2.04028e-07, -1.51675e-07, 1.25767e-07, 
44, 46308.2, -49.4513, 149.493, 23.0739, -3.86417e-10, -1.92497e-07, -4.6554e-08, 
45, 123644, -127.494, -181.359, -70.6104, 2.00137e-07, 2.74619e-07, 6.4852e-08, 
46, 44053.6, 189.415, 116.452, -35.7641, -2.6726e-07, -1.12703e-07, 1.0854e-08, 
47, 19170.5, 47.2702, 172.305, 193.22, -3.88228e-08, -1.11345e-07, -2.90816e-07, 
48, 2548.97, -15.8729, 150.942, 199.514, 1.12969e-07, -1.10249e-07, -2.25337e-07, 
49, 210261, -19.6656, -73.7115, -52.742, 1.89581e-08, 7.59702e-08, 1.16737e-07, 
50, 64261.3, -112.567, -161.18, -82.3865, 1.60949e-07, 1.5775e-07, 1.43054e-07, 
51, 76411.2, -34.6243, 163.798, -116.896, 9.85562e-07, 4.96457e-07, -4.58874e-09, 
52, 25937.2, 179.29, 85.0852, 151.873, -1.99638e-07, -8.04701e-08, -1.27331e-07, 
53, 3679.3, 116.352, 39.8006, -146.813, -8.42749e-08, -4.38896e-08, 2.12864e-07, 
54, 236045, 120.63, 20.1147, 154.053, -1.57746e-07, -4.06726e-08, -1.72758e-07, 
55, 34437.8, -48.0556, -56.9566, 133.751, 2.8738e-08, -1.25894e-07, -9.51027e-08, 
56, 123086, 36.6857, -177.674, 25.239, -1.6635e-07, 2.64283e-07, 1.6936e-07, 
57, 36535.9, 181.225, -36.59, 87.0441, -3.14815e-07, -5.25724e-08, -5.20776e-08, 
58, 26821.8, 105.285, -8.26405, -142.096, -1.32225e-07, 3.39374e-08, 2.0765e-07, 
59, 3218.93, 167.318, 24.1251, -120.803, -1.93851e-07, 1.17909e-08, 1.71426e-07, 
60, 30973.5, -86.4861, -80.3399, 173.685, -1.84437e-07, -2.21404e-07, -4.61239e-07, 
61, 11709.2, -62.8206, 163.901, -196.66, 1.41813e-08, -1.6116e-07, 2.06539e-07, 
62, 162034, -129.329, -109.845, -166.992, 4.02789e-08, -2.01913e-08, 4.11444e-07, 
63, 119932, 154.322, 155.331, -58.7648, -2.87948e-07, -8.6259e-08, 9.79043e-08, 
64, 61041.9, 95.786, 104.34, -71.4527, -1.54471e-07, -5.69018e-08, 5.71332e-08, 
65, 17326.6, -194.972, 172.114, 158.289, 1.56221e-07, -1.37276e-07, -1.47003e-07, 
66, 42146.7, 120.51, 129.693, -188.174, -5.72656e-09, 1.31823e-08, 2.50292e-07, 
67, 314644, -133.514, -84.1023, 7.49471, 2.19736e-07, 9.51898e-08, -1.22373e-07, 
68, 5914.97, -119.155, -181.599, 50.2966, 1.82013e-07, 2.73606e-07, -1.2929e-07, 
69, 44783.3, -78.3129, 172.473, -16.4873, 8.87851e-09, -2.92021e-07, 4.41554e-08, 
70, 115124, -144.895, 27.9638, -9.41512, 2.59339e-07, -1.77098e-08, -1.17296e-08, 
71, 294962, 179.765, -175.699, -89.5545, -1.87782e-07, 1.76137e-07, 9.01582e-08, 
72, 33599.8, -130.79, -16.0385, 98.6469, 1.71845e-07, 5.23204e-08, 3.8634e-09, 
73, 71534.1, 114.585, 42.1677, -184.55, -8.74022e-08, -1.35831e-07, 2.95546e-07, 
74, 157311, -123.189, -39.4618, 106.583, 1.74555e-07, 6.77588e-08, -5.92876e-08, 
75, 164357, -21.9441, -98.4859, -33.1719, 6.60579e-08, 1.58694e-07, 5.62586e-08, 
76, 134420, -104.982, -133.795, -176.309, 4.77209e-08, 1.11637e-07, 2.61435e-07, 
77, 234423, -59.1244, -119.215, 54.4238, 1.09791e-07, 2.3277e-07, -5.86716e-08, 
78, 122783, 113.62, 157.439, 28.1066, -8.41188e-08, -2.05846e-07, 5.15912e-08, 
79, 374025, -49.4382, 94.6807, -130.75, 3.42856e-08, -1.44938e-07, 1.66068e-07, 
80, 121935, 38.0021, -46.7432, -31.9019, -4.64599e-08, 3.47865e-08, 8.13811e-08, 
81, 83837.4, -17.0929, 93.751, -192.215, 3.30373e-08, -9.04421e-08, 2.63993e-07, 
82, 93183.2, 12.9262, -129.977, 80.5411, -2.32188e-08, 3.07028e-07, -1.31962e-07, 
83, 84731.6, 21.6825, 60.193, 0.326229, -3.6285e-08, -1.00714e-07, -2.06375e-08, 
84, 67547.9, -32.1318, 165.762, -117.23, -1.03138e-06, -1.0913e-06, 2.75493e-07, 
85, 48330.5, -191.739, 67.5145, 162.4, 2.83525e-07, -1.90206e-07, -1.52956e-07, 
86, 18541.7, -155.513, 108.294, -73.8828, 2.11561e-07, -1.23103e-07, 1.21732e-07, 
87, 16422.6, -162.635, 108.395, 181.389, 2.22303e-07, -1.78049e-07, -2.6232e-07, 
88, 2759.52, 37.6812, -81.1582, -179.501, 2.62542e-09, 6.74765e-08, 2.7204e-07, 
89, 33507.9, 185.102, -163.87, 137.918, -2.73899e-07, 9.76176e-08, -6.45959e-08, 
90, 81943.3, -195.411, 56.241, -50.9664, 2.96323e-07, -2.3871e-08, 3.18845e-08, 
91, 97694.2, 2.29087, 70.537, 120.018, -1.95985e-09, -1.46528e-07, -1.3286e-07, 
92, 226808, -168.537, 137.58, 42.8098, 2.06871e-07, -1.09068e-07, 1.42172e-08, 
93, 364553, 56.4521, -146.382, 190.33, -5.89443e-08, 1.33931e-07, -2.23401e-07, 
94, 454055, 163.472, -116.394, -195.088, -1.47031e-07, 7.55881e-08, 1.94032e-07, 
95, 246706, 3.73012, 180.162, -81.2355, 2.17718e-08, -2.71905e-07, 8.75911e-08, 
96, 65135, 149.328, -38.4671, 14.9142, -2.57733e-07, 4.46633e-08, -2.08963e-08, 
97, 133530, -90.4527, -95.3656, 159.311, -1.9424e-07, 4.41092e-07, 6.7113e-07, 
98, 40180.3, -77.4116, 195.001, -64.1483, -7.63858e-08, -3.38483e-07, 9.95386e-08, 
99, 38559.6, -129.284, -60.5897, 180.633, 2.11858e-07, 3.07792e-08, -2.79766e-07, 
100, 131254, 117.095, -33.8486, 35.4514, -2.64969e-07, -2.43374e-08, -1.04454e-07, 
101, 525831, 22.6722, -193.351, 43.4409, -3.99069e-11, 3.94473e-07, -1.05979e-07, 
102, 349729, -160.031, 29.0631, 166.383, 1.86538e-07, 9.18091e-08, -1.99506e-07, 
103, 23873.4, -155.097, 30.3953, -64.6635, 2.52563e-07, -3.52342e-08, 7.53586e-08, 
104, 136346, 102.462, -72.2023, -13.6882, -2.42658e-07, 5.73978e-08, 5.34287e-08, 
105, 98136.3, 19.2401, -87.4741, 178.538, -8.01531e-08, 6.47546e-08, -2.50918e-07, 
106, 22454.9, -103.569, -53.447, -181.098, 6.38621e-08, 1.50138e-07, 3.11743e-07, 
107, 150038, -109.758, -176.98, -116.674, 1.0955e-07, 2.21497e-07, 1.25267e-07, 
108, 124.199, -119.49, 27.9177, -11.1955, 2.18664e-07, -1.84152e-08, 2.7279e-08, 
109, 33657, -39.4281, 57.5283, 126.532, 2.48973e-08, -1.09739e-07, -1.30429e-07, 
110, 10811.6, -9.17026, -157.885, 127.918, 1.90864e-07, 1.65882e-07, -2.47529e-07, 
111, 100559, 42.7606, -92.3987, 84.5429, -9.9772e-08, 2.07095e-07, -4.78364e-08, 
112, 77292.6, -2.9407, 110.406, 141.29, -1.24292e-08, -1.3321e-07, -1.49845e-07, 
113, 317816, -77.8602, -37.6547, -61.5786, 1.69269e-07, 1.93308e-08, 1.87001e-07, 
114, 240676, -6.74093, -113.289, 160.678, -1.64574e-08, 1.22666e-07, -2.82585e-07, 
115, 47992.6, 106.827, 0.175462, -188.571, 6.97247e-08, 7.82733e-08, 2.35629e-07, 
116, 73231.6, 8.7732, 26.594, -62.6605, 1.91001e-07, -2.08935e-07, 6.79819e-08, 
117, 18233, 175.259, 6.05572, -118.228, -2.50809e-07, 2.74963e-08, 1.57213e-07, 
118, 245806, 98.9994, 81.4554, -5.20641, -9.80239e-08, -6.8669e-08, -2.74611e-08, 
119, 160060, 32.9369, 24.0761, -54.7859, -1.5127e-07, -2.71402e-07, -1.63077e-07, 
120, 198958, 106.939, -66.0247, -98.0472, 7.28937e-08, 1.69827e-07, -5.39243e-08, 
121, 43484.8, 141.061, -3.08469, -178.664, -1.73587e-07, 1.16609e-07, 8.66869e-08, 
122, 89691, 182.026, 10.0717, 159.856, -2.17747e-07, 2.75248e-09, -1.57566e-07, 
123, 12979.5, -116.932, -176.99, 37.7941, 1.63932e-07, 3.8971e-07, -4.14487e-08, 
124, 97555.9, 24.5995, 74.1113, -181.546, 8.47759e-08, -8.66945e-08, 3.60409e-07, 
125, 113140, 49.4919, -85.6342, 106.156, -2.78916e-07, 1.04846e-07, -2.57592e-07, 
126, 27555, -4.64191, 182.291, 92.3634, -1.40655e-08, -2.41251e-07, -8.4407e-08, 
127, 13583, -4.96003, -166.438, 26.4544, 3.71766e-08, 1.97525e-07, -3.45687e-08, 
128, 238623, 51.826, -0.961424, -22.3227, -1.42175e-07, -9.23543e-08, -2.61407e-08, 
129, 166325, 151.289, 42.7897, 184.539, -1.6739e-07, -5.94273e-08, -2.53554e-07, 
130, 1793.69, -52.2865, 37.0875, 149.812, 6.70224e-09, -5.87813e-08, -1.55412e-07, 
131, 297228, -41.698, -86.8574, 129.02, 4.93398e-08, 9.40255e-08, -1.02896e-07, 
132, 115829, -20.0873, -115.686, -138.802, 6.72578e-09, 1.3945e-07, 1.72208e-07, 
133, 201987, 62.1403, -196.049, -145.527, -4.33447e-08, 2.42462e-07, 1.65877e-07, 
134, 31619.1, -174.429, 135.687, -33.7236, 4.16624e-07, 1.71711e-08, 1.38217e-07, 
135, 117966, -124.02, 62.0902, -191.984, 1.07222e-07, -6.06871e-08, 2.4542e-07, 
136, 22711, 77.7089, 14.4565, -146.74, -7.25439e-08, -3.26945e-09, 2.60869e-07, 
137, 187804, -160.892, 186.261, 125.485, 1.45057e-07, -2.01705e-07, -1.72516e-07, 
138, 62385.4, 104.123, -194.118, 81.013, -1.29654e-07, 2.4517e-07, -8.90202e-08, 
139, 11550.5, 3.30585, 72.0207, 16.0942, -1.75006e-08, -1.2061e-07, -3.11916e-08, 
140, 95392.1, -85.9458, -41.9632, -172.097, 6.3284e-08, 7.41682e-08, 2.89742e-07, 
141, 3615.32, 46.5331, 112.704, -86.9743, -5.35043e-08, -1.21456e-07, 1.72545e-07, 
142, 57187.9, 77.6541, 173.258, -152.379, -3.52548e-08, -1.83288e-07, 1.64299e-07, 
143, 4236.61, 187.092, -119.335, 110.879, -2.48223e-07, 1.29904e-07, -1.08779e-07, 
144, 127366, 8.91303, -81.9325, 198.771, -8.75627e-08, 7.70474e-08, -3.26731e-07, 
145, 50986.2, -188.471, -59.7121, -122.79, 2.9689e-07, 1.5791e-09, 2.47382e-07, 
146, 18886.2, 49.2825, 168.803, -179.571, -1.42961e-08, -1.76787e-07, 2.03343e-07, 
147, 16594.4, -163.858, 150.495, 1.44492, 2.39252e-07, -1.3263e-07, -8.19124e-08, 
148, 7652.91, -128.587, 189.765, -157.602, 1.42738e-08, -2.53314e-07, 2.05129e-07, 
149, 77013.9, 196.251, 24.0383, -97.4652, -4.63387e-07, 7.96061e-08, 2.00147e-07, 
150, 49582.5, 71.8171, 62.1557, -159.882, -9.36939e-08, -8.79729e-08, 2.25511e-07, 
151, 136114, 24.8983, 40.4804, 116.824, -4.82876e-08, -9.69299e-08, -1.30951e-07, 
152, 194285, -153.557, -23.5579, -158.159, 1.83788e-07, 3.38414e-08, 2.31056e-07, 
153, 31958.4, -198.249, -97.8094, -145.153, 2.15878e-07, 7.91305e-08, 1.49185e-07, 
154, 167875, 58.8427, -79.9975, 22.3942, -6.47242e-08, 4.89228e-08, -5.20358e-09, 
155, 66665.6, 192.175, -199.179, -69.0017, -1.47556e-07, 3.73845e-07, 1.68788e-07, 
156, 51657, -37.6539, 139.887, -128.202, -2.56988e-08, -8.47121e-09, 9.56687e-08, 
157, 230694, -177.591, 82.8773, -65.1293, 2.62533e-07, -8.54403e-08, 7.5486e-08, 
158, 252726, -12.0733, -168.022, -65.5275, 1.99407e-07, 8.52357e-08, 2.12678e-07, 
159, 36209.2, -67.3425, -41.9838, -144.036, -8.35134e-08, 6.19298e-08, 2.00828e-07, 
160, 6712.76, -184.465, 67.5281, 43.6819, 2.55824e-07, -4.25948e-08, -2.59919e-08, 
161, 94204.3, 107.375, 115.25, 80.5296, -9.62373e-08, -1.90352e-07, -7.62464e-08, 
162, 19744.2, -92.4237, -134.048, 137.667, 1.4147e-07, 1.79777e-07, -8.25551e-08, 
163, 118602, 83.9951, -25.4583, 43.7263, -1.58667e-07, -1.37e-07, -1.30659e-07, 
164, 211191, 34.0683, -2.71736, -55.3123, -2.50533e-08, -4.31049e-08, -2.42241e-08, 
165, 135805, -129.339, 18.1868, 140.587, 3.06997e-07, 3.17237e-08, -1.07073e-07, 
166, 75111.6, -17.5018, 71.4325, 48.0163, -4.27285e-08, -1.06199e-07, -1.81855e-07, 
167, 438052, 135.238, 172.506, -29.303, -1.74593e-07, -1.98895e-07, -1.13592e-07, 
168, 91092.8, 25.0518, 145.893, -51.3072, 4.67681e-08, -2.23267e-07, 5.33243e-08, 
169, 20288.6, -182.206, 174.456, -109.82, 2.04216e-07, -1.58272e-07, 8.18511e-08, 
170, 174737, 35.1758, -85.9386, 106.441, 9.09437e-08, 7.12379e-08, -2.40681e-07, 
171, 123990, -164.859, -140.362, -104.231, 1.88311e-07, 1.25481e-07, 1.19092e-07, 
172, 155141, -78.0762, 84.8507, 4.50597, 7.37625e-09, -1.68536e-07, -4.47641e-08, 
173, 51062.6, 166.976, 185.33, -190.76, -1.20157e-07, -1.32527e-07, 1.37268e-07, 
174, 50672.7, 92.6363, -143.098, -102.636, -1.49393e-07, 2.12514e-07, 3.53862e-08, 
175, 191818, -91.712, 177.868, 91.2886, 5.85895e-08, -2.18635e-07, -9.78886e-08, 
176, 66930.3, 175.602, -75.8704, 66.0127, -2.43133e-07, 7.49936e-08, -6.05607e-08, 
177, 206986, -17.4175, -142.978, -95.744, 4.90547e-08, 1.82996e-07, 1.81939e-07, 
178, 394694, -172.443, 187.354, 58.9836, 1.55242e-07, -2.43281e-07, -3.84811e-08, 
179, 27944.1, -65.5459, 9.67818, 146.71, -3.87562e-08, -1.43073e-08, -1.7555e-07, 
180, 5257.33, 28.5662, 199.144, 101.458, -3.00572e-08, -2.30424e-07, -8.70548e-08, 
181, 168136, -171.134, -185.439, 165.209, 1.70129e-07, 1.51279e-07, -1.22793e-07, 
182, 146536, -127.953, -197.763, 81.3949, 1.69491e-07, 2.77058e-07, -1.34381e-07, 
183, 281502, 103.729, -142.363, 26.2192, -2.34695e-07, 2.55415e-07, -8.65082e-08, 
184, 200034, -131.235, 180.334, -122.808, 7.33669e-08, -2.22769e-07, 9.93119e-08, 
185, 297856, -180.575, -68.3031, -105.936, 2.4583e-07, 7.33069e-08, 1.22514e-07, 
186, 15185.3, 160.984, -21.3712, 199.297, -1.71273e-07, 3.4451e-08, -2.16885e-07, 
187, 13308, -134.101, 174.074, 8.35451, 1.49684e-07, -2.65823e-07, -4.43913e-08, 
188, 56321.8, -34.9509, -9.90501, 0.909262, -1.36791e-09, -4.20229e-08, -8.34811e-08, 
189, 39342.7, 59.1651, -27.6434, 69.216, -9.06702e-08, -1.00429e-07, -1.3121e-07, 
190, 187688, -0.131322, -83.267, 121.36, -3.09516e-08, 2.78809e-08, -1.97238e-07, 
191, 259324, -29.4793, -63.6233, 24.314, -2.85192e-09, 6.87903e-08, -1.10057e-07, 
192, 226485, -129.084, 45.9308, 174.437, 1.89053e-07, -1.23694e-07, -2.99476e-07, 
193, 55180.4, 102.345, 154.132, 174.82, -1.62714e-08, -1.56209e-07, -1.91215e-07, 
194, 81097.2, -26.0558, -131.608, -13.3054, 4.20448e-08, 2.24479e-07, 4.09641e-08, 
195, 242563, -32.9538, -197.51, -153.041, -5.27891e-09, 2.54548e-07, 1.31511e-07, 
196, 85718.4, -6.45426, 26.9197, 91.2678, 5.03864e-08, -2.01851e-07, -1.23898e-07, 
197, 354419, -50.9194, -73.1104, 153.067, 1.30571e-07, 7.7041e-08, -3.18758e-07, 
198, 63199.1, -123.217, 154.956, -138.593, 4.88403e-08, -1.25434e-07, 1.46007e-07, 
199, 75503.6, -4.12579, 22.0812, 74.5282, 3.28374e-09, -1.09637e-07, 1.0819e-08, 
200, 93754.6, 170.742, -165.443, 188.81, -1.3509e-07, 1.18595e-07, -1.5645e-07, 
201, 166400, 47.2163, -77.7717, -120.105, -5.78315e-08, 9.10236e-08, 2.30218e-07, 
202, 12267.6, 119.628, -12.6045, -5.97219, -2.11085e-07, -5.88344e-08, 1.79605e-08, 
203, 151428, 143.24, 112.733, 149.938, -1.49256e-07, -1.07473e-07, -1.49026e-07, 
204, 134763, -190.399, -158.156, -167.521, 2.33011e-07, 7.11763e-08, 1.25314e-07, 
205, 134614, -189.978, 179.946, 33.3468, 2.4132e-07, -1.90736e-07, 5.18688e-08, 
206, 29568.1, -63.306, 25.8446, -141.317, 5.50115e-08, -5.1143e-08, 2.27232e-07, 
207, 99963.6, 66.3441, 71.1917, 89.7603, 4.40471e-08, -1.08437e-07, -2.14285e-07, 
208, 31964.6, -69.8393, -185.252, 163.931, 4.95281e-08, 2.61789e-07, -1.27463e-07, 
209, 36291.8, -180.627, 59.0018, -94.9002, 2.68416e-07, -6.7851e-08, 1.03886e-07, 
210, 207189, 32.1341, -130.838, 10.9975, -5.06554e-08, 1.09569e-07, 1.23759e-08, 
211, 9177.23, 39.3818, 38.2163, -5.87134, -7.37837e-08, -1.10891e-07, -4.48521e-08, 
212, 72680.9, -133.096, -188.067, 66.024, 2.40662e-07, 2.14975e-07, -4.63175e-08, 
213, 185440, 156.555, -12.8736, -115.319, -1.9884e-07, 4.25351e-08, 1.22658e-07, 
214, 104358, -139.703, 189.215, 103.467, 9.58889e-08, -4.36517e-07, -1.03768e-07, 
215, 22887.2, 199.618, -7.25329, -148.195, -2.49316e-07, 1.46363e-08, 1.23694e-07, 
216, 161677, 159.184, 176.223, 192.385, -3.83109e-07, -3.16939e-07, -2.03483e-07, 
217, 241176, 19.9583, -103.904, 85.536, 9.14593e-10, 1.37952e-07, -1.47935e-07, 
218, 12681.3, -4.19617, -187.798, 83.2181, -3.70091e-10, 3.20823e-07, -1.17455e-07, 
219, 24585, -162.717, -137.774, -167.756, 1.67145e-07, 1.04067e-07, 1.85977e-07, 
220, 245169, -83.3831, -59.4892, 85.6459, 1.27989e-07, 5.41541e-08, -6.96949e-08, 
221, 86409, -14.7074, -32.3689, 3.56266, -5.97411e-09, 4.28651e-09, -7.80058e-08, 
222, 22151.5, 117.775, -116.523, 65.9638, -2.29065e-07, 1.5624e-07, -1.03964e-07, 
223, 339385, 65.525, 18.5027, -100.482, -1.06284e-07, -2.28477e-08, 1.9709e-07, 
224, 44232, 103.048, 190.604, -145.117, -6.26075e-08, -2.24608e-07, 1.21675e-07, 
225, 38544.6, 90.5766, -82.9628, -175.147, -1.56196e-07, 3.45509e-08, 2.34882e-07, 
226, 200012, 40.992, 125.006, -140.337, -4.33816e-08, -1.48725e-07, 1.70648e-07, 
227, 9626.52, 20.8763, -127.137, -60.0586, 2.30338e-08, 2.02869e-07, 2.16617e-07, 
228, 76016.9, -60.4452, 107.534, 192.055, -2.6675e-08, -1.56269e-07, -2.4343e-07, 
229, 2197.45, 190.714, 9.33732, 62.2847, -2.57787e-07, -1.40499e-09, -6.74806e-08, 
230, 99460.1, -89.5753, -32.8746, -191.842, 7.57268e-08, 8.03461e-09, 3.51241e-07, 
231, 3872.95, -68.8645, -8.41927, 182.247, -9.13396e-09, 6.16485e-09, -2.70019e-07, 
232, 42979.9, -132.562, -135.993, 98.975, 2.06398e-07, 1.32295e-07, -1.0268e-07, 
233, 132232, 175.49, 34.2296, 103.355, -2.11411e-07, -7.3733e-10, -1.13563e-07, 
234, 122937, 79.2521, -75.1559, 62.4839, -1.94342e-07, 6.59025e-08, -5.86813e-08, 
235, 3551.46, 75.9092, 26.6863, 2.34363, -1.28389e-07, -6.83265e-08, -4.75433e-08, 
236, 69642.6, -164.878, -51.7918, 177.336, 2.25272e-07, 7.38927e-08, -2.14659e-07, 
237, 13977.8, -128.539, 132.838, -180.858, 1.01633e-07, -8.43323e-08, 2.28703e-07, 
238, 108807, 191.041, -68.881, 51.8937, -3.01e-07, 5.66847e-08, -3.89718e-08, 
239, 26144.7, 31.5207, -29.1123, 23.9234, -6.78404e-09, -2.55381e-08, -1.11634e-07, 
240, 81753, -160.961, -71.5444, 121.468, 2.74534e-07, 1.1257e-07, -7.77284e-08, 
241, 34524.5, -131.742, 180.598, 173.335, 7.55834e-08, -1.76074e-07, -1.66897e-07, 
242, 2351.28, -162.356, 157.297, -132.776, 1.74343e-07, -1.44953e-07, 9.75899e-08, 
243, 376018, -131.83, -76.3764, -28.7404, 2.26253e-07, 5.52347e-08, 1.49756e-08, 
244, 163765, 165.896, -184.55, 74.2665, -1.61225e-07, 1.85567e-07, -6.8313e-08, 
245, 94510.9, 57.9628, -38.5944, -13.7733, -1.4477e-07, -4.62794e-08, -6.93577e-09, 
246, 27832, 185.454, -86.7018, 23.9552, -2.88517e-07, 9.18046e-08, -1.57675e-08, 
247, 190859, -41.8975, -55.8891, 10.1322, 1.39755e-07, 7.3176e-09, 3.81671e-08, 
248, 61755.1, 22.7364, -159.412, -140.257, 6.23975e-08, 2.06e-07, 2.50644e-07, 
249, 79798.9, -32.5644, -177.313, -157.598, 2.16853e-09, 9.18813e-08, 1.91564e-07, 
250, 88630, -111.656, -171.538, -65.7767, 1.28255e-07, 2.26157e-07, 1.6596e-08, 
251, 76885.7, 139.446, 110.398, -137.426, -1.47732e-07, -1.06996e-07, 1.63401e-07, 
252, 67167, -109.325, -100.688, -97.9502, 1.69925e-07, 1.4999e-07, 1.7013e-07, 
253, 126887, 15.9224, 145.983, -152.295, -6.09336e-08, -1.63012e-09, 1.19994e-07, 
254, 168468, 135.925, -140.5, 150.169, -1.8604e-07, 1.48355e-07, -1.55452e-07, 
255, 127674, 77.9934, -179.847, 192.328, -1.8151e-07, 1.96131e-07, -1.1857e-07, 
256, 45162.4, 83.919, -13.517, -119.428, -1.1314e-07, 4.01167e-09, 2.32153e-07, 
257, 54196.4, 95.0665, -161.358, -79.6102, -1.07755e-07, 2.52286e-07, 6.54717e-08, 
258, 27185.8, -46.7343, -70.1393, 150.205, -1.39897e-06, -1.02814e-06, 7.16422e-07, 
259, 43203.4, -125.075, -76.9458, -173.943, 1.43844e-07, 4.5374e-08, 2.37068e-07, 
260, 91142.1, 115.558, -55.8998, 104.707, -2.01304e-07, 9.65928e-09, -1.41443e-07, 
261, 3592.9, -44.4322, 65.3885, 135.769, 3.1921e-08, -1.4202e-07, -1.62103e-07, 
262, 8171.8, 145.174, 3.84071, 173.673, -2.42155e-07, 2.11624e-08, -2.10571e-07, 
263, 23851.9, -134.46, -184.705, 169.582, 1.24898e-07, 1.55101e-07, -1.63624e-07, 
264, 425933, -184.037, 135.937, -150.916, 1.66439e-07, -8.79094e-08, 1.34184e-07, 
265, 103703, -3.28961, 113.578, -158.788, 2.25282e-08, -1.31704e-07, 2.19647e-07, 
266, 6739.87, -133.153, 146.328, 142.52, 9.49567e-08, -1.76137e-07, -1.54662e-07, 
267, 168144, -99.098, -196.209, 41.1084, 4.63833e-08, 3.43253e-07, -2.24528e-08, 
268, 206185, -42.8665, -108.98, 0.606913, 9.52261e-08, 1.18551e-07, -2.94842e-08, 
269, 22342, -83.9804, 197.563, -46.4321, 1.77019e-08, -3.21266e-07, -1.58571e-08, 
270, 317033, -154.431, 52.6356, 175.558, 2.24905e-07, -1.91588e-07, -2.48589e-07, 
271, 82079.2, -183.341, -100.51, -51.8942, 2.55389e-07, 1.37938e-07, 3.98101e-08, 
272, 56692.4, -30.46, -175.8, 80.1089, 4.1108e-09, 2.59046e-07, -1.94396e-07, 
273, 90191.1, 46.4495, 178.863, 181.284, -1.08669e-08, -1.98145e-07, -2.13028e-07, 
274, 22126.1, -113.605, -198.866, 69.9162, 6.2745e-08, 3.11368e-07, -7.5497e-08, 
275, 222450, -83.2536, -38.5377, -146.999, 6.37326e-08, 2.41261e-08, 2.114e-07, 
276, 221513, -78.7986, 132.485, -181.787, 3.92052e-08, -1.2744e-07, 2.43398e-07, 
277, 293374, -108.537, -184.079, 194.289, -7.32662e-09, 1.69817e-07, -2.48902e-07, 
278, 43870.7, -150.33, -106.534, -1.32198, 3.05776e-07, 1.96709e-07, -4.11342e-08, 
279, 14811.5, 71.2847, 166.43, -118.454, -2.88267e-08, -2.13267e-07, 1.40404e-07, 
280, 220967, 1.31303, -38.5756, -117.237, -4.236e-08, 3.81858e-08, 1.99682e-07, 
281, 169587, 139.872, 98.1043, 0.521013, -1.9452e-07, -9.13607e-08, -1.46142e-08, 
282, 89232.3, 52.0519, 47.6984, -81.0777, -7.82155e-08, -1.91181e-07, 1.09016e-07, 
283, 257965, -122.912, -102.532, -30.5278, 1.16066e-07, 2.77351e-07, 1.75097e-08, 
284, 125110, -64.8249, 152.112, -17.4389, -3.2285e-08, -2.08833e-07, 1.42874e-08, 
285, 80382.9, -62.901, -99.8806, -98.6046, 1.00319e-07, 2.74817e-07, 2.89899e-07, 
286, 70097.2, 11.8441, 141.405, -64.9752, 5.968e-08, -1.95059e-07, 9.17189e-08, 
287, 269060, 46.7856, -96.157, 128.643, -1.1625e-07, 1.52601e-07, -3.16253e-07, 
288, 59793.8, 111.548, -64.9003, -101.491, -1.07641e-06, -1.26741e-07, 8.0762e-07, 
289, 43464.3, 44.4569, -7.56273, 20.1021, -9.28904e-08, -1.43362e-07, -1.58019e-07, 
290, 1667.68, -83.6069, 32.9932, -137.211, 7.41495e-08, -4.50606e-08, 2.03794e-07, 
291, 13580.7, 122.393, 80.9258, 29.8233, -5.51961e-08, -6.12906e-08, -7.00663e-08, 
292, 38422.5, -106.647, 8.21816, 14.9195, 2.30531e-07, 1.90518e-08, -7.60616e-08, 
293, 122138, -91.9844, -178.592, 101.943, 6.32371e-08, 2.61525e-07, -1.65858e-07, 
294, 371778, -42.0117, -115.974, -179.246, 1.18403e-07, 1.3895e-07, 2.60065e-07, 
295, 20.8922, -184.36, -133.178, -110.416, 2.52229e-07, 8.94183e-08, 1.3555e-07, 
296, 103353, 27.6855, -174.055, 36.0259, 2.28922e-08, 5.69226e-08, -7.16618e-08, 
297, 21479.3, -193.166, 141.695, -159.256, 4.75042e-07, -2.8114e-07, 4.20024e-07, 
298, 84053.8, 158.329, -156.619, 136.309, -1.48415e-07, 1.29763e-07, -8.55723e-08, 
299, 28106.2, 137.418, 59.1482, -56.2364, -1.4196e-07, -6.73935e-08, 3.18415e-08, 
300, 111219, 182.92, -51.5757, -136.042, -2.34545e-07, 5.40107e-08, 1.11646e-07, 
301, 101548, 29.3143, -146.27, 17.8051, -7.67048e-09, 2.93413e-07, -7.57397e-08, 
302, 104309, 113.733, 141.267, 168.895, -7.29888e-08, -8.38416e-08, -1.68231e-07, 
303, 263393, 169.34, -7.76828, 12.4671, -2.60922e-07, -1.07743e-08, -4.56838e-08, 
304, 42434.7, 34.6224, 150.346, 192.523, -5.23029e-08, -1.11406e-07, -2.2636e-07, 
305, 54451.4, -139.248, 54.1742, 143.636, 1.64775e-07, -2.03059e-07, 5.23654e-09, 
306, 456371, 191.425, 69.7146, 78.9233, -2.32972e-07, -9.63194e-08, -6.04464e-08, 
307, 114576, 182.911, -104.779, 73.0861, -2.66177e-07, 1.29688e-07, -5.50613e-08, 
308, 82633.4, -194.367, -73.6413, 3.9539, 3.03658e-07, 7.22723e-08, -3.37529e-08, 
309, 351568, 167.137, 4.21143, -189.355, -2.04347e-07, -2.65337e-08, 2.08129e-07, 
310, 70899.9, -49.6851, -11.8748, 44.1851, 5.93327e-08, -3.49407e-08, -1.28498e-07, 
311, 33945.9, -190.19, -156.56, 102.93, 2.23744e-07, 1.56411e-07, -7.28054e-08, 
312, 61918.8, -166.373, 167.065, -106.555, 1.73316e-07, -1.59468e-07, 7.43959e-08, 
313, 20888.7, 8.12243, 137.519, 67.4981, -5.579e-09, -1.86782e-07, -1.00941e-07, 
314, 42489.9, -85.6599, -140.426, -91.1411, 6.75596e-08, 1.33031e-07, 1.34883e-07, 
315, 89752.9, -40.6909, 148.132, -132.186, 7.99236e-08, -2.61972e-07, 2.38627e-07, 
316, 129736, 59.6121, 128.212, -36.1049, -3.64179e-08, -1.46121e-07, 9.97345e-09, 
317, 27669.2, -146.114, 174.69, -22.8133, -3.18897e-09, -4.44045e-07, 4.49048e-08, 
318, 54396.8, -32.7429, -184.588, 113.221, 5.85004e-08, 2.90637e-07, -1.41168e-07, 
319, 9750.19, 27.2807, -31.2486, -196.097, -4.54496e-08, -1.30462e-08, 3.20895e-07, 
320, 99490.8, 87.9487, 114.22, -82.201, -9.53825e-08, -1.43401e-07, 1.58966e-07, 
321, 171488, -91.5924, -76.7826, -88.2147, 1.90288e-07, 9.9732e-08, 1.67094e-07, 
322, 33968.3, -4.15019, -168.703, -144.639, -8.3496e-09, 1.99977e-07, 1.82887e-07, 
323, 138646, 42.1655, -60.5631, -5.051, -3.50329e-08, 1.10293e-08, 2.48105e-08, 
324, 183987, 12.1009, 142.541, 173.675, -3.55493e-08, -1.20134e-07, -1.83774e-07, 
325, 55880.7, 131.657, -1.65773, 168.485, -1.88245e-07, 3.55681e-08, -2.09614e-07, 
326, 11765.3, -82.3052, -49.3183, -73.6106, 2.03679e-07, 1.5696e-07, 2.9004e-07, 
327, 32594, -32.2444, -113.569, -191.312, -1.31174e-07, 3.80581e-08, 5.22286e-07, 
328, 59703.2, -195.734, 86.2837, -171.734, 1.8919e-07, -3.88728e-08, 1.82955e-07, 
329, 138298, 66.8935, 26.8992, 140.592, -6.15963e-08, -6.72206e-08, -1.75853e-07, 
330, 136466, -66.4683, -179.278, 43.423, 6.97025e-08, 3.16257e-07, -9.95815e-08, 
331, 10475.1, -63.8672, 121.293, -76.9101, 9.2392e-08, -1.63288e-07, 1.90784e-07, 
332, 289054, 104.084, -113.964, 4.42458, -2.22089e-07, 1.44845e-07, 2.99332e-08, 
333, 38642.4, -199.895, -44.0668, 86.6946, 2.74824e-07, 4.93998e-08, -5.97041e-08, 
334, 184456, 173.133, 53.3754, -133.707, -2.08909e-07, -4.5506e-08, 1.7685e-07, 
335, 78166.2, -43.0454, 76.7487, -153.659, 1.79669e-08, -3.74923e-08, 3.08902e-07, 
336, 28833.5, -21.5672, -13.1601, -126.774, 7.61366e-08, -1.18347e-07, 1.96391e-07, 
337, 233278, 185.359, 93.07, -156.94, -2.55889e-08, -2.04449e-08, 1.92125e-07, 
338, 291700, -105.175, -78.4414, 166.573, 3.44765e-07, -9.81382e-08, -1.91114e-07, 
339, 70529, -157.783, 139.665, 87.6784, 8.7142e-08, -1.13339e-07, -1.89245e-07, 
340, 163609, -190.273, 191.164, -148.735, 1.47509e-07, -1.61602e-07, 1.18586e-07, 
341, 53838.8, 36.6351, 88.9041, -146.248, -2.86744e-08, -1.69537e-07, 1.24725e-07, 
342, 31544.6, 163.127, -5.45124, 187.626, -1.92503e-07, 1.7612e-08, -2.06639e-07, 
343, 234716, -83.0699, 28.4287, -5.16682, 2.14965e-07, -7.00017e-08, 5.40817e-08, 
344, 214055, 68.3887, -94.4364, -175.646, -4.7758e-08, 3.60732e-08, 2.46837e-07, 
345, 136831, 196.358, 105.212, -179.008, -1.95655e-07, -1.15625e-07, 2.15576e-07, 
346, 6528.86, -69.8595, 150.26, -23.7264, 1.89162e-07, -1.21065e-07, 3.23961e-07, 
347, 18923.4, -115.316, 45.9287, -96.5565, 9.97442e-08, -7.5104e-08, 1.23063e-07, 
348, 16784.7, -12.8824, 29.3349, -45.5376, 1.06522e-07, -2.20357e-07, 1.32949e-07, 
349, 4716.25, 41.9044, 124.763, 132.105, -4.59329e-08, -1.3477e-07, -1.42527e-07, 
350, 9251.12, 122.517, -36.2023, -175.532, -7.40566e-08, 6.16973e-08, 1.67789e-07, 
351, 142353, -20.1903, 48.2115, 172.23, -1.53463e-08, -9.99745e-08, -2.2339e-07, 
352, 12361.1, 131.26, -156.475, -170.034, -1.88183e-07, 5.16621e-07, 5.70824e-07, 
353, 194733, -45.4778, 92.0473, -59.7549, 4.61126e-08, -1.16672e-07, 7.23313e-08, 
354, 448326, 184.915, 74.5499, -76.3816, -1.59461e-07, -4.45576e-07, -3.18878e-08, 
355, 268373, 21.4874, -112.576, -42.2306, 4.86553e-09, 1.16357e-07, 7.59489e-08, 
356, 182221, -40.0827, 38.4589, -12.9941, -5.18592e-08, -1.63804e-07, 3.41388e-08, 
357, 79270.7, -50.195, -72.3733, 32.6732, 1.74489e-07, 1.24815e-07, -1.22001e-07, 
358, 20200.9, -19.23, -116.402, 140.798, 6.27731e-08, 1.65974e-07, -1.91966e-07, 
359, 128571, -20.5903, 151.687, 136.288, 1.81122e-08, -1.66817e-07, -1.33621e-07, 
360, 531744, -63.1755, -150.112, 183.511, 8.50184e-09, 1.9318e-07, -2.55094e-07, 
361, 22167.9, -39.3601, -107.854, 117.747, 1.1467e-07, 1.90716e-07, -1.01839e-07, 
362, 80956.6, -35.4453, -11.6424, -34.8976, -5.09744e-08, 1.60936e-08, 1.00551e-07, 
363, 19994.6, 64.8867, 175.601, 69.9739, -3.94731e-08, -2.40314e-07, -9.79505e-08, 
364, 6721, -111.554, -183.652, 93.6425, 1.66046e-07, 2.72236e-07, -1.48444e-07, 
365, 122105, 40.7861, -59.5299, -86.647, -5.96417e-08, 4.73155e-08, 1.57718e-07, 
366, 89428.8, 0.0859622, 28.2246, -102.693, 4.34344e-08, -9.26155e-08, 2.16063e-07, 
367, 80062, -183.469, -54.0325, 43.0488, 2.83236e-07, 6.5925e-08, -4.59814e-08, 
368, 82223.9, -139.568, 131.286, -59.1823, 2.45538e-07, -1.16583e-07, 2.64054e-07, 
369, 148410, 111.53, 115.736, -15.9545, -1.30697e-07, -1.3706e-07, 2.2383e-08, 
370, 356476, 187.935, 61.2342, -79.2612, -3.59781e-07, 3.1176e-07, 1.30599e-07, 
371, 1561.28, 35.3965, 91.3195, -168.168, -2.15786e-08, -2.54134e-07, 2.53814e-07, 
372, 241126, -129.739, 8.45314, 126.191, 1.90847e-07, 8.62859e-08, 3.64001e-08, 
373, 77562.2, 196.811, 62.0803, 49.8541, -2.77815e-07, -2.05578e-08, 1.20982e-08, 
374, 85522.6, -59.8023, 97.3935, 105.997, 3.42385e-08, -1.18095e-07, -1.33633e-07, 
375, 54323.3, 56.4824, -21.0154, 31.9262, -7.44715e-08, -9.53451e-08, -1.09099e-07, 
376, 69587.7, -48.1247, -143.111, -122.482, 7.56836e-08, 1.84166e-07, 1.66005e-07, 
377, 27390, -141.605, -189.308, -96.5828, 1.44702e-07, 2.24913e-07, 8.10422e-08, 
378, 89252.6, -48.5512, 74.0515, 60.9311, 4.7368e-08, -1.24282e-07, -1.28328e-07, 
379, 34948.9, 77.2853, -20.2279, -192.723, -6.43136e-08, -1.48961e-08, 2.67857e-07, 
380, 34051, -117.075, -138.542, -171.291, 2.08649e-07, 1.91377e-07, 2.24776e-07, 
381, 58623.9, 175.722, -14.4372, -63.2418, -2.59795e-07, 5.21893e-08, 1.26043e-07, 
382, 71619.2, -184.291, 109.679, 135.352, 2.01276e-07, -1.04709e-07, -1.46497e-07, 
383, 7017.38, -175.716, -162.323, 62.1647, 2.63855e-07, 1.46225e-07, -3.93723e-08, 
384, 178795, -26.0661, -106.795, -168.158, -8.50278e-08, 3.02852e-08, 1.67579e-07, 
385, 20195, -87.219, 62.7749, -48.7974, 9.94213e-08, -9.40123e-08, 1.24497e-07, 
386, 34954.3, 79.9809, -25.665, -85.4648, -1.57522e-07, 1.96893e-08, 1.1794e-07, 
387, 423247, -106.096, 52.4838, 176.997, -7.9818e-08, -2.10886e-07, -3.20994e-07, 
388, 15817.3, -187.455, -29.8086, 163.864, 2.65824e-07, 7.53022e-08, -1.7482e-07, 
389, 28890.7, -165.512, 56.4556, 88.6158, 2.08847e-07, -8.14681e-08, -1.70557e-08, 
390, 120830, -103.658, 85.2393, -120.831, 1.42391e-07, -1.11609e-07, 1.31798e-07, 
391, 226202, -60.8834, 27.7552, 0.256764, -2.23882e-08, -1.3914e-07, -4.41888e-08, 
392, 33463.2, 135.842, 196.353, 154.142, -7.71501e-08, -2.27622e-07, -1.27855e-07, 
393, 45749.4, -124.4, 30.0084, 37.5516, 2.3619e-07, -1.461e-08, -7.55649e-08, 
394, 29245.2, 29.8257, -21.3026, -65.2169, 1.7034e-07, 2.01103e-07, 1.90765e-07, 
395, 62386.9, -71.36, -188.767, -194.637, 7.62617e-08, 1.5909e-07, 2.32749e-07, 
396, 26362.3, 87.6496, 197.733, -73.57, -1.81106e-08, -3.06671e-07, 1.20211e-07, 
397, 42198.7, 131.494, 64.9612, 177.728, -1.24926e-07, -1.00153e-07, -2.12753e-07, 
398, 48509, -150.669, 197.237, -110.434, 1.30628e-07, -2.47109e-07, 6.738e-08, 
399, 43433.5, -73.34, -23.4015, -57.5666, 6.78317e-08, -2.83948e-07, 1.05672e-07, 
400, 31859.6, 32.5635, 159.828, -85.9777, -5.99201e-08, -2.32757e-07, 1.14852e-07, 
401, 15609.8, 39.0194, 26.3332, 165.218, -1.35119e-07, 6.0158e-08, -2.00385e-07, 
402, 31413.9, 177.516, -46.6213, 125.501, -2.49716e-07, 1.3498e-08, -1.96528e-07, 
403, 31953.2, -147.755, -32.7312, 3.99292, 2.45049e-07, -1.85636e-08, -8.64131e-08, 
404, 339036, -199.774, 117.616, 95.1347, 2.69013e-07, -2.93109e-08, -7.5249e-08, 
405, 58905.5, 68.674, 140.942, -32.013, -8.94659e-08, -2.6463e-07, -2.20303e-08, 
406, 7106.08, -138.261, -89.7353, 174.96, 1.604e-07, 6.50495e-08, -2.08729e-07, 
407, 43829.3, -162.136, -156.699, -10.2749, 2.28441e-07, 1.91283e-07, 9.38938e-09, 
408, 43301.1, -13.087, -23.8822, -6.56658, -1.37564e-08, -4.79608e-08, 4.06181e-08, 
409, 5543.91, 123.322, -185.365, -19.2746, -1.60745e-07, 2.49451e-07, 1.4487e-08, 
410, 110957, -108.851, -148.031, 38.6268, -5.99154e-09, 3.01868e-08, -1.80471e-07, 
411, 119287, 60.3023, -67.3945, 198.214, -6.19825e-08, 4.91993e-08, -2.99507e-07, 
412, 111975, -171.034, -22.5778, -31.5689, 3.51331e-07, -1.24395e-07, -1.2999e-08, 
413, 57439.3, 118.516, -106.191, 12.0015, -3.95396e-07, 6.25035e-08, -8.25464e-08, 
414, 53425.8, 23.1022, 97.3702, -69.3036, 3.83055e-08, -1.41782e-07, 2.28326e-07, 
415, 244728, -103.759, 49.0098, 13.5517, 2.41688e-07, -1.11326e-07, -6.06968e-08, 
416, 124161, 84.2949, -55.7835, 105.172, -1.69708e-07, -2.64255e-08, -1.74528e-07, 
417, 79092.3, 84.4848, 197.503, 32.7767, -4.48107e-10, -2.74352e-07, -7.18174e-08, 
418, 20138, 184.203, 65.8676, -110.683, -2.37571e-07, -9.73474e-08, 2.0157e-07, 
419, 181426, 12.156, -138.535, -32.6522, 3.6279e-08, 2.34322e-07, 2.74302e-08, 
420, 14852.5, 191.77, 7.10309, 146.387, -2.60574e-07, 1.18169e-08, -8.88909e-08, 
421, 227594, -17.2269, -30.8302, -141.264, 9.01949e-08, -1.34216e-08, 2.40851e-07, 
422, 10725.5, -182.946, 10.2881, 154.372, 2.50046e-07, 2.98126e-07, -1.13256e-07, 
423, 50867, -179.026, -134.922, 98.9897, 2.12704e-07, 1.10094e-07, -8.17308e-08, 
424, 629262, 0.569974, -183.222, -57.8994, -5.67949e-08, 3.84062e-07, 6.86822e-08, 
425, 187316, -48.4967, 0.695312, -26.7121, 2.24781e-08, -5.14291e-08, 2.18279e-08, 
426, 2590.08, -74.0618, 120.847, -74.0919, 1.20441e-07, -1.55234e-07, 1.28526e-07, 
427, 71467.5, 8.66922, -4.15871, -46.5531, 7.82863e-08, -3.93505e-08, 1.47728e-08, 
428, 136259, -58.2923, 131.899, 69.5227, 3.6024e-08, -1.34158e-07, 7.17438e-08, 
429, 163046, -93.3133, 129.536, -150.355, 7.58791e-08, -1.43797e-07, 1.6665e-07, 
430, 82396, -145.809, 35.9329, 199.771, 1.38938e-07, 1.61962e-08, -4.22714e-07, 
431, 18727.3, 23.1794, -143.625, -62.5775, 1.98374e-08, 2.29696e-07, 2.02725e-07, 
432, 127456, 162.206, -104.046, -152.886, -1.87773e-07, 7.81445e-08, 1.25275e-07, 
433, 74686, -160.004, -111.851, 59.2422, 2.33313e-07, 1.03338e-07, -5.78123e-08, 
434, 11365.2, -51.7684, -17.5604, -131.503, 7.35208e-08, -5.09733e-08, 2.18722e-07, 
435, 120590, -40.4524, 189.466, 32.2025, 6.15855e-09, -2.51748e-07, -5.13694e-08, 
436, 153108, -101.747, 19.5636, 98.8267, 6.01831e-08, -6.82154e-08, -3.75162e-08, 
437, 203552, 36.7231, -13.506, 3.22617, -3.11157e-08, -6.77907e-08, -6.04112e-08, 
438, 12568, 176.117, 82.4315, 30.8661, -2.87233e-07, -1.01713e-07, -5.67304e-08, 
439, 1177.46, -46.704, 30.9826, 175.434, 3.4096e-08, 6.59646e-09, -2.44902e-07, 
440, 52827.2, 44.2138, 99.6272, -48.311, -2.76564e-07, -2.0173e-07, 9.30248e-09, 
441, 139998, 130.354, 79.67, 115.752, -1.71348e-07, -6.15838e-08, -1.35028e-07, 
442, 163490, 93.4, 163.74, -65.0183, 5.03613e-08, -1.57484e-07, 1.05167e-07, 
443, 47983, 86.4738, -19.8661, -108.661, -1.56913e-07, 4.15788e-08, 1.295e-07, 
444, 17356.4, -164.374, -159.286, -96.3837, 1.69582e-07, 2.06266e-07, 7.85569e-08, 
445, 133499, 171.842, -170.841, 144.482, -1.66865e-07, 1.85191e-07, -1.30906e-07, 
446, 9404.96, 98.5564, 199.517, 86.2785, -5.40806e-08, -2.31116e-07, -8.34155e-08, 
447, 203481, -90.7447, 185.074, -62.8487, 6.52166e-08, -2.30175e-07, 9.35923e-08, 
448, 5163.22, -184.976, -173.594, 146.101, 2.25112e-07, 1.42417e-07, -7.36957e-08, 
449, 52069, -193.369, -159.158, -101.772, 2.17852e-07, 1.43031e-07, 1.39902e-07, 
450, 85643.3, 138.872, -103.041, -31.2986, -2.48578e-07, 1.1827e-07, 1.0295e-08, 
451, 113631, 92.5534, -83.8943, 21.5146, -2.12826e-07, 9.80759e-08, -3.44516e-08, 
452, 84567.7, 12.5965, -74.5386, 4.62289, -3.15545e-08, 6.53986e-08, -9.09531e-08, 
453, 71771.6, -171.686, -24.9322, 52.7081, 2.4754e-07, -3.99316e-09, -4.98966e-08, 
454, 160611, -151.33, -104.862, -56.7719, 2.5517e-07, 1.80007e-07, 1.19218e-07, 
455, 77030, 31.4284, -157.228, -1.45081, -4.81867e-08, 2.64072e-07, 4.44646e-08, 
456, 10412.3, 173.743, -108.925, -43.0061, -2.67674e-07, 1.55717e-07, -8.78912e-08, 
457, 100075, -67.9689, 176.823, 99.7314, -1.65181e-08, -2.33466e-07, -5.37792e-08, 
458, 109762, 162.568, -71.6503, -89.9122, -2.45791e-07, 6.94604e-08, 7.6089e-08, 
459, 270475, 17.292, -99.0093, -84.4654, -2.16351e-09, 1.19993e-07, 1.9303e-07, 
460, 66556.4, 25.1465, -41.7575, 60.5296, -1.30753e-08, -8.4547e-08, -9.30893e-08, 
461, 225718, 9.56885, -36.4964, -158.677, -1.76214e-07, 9.38736e-08, 1.7235e-07, 
462, 71033.9, -7.75084, 22.686, -39.6774, 1.95054e-08, -1.06491e-07, 7.28917e-09, 
463, 295945, 181.37, 27.01, -89.5951, -2.70607e-07, 1.15028e-07, 1.10935e-07, 
464, 135277, 127.416, 140.264, -184.41, -1.24254e-07, -1.49125e-07, 1.85326e-07, 
465, 79140.1, -140.398, -29.9351, 155.991, 1.9925e-07, 5.51865e-08, -2.06336e-07, 
466, 64864.7, -41.4162, 119.396, 82.7394, -6.10264e-08, -1.01522e-07, -1.20899e-07, 
467, 122882, -37.6929, -158.919, 64.0124, 5.63698e-08, 1.91377e-07, -8.99177e-08, 
468, 70452.1, 117.198, -139.964, 157.318, -7.38443e-08, 1.7703e-07, -2.20742e-07, 
469, 183246, -192.691, 24.9653, 82.6026, 2.64522e-07, -1.41308e-08, -2.23126e-08, 
470, 4896.47, -178.685, 80.179, -128.743, 3.3651e-07, -4.37788e-08, 3.71511e-08, 
471, 145450, 183.334, -151.144, -68.7229, -2.40366e-07, 7.90911e-08, 5.69239e-09, 
472, 15586.8, 74.9588, -187.856, 109.059, -1.13719e-07, 2.52503e-07, -1.28466e-07, 
473, 8920.97, -114.701, -120.238, -141.931, 8.07263e-08, 7.64875e-08, 1.08305e-07, 
474, 293.246, -143.991, 176.05, -175.329, 9.82124e-08, -1.90644e-07, 1.96376e-07, 
475, 43856.9, -14.8783, 136.434, -63.0486, 4.79629e-08, -2.09903e-07, 7.35702e-08, 
476, 33160.3, 166.791, -164.677, -57.6951, -1.6663e-07, 1.76836e-07, -2.98475e-08, 
477, 152932, 136.528, 19.6007, -144.896, -1.53524e-07, -5.37387e-09, 1.64487e-07, 
478, 15694.7, -149.028, -29.567, -55.5985, 1.98219e-07, -9.46346e-08, 1.85915e-07, 
479, 64674.6, 106.971, -34.8115, -33.7924, -2.19877e-07, -7.05593e-09, 6.14812e-08, 
480, 97679.2, 83.1818, 50.2233, 2.86765, -1.05386e-07, -5.26302e-08, -4.39027e-08, 
481, 96715.6, -95.4687, 15.2323, 197.182, -2.1242e-09, 3.52856e-08, -3.48425e-07, 
482, 596473, 20.5542, 43.3068, 171.54, -6.00719e-08, -9.34815e-08, -2.10117e-07, 
483, 41978, 115.152, -149.257, -20.6119, -2.16702e-07, 2.41634e-07, 4.52479e-08, 
484, 22561.6, -76.8882, 95.6808, 168.049, -4.74641e-08, -1.60824e-07, 1.2999e-08, 
485, 245288, 28.0204, -115.026, 53.7519, -4.97052e-08, 1.62279e-07, -2.54074e-08, 
486, 566.853, 97.667, -124.532, -141.949, -1.93587e-07, 5.68463e-08, 2.85281e-07, 
487, 103645, -193.644, -154.502, -82.6283, 2.235e-07, 1.34256e-07, 4.91736e-08, 
488, 19573.1, 81.3984, 27.1002, -88.9257, -3.02795e-07, -1.23239e-07, 8.3057e-08, 
489, 67980.4, -49.0624, 58.6628, 181.812, 2.65258e-08, -1.06633e-07, -2.56642e-07, 
490, 66757.1, 13.2626, 183.073, -58.6099, -1.8119e-08, -2.90712e-07, -1.96963e-08, 
491, 126038, 67.8978, 198.693, -58.993, 5.52947e-09, -2.82862e-07, 4.30547e-08, 
492, 19835.3, 169.771, -62.2654, 45.4941, -2.18874e-07, 3.18523e-08, -1.89637e-08, 
493, 23043.7, 20.5477, 94.7477, 76.2661, 2.35233e-08, -1.57813e-07, -1.46527e-07, 
494, 71517.7, 16.4838, -166.858, 101.665, -1.19485e-07, 2.75795e-07, 8.03556e-09, 
495, 92187.4, 161.198, 110.416, -18.5514, -2.55807e-07, -9.99377e-08, 1.06766e-08, 
496, 9534.43, 40.0599, 117.16, 0.605892, -3.43523e-08, -1.80951e-07, -3.10808e-08, 
497, 42526.3, -43.7856, 98.7113, 2.06075, 1.52221e-08, -1.73152e-07, -1.33366e-08, 
498, 124531, 47.7318, 187.695, -138.498, -1.66544e-08, -2.27421e-07, 1.45212e-07, 
499, 34659.1, -195.095, -139.525, 89.8554, 2.58237e-07, 1.18368e-07, -4.42859e-08, 
500, 282035, -60.8151, -163.398, 21.2655, 5.80717e-08, 2.32238e-07, 1.38499e-08, 
501, 36610.1, 71.154, 35.2986, -169.013, -4.57826e-08, -2.72694e-08, 2.69373e-07, 
502, 8588.22, -191.705, 189.579, -60.235, 2.00806e-07, -1.85637e-07, 5.14988e-08, 
503, 62469, -93.9493, -153.508, -90.0415, 8.9932e-08, 1.81959e-07, 1.41149e-07, 
504, 221780, 89.1517, -50.2977, 154.002, -5.54326e-08, -4.63693e-08, -7.20347e-08, 
505, 39054.3, 156.786, 81.1886, -150.869, -1.19178e-07, -8.66232e-08, 1.87635e-07, 
506, 39152.9, -49.4508, -57.1842, 174.658, -2.77749e-08, -8.17203e-08, -3.40056e-07, 
507, 3992.61, -3.34252, 137.194, -99.8913, 2.05342e-08, -1.48641e-07, 1.35244e-07, 
508, 21948.4, 173.229, 100.557, -146.801, -6.77137e-08, -1.85028e-07, 6.3357e-08, 
509, 159553, 84.4958, -59.1827, 170.553, 5.96156e-08, 1.32899e-07, -3.89218e-07, 
510, 55235.2, -133.027, 152.619, -101.167, 9.63561e-08, -1.45282e-07, 1.01606e-07, 
511, 13625.1, -15.6327, -134.496, -171.548, -5.22648e-08, 2.06944e-07, 2.23241e-07, 
512, 5539.38, -41.6539, -98.2369, -192.897, 6.57664e-08, -5.52748e-08, 3.77619e-07, 
513, 79242.6, 101.076, -18.9782, 144.475, -1.55263e-07, -3.00238e-08, -1.71795e-07, 
514, 40200.3, 72.7591, 136.832, -122.015, -5.15269e-08, -1.55949e-07, 1.55479e-07, 
515, 56091.2, -20.388, -176.26, -41.3753, 1.90989e-07, 2.73079e-07, -6.02157e-08, 
516, 219434, -163.692, 172.868, -19.155, 2.79584e-07, -3.21199e-07, -1.16007e-08, 
517, 49778.1, -58.9434, -110.275, 56.9105, 1.04975e-07, -3.94802e-07, -2.32199e-07, 
518, 155818, -156.582, 119.889, 74.6103, 1.06643e-07, -7.90053e-08, -1.26526e-07, 
519, 181536, -195.653, 155.963, 82.7004, 2.6729e-07, -1.70986e-07, -7.86841e-08, 
520, 122232, -99.4407, 185.87, -177.81, 3.95994e-08, -1.80796e-07, 1.73813e-07, 
521, 5919.25, 17.0385, 168.855, -53.5018, -7.63425e-09, -2.4163e-07, -1.02222e-08, 
522, 165231, -135.92, 85.2593, 15.872, 2.15887e-07, -8.92999e-08, -8.76357e-08, 
523, 129757, 146.356, -53.5838, 90.2133, -1.03176e-07, 2.4971e-08, -4.71467e-08, 
524, 193262, 132.989, 161.629, -132.503, -1.45953e-07, -1.88695e-07, 1.59625e-07, 
525, 17675.3, 192.46, -182.047, 11.6834, -2.19646e-07, 1.30191e-07, 1.15191e-08, 
526, 19192.8, -174.877, -7.0148, -141.769, 2.76775e-07, 2.38995e-09, 1.92025e-07, 
527, 161107, 112.781, 142.466, -120.004, -7.495e-08, -1.47468e-07, 1.50372e-07, 
528, 102013, -182.691, -100.929, 76.1737, 2.57573e-07, 8.45869e-08, -6.67333e-08, 
529, 51479.7, -124.582, -195.94, 38.1447, 2.7084e-07, 3.29105e-07, 3.39079e-08, 
530, 358339, 119.089, 152.495, 47.0506, -1.44174e-07, -1.62602e-07, -1.45966e-07, 
531, 163371, 198.5, -168.393, -132.545, -1.89678e-07, 1.27686e-07, 1.18961e-07, 
532, 86964.7, 66.2173, -163.324, 28.0704, -1.82426e-07, 2.83222e-07, -4.82335e-08, 
533, 136552, 74.3973, -100.59, 95.3691, -1.98042e-07, 2.01407e-07, -1.68742e-07, 
534, 49261.3, -6.61508, -120.382, -196.082, -5.32535e-08, 1.20249e-07, 2.90187e-07, 
535, 10379.4, 59.8293, -43.452, -18.8558, -2.55631e-07, 2.14693e-07, 2.80361e-07, 
536, 112653, 6.0123, -114.938, 69.9518, 1.16876e-07, 1.71938e-07, -3.2162e-08, 
537, 34767.8, 147.385, -116.076, 48.7395, -2.31326e-07, 1.24879e-07, -5.23129e-08, 
538, 84308.5, -98.1864, -64.3454, 176.195, 7.53007e-08, -1.79168e-07, -3.78208e-07, 
539, 133311, -11.4798, -34.5799, -94.7622, 6.48263e-09, 6.26138e-08, 9.67057e-08, 
540, 143011, -134.265, -113.463, -158.287, 2.96743e-07, 1.61032e-07, -3.67967e-08, 
541, 221059, 63.2469, 36.626, -127.965, -6.0138e-08, -9.25287e-08, 2.39124e-07, 
542, 112248, 100.954, 122.016, -4.69525, -1.42611e-08, -1.89269e-07, -1.01489e-07, 
543, 232220, 42.1546, -144.73, -51.1601, -9.2342e-08, 2.83057e-07, 8.79941e-08, 
544, 41824.6, -144.865, -45.0146, 71.2945, 2.15415e-07, 5.47228e-08, -3.78304e-08, 
545, 9051.27, 60.4935, 126.011, 186.291, -5.57062e-08, -8.42821e-08, -2.02903e-07, 
546, 4181.95, -60.915, 16.8505, -190.115, 4.31205e-08, -4.86381e-08, 2.7104e-07, 
547, 5689.96, 112.037, 119.533, -145.413, -6.66673e-08, -1.10023e-07, 2.16869e-07, 
548, 37988.7, 123.116, 68.084, -156.147, -1.14319e-07, -1.26373e-07, 2.13227e-07, 
549, 11827.9, -128.703, -32.7146, 99.4146, 3.00484e-07, -6.98978e-08, 1.11959e-07, 
550, 13603.7, -30.8254, -94.7272, -44.9378, 1.72303e-07, 1.55978e-07, 1.76702e-07, 
551, 123147, -59.5541, -198.215, -171.041, 5.52237e-08, 2.15946e-07, 2.2e-07, 
552, 4982.17, -136.023, 160.583, -96.2981, 1.37663e-07, -2.704e-07, 2.42785e-08, 
553, 62084.1, -7.88232, -74.25, -118.874, 1.5873e-08, 1.19781e-07, 2.14961e-07, 
554, 136227, -87.9077, 171.045, 18.3474, -1.83293e-08, -1.60297e-07, -2.07756e-08, 
555, 146267, -87.0174, 42.9425, 32.3488, 8.31926e-08, -8.0537e-08, -1.85826e-07, 
556, 104073, -115.168, 37.3359, 63.2614, 1.59747e-07, -6.67193e-08, -8.72344e-08, 
557, 49922.2, -168.848, 180.983, -51.5406, 2.00655e-07, -2.43933e-07, 1.09413e-07, 
558, 11218.2, -96.8002, -22.0419, 24.5016, 1.96008e-07, 1.05749e-08, -1.30458e-07, 
559, 15076.1, -196.049, -166.178, 184.213, 1.77673e-07, 8.49807e-08, -1.32469e-07, 
560, 441454, 86.0012, -134.68, -124.47, -9.83864e-08, 1.4193e-07, 1.84084e-07, 
561, 96218.3, -149.635, 71.0753, 189.614, 1.49554e-07, -2.39275e-07, -3.42273e-07, 
562, 21164, 98.1461, 31.6862, -158.57, -6.44975e-08, -3.55659e-08, 2.10493e-07, 
563, 3242.24, -38.1636, -110.779, 183.717, -1.27956e-08, 1.03861e-07, -2.99429e-07, 
564, 9565.01, 168.012, -184.595, 10.0849, -1.46781e-07, 1.53031e-07, 3.78743e-08, 
565, 104105, 119.075, -19.7453, 187.166, -1.47201e-07, 9.60768e-09, -2.68571e-07, 
566, 95542.6, -144.542, 160.864, -140.422, 1.45339e-07, -1.34873e-07, 1.55982e-07, 
567, 92618.2, 87.0484, -61.1975, -43.9138, -1.9704e-07, 2.58373e-08, 9.78302e-08, 
568, 5524.72, 141.188, -21.974, 142.6, -2.20982e-07, 7.87584e-09, -1.59064e-07, 
569, 142324, 62.3856, -76.8775, -12.9606, -1.41586e-07, 8.11795e-08, 3.54341e-08, 
570, 170662, -120.551, -142.76, -148.403, 1.30759e-07, 1.60319e-07, 1.4034e-07, 
571, 41957, 2.80446, -15.8466, -38.5499, 5.08739e-08, 4.11311e-08, 8.58794e-10, 
572, 59069.1, -112.345, 107.436, 181.693, 6.65296e-08, -1.78726e-07, -2.34213e-07, 
573, 240617, 63.4496, -135.825, -74.955, -1.19682e-07, 2.25943e-07, 1.66951e-07, 
574, 31754.4, 155.824, 105.641, 119.596, -2.00591e-07, -1.12507e-07, -1.04141e-07, 
575, 832.83, 15.7875, 71.952, 19.7869, 2.71925e-09, -9.17816e-08, -4.88504e-08, 
576, 294723, -87.0446, -29.7111, -5.35835, 1.88718e-07, 3.00708e-08, -5.27225e-08, 
577, 19890.8, 79.93, -123.41, -65.5692, -2.69894e-07, 1.76039e-07, 1.23331e-07, 
578, 5533.87, 69.874, -46.2371, 116.252, -8.82527e-08, -7.05875e-08, -2.0489e-07, 
579, 11394.9, -31.6764, -121.737, -193.763, -7.43368e-08, 2.69942e-07, 4.66267e-07, 
580, 10624.9, -185.173, -42.1756, -20.5236, 3.97024e-07, 1.28756e-08, -5.91187e-08, 
581, 146958, -13.6428, -187.273, 21.5004, 4.53638e-08, 3.30318e-07, -1.86472e-09, 
582, 187133, 3.68398, -76.5412, -13.3018, 1.73561e-08, 7.50201e-08, 4.14548e-08, 
583, 1532.31, 138.697, -123.801, 67.6345, -2.0442e-07, 1.54003e-07, -1.00569e-07, 
584, 121842, 45.3254, 116.698, 55.3307, -4.47899e-08, -1.94478e-07, -8.77282e-08, 
585, 154592, 29.8906, -177.95, -12.3161, -6.68999e-08, 3.49696e-07, 5.6966e-08, 
586, 121918, -93.0619, 142.684, -96.6876, 6.21326e-08, -1.74136e-07, 1.17186e-07, 
587, 21916.2, 110.835, -107.445, -63.0609, -2.1646e-07, 1.18827e-07, 9.21719e-08, 
588, 158519, -102.79, -165.819, 87.7868, 1.3815e-07, 1.65196e-07, -1.06627e-07, 
589, 76148, -46.1115, -122.328, -11.5313, 1.48239e-07, 2.46357e-07, 1.08626e-07, 
590, 116371, 104.931, 45.8283, 186.896, -9.67253e-08, -8.04114e-08, -2.63069e-07, 
591, 57625.4, 37.1816, 181.662, 53.2589, -2.88709e-08, -2.51965e-07, -7.78034e-08, 
592, 182659, 98.8013, -55.6517, 166.715, -3.18896e-07, 5.87814e-08, -3.47142e-07, 
593, 90697.4, -152.589, -117.735, 151.318, 2.11376e-07, 1.1456e-07, -1.50874e-07, 
594, 130585, 66.2542, 145.051, 91.9756, -4.63942e-08, -1.87381e-07, -1.19829e-07, 
595, 139866, 93.171, 94.5676, 99.4018, -3.98025e-08, -1.339e-07, -1.49325e-07, 
596, 21514.4, -75.0254, 98.0003, 136.879, 2.70719e-08, -1.42626e-07, -1.29151e-07, 
597, 122911, -124.294, 142.098, 107.903, 6.07589e-08, -1.31561e-07, -1.48492e-07, 
598, 145554, 152.035, -88.697, 117.789, -1.90592e-07, 8.52514e-08, -1.2618e-07, 
599, 65367.6, -19.7968, 24.664, 124.01, 4.14029e-08, -6.73512e-08, -1.80126e-07, 
600, 1479.3, -147.697, 103.79, 188.754, 1.29488e-07, -1.72326e-07, -3.12227e-07, 
601, 26683.6, 98.5262, -174.668, 138.78, -1.12202e-07, 2.18167e-07, -1.31639e-07, 
602, 107554, 61.7234, -14.9034, 168.762, -7.14332e-08, -1.72308e-08, -2.53093e-07, 
603, 326046, -2.95698, -71.8426, 60.1333, 4.7872e-08, 1.60345e-08, -8.97329e-08, 
604, 25961.3, -194.667, -195.896, -79.2881, 1.75085e-07, 1.94447e-07, 3.63797e-08, 
605, 46401, -116.062, -184.698, 189.994, 7.61992e-07, 2.28326e-07, 1.93946e-07, 
606, 76689.5, 198.298, -30.1613, -197.841, -2.39453e-07, 1.20304e-08, 1.86315e-07, 
607, 116635, -105.564, 133.544, 19.0293, 5.7457e-08, -1.40217e-07, -6.24924e-08, 
608, 33920.9, 121.992, 43.631, -20.8753, -1.72188e-07, -3.88263e-08, 3.74476e-09, 
609, 341078, -15.5043, -125.287, 106.756, 6.33985e-08, 1.80574e-07, -1.39946e-07, 
610, 208124, -199.864, -154.239, -39.8335, 2.29165e-07, 1.50107e-07, 1.24185e-08, 
611, 4431.47, -154.852, 97.5762, 51.1462, 1.86717e-07, -2.15191e-08, -3.66708e-08, 
612, 44936.8, 117.016, 175.571, 104.466, -4.96526e-08, -1.84327e-07, -6.75963e-08, 
613, 34887.6, -94.9705, 113.287, 166.538, 4.74622e-08, -1.9376e-07, -1.5188e-07, 
614, 25431.5, 118.147, 123.281, 143.439, -6.1341e-08, -1.13864e-07, -1.34031e-07, 
615, 114623, 99.5221, -150.886, 195.687, -1.34085e-07, 1.22186e-07, -2.11085e-07, 
616, 219172, 134.585, 183.514, -53.6888, -3.59622e-07, -3.87366e-07, 5.50226e-08, 
617, 147593, 50.8537, 174.327, 163.129, -5.12028e-08, -1.66155e-07, -9.16896e-08, 
618, 180432, -4.27599, -33.1142, -180.846, 6.38812e-08, 8.82585e-09, 4.33776e-07, 
619, 608700, 63.8767, -104.223, -47.4069, -1.52176e-07, 1.12683e-07, 8.61436e-08, 
620, 361911, -56.8886, -46.217, -44.41, 3.06302e-08, 7.76459e-08, 4.06333e-08, 
621, 43022.6, 119.49, 81.6543, 169.356, -8.82619e-08, -1.08739e-07, -2.05965e-07, 
622, 223647, 113.868, 194.559, 25.6208, -1.04404e-07, -2.8286e-07, -6.62143e-08, 
623, 485477, 7.93653, -167.306, 122.586, -2.77361e-08, 2.75801e-07, -1.88704e-07, 
624, 42784.7, -38.3379, 186.623, 121.842, -7.69061e-09, -2.36264e-07, -1.26047e-07, 
625, 23943.3, 157.662, -152.054, -80.0007, -1.68665e-07, 1.19373e-07, 3.96815e-08, 
626, 42977.5, -64.5491, -65.7136, 179.712, 2.56706e-08, -2.81956e-08, -3.57944e-07, 
627, 386088, 26.5101, 17.8061, -69.4469, 1.7902e-08, -1.02266e-07, 2.39014e-07, 
628, 66307, 3.01357, -133.063, 150.431, -6.2767e-08, 2.21424e-07, -2.26671e-07, 
629, 30993, -162.861, -26.9439, -75.5856, 2.64361e-07, -1.7396e-08, 1.27753e-07, 
630, 13315.1, 65.9382, 158.232, 62.7459, -4.18486e-08, -2.06971e-07, -8.17937e-08, 
631, 168930, -32.9068, -168.955, 4.67236, 4.58153e-08, 2.67684e-07, 4.95005e-08, 
632, 119775, 47.1805, -65.6604, 63.0834, -5.67579e-08, -3.55782e-08, -3.08552e-09, 
633, 108337, -97.1506, -34.4805, -43.0466, 2.22484e-07, -2.0462e-08, 5.52067e-08, 
634, 62095.7, -181.574, 2.12282, 30.2358, 2.69284e-07, -1.61485e-08, -2.22026e-08, 
635, 38953.7, -152.412, -144.979, 140.411, 1.08215e-07, 1.18619e-07, -1.14926e-07, 
636, 215026, 149.646, 174.996, 124.963, -1.88376e-07, -1.95033e-07, -2.69076e-08, 
637, 28636, -133.237, -33.3525, -84.8615, 1.85887e-07, 1.6879e-08, 1.51845e-07, 
638, 231176, -104.251, 30.4547, 152.092, -5.57178e-07, -2.35375e-07, -2.68866e-07, 
639, 43929.9, 135.318, 126.962, 188.447, -1.08078e-07, -6.6732e-08, -2.09021e-07, 
640, 339426, 124.209, 53.6753, -122.424, -1.21128e-07, -8.28427e-08, 1.34348e-07, 
641, 63430.3, -189.301, 130.039, 115.553, 1.76811e-07, -1.5146e-07, -2.09934e-07, 
642, 95702.9, -124.241, 4.61528, -84.5439, 1.58361e-07, -3.32759e-08, 1.17719e-07, 
643, 24882.3, 189.522, 86.612, -18.9741, -2.70947e-07, -7.67996e-08, -1.25807e-08, 
644, 150701, -169.821, -150.628, 140.561, 2.1963e-07, 1.29382e-07, -1.07377e-07, 
645, 104465, -130.995, -90.9662, -44.9, 2.01295e-07, 1.66258e-07, 2.57675e-07, 
646, 88056.8, -138.336, 22.7191, -124.721, 1.83764e-07, -5.14921e-08, 9.01384e-09, 
647, 9037.18, 27.489, 7.10638, -45.4213, 4.55869e-08, -1.29843e-07, -1.9735e-07, 
648, 19405.2, 147.614, 132.445, -149.335, -1.64688e-07, -1.38294e-07, 1.75103e-07, 
649, 95122, 115.237, 51.3467, -174.444, -9.75993e-08, -1.48488e-07, 1.83181e-07, 
650, 34909.9, 116.233, 133.29, -102.811, -1.26521e-07, -9.18308e-08, 6.56845e-08, 
651, 131637, -137.619, 178.113, 103.956, 3.09907e-08, -5.95563e-08, -1.34421e-07, 
652, 27881.3, -109.339, -50.0086, -179.237, 2.41914e-07, 3.56231e-08, 2.4892e-07, 
653, 107512, 34.8267, -9.94521, 178.063, -1.96566e-08, 4.31384e-09, -2.68863e-07, 
654, 381988, -137.468, 24.4902, -143.954, 1.39991e-07, -5.7078e-08, 2.60317e-07, 
655, 191441, -84.0723, 71.9055, -134.188, 1.01037e-07, -3.24667e-08, 1.90416e-07, 
656, 58657.7, 156.284, -138.212, -187.798, -9.90758e-08, 2.45562e-07, 1.43975e-07, 
657, 90260, 16.1968, 162.436, -104.471, -2.55725e-08, -2.06156e-07, 1.63973e-07, 
658, 153522, 79.731, -137.379, 6.07207, 2.37811e-07, 1.75865e-07, -8.28587e-08, 
659, 59599.4, -55.0156, -47.243, -199.249, 3.72224e-08, 2.49319e-08, 2.97915e-07, 
660, 41574.6, 51.5851, -98.4407, 63.3322, -1.53711e-07, 1.62555e-07, -3.61165e-08, 
661, 21616, -174.504, -40.1603, 47.35, 2.46464e-07, 3.52693e-08, -4.84314e-08, 
662, 33628.2, -169.767, -128.194, -143.024, 2.02466e-07, 9.85339e-08, 1.42309e-07, 
663, 188071, 52.917, 83.3387, -197.96, -5.39024e-08, -9.21308e-08, 2.85881e-07, 
664, 194353, 38.2394, -157.433, -129.454, -4.02899e-08, 2.0235e-07, 1.65305e-07, 
665, 306292, 140.606, -139.945, -111.563, -1.89579e-07, 1.25093e-07, 1.30972e-07, 
666, 198935, 163.596, -94.3146, 1.55914, -2.72981e-07, 9.94135e-08, -2.06825e-12, 
667, 7008.36, -25.0581, -151.728, 101.655, 9.90514e-08, 2.68069e-07, -1.1964e-07, 
668, 110159, -64.1919, -18.829, -0.0536984, 5.77832e-08, 3.95173e-10, -8.11186e-08, 
669, 286320, -149.166, 150.74, -32.1944, 1.2624e-07, -1.45687e-07, 1.29878e-07, 
670, 89063.1, 70.2312, 111.706, -70.5634, -4.89518e-08, -1.25003e-07, 8.97367e-08, 
671, 311005, 171.671, -44.571, -188.323, -1.66894e-07, 6.22029e-08, 1.8196e-07, 
672, 86879.1, -106.447, 12.9008, 164.12, -3.93771e-08, 2.64933e-07, -3.58059e-07, 
673, 153917, -96.9544, -173.789, -152.965, 9.56562e-08, 1.97689e-07, 1.67372e-07, 
674, 86424.9, -88.5093, 147.971, -18.8419, 5.49178e-08, -1.71641e-07, 4.76134e-08, 
675, 41153.2, -69.5395, -73.0228, -177.427, 7.42231e-08, 7.68136e-08, 2.63443e-07, 
676, 220501, -114.808, 33.3547, 164.623, 1.29742e-07, -2.16699e-08, -3.87032e-07, 
677, 87530, 92.9699, -190.07, -69.9462, -1.05671e-07, 2.87311e-07, 4.55369e-08, 
678, 81575.1, 83.9635, -72.0842, 79.4437, -2.22914e-07, 2.88756e-08, -1.67219e-07, 
679, 28022.4, -131.604, 119.785, -36.4499, 1.17703e-07, 3.03028e-07, 1.87219e-07, 
680, 100742, 137.973, 195.67, 108.169, -8.8811e-08, -2.40611e-07, -3.96543e-08, 
681, 66692, -64.2014, -53.3589, 35.3492, 1.69694e-07, 1.63324e-08, -1.14611e-07, 
682, 5909.24, 181.235, -139.28, 78.566, -2.35118e-07, 1.42423e-07, -7.93833e-08, 
683, 49641.2, -35.941, -181.655, -192.117, -3.79779e-10, 1.57219e-07, 2.41766e-07, 
684, 62051.8, 132.448, -32.5381, -188.427, -9.15089e-08, 5.89994e-08, 2.27079e-07, 
685, 47307.5, -61.0721, -53.247, 76.7624, 3.58004e-08, -1.88895e-09, -8.02922e-08, 
686, 203885, -11.7476, 124.112, -9.1241, 4.93636e-09, -1.85076e-07, -8.4717e-09, 
687, 73844.7, 64.1063, -146.354, 115.801, -1.39396e-07, 2.3087e-07, -1.6392e-07, 
688, 68683.7, 124.568, 184.072, -1.61171, -1.16184e-07, -2.68497e-07, -7.35284e-08, 
689, 98174.6, 164.852, -92.3012, 130.398, -2.82677e-07, 1.01139e-07, -2.25721e-07, 
690, 606551, -158.351, -47.6202, -38.1084, 2.90399e-07, 1.26597e-08, 4.04937e-08, 
691, 35409.2, -74.8563, 84.329, -50.5892, 8.43712e-08, -1.18003e-07, 9.66231e-08, 
692, 34778.4, -163.527, -171.724, 67.408, 2.48039e-07, 1.78941e-07, -6.62718e-08, 
693, 24258.8, -78.0364, 126.121, 198.996, 3.65293e-08, -1.75029e-07, -2.35976e-07, 
694, 42400.4, -138.807, -131.854, -62.2364, 1.92207e-07, 1.96195e-07, 9.90928e-08, 
695, 261026, 118.062, -184.558, -113.474, -1.2314e-07, 2.48887e-07, 1.14833e-07, 
696, 184042, 180.93, 192.151, -87.5766, -1.98245e-07, -1.85727e-07, 1.00292e-07, 
697, 8713.99, -188.695, 148.223, -113.722, 2.18339e-07, -1.14867e-07, 5.63997e-08, 
698, 64355.9, -148.012, -94.3418, 177.519, 2.32374e-07, 1.03746e-07, -2.21883e-07, 
699, 50767.1, 144.952, 111.053, -197.592, -1.16539e-07, -7.96122e-08, 2.17751e-07, 
700, 34796.3, 81.8535, 32.7488, 61.2747, -1.19003e-07, -5.87643e-08, -7.22845e-08, 
701, 265134, 163.892, -51.2053, 97.1884, -2.92561e-07, 1.80521e-09, -1.3261e-07, 
702, 91158.3, -132.353, 125.483, -32.5389, 1.57105e-07, -1.21025e-07, -1.33541e-07, 
703, 56768.5, -97.1319, 44.7152, -167.851, 7.14455e-08, -5.20678e-08, 2.55378e-07, 
704, 77656.2, 177.359, 199.519, -56.1843, -2.0466e-07, -2.33711e-07, 1.94316e-08, 
705, 1398.8, -133.11, -100.649, -124.036, 1.64979e-07, 9.48074e-08, 1.53799e-07, 
706, 16890.9, -191.56, 167.274, 140.373, 1.77808e-07, -1.43164e-07, -1.42268e-07, 
707, 46509.2, 57.4985, 87.721, 50.7667, -1.15159e-07, -1.16621e-07, -5.40908e-08, 
708, 1448.03, -29.7943, 167.772, 9.67096, 6.57075e-09, -2.08737e-07, -1.36346e-08, 
709, 55359.3, 198.147, -113.216, -102.799, -2.40833e-07, 7.07228e-08, 7.83688e-08, 
710, 40378.9, -151.054, 149.7, -97.3201, 1.81836e-07, -1.31191e-07, 8.48957e-08, 
711, 17485.5, -110.051, 189.663, -95.3802, 6.0702e-08, -2.46948e-07, 9.59442e-08, 
712, 100093, 42.4953, -136.242, 47.6714, -1.33418e-07, 2.4383e-07, -8.93037e-08, 
713, 2269.64, -196.49, 105.757, 75.9878, 2.439e-07, 2.64278e-08, 5.07313e-08, 
714, 45337.5, -175.167, 45.14, 197.981, 2.61303e-07, -5.38391e-08, -3.4577e-07, 
715, 113270, 101.386, -34.5666, 11.0773, -4.69315e-08, -5.60672e-07, 7.62178e-08, 
716, 126796, 95.8333, 12.549, -49.9315, -1.86518e-07, -4.21712e-08, 2.80679e-08, 
717, 46490.6, -149.535, -85.3992, -105.663, 1.69956e-07, 1.08406e-07, 1.65195e-07, 
718, 60307.3, -10.6027, 162.395, -103.061, 3.08878e-08, -2.01507e-07, 1.30308e-07, 
719, 42562.8, -44.6773, 193.27, -56.4249, 1.16612e-08, -2.60617e-07, 5.49603e-08, 
720, 15117.9, 37.9282, -86.8421, -64.8952, -4.87019e-08, 3.493e-08, 1.46773e-07, 
721, 235810, 126.073, 161.704, -59.7405, -1.54742e-07, 5.03027e-08, 1.40793e-07, 
722, 28791.6, -106.334, 186.757, -47.5227, 1.22913e-07, -2.73931e-07, 2.30064e-08, 
723, 34422.8, 67.7582, -27.7791, 15.9388, -1.23965e-07, -7.78658e-08, -1.64375e-08, 
724, 193170, 85.4931, 197.252, 183.983, -5.27203e-08, -1.75612e-07, -1.4582e-07, 
725, 49639.1, 192.261, -55.929, 35.7102, -2.90654e-07, 8.48592e-09, 7.9479e-09, 
726, 48031.2, 192.128, 60.8504, 90.0579, -2.61087e-07, 2.12224e-07, -4.35397e-07, 
727, 102707, -162.063, -70.5266, -69.7392, 2.5984e-07, 8.35773e-08, 1.49285e-07, 
728, 232689, -100.73, -15.4165, -170.115, 1.20452e-07, -5.15208e-08, 2.61878e-07, 
729, 140219, 35.3837, 131.839, -75.7854, -3.98211e-08, -1.74796e-07, 1.34955e-07, 
730, 64165.5, 173.764, -104.852, -51.8314, -2.65003e-07, 8.03852e-08, 5.92562e-08, 
731, 7539.86, 88.211, 168.036, 67.3772, -4.89878e-08, -2.24443e-07, -1.14128e-07, 
732, 51729.2, 158.958, 38.3635, 135.306, -2.00278e-07, -4.0125e-08, -1.27282e-07, 
733, 18592.8, -178.939, -10.1702, -108.246, 3.1822e-07, -6.30097e-09, 9.7126e-08, 
734, 103976, -149.513, 161.404, -20.7465, 7.35845e-08, -3.00489e-07, -1.4555e-07, 
735, 23773, 83.144, 30.7403, 193.235, -6.54403e-08, -3.71826e-08, -2.90887e-07, 
736, 951.999, 141.894, -195.167, -54.1067, -1.33293e-07, 2.39846e-07, 1.01533e-08, 
737, 111255, -115.401, -149.608, -48.6979, 1.46753e-07, 1.93272e-07, 3.61731e-08, 
738, 87390.1, -6.60248, -148.892, 181.384, -2.46401e-08, 1.95552e-07, -2.63321e-07, 
739, 7995.67, -94.8859, 68.694, -146.39, 1.8302e-07, -3.53958e-08, 3.20833e-07, 
740, 108827, 176.784, 33.9822, -48.6625, -2.29085e-07, -1.35513e-08, -4.57739e-08, 
741, 32920.9, -18.7299, 89.2275, 178.963, -4.51391e-09, -1.44429e-07, -2.19991e-07, 
742, 106813, -65.6398, 174.554, 115.281, 1.79702e-09, -1.98541e-07, -2.18606e-07, 
743, 134315, -57.01, 123.465, -62.1467, 4.97532e-08, -1.98212e-07, 8.1095e-08, 
744, 20269.4, 115.57, 106.098, 83.4002, -2.19752e-07, -9.8258e-08, -6.56853e-08, 
745, 113759, 158.445, -141.156, 55.0054, -2.20211e-07, 1.62881e-07, -5.07705e-08, 
746, 27262.9, 60.2164, 99.8734, 0.0965515, -5.67817e-08, -1.39417e-07, -3.09946e-08, 
747, 157547, -171.809, 88.7137, -139.214, 2.03042e-07, -8.07471e-08, 1.78809e-07, 
748, 29487.8, 65.8083, 145.864, 181.222, -6.2115e-08, -9.78555e-08, -1.87366e-07, 
749, 22996.7, -109.177, 121.96, -123.848, 1.06976e-07, -1.2671e-07, 1.33496e-07, 
750, 312477, -60.8052, -86.9373, -85.0715, 6.94319e-08, 1.38944e-07, 1.19332e-07, 
751, 2538.16, 63.5575, 47.8347, -72.16, -1.79025e-07, -1.77459e-07, 1.35223e-08, 
752, 30431, -64.0765, -198.54, 176.459, 1.71817e-08, 2.60236e-07, -1.6758e-07, 
753, 3440.05, -184.495, 29.5142, -158.118, 2.54559e-07, -5.08138e-08, 2.19582e-07, 
754, 96081.7, -187.668, -43.3124, -188.776, 1.74776e-07, 2.48162e-08, 1.98996e-07, 
755, 150212, 188.912, 75.1782, 183.826, -1.80391e-07, -6.07006e-08, -1.62129e-07, 
756, 5705.73, 193.73, 89.2851, -106.628, -2.7364e-07, -1.2509e-07, 1.6561e-07, 
757, 32897.4, 156.375, -163.377, -45.1958, -1.6319e-07, 1.80215e-07, -3.40488e-08, 
758, 44178.3, -134.652, 160.891, -43.8384, 2.52869e-08, -3.15803e-07, 1.7508e-07, 
759, 84244.4, -83.5312, 167.217, 172.812, 3.76234e-08, -1.84084e-07, -1.78292e-07, 
760, 25851.9, 156.961, -171.555, -78.3656, -9.6114e-08, 2.0486e-07, 2.00599e-08, 
761, 61375.6, -91.2991, -81.818, 125.342, 1.30734e-07, 9.57943e-08, -5.93493e-08, 
762, 38965.4, -199.121, 156.723, 41.2068, 2.88115e-07, -1.08694e-07, 1.06627e-08, 
763, 42271.5, 70.7446, -180.747, 196.845, 2.10565e-07, 2.44692e-07, -3.67187e-07, 
764, 70982.6, -67.3297, -198.665, -155.765, 1.20029e-07, 2.31536e-07, 7.29929e-08, 
765, 23119.9, -178.057, -24.2694, 150.789, 2.70079e-07, 6.31381e-08, -1.453e-07, 
766, 42026.9, -133.6, -180.628, 123.152, 1.53192e-07, 1.92845e-07, -9.84021e-08, 
767, 525.463, 63.1306, -141.395, -148.13, -1.93347e-08, 1.8214e-07, 2.19974e-07, 
768, 341594, -112.711, 26.3379, 146.538, 2.60588e-07, 1.09696e-07, 1.77768e-07, 
769, 52627.9, 7.02109, 36.8549, 186.131, 3.10332e-08, -5.33214e-10, -3.54474e-07, 
770, 83832.7, 41.2805, -182.579, 37.5983, -3.45668e-07, 3.16105e-07, -1.17352e-07, 
771, 27700.4, 61.6764, -22.8488, 139.763, -5.46223e-08, -2.76913e-08, -1.77127e-07, 
772, 213636, -159.253, 71.3165, -9.9279, 2.81097e-07, -5.07543e-08, 6.20229e-09, 
773, 114811, -158.309, -196.305, -113.937, 1.51042e-07, 2.05891e-07, 1.05137e-07, 
774, 57610.9, -169.223, -37.5543, 134.109, 3.06921e-07, 4.13169e-08, -1.0872e-07, 
775, 287488, 109.643, 182.689, -182.682, -6.53957e-08, -1.69558e-07, 1.73647e-07, 
776, 138113, -197.533, 197.726, -97.0337, 1.68463e-07, -1.6859e-07, 5.64317e-08, 
777, 106501, -141.456, -192.17, 153.111, 1.26384e-07, 2.02652e-07, -9.68023e-08, 
778, 41453.3, -127.889, 150.714, 165.84, 8.298e-08, -1.85799e-07, -1.82801e-07, 
779, 126834, 171.215, 36.389, -84.7305, 2.75584e-08, -1.17854e-07, -1.90191e-09, 
780, 303723, -125.705, -151.287, 36.9506, 2.86272e-07, -1.66487e-07, 2.07343e-08, 
781, 116613, 193.865, -192.295, -62.1255, -2.22516e-07, 1.01289e-07, -1.01475e-07, 
782, 199184, -81.0126, -140.289, 164.747, 1.59376e-07, 1.56358e-07, -1.01593e-07, 
783, 136497, 193.646, -101.985, 186.279, -1.67526e-07, 5.47432e-08, -1.5227e-07, 
784, 4876.38, -81.9544, 85.3788, -180.209, 6.79901e-08, -6.75756e-08, 2.6631e-07, 
785, 48360.4, 192.126, -37.1425, 112.928, -2.87328e-07, -8.95283e-09, -1.30872e-07, 
786, 86626.8, -135.644, -11.5848, -44.2279, 2.0445e-07, -6.62827e-08, 6.12068e-08, 
787, 18457.5, -50.0713, 10.2449, 102.009, 4.35028e-08, -4.83682e-08, -1.30261e-07, 
788, 48241.9, -110.193, -131.796, 98.9906, 1.48782e-07, 1.22381e-07, -1.11476e-07, 
789, 183293, -173.591, 27.394, -106.141, 2.66846e-07, -5.02225e-08, 1.22358e-07, 
790, 62341, 130.453, -93.1079, 118.852, -1.49334e-07, 1.23828e-07, -1.47964e-07, 
791, 131366, 61.3259, -40.5061, -192.421, -4.38716e-08, 1.9821e-08, 2.82984e-07, 
792, 58044.3, -92.2586, -8.02901, 131.205, 4.44747e-10, 2.97261e-08, -1.1986e-07, 
793, 136665, 33.2726, 87.8928, 19.6858, -4.5255e-08, -1.62389e-07, 6.90158e-09, 
794, 119956, 186.987, 69.8953, 17.8175, -2.76812e-07, -4.94835e-08, -8.78208e-09, 
795, 86253.2, 69.3601, -58.3006, -166.145, -7.75037e-08, 3.28881e-08, 2.30545e-07, 
796, 160918, -166.033, 144.192, -26.4856, 3.87431e-07, -5.7733e-08, -1.0217e-08, 
797, 84304, -130.152, 143.5, 13.0288, 1.44705e-07, -1.57484e-07, -4.41832e-08, 
798, 19480.5, 193.918, 16.8334, -12.6752, -2.97145e-07, -3.15008e-08, -2.66782e-08, 
799, 7866.64, -51.886, 118.644, -113.642, 5.20992e-08, -1.98184e-07, 9.58589e-08, 
800, 124295, 38.7869, 88.5652, 64.311, -2.29947e-08, -1.23166e-07, -1.24356e-07, 
801, 91076.3, 55.7651, -174.868, 62.021, -1.68807e-07, 2.69923e-07, -1.54004e-07, 
802, 72086.4, 148.411, 184.181, -96.8805, -1.53443e-07, -2.1847e-07, 1.55379e-07, 
803, 4932.81, 23.2642, -38.035, -194.99, -3.06366e-08, 4.81416e-08, 3.25953e-07, 
804, 58399.5, -67.355, -161.253, -169.105, 6.22934e-08, 1.45385e-07, 2.06428e-07, 
805, 57635.7, 152.352, 37.54, 169.196, -1.99764e-07, -1.26394e-08, -8.08177e-08, 
806, 82397, 85.8372, -138.432, 4.3282, -8.12961e-07, 3.74686e-07, 2.37677e-07, 
807, 12980.2, -6.65311, -49.2377, -146.011, 2.68242e-08, 1.83534e-07, 2.39183e-07, 
808, 58301.8, 78.2976, -87.4226, 45.0842, -1.88378e-07, 1.53453e-07, -6.72339e-08, 
809, 44098.9, -109.242, -186.094, 146.422, 9.33218e-08, 2.157e-07, -1.11522e-07, 
810, 79043.5, 188.724, 171.737, 2.71599, -2.20935e-07, -1.65371e-07, -5.23368e-08, 
811, 22017.8, 183.364, -199.725, -4.87717, -1.70725e-07, 1.83041e-07, 1.62646e-08, 
812, 172985, -64.6924, 21.1115, -38.7204, 1.16707e-07, -1.49306e-07, 1.4529e-07, 
813, 414670, -93.3781, -92.6794, 167.949, 1.40164e-07, 1.62072e-07, -4.76279e-07, 
814, 106665, 64.0774, 129.818, -190.303, -4.23968e-08, -1.35854e-07, 2.26928e-07, 
815, 84538.5, 172.422, -97.1993, 99.9197, -2.66265e-07, 1.24796e-07, -9.96232e-08, 
816, 406717, 117.059, 180.678, -59.0406, 7.18044e-08, -3.33994e-07, 1.26565e-07, 
817, 72921.6, 55.2188, 39.2756, 160.051, -1.03846e-07, -9.94252e-08, -2.21335e-07, 
818, 36959.7, -139.604, -158.85, -132.243, 1.75606e-07, 1.78166e-07, 1.29485e-07, 
819, 221867, 79.3653, -47.9313, 35.4637, -1.36491e-07, 7.97845e-10, -7.56535e-08, 
820, 15388.6, -163.507, -46.2103, 33.6238, 2.2566e-07, 3.37869e-08, -3.76192e-08, 
821, 25624, 185.817, 193.625, 156.297, -1.59148e-07, -1.44952e-07, -9.83616e-08, 
822, 82022.9, -102.737, -29.4711, 163.049, 6.47601e-08, 1.3484e-08, -2.4619e-07, 
823, 10374.3, -12.2392, 32.8853, 5.93023, -4.97214e-08, -9.86585e-08, -6.35444e-08, 
824, 1364.79, 83.7246, -110.614, 40.263, -1.7786e-07, 1.76691e-07, -9.58321e-08, 
825, 44784.8, -2.36675, 139.947, 161.682, 6.35022e-08, -1.19901e-07, -1.18462e-07, 
826, 7421.15, -44.5663, 134.662, -9.9592, 1.23185e-08, -1.86057e-07, -1.5095e-09, 
827, 146900, 73.4282, -132.564, -185.717, -1.37814e-07, 3.32051e-07, 4.59443e-07, 
828, 72755.7, -179.485, -164.94, -169.752, 2.41704e-08, 2.09157e-07, 1.73215e-07, 
829, 173.692, -80.7797, 157.751, -72.8943, 2.98027e-08, -1.93269e-07, 9.98103e-08, 
830, 124903, 113.486, -121.475, 143.974, -1.27232e-07, 1.12294e-07, -1.60905e-07, 
831, 81796.7, -34.0548, 46.5549, 168.351, 1.36518e-07, -5.2235e-08, -1.61419e-07, 
832, 30025.6, 125.24, -193.465, 10.5509, -1.54793e-07, 2.49261e-07, -8.92085e-09, 
833, 43236.9, 49.779, -153.125, -9.32925, -1.63046e-07, 2.65368e-07, 5.85312e-08, 
834, 32967, 136.991, 14.7528, 180.512, -1.65978e-07, -8.71191e-09, -2.62978e-07, 
835, 8253.16, 107.005, 60.6483, 150.969, -1.03509e-07, -1.11217e-07, -1.6994e-07, 
836, 53449.3, -136.858, -24.9105, 186.979, 1.50554e-07, 5.65449e-08, -2.83018e-07, 
837, 56035.3, 135.99, 94.5211, 49.4528, -9.72403e-08, -1.31899e-07, -1.72203e-07, 
838, 150445, -3.50458, 33.7396, 195.859, 5.88303e-08, -6.40142e-09, -3.65053e-07, 
839, 76.2239, 141.822, 199.105, -92.2966, -1.10268e-07, -3.01284e-07, 1.32723e-07, 
840, 6698.42, 124.395, -106.197, -42.328, -1.67973e-07, 1.42046e-07, 7.03626e-08, 
841, 34921.8, -65.2245, 14.8353, 4.23683, -1.82119e-07, -1.66339e-07, 1.79124e-07, 
842, 167689, -80.2307, 94.7128, 180.376, 1.93012e-08, -1.3934e-07, -2.36237e-07, 
843, 81908.4, 34.7522, 147.98, -42.6708, -8.24981e-08, -2.58179e-07, -6.23071e-08, 
844, 265301, 138.565, 164.132, 140.5, -7.80793e-08, -1.05609e-07, -1.59429e-07, 
845, 37764.1, 126.091, 12.9563, 117.092, -2.1195e-07, -2.80162e-08, -9.50012e-08, 
846, 343408, 35.3113, 70.3757, -162.996, -2.1805e-08, -6.02778e-08, 2.02493e-07, 
847, 55297.3, -112.855, -197.483, 45.1955, 2.33917e-07, 3.5759e-07, -9.46679e-08, 
848, 7427.35, -181.549, 51.8457, 44.1411, 2.53143e-07, -3.41657e-08, -2.41121e-08, 
849, 304207, -146.535, 104.333, 163.964, 1.40174e-07, -1.68998e-07, -1.61138e-07, 
850, 62001.6, 122.554, -61.2288, -192.044, -9.24024e-08, 6.47756e-08, 2.32521e-07, 
851, 27530, 180.176, 51.5199, 150.962, -2.22308e-07, -4.90708e-08, -1.3487e-07, 
852, 87738.6, 91.5209, -131.28, 66.2418, -1.87029e-07, 2.13225e-07, -1.23767e-07, 
853, 47018.9, -7.20481, -9.55248, -7.00624, -3.58186e-08, -1.00684e-07, -3.71892e-08, 
854, 36640.8, 62.9209, -88.2149, 28.5584, -1.88975e-07, 3.11666e-07, -1.73718e-07, 
855, 181648, 145.534, 72.7344, 32.8808, -1.58409e-07, 6.25093e-08, -6.4339e-08, 
856, 53518.7, -182.273, -187.09, 199.585, 1.38095e-07, 1.17035e-07, -1.52299e-07, 
857, 132997, -92.7302, 186.291, 24.7606, 4.08576e-08, -3.26709e-07, -4.14557e-08, 
858, 30440.7, 86.7077, 157.836, -109.515, -3.72934e-08, -1.99077e-07, 1.36756e-07, 
859, 17501.6, -131.281, -154.039, 46.6875, 5.8672e-07, 8.12479e-08, -6.28942e-07, 
860, 47257, -13.5269, -81.447, 123.531, 1.58774e-07, -1.65273e-08, -1.99846e-07, 
861, 109583, -142.893, 66.3858, -58.648, 1.83209e-07, -6.5239e-08, 8.55244e-08, 
862, 48767.9, -93.0347, 41.2373, 11.3397, 2.23001e-09, 3.55663e-08, -1.86192e-08, 
863, 119059, 116.309, -59.2082, 152.955, -2.83919e-07, 7.09864e-08, -1.70334e-07, 
864, 47476.5, 151.502, 6.86039, 51.3661, -2.28378e-07, -4.26247e-08, -9.39218e-08, 
865, 89992.3, 70.7585, -38.1611, -131.262, -9.02341e-08, 3.10677e-08, 2.26762e-07, 
866, 5867.21, -43.5432, -43.8134, 106.678, 3.74123e-08, -3.75151e-08, -1.2675e-07, 
867, 94630, 191.628, 139.415, 99.4137, -2.01204e-07, -1.16327e-07, -7.57434e-08, 
868, 60993.6, 13.5565, 152.344, -155.014, 1.58921e-07, -5.99004e-07, 3.74313e-07, 
869, 44662.6, 113.816, 33.657, -186.664, -4.70057e-08, 9.56494e-08, 3.13262e-07, 
870, 45049.3, 43.5979, 68.9389, 131.995, -6.58029e-08, -1.53163e-07, -1.55963e-07, 
871, 100930, 19.3977, 52.9653, -104.134, 7.47741e-09, -1.37493e-07, 1.85734e-07, 
872, 2948.59, 52.2343, -148.958, -166.936, 1.11436e-09, 2.0491e-07, 2.22209e-07, 
873, 69803.3, 139.314, -101.416, -49.0201, -2.3899e-07, 9.67881e-08, 1.06188e-07, 
874, 54912.4, -195.584, -59.3264, -163.143, 2.10636e-07, 5.15723e-08, 1.63237e-07, 
875, 123638, 155.725, 142.623, -19.3096, -2.4263e-07, -1.17055e-07, -3.89121e-08, 
876, 107939, -169.395, 145.727, 79.3564, 2.00183e-07, -1.62965e-07, -6.45826e-08, 
877, 53838.4, 103.356, -89.3767, 124.698, -1.70608e-07, 1.16493e-07, -1.82405e-07, 
878, 52371.8, 91.7804, 1.69504, -130.401, -1.30226e-07, -8.97689e-09, 2.09893e-07, 
879, 36855.9, 11.0877, -13.3426, -61.9202, 1.01571e-07, 6.41775e-08, 1.54645e-07, 
880, 28831.3, -193.62, 130.092, 95.4593, 1.03444e-07, -3.66455e-07, -1.01605e-07, 
881, 56501.7, 86.8848, -180.665, -132.972, -8.54608e-08, 2.35128e-07, 1.60491e-07, 
882, 21746.7, -97.0496, 115.617, -162.989, 1.18885e-07, -3.50856e-08, 2.56496e-07, 
883, 65140, -122.998, 157.245, -163.088, 7.08594e-08, -1.40069e-07, 2.12862e-07, 
884, 105613, 32.0996, 79.3458, 35.7595, -3.03583e-08, -7.39356e-08, -1.14601e-07, 
885, 54515.2, -166.259, -36.3911, 96.4848, 2.65916e-07, 4.74019e-08, -4.74548e-08, 
886, 275229, -105.084, 199.138, 50.5155, 6.35851e-08, -2.7494e-07, -6.4039e-08, 
887, 11497.8, 152.551, -136.076, 186.87, -1.43562e-07, 8.87842e-08, -1.95577e-07, 
888, 161103, 2.76094, 180.319, 149.761, -2.57569e-09, -2.17589e-07, -1.27263e-07, 
889, 34855.6, 13.2821, 12.9914, -144.913, -8.6584e-10, -6.33337e-08, 2.54182e-07, 
890, 28030.6, -2.41126, 191.057, 65.7209, -1.36038e-08, -2.4102e-07, -8.21422e-08, 
891, 122292, 193.64, 168.241, -36.6866, -2.51333e-07, -1.50457e-07, 8.20681e-09, 
892, 33821.3, 156.282, -86.1443, 81.4466, -2.03542e-07, 1.12937e-07, -5.66502e-08, 
893, 74998, -0.291029, 159.595, 102.354, -2.45597e-08, -1.90608e-07, -9.59865e-08, 
894, 59405.3, -137.444, 184.308, -152.099, 1.00952e-07, -2.17832e-07, 1.80807e-07, 
895, 17141.9, -60.8748, 11.2279, 85.6311, 5.26191e-08, -5.05635e-08, -1.01206e-07, 
896, 34529.2, -154.764, -163.962, -54.4416, 2.02628e-07, 2.04728e-07, 3.62882e-08, 
897, 23583.5, -80.7051, -166.894, 4.25643, 9.91121e-08, 2.89554e-07, 1.55478e-07, 
898, 40525.5, -16.9003, -26.7056, -98.9105, 1.80944e-07, -1.99565e-07, 2.39837e-07, 
899, 11386.5, -65.2345, -48.1154, 167.829, 4.39117e-08, -9.89436e-08, -2.59686e-07, 
900, 119186, 178.204, -22.9099, -38.4982, -4.08916e-07, 2.46365e-07, 7.51947e-08, 
901, 9196.07, -11.9806, -125.711, 129.833, 1.20639e-08, 1.90687e-07, -2.59223e-07, 
902, 108423, -144.428, 50.0383, -99.0468, 1.65948e-07, -8.33729e-08, 1.13245e-07, 
903, 25151.4, -35.4572, -62.0887, -67.4172, 3.51751e-08, 5.59418e-08, 1.70468e-07, 
904, 148259, 133.96, 5.83637, -187.497, -1.8497e-07, -1.11138e-08, 2.29661e-07, 
905, 49643.6, -54.906, -178.242, 135.628, 5.34759e-08, 2.51772e-07, -1.37151e-07, 
906, 97963, -68.2229, 11.28, 7.75876, 2.06491e-07, 1.96141e-07, -2.69655e-07, 
907, 27250, 111.358, -80.4243, 26.7285, -3.16947e-07, 7.71464e-08, -7.39158e-08, 
908, 82866.4, -37.5438, 72.8911, -130.189, -3.17833e-08, 1.25334e-08, 1.65855e-07, 
909, 154490, 103.641, -41.5849, 11.8009, -3.50389e-07, 3.65425e-07, -1.61211e-08, 
910, 58260, -142.268, 89.6886, -81.7972, 1.57742e-07, -1.00101e-07, 1.33322e-07, 
911, 115925, -115.328, -41.3374, 138.224, 1.33012e-07, 4.39604e-08, -1.53513e-07, 
912, 92851.4, -171.154, 19.812, -145.703, 2.71686e-07, -3.0393e-08, 2.09202e-07, 
913, 80514.3, 106.848, 33.6262, -70.24, -1.75043e-07, -7.48951e-08, 6.76447e-08, 
914, 46240.7, -0.901772, -75.9085, 198.84, 1.12743e-07, -6.5825e-08, -3.29908e-07, 
915, 255468, 69.8365, -124.259, -176.27, -9.45381e-09, 5.37469e-08, 1.27291e-07, 
916, 163019, -132.728, 31.1961, -46.5871, 1.95342e-07, -4.55592e-08, 7.16881e-08, 
917, 110905, 186.102, 194.606, 107.543, -1.68794e-07, -1.60561e-07, -5.58723e-08, 
918, 73210.4, 138.9, -168.117, 90.3558, -1.46518e-07, 1.87595e-07, -9.7942e-08, 
919, 180911, 77.7796, 69.7109, 79.7521, -1.47321e-07, -6.97403e-08, -3.97682e-08, 
920, 39119.3, -195.939, 110.343, 43.3317, 2.74553e-07, -4.1854e-08, 3.86075e-09, 
921, 151711, 119.507, 8.59808, -190.996, 1.75114e-08, -4.36818e-08, 2.94364e-07, 
922, 303665, -106.727, 82.8399, -10.5435, -5.72278e-08, 4.84553e-08, -4.21681e-08, 
923, 1328.67, -88.3156, -83.737, 193.139, 7.09904e-08, 1.80505e-08, -4.66925e-07, 
924, 57656.7, -14.7117, -73.5454, 190.103, 3.66711e-08, 4.86921e-09, -2.80815e-07, 
925, 137408, -151.367, -50.1311, 134.017, 2.32706e-07, 7.91425e-08, -1.27482e-07, 
926, 103101, 0.179654, 197.83, 29.9823, -2.99231e-08, -2.63338e-07, -5.31635e-08, 
927, 253866, 150.605, 92.6439, 32.785, -2.3152e-07, -1.71175e-07, -6.73921e-08, 
928, 78946.7, -13.978, 110.608, -57.0232, 2.02737e-08, -1.57704e-07, 6.93566e-08, 
929, 118363, 199.564, -189.993, 61.4454, -1.9902e-07, 1.50757e-07, -4.43032e-08, 
930, 45821.7, -195.173, -182.294, -97.533, 1.93347e-07, 1.85959e-07, 8.3837e-08, 
931, 349761, 49.3162, -70.8894, 88.5227, -1.10243e-07, -7.16997e-08, -1.22322e-07, 
932, 144968, 30.7101, -54.5775, 125.395, -2.59107e-08, -6.538e-08, -2.42063e-07, 
933, 66885.7, -84.4375, 138.969, 149.378, 3.50299e-08, -1.69822e-07, -1.55412e-07, 
934, 61369.6, -138.414, -5.50269, 101.985, 2.49193e-07, -1.30523e-09, -4.08169e-09, 
935, 30662.7, -157.193, -0.65418, 197.869, 1.76542e-07, 7.64195e-08, -2.93527e-07, 
936, 91080.4, 67.6004, 26.1955, -81.34, -1.61882e-07, -1.29404e-07, -1.37366e-08, 
937, 95199.7, 99.9876, -48.527, -93.6563, -1.30108e-07, -5.81075e-08, 1.00901e-07, 
938, 77822.5, -94.2028, -35.9474, -104.256, 1.52352e-07, 1.00623e-08, 1.76832e-07, 
939, 89518.7, -61.8773, 1.04893, -43.7111, 1.26457e-07, -2.5268e-08, 1.86295e-07, 
940, 123242, -1.20131, 156.354, 197.621, 2.05898e-08, -1.55324e-07, -2.27457e-07, 
941, 10137.7, -72.4437, 7.35426, -78.936, 1.13893e-07, -7.16908e-08, 1.71682e-07, 
942, 69247.1, -118.605, 101.599, -59.1956, 9.99601e-08, -8.81032e-08, 1.32861e-07, 
943, 105452, -135.699, 146.772, 58.7977, 6.59535e-08, -1.67556e-07, -3.86194e-08, 
944, 97060.7, 87.7152, 37.5871, 162.985, -9.3748e-08, -9.00544e-08, -2.23873e-07, 
945, 129207, 19.724, 146.054, 22.5406, -1.10622e-08, -2.07893e-07, -3.46868e-08, 
946, 9519.09, -5.26212, -105.126, 149.092, -5.1313e-08, -2.0157e-08, -8.97655e-08, 
947, 45607.6, 191.812, 95.3161, -155.406, -1.06026e-06, -3.7946e-07, -7.31571e-08, 
948, 4559.47, -68.2642, -149.892, -160.47, 6.98595e-08, 1.07876e-07, 1.5573e-07, 
949, 64785.3, 45.0787, 157.331, 133.705, -4.35223e-08, -1.6313e-07, -1.03041e-07, 
950, 86778.9, 130.754, -4.05033, 37.6967, -2.01772e-07, -6.40646e-08, -7.19894e-08, 
951, 387437, 1.24296, 5.11496, 96.456, -1.68151e-08, -1.62626e-08, -1.44269e-07, 
952, 20721.2, -39.168, 93.5699, -72.31, -4.59783e-08, -1.38598e-07, 2.74548e-07, 
953, 27474.5, 85.5866, 189.829, -97.2759, -2.95821e-08, -2.55242e-07, 1.43442e-07, 
954, 55726.3, 121.432, 118.983, -128.656, -1.02666e-07, -9.17092e-08, 1.55441e-07, 
955, 16889.6, -100.695, 164.598, -117.086, 3.18163e-08, -2.06967e-07, 1.28175e-07, 
956, 14072.1, 192.601, -134.603, 175.012, -1.76066e-07, 9.2767e-08, -1.33733e-07, 
957, 172625, 87.8162, 163.327, 9.82682, -1.0078e-08, -2.13788e-07, -2.87534e-08, 
958, 205463, -161.463, -21.4299, -118.812, 2.17558e-07, 2.97887e-08, 1.42903e-07, 
959, 27694.1, 142.815, -133.284, -88.039, -2.11895e-07, 7.97242e-08, 4.68458e-09, 
960, 75375.5, -162.229, 175.969, 90.8253, 1.58382e-07, -2.05598e-07, -1.13048e-07, 
961, 3813.66, 179.043, 17.4842, -143.398, -2.39687e-07, 2.43122e-09, 1.60951e-07, 
962, 21422.6, 138.559, 165.506, -91.3887, -1.62796e-07, -1.46841e-07, 1.7706e-07, 
963, 336140, 88.568, 15.7055, 117.984, -1.26035e-07, -4.6962e-08, -1.07204e-07, 
964, 61375.3, -66.8839, 28.4593, -92.3517, 9.33576e-08, -8.61214e-08, 1.64582e-07, 
965, 52864.9, 161.35, 43.0881, -7.82016, -2.17371e-07, -3.67812e-08, -1.79749e-08, 
966, 56228.8, -174.548, 198.92, 188.97, 9.65349e-08, -1.34963e-07, -1.31059e-07, 
967, 166608, -57.7754, 135.437, 83.5176, 2.56411e-08, -2.05425e-07, -2.19719e-07, 
968, 12749.6, 147.803, 103.354, 158.163, -2.153e-07, 1.97033e-08, -2.721e-07, 
969, 196864, -109.188, 169.78, -1.37688, 8.84942e-08, -2.4847e-07, 2.18936e-08, 
970, 76611.2, 135.919, -32.6687, -84.072, -2.07627e-07, 2.85516e-08, 8.02537e-08, 
971, 7466.08, 103.752, -116.523, 164.295, -1.08814e-07, 9.61662e-08, -2.52569e-07, 
972, 146397, -31.3221, 12.6513, -95.3714, 6.93939e-08, -7.65802e-08, 1.816e-07, 
973, 182464, -55.8945, -57.8649, -101.916, 6.32676e-08, 3.04525e-08, 2.24267e-07, 
974, 38496.9, 27.9388, -159.709, 139.06, -1.5847e-07, 2.08915e-07, -2.61988e-07, 
975, 143073, 115.085, 94.4205, 99.2053, -1.68168e-07, -1.13298e-07, -1.18467e-07, 
976, 77297, 32.5647, 153.762, 44.0133, -3.45053e-08, -2.19945e-07, -8.88364e-08, 
977, 13131.5, -91.9061, -38.8066, -144.867, 6.36368e-07, 4.28167e-08, 6.84892e-08, 
978, 195219, -126.931, -161.915, 38.9432, 3.45126e-07, 6.9666e-07, -1.35111e-07, 
979, 44312.9, -73.3323, 84.8794, -139.12, 7.14226e-08, -1.46045e-07, 2.57715e-07, 
980, 83713.4, -113.728, -71.7612, -19.7035, -6.10295e-09, 4.1956e-08, -8.14458e-08, 
981, 86863.6, -174.358, 11.2668, -88.3304, 2.72472e-07, 1.01996e-08, 4.25499e-08, 
982, 19111.9, 94.5971, 66.7339, -19.8857, -9.79383e-08, -7.3787e-09, 8.34472e-08, 
983, 91240.3, -94.4697, -12.7621, -124.816, 1.10735e-07, -4.68923e-08, 1.73618e-07, 
984, 302123, 44.4999, -16.192, -63.6996, -1.91257e-07, 1.09335e-07, 1.6052e-07, 
985, 39328.4, 90.005, 95.2157, -139.613, -7.89637e-08, -1.18912e-07, 1.79902e-07, 
986, 56196, -127.552, 14.3674, -118.44, 5.749e-08, 2.5698e-08, 7.65246e-08, 
987, 2423.4, -130.997, 185.18, -91.0966, 1.00488e-07, -2.36868e-07, 5.69422e-08, 
988, 155666, 122.338, 103.291, -31.4856, -1.70588e-07, -6.59742e-08, 9.50739e-08, 
989, 25401.1, 43.6939, -64.9791, 4.2986, -7.19506e-08, 1.24937e-07, -2.37518e-07, 
990, 134514, -71.9405, -102.708, 190.344, 5.30999e-09, 1.06412e-07, -3.60004e-07, 
991, 250595, -97.9552, -148.932, 20.0832, 7.75442e-08, 6.8868e-08, 7.54936e-08, 
992, 10486.8, -197.467, -113.51, -97.6725, 2.53038e-07, 1.01039e-07, 1.0536e-07, 
993, 13927.4, 142.389, -190.122, -136.613, -1.51766e-07, 2.14963e-07, 1.58047e-07, 
994, 143466, 140.352, -75.349, -128.494, -1.83753e-07, 6.70765e-08, 1.53389e-07, 
995, 19915.8, 109.538, 161.701, 143.863, -7.34692e-09, -1.56901e-07, -1.14479e-07, 
996, 227424, 149.99, 169.421, 190.658, 7.39921e-08, 1.84841e-08, -1.32856e-07, 
997, 107657, -93.8975, -44.8277, 112.746, 8.1024e-08, 1.73684e-08, -1.11678e-07, 
998, 74779.9, -169.606, 70.6354, -131.117, 1.99792e-07, -1.54158e-11, 1.33232e-07, 
999, 207683, -128.444, 132.66, -46.873, 3.39921e-08, -1.669e-07, 1.43146e-07, 
