ID, Mass [kg], pos_0 [m], pos_1 [m], pos_2 [m], vel_0 [m/s], vel_1 [m/s], vel_2 [m/s], 
0, 97975.8, 23.5697, -33.1355, -19.9001, -0.000923199, 0.00105483, 6.82173e-05, 
1, 77894.7, -6.77305, -22.5097, -31.0043, 0.001699, 0.000593749, 0.00026331, 
2, 11402, -36.8615, -27.3362, 40.0735, 0.000523833, 0.000844973, -0.000280365, 
3, 66098.7, 22.9957, 17.7618, 12.5245, -0.00100024, -0.000465695, -0.000329514, 
4, 44838.5, 41.1648, 35.2377, 19.7255, -0.00179169, -0.00190782, 0.000629841, 
5, 294431, -24.0012, 17.3981, 7.20128, 0.00151554, -0.00060154, -0.00118214, 
6, 45520.7, -16.9354, 26.495, -41.6246, -0.000138112, -0.00022282, 0.00125215, 
7, 104607, -31.4057, -26.7953, 36.8997, 0.000515908, 0.000820371, -0.000670619, 
8, 18630.4, 28.7719, 28.7744, 19.3777, -0.00078652, -0.00102522, -0.000380444, 
9, 6880.78, 10.5703, -35.7087, 28.0639, -0.000381168, 0.00111765, -0.000924116, 
10, 62559.5, 32.2814, 12.1219, 36.2709, -0.000598518, -0.000368425, -0.00103879, 
11, 25475.3, -21.7241, -14.4727, -37.7167, 0.000201725, 0.000156134, 0.00180359, 
12, 71640.3, 20.097, -1.37646, 13.41, -0.0027694, 0.000271353, -0.000380362, 
13, 19375.1, 26.4358, -2.82634, -34.3531, -0.00132832, -0.00110586, 0.000183882, 
14, 192659, -37.1684, -27.1934, 41.1003, -0.000570577, 0.000147859, 0.000585064, 
15, 90493.3, 9.20559, 10.4872, 31.7923, -0.00156135, -2.97879e-05, -0.000575438, 
16, 55088.9, -13.3706, -10.5743, -20.8989, 0.000415174, 0.000354006, 0.00103071, 
17, 128599, -16.4817, -3.54264, 21.6667, -4.46888e-05, 0.000236424, -0.00113311, 
18, 2686.61, -18.897, -6.19202, 23.968, -0.000428238, -0.000307914, -0.000685116, 
19, 57797.8, -38.2992, 24.2274, 22.8167, 0.00249009, -0.000384627, -0.000683592, 
20, 50565.7, 32.9992, 24.1355, -15.1343, -0.00136067, -0.000355827, 0.000257555, 
21, 170562, -8.05533, -22.7977, -30.2454, -0.000832416, 0.000493277, 0.00192398, 
22, 46366.2, 24.9352, 15.4231, -21.6747, -0.000311529, -0.000889444, -0.000104145, 
23, 48064, 41.1657, 35.3045, 19.707, -0.000268871, 4.15818e-05, -0.000710856, 
24, 10737.9, 20.617, 20.0233, 28.2952, -0.000594442, -0.000789677, -0.000803622, 
25, 6821.61, -30.8924, -10.4794, 3.76429, 0.00131871, 0.000948691, 0.000504959, 
26, 85103.7, -18.4178, -17.9204, 21.5846, 0.00011574, 0.000481704, -0.000296466, 
27, 20373.4, 4.10561, -32.0841, -23.8249, -0.000482487, 0.0014726, 7.95042e-05, 
28, 40858.5, -25.8441, -11.672, 28.1592, 0.00126747, 0.00108855, -0.000791784, 
29, 20052.6, 21.3257, 0.410862, -26.8555, -0.000572168, -0.000659343, 0.000335395, 
30, 30553.1, 39.8922, -17.4982, -8.52085, -0.00158365, 0.000632675, 0.000449854, 
31, 162518, -27.6328, -42.7994, 7.24993, 0.000571835, 0.00142736, -0.000118668, 
32, 65626.2, 11.141, -11.2031, -0.528302, -0.000653741, 0.000596619, -3.32967e-06, 
33, 187658, -36.8972, -27.7128, 41.1805, 0.00269277, 0.00251901, -0.00307759, 
34, 143234, 11.3584, 42.2727, -45.4159, -0.000178367, -0.000738191, 0.000974907, 
35, 251764, -33.8795, 32.7493, -37.5907, 0.00130707, -0.000480966, 0.000104762, 
36, 188234, 3.24777, -43.3741, 10.8347, -0.00042055, 0.00147674, -0.000294395, 
37, 145115, -16.8878, -25.5737, 18.4141, 4.37836e-05, 0.00126838, -0.00031509, 
38, 97491.5, 38.1821, -4.28229, 2.07409, -0.00104074, 0.000583995, 0.000435447, 
39, 31783.6, -31.1649, 34.5434, -28.3912, -0.000192855, -0.000626152, -0.000408969, 
40, 3660.49, -13.4453, -24.3976, -0.687415, 0.000923717, 0.00157169, -0.000326313, 
41, 6882.93, 19.1002, 25.2187, 12.9503, -0.00011621, -0.00231547, -0.000413737, 
42, 15820.5, 24.697, 6.24279, -31.379, -0.000812093, -0.000803221, 0.000960516, 
43, 12851.8, 9.85105, 10.1326, 32.8645, -0.000447776, 0.000374498, -0.00288443, 
44, 207554, -42.1745, -37.3607, -26.6078, 0.00112359, 0.00160671, 0.000568537, 
45, 14218.7, 17.0783, 15.737, -13.079, -0.000715876, -0.000524768, 0.000520782, 
46, 94578.2, 36.8239, 28.6359, 35.8445, -0.000436972, -0.000249703, -0.00139831, 
47, 139467, 45.176, 30.821, 44.747, -0.00105324, -0.000578777, -0.00105081, 
48, 34799.6, 26.7613, 23.8934, 8.02686, -0.00133642, -0.00101199, -6.57517e-05, 
49, 52524.3, -11.2919, 14.7209, -11.5742, 0.000190572, -6.74397e-05, 0.00136368, 
50, 168682, -39.1928, -27.1534, -26.9548, 0.00161242, -0.000897885, 0.000987152, 
51, 4879.07, -31.9125, -10.1229, -30.6756, 0.000936503, -0.00100123, 0.00165544, 
52, 127413, -27.3014, -40.2459, 41.7946, 0.00010101, 0.00139571, -0.0013699, 
53, 2820, -17.3102, 37.417, 4.92639, 0.000110325, -0.00185845, 0.000755541, 
54, 67623.2, 12.3565, 9.99813, 35.3773, -0.000941344, -0.000119417, -0.0012852, 
55, 124781, -12.538, 38.9265, -22.7821, -0.00016692, -0.000829272, 0.000395298, 
56, 44370.6, 0.220499, -2.10431, -2.82855, -0.000209842, -0.000934317, 0.00247711, 
57, 51907.6, -7.76191, -27.1221, 1.61113, -1.19534e-05, 0.00179992, -0.000397159, 
58, 101111, -42.9187, 40.2612, 8.04333, 0.0014777, -0.00113892, 0.00012961, 
59, 12663.5, 35.1288, -3.65215, 19.2528, -0.000747844, 0.000813697, -0.000605175, 
60, 211734, -9.51173, 37.9946, 17.6311, -3.20923e-07, -0.00121113, -0.000900478, 
61, 14072.5, 32.0159, -23.0894, -14.325, -0.000815796, 0.000348864, 0.000416627, 
62, 39936.1, 37.6667, -41.848, -13.5861, -0.0007819, 0.00130623, 0.000211353, 
63, 94816.2, -20.7654, 15.1172, 7.60797, 0.00316654, 0.00181999, 0.00275946, 
64, 294722, 22.9055, -1.87483, 12.557, -0.000280476, -0.000122862, -0.000618066, 
65, 115209, -34.6162, -37.8762, -7.02551, 0.00101461, 0.0011379, 5.55722e-05, 
66, 297505, -6.96919, 40.8064, 14.6633, -0.00103409, -0.00213875, 0.000584538, 
67, 109371, 35.595, -11.6963, 26.3146, -0.000914558, 0.000758218, -0.000623982, 
68, 50319.5, 9.95341, -20.7726, 11.1352, -0.00126408, 0.000872825, -0.000881358, 
69, 94497.4, -14.4472, 2.96255, -35.4562, 0.000299308, -0.000249849, 0.00139869, 
70, 28507.8, 17.2918, -2.3472, 35.3768, -0.000403944, 0.000378468, -0.00136939, 
71, 20301.8, -3.83011, -27.7818, -10.2167, -0.000597791, 0.00170566, 0.000333179, 
72, 5514.46, -22.8101, -12.6893, -37.8758, 0.000640112, -0.000573101, 0.00176911, 
73, 51713.3, 8.30233, -22.472, 12.9244, -0.000193571, 0.00143983, -0.00127696, 
74, 54078.6, -24.4565, -10.8219, 27.0851, 8.74221e-05, 0.00039872, 2.48417e-05, 
75, 100331, -19.3163, -41.4741, -22.1619, 0.000400257, 0.00164976, 0.000741035, 
76, 16592, -18.5513, 2.41998, 40.3476, -0.000300512, -3.02197e-05, -0.00168453, 
77, 214624, 1.62869, -1.95103, -0.464722, -0.000377326, 0.000529732, -0.00151294, 
78, 77042.2, -3.68693, -13.215, -2.2595, -0.00106907, 0.000972787, -0.000557327, 
79, 131835, -35.7791, 35.8872, -44.7007, 0.00149432, -0.000905922, 0.000297561, 
80, 36841.1, 24.9937, 15.123, -21.94, -0.00162845, 0.000343625, 0.00163851, 
81, 30218.7, -35.5465, -41.2793, 22.1387, 0.00113169, 0.00125425, -0.000207439, 
82, 5693.83, -24.3294, -16.9219, -20.1365, 1.20452e-05, 0.00035331, 0.000213036, 
83, 46120.3, 42.8732, 14.5553, -34.7386, -0.00111392, -0.000281048, 0.000698235, 
84, 20479.4, -22.847, -40.0719, -7.49928, 0.000453208, 0.00160449, 3.65377e-05, 
85, 115679, -12.9102, -40.4569, 21.8015, -0.00026251, 0.00151815, -0.000528631, 
86, 124413, -35.7674, -25.144, 39.8321, 0.00122304, -0.00188116, -0.000838547, 
87, 14754.9, 30.5254, 2.89436, 22.49, -0.000611708, -0.000507986, -0.00108747, 
88, 1562.9, 1.22415, 22.7834, -26.5692, -0.000343615, -0.000568467, 0.00104165, 
89, 213089, 39.9803, 0.774877, 19.1163, -0.0014126, -0.000448026, -0.00100363, 
90, 131961, 39.5666, -1.01096, 9.70251, -0.00185417, -0.0003885, 3.06425e-05, 
91, 25620.6, -40.1485, 2.66869, -10.7614, 0.00217329, -4.56912e-05, 0.000546772, 
92, 36643.2, -28.474, 28.5621, 19.9938, 0.00179931, 0.000313063, -0.00149193, 
93, 10124.3, -17.702, -4.3639, 23.849, -0.00102166, -0.000540629, 5.37424e-05, 
94, 134912, 14.9835, -12.3786, -0.0318735, -0.00175101, 0.000680662, 5.85219e-05, 
95, 352934, 0.648063, -5.14964, 3.68692, -0.000642353, -0.000610654, 0.000176375, 
96, 53519.9, -33.1357, -5.81101, 38.736, 0.000873531, 0.000993836, -0.00103766, 
97, 179640, -21.1641, 8.2529, 8.61386, 0.00167512, -0.00163812, -3.59238e-05, 
98, 92275.8, 32.163, -18.7076, -27.5685, -0.00139801, 0.00058721, 0.000553505, 
99, 37250.3, -8.57209, -38.1867, -36.3979, 0.000385208, 0.0010317, 0.00112845, 
100, 237086, -24.903, -37.1219, 30.7428, 0.000222564, 0.00140787, -0.00050119, 
101, 89616.5, -35.004, 3.24146, -9.61246, 0.0013779, -8.52327e-05, 0.000695506, 
102, 131392, -32.4648, -10.3487, 23.3413, 0.00171157, 0.000275473, -0.000199637, 
103, 134711, 37.404, 28.2692, 37.9334, -0.000636244, -0.00105572, 0.000332873, 
104, 108522, 19.928, -14.8723, -32.4506, -0.000133532, 0.000880893, 0.00100474, 
105, 228291, 41.0306, -5.65983, 37.9384, -0.00106799, -0.000284321, -0.00137493, 
106, 233820, 25.0193, 40.6452, -15.1253, -0.000844731, -0.00151968, 0.000104675, 
107, 93778.3, -29.4901, -12.8931, -19.3301, 0.000892615, -0.000526985, -3.95332e-05, 
108, 109531, -4.18134, -6.40893, -1.55562, 0.00110985, -7.89399e-05, 0.000896392, 
109, 162559, -30.3013, -13.6155, 0.225573, 0.00135745, 0.00052174, -2.47262e-05, 
110, 104548, -20.1588, 42.5345, -41.1596, -0.00028824, -0.00107187, 0.00104547, 
111, 390486, -33.2897, 0.999908, 40.4899, 0.000829365, -0.000270628, -0.00144134, 
112, 17258.3, 2.30637, -23.9108, 20.535, -0.000336252, 0.000935223, -0.00125111, 
113, 11495, 36.813, 13.5555, -2.40081, -0.00134013, -0.000591171, 0.000324641, 
114, 198051, 24.738, 35.7007, -22.0767, -0.000346594, 0.000307496, 2.12508e-05, 
115, 43163.1, 8.45259, -22.6802, 4.61603, -0.000748386, 0.00209653, -6.28527e-05, 
116, 54122, -19.1258, 25.8617, 27.4262, -0.00117907, -0.000903184, -0.00300448, 
117, 7321.58, -19.4654, 15.4891, 19.2785, -0.000752008, 0.000930626, -0.00138434, 
118, 45671, 34.0153, 24.9569, -42.5341, -0.00078637, -0.000380417, 0.000991914, 
119, 335394, -24.9989, 28.2948, 21.1649, 0.000468598, -0.00334823, 7.32887e-05, 
120, 146744, -14.2992, -28.1384, -15.6071, 0.000150324, 0.00124757, 0.000927951, 
121, 144968, -28.3501, 28.2988, 18.3487, 0.0012009, 0.000549866, -0.00129351, 
122, 58573.5, 5.62687, 13.4826, -3.9582, -0.000852302, -0.00118706, 0.000428687, 
123, 69771.2, -11.7585, -6.71519, -21.5957, 5.73011e-05, -0.000595612, 0.0012777, 
124, 73065.8, -30.6508, 34.4632, 4.69755, 0.00136504, -0.00154867, 0.000587414, 
125, 176383, 42.2678, -0.424009, 40.6797, -0.000788617, 0.000710506, -0.000767091, 
126, 46062, 34.3826, -12.2919, -2.88375, -0.00122778, 0.000927357, 0.000523122, 
127, 56478.2, 38.3023, 31.2816, 32.2107, -0.000783367, -0.000503985, -0.00127561, 
128, 73371.6, 6.54964, 7.44336, -41.5304, -0.000230166, -0.000375976, 0.00149509, 
129, 64320, -22.1829, 29.1704, 14.4336, -0.000280079, -0.00179772, 0.00146189, 
130, 34299.5, -32.8732, -20.0886, -25.5194, 0.00388363, 0.00259143, 0.00104992, 
131, 95466.1, -15.0211, -33.7986, -14.8965, 0.000222527, 0.00213098, 3.38461e-05, 
132, 38698.9, -37.8682, -37.5659, 6.496, 0.00134032, 0.000896194, -0.000184613, 
133, 99701.7, -19.5831, 13.4754, 7.36895, -0.00274528, -8.72068e-05, -0.00052143, 
134, 390402, -7.1981, -16.4989, -4.39878, 0.000521202, 0.00113653, 0.000405559, 
135, 51660.2, 3.75621, 11.7184, 33.3571, 0.000492419, -0.00041572, -0.00171813, 
136, 67734.6, 26.0803, 41.6017, -18.4, -0.000337746, -0.00133987, -0.00179549, 
137, 2782.49, 4.78569, -3.00855, -28.629, -0.000188662, -0.000296697, 0.00127053, 
138, 74344.9, 20.1349, 23.4281, 12.7731, -0.00057848, -0.0010857, -0.000409948, 
139, 97141.8, 21.7036, -18.676, -4.58497, -0.00124773, 0.00117817, 0.000373707, 
140, 210366, -9.64271, 22.4591, -9.36595, -0.000226276, -0.00090424, 0.000767163, 
141, 40577, 1.94321, 25.5344, -4.78626, -0.000776044, -0.0011717, 0.000303562, 
142, 42182, 40.4089, 1.29951, 21.3384, -0.0016751, 0.000378889, 0.00117277, 
143, 43465.5, -23.9687, 24.0266, 22.3756, 0.00680266, 0.00223401, -0.00297417, 
144, 15541.7, -23.5594, 23.8391, 22.5328, 0.00330905, 0.00266396, 0.00441376, 
145, 77758.8, 5.90277, -10.22, -2.19686, -0.000924931, 0.000758828, 0.00127218, 
146, 59817.6, 3.96455, -15.9922, -16.4453, -0.000576594, 0.000596927, 0.00110342, 
147, 25797.1, -5.84795, -40.813, -29.7658, 5.72478e-06, 0.00145083, 0.000621039, 
148, 56695.6, 8.33617, -18.7904, 4.85421, -0.000645759, 0.00112209, -0.000465517, 
149, 5675.67, -21.1539, 22.3325, 26.7189, 0.00122044, 0.000504288, 0.000746928, 
150, 10058.9, 5.89505, -28.2964, 17.2379, -0.000452465, 0.00146363, -0.00105187, 
151, 109307, 33.4708, -30.2857, 29.7961, -0.00186569, 0.00126425, -0.000390786, 
152, 64680.1, 10.2021, 10.4115, 32.752, 0.00110051, -0.000727582, -0.00163474, 
153, 355851, 17.705, -35.7066, -32.159, -0.000616071, 0.000984193, 0.000841585, 
154, 112081, 23.9715, -9.28838, -32.0512, -0.00160076, -0.00124842, 0.00200348, 
155, 136525, 45.4191, -38.2677, -42.0153, -0.000810775, 0.000538751, 0.000621423, 
156, 24618.5, -40.8487, -18.0316, -16.9616, 0.0018193, 0.000146474, -0.00019213, 
157, 30278.3, -10.4511, 1.04227, -3.9259, 0.000607945, -0.000393603, 0.00105036, 
158, 74807.4, -37.5928, 34.7588, -37.0996, -0.00212641, -0.00315091, -0.00135372, 
159, 13757.2, -30.0175, -27.8538, 39.7493, -0.00118433, 0.000660743, -0.00211927, 
160, 30157.7, 8.20112, -8.66027, -12.5298, -0.00090526, -4.96608e-05, 0.0012458, 
161, 499913, -32.2025, -19.0263, -26.3586, 0.00043078, -9.82507e-05, 0.00115873, 
162, 243908, 2.82168, -43.4492, -44.0315, -5.11323e-05, 0.000962865, 0.00109541, 
163, 156234, -18.2262, -19.0787, 28.9644, -0.000413184, 0.000697116, -0.00151258, 
164, 180799, 25.209, 36.7897, -23.8007, -0.00100119, -0.00132789, 0.00212019, 
165, 449860, -23.4566, 14.4948, 5.99434, 0.000329607, 0.00061051, 0.0013851, 
166, 12627.8, 8.7015, 37.266, 41.33, -0.000314186, -0.000360623, -0.000606355, 
167, 72413.6, 40.6955, -36.1027, -10.9634, -0.00124859, 0.000817181, 8.92233e-05, 
168, 123248, -9.26709, 35.6664, 22.9548, -0.000983063, -0.000950651, -0.00206544, 
169, 19058.1, 36.6201, -32.1207, -8.09445, -0.000865932, 0.000747387, -0.000240798, 
170, 37240.7, 9.79191, -16.3354, 35.7149, -0.000315444, 0.000555749, -0.00129939, 
171, 10520.8, 31.6533, -22.7785, -14.4248, -0.00180762, 0.00112385, 0.000312668, 
172, 66867.4, -25.1972, -12.3117, 25.5295, 0.000645072, -0.000343491, -0.00177293, 
173, 286204, -29.844, 37.7825, 24.7055, 0.00140995, -0.00216382, -0.00128788, 
174, 7121.25, -16.7513, -6.28317, 23.2656, -0.000419318, -0.000794857, -0.000663952, 
175, 44439.5, 4.96661, 8.37136, -3.34664, -0.000902564, -0.000666035, 0.000718572, 
176, 95063.2, -7.8784, 20.6897, 14.3786, -0.00114707, -0.000605668, -0.000513764, 
177, 172893, -11.5785, 34.2518, -19.5917, -1.70508e-05, -0.00143481, 0.000967899, 
178, 46650.2, 39.6191, -34.1831, 24.1442, -0.00124424, 0.00113539, 2.90452e-05, 
179, 38532.6, -35.5039, 37.2607, -26.783, 0.000885058, -0.00120746, -0.000810995, 
180, 32991.6, -28.7532, -25.8406, 18.0069, 0.00123464, 0.000939143, -7.39616e-05, 
181, 177479, -38.2249, 36.0562, -35.3089, 0.000747527, 0.000501294, -0.00151634, 
182, 87.2575, 25.5247, 37.3164, -25.9764, -0.00135246, -0.00193162, 0.00333135, 
183, 128620, 5.05381, 0.393054, -31.3698, -0.000164815, -0.000228382, 0.00115727, 
184, 162169, 36.9254, -5.46425, 2.6263, -0.00168618, 6.65336e-06, 0.000659939, 
185, 20340.7, 0.684405, -5.29385, 2.20016, -0.00120747, -0.00344415, -0.00355862, 
186, 53688.5, 0.812383, 21.4483, -41.8495, -0.000169772, -0.000478995, 0.00120863, 
187, 29804.3, -20.1482, -20.559, 9.42915, 0.000826346, 0.000862412, -3.3868e-05, 
188, 354857, 25.4951, -6.21386, -35.3238, -0.000717179, 0.000239589, 0.000874122, 
189, 50155.5, 22.3816, 40.8114, -41.2376, -0.000674661, -0.000733934, 0.00101689, 
190, 7112.4, -24.0287, 30.1351, 18.211, 0.00164843, -0.0011138, -0.00146378, 
191, 126540, -40.304, -27.0774, -27.0118, 0.00157669, 0.00297014, 0.000288066, 
192, 354318, -38.0745, 36.0245, -36.6605, 0.000643319, -0.000354988, 0.0032222, 
193, 107194, 9.92591, 41.1074, 45.3696, -0.000340386, -0.000861057, -0.00103099, 
194, 224461, 29.9163, -28.8659, 30.702, -7.80269e-06, 0.000715597, -0.000989717, 
195, 635832, -23.2743, 24.1546, 22.1319, 0.000165673, 8.24792e-05, -0.00163582, 
196, 66151.1, 5.79609, -34.1875, -21.0593, -0.000229129, 0.00120398, 0.00044572, 
197, 47866.1, -13.9885, -25.4717, -14.2525, 0.000955487, -4.22221e-05, -1.39811e-05, 
198, 66662.6, 23.9955, 23.566, 0.369467, -0.00092982, -0.000779675, 0.000238169, 
199, 70426.5, -25.5239, 32.3398, -0.269099, 0.00061572, -0.00147969, 0.0009764, 
