ID, Mass [kg], pos_0 [m], pos_1 [m], pos_2 [m], vel_0 [m/s], vel_1 [m/s], vel_2 [m/s], 
0, 266668, 5.99029, -11.4404, -9.20613, -0.000129044, 0.00139783, 0.000346854, 
1, 88936.2, 10.8485, -15.4175, -18.1035, -0.000851027, 0.00116563, 0.0011969, 
2, 157943, -11.7289, -12.389, 13.5632, 9.73375e-05, 0.00189577, 0.00028198, 
3, 169378, -4.86763, -3.80226, -17.1546, 0.000441943, -0.000122542, 0.00168828, 
4, 52366.8, -18.2039, -3.89549, 17.9858, 0.00159832, -0.000528295, -0.00136732, 
5, 13155.9, -12.6352, -15.5068, 12.4912, 0.00111446, 0.00250711, 0.000428302, 
6, 92017.3, 0.641804, -10.7956, 0.259026, -0.00157105, 0.0019637, 0.000937511, 
7, 28783.3, -6.17644, 16.3381, 5.5951, 0.000553091, -0.00193736, 2.20302e-05, 
8, 28069.8, -9.98741, 16.2546, -10.9508, 8.51439e-05, -0.00170857, 0.000914543, 
9, 332411, 15.5614, -15.7581, 17.1833, -0.000789369, 0.000558132, -0.000655822, 
10, 147602, -10.7682, -5.39525, 6.71803, -0.000419039, 0.00146242, -0.00130234, 
11, 126955, -15.4417, 14.928, 7.06216, 0.00105527, -0.00114806, -4.52164e-05, 
12, 8145.24, 7.46596, 2.63888, 15.3608, -0.00156579, -0.000608961, -0.00119919, 
13, 75407.3, -13.2419, -9.61848, 16.0911, -0.00107023, 0.000338101, -0.000820336, 
14, 60007.4, -18.7786, 10.6595, 1.9194, 0.00144238, -0.00068663, 0.000136079, 
15, 37540.7, -17.1964, 17.4609, -13.5467, -0.000157302, -0.00316832, 0.000720778, 
16, 22790, 8.23325, -0.190196, -12.7315, -0.000852477, -0.000929735, 0.00113745, 
17, 20769.2, -2.78828, 1.86648, -5.9308, -0.000262809, 0.00048684, 0.00157558, 
18, 211002, -16.3928, -14.577, 3.0712, 0.00106696, 0.00115357, 0.000407045, 
19, 150055, -11.0938, -13.021, 12.253, 0.000666639, 0.00133302, -0.000842703, 
20, 5236, -7.63183, 12.7278, 0.068315, 0.000959882, -0.00113411, -2.12848e-05, 
21, 271282, -5.95172, -0.203516, 12.4158, 0.000300695, 0.000398982, -0.0010452, 
22, 49300.1, 6.76071, 17.2646, -10.3915, -0.00117239, -0.000704496, 0.000563728, 
23, 117718, 17.4837, 4.75757, -3.66885, -0.00281248, 0.00125133, -0.000521818, 
24, 83176.3, 12.6235, -15.9192, 1.02781, -0.00142992, 0.00130859, -0.000472901, 
25, 16921.9, -12.7104, -5.7432, 10.7121, 9.39964e-05, -0.000362637, -0.00128694, 
26, 8127.9, -4.42609, -3.76502, -17.5064, 0.00271214, 5.05186e-05, 1.325e-05, 
27, 117537, -1.9644, -4.26132, -12.4819, 0.000599416, -0.000559858, 0.000380047, 
28, 74393.9, -4.06403, 3.38491, -4.10052, 0.00121911, 0.000981601, 0.00173219, 
29, 57188.8, 2.41499, -12.4495, -0.326306, 0.001103, -0.000715536, -0.000248731, 
30, 27579, 1.42593, -12.007, 10.709, -0.00089639, 0.000979765, -0.00090772, 
31, 8833.03, -4.9715, 2.57272, 14.3093, 0.000102267, -0.000887098, -0.00167584, 
32, 127385, 4.98372, 18.6596, -11.2333, -0.000305561, -0.00138041, 0.00112882, 
33, 26112.7, -7.53745, 6.55076, 2.26164, 0.0013931, -0.000883045, 0.000520956, 
34, 25816.1, -18.9312, 8.56954, -12.5238, 0.00133986, 0.000210204, 0.000647456, 
35, 196477, -0.983292, 1.00412, 7.65436, -0.00132763, 0.000764342, -0.000468779, 
36, 134895, 6.37492, -5.09993, 15.2642, -0.0011969, 0.000718441, -0.0014394, 
37, 90647, -2.3203, 10.8812, 5.08837, -0.0002807, -0.00201047, 0.000132559, 
38, 70759, -2.9138, 6.43389, 13.208, -0.0010166, -0.000792697, -0.0016393, 
39, 13187.3, -0.863865, 11.0747, 3.22772, -0.00110763, -0.00148997, 0.000592013, 
40, 33368, 12.4695, -13.6467, -4.37996, -0.00151569, 0.00060041, -0.000249487, 
41, 134346, 2.58858, -7.48375, -0.997523, -0.00018227, -0.000879642, -0.000225394, 
42, 105929, 2.36678, 7.26454, 1.31079, -0.00131215, -0.000750994, 0.00033303, 
43, 83973.3, -16.2498, 1.81636, 8.3798, 0.00265464, -0.00173207, -3.74165e-05, 
44, 3121.57, -11.8109, -5.75496, 15.4481, 0.000654509, -0.00107168, -0.00067986, 
45, 27466.3, -18.0434, -15.9199, 4.94614, 0.00177734, 0.00161817, -0.000480908, 
46, 38628.7, 11.8628, -16.9966, 12.5533, -0.000540853, 0.00100275, -0.000274449, 
47, 41308, 5.25054, -5.48737, -3.2372, -0.00140896, 0.000481507, 0.0019981, 
48, 127460, -2.55988, -14.0307, 7.2128, -0.00046931, 0.00238769, -0.00121483, 
49, 499917, -17.9251, 15.2987, -13.4575, 0.000973613, -0.000597957, 0.000710708, 
50, 18781.7, -2.62201, 11.3557, 4.55894, -0.000661885, -0.000905643, -0.000830522, 
51, 41104.5, 1.46997, -4.26179, -15.3298, -5.18328e-05, -0.000736474, 0.00146662, 
52, 171754, -6.33682, 13.2582, 10.755, 0.00148188, -0.00103335, -0.000633876, 
53, 188750, 9.23451, -9.53097, -13.0002, -0.00255511, 0.000958133, 0.00187673, 
54, 188123, -10.6831, -9.78837, -12.9184, 0.000873923, 0.000471044, 0.00118243, 
55, 5496, -2.47763, 15.9855, -7.95291, 0.000594603, -0.00137143, 0.00131463, 
56, 314149, 1.25754, 16.1618, -6.24295, -0.000506983, -0.00123196, 0.000845557, 
57, 286386, -1.57522, -15.5157, 18.7865, -0.000447034, 0.000985135, -0.00116604, 
58, 3262.44, -17.9895, 3.03025, 15.9569, 0.00158599, -0.000632676, -0.00127467, 
59, 498.907, 18.2331, 17.4181, -16.022, -0.00100575, -0.000415066, 0.000698462, 
60, 10715.1, -16.6471, -6.26801, 10.3449, 0.00396005, -0.000312909, -0.000496298, 
61, 28147, 18.7178, -6.39802, -15.9103, -0.00131759, 1.80488e-05, 0.000764939, 
62, 126417, 12.629, -15.4679, -6.75023, -0.00132588, 0.00135325, 0.000439011, 
63, 304337, -13.7694, -18.0999, 16.3153, 0.00067354, 0.00170362, -0.000880053, 
64, 73901.1, 3.142, 3.55363, 13.5083, -0.00161127, -0.000746465, -0.000765924, 
65, 141050, 8.22063, -5.77645, -11.3663, -0.000900837, -0.00141839, 0.000843542, 
66, 71538.3, -1.70693, 6.31379, -8.15836, -0.000394838, -0.000629168, 0.00146074, 
67, 43197.3, 10.2896, -5.21013, -7.83631, -0.00176476, -0.000611624, 6.25608e-05, 
68, 292601, 5.23152, -8.51438, -17.3753, -0.00178839, -0.00116411, 0.00112746, 
69, 23084.1, 10.8851, 6.92959, -5.20063, -0.00108739, -0.000928129, 0.000444927, 
70, 7607.71, -16.0286, 2.06601, 7.88415, 0.00143448, -0.000270306, -2.00845e-05, 
71, 13540.8, 0.935455, -6.21491, 13.4883, -0.000694008, 0.000783278, -0.000545891, 
72, 72502.9, 7.604, 13.0794, 7.47384, -0.00124436, -0.000960522, -0.000747827, 
73, 55178.4, -11.5841, -6.34813, 16.1265, -0.000109014, -0.00054768, -0.00168217, 
74, 138200, 6.225, 14.8642, 1.31726, -0.00151769, -0.000906432, -0.000482504, 
75, 441048, -3.20965, 5.11513, 5.772, -0.000907435, -0.00189095, 5.72817e-05, 
76, 104741, 1.0858, 17.0004, 7.23719, -0.000717941, -0.00170092, -0.000507206, 
77, 235448, -4.55283, 14.4627, 10.615, -0.000798394, -0.00218159, -0.000732977, 
78, 56549.9, -8.04098, -8.72023, 6.53092, -0.000416031, 0.00138142, 0.000212226, 
79, 18431.9, 4.15596, -17.2805, 0.282462, -0.00039464, 0.00223196, -0.00011466, 
80, 174616, -7.98697, -10.6356, 14.1716, -0.000865969, 0.000631801, -0.00122489, 
81, 162861, -3.74478, 4.31575, 5.44933, 0.00190921, 0.00238555, 0.00132435, 
82, 32822.2, 17.2305, 19.4139, 19.3638, -0.000548035, -0.000509954, -0.000460558, 
83, 36038, 6.65314, -11.4405, 1.49526, 0.000942224, -0.000329154, -0.000648929, 
84, 151751, -5.81914, 8.38104, -3.9229, 0.000612475, -0.00100632, 0.000839579, 
85, 1755.34, 18.8111, 5.90432, 6.12784, -0.00129051, -0.000398333, -0.000367714, 
86, 125093, -19.0403, -12.0138, -17.7421, 0.0008868, 0.000497712, 0.000902366, 
87, 62753.9, -12.2661, 3.806, 17.3858, 0.00209031, -0.000588906, -0.0014718, 
88, 104089, -3.82606, 1.01654, 15.5392, -0.000418742, 7.37624e-05, -0.00229473, 
89, 74659.5, -11.4047, -7.34397, 6.00061, 0.00113582, 0.00213777, 0.00101398, 
90, 54457.8, -0.810321, 15.8769, -3.61856, 0.0003209, -0.0013504, 0.000328354, 
91, 250388, -16.7453, 0.454318, 10.5749, 0.00189102, -0.000304262, -0.00110858, 
92, 9592.63, 3.82612, 10.0211, -14.2154, -0.000459502, -0.0006378, 0.00120685, 
93, 51769.5, 9.75165, 3.67153, -16.654, -0.000778049, -0.000590365, 0.00116636, 
94, 88315.6, 16.9745, -18.5277, -3.67275, -0.00126296, 0.001071, 5.26319e-05, 
95, 44569.9, -3.67719, 5.00575, 7.58367, 0.00191731, -0.000187588, -0.00203769, 
96, 55054.8, 2.41668, -12.2311, -0.0719227, 0.00170477, -0.000308572, 0.00146637, 
97, 6549.1, 10.8569, -5.01222, -2.55643, -0.00180572, 1.89134e-05, -0.000341858, 
98, 176773, 5.44707, -5.93885, -4.04263, -0.000734298, -0.000515459, -4.06196e-05, 
99, 4096.57, -14.6646, -5.41742, -8.68468, 0.00118654, -0.000717066, 0.00124847, 
100, 283032, -15.0279, -6.87439, 10.0653, 0.00184719, 0.000504928, -0.000187895, 
101, 15065.6, -11.5747, -2.58501, -16.6278, 0.000928302, -0.000131391, 0.0012066, 
102, 33276.8, 15.4525, 14.3449, -8.48971, -0.00135572, -0.000752053, 0.000176545, 
103, 12989.8, 16.3779, -7.86062, -18.6185, -0.0011954, 0.00013896, 0.00111766, 
104, 26736.4, -1.5506, -2.83667, 9.99262, -0.000694182, 0.00110376, -0.000723993, 
105, 201331, 9.01855, -8.86022, -10.5232, -0.00180193, 0.000221612, -0.000366567, 
106, 153368, 8.32296, 2.31965, -5.22112, -0.000937011, -0.000911481, 0.000818345, 
107, 15450.3, -4.9738, 14.2145, -9.98746, -4.00125e-05, -0.00116171, 0.0012367, 
108, 669.306, 2.05438, -11.5008, 4.89703, -0.000559341, 0.00094601, -0.00123614, 
109, 16366.5, 10.374, -12.3134, 11.5301, -0.000886739, 0.000625699, -0.000612126, 
110, 76031.2, 7.80971, 18.328, 1.94064, -0.00114552, -0.00186171, -0.000351994, 
111, 6213.7, -13.745, -8.24698, -8.26105, 0.00201682, 0.00102691, -0.000504437, 
112, 161030, 13.5105, -0.919513, 10.7876, -0.00134401, -0.000146144, -0.000477659, 
113, 103552, 1.87034, 4.57645, 16.5273, -0.00106255, -0.00105641, -0.0019304, 
114, 105761, -2.38364, -14.642, 7.73585, -3.8662e-05, 0.000288927, 0.000650675, 
115, 3988.7, -3.39108, -18.3128, 13.2013, -0.000304835, 0.00171771, -0.000590148, 
116, 95735.7, -15.5829, 1.71156, 7.66138, 0.000580986, -0.00063028, 0.00133147, 
117, 112453, -11.7763, -3.41537, -0.939877, 0.00284505, 0.000842222, 6.55614e-05, 
118, 30694.8, -14.886, -17.7276, -5.0298, 0.000792411, 0.0013048, 0.000388683, 
119, 36195, 6.12049, 14.7238, 1.33977, 0.0014404, -0.000146016, 0.000841754, 
120, 18641.6, -1.06611, 15.5076, -2.25898, -0.000561018, -0.000442233, -0.000419106, 
121, 9923.13, -2.30444, 4.35291, 9.56831, -0.00190836, 2.0319e-05, -0.00173604, 
122, 10388.6, -16.3588, 2.5319, -2.05668, 0.00156532, -0.00038408, 0.000582558, 
123, 6088.92, 5.74872, 9.84482, -17.8392, -0.000450197, -0.000597246, 0.00120749, 
124, 57978.1, -16.793, -6.00102, -15.841, 0.00104282, -3.50052e-05, 0.00106197, 
125, 28974.4, 8.87856, -15.0458, -8.23808, -0.000824538, 0.00206145, 0.000470668, 
126, 149499, 17.2507, 4.98871, -3.75282, -0.000262142, -0.00175802, 0.000658695, 
127, 156428, -12.4254, 9.97005, -11.7617, 0.000817969, -8.19635e-06, 0.00108969, 
128, 11817, -3.8964, 5.2996, 6.41779, -0.00368552, -0.00202466, 0.00302021, 
129, 241608, -9.5886, 3.57264, 17.5432, 0.000489345, -0.000371952, -0.00193239, 
130, 83899.8, 15.3114, -5.78405, -6.39647, -0.00184327, 6.69718e-06, 0.000180525, 
131, 161283, -11.197, -3.11081, -1.24334, -0.000292667, -0.000448729, 0.00135566, 
132, 170745, -5.21188, 15.5933, -0.61626, 0.000592558, -0.00163074, 0.000134786, 
133, 354581, -14.7083, -8.8409, -6.99584, 0.00119522, 0.0005566, 0.000607931, 
134, 115421, 17.4798, -2.83711, 16.4747, -0.00113409, -2.89654e-06, -0.000790311, 
135, 65429.1, 6.7238, 5.93676, 6.65068, -0.00153045, -0.000597848, -0.000458613, 
136, 868.309, 9.00515, -9.42629, -12.342, -0.00357421, -8.45071e-06, -0.00043187, 
137, 4759.2, -15.4584, -0.146694, -1.64145, 0.00175792, -0.00040218, 0.000669108, 
138, 8998.31, -4.94646, 13.0386, 13.8495, -0.000234899, -0.00148205, -0.0021535, 
139, 37395.4, -10.0063, -15.9668, -8.96892, 0.000747453, 0.0014887, 0.000405954, 
140, 181316, 11.6335, 14.1278, -10.8221, -0.000900754, -0.000655896, 0.000723182, 
141, 139423, -2.43396, 5.21681, -16.1424, -7.57085e-05, -0.000554137, 0.00139649, 
142, 47155.6, 4.05971, -13.7497, -8.58354, 0.000513983, 0.00249989, 0.000442765, 
143, 320658, -4.28849, -13.1661, -12.4849, 0.000964042, 0.000808667, 0.000953617, 
144, 22569.4, 17.3252, -10.1882, -3.43716, -0.00169662, 0.000377625, -7.28288e-05, 
145, 17996.4, 17.2015, 6.38055, 16.1162, -0.000985663, -0.000471664, -0.000664332, 
146, 85832.2, 7.92847, -9.5087, -12.932, 0.000598299, 0.00145553, 0.00131038, 
147, 187866, -11.8226, 10.8192, -2.65956, 0.00121954, -0.000873945, 0.000254688, 
148, 48707.3, -3.4473, 3.22825, 5.86152, 0.00100722, 0.00202725, 0.00071922, 
149, 31339.9, 0.609735, -6.46598, 14.6075, -0.000460714, 0.000838893, -0.00148575, 
150, 43750.7, -12.2103, -9.84046, 10.3731, 0.000635448, 0.00109551, 0.00029825, 
151, 243138, -10.9887, -4.49151, 5.94527, 0.00104056, -0.000803516, 0.00113489, 
152, 14872.6, -5.93197, 8.67064, 14.4149, 0.000139358, -0.00315707, -0.00227695, 
153, 28768.5, -14.7433, 7.63049, -14.0677, 0.00107615, 0.000304422, 0.0013424, 
154, 44811.9, -10.5851, 6.06438, 7.17179, 0.00139023, -0.000961172, -8.81792e-05, 
155, 235285, 5.73053, -7.99992, -17.2041, 0.00180545, 0.00190987, 0.00314272, 
156, 118566, -12.1896, 10.3434, 14.5921, 0.000628285, -0.00155736, -0.00128144, 
157, 1429.46, -3.13995, -11.9099, -12.1707, 0.00198861, 0.0030431, 0.00139479, 
158, 61874.8, -8.86601, 6.94231, -14.5482, 0.00031722, -0.000203302, 0.00142969, 
159, 547423, -15.3823, -9.57207, 17.43, 0.00148504, 0.000460662, -0.0016701, 
160, 16024.9, 11.5964, -15.5681, -0.832922, -0.000961717, 0.00143666, 0.000345958, 
161, 59294.4, -6.6804, -17.084, 8.60581, 0.000244522, 0.0019428, -8.33338e-05, 
162, 34022.8, -14.383, -1.81709, 8.65693, 0.00117864, -0.000101125, -6.85675e-05, 
163, 51310.5, -1.51459, 16.4403, -1.66134, -0.000197676, -0.00216305, -0.00043572, 
164, 125646, -18.4692, 16.3231, 12.5534, 0.00113219, -0.000909968, -0.000471423, 
165, 38198.4, 7.04478, 16.1168, 0.569135, -0.00157231, -0.00194025, 0.00105397, 
166, 175587, -10.2358, 12.3408, -9.89711, 0.000164374, -0.00106996, 0.000686386, 
167, 33247.4, -17.8369, -16.1666, -11.5263, 0.000961437, 0.00100008, 0.0006009, 
168, 39322.1, -12.3761, 10.1776, 14.5725, 0.00287919, 0.000439242, -0.000435979, 
169, 42408.8, 6.84051, -8.12482, -13.7581, 0.000227744, -0.000722953, 0.000768496, 
170, 165238, -5.9973, 7.68882, 14.2149, 0.00052599, -0.000891517, -0.00155205, 
171, 133165, 1.15257, -11.1004, -1.41117, -0.000116061, 0.00183298, -0.000523787, 
172, 17222.9, -12.8866, 18.2414, -8.44299, 0.000506232, -0.00152914, 0.000179, 
173, 19550, -2.89823, 12.46, -6.5793, 6.95364e-05, -0.000858665, 0.00111914, 
174, 2321.65, 14.1721, 0.927167, -2.55605, -0.00147301, -2.17826e-05, -0.000166736, 
175, 266285, 7.90845, -11.7754, 1.48106, -0.00153737, 0.00108191, -0.00108697, 
176, 51769.7, -16.8989, 18.7264, 15.6688, 0.000644554, -0.00118908, -0.000894617, 
177, 2547.76, 9.22336, 13.5661, -6.50448, -0.000946615, -0.000730705, 0.000193689, 
178, 33600.1, 6.10188, -1.05071, 17.0377, -0.00133926, -0.000213947, -0.00181207, 
179, 95862, 4.25015, -2.24975, 13.9081, -0.000899912, 0.00018861, -0.000930944, 
180, 231629, 2.39194, -10.5636, -0.653835, 0.000557601, 0.00176282, -0.000326193, 
181, 48845.6, -1.4492, -4.82104, -13.1606, -0.000386804, 0.000794739, 0.00191014, 
182, 63218.1, 7.41868, -12.0011, 2.84653, -0.00226075, 0.000819501, 0.000847395, 
183, 250917, -3.17261, 4.62874, -3.05007, -0.000421919, -0.00047493, 0.000570368, 
184, 4676.91, -5.69745, 0.721548, -0.995598, 0.000532938, 0.000400211, 0.000605709, 
185, 14.7536, -9.92474, 16.4383, -14.6724, -3.72681e-05, -0.00114684, 0.0013017, 
186, 1700.44, -16.0853, 8.55814, -8.23619, 0.00140492, -6.77104e-05, 0.000312244, 
187, 132400, -3.97891, -13.3434, -12.4699, -0.00107124, 0.00201125, 0.000851183, 
188, 31027.4, 6.16187, -5.26812, 12.9959, -0.00116803, 0.000874431, 2.82667e-05, 
189, 137319, 8.66454, -0.0463707, -2.87715, -0.00131539, -0.000211837, -0.000330945, 
190, 22200.4, -9.0399, -1.01423, -18.4288, 0.000798123, -0.00031776, 0.00146232, 
191, 36036.5, 16.3373, 18.3437, -15.1917, -0.000759743, -0.000695257, 0.000644057, 
192, 105589, -7.8229, 18.0772, 16.8446, 0.000240354, -0.00139499, -0.00114448, 
193, 42408.1, 6.28743, -1.17146, 11.498, -0.00154443, -0.000143478, -0.000315092, 
194, 8889.27, -0.357969, -10.0108, 10.5856, -0.000612628, 0.000658418, -0.000823403, 
195, 67618.7, -2.77657, 9.26964, 14.7633, -0.000992594, -0.00157715, -0.00188257, 
196, 139645, 1.19758, 0.993801, 15.7891, -0.000800981, 0.000155903, -0.00177296, 
197, 16526.9, -15.397, -2.541, -7.267, 0.00136732, -0.000381524, 0.000884552, 
198, 18896.2, 15.5091, 8.05325, 5.00964, -0.0012824, -0.000591844, -0.0003745, 
199, 122718, -3.5935, 5.44653, 9.39075, -0.000203482, -0.00108046, -0.00194409, 
