ID, Mass [kg], pos_0 [m], pos_1 [m], pos_2 [m], vel_0 [m/s], vel_1 [m/s], vel_2 [m/s], 
0, 95329.2, 101.594, 76.7283, -172.916, -1.21822e-08, -4.33586e-08, 1.06088e-07, 
1, 13747.4, -153.148, 133.394, 28.6128, 4.89951e-08, -4.27883e-08, -6.80322e-09, 
2, 105644, 20.1589, 169.12, 186.42, 5.02024e-09, -6.04195e-08, -8.03817e-08, 
3, 120313, 145.022, 157.467, -92.0773, -3.72651e-08, -7.48245e-08, 1.68211e-08, 
4, 121946, 56.251, -11.1039, -55.5187, -2.4187e-09, -4.19827e-09, 8.25418e-08, 
5, 84929.8, -65.5023, 99.1374, -161.127, 6.42737e-08, -6.10893e-09, 5.62514e-08, 
6, 16273.4, -97.0522, 130.939, -172.627, 3.35441e-08, -3.52924e-08, 1.26767e-07, 
7, 322307, -121.86, 186.703, -165.577, 2.84281e-08, -6.72714e-08, 4.4956e-08, 
8, 25062.3, 150.582, 55.9137, -33.4253, -1.10829e-07, -6.16915e-08, 2.51111e-08, 
9, 67230.2, -4.6956, -117.595, 53.2628, -6.45111e-09, 5.39158e-08, -3.07276e-08, 
10, 212580, -33.6626, 199.867, 82.4398, 1.83417e-08, -1.33914e-07, -2.32552e-08, 
11, 20204.9, -101.434, -25.2497, 171.406, -5.49648e-09, 2.69535e-08, -6.7382e-08, 
12, 50115.3, -56.0614, 17.9955, -111.845, 4.53389e-08, -9.57576e-09, 4.96715e-08, 
13, 51641.1, 183.416, 84.2775, 102.119, -8.05253e-08, -3.91192e-08, -5.15354e-08, 
14, 45937, 142.546, 188.479, -153.005, -9.33763e-09, -9.66659e-08, 5.09811e-08, 
15, 221183, 183.656, -60.5792, -116.829, -8.89315e-08, 1.44612e-08, 5.46352e-08, 
16, 60635, 101.72, 180.552, -146.318, -1.16799e-08, -6.66552e-08, 4.14395e-08, 
17, 9799.34, 18.6112, -126.562, 61.0263, 1.81058e-08, 9.54739e-08, 1.9092e-08, 
18, 11741.2, 57.1457, -23.5006, -51.2476, -1.31092e-08, 1.05037e-07, 5.37602e-08, 
19, 116366, -146.442, 145.095, 173.158, 6.1357e-08, -2.97251e-08, -4.13186e-08, 
20, 33913, -16.5091, 98.872, -92.4824, 2.5357e-08, -3.76272e-08, 2.94965e-08, 
21, 4801.24, 199.659, 34.2424, -186.915, -6.88971e-08, 2.46775e-09, 6.8037e-08, 
22, 5283.13, -11.5193, 19.42, -52.439, 3.09546e-08, 8.44397e-10, 5.62245e-09, 
23, 24437.7, 165.103, 151.839, -22.4568, -4.94716e-08, -8.04767e-08, 2.27098e-08, 
24, 111981, 1.20014, 165.826, 169.399, 2.76945e-08, -6.66104e-08, -6.72874e-08, 
25, 29128.5, 26.1227, 32.3097, 84.0151, -9.50769e-09, -2.96347e-08, -4.03088e-08, 
26, 33011.8, -158.524, 176.665, 95.4564, 4.87464e-08, -6.87941e-08, -2.54749e-08, 
27, 93749.5, -86.3288, 193.514, 67.8063, 5.02103e-08, -8.9283e-08, -7.53184e-09, 
28, 46572.1, -80.9329, 19.8099, -106.423, 2.70484e-08, -8.63275e-09, 5.36666e-08, 
29, 79659.4, -110.165, -113.692, 14.4875, 5.53875e-08, 3.48478e-08, -1.06112e-08, 
30, 186600, 86.1757, -156.697, -61.8767, -3.48133e-08, 7.90028e-08, 1.40362e-08, 
31, 48750.3, 25.3508, 137.499, -145.933, -2.30249e-08, -6.12519e-08, 5.65558e-08, 
32, 15194.6, -64.9974, 92.9953, -110.899, 4.31824e-08, -2.09764e-08, 3.55602e-08, 
33, 31488.7, -102.032, 114.428, 70.6567, 6.10455e-08, -2.05421e-08, -1.64066e-09, 
34, 14621.3, 56.1719, 7.14111, 113.382, -2.57109e-08, -7.07614e-09, -7.34104e-08, 
35, 29790.1, -175.035, -7.23374, -107.894, 7.56397e-08, -1.62986e-08, 1.32065e-08, 
36, 64601, 15.1655, 72.7695, -122.889, 1.06087e-08, -7.12079e-08, 3.8613e-08, 
37, 79120.6, -120.178, 117.539, 179.854, 2.15664e-08, -2.6722e-08, -7.13552e-08, 
38, 15284.9, -20.339, 75.6983, 104.037, 2.03597e-08, -5.37682e-08, -5.97563e-08, 
39, 3122.57, 81.1169, -3.26067, 23.9167, -3.44475e-08, 6.33568e-09, -1.98083e-08, 
40, 272380, -135.878, 158.742, 186.633, 2.82084e-08, -5.76283e-08, -6.76502e-08, 
41, 113379, -166.175, 150.817, 20.9176, 5.88449e-08, -5.70844e-08, 2.24991e-10, 
42, 82120.1, -187.306, -150.345, 144.412, 8.39355e-08, 3.58285e-08, -2.4426e-08, 
43, 135907, 120.193, 160.9, -26.1654, -5.0692e-08, -8.05976e-08, 1.50697e-08, 
44, 60990.6, -51.5939, -156.273, -25.1128, 4.15102e-08, 6.49453e-08, 1.54583e-08, 
45, 52070, -199.268, -57.7358, -27.6998, 8.92988e-08, 1.96795e-08, -1.15571e-09, 
46, 86819.5, 183.307, -27.0522, -32.4381, -1.03373e-07, 5.92973e-09, 1.17866e-08, 
47, 1546.09, 14.9397, -28.7392, 191.248, -6.59881e-10, 3.15396e-08, -1.13616e-07, 
48, 138474, 130.899, -34.6592, -138.162, -6.25993e-08, 9.26944e-09, 8.64108e-08, 
49, 197785, -193.039, 89.8545, 168.946, 6.99879e-08, -2.18611e-08, -4.87596e-08, 
50, 86503.7, 9.10071, 98.8416, -191.518, -7.50841e-09, -1.92052e-08, 9.42482e-08, 
51, 61096, 99.6444, -124.302, 23.1974, -2.81589e-08, 7.17049e-08, -2.59177e-08, 
52, 293262, 123.946, 171.54, 101.858, 1.9201e-08, -4.30724e-08, -6.56266e-09, 
53, 53678.9, -1.69781, 56.3478, 106.094, 6.8099e-09, -3.30622e-08, -5.75334e-08, 
54, 253984, -119.522, -24.6161, 176.025, 4.25802e-08, 1.18346e-08, -7.71513e-08, 
55, 16299.7, -95.9293, -145.753, -48.9835, 2.48835e-08, 6.39094e-08, -2.09525e-08, 
56, 49961.8, 126.582, -39.0839, -25.2272, -5.32203e-08, 7.14238e-09, 2.48894e-09, 
57, 30433.4, 44.1695, 129.92, 174.285, 3.1546e-10, -3.50568e-08, -7.70191e-08, 
58, 177533, 69.6956, -69.3358, -12.8634, 1.30152e-08, 4.55999e-08, -8.89451e-09, 
59, 114040, -179.414, -152.317, -8.09152, 8.01197e-08, 6.58476e-08, -3.58207e-09, 
60, 55006.9, -159.571, -194.444, 135.854, 2.67134e-08, 6.49918e-08, -1.70727e-08, 
61, 126179, -171.505, 199.128, -144.668, 5.55915e-08, -5.60234e-08, 2.70187e-08, 
62, 105907, -134.272, 194.786, -38.1749, 5.26249e-08, -6.74714e-08, -4.50147e-09, 
63, 288098, 5.96788, -62.8807, -76.9518, 2.671e-08, 4.67288e-08, 1.73408e-08, 
64, 121297, -176.656, -43.9721, -52.1456, 4.48778e-08, -5.9426e-08, -8.70226e-08, 
65, 197626, -83.0263, 123.182, -26.9267, 4.5556e-08, -5.15933e-08, 1.23652e-09, 
66, 191625, 62.0023, 186.073, 29.2487, -2.44716e-08, -9.58414e-08, 3.60073e-09, 
67, 19761.3, -64.8566, 109.049, 48.5231, 4.05652e-08, -2.27818e-08, -1.70487e-08, 
68, 104350, -71.21, -52.0625, -105.734, 4.01442e-08, 1.23933e-08, 2.90668e-08, 
69, 12575.5, 139.043, 90.3287, -137.794, -4.39937e-08, -3.25623e-08, 4.30188e-08, 
70, 394212, -199.414, 103.241, 16.2893, 8.28952e-08, -2.44109e-08, -4.83846e-09, 
71, 24836.2, 65.0966, 195.764, 89.977, -2.67222e-08, -1.08556e-07, -2.8683e-08, 
72, 47278.1, 138.732, -86.5469, 68.2877, -5.84459e-08, 3.88008e-08, -3.42501e-08, 
73, 20659.5, 78.8628, 71.0652, 107.895, -2.45836e-09, -1.64788e-08, -5.83795e-08, 
74, 215318, 186.164, 15.5353, -98.2604, -1.71443e-07, 8.02243e-08, 5.95917e-08, 
75, 127956, 72.8773, -29.1556, 98.6789, -4.84043e-08, 2.15548e-08, -3.97928e-08, 
76, 95149, 25.8444, 164.443, 68.8242, 1.22971e-09, -5.57864e-08, -9.47726e-09, 
77, 307387, -152.538, 103.259, 157.349, 4.45302e-08, -2.05433e-08, -5.56573e-08, 
78, 5403.02, 78.6899, 17.2814, -33.5147, -3.58233e-08, -3.78206e-08, 1.9114e-08, 
79, 26526.2, 56.1178, 180.271, -98.5734, -1.12661e-08, -5.9971e-08, 2.70709e-08, 
80, 1687.34, 189.212, 29.3131, -179.947, -6.86864e-08, 8.10656e-09, 7.52163e-08, 
81, 115065, 187.36, -182.813, -147.883, -4.81324e-08, 5.04089e-08, -6.02851e-09, 
82, 350398, -25.8722, 20.4403, 66.0783, 2.94634e-08, -2.76362e-08, -1.7153e-08, 
83, 503546, 192.827, 36.7543, 63.4328, -2.35651e-09, 1.58629e-07, 4.52902e-09, 
84, 231492, -103.314, -127.113, -20.6419, 2.49928e-08, 5.23126e-08, 8.71199e-10, 
85, 63800.4, -99.2458, -103.41, 91.2052, 4.6999e-08, 7.05372e-08, -3.47056e-08, 
86, 16211.6, -192.454, 166.827, 113.519, 3.47755e-08, -2.09844e-08, -3.26932e-08, 
87, 56250.8, -136.09, 73.1365, 164.146, 3.48669e-08, -9.36879e-09, -5.98665e-08, 
88, 18364.9, -1.83608, 189.026, 96.793, 1.51528e-08, -9.18943e-08, -5.75881e-08, 
89, 249752, -11.6025, 115.31, 28.8585, 4.45073e-08, -5.22223e-08, -5.6446e-08, 
90, 5310.55, 51.6867, 85.8776, -92.9791, -1.89838e-08, -6.06714e-08, 2.73949e-08, 
91, 290807, 35.7203, -78.1268, -194.801, -1.4961e-08, 1.52065e-08, 1.09228e-07, 
92, 43409.8, 18.6119, -65.4953, 30.3674, 7.40926e-09, 4.49869e-08, -2.43762e-08, 
93, 111357, -77.665, 181.01, -143.232, 2.32624e-08, -7.57518e-08, 4.96105e-08, 
94, 284940, -171.17, 6.31977, 165.887, 5.87475e-08, 2.51011e-09, -6.20046e-08, 
95, 186201, -74.5819, 15.8095, 100.386, 5.02601e-08, -1.85713e-08, -4.02289e-08, 
96, 18089.6, -181.543, 79.8567, 82.2268, 7.68303e-08, -2.90259e-08, -1.91125e-08, 
97, 29484.3, 86.8258, -58.1245, 46.8064, -2.3484e-08, 4.21645e-08, -3.05924e-08, 
98, 110953, 186.945, 107.396, 4.54902, -1.05495e-07, -1.21118e-08, 7.16996e-09, 
99, 15693.3, -74.4023, -107.773, 106.608, 2.30382e-08, 7.396e-08, -4.15108e-08, 
100, 116909, 9.52654, 59.2757, 147.619, 1.1757e-06, -3.28474e-07, 2.2121e-06, 
101, 36589.1, 179.99, -104.007, 173.792, -5.76819e-08, 7.09866e-09, -7.37178e-08, 
102, 64598.2, -97.045, -39.8011, 103.675, 1.72539e-08, -9.11975e-09, -4.08322e-08, 
103, 67118.4, -138.724, -162.764, -183.837, 2.90104e-08, 4.03654e-08, 5.76112e-08, 
104, 56406.9, 72.1131, 107.617, -138.992, -3.12644e-08, -4.75392e-08, 5.6515e-08, 
105, 43748.9, 2.98564, 31.2215, -8.85426, 3.18983e-08, -5.8948e-09, 3.04036e-08, 
106, 53614.3, -5.65828, -77.0557, 54.1777, 8.65285e-09, 4.45495e-08, -2.10784e-08, 
107, 84796.2, 112.873, 60.7494, 48.6141, -5.67676e-08, -8.19244e-08, -3.00171e-09, 
108, 219330, -172.129, -21.9373, 139.218, 6.0036e-08, -1.41866e-08, -5.71917e-08, 
109, 58635.9, -117.809, -71.5359, -49.3837, 4.49704e-08, 1.51697e-08, 4.12369e-09, 
110, 169377, 64.472, -40.6314, 112.779, -2.37621e-08, 4.67424e-08, -7.76663e-08, 
111, 37087.9, 126.629, 41.2135, -46.7668, -4.44406e-08, -2.89888e-08, 2.69395e-08, 
112, 198987, 105.474, 31.8262, -43.7938, -3.68795e-08, -2.05017e-08, 5.91e-09, 
113, 237025, 40.4223, 110.766, 4.46236, -2.60118e-10, 3.56793e-08, -5.24364e-08, 
114, 202470, 50.3574, 62.7889, -145.639, -2.82824e-08, -3.42615e-08, 8.72999e-08, 
115, 36829.2, 95.0967, 107.001, 181.516, -8.51614e-08, 8.45013e-08, -1.29529e-07, 
116, 73447.3, 130.821, 156.542, -197.021, -1.86528e-08, -4.70471e-08, 7.73822e-08, 
117, 99402.3, 64.3999, 123.065, 141.643, -4.98009e-09, -4.53732e-08, -5.38068e-08, 
118, 107945, -6.49779, 115.783, 17.2693, -1.11147e-08, -5.90514e-08, 7.81541e-08, 
119, 299267, 9.95431, 106.65, -27.3178, 6.21294e-09, -5.44154e-08, 8.95826e-09, 
120, 27957.5, -190.557, 185.248, -196.725, 4.99352e-08, -4.15246e-08, 4.17642e-08, 
121, 161847, 50.3866, 77.9711, 183.549, -1.98794e-08, -5.70081e-09, -9.37668e-08, 
122, 25710.6, 198.989, 125.46, -163.887, -7.57675e-08, -1.57576e-08, 4.71452e-08, 
123, 39757.7, 6.46808, -101.424, -51.0715, 1.77572e-08, 4.99713e-08, 7.78962e-09, 
124, 41690.9, -180.225, 28.2744, 83.1635, 8.25441e-08, -1.7283e-08, 9.33819e-09, 
125, 66935.7, -133.298, -146.584, -170.708, 2.49195e-08, 2.93392e-08, 4.44286e-08, 
126, 81504.4, 88.3468, 29.0404, -161.098, -3.53708e-08, -2.66821e-08, 8.10552e-08, 
127, 28592.2, 8.48625, 175.822, -52.912, -4.32314e-09, -8.77767e-08, 2.79764e-08, 
128, 146336, 25.5092, -28.9455, -194.296, -2.28023e-09, -4.51457e-10, 1.0878e-07, 
129, 38453.7, -192.917, 65.3715, 75.9207, 8.37635e-08, -1.48396e-08, -1.33056e-08, 
130, 44590.5, 172.156, -6.87429, 34.8976, -9.78322e-08, 1.56925e-08, -1.24578e-08, 
131, 150884, 114.523, -194.288, 130.736, -5.7445e-09, 7.41214e-08, -3.52665e-08, 
132, 29334.4, 143.219, 78.896, -35.9479, -6.15794e-08, -5.10466e-08, 1.64813e-08, 
133, 29327.2, -149.066, -166.789, 7.83978, 1.44786e-08, 1.18887e-07, -1.68721e-09, 
134, 29359.5, -41.1392, 157.606, -55.8414, 2.84259e-08, -4.41676e-08, -3.41853e-08, 
135, 90327.8, -134.822, -147.934, 165.932, 2.54313e-08, 4.13399e-08, -4.94641e-08, 
136, 11621.8, -22.4855, 196.938, 161.075, 2.52655e-08, -7.4343e-08, -5.51633e-08, 
137, 58624, -12.8036, 120.471, -130.568, -2.11345e-07, -2.42851e-07, 5.09549e-07, 
138, 33602.6, -5.14174, -134.013, -47.1019, 2.25043e-08, 5.37034e-08, 2.06898e-08, 
139, 40528, -4.74793, -88.7651, 134.915, -8.44973e-09, 4.1932e-08, -5.18104e-08, 
140, 313614, 191.946, -180.477, -170.696, -5.38284e-08, 4.02076e-08, 5.21297e-08, 
141, 2470.81, -191.124, 71.401, 73.1775, 6.93726e-08, -6.39986e-08, 1.04907e-08, 
142, 213206, 39.8584, 120.944, -1.7095, 2.6499e-09, -1.56198e-07, 6.25419e-08, 
143, 20259.5, 145.096, -95.0224, -141.611, -8.31681e-08, 2.48488e-08, 9.68057e-08, 
144, 67423.3, -150.82, -80.9462, -88.4613, 6.02774e-08, 1.9839e-08, 2.57799e-08, 
145, 71162, -196.168, -155.376, 168.116, 7.36357e-08, 2.83574e-08, -2.60044e-08, 
146, 102729, 160.915, -122.375, 166.119, -2.66056e-08, 2.61512e-08, -6.89282e-08, 
147, 5068.79, 40.4306, 62.2727, -6.79323, -2.03064e-08, -2.18927e-08, -2.6362e-10, 
148, 959.602, -40.1187, 34.6291, 36.3131, 9.24064e-08, 8.22848e-09, -5.6775e-09, 
149, 224404, -173.157, 19.3033, -145.459, 8.09117e-08, -1.578e-08, 2.70645e-08, 
150, 101299, -138.608, 92.6797, 31.1172, 5.15691e-08, -2.4476e-08, -6.688e-09, 
151, 122956, 91.567, -99.0416, 16.1516, -2.34981e-08, 5.6414e-08, -3.36235e-08, 
152, 44656.1, -25.8791, -72.565, 168.604, 1.63193e-08, 3.33973e-08, -8.65464e-08, 
153, 113622, -111.282, 130.264, -87.1196, 4.76839e-08, -4.41808e-08, 2.40373e-08, 
154, 97893.8, -103.301, -138.402, 199.02, 2.4181e-08, 4.01067e-08, -6.50064e-08, 
155, 252355, 124.218, 54.0388, 112.267, -7.87826e-08, -2.11187e-08, -4.66416e-08, 
156, 9882.88, 167.03, 171.532, -119.562, -5.00638e-08, -9.34222e-08, -1.81643e-08, 
157, 37413.4, -65.821, 119.623, -68.2214, 4.17862e-08, -3.96447e-08, 1.94323e-08, 
158, 41252.7, -133.13, -35.3728, -187.953, 4.20897e-08, -4.70554e-09, 6.43823e-08, 
159, 339536, -180.51, -163.707, 187.847, 3.70944e-08, 4.01828e-08, -5.26304e-08, 
160, 843.19, -144.267, 72.9639, -83.9809, 8.93783e-08, 4.97992e-09, 9.39577e-09, 
161, 6563.06, -132.887, 148.177, 16.6779, 4.86706e-08, -5.64096e-08, -1.07023e-09, 
162, 218203, -9.80617, 136.283, 157.004, 2.82224e-08, -3.96525e-08, -5.5017e-08, 
163, 132393, -169.579, -88.316, 27.9751, 5.05601e-08, 3.01851e-08, -6.0833e-09, 
164, 107224, 157.502, 24.702, 158.636, -7.99677e-08, -1.62442e-08, -9.52755e-08, 
165, 84437.7, -96.7126, 76.4225, 175.449, 2.17275e-08, -2.41919e-08, -6.04606e-08, 
166, 292254, -24.6933, 46.8917, 34.1673, 4.4845e-08, -2.15324e-08, -1.09488e-08, 
167, 109388, 10.7803, -187.394, 156.521, 1.58382e-08, 7.92131e-08, -4.21476e-08, 
168, 93827.4, 14.019, 188.951, 50.5746, 6.79147e-09, -9.78837e-08, -2.38132e-11, 
169, 44422.3, 128.229, -181.066, 54.709, -5.5022e-08, 7.96512e-08, -1.35984e-08, 
170, 25566.9, 17.8279, 89.3798, -80.0363, -6.95094e-09, -4.88312e-08, 3.7523e-08, 
171, 88048.6, 54.2636, 197.585, 57.2796, -1.42494e-08, -1.05299e-07, -1.38027e-08, 
172, 274544, 154.57, 20.0916, 124.699, -7.79742e-08, 2.22408e-09, -4.60036e-08, 
173, 87503.4, 90.1699, -139.195, -9.41982, -1.93174e-08, 8.18916e-08, -9.26063e-09, 
174, 59918.4, 28.8489, -142.378, -38.6056, -7.1047e-09, 5.38244e-08, -6.56645e-09, 
175, 9087.03, -125.863, -144.484, -15.5764, 4.36389e-08, 7.53305e-08, -9.69035e-09, 
176, 57022.1, -54.0547, -48.0901, 117.348, 4.96474e-09, 3.05858e-08, -6.39393e-08, 
177, 55415.7, 169.293, 41.8765, 50.6647, -6.9848e-08, -3.65754e-08, 2.27297e-08, 
178, 197009, -58.8768, -45.0301, 86.8177, 1.90366e-08, 1.98094e-08, -1.71461e-08, 
179, 866678, -150.097, 141.569, -175.862, 4.81914e-08, -3.27883e-08, 5.02452e-08, 
180, 38033.3, 182.527, 172.014, 37.4166, -7.43284e-08, -1.1319e-07, 1.96046e-08, 
181, 7623.5, 31.1994, 64.448, 7.37617, -1.5594e-08, -2.78417e-08, -1.0247e-08, 
182, 7070.9, -27.787, -180.333, 45.0932, 1.63661e-08, 9.67099e-08, -2.45502e-08, 
183, 61088.7, 82.6312, 142.466, 193.884, -2.28337e-08, -3.47499e-08, -9.49741e-08, 
184, 91678.8, 36.5302, -10.9784, 78.6737, 2.65517e-08, 2.95862e-08, 9.89285e-10, 
185, 5848.78, 191.464, 195.582, 141.989, -8.4857e-08, -8.10382e-08, -1.98251e-08, 
186, 62214.1, -95.9445, 142.965, 139.397, 7.45907e-09, -5.93077e-08, -7.01255e-08, 
187, 38031.9, 99.4364, -37.697, -111.242, -3.17816e-08, -1.32279e-08, 6.91638e-08, 
188, 262478, -196.114, -116.822, -65.5445, 8.92283e-08, 5.4175e-08, 2.20591e-08, 
189, 65750.2, -84.3703, -36.2999, -0.743419, 5.03197e-08, 1.5816e-08, 1.84658e-09, 
190, 121284, 39.8917, -106.447, -125.642, 8.27116e-08, -1.4633e-08, -1.63615e-08, 
191, 52179.2, -174.393, -190.663, 147.11, 4.5286e-08, 6.11438e-08, -2.86279e-08, 
192, 236609, 177.604, 24.0029, -97.2935, -1.97554e-08, -5.89409e-08, 5.13173e-08, 
193, 5753.96, 56.7886, 53.6808, -46.885, -1.46424e-08, -3.47986e-08, 1.17533e-08, 
194, 109113, -92.374, -103.715, -163.045, 3.96265e-08, 3.65913e-08, 5.33871e-08, 
195, 140245, 91.3246, -1.11938, -162.329, -4.05487e-08, -1.10004e-09, 8.76265e-08, 
196, 13307.5, 76.0613, 34.673, -51.3758, -1.2246e-08, -3.67601e-08, 4.28602e-09, 
197, 67020.5, 156.481, -90.7085, -41.7968, -4.82995e-08, 4.42636e-08, 4.09287e-08, 
198, 66491.4, -53.9618, 137.463, 51.4908, 1.44289e-08, -7.55091e-08, 5.64848e-09, 
199, 62255.1, -144.188, -21.7828, 73.1201, 7.0637e-08, -1.30357e-08, 7.61118e-09, 
200, 6511.82, -122.001, -61.4675, 71.2775, 5.99552e-08, 4.22684e-08, 2.08206e-08, 
201, 147264, 126.704, -161.723, -89.4032, -3.16435e-08, 7.5291e-08, 3.31315e-08, 
202, 17265.1, 129.264, -166.484, 139.192, 6.62976e-09, 4.06282e-08, -4.42563e-08, 
203, 86879.3, 123.087, 25.6669, 148.382, -1.07334e-08, 4.24418e-08, -7.97987e-08, 
204, 40253.6, 44.8494, 116.399, 146.972, 1.77121e-08, -3.12431e-08, -6.54501e-08, 
205, 86211.5, -94.4202, 61.0157, -66.1201, 5.07696e-08, -1.65532e-08, 2.02208e-08, 
206, 125045, 90.9181, -181.491, 69.7817, 1.42692e-08, 9.62262e-08, -6.6108e-08, 
207, 210922, -87.8362, -168.143, 94.8616, 2.37376e-08, 7.63694e-08, -2.32023e-08, 
208, 105908, -40.9719, -40.2295, -107.085, 4.7947e-08, 2.10983e-08, 2.03381e-08, 
209, 85825.1, 147.254, -42.5663, 60.6339, -6.99761e-08, 3.87319e-08, -2.92848e-08, 
210, 94893.2, -4.27581, -94.9944, 26.2074, 1.37831e-08, 4.17991e-08, -8.32705e-09, 
211, 29490.6, 164.801, -188.178, 194.015, -3.9292e-08, 4.97098e-08, -6.99164e-08, 
212, 220943, 144.74, -139.29, 43.8152, -5.34286e-08, 6.24537e-08, -2.33261e-08, 
213, 31092.4, -181.59, -39.1916, 136.761, 1.34546e-07, 1.04277e-07, -8.17919e-08, 
214, 5510.09, 22.5192, 71.1323, -140.391, -3.96249e-09, -7.92792e-08, 1.04326e-07, 
215, 7444.53, 174.361, 165.222, 59.0858, -1.2424e-07, -9.91302e-08, -1.42216e-07, 
216, 106854, 161.402, -172.63, 165.716, -4.71922e-08, 4.48145e-08, -7.29829e-08, 
217, 100240, -51.9237, 102.442, -162.577, 5.54224e-09, -2.02658e-08, 7.19748e-08, 
218, 27283.6, 160.271, -37.3955, -115.318, -7.82628e-08, 7.17285e-09, 5.05757e-08, 
219, 137731, -3.59306, -20.1542, -67.4092, 4.26863e-08, 1.11942e-08, 1.07958e-08, 
220, 101778, 187.579, -77.797, -85.6048, -9.44386e-08, 4.09543e-09, 3.18395e-08, 
221, 84751.7, 89.7773, 114.889, -83.6096, -2.8186e-08, -5.77686e-08, 3.58565e-08, 
222, 27948.5, 72.3335, -164.879, -63.9314, -7.26501e-09, 1.09112e-07, 2.49629e-08, 
223, 176907, -177.943, 52.1667, -74.7348, 7.82356e-08, -7.24499e-09, 1.99535e-08, 
224, 160969, -9.57244, 31.901, -85.2901, 4.1513e-08, -1.35003e-08, 1.6354e-08, 
225, 169120, 158.336, 172.87, -51.2391, -5.28802e-08, -7.60099e-08, 1.53113e-08, 
226, 62391.6, -198.406, -120.691, 41.8609, 7.47886e-08, 4.37303e-08, -1.94094e-08, 
227, 36620, 33.3963, 158.461, -106.963, -1.84904e-08, -5.4985e-08, 2.26155e-08, 
228, 9012.64, -59.179, -192.516, -43.9357, 3.00583e-08, 8.822e-08, 1.31022e-08, 
229, 63329.4, -34.2635, 28.1373, 7.51412, 5.663e-08, -4.36784e-09, 1.05937e-08, 
230, 24307.4, -16.6192, 112.416, 67.3816, 2.55741e-08, -4.15544e-08, -4.31875e-08, 
231, 254866, 152.993, -52.4255, 17.385, -6.17998e-08, 1.47236e-08, -3.42877e-08, 
232, 19890.6, -76.3518, 45.2591, 107.069, 4.87964e-08, -4.7497e-08, -1.66407e-08, 
233, 109633, -2.90397, 178.924, -170.77, -1.82572e-08, -8.81466e-08, 6.81797e-08, 
234, 22520, 114.553, 180.733, 192.494, -1.43978e-07, -6.4341e-08, -1.30266e-07, 
235, 33083.6, 75.3152, 121.361, 147.357, -5.62959e-08, -4.29668e-08, -7.31868e-08, 
236, 145572, -65.8556, -141.146, 38.9129, 3.16175e-08, 7.35156e-08, -2.02328e-08, 
237, 15811, -182.314, -102.757, -147.801, 4.43419e-08, 2.62771e-08, 8.19106e-08, 
238, 107672, 192.249, -0.993201, -92.6863, -1.20482e-07, 6.84534e-08, 1.60754e-08, 
239, 213096, 130.858, -22.2927, 102.766, -4.30245e-08, 2.56567e-08, -4.19831e-08, 
240, 165974, 164.311, 48.2179, 192.366, -6.15481e-08, -3.34112e-08, -9.43358e-08, 
241, 102503, -52.2091, 172.407, -86.7774, 3.67928e-08, -8.32598e-08, 4.97068e-08, 
242, 8268.35, 116.488, -83.362, -114.719, 3.87885e-09, 2.58009e-08, 7.45259e-08, 
243, 14545.8, -76.5344, -74.238, 13.313, 3.88032e-08, 2.97394e-08, 5.85632e-09, 
244, 34201.9, 6.18753, 159.073, 156.94, 4.43304e-09, -4.99709e-08, -3.18955e-08, 
245, 280759, -198.591, -79.701, 34.9597, 8.46902e-08, 1.955e-08, -1.21628e-08, 
246, 33289.9, -63.9362, -26.6043, -66.5064, 4.08375e-08, 1.02824e-08, 1.15029e-08, 
247, 84267.7, 189.321, 153.665, 123.128, -6.76821e-08, -3.38203e-08, -3.2625e-08, 
248, 176715, 46.3481, -107.828, -199.334, -1.98117e-08, 5.82696e-08, 9.26377e-08, 
249, 4399.76, 198.253, -92.0273, -141.303, -7.82233e-08, 3.32338e-08, 4.98781e-08, 
250, 101091, 25.9482, 55.9012, -133.645, -6.0632e-08, -2.2786e-08, 7.5752e-08, 
251, 295381, 96.649, 85.0898, 83.3129, -2.98873e-08, -5.68233e-08, -3.36153e-08, 
252, 23449.9, 52.2828, -73.2695, 146.605, -2.50759e-08, 4.17288e-08, -7.37406e-08, 
253, 20070, 60.8611, 23.356, -107.854, -7.93889e-08, -4.52988e-08, 6.69444e-08, 
254, 2213.24, -172.494, -23.5337, -66.1693, 6.48751e-08, -2.66396e-08, 3.04197e-08, 
255, 115209, -112.068, -192.136, -186.27, -7.58494e-09, 4.98741e-08, 2.02504e-08, 
256, 84513, 176.201, -80.0947, -53.7136, -8.405e-08, 2.02527e-08, 2.06523e-08, 
257, 228346, 19.0996, -87.0724, -181.121, 2.89466e-08, 4.65573e-08, 6.89062e-08, 
258, 19811.6, -30.7083, 153.03, -66.4168, -1.75428e-08, -5.11827e-08, 2.21139e-08, 
259, 140344, 45.1953, 52.6922, -95.9736, -1.32894e-08, -5.00335e-08, 2.65865e-08, 
260, 83541.1, 48.9015, 74.2315, -116.19, -2.60718e-08, -5.61362e-08, 4.37227e-08, 
261, 135521, 123.018, 159.745, 67.1748, -4.44822e-08, -1.29872e-08, -7.71014e-09, 
262, 259231, -6.42583, 112.22, -138.676, -3.90887e-08, 1.41562e-09, 1.14303e-07, 
263, 74897.7, 160.502, 26.6137, -102.004, -1.58341e-09, -2.65295e-08, 5.06741e-08, 
264, 76927.1, 50.355, 182.164, 83.8603, -2.01821e-08, -9.71148e-08, -9.84117e-09, 
265, 3546.49, 144.992, 11.7099, -84.3646, -4.93418e-08, 5.96665e-09, 1.39353e-08, 
266, 64296.4, -80.0392, -122.315, 187.86, 1.9185e-08, 3.79681e-08, -6.79123e-08, 
267, 37293.4, 182.64, -116.827, -198.021, -4.69755e-08, 3.06818e-08, 6.29944e-08, 
268, 82161.6, -43.5524, 141.643, -165.969, 4.05819e-08, -4.48854e-08, 7.51203e-08, 
269, 139401, -191.891, 116.659, -74.558, 8.12494e-08, -3.23259e-08, 1.62869e-08, 
270, 101701, 156.121, -52.563, 98.3567, -7.3473e-08, 4.16609e-08, -4.66179e-08, 
271, 54889.2, 3.07907, -109.299, -147.221, -2.67521e-08, 1.01544e-07, 1.61305e-09, 
272, 12402.3, 149.865, -123.198, 75.3759, -6.50017e-08, 4.75305e-08, -3.67519e-08, 
273, 42657.4, 57.9835, 82.3065, -182.792, -1.5773e-08, -2.8517e-08, 9.12705e-08, 
274, 253342, 158.743, 117.201, 6.17043, -5.94721e-08, -4.19497e-08, 1.46376e-08, 
275, 24895.5, 23.7916, -68.5463, 20.4557, -6.91474e-09, 5.22436e-08, 4.50238e-09, 
276, 9409.52, -128.716, 108.605, 45.203, 5.21755e-08, -4.47254e-08, -1.00279e-08, 
277, 216832, -178.328, -49.5872, -60.8101, 8.16111e-08, 4.68741e-08, 7.934e-08, 
278, 15334.2, 178.36, 9.11663, 187.631, -7.49742e-08, 3.04289e-09, -8.21846e-08, 
279, 101420, -111.621, 193.253, -61.0693, 2.94709e-08, -7.42622e-08, 6.58048e-09, 
280, 116700, 114.488, 138.904, 2.48126, -4.03806e-08, -6.78987e-08, 3.91052e-09, 
281, 74409.4, -133.844, -86.5256, 118.042, -9.42573e-08, 1.78932e-08, 1.39775e-07, 
282, 40380.9, 53.9563, -107.746, 28.3833, -1.13337e-08, 5.91657e-08, -2.54129e-08, 
283, 33216.6, 156.327, -151.397, 118.554, -8.01539e-08, 3.7503e-08, -3.97274e-08, 
284, 84372.3, -36.0424, 138.282, -64.2182, 2.5703e-08, -4.13914e-08, 1.79936e-08, 
285, 87289.6, 3.05205, -13.4792, -160.828, 1.80115e-09, 3.87938e-09, 1.29675e-07, 
286, 27798.2, 128.152, 17.8418, 171.044, -2.34347e-08, 1.31385e-08, -1.0256e-07, 
287, 141868, 86.5385, -195.689, -183.972, -1.13883e-08, 1.04831e-07, 4.53136e-08, 
288, 4987.72, 105.86, 149.406, 110.893, -3.15906e-08, -3.24346e-08, -5.21493e-08, 
289, 2434.79, -64.7805, 153.43, 116.164, 2.60407e-08, -4.70381e-08, -4.80437e-08, 
290, 60291.6, -104.032, -162.829, 112.311, 4.22108e-08, 6.54364e-08, -4.77803e-08, 
291, 119804, -191.79, -20.3065, -130.335, 9.78381e-08, -5.70229e-09, 3.6976e-08, 
292, 60280.9, -197.896, 174.044, 114.489, 6.85541e-08, -6.56988e-08, -3.06633e-08, 
293, 297082, 20.1333, 25.0205, 11.8315, -1.26881e-08, -2.87978e-08, -1.53656e-09, 
294, 238125, -127.569, 83.0119, -91.9057, -7.67629e-09, 6.77049e-08, -3.79381e-08, 
295, 19218.4, -166.374, -100.827, 172.176, 3.69656e-08, 6.29892e-08, -6.02957e-08, 
296, 44613.2, 104.676, -38.7536, 71.3803, -3.22971e-08, 3.82114e-08, -3.35907e-08, 
297, 139461, 141.627, 102.845, 195.552, -4.83436e-08, -2.46079e-08, -7.27928e-08, 
298, 26851, -126.973, -119.533, 76.8262, 3.0397e-08, 5.15891e-08, -1.15606e-08, 
299, 31891, 191.616, 28.0173, 52.8359, -9.34171e-08, 1.22305e-07, 1.32081e-07, 
300, 26973.2, -166.942, 59.1521, 12.6344, 9.99222e-08, -8.84399e-10, 1.5956e-08, 
301, 55717.6, -35.9399, -194.567, -21.4253, 2.98654e-08, 1.08703e-07, 1.01677e-08, 
302, 7172.07, -5.91731, 81.2381, 111.189, 1.72099e-08, -4.56519e-08, -5.27096e-08, 
303, 31976.8, -26.0278, -80.1215, -130.553, 2.87541e-08, 5.36577e-08, 4.88784e-08, 
304, 47772.9, 16.0238, 159.266, -32.7503, 9.1361e-09, -8.07248e-08, 1.57725e-08, 
305, 167284, -34.2181, 60.014, 90.5516, 3.15344e-08, -4.81076e-08, -6.57497e-08, 
306, 27898.8, -167.402, 18.4174, -152.471, -4.72396e-08, 6.12029e-09, 1.8281e-07, 
307, 50649, 14.1155, -21.2515, 9.61624, -7.94793e-09, 5.53706e-08, 1.96931e-08, 
308, 35645.2, -42.6397, 27.0687, -11.9761, 5.75316e-08, -7.30132e-09, 2.04249e-08, 
309, 29822.1, -175.988, 14.7219, 104.515, 8.76021e-08, 1.16677e-08, -2.78201e-08, 
310, 45200.2, -47.5843, -100.049, -131.275, 3.67173e-08, 5.26791e-08, 4.59602e-08, 
311, 180113, -87.2532, -124.527, 20.0105, 3.30877e-08, 5.46311e-08, -7.54321e-09, 
312, 26334.4, -162.555, 63.0192, -142.229, 6.27621e-08, -1.64681e-08, 3.88333e-08, 
313, 37704.6, -51.4957, 48.5114, -70.035, -9.58474e-08, -4.51e-09, 1.85032e-07, 
314, 289513, 60.2345, -12.2941, -39.5213, -2.73162e-08, -5.25431e-09, 1.07108e-08, 
315, 156076, 126.279, 40.3999, 150.05, -3.85277e-08, -3.73789e-08, -9.18252e-08, 
316, 41105.4, 143.613, -101.783, -133.396, -7.79559e-08, 7.41804e-08, 5.91086e-08, 
317, 108504, 74.5405, -89.1881, 88.745, -6.36739e-09, 4.14645e-08, -3.29183e-08, 
318, 85347.4, 191.338, -68.998, 0.890346, -1.27849e-07, -1.02307e-08, -2.05704e-08, 
319, 24606.6, -67.5599, 184.172, -105.643, 1.36364e-08, -8.66609e-08, 2.77304e-08, 
320, 264172, 166.933, -91.6653, -14.5289, 5.13218e-08, 1.30794e-08, 6.82346e-08, 
321, 25520.2, -19.6961, 27.6242, -56.2332, 4.2377e-08, -9.03332e-09, 8.06181e-09, 
322, 423.853, 186.821, -143.818, -132.595, -6.43092e-08, 4.13858e-08, 2.87296e-08, 
323, 99497.9, 189.709, 160.414, 40.7684, -1.11727e-07, -6.15994e-08, -9.61518e-09, 
324, 13872.3, -22.6162, -138.748, -17.2802, 3.35771e-08, 6.46198e-08, -7.94517e-09, 
325, 58090.8, -181.747, 170.593, -98.7567, 6.33719e-08, -4.58705e-08, 1.42026e-08, 
326, 69284.4, 195.283, -127.902, 31.1071, -8.1716e-08, 5.86576e-08, -2.85042e-08, 
327, 54900.6, 121.107, -27.9553, -184.735, -4.95394e-08, 7.01845e-09, 9.82082e-08, 
328, 141922, 113.061, 56.8986, 125.389, -9.02359e-09, -3.48977e-08, -1.09232e-07, 
329, 137736, -178.852, 32.7741, 102.867, 8.30474e-08, -2.73601e-08, -2.53427e-08, 
330, 24046.3, 26.7302, 195.837, 197.072, 5.77361e-09, -7.20807e-08, -7.12752e-08, 
331, 33379.1, -12.7864, -57.3134, 84.5725, 1.21159e-08, 8.53359e-08, -2.99687e-08, 
332, 109471, -94.7251, 19.8388, -100.192, 6.18193e-08, -9.79035e-09, 3.45523e-08, 
333, 97749.2, -50.1864, -82.2412, -75.6469, 3.3258e-08, 4.32811e-08, 1.41454e-08, 
334, 18650.5, -179.984, -114.952, 124.356, 7.39526e-08, 4.51084e-08, -3.22389e-08, 
335, 60379.1, 146.293, 140, -88.4956, -4.44179e-08, -3.13458e-08, 1.42023e-08, 
336, 147417, 91.7656, 115.401, 179.449, -2.08236e-08, -6.8248e-08, -6.70081e-08, 
337, 131702, -166.011, -139.966, -26.837, 5.54005e-08, 5.92694e-08, 5.75902e-09, 
338, 43428.2, 185.723, 49.5626, 85.5653, -8.03626e-08, -4.96408e-08, -6.82271e-08, 
339, 160976, 63.5768, 105.701, -0.263929, -5.89172e-08, -2.542e-08, 1.14169e-08, 
340, 103723, 111.409, -6.987, -100.356, -5.74684e-08, 1.20727e-08, 4.7998e-08, 
341, 135057, -129.235, 7.89325, -80.284, 6.71515e-08, -8.70683e-09, 2.89631e-08, 
342, 108793, 153.724, -183.226, 147.861, -2.78564e-08, 6.44247e-08, -2.87602e-08, 
343, 18136.3, 159.087, 148.257, -8.07267, -4.46419e-08, -8.21729e-08, 9.75252e-09, 
344, 166583, -3.96226, -48.8361, 179.817, 9.88995e-09, 3.09764e-08, -9.11558e-08, 
345, 161445, 32.6947, -32.8958, -60.1182, 1.95008e-08, 3.13634e-08, 6.99774e-09, 
346, 4448.29, -85.053, 25.5071, 53.3887, 5.85428e-08, 5.50197e-09, -2.2872e-08, 
347, 66636.4, -37.9737, -24.443, -119.663, 5.53679e-08, -7.06454e-09, 4.66884e-08, 
348, 9339.41, -90.7618, 24.0347, 16.4717, 5.90002e-08, -3.97704e-09, 4.27781e-09, 
349, 97752.6, 41.9146, -171.976, -162.241, 2.61813e-08, 6.01944e-08, 6.02824e-08, 
350, 213849, -36.9512, -5.01777, 98.289, 9.40538e-09, -1.92411e-07, -1.1644e-07, 
351, 122236, 164.754, -166.268, -92.7626, -5.58266e-08, 6.34992e-08, 4.2111e-08, 
352, 39190.8, 27.8427, -34.5909, -77.683, 2.03079e-08, 2.67957e-08, 5.28706e-08, 
353, 171158, 156.582, -2.23976, -24.3767, -8.60256e-08, 1.08513e-08, 1.03599e-08, 
354, 22229.2, 44.5019, 14.4072, -148.082, -2.34317e-08, -1.7812e-08, 1.00866e-07, 
355, 40469.2, 184.842, -142.433, 157.15, -8.78429e-08, -4.64772e-10, -5.26615e-08, 
356, 156738, -147.64, -22.9179, -130.927, 2.45892e-08, -1.38965e-08, 5.02643e-08, 
357, 29983.2, 137.215, 156.642, -178.614, -1.50295e-08, -4.74661e-08, 6.67736e-08, 
358, 57622.1, -42.9162, -148.273, -131.755, 2.82353e-08, 6.19901e-08, 1.95099e-08, 
359, 93255.9, 10.0503, 59.136, 148.647, -1.44095e-06, 3.6968e-07, -2.92217e-06, 
360, 322827, 179.675, 132.657, 29.8767, -8.4503e-08, -4.66172e-08, -1.79397e-08, 
361, 63627, 100.983, 71.347, -165.317, -1.63903e-08, 2.10886e-08, 8.26461e-09, 
362, 9478.28, -105.76, -34.0217, 27.3224, 5.35406e-08, 1.06307e-08, 2.90386e-09, 
363, 203664, -133.171, 18.7755, -186.758, 4.6591e-08, 1.5912e-09, 6.75328e-08, 
364, 74021.4, -72.1153, -85.9132, 118.202, 3.07042e-08, 5.50367e-08, -4.50089e-08, 
365, 4390.05, -63.293, 48.7681, 131.274, 1.67132e-08, -4.02762e-08, -7.42948e-08, 
366, 14420.9, -142.132, -22.1442, -121.074, 4.17335e-09, -1.37788e-08, -3.15427e-08, 
367, 325118, -8.2776, -18.6513, 17.5703, 4.77927e-08, 4.34747e-08, 3.11779e-09, 
368, 275151, -34.9322, 180.755, 85.5954, 3.26553e-08, -4.02052e-08, -4.1078e-08, 
369, 98327.4, 130.499, 172.129, 107.397, -2.48642e-07, -6.74331e-08, -2.2404e-07, 
370, 111903, -91.6756, 121.56, 80.6858, 3.21678e-08, -3.80162e-08, -2.64448e-08, 
371, 44199.3, -12.8751, -48.4012, 81.9867, 1.48694e-08, 2.38696e-08, -1.06184e-08, 
372, 88296.3, 154.358, 15.236, 147.384, -7.13623e-08, 3.47971e-08, -7.22734e-08, 
373, 40899.8, -100.407, -97.074, 111.668, 3.93891e-08, 6.15013e-08, -5.48691e-08, 
374, 236873, 28.6158, 177.908, 16.7371, 6.87771e-10, -8.7476e-08, 9.54228e-09, 
375, 53103, -88.601, 180.094, 73.4618, 5.04836e-08, -4.33481e-08, -2.87597e-08, 
376, 145729, 150.395, -75.9349, -99.1407, -4.34173e-08, -9.02583e-09, 5.50462e-08, 
377, 109508, 130.289, 82.1806, 21.0765, -4.61089e-08, -6.8798e-09, 1.50931e-08, 
378, 47080, 71.4231, 161.987, 34.1301, -3.09148e-08, -6.2655e-08, -7.99064e-09, 
379, 76361.2, -63.9741, 183.884, 133.979, 2.89123e-08, -6.54263e-08, -4.51444e-08, 
380, 13072.6, -61.9005, -8.12809, 102.372, 6.79738e-08, 8.93968e-10, -5.36335e-08, 
381, 69042.9, -138.987, 105.018, -46.377, 6.3722e-08, -2.75994e-08, 4.71007e-09, 
382, 1049.96, -48.7848, -2.78618, -152.668, 6.18406e-08, -1.59777e-08, 6.72447e-08, 
383, 26698.9, -121.385, 79.4969, -2.14249, 5.65274e-08, -2.30451e-08, 1.15857e-10, 
384, 143075, -124.567, -175.529, -24.1146, 3.44292e-08, 8.28307e-08, 1.68456e-09, 
385, 32145.5, 30.537, -30.1373, -138.042, -8.60686e-08, 5.70898e-08, 9.33902e-08, 
386, 73499, -55.004, 104.04, 194.558, 3.68292e-08, -3.04592e-08, -7.57495e-08, 
387, 14300.9, -127.57, 59.1577, -177.178, 3.76407e-08, -1.98882e-08, 5.66831e-08, 
388, 136496, 91.8045, -84.7223, -14.4754, -3.63291e-08, 5.42243e-08, -2.20488e-09, 
389, 84884.3, -52.3385, -69.6152, -188.355, 2.3868e-08, 1.95962e-08, 8.57262e-08, 
390, 148758, -153.398, -82.1569, -19.6061, 5.56481e-08, 1.69654e-08, -1.71246e-09, 
391, 49787.1, -77.0725, -39.5749, -183.58, 5.21442e-08, 1.50334e-08, 1.03271e-07, 
392, 280885, 115.017, 182.298, 60.8665, -2.02708e-08, -6.12967e-08, 5.79461e-08, 
393, 187947, -112.724, -50.3444, -112.725, 4.78904e-08, 1.43612e-08, 4.74695e-08, 
394, 741.09, 45.9391, -141.627, 133.823, -1.72139e-08, 6.18923e-08, -4.90039e-08, 
395, 156288, -13.0921, 159.404, 76.4031, 2.00348e-08, -4.14253e-08, -2.6951e-08, 
396, 74826.6, -58.1661, 46.1965, -125.025, 4.26805e-08, -1.99962e-08, 5.37636e-08, 
397, 74689.1, 146.813, 8.37132, -108.176, -4.86983e-08, 1.24026e-08, 3.89692e-08, 
398, 37213.7, -168.436, 20.3887, 186.496, 4.58519e-08, -1.90208e-08, -9.38603e-08, 
399, 4645.83, 105.891, 27.0441, -13.9717, -3.5289e-08, -1.77983e-08, -1.96559e-08, 
400, 50229, -27.0854, -155.848, 140.502, 2.97729e-08, 9.00949e-08, -3.94637e-08, 
401, 129459, 180.459, 186.785, 144.539, -4.86601e-08, -5.66138e-08, -2.81983e-08, 
402, 10373.5, -25.342, -9.78172, -123.359, 5.98721e-08, -1.06006e-08, 4.00706e-08, 
403, 18882.6, -87.5414, 99.1966, -2.25427, 5.89346e-08, -3.55711e-08, -1.05273e-08, 
404, 31503, 35.8186, -35.7873, 188.497, -2.00573e-08, 4.00699e-08, -1.10325e-07, 
405, 50107.1, -194.326, -17.0096, 179.745, 7.8211e-08, 1.45892e-08, -6.56279e-08, 
406, 127965, 169.798, 27.7092, -8.48236, -1.07556e-07, -1.44311e-08, -3.99196e-09, 
407, 85799.9, -42.1182, -67.6651, -137.003, 4.38871e-08, 3.96083e-08, 6.18912e-08, 
408, 44028.7, 110.585, 149.879, -85.0381, -2.95851e-08, -6.3329e-08, 3.00791e-08, 
409, 128470, 137.754, -29.4833, 161.96, -1.01368e-08, 1.08444e-08, -1.02094e-07, 
410, 105902, -177.532, -32.5523, 131.862, 9.8365e-08, 5.01452e-08, 1.08866e-08, 
411, 162088, 10.8878, -168.399, -71.0952, 4.51441e-08, 9.94391e-08, 7.00658e-08, 
412, 94639.7, -151.696, 195.537, -122.069, 4.57537e-08, -6.02045e-08, 1.27354e-08, 
413, 152956, 110.153, -105.669, -22.2677, -4.02166e-08, 6.50374e-08, 4.78955e-09, 
414, 156500, -95.5092, -149.141, -64.3092, 2.77679e-08, 7.20176e-08, 2.4294e-08, 
415, 21337.2, 111.791, -0.529957, 130.89, -1.94129e-08, 1.72097e-08, -7.09795e-08, 
416, 165126, 5.2411, -142.233, -1.58002, -3.90809e-09, 6.06165e-08, -5.85886e-09, 
417, 196503, 83.5273, -136.815, 87.0442, -2.04217e-08, 5.90411e-08, -3.41799e-08, 
418, 101.662, -150.591, -22.3485, -41.43, 5.91556e-08, -1.05551e-09, 1.01987e-08, 
419, 18799.1, -88.6922, -80.7931, -31.5277, 3.38378e-08, 2.56636e-08, 3.45944e-09, 
420, 6361.01, 84.5521, -124.812, -106.617, -3.45485e-08, 6.69014e-08, 3.91031e-08, 
421, 41670.8, 144.238, -7.43563, -140.335, -6.50049e-08, 7.06696e-09, 8.17932e-08, 
422, 225679, 17.0967, -36.6724, 139.65, -6.55768e-09, 3.01797e-08, -7.59256e-08, 
423, 11453.4, -167.056, -131.776, 199.064, 3.27851e-08, 1.73023e-08, -6.24891e-08, 
424, 67652, 139.121, 41.6357, -53.6768, -7.67646e-08, -2.43475e-08, 3.9555e-08, 
425, 121622, -1.75491, -104.172, -153.222, 4.61147e-08, 2.63939e-08, 8.92932e-08, 
426, 7359.81, 154.189, 69.7187, 191.952, -4.45169e-08, -3.70048e-08, -7.66097e-08, 
427, 88299.2, -63.0724, -87.9889, 137.422, 4.44643e-08, 5.3997e-08, -7.63247e-08, 
428, 106437, 21.0349, -185.704, -30.9993, -4.16265e-08, 9.96439e-08, -2.24951e-08, 
429, 39303.1, -52.1446, -24.1615, 40.8273, 4.86025e-08, 1.7204e-08, 2.41216e-09, 
430, 19233.9, 153.118, -2.18349, -193.969, -5.10911e-08, 3.13817e-09, 8.19299e-08, 
431, 304154, 159.131, 87.4263, -86.5255, -6.25558e-08, -4.17106e-08, 2.88336e-08, 
432, 184077, -161.509, 14.7052, 140.661, 5.00857e-08, -2.18855e-08, -2.97227e-08, 
433, 34706.1, 168.451, -107.988, 150.916, 6.25143e-08, 5.72015e-08, -1.44108e-07, 
434, 79378.4, 165.482, -18.2576, 5.03779, -9.02556e-08, 5.3474e-09, -1.03663e-08, 
435, 6323.39, -47.0725, 25.6076, -76.2568, 4.6011e-08, -6.7418e-09, 1.9392e-08, 
436, 50500.1, 111.504, -59.8372, -58.1399, -3.67888e-08, 3.75648e-08, 8.50454e-09, 
437, 11625.1, -115.058, -9.68106, 17.7636, 5.5681e-08, 5.53712e-10, 1.10125e-09, 
438, 80836.3, 85.4927, 36.5472, 126.928, -8.03842e-09, 5.25958e-09, -7.39349e-08, 
439, 139746, 1.97304, 53.2326, -7.93008, 1.93578e-08, -2.91019e-08, 1.39577e-08, 
440, 68279.5, 192.887, 48.2838, 99.9047, -1.03048e-07, -2.39977e-08, -7.46543e-08, 
441, 8992.3, 112.094, 108.05, -31.9777, -4.59099e-08, -4.19087e-08, 2.27703e-08, 
442, 29111.9, 176.416, -87.7547, -192.899, -3.76157e-08, 3.2308e-08, 7.46848e-08, 
443, 192380, 24.6556, 39.8425, 179.202, -2.98871e-09, -7.61041e-09, -9.11441e-08, 
444, 101923, 188.626, 137.371, -60.2009, -7.83499e-08, -4.74922e-08, 2.17676e-08, 
445, 243407, 22.5492, -112.464, -5.01436, -2.78873e-09, 4.85447e-08, -5.41571e-09, 
446, 94693.9, -178.134, -150.809, -199.204, 4.45548e-08, 2.35225e-08, 6.8449e-08, 
447, 347846, 100.414, 188.879, 183.48, -2.87133e-08, -8.36725e-08, -5.41946e-08, 
448, 9600.53, -55.7647, 61.4616, 138.504, 2.86655e-08, -3.30348e-08, -6.46526e-08, 
449, 104066, 162.606, -194.933, 137.718, -5.46836e-08, 8.8765e-08, -8.69791e-09, 
450, 84845, 39.6588, 143.325, 196.541, -5.46792e-09, -2.84297e-08, -9.26372e-08, 
451, 6404.97, 135.485, -187.844, 38.0562, -4.91977e-08, 8.44265e-08, -4.60518e-09, 
452, 124306, -17.3671, 87.8983, 191.049, -6.14419e-08, -1.96908e-08, -1.13437e-07, 
453, 40087, 11.8628, 9.5036, -180.497, 3.34485e-09, -2.29699e-08, 1.15052e-07, 
454, 293923, -24.2794, 164.655, -161.48, 1.15849e-08, -7.92009e-08, 6.32267e-08, 
455, 3314.79, -111.311, 111.438, -79.4217, 4.46184e-08, -2.91761e-08, 1.64731e-08, 
456, 222911, -166.746, -174.437, -79.591, 4.96908e-08, 6.87457e-08, 1.177e-08, 
457, 78643.8, 40.2632, -188.136, 38.3181, 1.75737e-08, 8.79934e-08, -1.697e-08, 
458, 59837.2, -59.3279, 121.384, -95.4143, 3.86743e-08, -3.72138e-08, 2.71338e-08, 
459, 88838.7, 163.047, 178.681, 54.0544, -5.40865e-08, -1.03829e-07, -1.59267e-08, 
460, 60942.2, -101.737, -9.76974, 152.633, 3.7908e-08, -3.55363e-09, -4.43351e-08, 
461, 221087, 58.8594, 110.736, 77.8587, -1.04416e-08, -4.36206e-08, -2.21057e-08, 
462, 46722.6, 73.4997, 49.7506, 60.7214, 3.2201e-09, -1.56901e-08, -1.83059e-08, 
463, 55028.1, 67.5469, -121.36, 135.715, -2.8421e-08, 5.07334e-08, -6.27345e-08, 
464, 208743, 138.036, -131.367, -40.0139, -3.21659e-08, 7.01975e-08, -5.67764e-09, 
465, 260612, 91.4172, 100.835, 160.731, -4.05017e-08, -1.33179e-08, -6.17523e-08, 
466, 51487.4, 156.147, -57.3517, 77.194, -7.68105e-08, 4.61661e-08, -2.98898e-08, 
467, 172420, -60.6711, -163.586, -80.7847, 2.6101e-08, 7.44194e-08, 2.3733e-08, 
468, 3902.58, 179.209, 21.5003, -1.83626, -1.38391e-07, 1.40624e-08, -2.67199e-08, 
469, 106277, 2.20121, -129.753, 133.042, 3.76871e-08, 1.27575e-08, -3.04044e-08, 
470, 251804, 159.55, 159.056, -146.263, 1.06082e-07, 3.87394e-08, -1.6907e-08, 
471, 43320.2, -8.5788, -24.0665, 190.839, 2.39266e-08, 1.23858e-08, -1.0381e-07, 
472, 220321, 187.29, -66.7084, -181.283, -6.01102e-08, 1.14942e-08, 6.11279e-08, 
473, 60648, -142.536, -179.011, -150.359, 2.86573e-08, 6.00456e-08, 2.59486e-08, 
474, 78019.9, -194.322, 106.286, -135.978, 7.24846e-08, -1.93115e-08, 2.76369e-08, 
475, 83869.4, 195.564, 40.9911, 64.1727, -7.80943e-07, -1.05039e-06, -2.02087e-07, 
476, 110226, -137.103, 111.449, 74.975, 5.64319e-08, -3.06841e-08, -1.38997e-08, 
477, 69147.3, -170.716, 76.5302, -74.385, 7.28497e-08, -2.91633e-08, 1.73626e-08, 
478, 78852.8, 56.0177, -186.456, 38.695, -1.91512e-08, 8.21404e-08, -1.54182e-08, 
479, 29792.6, 2.58691, 24.7024, 192.407, 1.9379e-08, -4.50003e-09, -9.96337e-08, 
480, 314089, 172.408, 144.609, -125.885, -7.10436e-08, -1.4508e-08, -2.12562e-09, 
481, 26444, 6.63463, 180.66, -103.36, 7.97324e-09, -8.9924e-08, 2.02689e-08, 
482, 4012.15, 71.8321, -186.175, 160.666, -1.23573e-08, 6.15777e-08, -4.96889e-08, 
483, 69232.4, 193.98, 102.107, 71.9602, -9.84816e-08, -3.71385e-08, -3.91006e-08, 
484, 129362, 191.253, -89.8467, -70.0739, -1.03766e-07, 4.63881e-08, 7.63263e-09, 
485, 192303, -77.5196, 95.0358, -192.185, 3.29941e-08, -1.62701e-08, 8.45183e-08, 
486, 639082, 170.709, 166.941, -152.083, -1.05275e-07, -1.01514e-07, 7.801e-08, 
487, 29980.5, 8.59399, 141.785, 44.495, 1.06533e-08, -5.89392e-08, -2.06817e-08, 
488, 119655, 39.4176, 81.9998, -33.5939, -3.0886e-08, -2.45945e-08, 1.76875e-08, 
489, 417760, -109.04, 134.081, 116.633, 3.15831e-08, -4.15344e-08, -3.84629e-08, 
490, 84925.8, 114.046, -81.6316, 106.641, -4.78231e-08, 3.65325e-08, -5.5609e-08, 
491, 28565.2, -191.687, 123.885, 38.4638, 7.03886e-08, -5.05263e-08, -2.31906e-08, 
492, 303160, -15.2921, 119.139, -125.618, 8.84163e-08, -3.61075e-08, -1.01417e-07, 
493, 71520, -21.1576, -41.6072, -133.557, 5.1225e-08, 1.40404e-08, 7.87669e-08, 
494, 281473, -106.417, 3.33003, -51.9313, 5.05852e-08, -1.27457e-09, 7.02048e-09, 
495, 32385.2, 64.269, -13.9898, 95.0958, -3.7245e-08, -4.14736e-09, -5.54707e-08, 
496, 64285.7, 33.2216, -52.7246, 183.124, -2.0971e-08, 4.58076e-08, -9.12163e-08, 
497, 207511, 100.183, -176.798, 58.2827, -4.36685e-08, 6.51665e-08, 1.18144e-09, 
498, 30815.4, 37.7946, -137.366, -87.535, -3.68059e-09, 7.66039e-08, 1.29401e-08, 
499, 117880, -186.085, -19.752, 74.6344, 1.06961e-07, 2.22164e-08, -3.7086e-08, 
500, 6586.18, -80.3068, 12.7688, 95.6336, 1.90377e-07, 5.48162e-08, 7.98051e-08, 
501, 4924.69, -179.361, 126.087, 36.743, 5.21386e-08, -4.84871e-08, -1.44852e-08, 
502, 111127, 161.376, -4.7187, 182.728, -5.50046e-08, 1.79551e-08, -8.59376e-08, 
503, 14891.8, 180.74, 7.39726, -123.273, -8.97659e-08, 3.22084e-08, 8.65699e-08, 
504, 25729.2, -58.8295, 189.525, -5.87535, 3.09613e-08, -8.73561e-08, 2.03477e-09, 
505, 12257.4, 176.985, 29.4136, -153.726, -1.2908e-07, 2.46932e-08, 1.03512e-07, 
506, 69217, 106.708, -172.74, -177.087, -1.68357e-07, 1.52903e-07, -7.17705e-08, 
507, 189712, -179.188, -150.432, -128.65, 5.73135e-08, 5.588e-08, 2.12609e-08, 
508, 172749, 140.254, 82.2127, 44.0977, -7.19989e-08, -3.43967e-08, -2.85984e-08, 
509, 72191.8, -59.8893, 131.124, 58.6083, 4.70661e-08, -3.1078e-08, -4.79233e-08, 
510, 2063.73, 87.5061, -40.0297, 136.283, -3.0988e-08, 2.84255e-08, -7.8854e-08, 
511, 26734.4, -193.265, -88.7864, -78.5631, 7.92739e-08, 5.7209e-09, 3.21498e-08, 
512, 167869, -177.007, -11.8121, 62.9664, 6.59201e-08, -1.18075e-08, 1.16409e-08, 
513, 52905.8, 49.7444, -112.239, 129.299, -1.29026e-08, 4.5133e-08, -5.34867e-08, 
514, 69960, 124.227, 144.273, -123.761, -1.4652e-08, -4.67136e-08, 3.59605e-08, 
515, 171647, -23.078, -129.274, 40.8442, 2.1042e-08, 5.58642e-08, -2.27404e-08, 
516, 142828, 136.935, -16.2711, 36.3764, -5.508e-08, 1.68707e-08, -6.98698e-09, 
517, 73681.8, 147.037, -146.402, 111.717, -3.95459e-08, 1.4203e-08, -2.1915e-08, 
518, 239964, -31.8156, -171.127, -8.17233, 3.27959e-08, 8.79228e-08, -5.69939e-10, 
519, 95483.6, -133.477, 191.794, -67.915, 6.02323e-08, -6.65568e-08, 1.72921e-08, 
520, 15725.4, -25.2661, -106.088, 178.885, 1.64359e-08, 2.99577e-08, -8.87689e-08, 
521, 165097, 46.7291, -6.52201, 83.661, -5.98397e-08, -1.46179e-08, -5.33931e-08, 
522, 142721, 50.6504, -157.404, 104.659, -4.71401e-09, 6.66902e-08, -4.53183e-08, 
523, 11498.1, 73.2463, 96.6713, -104.307, -2.64478e-08, -5.62204e-08, 4.21929e-08, 
524, 6958.13, 15.316, 60.5021, -199.761, 2.92191e-09, -1.28422e-08, 9.7412e-08, 
525, 151308, -50.3251, -31.0912, -27.2031, 4.53603e-08, 1.88514e-08, 7.71579e-09, 
526, 242388, 175.429, -157.106, 154.299, -6.13281e-08, 3.53918e-08, -3.74188e-08, 
527, 2123.71, -187.775, -51.0742, 28.4052, 7.13184e-08, 2.63319e-09, -7.69771e-09, 
528, 120798, 175.314, -134.667, -160.704, -5.31684e-08, 3.40435e-08, 4.75263e-08, 
529, 88350.1, -49.1969, 122.294, -139.95, 3.66469e-08, -3.42533e-08, 4.35768e-08, 
530, 71506.1, 78.4944, -120.15, -40.5406, -1.47758e-08, 6.56257e-08, 1.16272e-08, 
531, 42625.7, -113.896, 95.3846, -131.019, 4.81481e-08, -2.00228e-08, 4.55641e-08, 
532, 5509.5, -2.60736, -70.6761, -25.7921, 2.58348e-08, 4.2133e-08, 1.91026e-10, 
533, 29454.6, 71.403, -64.9335, -168.749, -4.24496e-08, 2.95692e-08, 4.43606e-08, 
534, 55216, 198.059, -128.744, 143.747, -8.23787e-08, 2.76541e-08, -2.74235e-08, 
535, 121026, -128.412, 125.454, -25.9201, 5.984e-08, -4.74857e-08, -1.65764e-09, 
536, 60856.5, -21.6509, -107.189, 65.3669, 1.72256e-08, 4.85555e-08, -3.72322e-08, 
537, 15005.2, 3.76132, 177.699, 85.2791, 3.11759e-08, -5.43261e-08, -5.35481e-08, 
538, 83066.3, 109.25, -56.6357, -176.985, -3.63667e-08, 2.29852e-08, 9.19885e-08, 
539, 45838.6, -137.285, -18.6939, -27.8351, 5.76658e-08, 5.03463e-09, 2.96306e-10, 
540, 48915.8, -160.879, 92.0422, 27.3031, 6.59509e-08, -2.37297e-08, -7.06182e-09, 
541, 80149.1, 126.25, 185.419, -137.825, -1.09903e-08, -7.95297e-08, 2.78136e-08, 
542, 9918.56, -116.654, -24.4216, 55.5203, 5.22095e-08, 2.08091e-09, 1.37321e-08, 
543, 95290.4, 93.5428, -94.2831, 94.7296, -3.80169e-08, 2.98739e-08, -3.08138e-08, 
544, 11080.6, 24.8593, -157.709, -15.0931, -2.07992e-08, 8.11672e-08, -1.12937e-08, 
545, 69497, -24.5847, 143.573, -177.003, 1.37912e-08, -4.27653e-08, 9.6727e-08, 
546, 143246, -14.7908, -51.0926, -122.278, 2.11597e-08, 4.85171e-08, 3.17503e-08, 
547, 114978, -89.5979, 96.1582, -46.9213, 5.02934e-08, -2.73929e-08, 1.57341e-08, 
548, 55534.7, -80.5683, -36.3848, -79.585, 4.64458e-08, 1.15333e-08, 1.53462e-08, 
549, 206664, 138.311, 46.5688, -26.3801, -6.87944e-08, -3.01029e-08, -9.69508e-09, 
550, 42343.9, -59.4456, 171.001, -58.4216, 6.41289e-08, -7.86198e-08, -8.53127e-09, 
551, 255857, -167.157, -32.7784, -130.656, 8.25691e-08, 2.35879e-08, 3.58389e-08, 
552, 64863.4, -96.9415, 52.0851, -135.347, 4.78234e-08, -1.38827e-08, 5.10884e-08, 
553, 11336.6, -157.426, -181.201, -167.756, 2.80731e-08, 7.1112e-08, 3.56652e-08, 
554, 23461.2, 111.36, 3.78516, -134.608, -4.5872e-08, -9.84896e-09, 7.34235e-08, 
555, 326954, -162.195, -71.972, 105.445, 8.11333e-08, 2.94478e-08, -2.41678e-08, 
556, 164944, 50.9596, -165.666, -61.243, -2.67302e-08, 9.17525e-08, 1.78604e-08, 
557, 76746.7, 94.3425, -105.068, 103.337, -3.43487e-08, 7.35945e-08, -7.29972e-08, 
558, 152454, -25.6624, -155.695, 73.0258, 1.31382e-08, 8.17796e-08, -3.38871e-08, 
559, 85267.4, 94.717, 164.16, -37.3792, -3.63706e-08, -1.00671e-07, 2.47567e-08, 
560, 2379.09, 58.3637, -4.27845, -191.543, -3.32548e-09, 6.75286e-09, 1.08509e-07, 
561, 51780.9, -173.423, 35.3218, -192.11, 6.34449e-08, -4.79977e-09, 6.24996e-08, 
562, 40432.5, -32.6293, 120.566, 192.803, 3.51371e-08, -5.15993e-08, -7.88386e-08, 
563, 121613, 166.74, 25.4595, 87.6154, -8.68076e-08, 8.70563e-09, -6.58502e-08, 
564, 75935.2, -28.117, 163.351, -138.786, 1.42444e-08, -8.01583e-08, 1.06313e-08, 
565, 199962, -42.246, 167.129, -69.6991, 2.11241e-08, -7.12135e-08, 2.22855e-08, 
566, 133694, -79.5715, 167.503, -3.90874, 4.28105e-08, -7.03453e-08, -2.78451e-09, 
567, 183761, 29.096, 96.6323, 178.124, 6.04088e-09, -2.95115e-08, -8.11532e-08, 
568, 60201.6, 135.944, -62.0228, -40.5661, -5.09097e-08, 2.44828e-08, 1.89337e-08, 
569, 53354.3, 130.03, -5.87784, 70.0404, -3.52209e-09, -7.20978e-08, -6.62935e-08, 
570, 213863, 4.5496, -187.168, -38.2642, 2.83901e-08, 1.04883e-07, 1.09525e-08, 
571, 78.7396, -85.1589, 195.059, 183.803, 2.82197e-08, -6.46296e-08, -5.72092e-08, 
572, 12856.5, -92.3195, 187.337, 163.27, 3.55552e-08, -6.49444e-08, -4.5525e-08, 
573, 66972.6, -161.451, 72.6642, 75.8695, 6.08277e-08, -2.0741e-08, -1.18879e-08, 
574, 182017, -17.9652, -173.595, -178.461, 1.40339e-08, 7.21867e-08, 5.30181e-08, 
575, 755.611, 136.058, -155.08, -45.0329, -2.89329e-08, 1.01951e-07, 5.98694e-09, 
576, 17478.5, -135.861, 111.103, 25.9056, 5.02476e-08, -5.38846e-08, 2.23062e-09, 
577, 180193, -107.339, -80.6573, -91.5606, 4.17184e-08, 2.62118e-08, 2.87017e-08, 
578, 3312.38, -167.601, 7.21242, 185.456, 4.40972e-08, 8.59923e-09, -1.17759e-07, 
579, 75465.3, 136.895, -92.1107, -123.848, -5.61604e-08, 4.40475e-08, 5.84826e-08, 
580, 54073.7, -55.6827, -183.297, 181.392, 2.48078e-08, 5.8672e-08, -5.66851e-08, 
581, 181895, 47.3478, 131.019, -188.138, -1.6569e-08, -4.29066e-08, 7.74877e-08, 
582, 55496.1, 98.2067, 42.8435, 78.1736, 3.87368e-11, 4.05128e-08, -7.4103e-09, 
583, 275650, -18.3454, 180.64, 25.4005, 2.95374e-08, -8.22144e-08, 2.04949e-09, 
584, 394195, 55.8895, -61.8568, -76.4966, -1.43458e-08, 4.9095e-08, 2.41178e-08, 
585, 86149.9, 160.686, 23.0923, -126.449, -5.29833e-08, -2.51403e-09, 7.2631e-08, 
586, 316518, 147.656, 83.9522, -192.016, -8.03666e-08, 5.15918e-10, 8.93707e-08, 
587, 175181, -1.43746, -104.206, -111.382, 2.00753e-08, 3.81348e-08, 3.34415e-08, 
588, 112304, -71.739, 136.544, -140.809, 3.77986e-08, -4.72383e-08, 4.23465e-08, 
589, 448793, 148.029, 26.9439, 62.7177, -5.90557e-08, 9.57861e-10, -1.82505e-08, 
590, 124506, 65.7998, -32.7888, -20.3784, -6.42611e-08, 1.47538e-07, -3.26132e-08, 
591, 45398.6, 197.617, -192.977, 148.996, -7.04717e-08, 4.76902e-08, -1.49649e-08, 
592, 14297.2, 187.891, 112.412, 183.493, -5.77923e-08, -2.16814e-08, -5.326e-08, 
593, 170113, 71.1893, 88.9238, 130.153, -1.70444e-08, -1.67675e-08, -6.12795e-08, 
594, 86884, -169.811, -88.7309, 171.924, 5.42286e-08, 2.0582e-08, -6.07715e-08, 
595, 2908.09, -195.908, -169.22, -53.0966, 6.84003e-08, 6.06828e-08, 5.50398e-09, 
596, 82203, -75.1651, 175.558, 177.595, 2.40837e-08, -5.03066e-08, -6.18582e-08, 
597, 340714, 29.0361, 9.56129, -95.948, 2.05779e-08, -5.17488e-09, 1.92564e-08, 
598, 44867.8, -37.6731, -123.879, 152.977, 2.95367e-08, 5.25431e-08, -6.35819e-08, 
599, 299826, 188.819, 169.448, 171.948, -5.26247e-08, -3.29922e-08, -5.01649e-08, 
600, 67434.4, -28.8663, 7.433, 70.3088, 5.68014e-08, 9.75819e-08, -4.5844e-08, 
601, 63787.2, 63.3007, 172.88, -7.31258, -1.80435e-08, -9.38241e-08, 1.756e-08, 
602, 100397, 144.779, 197.373, 104.587, -6.87829e-08, -9.21e-08, -4.30047e-08, 
603, 24970.9, -31.9908, -44.7905, -23.722, 2.58552e-08, 4.13611e-08, 3.77521e-09, 
604, 169725, 23.7285, 173.107, -120.622, -7.20404e-09, -8.04328e-08, 4.14938e-08, 
605, 6558.31, 127.772, -196.969, 99.9289, -2.38639e-08, 9.17542e-08, -1.28714e-08, 
606, 4937.25, -39.0109, -40.3431, 122.182, 3.90554e-09, 2.12941e-08, -7.66464e-08, 
607, 98486.5, -150.369, 54.1286, -182.604, 4.94047e-08, -1.35046e-08, 5.74219e-08, 
608, 68836.8, -34.9979, 91.5055, 31.1691, 5.43515e-08, -3.99885e-08, -1.85692e-08, 
609, 68632.5, -5.48146, 196.024, -35.9934, 3.93429e-09, -9.76454e-08, 1.14969e-08, 
610, 36169.3, -106.108, 165.038, -31.6726, 4.85073e-08, -6.39852e-08, 1.09136e-09, 
611, 199915, -110.909, -54.1161, 127.348, 4.56694e-08, 2.68486e-08, -7.14758e-08, 
612, 54041.8, 92.336, -136.933, -88.0763, -3.30651e-08, 6.47455e-08, 3.51816e-08, 
613, 43926.2, 163.403, -46.5431, -32.4927, -7.91758e-08, 2.50599e-09, 2.22357e-08, 
614, 292554, 69.9312, 183.565, -178.284, -1.23531e-08, -5.3698e-08, 5.20853e-08, 
615, 302897, 9.08335, 2.19598, 25.687, 5.7713e-09, 2.29598e-09, -2.62921e-08, 
616, 1120.54, -11.743, 78.3493, -44.9884, 1.76465e-07, 5.87891e-08, 1.91589e-08, 
617, 243739, 107.541, 46.5133, 47.6894, -2.15429e-08, 1.07251e-08, 3.15892e-09, 
618, 55299.6, -17.9694, 117.806, -187.089, 1.51018e-08, -3.85206e-08, 9.20656e-08, 
619, 147235, 188.191, -196.244, -25.7509, -6.35569e-08, 7.42963e-08, -3.81486e-09, 
620, 126026, 196.459, 147.614, -194.306, -5.82947e-08, -2.94056e-08, 6.31667e-08, 
621, 53340.8, -71.3476, 37.2875, 120.713, -1.32089e-08, 6.59747e-11, -4.68099e-08, 
622, 70823.4, -134.44, 147.755, 147.574, 4.079e-08, -6.03745e-08, -3.88723e-08, 
623, 42082.4, -107.285, 74.5412, 188.453, 3.98629e-08, -1.85786e-08, -8.78503e-08, 
624, 21486.7, 116.727, -155.784, -19.8998, -2.94237e-08, 8.98251e-08, -5.36338e-09, 
625, 11196.3, -154.541, -117.54, -124.748, 3.51856e-08, 3.88634e-08, 3.59875e-08, 
626, 21163.6, -30.9739, -30.4736, 198.044, 1.80358e-08, 1.85869e-08, -9.94097e-08, 
627, 68288.7, 139.105, 9.84033, -123.785, -3.83214e-08, -2.96589e-09, 7.64928e-08, 
628, 179646, 46.6909, 22.327, -110.426, -2.26015e-08, -3.83877e-08, 7.73132e-08, 
629, 94870.7, -138.355, -96.4981, -182.342, 4.04233e-08, 2.34271e-08, 6.53623e-08, 
630, 158578, -197.347, -101.078, -137.662, 9.33779e-08, 2.24928e-08, 4.82108e-08, 
631, 78050.3, 13.0728, -18.3645, 84.3208, 4.25034e-08, 6.43998e-08, -1.66801e-09, 
632, 98602.9, 147.536, 27.8161, -10.7784, -6.72705e-08, -9.85619e-09, -1.62745e-08, 
633, 57190.8, -2.09253, 190.364, 148.709, 2.00685e-08, -8.22927e-08, -4.87866e-08, 
634, 27832.3, -183.876, 182.032, -14.5217, 5.79474e-08, -5.30502e-08, 2.81502e-09, 
635, 29790.7, 142.32, 24.7756, 144.976, -3.86436e-08, -8.33973e-09, -7.35095e-08, 
636, 236612, -8.87629, 101.358, -52.8502, 3.47311e-08, -6.11891e-08, 4.38191e-08, 
637, 88510.3, 126.942, -43.0289, -121.095, -6.31912e-08, 1.58618e-08, 6.50719e-08, 
638, 51991.6, -15.5805, -26.9969, -158.111, 2.94117e-08, 5.70711e-08, 8.70362e-08, 
639, 33369.5, -165.466, 5.16387, 84.6786, 6.66204e-08, -8.91988e-09, -8.84867e-09, 
640, 34593.4, -30.828, 7.97872, -8.22074, 5.00996e-08, 7.92933e-09, 1.82826e-08, 
641, 155904, -148.672, -118.551, 70.6158, 6.28042e-08, 4.85424e-08, -8.848e-09, 
642, 161715, 192.679, -93.0103, 16.3974, -1.1235e-07, 4.04957e-08, -5.72392e-08, 
643, 34971.3, 30.6155, 81.3345, -180.914, -6.85479e-09, -2.2414e-08, 9.19843e-08, 
644, 22182.2, 95.0908, 178.87, -9.41079, -3.31858e-08, -9.93471e-08, 6.19677e-09, 
645, 36174.4, -125.691, -34.8883, -88.1637, 6.2567e-08, 6.42669e-09, 2.57747e-11, 
646, 54282.6, -36.6218, -152.443, 19.3418, 4.36462e-08, 7.7209e-08, -1.2249e-08, 
647, 278774, 159.787, -70.5589, -8.5548, -4.66538e-08, -1.14086e-08, -8.10855e-09, 
648, 89223.4, -21.2972, -129.855, -27.9262, 3.03896e-08, 4.46308e-08, 1.5702e-08, 
649, 24149.2, 109.544, 10.3256, -94.092, -8.54258e-08, 5.87806e-10, 5.20058e-08, 
650, 176361, -191.2, -24.617, -34.4934, 8.36618e-08, -1.2518e-08, 5.28801e-09, 
651, 18753.2, -15.7302, -10.2846, 45.2075, 3.92542e-08, 2.67689e-08, -2.69101e-08, 
652, 166575, 119.886, -51.8278, -103.984, -6.06123e-08, 2.64823e-08, 3.88754e-08, 
653, 93340.4, 124.058, -89.1067, -109.878, -3.18622e-08, 5.90762e-08, 3.60004e-08, 
654, 4995.59, -97.6105, 114.833, -168.263, 4.40669e-08, 6.35533e-09, 7.56621e-08, 
655, 47615.6, -14.7347, -146.345, 118.509, 9.87741e-09, 7.23226e-08, -2.27607e-08, 
656, 133580, 23.839, -121.427, 69.7953, -1.07057e-08, 5.91931e-08, -3.59822e-08, 
657, 98990.7, -23.3554, -99.465, 146.079, 3.95018e-09, 4.67246e-08, -6.63974e-08, 
658, 10138.8, 135.635, -173.29, 25.0792, -4.40511e-08, 7.96194e-08, -6.44603e-09, 
659, 95870.1, -183.105, -96.6738, -122.347, 9.11663e-08, 3.45919e-08, -1.65463e-08, 
660, 138815, -131.877, -119.89, -25.3882, 5.34162e-08, 3.67701e-08, -1.86926e-09, 
661, 97398.4, 93.3675, 106.702, 25.5714, -2.97585e-08, -4.45897e-08, -9.42661e-09, 
662, 84411.1, -108.037, -98.4084, -73.8709, 3.4292e-08, 3.94577e-08, 9.65655e-09, 
663, 30655.9, -149.814, -183.495, -113.43, 2.93223e-08, 7.21064e-08, 2.73531e-08, 
664, 101588, 75.0332, 156.609, -53.2603, -1.05144e-08, -8.43415e-08, 4.33027e-08, 
665, 250374, 139.924, -183.854, 171.665, -5.6623e-09, 5.9522e-08, -6.72021e-08, 
666, 42099.5, 44.4454, -139.929, -56.6573, -1.74403e-08, 4.69519e-08, 1.16653e-08, 
667, 21053.3, 132.071, -129.627, 172.888, -1.62669e-08, 2.64241e-08, -6.54584e-08, 
668, 112063, 72.782, -10.0608, -142.709, -2.54541e-08, 1.0413e-08, 7.6864e-08, 
669, 29643, -159.909, -27.5387, -140.232, 3.24052e-08, -2.00845e-08, 1.44831e-07, 
670, 193728, -37.8589, -12.4212, 95.96, 5.76181e-08, 2.23798e-07, 2.01959e-08, 
671, 60297.5, -101.248, -80.7871, 155.285, 3.42935e-08, 4.58897e-08, -7.94268e-08, 
672, 68514.7, 153.858, 45.2315, 177.022, -3.48887e-08, -2.59207e-08, -5.80003e-08, 
673, 48055.5, -14.4503, 31.9684, 129.842, 2.17042e-08, -1.71994e-08, -7.35248e-08, 
674, 91282.2, -183.892, -124.731, -168.151, 5.67757e-08, 1.9719e-08, 5.81621e-08, 
675, 94650, 182.795, 52.9819, -169.332, -7.19362e-08, -1.3582e-08, 7.08323e-08, 
676, 87298.2, -57.455, 38.8703, -175.239, 2.83439e-08, -1.0292e-08, 7.79003e-08, 
677, 335374, 191.542, 49.8409, -118.855, -9.52388e-08, -3.75324e-08, 5.32268e-08, 
678, 271080, -23.078, -10.693, -162.45, 5.29485e-08, -1.35372e-08, 9.99392e-08, 
679, 191797, -61.1516, 79.6276, -7.71311, 4.95637e-08, -2.87241e-08, 9.18572e-10, 
680, 40261.1, 26.055, 165.319, -38.1648, -2.04243e-08, -9.47942e-08, 3.16281e-08, 
681, 36041.9, 175.018, 55.0222, -59.6435, -8.80505e-08, -3.91095e-08, 9.69323e-10, 
682, 206681, 33.1468, 2.47352, -28.5777, 2.46337e-08, -1.35701e-08, 2.411e-09, 
683, 8320.27, -8.70072, 58.8726, 36.8875, -1.64305e-08, -2.65183e-08, -5.7304e-08, 
684, 32096.7, 180.316, -93.1656, 87.1286, -7.56332e-08, 3.65262e-08, -3.24845e-08, 
685, 2839.26, 196.837, -145.037, -70.0091, -8.48957e-08, 4.93722e-08, 2.17284e-08, 
686, 22898.5, 93.1746, 114.801, 186.321, -6.88317e-08, -3.62384e-08, -3.01106e-07, 
687, 1958.56, 107.814, 13.9734, -64.7218, -6.91783e-08, 1.15045e-08, 8.67168e-09, 
688, 203266, -26.1426, -182.047, 163.63, 1.64131e-08, 7.23465e-08, -4.96909e-08, 
689, 177403, -186.732, 48.5599, 188.722, 5.9245e-08, -1.46909e-08, -6.42208e-08, 
690, 22173.9, -120.891, 35.245, 176.964, 4.31599e-08, -2.31756e-08, -7.03272e-08, 
691, 9301.18, -175.384, 9.69341, 170.619, 2.78782e-07, -1.71169e-07, -3.01496e-07, 
692, 270483, -94.6152, 181.724, -108.766, 3.99689e-08, -7.13971e-08, 2.26732e-08, 
693, 31517.7, 27.9185, 85.1072, -40.8842, 4.79466e-09, -3.38068e-08, 4.94911e-08, 
694, 69191.3, -123.533, 139.746, 100.451, 7.65591e-08, -6.34616e-08, 8.72618e-09, 
695, 227210, -73.8476, -46.4229, 134.951, 2.53022e-08, 1.79295e-08, -7.6336e-08, 
696, 54592.4, 190.49, -198.874, 159.955, -4.99588e-08, 6.45587e-08, -4.7107e-08, 
697, 106386, 3.70463, -57.5866, -161.649, 4.2142e-08, 7.28235e-08, 9.46748e-08, 
698, 248762, 43.2773, 164.4, 112.168, -1.66506e-07, 7.6628e-07, 2.17195e-07, 
699, 49438.2, 40.9458, -88.295, 112.638, -1.12348e-08, 4.90387e-08, -5.04788e-08, 
700, 14262, 185.082, 103.586, 68.6721, -4.06883e-08, -4.82365e-08, -2.14638e-08, 
701, 15070.7, 84.3124, 81.3768, -115.091, -3.74056e-08, -4.74736e-08, 5.38603e-08, 
702, 227202, 175.144, -105.28, 144.642, -7.41932e-08, 9.30574e-09, -2.16857e-08, 
703, 158839, -28.3161, 184.079, -57.6543, 2.38491e-09, -1.02495e-07, 7.22434e-09, 
704, 175566, -168.727, -151.056, 141.867, 3.094e-08, 4.41479e-08, -2.52053e-08, 
705, 145461, -63.1273, -197.738, -153.1, 1.64514e-08, 6.93725e-08, 3.36473e-08, 
706, 35162.7, -137.128, -103.609, -96.9627, 5.71979e-08, 3.61167e-08, 3.59645e-08, 
707, 115256, 74.9127, -178.879, -193.374, 2.63178e-08, 6.33867e-08, 8.46238e-08, 
708, 126166, -139.978, -44.3366, 192.797, 4.63068e-08, 2.67055e-08, -9.04809e-08, 
709, 25160.6, -116.921, 98.8777, 48.597, 4.51161e-08, -2.72985e-08, -1.18019e-08, 
710, 58203.9, -169.083, -167.952, -106.883, 4.84364e-08, 6.13721e-08, 2.79061e-08, 
711, 31151.9, -52.0507, 163.737, -141.316, 3.10645e-08, -7.37385e-08, 4.27247e-08, 
712, 19676.4, 132.314, 49.9606, -32.7636, 4.0082e-08, -9.724e-08, 1.00294e-07, 
713, 27612.1, -162.738, 62.7771, 16.5868, 4.6832e-08, -4.0071e-08, -2.94875e-08, 
714, 9368.31, 151.391, 16.2366, 192.035, -3.8527e-08, 8.46073e-09, -9.79592e-08, 
715, 32929.9, -30.8828, 78.0329, 159.202, 3.38201e-08, -2.17377e-08, -5.60688e-08, 
716, 90147.1, -55.2958, -133.028, 124.165, 2.57098e-08, 6.58344e-08, -4.2323e-08, 
717, 93774.6, -11.9062, -155.253, -129.969, 1.28434e-08, 7.73303e-08, 3.49358e-08, 
718, 44102.3, 64.8187, 126.297, -144.376, -2.19102e-08, -6.14303e-08, 5.68362e-08, 
719, 106347, -0.260706, 33.5045, -117.458, 4.05835e-08, -2.40807e-08, 5.78797e-08, 
720, 416887, 9.36549, -5.95609, 104.885, 3.91277e-09, -5.72788e-09, -7.1824e-08, 
721, 238713, 36.4999, -7.81306, 176.085, 4.80221e-07, -2.72558e-07, 5.11033e-09, 
722, 28564, -189.256, 132.562, -163.163, 8.59139e-08, -2.39697e-08, 2.91227e-08, 
723, 434616, 127.751, 94.3494, -184.223, -7.14164e-09, -4.41446e-08, 6.29432e-08, 
724, 294364, -169.246, 123.35, 131.245, 6.68353e-08, -4.04328e-08, -2.75003e-08, 
725, 85904.7, -174.761, -120.492, -37.1949, 6.42575e-08, 3.09323e-08, 7.38864e-09, 
726, 159430, -4.57573, -50.0567, 108.83, 9.57304e-09, 4.97903e-08, -5.6958e-08, 
727, 27764.8, 130.738, 15.0507, 194.693, -2.48446e-08, 7.15505e-09, -9.7392e-08, 
728, 36826.7, 184.668, 85.2538, -38.5548, -8.91868e-08, -2.96102e-08, 1.29315e-08, 
729, 29595.6, -156.792, -89.8402, -156.68, 4.34917e-08, 2.03265e-08, 5.84622e-08, 
730, 95538.7, -154.467, -44.9527, 168.066, 6.159e-08, 2.5592e-08, -6.42872e-08, 
731, 524062, 70.1628, 170.785, 160.124, -1.31085e-08, -6.10223e-08, -5.60578e-08, 
732, 167198, -45.6171, -148.713, -153.823, 2.96451e-08, 5.74419e-08, 5.30057e-08, 
733, 82138.8, -182.533, 110.236, 1.95078, 3.93962e-08, -4.66398e-08, 3.31248e-08, 
734, 11539.2, -131.826, 197.436, -21.165, 4.46839e-08, -7.14584e-08, -2.4828e-08, 
735, 152676, 29.8189, -183.474, 158.139, -2.74306e-08, 6.62082e-08, -4.98808e-08, 
736, 62660.4, 192.38, 0.348884, 169.561, -8.23589e-08, 9.50211e-09, -5.89492e-08, 
737, 64251.1, -153.396, 47.9204, 7.26636, 5.64524e-08, -1.07661e-08, -2.7239e-09, 
738, 110836, -154.781, 16.7894, 101.669, 4.57697e-08, -1.45196e-08, -2.14492e-08, 
739, 18617.6, 144.796, 172.675, 187.091, -4.78182e-08, -4.00482e-08, -5.96677e-08, 
740, 4533.11, -53.0014, 76.4768, 95.2984, 5.11106e-08, -5.14819e-08, -4.82614e-08, 
741, 259567, 47.9589, -28.6686, 48.143, -2.27504e-08, 3.4012e-08, -1.78228e-08, 
742, 12943.6, -127.541, -35.1198, -105.814, 8.12456e-08, 1.76417e-09, 4.93706e-08, 
743, 62903.4, 145.445, -163.693, 140.838, -1.90988e-08, 2.81222e-08, -3.44601e-08, 
744, 68630.7, -189.54, -104.474, -63.8217, 3.68451e-08, -4.49269e-08, 7.59425e-09, 
745, 32666.7, 6.58338, -133.839, 133.719, -1.4302e-07, 1.82812e-07, -5.63646e-08, 
746, 80913.6, -168.134, -96.6448, 122.151, 7.62088e-08, 5.26157e-08, -4.67619e-08, 
747, 7872.06, -70.9398, -14.1796, 169.768, 1.23141e-08, 2.38341e-08, -6.32322e-08, 
748, 5640.71, -113.233, -35.6658, 12.2342, 5.61713e-08, 1.1911e-08, 2.73368e-09, 
749, 18523.3, 98.5385, -130.966, -186.387, -3.25769e-08, 1.86228e-08, 7.63408e-08, 
750, 36551.1, 97.3501, 92.332, -88.477, -3.91456e-08, -5.25788e-08, 4.28338e-08, 
751, 142480, -44.8864, -86.249, 136.229, 2.88399e-09, 4.19622e-08, -6.10174e-08, 
752, 31612.6, 176.459, 159.263, -176.713, -6.15599e-08, -3.25276e-08, 1.12395e-07, 
753, 5106.44, 135.179, -107.828, 161.039, -1.98769e-08, 2.31884e-08, -6.22781e-08, 
754, 29420.5, 179.042, -45.1041, 102.19, -9.66453e-08, 2.62501e-08, -4.19009e-08, 
755, 193355, -96.4219, 130.868, -158.498, 3.95745e-08, -3.40176e-08, 4.97272e-08, 
756, 6155.5, -42.1779, -50.1549, -118.13, 5.33122e-08, 4.64132e-08, 5.57033e-08, 
757, 15873.1, -146.157, -61.8059, 171.447, 4.39123e-08, 4.89396e-08, -6.83116e-08, 
758, 34827.4, -162.389, 68.2285, -188.018, 6.3951e-08, -2.4363e-08, 6.25475e-08, 
759, 152789, -11.2217, 105.063, 191.165, 3.90723e-09, -5.64819e-08, -8.52588e-08, 
760, 51902.5, 90.1184, -99.5052, -16.1814, -4.14585e-09, 9.66979e-08, -1.10016e-10, 
761, 70432, -105.189, 29.2257, -188.105, 3.77355e-08, 5.3664e-09, 7.47083e-08, 
762, 103167, -24.906, 85.6765, 188.594, 1.40271e-07, 2.58845e-08, -4.38497e-08, 
763, 149501, 71.6834, -154.535, -162.542, -8.1604e-09, 4.75534e-08, 4.05977e-08, 
764, 1874.04, 22.6048, 3.63097, -134.043, -1.52002e-07, -9.26373e-08, 9.59805e-08, 
765, 9892.97, -2.48476, 90.5823, -180.004, 7.00981e-09, -3.23646e-09, 7.72604e-08, 
766, 174101, 13.4599, 188.388, 77.8497, 6.61576e-09, -1.00523e-07, -2.66611e-08, 
767, 83917.8, 167.891, -178.877, -1.72925, -5.04324e-08, 7.13927e-08, -1.87189e-08, 
768, 6860.91, 149.464, -2.29383, -100.296, -6.33501e-08, 4.07505e-08, 2.04616e-08, 
769, 179697, 74.7905, 10.7885, -186.152, -1.86419e-08, -9.8222e-09, 1.06434e-07, 
770, 194734, 165.302, 33.748, -148.798, -5.42149e-08, -1.05894e-08, 8.10451e-08, 
771, 157994, -6.82923, -162.708, 6.15608, 7.71284e-10, 9.4722e-08, -2.05011e-08, 
772, 15194.5, -140.72, -179.696, 189.284, 2.1059e-08, 5.18885e-08, -5.31156e-08, 
773, 44136.1, -74.6922, 140.791, -117.234, 4.12937e-08, -4.72759e-08, 2.08799e-08, 
774, 74679.2, 47.8049, -107.869, -101.326, -1.68907e-08, 4.74321e-08, 3.22978e-09, 
775, 19489.5, 126.896, -193.311, -146.665, -2.42704e-08, 6.88089e-08, 2.26191e-08, 
776, 191125, 151.232, -37.5733, 154.331, -7.8235e-08, 4.52372e-08, -6.74103e-08, 
777, 159603, -83.0027, -3.79314, 193.327, 1.42921e-08, 2.49805e-08, -1.21949e-07, 
778, 5274.14, 169.864, 151.273, 94.4083, -7.39899e-08, -3.99575e-08, -3.89494e-08, 
779, 142839, -160.351, 119.133, -70.6626, 6.66737e-08, -3.91872e-08, 1.42223e-08, 
780, 52806.6, 52.9077, -169.457, 89.0405, -3.91302e-09, 8.99604e-08, -1.67544e-08, 
781, 97537.4, 87.7653, -68.1844, -11.8018, -5.25122e-08, 1.06275e-08, -1.39355e-08, 
782, 289291, -66.5069, -70.7944, 62.129, 1.58635e-08, 3.56176e-08, 1.51576e-08, 
783, 351900, -87.8175, 10.6523, 177.038, 3.03634e-08, -2.74233e-08, -6.48844e-08, 
784, 26316.7, 134.548, -97.2447, -139.834, -3.68408e-08, 3.94902e-08, 8.69083e-08, 
785, 140040, 68.2211, -89.2809, -112.21, -3.19187e-08, 4.45965e-08, 4.58286e-08, 
786, 172870, 170.753, 161.655, 50.9896, -6.07553e-08, -5.20163e-08, -2.34633e-08, 
787, 277642, 103.263, 55.1051, 89.3145, -2.3889e-08, -1.25583e-08, -5.03522e-08, 
788, 107372, 52.733, -180.427, -154.443, -1.29383e-08, 9.44827e-08, 2.24703e-08, 
789, 202393, 139.465, -29.1723, 127.378, -5.29826e-08, 3.21576e-08, -6.26346e-08, 
790, 155316, -190.933, -30.6263, 3.66507, 7.80927e-08, 5.52837e-09, -4.44802e-09, 
791, 9655.18, -50.7707, -46.182, -150.475, 4.12687e-08, 2.38176e-08, 6.62056e-08, 
792, 99162.3, -21.8653, 100.793, -187.828, 1.95403e-08, -6.06261e-09, 9.27514e-08, 
793, 160773, 45.1499, 148.549, 95.2935, -7.83043e-09, -2.13566e-08, -1.87227e-09, 
794, 131393, -80.7278, 127.563, 44.86, 5.4244e-08, -4.69764e-08, -3.40248e-09, 
795, 192997, 17.9841, -26.4403, -133.627, -1.40829e-08, 7.02386e-08, 6.00415e-08, 
796, 224740, 65.2172, -62.0089, -186.9, -3.53965e-08, 1.29773e-08, 9.19016e-08, 
797, 278124, 180.698, 29.3915, -78.2351, -9.22214e-08, -3.22177e-08, -4.04442e-08, 
798, 1155.22, -184.034, 122.572, -174.996, 9.09653e-08, -7.30905e-09, 4.73512e-08, 
799, 63549.8, -82.4183, 59.1738, -28.3041, 5.61216e-08, -1.20245e-08, 7.13816e-09, 
800, 118780, -168.998, 157.575, 73.5778, 5.87808e-08, -5.57375e-08, -6.59631e-09, 
801, 151359, 100.362, -151.558, 194.446, -1.29148e-08, 3.69784e-08, -6.46765e-08, 
802, 53017.3, 67.482, 188.441, -102.213, -2.3762e-08, -1.07223e-07, 4.73662e-08, 
803, 10481.2, 95.4611, 157.661, -78.9205, -2.67143e-08, -7.24734e-08, 3.14026e-08, 
804, 14093.5, -111.692, 112.226, -61.5796, 5.22173e-08, -3.87533e-08, 1.28573e-08, 
805, 31272, -196.437, -133.953, 25.6525, 7.4024e-08, 5.10508e-08, -9.36121e-09, 
806, 17046, -4.22345, -111.379, -110.411, 9.59068e-08, 2.33917e-07, 6.59264e-09, 
807, 272989, 83.6329, 138.232, -33.1835, -2.89787e-08, -5.47682e-08, 2.31457e-08, 
808, 28718.3, -14.7092, 63.5131, -75.255, 3.69015e-08, -3.00367e-08, 2.30769e-08, 
809, 26133.4, -83.2565, -171.321, -196.92, 1.52734e-08, 4.31949e-08, 6.00823e-08, 
810, 8074.36, -164.893, 62.8622, 147.322, 5.71484e-08, -1.70084e-08, -4.28474e-08, 
811, 6762.52, -96.4521, 29.6233, 163.504, 4.4673e-08, -4.69106e-08, -4.73267e-08, 
812, 5894.22, 179.662, -137.797, -63.9855, -8.37955e-08, 5.1629e-08, 2.29957e-08, 
813, 58473, 165.094, 34.7636, 186.901, -7.09607e-08, 3.92111e-08, -7.20302e-08, 
814, 4579.56, -50.798, -144.787, 26.6018, 2.93809e-08, 7.13225e-08, -3.21202e-09, 
815, 29438.5, -5.53548, -166.825, -187.866, -2.30957e-08, 5.17033e-08, 8.39282e-08, 
816, 6697.59, 162.199, -66.5306, 17.0665, -9.68845e-08, 6.07393e-08, -5.91939e-08, 
817, 16079.4, -174.993, 123.408, 69.5154, 6.60491e-08, -2.99256e-08, -2.09707e-09, 
818, 205239, -179.312, 6.45729, 20.5081, 7.33838e-08, -9.99024e-09, -1.45512e-09, 
819, 20372.4, -156.654, -73.937, -164.679, 5.16174e-08, 8.8001e-09, 6.30405e-08, 
820, 103355, -137.657, 149.927, -75.3161, 5.98184e-08, -5.43267e-08, 1.41496e-08, 
821, 142044, 146.346, -132.48, -57.1472, -6.36902e-08, 6.47017e-08, 5.21109e-08, 
822, 103616, -131.211, 87.979, -95.742, 2.05632e-07, -2.2315e-07, 1.87055e-07, 
823, 153359, 27.2652, -45.6491, 91.136, -1.36968e-08, 5.8071e-08, -3.91937e-08, 
824, 86095.5, -197.364, 132.104, 99.5525, 8.45685e-08, -3.28239e-08, -2.036e-08, 
825, 5400.26, -179.168, -24.5655, -162.492, 6.9656e-08, 5.0908e-09, 7.22471e-08, 
826, 85173.6, -151.756, -139.882, -66.2868, 5.769e-08, 6.0901e-08, 2.29026e-08, 
827, 90448.5, -75.9074, -113.054, -195.89, 5.7402e-08, 4.021e-08, 9.049e-08, 
828, 6712.21, -70.4586, -65.3054, -6.48569, 3.82544e-08, 3.13013e-08, 4.82993e-09, 
829, 5735.01, -1.72077, 167.659, 141.079, 2.75143e-08, -6.54647e-08, -3.97713e-08, 
830, 32510.8, -61.5833, 191.309, -45.2757, 3.71409e-08, -9.28025e-08, -6.57081e-10, 
831, 22870.5, 26.3007, -13.2628, 10.7173, -2.76925e-08, 2.34337e-08, 1.15305e-08, 
832, 268443, -176.876, -165.155, -172.345, 4.90653e-08, 4.78727e-08, 4.12805e-08, 
833, 214944, 112.615, -110.714, -147.935, -3.60858e-08, 4.96525e-08, 6.42172e-08, 
834, 9190.57, -1.64371, -111.156, -179.558, 2.22901e-08, 5.23972e-08, 8.39884e-08, 
835, 33364.4, -1.2905, -113.864, -77.1185, 2.44407e-08, 5.8992e-08, 1.57311e-08, 
836, 262538, -129.042, -36.918, 87.6848, 8.34381e-08, -1.97641e-08, 6.80057e-09, 
837, 53570.1, -190.141, 161.682, 98.1546, 6.3697e-08, -5.27287e-08, -1.29803e-08, 
838, 43523.8, -82.2729, -115.644, -66.3898, 1.91959e-08, 4.54012e-08, 1.79637e-08, 
839, 252660, -116.99, -48.0919, 96.7906, 3.16589e-08, 4.06737e-08, -3.68717e-08, 
840, 101354, 127.372, -109.47, 68.9003, -4.47496e-08, 4.91122e-08, -3.27644e-08, 
841, 21980.7, 28.9635, 184.835, 172.133, 6.18002e-09, -8.45748e-08, -5.80277e-08, 
842, 109082, 36.9424, 62.8696, 125.956, -3.527e-09, -1.65243e-08, -5.35336e-08, 
843, 71503, -54.5079, 48.8126, -66.5984, 1.21329e-07, -2.52124e-08, -6.47634e-08, 
844, 24431.8, -58.9542, 169.67, -123.749, 1.93245e-08, -7.35655e-08, 3.03378e-08, 
845, 24532.2, -107.812, 133.669, 147.795, 2.86174e-08, -3.34708e-08, -7.62202e-08, 
846, 51367.1, 124.582, -61.37, -166.382, -5.84095e-08, 3.02065e-08, 7.78191e-08, 
847, 29146.1, 88.7045, -59.7338, 12.0089, -3.17344e-08, 2.7773e-08, -3.70363e-08, 
848, 35464.4, 30.4583, -19.0614, 22.2563, -2.56518e-08, 3.89811e-08, -1.77454e-08, 
849, 199671, -128.947, -124.917, -62.2548, 4.2168e-08, 4.65743e-08, 2.09541e-08, 
850, 35241.7, 70.5549, 197.882, -184.951, -1.44347e-08, -1.30292e-07, 8.47527e-08, 
851, 288854, 185.841, 135.571, -16.2729, -8.56793e-08, -5.51898e-08, 2.15687e-08, 
852, 74942.6, 12.1273, -74.2223, 162.933, -1.01685e-08, 4.51124e-08, -7.73383e-08, 
853, 92888.4, -18.6509, -147.559, 26.7953, 8.90891e-09, 7.93938e-08, -2.21023e-08, 
854, 56661.6, -179.543, 40.612, 156.666, 7.00809e-08, -2.60676e-08, -4.11011e-08, 
855, 141781, -199.403, -113.222, -19.4178, 8.54157e-08, 2.99966e-08, -6.06115e-09, 
856, 218341, 93.543, 65.2284, -71.9523, -3.49137e-08, -5.29514e-08, 2.52293e-08, 
857, 68080.4, -51.1824, 7.18699, -89.3327, 4.64511e-08, -6.78273e-10, 2.40051e-08, 
858, 72731.4, -64.9046, -113.742, -190.336, -7.76309e-09, 4.56274e-08, 5.64636e-08, 
859, 73217.9, 78.652, 195.049, 194.87, 1.35038e-08, -7.77058e-08, -8.87351e-08, 
860, 41776.3, 184.299, -170.867, -53.0564, -1.07512e-07, 5.87093e-08, -1.70717e-09, 
861, 99624.1, -136.878, -87.314, 122.161, 1.49575e-07, 8.00239e-08, -1.96559e-07, 
862, 7874.56, 128.281, 129, 49.572, -4.65073e-08, -5.24452e-08, -2.52355e-08, 
863, 12951.6, -57.8398, 130.858, -195.039, 2.60467e-08, -4.15641e-08, 9.07581e-08, 
864, 192919, -19.0114, -134.507, -198.979, 1.50812e-08, 4.40122e-08, 7.91217e-08, 
865, 11589.5, -3.94867, 87.6845, 158.546, 2.12607e-08, -3.03335e-08, -5.54441e-08, 
866, 138544, -121.616, -192.37, -195.844, 5.37128e-08, 5.13602e-08, 8.07061e-08, 
867, 245282, 21.6793, -162.671, -58.9988, -1.14771e-08, 6.62904e-08, 2.361e-09, 
868, 109924, -135.808, -54.2854, -196.029, 4.36095e-08, 1.55709e-08, 7.22831e-08, 
869, 114552, -8.67736, -143.633, 164.466, -2.91576e-10, 8.47474e-08, -2.54395e-08, 
870, 69720, -41.5274, 56.7675, 77.3999, 7.0717e-08, -3.55844e-08, -2.37321e-09, 
871, 310835, 119.151, 191.145, 76.2935, -6.23975e-08, -1.28085e-07, -5.36944e-08, 
872, 34382.8, -12.6096, 139.145, -111.947, 2.65563e-09, -9.17384e-08, 6.24972e-09, 
873, 85506.4, 128.72, 9.61115, -24.462, -2.5933e-08, -2.35209e-08, 4.08567e-08, 
874, 67978, 6.23764, -133.973, -150.65, 8.85565e-09, 7.48732e-08, 5.82397e-08, 
875, 9726.31, -119.526, -104.995, -160.03, 4.20472e-08, 3.3211e-08, 5.18038e-08, 
876, 141225, -113.229, -117.288, -106.252, 3.53605e-08, 5.26531e-08, 4.48946e-08, 
877, 240024, 47.0775, -111.357, -132.044, -5.9986e-08, 8.38635e-08, 1.05088e-07, 
878, 173094, 58.1227, 110.354, 108.898, -4.60247e-09, -3.65947e-08, -4.84634e-08, 
879, 321331, 63.4905, 0.559172, -93.9735, -3.09107e-08, 1.53364e-08, 4.27313e-08, 
880, 226529, 61.9527, -22.2026, -21.4181, -3.77858e-09, -1.23528e-08, -4.15294e-08, 
881, 102871, -101.42, -199.058, -166.804, 1.58142e-08, 6.50238e-08, 2.23971e-08, 
882, 201948, 156.801, -199.557, -159.884, -2.66944e-08, 6.46857e-08, 3.32932e-08, 
883, 44983, 19.4721, -13.6243, 84.9151, -6.08557e-08, -2.04706e-08, -1.64816e-08, 
884, 100010, -93.3756, 43.0616, -185.718, 2.64899e-08, -1.83196e-08, 7.15725e-08, 
885, 449565, 178.229, -96.6159, -9.08074, -1.67155e-07, 9.44677e-08, -3.77328e-08, 
886, 118538, -11.7739, 46.7131, 77.6395, -1.44408e-09, -4.05377e-08, -4.37523e-08, 
887, 27808.2, -22.4437, -50.2992, -70.8212, 4.98008e-08, 2.9317e-08, 7.99512e-09, 
888, 26557.7, 111.124, -198.09, -53.9786, -2.512e-08, 8.99876e-08, 9.24841e-09, 
889, 20618.7, -172.33, 168.647, -195.266, 6.02422e-08, -5.30265e-08, 6.16248e-08, 
890, 145489, -3.8646, 56.7331, -101.678, 3.2642e-08, -4.25061e-08, 3.49053e-08, 
891, 180322, -9.11694, 70.1129, 26.1228, 1.26303e-08, -4.61638e-08, -1.0583e-08, 
892, 2874.83, -19.0447, -77.1272, -113.257, 3.21433e-08, 5.0245e-08, 2.89795e-08, 
893, 50700.1, 47.9048, 186.025, -100.136, 1.15687e-08, -9.7307e-08, 3.01555e-08, 
894, 36712, 160.296, 117.124, -78.021, -6.203e-08, -5.31277e-08, 1.65907e-08, 
895, 38984.9, 95.1252, 52.7916, -101.55, -4.47356e-08, -5.06171e-08, 6.64885e-08, 
896, 189420, -127.802, 179.039, 63.3877, 4.93029e-08, -6.72006e-08, -9.01607e-09, 
897, 475684, 98.8989, -166.617, -184.407, -2.0248e-08, 2.96903e-08, 7.6868e-08, 
898, 430267, 91.9554, 23.0385, -85.8922, -4.74232e-08, -2.39348e-08, 3.6129e-08, 
899, 125018, 124.626, -51.0181, -76.3402, -5.97688e-08, 1.97063e-08, 1.18509e-08, 
900, 188529, 32.9513, -128.92, 163.747, -2.54544e-08, 4.07419e-08, -7.14292e-08, 
901, 197080, -3.43048, 82.1255, -44.7725, 2.07203e-08, 2.73471e-09, 1.69237e-08, 
902, 134649, 191.623, -96.6705, -96.3495, -9.56698e-08, 5.85288e-08, 4.88587e-08, 
903, 162267, 0.664581, 134.951, -190.277, -9.14001e-09, -4.83065e-08, 9.11422e-08, 
904, 90199, 108.24, 176.091, 188.718, -7.21689e-08, 3.12831e-08, -8.98908e-08, 
905, 52646.6, -110.106, -2.35512, 61.5407, 5.35958e-08, -1.23906e-08, -2.77272e-09, 
906, 22771.1, 33.0939, 153.795, 196.51, 1.58498e-08, -6.57233e-08, -9.30811e-08, 
907, 85476.9, 45.1172, 102.8, -125.861, -1.81362e-08, -5.91978e-08, 4.93302e-08, 
908, 21350, -17.1352, 115.7, -57.8555, 4.99341e-08, -9.40903e-08, 4.37147e-08, 
909, 10777.7, -50.8197, 195.19, -101.662, 1.15215e-08, -9.92199e-08, 3.19843e-08, 
910, 8988.96, 78.0152, -140.139, -89.1763, -1.26188e-08, 7.31414e-08, 3.65538e-08, 
911, 2105.28, -119.004, 86.5991, 47.1909, 4.77727e-08, -1.07739e-08, -1.42428e-08, 
912, 49109.7, -2.55805, 168.867, 194.2, 2.98815e-08, -5.63086e-08, -8.79107e-08, 
913, 28203.9, -165.634, 96.9292, -140.969, 6.22079e-08, -1.31151e-08, 3.26099e-08, 
914, 25949.8, 151.43, 51.1835, -96.2751, -4.16937e-08, -4.18004e-08, 3.84215e-08, 
915, 86884.1, 94.7629, 5.51145, 74.4023, -2.54814e-08, 1.38685e-08, -3.40454e-08, 
916, 123484, -78.3453, -70.7243, -117.51, 4.04214e-08, 4.13138e-08, 5.15428e-08, 
917, 122119, 72.8449, 175.178, -92.7799, -2.97133e-08, -6.74209e-08, 2.38817e-08, 
918, 76177, 8.61654, -49.4507, -159.139, -2.69458e-08, -2.34704e-08, 6.84071e-08, 
919, 60301.6, 132.031, 4.73967, -18.4772, -7.47387e-08, 5.39923e-08, -5.96021e-08, 
920, 32180.2, 166.68, 178.226, -102.477, -5.41543e-08, -8.22856e-08, 3.58828e-09, 
921, 11721.6, 63.7678, 187.871, -53.105, -1.26725e-08, -9.70051e-08, 2.09347e-08, 
922, 70470.5, -174.059, 42.8318, -18.6606, 8.26414e-08, -1.62685e-08, 8.07944e-09, 
923, 93181.3, -73.2055, -88.503, -187.384, 3.56325e-08, 1.80032e-08, 7.41778e-08, 
924, 153540, 54.3873, 123.438, 27.6864, -2.30301e-08, -6.28294e-08, -3.41218e-08, 
925, 39629.1, -190.59, -99.4572, 165.612, 7.04822e-08, 2.74916e-08, -4.62703e-08, 
926, 74516.1, -163.664, 113.632, -177.479, 7.61766e-08, 2.67655e-08, 5.37812e-08, 
927, 19697, -198.036, -63.874, -80.3584, 9.02063e-08, 1.22263e-08, 3.12889e-08, 
928, 153382, 133.526, -14.1013, 67.0878, -6.59796e-08, 5.96844e-08, -1.89853e-08, 
929, 239854, -83.0501, -81.738, 78.1881, 4.92647e-08, 5.88194e-08, -2.86615e-08, 
930, 260806, 41.1432, -10.3941, 176.945, -4.81607e-07, 2.6243e-07, -1.73101e-07, 
931, 75780.5, -178.208, 130.452, 89.4327, 6.05019e-08, -3.31705e-08, -1.0237e-08, 
932, 31362.6, -23.7407, -146.846, 138.879, 1.13789e-08, 3.79179e-08, -3.35289e-08, 
933, 59803, -64.3911, 191.815, 159.733, 2.16585e-08, -6.84795e-08, -5.15212e-08, 
934, 22354.4, 41.5289, 17.3991, 93.8566, -1.97957e-08, -3.1008e-08, -5.51069e-08, 
935, 63964.9, -2.78144, 197.14, 1.34652, 1.13044e-08, -1.03138e-07, 1.77499e-08, 
936, 39337.4, 65.7609, 19.3938, 52.9212, -1.90683e-08, -6.17695e-09, -1.87345e-08, 
937, 128692, -147.925, 32.6515, -24.8239, 6.06741e-08, -1.01405e-08, 7.89071e-09, 
938, 175478, 156.549, -87.6664, -93.9977, -8.00353e-08, 8.3324e-08, 1.83201e-08, 
939, 90731.8, 5.59245, -12.2694, 185.546, 1.77156e-08, 5.7865e-10, -9.74185e-08, 
940, 177645, 75.9015, 9.08465, -16.4564, -4.03615e-08, -2.36153e-08, -2.04302e-08, 
941, 34982.6, 79.3926, 150.547, -9.28737, -2.54634e-08, -8.25204e-08, -5.92459e-09, 
942, 127558, -49.502, -10.2034, 180.784, 6.31063e-09, 6.46966e-09, -8.44466e-08, 
943, 136761, -86.1099, 40.232, 42.7454, 6.01606e-08, -1.82965e-08, -8.87627e-09, 
944, 140953, -153.975, 65.3974, 115.016, 5.35539e-08, -2.22133e-08, -2.89124e-08, 
945, 37068.5, 175.84, 83.0873, 60.4941, -8.28776e-08, -3.86124e-08, -2.76245e-08, 
946, 44925.5, 18.4943, -141.532, 157.427, -6.48689e-09, 7.08929e-08, -5.18719e-08, 
947, 43709.5, 195.385, -93.8711, -186.283, -6.59635e-08, 3.49633e-08, 5.69598e-08, 
948, 150550, -198.631, -163.056, 86.1676, 5.72723e-08, 4.89187e-08, -1.53579e-08, 
949, 80016.6, 43.489, 92.6587, 61.9505, 7.87292e-09, -2.24204e-08, -2.078e-08, 
950, 24703.8, -83.3649, 148.775, -76.301, 4.48942e-08, -5.43776e-08, 1.45569e-08, 
951, 46180.4, 106.966, 189.148, 74.6965, 1.31879e-07, -9.59437e-08, -4.03167e-08, 
952, 116929, -2.00922, 136.203, -26.8308, 2.46134e-08, -8.52694e-08, 1.28153e-08, 
953, 141292, 151.112, -131.126, -5.8005, -5.03549e-08, 8.11137e-08, -1.88043e-08, 
954, 68589.3, 108.964, -55.3582, 38.7283, -3.73135e-08, 3.69871e-08, -2.70784e-08, 
955, 22654.4, -11.1947, 133.852, -159.205, -6.04561e-09, -5.1327e-08, 7.30922e-08, 
956, 92827.5, 193.432, 78.2635, -196.736, -6.57021e-08, -1.47645e-08, 6.43669e-08, 
957, 212411, -10.8898, -135.045, 177.034, 1.19519e-08, 2.93798e-08, -1.04121e-07, 
958, 9440.24, 109.152, -16.8895, 32.7791, -2.74915e-08, 1.62939e-08, -1.2202e-08, 
959, 270592, 166.448, -172.011, -61.113, -4.98418e-08, 7.38003e-08, 1.7494e-08, 
960, 2883.45, -116.231, -101.506, 110.814, 4.47384e-08, 6.74799e-08, -4.28133e-08, 
961, 289798, 140.139, -170.916, 106.187, -3.57672e-08, 6.41901e-08, -1.51577e-08, 
962, 96345.3, -79.6143, 42.1304, 123.421, 7.29557e-08, -4.73431e-08, -6.8017e-08, 
963, 76107.5, 110.958, -21.9817, -160.906, -4.60459e-08, 9.91427e-09, 8.64554e-08, 
964, 192336, 38.9462, -128.719, -108.851, -1.69517e-11, 9.01231e-08, 2.62463e-08, 
965, 53664.3, -60.6624, 172.529, 99.0133, 4.81553e-08, -5.40037e-08, -4.83187e-08, 
966, 173435, 90.6027, -188.068, 25.9053, -2.12748e-08, 8.65564e-08, 2.18804e-09, 
967, 224.835, 4.32898, 119.917, 101.594, 2.4844e-08, -3.57767e-08, -4.40624e-08, 
968, 38170.6, 135.729, 165.068, 74.2666, -1.05204e-07, -4.22645e-08, -3.16494e-08, 
969, 164591, 13.5624, 56.7672, -133.86, 5.67094e-08, -3.00756e-08, 8.42346e-08, 
970, 20334.1, 135.018, 131.203, -177.056, -2.54625e-08, -4.46619e-08, 6.36339e-08, 
971, 622846, 9.25647, -3.27145, -133.012, 2.10738e-08, -1.83835e-08, 6.68509e-08, 
972, 40194.3, 196.924, 91.224, 37.366, -1.00671e-07, -2.39848e-08, -1.18348e-08, 
973, 20562.9, -132.534, -161.669, -102.646, 2.83659e-08, 6.35098e-08, 3.04082e-08, 
974, 81494.3, -91.4886, -106.498, 67.4343, 4.33789e-08, 7.38195e-08, -5.22365e-09, 
975, 1752.52, -27.4343, 30.7037, -158.339, 3.47407e-08, -2.46963e-08, 8.35589e-08, 
976, 77673.4, 167.209, -184.271, -30.8318, -3.73191e-08, 7.5775e-08, -5.19908e-09, 
977, 241342, 93.6752, -56.2839, -104.067, -2.05281e-08, 3.88248e-08, 4.73584e-08, 
978, 69290.8, -77.5533, -55.484, 80.8963, 5.71633e-08, 1.05888e-08, -2.00687e-08, 
979, 4933.85, 56.3178, -38.589, 64.128, -4.09687e-08, 6.05786e-08, -4.78007e-08, 
980, 86024.7, -177.62, -133.649, -139.563, 4.98372e-08, 1.94629e-08, 4.69684e-08, 
981, 28194.2, 117.389, -50.6286, -26.5144, -3.59374e-08, 2.88551e-08, 2.71381e-09, 
982, 159915, -135.51, -135.314, 93.5164, 4.54419e-08, 6.75713e-08, -3.12389e-08, 
983, 196637, -68.0029, -33.6483, -166.013, 4.3426e-08, 5.21222e-09, 7.02022e-08, 
984, 117374, -118.465, -182.782, 165.397, 1.97874e-08, 5.93718e-08, -4.13751e-08, 
985, 11120.6, 79.7636, 27.8125, 79.4726, -4.90951e-09, 4.00481e-09, -4.04396e-08, 
986, 43268.5, -61.7332, -40.6284, 101.424, 3.95112e-08, 1.70985e-09, -8.09987e-08, 
987, 37218.3, -40.5679, -160.946, -94.5277, 1.16738e-08, 7.14514e-08, 3.51794e-08, 
988, 12443.1, -9.61271, 186.789, 109.772, 1.76139e-08, -7.9481e-08, -6.37282e-08, 
989, 139418, -60.3909, 198.782, 68.0906, 4.48857e-08, -8.97729e-08, -4.53135e-09, 
990, 250425, -157.902, -153.283, 12.0382, 5.09042e-08, 5.91188e-08, -2.20876e-08, 
991, 26647.5, -153.37, -44.8926, 94.3144, 9.18371e-08, 8.32347e-09, -1.77646e-08, 
992, 244441, 131.384, 105.609, 20.7357, -4.22417e-08, -5.34076e-08, -2.79091e-09, 
993, 145456, -174.255, -92.0536, -130.655, 2.41742e-08, 3.60328e-10, 5.80637e-08, 
994, 307754, 42.4135, 168.762, 113.58, 1.36028e-07, -7.60166e-07, -2.72187e-07, 
995, 81766.3, 186.905, -127.083, 189.922, -5.18734e-08, 2.30179e-08, -6.75988e-08, 
996, 36950, -121.449, -32.5498, -99.45, 4.51478e-08, -1.32126e-08, 2.6674e-08, 
997, 27760.2, 195.566, -53.2117, 172.381, -6.49055e-08, 1.7974e-08, -5.64763e-08, 
998, 66924.8, 104.338, -60.6429, 147.736, -2.7732e-08, 3.73557e-08, -7.4873e-08, 
999, 58627.6, 116.716, 62.9636, 73.0406, -7.4902e-08, -4.24116e-08, -1.67861e-08, 
