ID, Mass [kg], pos_0 [m], pos_1 [m], pos_2 [m], vel_0 [m/s], vel_1 [m/s], vel_2 [m/s], 
0, 97975.8, 27.522, -37.7606, -20.2607, -0.000114423, 0.000136862, 1.22625e-05, 
1, 77894.7, -12.2365, -26.8973, -34.0339, 9.55433e-05, 0.000118785, 0.000128114, 
2, 11402, -35.3544, -30.5884, 39.2396, 0.000801782, 0.000634624, 0.00153985, 
3, 66098.7, 27.271, 19.9128, 13.9107, -0.000123912, -6.56261e-05, -3.95357e-05, 
4, 44838.5, 47.1257, 41.421, 18.5766, -0.000158902, -0.000159879, 1.83105e-05, 
5, 294431, -23.8053, 11.9743, 1.94196, -7.82134e-05, 6.8568e-05, 0.000297477, 
6, 45520.7, -16.3953, 27.5195, -47.0693, -1.46329e-05, -3.16694e-05, 0.000159391, 
7, 104607, -38.1848, -31.9329, 44.8911, 0.000147303, 0.000192461, -0.000279267, 
8, 18630.4, 32.1542, 33.2478, 20.9967, -9.82459e-05, -0.000132024, -4.62014e-05, 
9, 6880.78, 12.2018, -40.5862, 32.0972, -4.72152e-05, 0.000143868, -0.000118931, 
10, 62559.5, 34.8905, 13.6936, 40.8106, -7.67452e-05, -4.54007e-05, -0.000133361, 
11, 25475.3, -22.6851, -15.1091, -45.4901, 2.97377e-05, 1.84781e-05, 0.000226345, 
12, 71640.3, 31.1845, -2.84299, 10.4719, -0.000210106, 2.38336e-05, 6.15004e-05, 
13, 19375.1, 27.8128, -11.4362, -39.1759, 3.01185e-05, 0.000495328, 0.000336127, 
14, 192659, -34.768, -30.1512, 40.4777, -6.3056e-05, 2.43945e-05, -8.0392e-05, 
15, 90493.3, 15.6282, 10.4541, 41.1962, -0.000115056, 5.15629e-06, -0.000296226, 
16, 55088.9, -14.9224, -11.7967, -25.3466, 4.03202e-05, 3.0675e-05, 0.000129423, 
17, 128599, -16.1219, -4.60734, 27.015, -1.70197e-05, 2.17726e-05, -0.0001482, 
18, 2686.61, -12.1593, -1.53352, 25.0286, -0.000185943, -9.45927e-05, -8.38974e-05, 
19, 57797.8, -48.3854, 26.0788, 25.4345, 0.000281083, -5.70173e-05, -7.00515e-05, 
20, 50565.7, 38.9141, 25.7665, -16.2766, -0.000173984, -5.00149e-05, 3.43406e-05, 
21, 170562, -5.36933, -24.0725, -37.6631, -4.77716e-05, 4.08571e-05, 0.000197813, 
22, 46366.2, 27.2618, 17.8373, -22.8765, -7.99729e-05, -5.89119e-05, 5.02831e-05, 
23, 48064, 44.1352, 37.1198, 21.3451, -0.000105216, -7.43603e-05, -3.40791e-05, 
24, 10737.9, 23.1053, 23.4252, 31.7488, -7.04247e-05, -9.88311e-05, -0.000100728, 
25, 6821.61, -35.0484, -19.5647, -3.19954, 0.000110001, 0.00024563, 0.000158322, 
26, 85103.7, -18.9957, -20.0607, 23.0976, 1.85422e-05, 6.38139e-05, -4.90648e-05, 
27, 20373.4, 7.99895, -41.1433, -20.8196, -0.000102861, 0.000262353, -7.80386e-05, 
28, 40858.5, -27.188, -13.4657, 26.8319, 3.3785e-05, 1.35998e-05, 3.7454e-05, 
29, 20052.6, 23.8558, 3.10839, -28.5066, -7.48193e-05, -7.53376e-05, 5.33102e-05, 
30, 30553.1, 46.8176, -20.2378, -10.4762, -0.000204443, 8.01238e-05, 5.73391e-05, 
31, 162518, -30.1265, -48.9772, 7.76837, 7.34392e-05, 0.000180718, -1.53129e-05, 
32, 65626.2, 14.0649, -13.9852, -0.273088, -8.33346e-05, 8.29392e-05, -9.7833e-06, 
33, 187658, -45.4815, -32.6034, 49.0499, 0.000221445, 0.000116979, -0.000192995, 
34, 143234, 12.1481, 45.5102, -49.6858, -2.35057e-05, -9.5801e-05, 0.000126186, 
35, 251764, -38.4977, 35.7492, -42.6559, -0.000200814, 0.000118239, 0.000209584, 
36, 188234, 5.08006, -49.7788, 12.0935, -5.39335e-05, 0.000187734, -3.63989e-05, 
37, 145115, -17.1362, -30.8983, 19.8551, 8.54983e-06, 0.000151814, -4.3663e-05, 
38, 97491.5, 43.5488, -6.03647, 0.127164, -0.00174773, -0.00156531, 0.00097414, 
39, 31783.6, -30.8993, 37.4892, -27.4146, 2.00361e-06, -9.53921e-05, -9.92045e-06, 
40, 3660.49, -17.2, -31.0008, 0.651193, 0.000104309, 0.000188181, -3.64709e-05, 
41, 6882.93, 20.4666, 33.7904, 14.5639, -5.19961e-05, -0.000229117, -4.48785e-05, 
42, 15820.5, 28.1768, 9.53611, -35.636, -0.000100635, -9.17347e-05, 0.000127416, 
43, 12851.8, 15.9893, 10.7386, 36.2194, -0.000470822, 0.000142865, 2.60113e-05, 
44, 207554, -46.974, -44.1288, -29.0486, 0.000139069, 0.000192513, 7.09506e-05, 
45, 14218.7, 20.1749, 17.9745, -15.303, -9.05212e-05, -6.44326e-05, 6.42011e-05, 
46, 94578.2, 38.4299, 31.8599, 35.9502, 0.000147688, -1.94568e-05, 0.00015999, 
47, 139467, 49.7265, 33.3158, 49.2853, -0.000133122, -7.29219e-05, -0.000132427, 
48, 34799.6, 32.477, 28.2021, 8.34678, -0.000165775, -0.000124284, -9.95538e-06, 
49, 52524.3, -12.1305, 15.2619, -17.3104, 2.45971e-05, -2.12795e-05, 0.000163923, 
50, 168682, -49.0174, -27.1368, -30.3179, 0.000274129, 3.31261e-05, 8.46925e-05, 
51, 4879.07, -36.0055, -6.28671, -37.5799, 0.000120295, -0.00010101, 0.000196177, 
52, 127413, -27.7391, -46.122, 47.6721, 1.30497e-05, 0.000167484, -0.000170405, 
53, 2820, -17.812, 45.2816, 1.93254, 1.47791e-05, -0.000226227, 8.11461e-05, 
54, 67623.2, 13.7278, 11.8578, 36.2718, -2.05508e-05, -0.000106584, -1.95564e-05, 
55, 124781, -11.0722, 37.7238, -22.8278, -3.31558e-05, 1.49676e-05, 5.31242e-05, 
56, 44370.6, 1.59212, 0.862542, -11.0959, -3.98521e-05, -6.7733e-05, 0.000211875, 
57, 51907.6, -7.62875, -34.6559, 3.18878, -5.52568e-06, 0.000214274, -4.23068e-05, 
58, 101111, -49.2583, 45.0783, 7.54688, 0.000184335, -0.000138326, 1.28051e-05, 
59, 12663.5, 38.8851, -6.83084, 21.7393, -0.000119643, 8.53861e-05, -6.89176e-05, 
60, 211734, -8.91689, 43.6809, 21.1301, -2.51273e-05, -0.000169897, -9.73464e-05, 
61, 14072.5, 36.0305, -24.8965, -16.3003, -0.000130982, 6.28197e-05, 5.89858e-05, 
62, 39936.1, 41.1057, -47.486, -14.441, -0.000102031, 0.000164874, 2.36244e-05, 
63, 94816.2, -34.2477, 14.809, -3.86154, 0.000282122, -4.06573e-05, 0.000209614, 
64, 294722, 24.3325, -1.30281, 16.3385, -6.90597e-05, -1.11821e-05, -0.00010437, 
65, 115209, -39.015, -42.7561, -7.28502, 0.000128912, 0.000141626, 8.00993e-06, 
66, 297505, -3.24476, 49.2115, 12.8538, -9.57759e-05, -0.000231439, 4.06658e-05, 
67, 109371, 39.607, -14.939, 28.946, -0.000118483, 9.36321e-05, -7.44085e-05, 
68, 50319.5, 15.0066, -24.7608, 15.0432, -0.000139655, 0.000118894, -0.000113043, 
69, 94497.4, -15.7366, 4.01625, -41.5297, 3.76266e-05, -3.00128e-05, 0.000178258, 
70, 28507.8, 18.9977, -4.01021, 41.3146, -4.89044e-05, 4.89952e-05, -0.000173768, 
71, 20301.8, -1.32956, -34.9998, -11.5466, -7.06643e-05, 0.000206768, 3.5996e-05, 
72, 5514.46, -25.338, -10.7322, -45.4249, 7.03372e-05, -4.79744e-05, 0.000218747, 
73, 51713.3, 9.41245, -28.1806, 17.8649, -3.74347e-05, 0.000157802, -0.000134249, 
74, 54078.6, -30.0768, -15.5184, 29.8736, 0.000169366, 0.000124897, -0.000120237, 
75, 100331, -21.0741, -48.5476, -25.3776, 5.19133e-05, 0.000205186, 9.40741e-05, 
76, 16592, -17.3213, 2.50265, 47.6234, -3.39693e-05, -1.13426e-06, -0.000212556, 
77, 214624, 1.39403, -7.19502, 8.64665, -2.98087e-06, 0.000100451, -0.000188987, 
78, 77042.2, 0.182554, -17.9044, -0.233836, -9.93023e-05, 0.000138907, -5.04318e-05, 
79, 131835, -39.264, 33.5211, -34.93, 2.44053e-05, 0.000150566, -0.000240293, 
80, 36841.1, 30.9053, 15.45, -26.9016, -0.000160899, -2.42696e-05, 0.000125336, 
81, 30218.7, -40.4587, -46.6421, 23.1124, 0.000144045, 0.000155184, -3.05345e-05, 
82, 5693.83, -24.9083, -18.4918, -21.1836, 2.82389e-05, 4.63912e-05, 3.39591e-05, 
83, 46120.3, 47.7669, 15.7915, -37.781, -0.000145068, -3.66885e-05, 8.95197e-05, 
84, 20479.4, -24.8565, -46.9956, -7.68501, 6.00561e-05, 0.00020193, 6.20267e-06, 
85, 115679, -11.7751, -47.0248, 24.1166, -3.31225e-05, 0.000192099, -6.84921e-05, 
86, 124413, -41.8438, -21.4943, 44.5307, 0.000170865, -4.90661e-05, -0.000138036, 
87, 14754.9, 33.3484, 5.00785, 27.0925, -8.69871e-05, -5.96336e-05, -0.000132226, 
88, 1562.9, 2.70634, 25.2377, -31.0786, -4.33109e-05, -7.18735e-05, 0.000132139, 
89, 213089, 47.0519, 2.12636, 23.2074, -0.000203872, -3.16988e-05, -9.64298e-05, 
90, 131961, 47.6448, 0.653097, 9.48472, -0.000237182, -4.83701e-05, 6.66722e-06, 
91, 25620.6, -49.324, 2.87784, -12.9379, 0.000263284, -6.14728e-06, 5.92142e-05, 
92, 36643.2, -20.6084, 23.4239, 30.692, -0.000156338, 0.00017347, 0.00146965, 
93, 10124.3, -14.6286, -4.1852, 20.6222, -2.93832e-05, 3.55487e-05, 2.35128e-05, 
94, 134912, 21.8377, -15.1136, -0.287533, -0.000185583, 7.59323e-05, 6.86411e-06, 
95, 352934, 4.31945, -0.594838, 0.79971, -9.5474e-05, -9.35273e-05, 4.32226e-05, 
96, 53519.9, -36.8927, -9.26568, 43.3529, 0.000108343, 8.37949e-05, -0.000136994, 
97, 179640, -29.3741, 22.3559, 4.52266, 0.000188291, -0.000294784, 0.000123891, 
98, 92275.8, 38.1628, -21.1857, -30.0341, -0.000174441, 7.10219e-05, 7.39719e-05, 
99, 37250.3, -10.2839, -42.6562, -41.2632, 5.12113e-05, 0.000130843, 0.000141963, 
100, 237086, -25.9487, -43.2068, 32.977, 3.27949e-05, 0.000178108, -6.71505e-05, 
101, 89616.5, -41.0879, 3.58168, -12.6128, 0.00018077, -9.24837e-06, 8.65012e-05, 
102, 131392, -39.6677, -11.5721, 24.2768, 0.000206467, 3.62641e-05, -2.91657e-05, 
103, 134711, 41.5768, 33.0913, 38.6116, -0.000271836, -0.000195743, -0.000149881, 
104, 108522, 20.7456, -18.2839, -36.9729, -2.81006e-05, 9.15108e-05, 0.000136158, 
105, 228291, 46.1698, -0.785332, 45.1461, -0.000136558, -0.000106104, -0.000181905, 
106, 233820, 29.0637, 48.1019, -16.2961, -0.000109746, -0.000207457, 1.4734e-05, 
107, 93778.3, -33.5912, -11.0406, -19.4841, 0.000124518, -4.44045e-05, 1.21984e-05, 
108, 109531, -7.80794, -6.00152, -4.82903, 8.32067e-05, -9.8357e-06, 8.33445e-05, 
109, 162559, -36.2198, -15.6731, 0.568127, 0.000173133, 6.10372e-05, -8.87349e-06, 
110, 104548, -19.0556, 47.1529, -45.6983, -2.76105e-05, -0.000134586, 0.000132411, 
111, 390486, -36.8492, 2.04586, 46.7019, 0.000103387, -2.802e-05, -0.000181187, 
112, 17258.3, 3.74329, -27.8794, 25.9234, -4.16291e-05, 0.000114271, -0.00015705, 
113, 11495, 42.6243, 16.0909, -3.77498, -0.000170427, -7.35583e-05, 3.93462e-05, 
114, 198051, 28.3759, 39.8169, -28.5729, -0.000182751, -0.000317738, 0.000407123, 
115, 43163.1, 11.6575, -31.1036, 4.91672, -9.29981e-05, 0.000233013, -9.21525e-06, 
116, 54122, -15.446, 29.653, 38.5768, -8.18254e-05, -0.000114512, -0.000298591, 
117, 7321.58, -16.5741, 12.4503, 24.8583, -7.32882e-05, 6.91461e-05, -0.000149352, 
118, 45671, 37.4663, 26.625, -46.8883, -0.000102196, -4.93116e-05, 0.000128893, 
119, 335394, -27.4046, 39.1183, 20.5131, 7.02947e-05, -0.000262574, 1.00192e-05, 
120, 146744, -14.9293, -33.3146, -19.3887, 1.93572e-05, 0.000149453, 0.000106386, 
121, 144968, -20.6534, 23.3778, 29.9966, -0.000356995, 4.35358e-05, -0.000743857, 
122, 58573.5, 9.20609, 18.4208, -5.67141, -0.00010185, -0.00013992, 4.64687e-05, 
123, 69771.2, -12.0853, -4.50167, -27.0007, 1.0898e-05, -5.72077e-05, 0.000155298, 
124, 73065.8, -36.3535, 40.8856, 2.38479, 0.000162005, -0.000182484, 6.27729e-05, 
125, 176383, 45.015, -8.27034, 42.4323, -9.87405e-05, 0.000183736, -9.02739e-05, 
126, 46062, 39.7458, -16.2292, -4.94259, -0.00015821, 0.000113148, 5.51728e-05, 
127, 56478.2, 39.09, 29.6162, 42.9123, 8.91316e-07, 4.48246e-05, -0.000284209, 
128, 73371.6, 7.55962, 9.03783, -48.0305, -2.99838e-05, -4.57156e-05, 0.000190973, 
129, 64320, -21.4436, 36.114, 9.59249, -1.66849e-05, -0.00018786, 0.000114412, 
130, 34299.5, -42.8319, -23.8532, -34.4315, 0.000228251, 6.36585e-05, 0.000284157, 
131, 95466.1, -15.8783, -42.466, -15.0029, 2.29172e-05, 0.000242634, 3.32873e-06, 
132, 38698.9, -43.6481, -41.4365, 7.31669, 0.000168637, 0.00011295, -2.45564e-05, 
133, 99701.7, -12.4336, 14.9702, 8.92126, -0.000136847, -5.57792e-05, -3.93188e-05, 
134, 390402, -9.05673, -20.9884, -5.87061, 4.62489e-05, 0.000123217, 3.73858e-05, 
135, 51660.2, 2.11526, 13.3958, 40.991, 3.42676e-05, -4.57723e-05, -0.000226918, 
136, 67734.6, 26.2124, 43.1639, -10.1597, -3.45494e-05, -5.9109e-05, -0.000129735, 
137, 2782.49, 5.96537, 4.73893, -38.622, -3.42606e-05, -0.000294997, 0.000309206, 
138, 74344.9, 22.621, 28.1208, 14.5226, -7.28388e-05, -0.000136131, -5.03983e-05, 
139, 97141.8, 26.9184, -23.7784, -6.11676, -0.000147587, 0.000148925, 4.22556e-05, 
140, 210366, -8.70817, 26.2428, -12.4907, -2.63301e-05, -0.000107254, 8.55907e-05, 
141, 40577, 5.14228, 30.5916, -6.01061, -8.93355e-05, -0.000147751, 3.33747e-05, 
142, 42182, 42.3133, 2.33416, 17.0128, -6.09487e-05, -6.28625e-05, 2.33842e-05, 
143, 43465.5, -38.9218, 20.1393, 29.9761, 0.00034619, 6.19878e-05, -0.000181231, 
144, 15541.7, -27.3737, 26.196, 15.2823, 8.46202e-05, -0.000129094, 9.06852e-05, 
145, 77758.8, 9.56695, -13.0777, -7.4078, -0.00010092, 7.57619e-05, 0.000141466, 
146, 59817.6, 6.32325, -18.5077, -21.0261, -6.54572e-05, 7.21056e-05, 0.000129277, 
147, 25797.1, -5.8765, -47.0999, -32.4664, 7.92368e-07, 0.000184192, 7.92359e-05, 
148, 56695.6, 11.0812, -23.7413, 6.80252, -7.98492e-05, 0.000145538, -5.50057e-05, 
149, 5675.67, -30.8845, 34.7151, 28.372, 0.000247613, -0.000336414, -0.000289954, 
150, 10058.9, 7.82141, -34.5949, 21.7631, -5.57357e-05, 0.000183469, -0.000131565, 
151, 109307, 40.1953, -35.2037, 31.8492, -0.000177366, 0.000136512, -6.56609e-05, 
152, 64680.1, 7.35319, 11.9711, 36.7405, 3.27232e-05, -2.95137e-05, -0.000117221, 
153, 355851, 20.3893, -39.9796, -35.7962, -7.89205e-05, 0.000125406, 0.000106217, 
154, 112081, 29.1156, -3.57699, -46.0576, -9.52808e-05, -7.7338e-05, 0.000331188, 
155, 136525, 49.0086, -40.6443, -44.7625, -0.000107196, 7.07051e-05, 8.19515e-05, 
156, 24618.5, -48.4976, -18.8096, -16.3959, 0.000219078, 2.59724e-05, -1.08501e-05, 
157, 30278.3, -12.766, 2.57416, -8.46422, 5.94307e-05, -4.02131e-05, 0.000132795, 
158, 74807.4, -37.1774, 47.7669, -34.9944, 2.16549e-05, -0.000287921, -1.07933e-06, 
159, 13757.2, -26.4575, -30.2649, 48.3784, -7.33798e-05, 6.71195e-05, -0.000242921, 
160, 30157.7, 11.9348, -8.4213, -17.6254, -0.000104827, -7.18593e-06, 0.000141893, 
161, 499913, -34.6523, -19.2574, -31.1301, 7.97775e-05, 1.37694e-05, 0.000138983, 
162, 243908, 3.04104, -47.6411, -48.8133, -6.36338e-06, 0.000123274, 0.000140964, 
163, 156234, -16.4559, -21.9721, 35.34, -5.09624e-05, 8.18748e-05, -0.000183022, 
164, 180799, 27.3069, 37.1268, -25.2627, 1.98269e-05, 0.000194445, -0.00021018, 
165, 449860, -27.9869, 13.0439, 9.14505, 0.000210493, 5.44375e-05, -0.00017807, 
166, 12627.8, 10.1897, 38.9995, 44.2097, -4.67934e-05, -5.47154e-05, -9.02761e-05, 
167, 72413.6, 46.1267, -39.7111, -11.367, -0.000159656, 0.00010742, 1.21846e-05, 
168, 123248, -5.28775, 39.9374, 30.9107, -0.000107066, -0.000126916, -0.000213071, 
169, 19058.1, 40.4604, -35.5333, -7.03763, -0.00011483, 0.000104379, -3.13925e-05, 
170, 37240.7, 11.1426, -18.7222, 41.3603, -3.92071e-05, 6.93087e-05, -0.000165812, 
171, 10520.8, 38.881, -27.2497, -15.724, -0.000194522, 0.000117547, 4.11463e-05, 
172, 66867.4, -26.3588, -10.3748, 33.3991, 3.42362e-05, -1.98768e-05, -0.000189232, 
173, 286204, -35.6361, 46.3616, 30.0384, 0.000160433, -0.000233538, -0.000150275, 
174, 7121.25, -17.7696, -0.138252, 23.3278, 5.89564e-05, -9.05748e-05, -3.36469e-05, 
175, 44439.5, 8.8521, 11.2021, -6.54493, -0.000113208, -8.25328e-05, 9.55079e-05, 
176, 95063.2, -3.41193, 23.4606, 16.6388, -0.000118475, -8.44881e-05, -6.59335e-05, 
177, 172893, -12.0423, 44.0066, -24.9787, 7.12839e-06, -0.000273951, 0.000121513, 
178, 46650.2, 44.9078, -39.0609, 23.993, -0.000152245, 0.000141781, 4.73257e-06, 
179, 38532.6, -39.4612, 42.3467, -24.1612, 0.000116545, -0.00014843, -5.7013e-05, 
180, 32991.6, -34.0395, -29.823, 18.3931, 0.000153598, 0.000114709, -1.27536e-05, 
181, 177479, -36.3775, 35.5903, -49.4234, -6.63104e-05, -2.10976e-05, 0.000468115, 
182, 87.2575, 30.6492, 44.4027, -35.5863, -0.00014223, -0.000191469, 0.000227924, 
183, 128620, 5.77609, 1.21363, -36.283, -2.1783e-05, -2.16786e-05, 0.000143485, 
184, 162169, 43.7248, -5.85576, 0.0219923, 0.00075662, 0.000980819, -0.000480087, 
185, 20340.7, 3.28977, -0.578347, 14.5447, -6.79631e-05, -8.94136e-05, -0.000246203, 
186, 53688.5, 1.5518, 23.5387, -47.1137, -2.18171e-05, -6.1691e-05, 0.000154742, 
187, 29804.3, -23.755, -24.2436, 9.64227, 0.000106157, 0.000106563, -7.75655e-06, 
188, 354857, 29.3398, -6.74753, -37.1486, -0.000132728, -2.32918e-05, 6.63691e-05, 
189, 50155.5, 25.3202, 44.0399, -45.7236, -8.61485e-05, -9.57266e-05, 0.000133945, 
190, 7112.4, -26.4258, 38.0513, 31.849, -4.45868e-06, -0.000251067, -0.00033099, 
191, 126540, -42.6963, -34.1778, -28.9887, 6.89545e-05, 0.000149616, 6.60445e-05, 
192, 354318, -43.3906, 38.6136, -40.2442, 0.000422265, -0.000256018, 3.36971e-06, 
193, 107194, 11.4102, 44.8503, 49.8683, -4.3838e-05, -0.000110122, -0.000132714, 
194, 224461, 30.6583, -32.2689, 34.8599, -3.24384e-05, 0.000104253, -0.000120186, 
195, 635832, -28.6099, 25.8135, 27.2819, 0.000184124, -5.33945e-05, -0.00014384, 
196, 66151.1, 6.2122, -38.6073, -23.9873, -1.5259e-05, 0.000130868, 8.20284e-05, 
197, 47866.1, -18.4837, -26.9734, -15.0857, 0.000134408, 6.8074e-05, 3.81966e-05, 
198, 66662.6, 28.0356, 26.8813, -0.593447, -0.000118808, -9.53575e-05, 2.62782e-05, 
199, 70426.5, -28.1387, 38.6052, -4.11226, 7.47465e-05, -0.00018082, 0.000104074, 
