ID, Mass [kg], pos_0 [m], pos_1 [m], pos_2 [m], vel_0 [m/s], vel_1 [m/s], vel_2 [m/s], 
0, 5682.38, -39.4325, -25.9592, -12.8811, -0.00118676, -0.00281155, -0.00114333, 
1, 51291.5, -51.0058, -39.578, 54.009, -0.00393486, -0.00358438, 0.00480137, 
2, 73779.3, 5.39057, 2.35377, -1.82141, -0.00488389, -0.00198816, 0.00235107, 
3, 9731.99, -8.27504, 38.6483, 23.996, -0.000339837, 0.00226043, -8.41005e-05, 
4, 104587, -3.6739, -2.81036, 0.576074, 0.000919097, 0.00353089, 0.00107025, 
5, 42215, 3.32282, 5.77107, 4.56389, -0.00156692, -0.00445389, 0.000568689, 
6, 57220.4, 39.6701, 37.8471, -41.4055, 0.0027455, 0.00397159, -0.00256767, 
7, 44855.5, -0.500643, 3.55105, 3.58662, 0.00142133, 0.00612582, -0.0041318, 
8, 276797, 2.33972, -0.782236, 3.38768, 0.00476225, 0.00577232, -0.00531134, 
9, 2643.18, 3.03058, -4.42267, -3.91197, -0.00079855, -0.000354986, -0.00475512, 
10, 33961.7, -0.202818, 2.37149, 4.68445, -0.00142368, 0.0103937, 0.000782958, 
11, 8691.35, -10.5792, 77.2014, -67.9479, -0.00036372, 0.00589222, -0.00576553, 
12, 141682, 4.511, -3.16998, -0.497388, 0.00311526, -0.003398, -0.00826638, 
13, 288611, -2.09742, -9.77559, 5.85607, 0.00500726, 0.0033668, 0.000925158, 
14, 512847, 1.67984, -1.88884, 1.48391, 0.00451304, 0.000765372, 0.000457342, 
15, 15651.7, 8.455, 9.61548, -4.30376, -0.000443813, -0.003739, 0.00207161, 
16, 182451, 35.5698, -23.5967, 61.7752, 0.00329673, -0.00150393, 0.00399695, 
17, 62197.8, -2.99312, -1.90463, -2.09876, 0.00799579, 0.0034462, 0.00130972, 
18, 185440, -3.38394, -10.3742, 2.28474, 0.00540883, 0.00539319, 0.000686932, 
19, 36701.4, 44.7784, 65.7898, -62.407, 0.00384208, 0.00535632, -0.00516537, 
20, 106936, -89.9277, -52.8188, 25.9652, -0.00743543, -0.00443235, 0.00213356, 
21, 161838, 2.27871, 6.26833, 5.18154, 0.00159005, 0.00299084, 0.00182897, 
22, 144875, 2.16049, 0.850656, 3.12312, -0.00299836, -0.00976964, -0.00443688, 
23, 100936, 0.334644, 12.8842, 1.924, -0.000338914, -0.00554456, -0.00242769, 
24, 95186.1, 59.1139, 48.6829, 47.0565, 0.0048559, 0.00338867, 0.00339428, 
25, 151808, 46.7485, -33.5251, 70.4425, 0.00424456, -0.00238888, 0.00557014, 
26, 118354, 5.00364, -6.17902, -0.104161, -3.43664e-05, -0.00395788, 0.00292898, 
27, 149234, 3.7175, -1.39688, -1.85628, -0.0060494, -0.00360217, 0.00121209, 
28, 9985.68, -1.49508, 1.36641, 3.46307, -0.00168644, -0.00967087, 0.0031284, 
29, 180895, -7.53611, -0.439143, -4.1308, 0.00319437, 0.0024467, 0.00219132, 
30, 486.041, -8.22352, -0.096731, -0.719581, 0.0022053, 0.00218352, -0.00165088, 
31, 70262.9, 2.40163, -5.27796, 8.14898, -0.00286342, 0.00279939, -0.000908789, 
32, 45902.1, -0.500931, 8.73501, 1.85798, 0.00355947, -0.00565382, 0.00173333, 
33, 24444.7, 5.25146, 2.79147, -3.35433, 0.00285741, -0.00632909, 0.00370688, 
34, 65679.9, -2.78505, -6.65113, 7.19345, 0.000161932, 0.00547755, -0.00112105, 
35, 3309.29, -9.10703, -38.8909, -7.47841, 0.00155724, -0.00239177, 0.000165524, 
36, 8280.38, -58.4524, 60.6862, -29.8738, -0.00428147, 0.00476587, -0.00296861, 
37, 94538.9, 2.04824, 2.35467, 0.594759, 0.00562994, -0.00726454, -0.00320386, 
38, 30213.7, 89.3987, -17.8597, -11.5186, 0.00789914, -0.000867848, 2.97083e-05, 
39, 53471.9, 4.01038, -10.6707, 5.99764, -0.00248757, -0.00506776, -0.0026132, 
40, 43100.3, -21.3856, 30.2984, -32.2013, -0.000579615, 0.00129692, -0.00175964, 
41, 44746.6, 18.641, 43.7877, 2.34544, 0.00085877, 0.00192697, -0.00123614, 
42, 34053.9, -0.522567, 31.9066, 52.3469, -0.000382295, 0.00242471, 0.00324011, 
43, 54380.2, -3.20209, 0.0329678, 5.65199, -0.00289817, 0.00399136, 0.00488492, 
44, 38723.2, 26.6477, -5.51623, -40.3752, 0.000978948, 7.63526e-05, -0.00229946, 
45, 2321.23, -5.80792, -11.9262, 5.18763, 0.00393614, 0.00423406, 0.00171625, 
46, 241169, 1.13384, 3.20742, -1.12406, 0.00743479, -0.00274086, 0.00188725, 
47, 344827, -2.69368, -0.703744, 5.9375, -0.000537686, 0.00097461, 0.00115097, 
48, 39271.1, 7.18064, 0.681066, 3.27731, 0.00120563, -0.00709093, 8.81495e-05, 
49, 19687.8, -73.766, 67.0943, -32.9187, -0.00620876, 0.00584464, -0.00336262, 
50, 61216.8, -1.01756, 4.55914, -12.0095, 0.00118451, -0.00176881, -0.00251709, 
51, 19182.2, -53.5834, 77.6473, -50.8614, -0.00427393, 0.0066357, -0.00466122, 
52, 12420.5, 7.01787, -0.920818, -3.14868, -0.005772, -0.00140864, -0.00290158, 
53, 85447.4, -90.1385, -8.86817, -38.6387, -0.00726734, -0.000749004, -0.00295563, 
54, 361436, 2.70774, -0.50953, 3.71417, -0.00276723, -0.000729383, 0.00431925, 
55, 158926, 25.9004, 12.4504, -32.3683, 0.00145264, 0.000602159, -0.000674362, 
56, 49282.6, -30.4557, 59.6768, -65.9863, -0.0017246, 0.00475457, -0.00583308, 
57, 218355, 1.52961, 0.669926, 1.81204, 0.00404642, -0.00458656, -0.00246471, 
58, 22371.5, 91.4781, -23.263, -14.9051, 0.0082225, -0.00161915, -0.000828086, 
59, 55919.9, -16.7963, 36.7559, -52.1713, -0.00022509, 0.00188753, -0.00342911, 
60, 21598.8, 8.26752, 8.34404, 7.82565, 0.000650926, -0.000869373, -0.00125709, 
61, 398.952, 2.30773, -10.4005, 13.4801, -0.000635752, -0.00425482, 0.00454833, 
62, 1108.92, 6.82165, -7.63102, 55.116, 0.000691064, -0.000270045, 0.00283841, 
63, 108555, -0.105601, 5.25142, 0.698395, -0.00646347, -0.00421043, -0.00279517, 
64, 244863, 9.39204, -4.3323, 18.5118, -0.00150895, 0.000552821, -0.00310552, 
65, 220694, -28.6982, 56.5698, -49.4674, -0.00153099, 0.00433565, -0.00390698, 
66, 61700, -4.73772, 77.3715, 35.2599, 9.09977e-05, 0.00584115, 0.00251577, 
67, 55388.9, -48.8614, 13.9725, 38.0568, -0.00364579, 0.000928697, 0.00289222, 
68, 211156, -0.590715, -1.86729, 1.46806, -0.00146177, 0.0011106, -0.00260287, 
69, 12720.6, 5.68547, 13.66, 8.85873, -0.00028144, -0.000338023, 0.000810135, 
70, 25096, -2.34817, 20.7753, 12.7985, -0.00141336, 0.000260615, 0.00024429, 
71, 179870, -6.72509, -6.33236, -3.97363, 0.00205483, 0.00185323, 3.43718e-05, 
72, 79123.8, -67.9629, -19.3039, -5.0329, -0.00413577, -0.0012154, -0.000475672, 
73, 110870, 7.38782, -3.69913, -4.50136, 0.00169722, 0.00290522, -0.00303156, 
74, 43359.1, 24.7619, 47.341, 22.0052, 0.000861631, 0.00380204, 0.000311709, 
75, 140124, 4.19478, 3.74595, -1.10635, 0.000641231, -0.00130078, 0.00170945, 
76, 229268, -17.7653, 30.1323, -34.8535, -0.000464182, 0.00116873, -0.00137182, 
77, 302149, 2.65439, 2.08415, 0.856095, 0.00192168, -0.0080512, 7.50268e-05, 
78, 100708, -1.19605, -11.0395, 7.0428, 0.0058855, 0.00379628, -0.000736709, 
79, 46633.4, -3.67028, -3.73337, -3.31587, -0.00300367, -0.00280223, 0.00387894, 
80, 143926, -2.55975, 13.6157, 5.54052, -0.00230915, -0.0021175, 0.00250444, 
81, 270.261, -58.6663, 9.64433, 24.7314, -0.00340083, 0.000443117, 0.00129045, 
82, 159650, 1.97366, -1.82937, 0.559682, -0.00674333, 0.00743035, 0.00534921, 
83, 24756, 7.46262, 2.31974, 1.8947, 9.72133e-06, -0.00618801, -0.000574329, 
84, 18375.3, 9.46155, 3.50888, -0.331806, -0.000121895, -0.00571973, 0.00131109, 
85, 491877, 69.5246, -20.6303, -23.8998, 0.00543999, -0.00122534, -0.0015103, 
86, 194807, 1.03969, 0.719288, 4.34957, 0.00789581, -0.00257343, 0.0016025, 
87, 8649.23, -2.73173, 4.59063, -1.56821, -0.00353412, -0.00746155, 0.000479524, 
88, 138901, 10.7252, 3.90452, 3.18613, 0.00300523, -0.00151492, 0.00393173, 
89, 50202.9, 5.82585, 1.60102, 6.1588, -0.00306361, -0.00481826, -0.00241301, 
90, 98321.9, 5.58097, 16.2953, -12.1052, -0.000195858, -0.000566586, 0.000910333, 
91, 384069, 1.37549, -0.559849, 0.792979, -0.00455468, 0.00276809, 0.000708309, 
92, 81279.9, 3.89663, 4.54277, 2.08092, 0.00861703, 0.00107055, 0.00458181, 
93, 91375.2, 1.83948, 0.300568, 0.112246, -0.000889269, 0.00051111, -3.07178e-05, 
94, 5476.7, -9.53259, -18.2135, 7.18792, 0.00168288, 0.00231522, -0.00110535, 
95, 33452.5, -9.9973, -2.19943, 1.83693, 0.00303787, 0.00317208, 0.000546349, 
96, 25752.1, -65.1361, -22.715, -20.3205, -0.00559689, -0.00224731, -0.00190275, 
97, 200797, 1.47615, 2.35806, 5.75885, -0.00176205, -0.00120893, 0.00131508, 
98, 298981, 1.95235, 2.45738, 0.942271, -0.00238697, -0.00284818, 0.00203335, 
99, 93146, 1.94406, -12.5446, 5.78266, -0.00271884, -0.00428999, 0.00189287, 
100, 8612.85, -12.7699, 11.9371, -16.4433, 0.00167126, -0.000680625, 0.00128342, 
101, 24343.5, -0.115321, 0.0321638, 4.23707, 5.62861e-06, 0.00709238, -0.00712322, 
102, 10296.7, 11.0502, -12.3017, 5.73124, 0.00433061, -0.00551371, 0.000846414, 
103, 15719.8, 6.61582, -2.51578, -5.28975, 0.00492665, -0.00553044, -0.00519371, 
104, 230040, 0.22813, 0.86605, 8.95687, -0.00135035, 0.00297014, 0.00419434, 
105, 17846.1, 8.51457, 21.174, -3.9998, -0.00192326, 0.00154803, 0.000967869, 
106, 22216.6, -11.8176, -3.91773, 6.23467, 0.00347712, 0.00104688, -0.000140972, 
107, 98486.7, 2.96842, 6.78556, -1.12832, -0.000190108, -0.00828298, -0.00337097, 
108, 214214, -75.1955, 0.349155, -60.8365, -0.00630762, 7.85946e-05, -0.00519055, 
109, 131614, 2.15857, -3.46245, 2.3671, 0.00494935, -0.00144543, 0.0034424, 
110, 160023, 1.07802, -1.39696, 0.467012, 0.00121187, -0.00327848, -0.00639497, 
111, 115735, 2.87624, 5.60749, 4.049, 0.00280587, -0.00256887, 0.00166397, 
112, 378585, 37.891, 16.8827, -53.9988, 0.00257186, 0.00180799, -0.00369352, 
113, 83295.8, -26.0994, 11.8811, 0.471411, 0.00138533, 0.000454717, 0.000845522, 
114, 148827, -1.36904, -1.47835, 1.74705, -0.00934718, 0.0033473, -0.00466719, 
115, 285284, -3.03349, -46.5423, 69.4736, -2.64549e-05, -0.00387523, 0.00532656, 
116, 515864, 0.974695, -1.96185, 0.198691, 0.00128909, -0.000525373, 0.00155434, 
117, 88363.5, -0.421615, -12.3859, 10.8578, -0.00147531, 0.00216303, -0.00435069, 
118, 155064, 21.001, 20.4157, -9.25565, -0.000858005, 0.000736307, -0.00199191, 
119, 18098.3, -5.0117, -6.31154, -1.40325, -0.00339103, 0.0013936, 0.000691001, 
120, 34391.6, 74.5656, -29.8682, -10.127, 0.00596729, -0.00183406, -1.91066e-05, 
121, 78154, 4.48687, -6.22701, 9.78553, 0.00387947, -0.0018817, 0.00488776, 
122, 10497, 4.18801, 4.53581, 5.05982, 0.00264565, 0.00433647, 0.00109144, 
123, 59058.1, 2.4888, -4.37868, 0.229535, -0.00413806, -0.00690209, -0.00670345, 
124, 5646.35, 8.02156, -5.52021, 3.71945, -0.00359486, -0.004884, -0.00129915, 
125, 103346, 4.73535, -4.56675, -4.00713, -0.00470189, 0.00233018, 8.88689e-05, 
126, 64702.5, -86.8621, 0.67413, 32.1965, -0.0069085, 6.24648e-05, 0.00301029, 
127, 199056, -0.915065, -4.67123, 6.38348, 0.000329151, 0.00125192, -0.00177369, 
128, 192649, 4.52579, 1.8739, 6.9246, 0.00236638, -0.000902276, -0.000389204, 
129, 1707.71, 2.04978, 6.26333, 5.97446, 0.000551731, -0.00388532, 0.00337421, 
130, 19869.9, -0.572324, -2.01576, 2.25214, -0.00605415, 0.00453694, 0.00230344, 
131, 143979, 1.95305, 3.38525, 1.09662, -0.000953577, -0.00260861, 0.00774786, 
132, 37850.6, -107.316, 51.1246, -27.5066, -0.00949317, 0.00427866, -0.00223712, 
133, 50031.5, 5.72565, 0.530839, 1.67217, 0.00094198, -0.00109634, -0.00429422, 
134, 369068, -3.55198, 1.31072, -1.4687, 0.00812324, -0.00164647, 0.00432043, 
135, 3806.98, 6.40411, 8.46825, 5.89818, 0.00564089, 0.00418873, 0.00255158, 
136, 64591.7, -0.386868, 9.36746, -5.12252, 0.00278801, -6.29838e-05, -0.00438888, 
137, 1688.15, 5.89717, -20.2632, 10.5776, 0.00198423, 0.00182348, -0.00039635, 
138, 439943, 4.9095, 3.1859, 7.01508, -0.00297706, 0.00251428, -0.0016995, 
139, 72054.1, -4.66599, 0.0940176, 6.86827, 6.04964e-05, -0.00560012, 4.04299e-06, 
140, 10511.3, -4.82178, -25.2617, 28.807, -1.18115e-05, -0.000872029, -4.57392e-05, 
141, 28560.6, -10.5618, -10.6533, 5.96393, -2.58858e-05, 0.00134033, -9.11625e-05, 
142, 92270.6, 4.28605, 7.63833, 0.188309, 0.00555991, 0.00224163, -0.00162444, 
143, 57507.6, -68.1761, 22.2343, 42.0518, -0.00515636, 0.00174536, 0.00321373, 
144, 106955, -0.00201433, 4.23663, -10.8236, -0.00115136, 0.000477369, -0.00248455, 
145, 53021.1, 1.31862, -5.31822, 6.24218, -0.000740539, 0.00185727, 0.00452603, 
146, 127593, 6.68673, -0.96857, 2.97268, 0.00179391, 0.00667952, -0.00429041, 
147, 31386.3, 0.34111, 7.30869, 2.26802, 0.00341352, 0.00150657, -0.00258643, 
148, 89613.6, 6.8389, -0.168481, -15.3478, 0.00182643, -0.00295049, 0.00300853, 
149, 251415, 3.3071, -0.494595, 2.3701, -0.00997803, 0.00178386, -0.00806489, 
150, 55890.6, 5.17662, 5.88651, 3.45744, -0.00793605, 0.00414986, -0.000369079, 
151, 174949, 9.13531, -6.31299, 8.67101, 0.00117457, 0.000260613, 0.00374072, 
152, 66072.8, 0.349758, 1.66259, -11.5041, 0.000955154, -4.31702e-05, -0.00359806, 
153, 19075.8, -6.93248, -4.8573, 20.4045, 0.00026884, 0.000776311, -0.000990588, 
154, 47261.5, 5.1672, 10.6493, -6.25906, -0.00307909, -0.00173088, 0.00046935, 
155, 102102, -3.90086, 2.18894, 7.0932, 0.00183913, 0.00039985, 0.00163559, 
156, 5375.03, 4.82711, 0.202601, -0.555153, -0.000831965, 0.00440967, -0.00807533, 
157, 3761.7, -9.08468, 13.8783, 6.34212, 0.000859313, 0.00144403, -0.00172284, 
158, 7652.65, -0.787505, 2.02681, -6.55655, 0.00205799, 0.000997364, 0.00413507, 
159, 47070.1, 3.22096, 4.13002, 4.98271, 0.00011001, -0.00131247, -0.000315448, 
160, 17972.9, 0.643502, 3.16971, 1.09829, -0.00189892, -0.00515481, -0.00160322, 
161, 218629, 10.912, 18.5892, 0.404432, 0.00113451, 0.000596289, 0.000516876, 
162, 138887, -2.64166, 1.60868, 4.4715, -0.000925691, 0.00048419, -0.00177003, 
163, 33277.3, -1.9615, -1.85158, 9.21215, -0.00299759, 0.00586505, -0.0045552, 
164, 167891, 0.186401, 0.424544, 8.49077, -0.00441086, -0.00287966, 0.000684174, 
165, 62570.5, -1.94168, -82.2488, -20.2018, 0.00023659, -0.00647765, -0.00163023, 
166, 38130.4, 20.0883, 68.4612, 36.4995, 0.00197661, 0.00485441, 0.00246324, 
167, 22403.8, 13.7169, -31.3843, 53.4665, 0.00122869, -0.00235522, 0.00296887, 
168, 1479.59, 42.0562, 26.635, -59.0044, 0.00347514, 0.0023956, -0.00436338, 
169, 20399.9, 2.15206, -54.9244, 61.3226, 0.000115358, -0.00483641, 0.00430292, 
170, 115854, 1.8721, -1.1918, 1.53336, -0.00677049, -0.00192616, -0.00354685, 
171, 27762.9, 3.48495, 3.4809, -2.4727, -0.000101639, -0.00320214, -0.00211037, 
172, 250928, 2.37879, -5.7747, 7.50066, 0.000886256, -0.000750477, -0.00380502, 
173, 74469.2, -61.337, 46.3687, -18.8591, -0.00451141, 0.00447879, -0.00152626, 
174, 143481, -82.0105, 57.9309, -39.9984, -0.00681408, 0.00494757, -0.0035977, 
175, 27145.1, 6.1229, -1.97761, 1.47186, 0.00224506, -0.00231878, -0.00395899, 
176, 32620.6, 4.29216, 2.46321, 4.23486, 0.00551469, -0.00564243, -0.000281449, 
177, 52575.7, -0.0379572, -52.7058, 91.9749, -4.4097e-05, -0.00459762, 0.00803729, 
178, 19746.4, -0.46412, -2.92025, 6.69564, 0.000624301, 0.00430822, -0.00149044, 
179, 33623.1, -5.50888, 4.91451, 6.30842, 0.00725503, -0.00228608, 0.00107028, 
180, 50349.8, -70.3616, -46.6009, -36.3508, -0.00549933, -0.00368212, -0.00277741, 
181, 89376.8, 9.64281, -13.6828, -0.722714, -0.00163834, -0.000998565, -0.00126687, 
182, 42160.2, 1.65475, -0.931623, 81.3662, -1.92886e-06, -5.06147e-05, 0.00644403, 
183, 100544, -21.2803, -19.063, 6.01319, 0.00178626, -4.11864e-05, 0.00118343, 
184, 1446.88, 8.71154, -5.42529, -1.56516, 0.00134097, 0.00109427, -0.00397578, 
185, 119694, 9.38789, 3.60775, 0.0444235, 0.00554071, -2.34241e-05, -0.00110843, 
186, 120999, -10.1954, -0.140488, 3.10572, -0.000818419, -0.00180682, 0.00105706, 
187, 52698.3, 8.50893, -1.14903, -3.56273, 0.00376207, -0.00156416, -0.00661116, 
188, 105467, 2.06578, -0.526622, -1.12377, 0.00628673, -0.00452858, 0.00589628, 
189, 99748.4, -10.0522, -46.928, 24.7397, -0.000785056, -0.00253435, 0.00120865, 
190, 77133, 2.65605, 2.97391, 0.803225, -0.00471091, -0.000182937, 0.000365975, 
191, 178804, -0.0990765, -4.66597, -3.63746, 0.0017687, -0.00368381, 0.00274054, 
192, 8685.6, -2.0732, -2.55481, -1.89709, -0.000550658, -0.0030935, -0.0017456, 
193, 256954, 24.8744, 1.61371, 31.8853, 0.00177767, -0.00153081, 0.000923066, 
194, 53540.6, 1.86485, -0.512535, 0.244539, 0.0035354, 0.000215607, 0.0102044, 
195, 220652, -5.51118, -5.04285, 0.0393167, -0.000354877, -0.0034301, -0.00247051, 
196, 10258.1, -0.0341337, -1.80052, 3.12072, 0.0116143, -0.00197932, 0.000120117, 
197, 6083.3, -23.8901, -8.48085, 18.5824, -0.000117579, 0.000828017, -0.000950271, 
198, 127562, -4.22825, -13.9738, 6.92219, -0.000905071, -0.00274744, 0.00210431, 
199, 34766.2, 0.107849, -2.06561, 5.43065, -0.00187924, 5.88427e-05, -0.00844392, 
