ID, Mass [kg], pos_0 [m], pos_1 [m], pos_2 [m], vel_0 [m/s], vel_1 [m/s], vel_2 [m/s], 
0, 4982.76, 0.291323, -1.54084, 11.6093, 0.00011743, -0.000804746, -0.00194986, 
1, 84564.5, 18.5633, 17.1858, 16.0611, -0.00119125, -0.00116888, -0.000957414, 
2, 143976, 0.913864, -14.5495, -7.34461, 0.000164683, 0.00160763, 0.00190783, 
3, 12096.4, 8.32294, -7.29785, 9.46287, -0.00539657, -0.00425784, -0.000182221, 
4, 108584, -0.879898, 10.1575, -12.0139, -0.00324349, -0.00133009, 0.00442839, 
5, 224267, -3.0967, -9.75336, -3.15797, -0.000474549, 0.00151539, 0.00133267, 
6, 6023.5, -11.3243, 5.75472, -5.12797, 0.00310378, -0.00257379, 0.000415769, 
7, 12734.1, -3.57235, -14.7004, -8.29132, 0.00222741, 0.00364594, 0.00196071, 
8, 29188.7, 7.27923, 2.49993, -6.17421, -0.0034845, -0.00212609, -0.000785314, 
9, 37892.9, -6.94932, 3.76212, 0.893755, 0.00140641, -0.00179433, -0.00057337, 
10, 282.759, -17.2751, 15.2829, -13.543, 0.00228656, -0.00130917, -7.08419e-05, 
11, 75028.9, 15.3111, 11.1198, -14.1161, -0.0024941, -0.000405012, 0.00230389, 
12, 29068.2, -12.5526, -1.29987, -15.4754, 0.00195673, -7.0855e-05, 0.00240222, 
13, 142762, 2.36259, 4.20123, 15.1973, -0.000126162, -0.00140026, -0.00279006, 
14, 289648, -8.04525, -6.68786, -2.2787, 0.00210465, -0.000638266, 0.000837051, 
15, 17335.1, -9.58441, -12.8879, -11.8292, 0.00353202, 0.00279108, 0.000489327, 
16, 37341.1, -17.6286, 15.2796, 6.25601, 0.00150842, -0.00163562, -0.000255449, 
17, 206687, -1.36893, -8.56535, -13.1076, -0.000516753, 0.000245918, 0.00285396, 
18, 253630, -4.81465, 9.08809, 10.2814, 0.0011632, -0.00231107, -0.00140554, 
19, 40480.6, 7.6065, 15.7048, -0.598626, -0.00172834, -0.00175249, -8.2579e-05, 
20, 176293, -15.2407, -7.65306, 15.6322, 0.00289225, 0.000633152, -0.0021417, 
21, 17357.4, -10.8369, 2.11031, 2.29623, 0.00233012, -0.00196568, -0.000709609, 
22, 241662, 8.33672, 3.90355, -5.4929, -0.00107139, -0.000456862, 0.00164043, 
23, 144304, 8.89305, -12.5701, 5.27483, -0.00188333, 0.00611053, 0.00193782, 
24, 449735, -3.93232, -6.33703, 10.0028, -9.22909e-05, 0.00310568, -0.00332967, 
25, 31022.8, 6.00561, 1.37794, -3.93433, -0.00222274, -0.00099797, 0.00176264, 
26, 277840, 0.384339, 5.08, 14.3055, 3.88119e-05, -0.00126254, -0.00257527, 
27, 22179, 14.1747, 0.634716, 15.2228, -0.00295349, -0.000508933, -0.00229972, 
28, 7726.87, -11.1747, 5.35246, 14.1424, 0.0011807, -0.000865638, -0.00153406, 
29, 88891.4, 9.20802, 0.849088, 12.5631, -0.00204249, -0.00178899, -0.00224703, 
30, 193310, -16.5083, -10.971, 5.57969, 0.00288358, 0.0014088, -0.000520671, 
31, 53721.6, -3.53778, 8.65822, -11.1758, 0.000201795, 0.001607, -0.0020948, 
32, 149583, 7.89397, 3.6669, -5.12259, -0.000477425, -0.000515538, 0.00122249, 
33, 188997, 0.022558, -12.7115, -7.48848, -0.00107523, 0.00338285, 0.00179195, 
34, 147623, -5.13614, 2.28155, -8.73389, 0.00110534, -0.00117517, 0.00234692, 
35, 35433.4, 12.6067, 11.2257, -1.27728, -0.00267657, -0.00111856, -0.000105255, 
36, 379972, 9.62434, -2.49385, 11.8539, -0.00232189, 0.000179541, -0.00291749, 
37, 174579, -17.5708, 13.3173, -17.3746, 0.00180887, -0.000680924, 0.00132656, 
38, 31779.4, -12.1024, 3.54082, -2.87458, 0.00382139, -0.00116377, -0.0003503, 
39, 17933.7, 14.9299, -1.60557, -8.12817, -0.00274037, 0.000438487, 0.00141794, 
40, 9826.32, 5.37555, -14.7773, -2.72018, -0.000202216, 0.00384492, 0.00136117, 
41, 92983.9, -15.2597, -15.019, 16.7302, 0.00182891, 0.00184477, -0.00152107, 
42, 36951.3, -3.92662, 0.448176, 7.48822, -8.62966e-05, -0.00059696, -0.000859987, 
43, 6279.37, 7.11907, 3.36547, -5.57026, 0.00340525, -0.000282933, 0.00121876, 
44, 18926.2, 9.91011, -10.6246, 10.1475, -0.00350868, 0.00256527, -0.00304324, 
45, 13388.8, -14.4532, -2.99412, -14.9805, 0.00233157, 0.000281757, 0.00196586, 
46, 57039.7, 2.76628, 8.23971, 13.3912, -0.000782115, -0.00307278, -0.00139146, 
47, 165793, 1.52785, -13.2987, -11.4443, -0.00181765, 0.000921691, 0.00258959, 
48, 95584.4, 2.01474, 14.69, -4.87069, 0.000964937, -0.00376079, -0.00131792, 
49, 49905.3, -14.6074, -3.06034, -4.7455, 0.00368011, -0.000530835, 0.000831783, 
50, 72486.3, 1.55005, -10.1026, 10.5247, -0.00408076, 0.00217178, 0.00298824, 
51, 332159, 10.1955, -12.3656, 5.70441, -0.00300315, 0.0019244, -0.000399164, 
52, 12900.8, -9.25451, -4.94158, -1.2827, 0.00115238, 0.00210103, -0.000114477, 
53, 159525, 9.84143, 2.21324, -3.97026, -0.00101844, 0.000446087, 0.00168594, 
54, 73837.4, -6.63434, -5.44572, 8.39322, 0.00241685, -0.0021149, 0.00103985, 
55, 125355, -6.34722, -6.63228, -9.44295, 0.00153219, 0.000602585, 0.00181527, 
56, 28797.6, -3.40897, 10.2579, -12.7435, 0.00508449, 0.00174908, 0.00330371, 
57, 91269.6, -2.83302, 9.25426, 3.12621, 0.000143144, -0.00364305, -0.000897416, 
58, 5483.02, -17.2068, -0.40073, -16.5504, 0.00204019, -0.000111452, 0.0016963, 
59, 142050, -8.16759, 1.86821, -5.37688, 0.0043709, 0.00149956, 2.12042e-07, 
60, 184526, 10.6164, -13.811, -1.38936, -0.00323669, 0.0016642, 0.00126767, 
61, 58050.4, -3.09862, -10.4395, 10.8951, 0.00188934, -0.00182277, -0.00644059, 
62, 96236, -3.64563, 8.84151, -11.4681, -0.00125592, -0.00602006, 0.00338375, 
63, 23636.2, 9.73777, -7.51489, 8.60682, -0.00631, 1.67551e-05, 4.03106e-05, 
64, 29280.4, 5.43069, 2.02218, -7.64335, 7.79586e-05, 0.000424801, 0.00232481, 
65, 161524, -2.85131, 10.2085, -11.7554, 0.00568322, -0.00089016, -2.94036e-05, 
66, 67938.3, -3.15113, -0.892063, 7.22501, 0.00143026, -0.0037186, -0.000437478, 
67, 267084, -13.8918, -9.76721, -1.64657, 0.0031109, 0.00127671, 0.000833643, 
68, 69388.9, 1.32526, 9.92042, -10.807, -0.00269202, -0.00198263, 0.000508575, 
69, 47165.6, -14.2645, -7.64237, 12.7617, 0.00326528, 0.00072559, -0.00049288, 
70, 201127, 7.40607, -14.1452, -1.76148, -0.00132464, 0.00235315, 0.00143572, 
71, 105689, 9.22472, -12.9013, -13.3602, -0.00195428, 0.000926235, 0.00141205, 
72, 14582, -10.1053, -4.75816, 13.3639, 0.00129957, -0.000499602, -0.00206248, 
73, 76931.6, -2.51606, 10.5694, -12.0217, 0.000381117, -0.00192937, 0.000669615, 
74, 237815, -8.59737, 1.71038, -5.59932, 0.00159041, -0.00375423, -0.000754021, 
75, 105565, -11.7006, 12.037, 17.7183, 0.00090776, -0.00186815, -0.00175276, 
76, 170875, 13.9956, 5.37434, 5.18581, -0.00285493, -0.000814266, -0.000438161, 
77, 17853.6, 10.8097, -2.34945, 6.33543, -0.00296785, -0.000463596, 0.00047503, 
78, 24497.1, -12.8311, -7.91244, -4.69098, 0.0026431, 0.000944098, 0.00272793, 
79, 101855, 1.15687, 13.8921, 1.51683, 0.000548062, -0.00316856, -0.00098423, 
80, 95013.6, -3.61566, -0.398551, 6.88853, 0.000385069, -0.00113415, -0.000429069, 
81, 141297, -14.2287, 15.7091, -14.8489, 0.00150021, -0.00183099, 0.000708951, 
82, 151080, -11.4264, -4.10813, 14.4541, 0.00266913, -0.000401579, -0.00226146, 
83, 260791, -8.77169, -4.52834, -2.7409, 0.00113368, 0.00180473, 0.000423229, 
84, 100223, 10.052, -1.38722, 10.9887, -0.00368297, -0.00168011, 0.00076018, 
85, 7966.28, -3.03228, 11.0691, -12.2067, -0.000547146, -0.00782372, 8.35682e-05, 
86, 58175.3, -2.92955, 10.8714, -12.3247, 0.00613054, 0.00133655, 0.00194157, 
87, 628317, 1.14774, -10.1468, 9.8895, -0.00134564, 0.00136099, -0.0031399, 
88, 82285.2, 8.42788, 16.5561, 6.29353, -0.000880473, -0.00238528, -0.00150567, 
89, 161291, -7.05387, 1.00416, -7.73561, 0.000233983, 0.00153319, 0.000694153, 
90, 79687.2, -3.40145, -11.5063, 12.0524, 0.00116966, 0.000643568, 0.00070312, 
91, 310528, 14.2699, 17.1232, -10.6562, -0.00108836, -0.00206465, 0.00121543, 
92, 30795.2, -10.1387, -2.70914, 2.93033, 0.00129337, -0.000631846, -0.00142984, 
93, 519908, 8.05277, -7.73055, 9.00193, -0.00259517, 0.000434237, -0.00133822, 
94, 101104, -6.69559, 0.644659, -9.38141, 0.00173675, 0.00150378, 0.00430705, 
95, 23620.3, -6.37726, -10.5576, -13.5765, 0.000376517, 0.000982776, 0.0020397, 
96, 8104.4, -2.69647, 9.13778, 3.94327, 0.00111453, -0.00249903, -0.000148355, 
97, 234265, 2.68817, -9.45285, 7.39502, -0.00119003, -0.000136756, 0.00213394, 
98, 3741.53, -4.78698, 14.2991, -9.91031, 0.00156234, -0.00398737, -0.000416731, 
99, 5528.05, -13.8139, -10.3391, -2.45396, 0.00320069, -0.00276504, 0.000352528, 
100, 6655.21, 10.326, -10.8889, 11.5188, -0.00302913, 0.0021582, -0.00350753, 
101, 74442.9, 16.4051, 9.46667, -8.45268, -0.00320946, -0.000402642, 0.000726321, 
102, 271819, 9.85473, 8.05357, 16.4858, -0.00142662, -0.00166225, -0.00229398, 
103, 173429, 11.1664, 10.0719, -10.3031, -0.00231358, -0.00176522, 0.00324816, 
104, 132164, -6.20293, -3.27696, 10.219, 0.00187176, -0.00255343, -0.00191218, 
105, 293403, 4.1638, -2.77542, -12.5449, -0.00121072, 0.000165674, 0.00239118, 
106, 91810.3, -2.42913, -14.0117, -7.06635, 0.00222079, 0.00349931, 0.000444054, 
107, 203740, -7.52833, -11.8577, -14.5779, 0.000514278, 0.000994561, 0.00241762, 
108, 124900, 1.75901, 15.2377, -4.30241, 0.000338288, -0.00195752, 0.0011695, 
109, 153482, -1.95041, -9.73047, -4.41832, 0.00123946, 0.000616078, -0.000701672, 
110, 95805.7, -8.34612, -12.2227, -12.7895, 0.00306849, 0.00247294, 0.000737219, 
111, 47735.2, -0.220343, -12.1606, -3.28345, -0.000410754, 0.00289968, -0.00059386, 
112, 24494.2, 6.21993, -10.6917, 0.885565, -0.00124861, 0.00036367, 0.00128891, 
113, 39205.1, 6.77664, 3.67214, -2.38962, 3.86679e-05, -0.000711946, -0.00146019, 
114, 24723, 10.6162, 9.82623, -9.07206, -0.00105517, -0.00131694, -0.00113076, 
115, 15671.3, -13.3395, -17.1235, -17.2476, 0.0015021, 0.00156541, 0.00157618, 
116, 320473, -4.1136, 10.0841, -11.7291, -0.0016983, -0.00150085, 0.00270071, 
117, 54072.2, -3.83873, 11.6096, -11.6929, -0.00236164, -0.000575442, 0.00139539, 
118, 20992.2, -13.701, -10.4412, -15.6524, 0.0023066, 0.000730027, 0.0019908, 
119, 68943.4, 16.4616, 16.7283, -3.07504, -0.00245494, -0.00176421, -0.000278924, 
120, 176775, -7.45819, 2.40545, -8.80102, 0.000616849, -0.00147783, 0.0026487, 
121, 28501.8, -1.08908, -11.4934, 11.2497, -0.0035849, 0.00190154, -0.00260991, 
122, 93263.7, 8.68159, 4.60023, 11.765, -0.00110291, -0.00180608, -0.00211212, 
123, 54631.4, -9.91486, 7.59047, 15.2218, 0.000775561, -0.00142236, -0.00199224, 
124, 28486.7, 3.77544, 2.70277, 8.6592, -0.000438025, -0.00200054, -0.000926278, 
125, 45940.3, -2.74283, 8.40763, 7.60959, -4.11096e-05, -0.0017101, -0.000810117, 
126, 58147.3, -14.2878, -7.96825, -3.48333, 0.00268697, 0.00280601, -0.00158875, 
127, 314510, 4.08665, -16.1636, -15.7549, -0.00032675, 0.00291087, 0.00204431, 
128, 66689.7, -14.1298, -8.45785, -2.77916, 0.00360295, 0.00240601, 0.000833475, 
129, 293196, -16.4182, 6.53714, 10.7042, 0.00228196, -0.00114028, -0.000468366, 
130, 58957.4, 0.113396, 6.68039, 14.6524, 0.00104959, -0.00417818, -0.00252179, 
131, 26864.5, -14.1346, 8.039, 13.7878, 0.000934841, -0.00243662, -0.00050516, 
132, 14537.9, -15.9635, 1.94215, 6.80705, 0.00277979, -0.000603629, -0.000334011, 
133, 59690.8, -8.87763, 2.06121, -5.35058, 0.00210882, 0.000670774, 0.00182106, 
134, 71873.2, -4.00841, 10.4071, -12.2156, 0.00561769, -0.00648167, -0.000821483, 
135, 9549.31, 0.321797, -13.4001, -9.53284, -0.00254313, 0.00218344, 0.00330678, 
136, 48774.7, 15.531, 12.1532, 1.76643, -0.00253869, -0.00149217, -0.000536213, 
137, 177196, 4.43248, 17.1433, -13.5525, -0.000910715, -0.00242986, 0.00242066, 
138, 29597.5, -12.0449, -13.8449, 4.24578, 0.00196133, 0.00287127, -0.000143834, 
139, 32591.9, -3.17564, 10.0297, -11.8506, -0.00125766, -0.00381198, 0.00216154, 
140, 153581, 2.65597, 16.2951, -11.7014, 0.000213393, -0.00282945, 0.000646223, 
141, 131949, 3.1314, -12.4033, 8.1882, -0.00190634, 0.00509153, 0.000377935, 
142, 20789.6, -9.40414, 0.823499, 11.6397, 0.00201367, -0.00173882, -0.00139382, 
143, 36049, 4.21643, 4.94998, -13.4366, -0.0011688, -7.32936e-05, 0.00289726, 
144, 177733, -11.2293, -2.23303, 1.74783, 0.00319454, -0.000898242, -0.000483731, 
145, 143909, 14.8704, -13.1422, -15.5296, -0.00188992, 0.000878545, 0.00145241, 
146, 76057.7, 2.01264, -11.084, 9.8821, -0.00120219, 0.00612275, 0.00108586, 
147, 21460.3, 1.29291, -10.3094, 9.71424, -0.00731287, -0.000491046, -0.00712893, 
148, 28241, 9.02836, 0.964691, 12.9462, -0.000494313, -0.00114431, -0.00472024, 
149, 77611.6, -6.01353, 12.4917, -15.3195, 0.00133791, -0.00229438, 0.00369819, 
150, 42249.4, -1.89018, 10.3317, 3.84889, -0.000877672, -0.00292018, -0.00196596, 
151, 30574.3, -12.3244, 3.08246, -2.89301, 0.00304799, -0.00267587, -8.89504e-05, 
152, 45197.8, 15.4775, 11.7411, 2.68782, -0.00248159, -0.00136263, -0.000908144, 
153, 71843.5, -11.0195, -13.7073, -5.86805, 0.00194839, 0.00270917, 0.000916638, 
154, 71612.1, -9.08467, 12.8574, -15.5898, 0.00218555, -0.00160578, 0.00225558, 
155, 53086.9, 0.410521, -13.4277, -9.58456, 0.00120637, 0.00171417, -0.00112385, 
156, 50912.6, -14.5267, -4.59477, -6.53372, 0.00326593, 0.000264698, 0.00201174, 
157, 422843, -6.19646, -7.62585, 9.98113, 0.00481213, 0.000463496, -0.000217556, 
158, 35700.8, 16.9359, -8.5955, -10.4392, -0.00223618, 0.000535692, 0.00102637, 
159, 46045.4, 0.664808, -13.0273, -11.9349, 0.00152535, 0.00194515, 0.00366957, 
160, 152279, -14.6822, 7.44824, 15.3809, 0.00179594, -0.00111523, -0.00212546, 
161, 142259, -11.1509, -0.991341, 15.9965, 0.00160004, -0.00133108, -0.00287532, 
162, 22811, -8.83761, -5.62925, -1.84967, 0.00254834, 0.00282357, -0.00196379, 
163, 44215.6, 0.810992, 12.0923, 1.83023, 6.16078e-05, -0.00140896, -0.000605398, 
164, 78004.8, -5.07803, -8.52438, 6.55648, 0.00126381, 0.00170755, 0.00215226, 
165, 116840, -0.222837, 9.43661, -11.2267, -0.00235104, 0.000785635, 0.00048435, 
166, 26576.3, 14.0526, 16.3268, -3.75338, -0.00175056, -0.00203055, -1.43561e-05, 
167, 178987, -9.44061, -10.1012, 15.0756, 0.002307, 0.00188107, -0.0032363, 
168, 105332, 8.952, 15.7528, -0.198199, 0.000308971, -0.00167267, 0.000490953, 
169, 17416.3, -1.10319, -1.08304, -2.82129, -0.000534704, -0.000486897, 0.000703833, 
170, 188196, 11.3706, 10.6924, -11.15, -0.000980778, 0.000463448, 0.00073872, 
171, 154087, 1.00545, -12.1975, 9.92367, 0.00066213, 0.00690222, -0.00179467, 
172, 221417, 1.51938, -0.884151, 12.2887, -0.000468361, -0.000811825, -0.00231679, 
173, 30581.6, 9.76083, 2.17327, 9.86062, -0.00223933, -0.000915503, -0.00024946, 
174, 257561, -3.22204, -9.79033, 11.6665, -0.0015914, 0.00229461, -0.000174642, 
175, 25785, 14.2977, 9.09471, -7.49889, -0.00261752, -0.000466893, -3.54094e-05, 
176, 48638.1, 4.24749, -16.5411, -15.5634, -0.00228044, -0.00143631, 0.00356908, 
177, 10067.2, -7.53293, -8.72598, 6.19796, 0.00317438, 0.00221779, 0.0013537, 
178, 44588.6, -3.47293, 9.09844, -11.5152, 0.000381953, 0.00290418, -0.00359238, 
179, 92749.3, -5.82737, -10.2615, 8.41024, 0.00269658, 0.00452101, 0.00103917, 
180, 92871.7, 4.30807, -13.8204, -0.0884294, -7.79479e-06, 0.00277926, 0.000370308, 
181, 247270, 7.07819, 10.0378, -0.360619, -0.000932437, -0.000789183, -0.000773525, 
182, 486916, -3.31262, -9.83021, 11.3247, 0.00286013, -0.000943454, -0.0036878, 
183, 368942, 7.30298, 14.2498, -1.59655, -0.00141037, -0.0031502, -0.000636107, 
184, 177502, -1.69899, -2.80318, 2.94202, -0.000258537, -0.000715413, 0.000602262, 
185, 207343, -5.76423, -10.9279, -13.242, 0.00199149, 0.00173976, 0.00334348, 
186, 187409, 9.49495, 5.2789, 9.1509, -0.00181175, -0.00197585, -0.000519296, 
187, 2227.5, -8.7529, 6.5012, -10.2174, 0.00350744, -0.00142131, 0.00144477, 
188, 123729, 0.470592, -13.6778, -9.20283, -0.000989847, 0.00285152, -0.00115822, 
189, 104967, -4.23129, -5.85442, -12.5616, 0.000691963, -0.000478091, 0.00296329, 
190, 66861.3, 5.39818, -14.8871, -16.5574, -0.00260799, -2.02872e-05, 0.00322954, 
191, 273746, 7.92459, -13.6465, 4.79956, -0.00265652, 0.00134786, -0.000902649, 
192, 237580, 10.3551, -4.31081, -1.8741, -0.0024474, 0.000667831, 0.000712341, 
193, 172963, 11.8156, 17.3274, -11.5265, -0.00254475, -0.00206978, 0.000753763, 
194, 93590.7, 4.17143, 1.16474, 6.82426, -0.000876372, -0.00108782, -4.71941e-05, 
195, 163125, -2.90452, 9.34947, -11.792, 0.00293124, -0.00153517, 0.00315114, 
196, 160121, 8.74564, 2.49053, -4.73057, -0.00471083, 0.000524619, -0.00138881, 
197, 122511, -2.88252, 9.52626, 3.20235, 0.00226492, -0.000591418, 0.000379447, 
198, 16991.2, 17.7937, -5.32728, -17.2151, -0.00166052, 0.0001836, 0.00147223, 
199, 27557.8, -15.0613, 1.03979, 0.118933, 0.00347431, -0.00112384, -0.000109428, 
