ID, Mass [kg], pos_0 [m], pos_1 [m], pos_2 [m], vel_0 [m/s], vel_1 [m/s], vel_2 [m/s], 
0, 5682.38, -28.0641, -7.17818, -4.6007, -0.00303526, -0.00350322, -0.00172574, 
1, 51291.5, -26.2064, -17.2414, 24.0726, -0.00453385, -0.00400844, 0.00537919, 
2, 73779.3, -2.6482, -2.01498, 0.0881518, -0.00704754, -0.00437181, -0.000146518, 
3, 9731.99, -5.07764, 20.762, 21.416, -0.000795028, 0.00394843, 0.001241, 
4, 104587, 0.203383, -2.36125, 2.85782, 0.000452262, 0.00493701, -0.00513733, 
5, 42215, -2.49817, 3.31499, -2.14742, 0.000662024, 0.00343413, -0.000524008, 
6, 57220.4, 21.6736, 12.8086, -24.2342, 0.00345091, 0.00448938, -0.00338629, 
7, 44855.5, -4.36962, 5.40955, 4.64143, -0.00131286, 0.00414098, -0.00123184, 
8, 276797, -0.962411, 6.19416, -1.03889, 0.00236178, 0.00486449, -0.00482395, 
9, 2643.18, 4.41217, -0.611997, 0.658619, 0.000299146, 0.000379534, -0.00563152, 
10, 33961.7, 9.27455, -15.2934, -8.12994, -0.000150383, -0.00103807, 0.000589934, 
11, 8691.35, -8.25352, 41.1262, -32.7305, -0.000434954, 0.00629071, -0.0061156, 
12, 141682, 5.85352, -2.19996, 2.74222, -0.00122085, 0.00277623, -0.00338174, 
13, 288611, -16.0968, -10.6655, -1.97815, 1.0621e-05, -0.00182506, 0.000272897, 
14, 512847, -1.35403, 1.83791, 4.08568, 0.000208248, -0.00528252, -0.00263511, 
15, 15651.7, -1.14782, 3.07441, -0.709302, 0.00236178, 0.00992856, -0.00470132, 
16, 182451, 14.8185, -13.8311, 35.9117, 0.00372661, -0.00184201, 0.00484082, 
17, 62197.8, -14.6237, -11.4625, 4.09168, -0.00159542, 0.000837809, -0.000458303, 
18, 185440, -17.396, -13.2516, 3.97724, 5.7605e-05, -0.00281949, 0.000485844, 
19, 36701.4, 21.2816, 32.9705, -30.7359, 0.00409272, 0.00573084, -0.00553954, 
20, 106936, -44.5345, -25.781, 12.9641, -0.00788912, -0.00469514, 0.00225431, 
21, 161838, -3.92032, -2.74407, 6.11073, 0.00189179, 0.000950205, -0.00304032, 
22, 144875, -3.22279, -4.68265, 0.469838, 0.00120143, 0.00463398, -0.00313409, 
23, 100936, 4.46871, 20.6193, 11.8373, -0.000363773, 0.00163731, -0.000721052, 
24, 95186.1, 29.0329, 27.5103, 25.9182, 0.00532258, 0.00379609, 0.00377445, 
25, 151808, 20.5485, -18.5963, 35.8657, 0.00461534, -0.00269028, 0.00614922, 
26, 118354, -0.536639, -1.0549, -3.80381, 0.00285787, -0.00356155, 0.00173304, 
27, 149234, 1.94585, -4.48844, -1.58433, -0.00150002, -0.00380347, -0.00263844, 
28, 9985.68, 6.23002, 1.30934, 0.503827, 0.00587088, 0.00315788, -0.0020925, 
29, 180895, 4.05685, 2.45916, 5.65317, -0.00276587, -0.00807213, 0.000525687, 
30, 486.041, 9.47655, 10.5514, -4.90583, 0.000912278, -0.00225449, 0.00273829, 
31, 70262.9, 0.753453, 3.01364, 1.89908, 0.00237489, 0.00969403, -0.00292822, 
32, 45902.1, -0.624811, 1.13659, 0.351418, -0.00655286, 0.00767418, -0.00457047, 
33, 24444.7, 1.58521, -1.78744, 3.3286, -0.00751665, 0.00340328, 0.00337117, 
34, 65679.9, 1.12789, -0.144025, -0.634891, 0.00250829, -0.00985158, -0.00197899, 
35, 3309.29, -16.0746, -18.2094, -6.25027, 0.000492501, -0.00492055, -0.000837329, 
36, 8280.38, -31.8085, 31.1529, -11.6184, -0.00476336, 0.00524175, -0.00319441, 
37, 94538.9, 1.38763, 1.49673, -4.46517, 0.00216212, -0.00346965, -0.00412047, 
38, 30213.7, 40.6718, -12.306, -11.3761, 0.00858556, -0.00104859, -0.000130932, 
39, 53471.9, -8.77033, 1.44112, -11.984, 0.00108995, 0.00307336, 0.000943165, 
40, 43100.3, -15.8548, 19.9381, -18.7968, -0.00142653, 0.00234622, -0.00290721, 
41, 44746.6, 11.5446, 27.451, 9.22681, 0.00164164, 0.00380866, -0.000938668, 
42, 34053.9, 1.77851, 15.6167, 29.9529, -0.000360073, 0.00316305, 0.00454747, 
43, 54380.2, -4.34365, 5.36965, 5.80761, 0.00074091, 0.00439762, -0.00206317, 
44, 38723.2, 18.3454, -5.31083, -22.832, 0.00197507, -0.000221079, -0.003783, 
45, 2321.23, -16.7504, -8.34072, -0.20403, 0.00074639, -0.00215313, 0.00106636, 
46, 241169, 12.6949, 3.41307, -0.529448, 0.000491393, -0.00233403, 0.000984649, 
47, 344827, -4.11259, 4.83844, 5.31787, 0.000236175, 0.00175338, -0.00209604, 
48, 39271.1, 7.13562, -2.61589, 3.96668, -0.00269477, -0.00263848, -0.00207055, 
49, 19687.8, -35.8198, 31.4225, -12.4567, -0.0066173, 0.00620403, -0.00353656, 
50, 61216.8, 9.98306, -9.847, 2.64509, -4.49936e-06, 0.000597945, 0.00265324, 
51, 19182.2, -27.4672, 37.199, -22.4745, -0.00455123, 0.0070162, -0.00491523, 
52, 12420.5, -1.23927, -0.373727, -4.36087, -0.00397685, -0.00124137, 0.00204736, 
53, 85447.4, -45.5422, -4.28634, -20.4345, -0.00780248, -0.000798178, -0.00320811, 
54, 361436, -2.56364, 3.25232, 6.94418, 0.000729631, -0.00387015, -0.00125824, 
55, 158926, 14.2253, 7.48584, -23.854, 0.00257321, 0.00109488, -0.00243115, 
56, 49282.6, -19.6306, 30.3722, -30.1355, -0.0019695, 0.00516388, -0.00628575, 
57, 218355, -0.338994, 2.84689, 0.749772, 0.00409805, -0.00289238, 0.00279365, 
58, 22371.5, 40.9328, -13.1859, -9.64832, 0.00887427, -0.00181549, -0.000978395, 
59, 55919.9, -14.6795, 24.0693, -29.6626, -0.000553147, 0.00246425, -0.00424564, 
60, 21598.8, 3.84622, -3.06237, -3.605, 0.000665676, -0.00269761, -0.00334663, 
61, 398.952, -0.754482, 2.50711, 1.14493, -0.00359242, 0.0104878, -0.00249212, 
62, 1108.92, 2.30887, -5.45974, 34.2242, 0.000839032, -0.000507802, 0.00440749, 
63, 108555, -7.13072, -2.21568, -0.739526, 0.00381972, -0.00548413, 0.00174338, 
64, 244863, 10.8936, -4.61639, 22.4009, 0.000829609, -0.000363609, 0.00139677, 
65, 220694, -18.7996, 29.3634, -24.9335, -0.001869, 0.00490271, -0.0044273, 
66, 61700, -5.11916, 40.8188, 19.5019, 1.53683e-05, 0.00656642, 0.00283823, 
67, 55388.9, -24.4584, 7.63776, 18.8824, -0.00480634, 0.00127986, 0.00373649, 
68, 211156, -1.25087, -1.5019, 0.348697, -0.00299425, 0.000649301, 0.00149798, 
69, 12720.6, -1.9346, -13.4306, 3.97185, 0.000306926, 0.00150371, -0.00135807, 
70, 25096, 1.7378, -0.438122, -0.288236, 0.00712025, 0.00652316, 0.00333816, 
71, 179870, 6.58732, 10.8289, -3.38116, 0.00034565, -0.00254087, 0.00275417, 
72, 79123.8, -40.9714, -11.4398, -1.96203, -0.00508857, -0.00146638, -0.000568125, 
73, 110870, 3.32843, 1.29974, -2.66039, 0.00149089, 0.00324953, -0.00385968, 
74, 43359.1, 17.814, 21.5959, 18.5045, 0.00164984, 0.00499447, 0.00104679, 
75, 140124, 1.54983, 7.16787, 2.5398, -0.000641168, 0.00326816, -0.00314162, 
76, 229268, -13.3796, 20.7176, -23.6397, -0.00109454, 0.00211211, -0.00255372, 
77, 302149, 0.168742, 0.624038, -1.20769, 0.00492326, -0.00493764, -0.00451569, 
78, 100708, -17.4971, -10.4457, -3.0852, -7.84565e-05, -0.00239097, 0.00271235, 
79, 46633.4, -1.70393, -0.151603, -1.71005, -0.00663219, -0.00391725, 0.00150251, 
80, 143926, 0.990905, -4.89294, 1.93825, 0.00762944, 0.00265955, -0.00330377, 
81, 270.261, -35.734, 6.52592, 15.9997, -0.00446594, 0.000637931, 0.00171644, 
82, 159650, -4.05132, 2.49963, -1.79133, -0.00398658, 0.00362942, 0.00153329, 
83, 24756, 6.8165, -5.24672, 0.193775, -0.0026112, -0.00305341, -0.000479803, 
84, 18375.3, 5.5017, -5.51458, 3.64653, -0.00495605, -0.000380028, -0.00019368, 
85, 491877, 35.0671, -12.6697, -14.088, 0.0062722, -0.00151249, -0.00185481, 
86, 194807, -0.554585, 2.54355, 0.198887, -0.00112495, -0.00115681, -0.0030167, 
87, 8649.23, 15.1549, 7.67282, 6.36899, 3.48883e-05, 0.00277853, -0.000391175, 
88, 138901, -1.83531, -8.31996, 12.5124, -0.00272158, -0.000764755, -0.000698756, 
89, 50202.9, 9.14779, -5.82879, 4.10122, 7.75419e-05, -0.00150072, -0.00254619, 
90, 98321.9, 2.02573, 4.74459, -2.20314, 0.00236561, 0.00697782, -0.00700872, 
91, 384069, -1.3725, 2.40434, -0.95413, 0.00157789, 0.00222334, 0.00358222, 
92, 81279.9, -9.68585, -13.2943, -0.246572, -0.00115874, 0.000328832, -0.00167358, 
93, 91375.2, -2.19499, 0.295723, 5.08312, -0.00286818, 0.00155839, -0.00161775, 
94, 5476.7, -11.6869, -16.8263, 7.26855, -0.000565603, -0.00262592, 0.00119384, 
95, 33452.5, 3.51885, 2.76202, 2.97988, -0.000867076, -0.00884282, -0.00323328, 
96, 25752.1, -29.2336, -8.53015, -8.09523, -0.00677938, -0.0025896, -0.00232355, 
97, 200797, -0.736536, 3.5318, 3.36537, -0.000904358, -0.000709184, 0.000758386, 
98, 298981, 3.44735, 4.79813, -2.58387, 0.00273586, -0.00073059, -0.00173363, 
99, 93146, -4.84937, 1.24711, 0.596151, -0.006711, 0.00454442, -0.00205288, 
100, 8612.85, -16.361, 11.2524, -16.4946, -0.000529151, 0.000857847, -0.0012659, 
101, 24343.5, -3.16802, 12.5429, 4.07044, 0.000357941, -0.00311655, -0.00229236, 
102, 10296.7, -6.97191, 17.1157, -10.2818, 0.000148986, -0.000616578, 0.00127459, 
103, 15719.8, -9.30621, -3.59369, 19.8628, -5.26159e-05, 0.00166652, 0.0001057, 
104, 230040, 0.185452, -3.26182, 1.16831, 0.00380482, -0.00473583, 0.00538221, 
105, 17846.1, 3.69409, -3.84897, 1.62138, 0.00721624, 0.00420792, -0.00335371, 
106, 22216.6, -1.25547, -1.78944, -0.198007, -0.00945536, -0.00637465, 2.79235e-05, 
107, 98486.7, 0.287296, 14.4578, 17.2392, 0.000727208, 0.00196318, -0.000985819, 
108, 214214, -36.4542, -0.125108, -28.944, -0.00679619, 7.86717e-05, -0.00560236, 
109, 131614, -2.45192, 1.57513, 3.35281, 0.00166835, 0.000512503, 0.00652752, 
110, 160023, -1.89429, -1.88796, 0.556954, -0.0037322, -0.00202362, 0.00367958, 
111, 115735, -2.55152, 6.31805, -2.53278, -0.00133335, 0.00275836, -0.000323504, 
112, 378585, 21.0988, 5.55596, -29.774, 0.00317979, 0.00200121, -0.00460725, 
113, 83295.8, -25.6224, 5.83811, -3.67508, -0.0017131, 0.00151358, 0.00044331, 
114, 148827, 6.02463, 3.88667, 1.06904, 0.00737509, 0.000572891, 0.00111722, 
115, 285284, -2.77485, -22.2917, 36.0036, -6.92604e-05, -0.00435926, 0.00605411, 
116, 515864, -1.55757, 1.33619, 3.91427, 0.00232139, 0.00371447, 0.00218987, 
117, 88363.5, 6.45907, -9.18738, 18.9957, -0.000569253, -0.00225113, 0.00102367, 
118, 155064, 17.0161, 9.10329, 5.03705, 0.0028743, 0.00325264, -0.00238149, 
119, 18098.3, -2.04236, -0.169472, 0.0804869, -0.00715667, 0.00418086, -0.00261771, 
120, 34391.6, 37.1347, -18.1341, -9.63655, 0.00672291, -0.00217904, -0.000195169, 
121, 78154, 3.6496, 5.13617, 1.3871, 0.00202298, 0.00756904, -0.00287313, 
122, 10497, -2.45573, 3.07375, 4.00783, -0.00481178, -0.00323473, -0.00147449, 
123, 59058.1, -4.47209, 19.6547, 4.82544, 0.000621549, 0.00044346, 0.00140096, 
124, 5646.35, -4.88144, -4.93203, -0.94681, -0.0039734, 0.00234451, -0.00267554, 
125, 103346, -0.879786, 0.760882, -0.665874, -0.00456384, -0.000410769, -0.00383067, 
126, 64702.5, -44.1124, 0.27762, 13.7371, -0.00758373, 7.2868e-05, 0.00322303, 
127, 199056, -2.23324, 1.843, 2.68423, -0.00245065, -0.00577513, 0.00493393, 
128, 192649, -2.5446, 1.24029, -1.07198, 0.000692861, 0.00425371, -0.00551521, 
129, 1707.71, -1.28121, 4.46768, 2.43534, 0.000741409, 0.000763604, 0.00916942, 
130, 19869.9, -1.69106, 1.97129, 4.33375, -0.00618867, 0.00482252, 0.000326329, 
131, 143979, 3.1894, 2.27837, -2.25931, -0.00132652, -0.00155912, 0.00213066, 
132, 37850.6, -49.8505, 25.1986, -13.9254, -0.00986065, 0.0044579, -0.00234425, 
133, 50031.5, -2.06857, 2.69173, 5.01627, 0.00254954, 4.55e-05, -0.0025005, 
134, 369068, -21.3836, 1.75271, -8.76691, 0.000178684, 0.000416357, -0.00034127, 
135, 3806.98, -0.43929, -17.1131, 0.622963, -0.000897833, -0.000678184, -0.000802061, 
136, 64591.7, 8.84242, -8.79199, -5.24915, -0.000362299, -0.00141182, 0.00326663, 
137, 1688.15, -7.57763, -15.2498, 6.69082, 0.00193107, -0.00366255, 0.00177468, 
138, 439943, 2.64064, 1.52095, 4.10877, 0.00169711, 0.00767876, -0.000597447, 
139, 72054.1, -0.663464, 6.83288, 1.9786, -0.00464827, -0.00240888, 0.00417614, 
140, 10511.3, -3.65229, -15.3316, 23.3344, -0.000394248, -0.00257816, 0.00209547, 
141, 28560.6, 4.31796, 3.19209, 0.662541, 0.00296009, -0.00836454, -0.00170268, 
142, 92270.6, 0.48661, 4.65609, 1.8674, 0.0078338, -0.00568985, 0.000397677, 
143, 57507.6, -35.7925, 11.2938, 21.9405, -0.00585398, 0.00197035, 0.00361918, 
144, 106955, -7.37539, -3.91213, 17.7421, 0.0014517, 0.000124411, -0.000313796, 
145, 53021.1, -2.43356, -1.25878, -1.13806, 0.000954765, -0.00504821, -0.00256517, 
146, 127593, 0.174613, 5.50375, -0.984894, -0.00792736, -0.000578168, -0.000880038, 
147, 31386.3, -2.42686, 4.56948, 1.52579, 0.00165121, -0.000157809, 0.00205646, 
148, 89613.6, -6.07089, 14.1687, -15.3417, 0.00186337, -0.0013202, -0.00253507, 
149, 251415, 12.8496, -2.32365, 20.5325, 0.000863457, -0.000150903, -0.000229047, 
150, 55890.6, -3.86024, -10.877, 0.482805, 0.0047365, -0.00320207, 0.000185509, 
151, 174949, 2.86777, 1.49787, 0.549261, 0.00161653, 0.0058736, 0.00111615, 
152, 66072.8, 10.7043, -9.41061, 11.3148, -0.000564795, 0.000947586, 0.00120489, 
153, 19075.8, -0.880853, -2.84422, 6.19119, -0.00229969, -0.00379404, 0.008262, 
154, 47261.5, 1.03357, -0.122959, 4.50187, 0.00939536, 0.00326642, -0.000114624, 
155, 102102, -1.71447, 1.69239, 0.753332, -0.00754826, -0.000466702, -0.000374442, 
156, 5375.03, 1.86792, 3.267, -1.21177, -0.00793259, -0.00219466, -0.000996722, 
157, 3761.7, 7.09422, -2.65214, -4.44242, -0.00224377, -0.00166537, 0.00416299, 
158, 7652.65, 2.45471, 6.33173, 11.5866, 0.000863425, -0.00202761, -0.000624803, 
159, 47070.1, 0.516003, 2.90644, 4.08238, -0.00546571, -0.00248891, 0.00375748, 
160, 17972.9, 3.65571, 1.37093, 4.715, 0.00316041, -0.00126614, -0.00033218, 
161, 218629, -1.64502, -9.41293, 6.70236, -0.00051105, 0.00322146, -0.0017004, 
162, 138887, 0.47718, -0.731575, -0.728942, 0.00238994, -0.00479242, 0.00309349, 
163, 33277.3, 11.9346, -9.84642, -1.88847, 0.000607655, -0.0025054, 0.00323923, 
164, 167891, 1.23247, 3.062, -0.058999, 0.00441674, -2.6732e-05, 0.005082, 
165, 62570.5, -3.2861, -41.8004, -9.9726, 0.00020741, -0.00724497, -0.00184443, 
166, 38130.4, 7.82986, 37.677, 20.8633, 0.00216459, 0.00562365, 0.00286466, 
167, 22403.8, 5.73821, -15.7539, 32.9639, 0.0014819, -0.00298407, 0.00410963, 
168, 1479.59, 20.1766, 11.6493, -31.2201, 0.00396415, 0.00267583, -0.00512352, 
169, 20399.9, 1.40928, -24.7006, 34.0702, 0.000145717, -0.00541038, 0.0049876, 
170, 115854, -3.60329, 0.837076, 4.02221, -0.00248063, -0.00368625, 0.000424429, 
171, 27762.9, -2.44214, -1.47436, 2.68027, -0.00214622, 0.00605477, -0.00219979, 
172, 250928, 5.76427, 3.617, -5.51091, 0.00176285, -0.0002368, -0.00376682, 
173, 74469.2, -32.7159, 18.4806, -9.19066, -0.00527994, 0.00497351, -0.0017785, 
174, 143481, -40.4616, 27.7929, -18.0874, -0.0072112, 0.00522077, -0.00379426, 
175, 27145.1, -1.86378, 0.487041, -0.821873, -0.00532057, -0.00157101, 0.00084087, 
176, 32620.6, 9.71799, 5.07242, 8.99427, 0.000794509, -0.00205779, -0.00115524, 
177, 52575.7, 0.228016, -24.6035, 42.8727, -4.13581e-05, -0.00489887, 0.00854728, 
178, 19746.4, -4.37245, -3.30654, 5.69848, 0.00211564, 0.000153403, -0.00399688, 
179, 33623.1, -20.4931, 3.81211, -5.18866, -0.000696574, 0.00120474, 0.00158261, 
180, 50349.8, -36.3639, -23.8609, -19.117, -0.006008, -0.00401685, -0.00306914, 
181, 89376.8, -11.8581, 3.39494, -2.95191, 0.00325871, 0.00156517, 0.00259904, 
182, 42160.2, 1.62554, -0.607417, 40.7519, 2.53848e-05, -6.617e-05, 0.00738461, 
183, 100544, -22.2542, -12.8081, -1.44513, -0.00198372, -0.00213067, 0.00111852, 
184, 1446.88, 4.80278, 3.15347, -0.630532, 2.57791e-05, 0.000725988, -0.00506321, 
185, 119694, 2.69395, 1.63046, 0.931303, 0.0018636, -0.00922326, 0.00316584, 
186, 120999, -0.458436, -2.51433, 3.40538, 0.00831011, -0.0030991, 0.00360159, 
187, 52698.3, -0.975306, -1.58403, -0.199698, -0.00890339, -0.00312708, -0.00213056, 
188, 105467, 9.76798, -5.37634, -1.22208, -0.000567594, 0.00053513, 0.00324686, 
189, 99748.4, -4.623, -27.9892, 15.623, -0.00104124, -0.00405494, 0.00197174, 
190, 77133, -1.24442, 0.574958, -0.407315, -0.00294525, -0.0014079, 0.00606437, 
191, 178804, -1.06572, -4.17836, -1.26802, 0.0034017, -0.00563185, 0.0020142, 
192, 8685.6, 0.642135, 2.55005, 4.43718, 0.00124622, 0.00121157, -0.00876632, 
193, 256954, 9.87722, 9.58809, 20.1585, 0.00341646, -0.000889996, 0.00342337, 
194, 53540.6, 10.1958, -3.68524, 5.9584, -0.000358848, 0.00202775, 0.00103927, 
195, 220652, 0.0824571, 3.1145, 5.08513, -0.00285863, 0.00272672, 0.0051173, 
196, 10258.1, 5.3799, 1.90072, 2.83338, -0.00323207, 0.00584785, -0.00426865, 
197, 6083.3, -16.1349, -10.8638, 18.5702, -0.00247879, -0.000200581, 0.00117344, 
198, 127562, 9.40013, 14.9474, -4.65202, 0.000333081, -0.000639354, 0.00057439, 
199, 34766.2, -11.1841, -0.502847, -6.78584, 0.00341169, 0.000318582, -1.26553e-05, 
