ID, Mass [kg], pos_0 [m], pos_1 [m], pos_2 [m], vel_0 [m/s], vel_1 [m/s], vel_2 [m/s], 
0, 137312, 7.01776, 16.4888, -5.29263, -0.000187626, -0.000276266, 0.000811075, 
1, 55754.2, -8.38726, -1.9228, -16.1854, 0.000139364, -0.000183953, 0.00185908, 
2, 79728.4, 4.05855, 12.7181, 1.95238, 0.00040447, -0.00130184, -0.000198619, 
3, 16593, 7.91401, 10.6821, -11.8323, -0.000499629, -0.000576269, 0.000705237, 
4, 44490.6, -3.19361, 12.8294, 12.4848, -0.000694412, -0.000449166, -0.00149595, 
5, 188588, -13.8652, -5.58076, -13.399, 0.00146345, 0.000230278, 0.00104141, 
6, 44703.6, -8.78242, 14.9672, 7.15443, -0.00014457, -0.000918176, -0.000531503, 
7, 35735.5, -17.7127, 10.0608, 14.8795, 0.000623031, 0.00367818, -0.00197626, 
8, 123121, 3.54008, -2.25929, 4.46545, -0.000265652, -0.000365528, -0.00102817, 
9, 34968, 5.18109, -0.810813, 17.2608, -0.000474821, -0.000161068, -0.0013331, 
10, 14628.1, 1.40511, 10.9161, 18.3674, -0.000428494, -0.000399878, -0.00128747, 
11, 1978.1, 17.0042, 7.64605, -6.00157, -0.00163499, -0.000116423, 0.00015952, 
12, 40474, -0.686921, 0.636389, 11.6874, -0.000334576, -0.00023344, -0.00140738, 
13, 383935, -8.22581, -4.87282, -9.59993, 0.000840131, 0.00139186, 0.000501142, 
14, 194192, 15.9817, 19.2492, 3.79885, -0.000919652, -0.000982845, -0.000362982, 
15, 1674.31, -10.0059, 4.88326, -12.4155, 0.000286256, 0.00105556, 0.0015189, 
16, 38153.5, 15.9162, -4.0072, -6.43894, -0.00172217, 0.000163077, 1.78687e-06, 
17, 58543.7, 1.88614, 12.9442, 11.1705, -0.000653039, -0.000703449, -0.00121881, 
18, 243181, -12.4404, 15.3793, 7.47895, 0.00126316, -0.00138298, -0.000612279, 
19, 25807.2, -0.476149, 18.448, -17.8409, 2.46829e-05, -0.00109795, 0.00103495, 
20, 190454, -12.6225, 8.50257, 3.13616, 0.00142179, -0.000765196, 0.000412027, 
21, 252738, -10.8969, -14.8665, -11.7104, 0.000910804, 0.0010724, 0.000421569, 
22, 375639, -10.0659, 6.99229, 11.1802, 7.89946e-05, -5.36207e-06, -0.00129149, 
23, 157115, 1.29296, 13.5343, -7.59762, 0.000325083, -0.000960477, 0.000723557, 
24, 72124.3, 15.9093, 14.6836, 15.0084, -0.00119667, -0.000689141, -0.000399282, 
25, 580829, 5.02605, -16.4173, -10.4428, -0.000479577, 0.00107997, 0.000516673, 
26, 30351.3, 9.25952, -7.75803, 16.845, -0.000633965, 0.000236523, -0.00133768, 
27, 14371.3, 9.23996, 18.0693, 12.551, -0.000376433, -0.00100948, -0.000872875, 
28, 126879, -12.6009, 9.52243, 2.4046, 0.00163987, 0.00107166, -0.00102477, 
29, 110897, 4.7327, -12.1769, 7.95783, -0.000406508, 0.00118831, -0.00105403, 
30, 85578, -9.23174, -17.0445, 10.7559, 0.00112159, 0.000985392, -0.00209926, 
31, 29947.9, -8.93081, -13.9462, 0.519235, 0.000751966, 0.00117669, 0.000164181, 
32, 132455, -11.7282, -18.3613, -14.6344, 0.000948837, 0.00165481, 0.000305358, 
33, 130352, -10.1333, 15.5576, 15.0676, 7.44083e-05, -0.000918328, -0.000657891, 
34, 101577, 11.1659, 8.20753, -17.8346, -0.000360142, 0.000464388, 0.00149163, 
35, 37120.7, 10.7363, -13.8528, -0.417415, -0.000956053, 0.0017024, -0.00040039, 
36, 111512, -18.5196, 11.6694, -13.732, 0.00138022, -0.000633567, 0.000878307, 
37, 85576.8, 15.7444, -9.02762, 9.6922, -0.0018471, -9.24546e-05, -0.000803726, 
38, 37768.8, 18.1757, 14.0965, 10.5727, -0.00106102, -0.000538855, -0.000458866, 
39, 22057.8, 5.18068, -2.10447, -16.9733, -0.000291947, 0.000243374, 0.00126884, 
40, 27211.6, 4.59006, -16.109, -10.438, -0.0055248, 0.00428023, 0.000491533, 
41, 173428, 11.8775, 8.38256, 2.38134, -0.00113142, -0.000339474, -0.000456851, 
42, 253998, 13.195, -12.0397, 10.0719, -0.000904953, 0.00111422, -0.000989917, 
43, 5109.09, -14.7247, 9.83177, 7.76471, 0.00177007, -0.000529802, -0.000628541, 
44, 93787.3, 0.672943, -5.30708, -3.66991, -0.00209606, 0.00156641, 0.00312812, 
45, 18495.6, -1.37875, -13.5418, -2.76153, 5.53032e-05, 0.00133754, -4.50413e-05, 
46, 31956.3, -12.8734, -16.4936, -11.3736, 0.00211399, 0.00170404, -0.000427342, 
47, 62132.7, -7.69769, 9.01756, 18.112, -0.000186864, -0.000165128, -0.00171921, 
48, 184868, -5.26332, 15.4533, 9.20781, -0.000500282, -0.00176572, -0.000506598, 
49, 52292.7, -16.6425, -13.9206, -8.42208, 0.00152908, 0.000543828, -6.42054e-05, 
50, 124482, 14.2504, -2.00336, -8.79668, -0.00124185, -0.000179567, 0.000646208, 
51, 8220.22, 16.464, 17.456, -10.0554, -0.00101561, -0.00190859, -0.000181323, 
52, 26263.4, -3.64075, -15.1811, -17.8058, -0.000602771, 0.0011895, 0.00210885, 
53, 94384.3, 1.86681, 2.68087, 3.58778, -0.000257771, -0.00044488, -0.000605559, 
54, 13035.4, -3.35973, 3.45416, -7.50644, -0.000274333, -0.000582725, 0.000792657, 
55, 164166, -9.86993, 17.566, 4.98902, 0.000230841, -0.00222966, 0.000145922, 
56, 110314, 14.0286, 1.85385, -1.76488, -0.00134424, -4.55867e-05, 5.77875e-06, 
57, 339723, 6.48439, 15.885, -5.35106, -0.00116667, -0.00136356, 0.000698185, 
58, 34786.1, -7.3538, 14.8731, 11.5037, -1.21166e-05, -0.000845866, -0.00155651, 
59, 278196, -18.2731, -6.27981, 12.5385, 0.0019754, 0.000448469, -0.000958168, 
60, 9642.68, 5.72191, -14.9305, -9.26481, -0.000373756, 0.00144676, 0.000816463, 
61, 63534, -13.399, 16.9167, 0.656199, 0.00122143, -0.00182659, 0.000502498, 
62, 22547.5, -6.40345, -1.3331, 1.29456, 0.00185697, -0.000909644, 0.00158213, 
63, 6259.61, 16.8082, 10.0935, -8.0415, -0.00150376, -8.67954e-05, -2.97398e-05, 
64, 57968.1, 17.5207, -11.2076, -17.0336, -0.00214105, 0.000559491, 0.00135263, 
65, 409901, 16.3308, 14.1788, -12.1053, -0.00119073, -0.000817188, 0.000361616, 
66, 688.194, -2.17311, 13.6326, 14.109, -0.000777052, -0.000866973, -0.00177469, 
67, 86979.8, -10.2849, 12.6397, 0.715842, -0.000661835, -0.0016164, 0.0013244, 
68, 60388, -14.6207, -15.8087, -17.0713, 0.00149456, 0.000258001, 0.00124811, 
69, 63798.8, 6.86726, -8.48951, -8.38634, -0.000596876, 0.000320553, 0.000861406, 
70, 13257.1, -11.1188, 9.89636, -1.16666, -0.000122425, -0.000308663, 0.00136703, 
71, 28918.2, 9.29894, -18.928, 10.6285, -0.000555607, 0.00131145, -0.000704852, 
72, 9942.01, 18.2566, -11.1199, 13.834, -0.00174607, 0.00037981, -0.000539996, 
73, 42475.2, -19.0922, -1.81554, 18.9737, 0.000861794, 0.000226253, -0.00131106, 
74, 94725.8, -10.0305, -4.81593, 6.68891, 0.00084338, 0.000391185, -0.00045469, 
75, 38096.4, -7.76893, -1.37685, 5.25273, 0.000782573, -0.000237115, -0.00123496, 
76, 137227, -11.1372, 11.6223, 0.711264, 0.00123997, -0.000891949, 0.00083589, 
77, 39314.1, -1.70482, 8.76856, -8.91208, 0.000390905, -0.000795073, 0.000197944, 
78, 251593, -14.3871, 3.31404, 6.93166, 0.00138336, 0.000301265, -0.000520374, 
79, 191231, 8.95327, -5.59031, 4.52881, -0.00307094, -0.00137359, -0.00125871, 
80, 34987.9, 17.5266, 18.0265, -4.45817, -0.00114209, -0.000967825, -2.47062e-05, 
81, 111447, -2.87316, -15.662, -18.2168, 0.00031167, 0.000639932, 0.00168016, 
82, 14833.6, 11.1255, -17.8544, 0.574487, -0.000891653, 0.00157071, -0.000177709, 
83, 15976.5, 6.37559, -11.0604, 7.74932, -0.00120669, 0.000496832, -0.00108402, 
84, 47247.1, -16.4447, -17.3729, 9.96609, 0.00119896, 0.00101921, -0.000433568, 
85, 244699, 6.52879, -4.43825, 1.25963, -0.000642022, -0.000150367, 0.000425398, 
86, 24608.6, 17.9595, 9.73814, 18.6837, -0.000721317, -0.000110798, -0.000980577, 
87, 89124.7, 14.2078, 9.96388, -15.5254, -0.00178217, -0.000375938, 0.000274831, 
88, 23424, -3.14801, -9.51412, -18.0486, -0.000258949, 4.49417e-05, 0.00158676, 
89, 4012.82, -5.89898, 2.33099, 0.162763, 0.000133058, -0.00070928, 0.00019274, 
90, 61378, -5.55597, 16.4587, 8.64427, -0.00104692, -7.02463e-05, -0.00155736, 
91, 20792.7, 16.1702, 2.00745, -14.9989, -0.00126692, 2.30099e-05, 0.000739492, 
92, 81507, 13.3788, 9.16913, -16.2637, -0.000870554, 0.000803405, 0.0010896, 
93, 267014, 4.89206, 7.17879, -17.9079, -6.60065e-05, -0.000172626, 0.00138827, 
94, 44901.8, 19.1294, 9.94806, 14.0737, -0.00100884, -0.000125691, -0.000693787, 
95, 65199.4, -8.29011, -17.887, -7.19371, 0.000216557, 0.00167587, -0.000336596, 
96, 14008.6, -6.88872, 1.79183, -13.8594, -6.31435e-06, -0.000323242, 0.00153084, 
97, 23972.4, 4.11756, 4.68943, -8.65846, -0.000687194, 3.58338e-05, 0.000606837, 
98, 190441, 5.27454, 17.2733, -2.70636, 0.000159322, -0.00207593, -0.00113568, 
99, 149937, 12.7213, -2.05602, -17.2429, -0.000749408, 0.000152881, 0.00109499, 
100, 82371.2, -12.6378, -11.7993, 11.5928, 0.00108831, 0.000728402, -0.000993138, 
101, 22664.8, -6.78595, -5.73412, -12.1874, -0.000842953, 0.000497895, 0.00241417, 
102, 49298.9, -1.34854, -17.1931, 12.4679, -0.000466576, 0.00144837, -0.00109637, 
103, 214780, 5.61068, 8.33621, 3.52195, -0.000585248, -4.52753e-07, -0.000810575, 
104, 44282.6, -17.9761, -4.89528, 7.05016, 0.00185472, 0.000255693, -0.000136293, 
105, 23377.9, -6.17561, 16.6462, 3.94284, -0.000679041, -0.00166471, 0.000278088, 
106, 2871.08, 7.12486, 14.4356, 12.3273, -0.000484402, -0.000756451, -0.0011016, 
107, 22127.2, -3.09596, 17.0729, -14.8864, 0.000222687, -0.00131212, 0.00094354, 
108, 133441, -12.9695, -18.5612, -18.0412, 0.000701603, 0.00117886, 0.00170401, 
109, 71807.8, -12.6001, -18.092, -13.8288, 6.10179e-05, 0.00208197, 0.00139937, 
110, 32588.3, -7.56314, -14.3226, 15.7689, 0.000191894, 0.000557802, -0.00159582, 
111, 86059.1, 0.562478, -12.5528, 17.5406, -0.000342024, 0.000822388, -0.00150894, 
112, 72597.4, 3.46444, 10.19, 0.619306, 0.000160939, -0.000288067, 0.000305449, 
113, 26570.3, -14.1523, 14.3464, -5.15304, 0.00100968, -0.00141663, 0.000595836, 
114, 53183.2, -4.40583, 2.41197, -6.84679, 0.000129135, -0.000285174, 0.000362264, 
115, 16624.4, 7.55181, -7.57935, 4.89176, 8.57428e-05, 0.0022191, -0.00118919, 
116, 182866, 6.14437, 12.6725, 3.68923, -0.000926399, -0.00128984, -0.0010801, 
117, 98035.5, -17.6221, 2.38154, 16.0572, 0.000960054, 0.000149559, -0.0012065, 
118, 3934.14, -9.59438, -11.821, 8.66959, 0.00151743, 0.000710824, -0.000461011, 
119, 1502.43, 5.02442, -14.6189, 2.50283, 0.000157467, 0.00166832, 0.000504176, 
120, 13042.2, 5.44408, -9.12615, 17.4191, -0.000645276, 0.000399676, -0.00141102, 
121, 27390.1, 5.87512, -7.81463, 0.55871, -0.000337174, 0.00146378, 0.000269578, 
122, 23494.5, 14.4977, -11.9678, -15.7529, -0.00055076, 0.00108181, 0.000521262, 
123, 131860, 16.2537, -10.6243, -7.68745, -0.000929934, 0.000917857, 0.000959576, 
124, 79067.5, -15.7689, -5.57427, 5.63391, 0.00126482, 0.000618052, 0.000124533, 
125, 4184.63, -17.3162, 15.0614, -16.4106, 0.000863836, -0.00106173, 0.00120059, 
126, 172604, 8.69793, -5.73204, 4.43424, 0.000611727, 0.00190892, -0.000575894, 
127, 69928.6, 18.6498, 4.39371, 7.60859, -0.00124252, -5.27678e-05, -0.000668328, 
128, 221692, -5.02774, -14.1343, 7.20985, -0.000231174, 0.00171377, 5.53673e-05, 
129, 129313, -12.647, 7.73392, -3.16593, 0.000841903, -0.000344058, 0.000802536, 
130, 75586.8, -0.138997, 6.41174, -8.76994, 0.000183398, -0.000158835, 0.00050708, 
131, 150012, -9.74303, 9.82935, 4.42162, -0.000606057, -0.000409769, -0.000698876, 
132, 42750.8, -9.77096, 13.1459, 0.847079, -0.000588901, -0.00330884, 5.04731e-05, 
133, 20189.7, -13.9866, 1.19574, 0.915458, 0.00140471, 0.000399596, 0.000137051, 
134, 343428, -5.43077, -2.06288, 2.43483, 0.000150995, 0.000106882, -0.000277687, 
135, 55613.7, 1.65611, 17.1364, -5.15814, 0.000880999, -0.00183731, 0.000354593, 
136, 80631.2, 17.3036, -10.2006, -6.74231, -0.0023656, 0.000233277, -0.000510297, 
137, 36216, 17.5431, -11.0596, -17.1628, -0.000568548, 0.00120897, -9.0881e-05, 
138, 118507, 0.252952, -13.7715, -9.48272, 0.000344676, 0.000625074, 0.00023424, 
139, 31885.5, 11.6284, 15.4859, 10.3154, -0.000600296, -0.000830492, -0.000770188, 
140, 277743, -17.741, 10.2365, 14.8636, 0.00176257, -0.000850414, -0.00108629, 
141, 37283.6, -4.06624, 8.00906, -14.4691, 0.000571685, 0.000236456, 0.00195439, 
142, 70883.1, -13.8837, -8.08174, -16.408, 0.00105225, 0.000554776, 0.00178329, 
143, 41522.8, -12.0892, -9.55004, 3.02331, 0.00119252, 0.000886758, 0.000108071, 
144, 135253, -7.79185, -4.18902, -9.47388, -0.00210553, -0.00263567, 0.00064182, 
145, 153936, -15.0379, 12.9031, 12.9829, 0.000861959, -0.00118268, -0.000800119, 
146, 238818, -2.83458, 9.98169, -12.9068, 0.000182329, -0.00092032, 0.00113854, 
147, 54.6429, -0.293445, 9.18278, -13.4422, -0.000932911, -0.000352288, 0.00149412, 
148, 96925.5, -15.6193, 10.45, -1.80085, 0.00202205, -0.000895477, 0.000582465, 
149, 84852.8, 0.957907, -7.65737, 16.714, -0.000407952, 2.81118e-05, -0.00162667, 
150, 13545.7, 5.93043, 9.87953, -5.6458, -0.000728651, -0.000139396, 0.000242796, 
151, 95619.5, -17.4643, -18.542, -7.75054, 0.00119322, 0.0011256, -9.71844e-05, 
152, 96639.7, 11.3148, -5.51528, -7.82437, -0.000819879, 0.000197578, 0.000666608, 
153, 133205, -2.25585, -9.30499, 12.3397, -0.000437234, 0.000298747, -0.00190596, 
154, 314952, -18.4914, 1.8602, -16.4687, 0.00114575, -0.000159223, 0.00114495, 
155, 170307, -9.09196, -12.8677, -10.0398, -6.25283e-05, 0.0005352, -0.000436047, 
156, 64387.5, -13.6538, 3.78902, -4.87705, 0.0016956, -0.000235253, 0.000218413, 
157, 62268, -0.848417, -10.3855, 3.46831, -0.00024499, 0.00115225, 0.000214802, 
158, 70314.2, -12.0477, -4.66864, 9.5366, 0.000828746, 0.000234079, -0.00118944, 
159, 262716, 11.3569, -10.837, -3.00605, -0.0011088, 0.000854603, 9.78471e-05, 
160, 123640, 6.43243, -14.3129, 4.14119, -0.000599125, 0.00158328, -0.000228816, 
161, 32958.3, -0.155561, 0.317108, -3.54127, -0.000269731, -0.000469035, 0.000302189, 
162, 156472, -16.9473, 2.64843, -9.84153, 0.00157335, -0.000253027, 0.000406675, 
163, 238511, 0.748737, -5.32198, -3.77474, 0.000507849, -5.3562e-05, -0.000581991, 
164, 84660.5, 12.9749, -9.27091, 7.57007, -0.00126008, 0.000229145, -0.000218221, 
165, 177743, -11.1196, -0.965275, -8.71588, 0.00135144, 4.3711e-05, 0.000388712, 
166, 69979.6, 14.7134, 14.5676, 16.1429, -0.000118102, -0.000596557, -0.00142011, 
167, 251405, 11.5983, 12.4204, -18.0473, -0.000375631, -0.00106718, 0.00137292, 
168, 50070.4, 16.1679, -10.3685, -17.0203, -0.000525443, -0.000125986, 0.000904213, 
169, 41049.8, -12.5143, 2.88657, -4.98854, 0.000386103, 0.000240784, 6.6506e-05, 
170, 68791, 13.2826, -2.47283, 14.6611, -0.000854669, -0.00011881, -0.00112141, 
171, 200886, 3.78619, 5.73052, -9.12369, -0.000676875, -5.26717e-05, 0.000653539, 
172, 35484.5, 17.2149, -11.1812, 14.5401, -0.000910167, 0.000317013, -0.00106691, 
173, 148086, -10.316, 16.225, 17.3077, 0.00024326, -0.00127215, -0.00206693, 
174, 53140, -18.4414, -6.27468, 12.4918, -0.00275084, 0.000555515, -0.000496031, 
175, 24766.4, 18.1069, -12.0928, 16.0526, -0.00109085, 0.000672756, -0.00127265, 
176, 7733.58, -10.5686, 17.097, 16.8439, -0.000101009, -5.51981e-05, -0.00286341, 
177, 13913.4, 11.9037, 18.1238, 1.31242, -0.000722663, -0.00119206, -0.000250857, 
178, 114302, -9.31374, -18.0583, 16.4563, 0.000421614, 0.00109038, -0.00134823, 
179, 68069.5, 13.4912, 8.02573, -6.11594, -0.00116116, -0.000193799, 0.000228981, 
180, 51389.3, -11.4866, -1.96604, -8.78633, 0.000924286, -0.00206053, 8.11019e-05, 
181, 20597.4, -0.714632, 13.8195, 8.0649, -0.000699714, -0.000858947, -0.000671837, 
182, 34748.5, -10.3218, -7.53523, -11.7907, 0.00104396, 0.00101331, 0.00133068, 
183, 112126, -0.291073, -7.34562, 6.66639, -0.000580269, 0.00016814, -0.000746286, 
184, 177391, -4.13771, -9.48703, 8.38609, 0.000793247, 0.000672209, -0.000922096, 
185, 181759, -0.40644, -16.1965, -15.4591, -0.000312649, 0.00107676, 0.00107277, 
186, 19654.2, -17.2662, 9.89428, 14.786, -0.00211228, 0.00138298, -0.00128059, 
187, 246285, -5.59658, -10.4912, 8.63288, 8.77324e-05, 6.32033e-05, -0.00083383, 
188, 138749, -10.12, 6.16005, -12.2674, 0.000522707, -0.000563748, 0.00111243, 
189, 281810, -13.8073, 13.4183, -11.8371, 0.000667493, -0.00110326, 0.000753517, 
190, 13844, -10.9152, 1.34656, 3.78789, 0.000754336, 0.000206808, -5.57322e-05, 
191, 74045, 13.1211, -9.79925, -17.7071, -0.000317004, 0.00036524, 0.00120605, 
192, 20388.3, -10.1275, -10.3345, 17.3817, 0.000480778, 0.000352922, -0.00156185, 
193, 313096, -8.48557, -17.5632, 8.54834, 0.000653763, 0.00181872, -8.60863e-05, 
194, 151155, -8.2484, -12.4021, -14.9465, 3.13436e-05, 0.00041364, 0.00162125, 
195, 8777.79, -11.6045, -4.1413, 13.591, 0.000366308, 0.000133001, -0.00162437, 
196, 64134.7, -8.23567, 12.9822, -17.4658, 0.000374278, -0.000892246, 0.00136357, 
197, 147571, 17.0637, 8.51087, 1.71362, -0.00160307, -0.000367622, -0.000239583, 
198, 33645.9, -8.43762, 13.2008, 1.95091, -0.00124826, -0.00128493, -0.000167501, 
199, 45139.3, 12.7742, 11.4994, 14.6909, -0.000390227, -0.000115651, -0.000907574, 
