ID, Mass [kg], pos_0 [m], pos_1 [m], pos_2 [m], vel_0 [m/s], vel_1 [m/s], vel_2 [m/s], 
0, 5682.38, -38.7446, -24.3749, -12.2335, -0.00128038, -0.00286767, -0.00117812, 
1, 51291.5, -48.8029, -37.5726, 51.3227, -0.00396169, -0.00360415, 0.00482788, 
2, 73779.3, 7.39192, 3.22281, -2.52687, -0.00240465, -0.00107472, 0.00029789, 
3, 9731.99, -8.0771, 37.3553, 24.0245, -0.000369877, 0.00237517, -1.72781e-05, 
4, 104587, -3.57965, -4.44688, 0.255582, -0.000994077, 0.00201068, -7.03852e-05, 
5, 42215, 3.57876, 7.21201, 3.88789, 0.000378103, -0.00073793, 0.0018195, 
6, 57220.4, 38.1288, 35.6219, -39.9622, 0.00277965, 0.00400476, -0.00260646, 
7, 44855.5, -0.639188, -0.768302, 5.32051, -0.000351971, 0.00867855, -0.00152619, 
8, 276797, -0.291815, -3.15712, 5.05936, 0.00445952, 0.00278877, -0.00134348, 
9, 2643.18, 3.34496, -3.63294, -0.433773, -0.000516871, -0.00266603, -0.00783142, 
10, 33961.7, 1.19621, -3.72602, 3.29149, -0.00295063, 0.00996224, 0.00389084, 
11, 8691.35, -10.3754, 73.9083, -64.7261, -0.000366814, 0.00591183, -0.00578322, 
12, 141682, 1.27092, -0.354806, 4.11149, 0.00778773, -0.00597041, -0.00655117, 
13, 288611, -4.68698, -11.3934, 5.29358, 0.00417812, 0.00263794, 0.000982176, 
14, 512847, 0.0339825, -1.09225, 0.77567, -0.000499509, -0.00286802, 0.000359451, 
15, 15651.7, 8.50164, 11.4746, -5.30268, 0.000264757, -0.00295178, 0.00154129, 
16, 182451, 33.7231, -22.7527, 59.5325, 0.00332283, -0.00152146, 0.00404249, 
17, 62197.8, -6.86158, -3.73146, -2.31803, 0.0060193, 0.00298542, -0.000302444, 
18, 185440, -6.17412, -13.0058, 2.06616, 0.00460241, 0.00411033, 9.06402e-05, 
19, 36701.4, 42.6313, 62.7961, -59.52, 0.00385412, 0.00537466, -0.00518328, 
20, 106936, -85.7731, -50.3423, 24.7731, -0.00745692, -0.00444462, 0.00213916, 
21, 161838, 1.7025, 3.6509, 3.53087, 0.00059454, 0.00630928, 0.00368715, 
22, 144875, 3.25528, 5.46388, 5.13456, -0.00090375, -0.00680777, -0.0027456, 
23, 100936, 0.592137, 15.6066, 3.24727, -0.000586686, -0.00429309, -0.00228296, 
24, 95186.1, 56.3977, 46.7863, 45.1572, 0.00488064, 0.00340965, 0.00341366, 
25, 151808, 44.3749, -32.1883, 67.3266, 0.00426383, -0.0024029, 0.00559912, 
26, 118354, 4.43522, -3.26442, -1.41736, 0.0023333, -0.0061998, 0.00140894, 
27, 149234, 6.28993, 0.7148, -1.62446, -0.00326997, -0.0037785, -0.00173679, 
28, 9985.68, 0.457922, 5.90083, 1.70687, -0.00500367, -0.00635405, 0.00299061, 
29, 180895, -8.95027, -1.81994, -5.08341, 0.00191499, 0.00245799, 0.00124805, 
30, 486.041, -8.95493, -1.37396, 0.331472, 0.000405867, 0.00231104, -0.00211721, 
31, 70262.9, 3.25707, -6.41266, 7.90223, -0.000520869, 0.000895104, 0.00115963, 
32, 45902.1, -2.23587, 11.2831, 0.914514, 0.00271935, -0.00363606, 0.00165866, 
33, 24444.7, 3.3059, 5.97174, -4.65137, 0.00391313, -0.00498872, 0.0011399, 
34, 65679.9, -2.56938, -9.40953, 7.44088, -0.000721463, 0.00446374, 0.000178206, 
35, 3309.29, -9.96346, -37.5115, -7.55849, 0.00151152, -0.00255375, 0.0001207, 
36, 8280.38, -56.0571, 58.0205, -28.214, -0.00430461, 0.00478938, -0.00298083, 
37, 94538.9, -0.248451, 5.44975, 2.58272, 0.00279491, -0.00385715, -0.00360759, 
38, 30213.7, 84.9816, -17.3735, -11.5337, 0.00793369, -0.000874818, 2.42511e-05, 
39, 53471.9, 5.13963, -7.41371, 7.29368, -0.00152562, -0.00668867, -0.00193233, 
40, 43100.3, -21.0485, 29.5569, -31.1994, -0.000629347, 0.00136167, -0.00183214, 
41, 44746.6, 18.1486, 42.6785, 3.03442, 0.000906614, 0.00205018, -0.00123296, 
42, 34053.9, -0.308527, 30.5417, 50.5202, -0.000384867, 0.0024683, 0.00330851, 
43, 54380.2, -0.447025, -2.23388, 3.21863, -0.00675191, 0.00308262, 0.00425337, 
44, 38723.2, 26.0851, -5.55523, -39.0648, 0.00103857, 6.31698e-05, -0.00239822, 
45, 2321.23, -7.6509, -13.9697, 4.19833, 0.00269086, 0.00306107, 0.0018493, 
46, 241169, -2.40356, 4.07532, -1.30967, 0.00521715, -0.000525793, -0.000779117, 
47, 344827, -1.53274, -1.04148, 4.725, -0.0038323, 0.000146688, 0.00325531, 
48, 39271.1, 5.50273, 4.40593, 3.08729, 0.00465302, -0.00598166, 0.000584351, 
49, 19687.8, -70.2967, 63.8287, -31.0401, -0.00622692, 0.00586092, -0.00337103, 
50, 61216.8, -1.51006, 5.37624, -10.2386, 0.000614456, -0.00114397, -0.00379348, 
51, 19182.2, -51.1952, 73.9399, -48.2573, -0.00428644, 0.00665337, -0.00467319, 
52, 12420.5, 9.58779, -0.138106, -1.11172, -0.00331782, -0.00144388, -0.00423316, 
53, 85447.4, -86.0763, -8.44959, -36.9863, -0.00729379, -0.000751397, -0.00296745, 
54, 361436, 2.80638, -0.516513, 0.630928, 0.00226662, 0.00112803, 0.00519266, 
55, 158926, 25.067, 12.1032, -31.9601, 0.00153483, 0.000642292, -0.000789672, 
56, 49282.6, -29.4905, 57.0184, -62.7254, -0.00173526, 0.00477441, -0.00585554, 
57, 218355, -0.20872, 2.23822, 3.0778, 0.00219861, -0.0013129, -0.00210793, 
58, 22371.5, 86.8815, -22.3573, -14.4415, 0.0082539, -0.0016272, -0.00083406, 
59, 55919.9, -16.666, 35.6934, -50.2442, -0.00024227, 0.0019214, -0.00347876, 
60, 21598.8, 7.62881, 8.50402, 8.30101, 0.00161072, 0.000287355, -0.000430462, 
61, 398.952, 2.59144, -7.79909, 10.607, -0.000357447, -0.00520176, 0.00585707, 
62, 1108.92, 6.43319, -7.47682, 53.5051, 0.000701403, -0.000282818, 0.0029366, 
63, 108555, 3.78869, 6.51907, 2.41384, -0.00667956, -0.000429662, -0.00332238, 
64, 244863, 10.1428, -4.60467, 20.0664, -0.00119117, 0.000427483, -0.00248493, 
65, 220694, -27.8396, 54.1424, -47.28, -0.00154698, 0.0043653, -0.00393387, 
66, 61700, -4.78763, 74.102, 33.8518, 8.78631e-05, 0.00587853, 0.00253185, 
67, 55388.9, -46.8114, 13.4497, 36.4318, -0.00370314, 0.000945548, 0.00293317, 
68, 211156, 2.05207, -1.45172, 2.0897, -0.00557041, -0.00284805, 0.0015916, 
69, 12720.6, 5.77437, 13.5949, 8.27569, -3.13219e-05, 0.000575491, 0.0012833, 
70, 25096, -1.53572, 20.5152, 12.602, -0.0014964, 0.000675354, 0.000463347, 
71, 179870, -7.56285, -7.12166, -3.72504, 0.000988203, 0.000979525, -0.000871973, 
72, 79123.8, -65.6405, -18.6218, -4.76593, -0.00418942, -0.00122968, -0.000481305, 
73, 110870, 5.90917, -5.105, -2.42232, 0.00354428, 0.00204314, -0.00433524, 
74, 43359.1, 24.2707, 45.1986, 21.8222, 0.000899547, 0.00387811, 0.000345137, 
75, 140124, 3.1046, 3.81503, -1.25677, 0.00325408, 0.00110767, -0.00140314, 
76, 229268, -17.4949, 29.4627, -34.0667, -0.000505437, 0.00123196, -0.00144893, 
77, 302149, 0.979056, 5.61118, 0.937228, 0.00279203, -0.00444453, -0.000767419, 
78, 100708, -4.52868, -12.6522, 7.00311, 0.00588689, 0.00203145, 0.00107139, 
79, 46633.4, -1.51457, -1.9577, -4.8482, -0.00492624, -0.00340396, 0.00145565, 
80, 143926, -1.17347, 14.4942, 4.07152, -0.00264164, -0.00101437, 0.00275567, 
81, 270.261, -56.7512, 9.39405, 24.0048, -0.00346406, 0.000454138, 0.00131423, 
82, 159650, 4.35598, -4.61031, -1.25748, -0.00333071, 0.00316073, 0.00203041, 
83, 24756, 6.60762, 5.39219, 2.20868, 0.0030119, -0.0045756, -0.000564756, 
84, 18375.3, 8.82342, 6.35897, -0.759089, 0.00217136, -0.00451362, 0.000445177, 
85, 491877, 66.4767, -19.9429, -23.0523, 0.00548565, -0.00123903, -0.00152776, 
86, 194807, -2.52205, 1.63221, 2.92603, 0.00451161, -0.000640088, 0.00281044, 
87, 8649.23, -0.270472, 8.18087, -1.46339, -0.00498346, -0.00533666, -0.000776582, 
88, 138901, 8.399, 4.51148, 0.944362, 0.00544317, -0.00056382, 0.00396483, 
89, 50202.9, 6.11501, 4.07137, 7.42212, 0.00139532, -0.00317205, -0.00172422, 
90, 98321.9, 5.66378, 16.4975, -12.51, -0.0001008, -0.000161087, 0.000539925, 
91, 384069, 2.47596, -2.39043, 1.31186, 0.000728114, 0.00128407, -0.00233666, 
92, 81279.9, -1.09264, 2.80451, -0.393266, 0.00828439, 0.0046025, 0.00378817, 
93, 91375.2, 1.60018, -1.54385, 1.59785, 0.00224314, 0.00485619, -0.00468194, 
94, 5476.7, -10.367, -19.3508, 7.76395, 0.00131723, 0.00176928, -0.0009567, 
95, 33452.5, -11.2497, -3.86662, 1.56753, 0.0014972, 0.00281283, 0.000443565, 
96, 25752.1, -61.9997, -21.4566, -19.2542, -0.00564609, -0.00226347, -0.00191947, 
97, 200797, 2.54665, 2.48374, 4.19696, -0.00176795, 0.000513004, 0.00396699, 
98, 298981, 3.00422, 3.53774, 0.146015, -0.00142284, -0.000858171, 0.000824389, 
99, 93146, 3.3308, -9.6915, 4.66943, -0.00224501, -0.00599595, 0.00209259, 
100, 8612.85, -13.6421, 12.268, -17.0862, 0.0014572, -0.000507807, 0.00102306, 
101, 24343.5, 0.43382, -3.58989, 7.16863, -0.00135708, 0.00575901, -0.00335207, 
102, 10296.7, 8.40155, -8.97431, 5.20195, 0.00524592, -0.00653272, 0.00105026, 
103, 15719.8, 3.48751, 0.625949, -1.6125, 0.00633511, -0.0056979, -0.00835726, 
104, 230040, 1.29561, -0.733146, 5.54797, -0.00207609, 0.00264628, 0.00793992, 
105, 17846.1, 9.55532, 20.1605, -4.47208, -0.0017927, 0.00208776, 0.000713353, 
106, 22216.6, -13.4479, -4.43708, 6.21358, 0.00239995, 0.000827583, 0.000200455, 
107, 98486.7, 2.9876, 10.6167, 1.11289, 0.000143993, -0.00559786, -0.00435644, 
108, 214214, -71.6696, 0.30523, -57.9351, -0.00633076, 7.88472e-05, -0.00520957, 
109, 131614, -0.433158, -0.103494, 0.315338, 0.00189745, -0.00770743, 0.00157288, 
110, 160023, 1.26122, -0.761997, 3.4872, -0.000687672, 0.000203347, -0.00299348, 
111, 115735, 1.35665, 6.00723, 3.2011, 0.00247564, 0.00138779, 0.00176073, 
112, 378585, 36.4471, 15.8698, -51.9242, 0.00260437, 0.00182271, -0.00374332, 
113, 83295.8, -26.7978, 11.5938, 0.00419731, 0.00111795, 0.000573949, 0.00082881, 
114, 148827, 4.62315, -2.51935, 3.04965, -0.00950418, -9.95755e-05, -0.000548394, 
115, 285284, -3.0181, -44.3732, 66.4915, -2.87307e-05, -0.00389996, 0.00536307, 
116, 515864, 0.896653, -0.990141, 1.72485, 6.90775e-05, -0.00160016, -0.0049729, 
117, 88363.5, 0.400119, -13.3408, 13.0322, -0.00146242, 0.001305, -0.00349717, 
118, 155064, 21.4202, 19.95, -8.1121, -0.000641672, 0.000933443, -0.00210565, 
119, 18098.3, -2.78001, -6.57174, -1.42095, -0.00454734, -0.000479471, -0.00059406, 
120, 34391.6, 71.2245, -28.8402, -10.1144, 0.00600912, -0.00185097, -2.62331e-05, 
121, 78154, 1.74216, -4.80938, 6.53783, 0.00583208, -0.00334318, 0.00640963, 
122, 10497, 1.90148, 1.56888, 4.07971, 0.00515647, 0.00567686, 0.00230653, 
123, 59058.1, 3.47774, 0.906041, 3.856, 0.000410884, -0.0104811, -0.00515825, 
124, 5646.35, 9.43732, -2.49083, 4.36121, -0.00139369, -0.00581811, -0.000987043, 
125, 103346, 7.11488, -5.3941, -3.49164, -0.00360752, 0.000608777, -0.00202278, 
126, 64702.5, -82.9985, 0.639141, 30.5138, -0.00694055, 6.29573e-05, 0.00302115, 
127, 199056, -0.721747, -4.79366, 6.88706, -0.00107205, -0.000900472, 4.74499e-05, 
128, 192649, 3.10224, 2.51346, 6.45675, 0.00293053, -0.000528312, 0.00217737, 
129, 1707.71, 1.9794, 7.2225, 3.30668, -0.000174945, 0.000527781, 0.00566584, 
130, 19869.9, 3.2515, -1.97025, 0.447636, -0.00542321, -0.00432276, 0.00172096, 
131, 143979, 2.5564, 3.46407, -2.22876, -0.00132479, 0.00106381, 0.00375912, 
132, 37850.6, -102.014, 48.735, -26.2571, -0.00951002, 0.00428667, -0.00224172, 
133, 50031.5, 3.91578, 0.920692, 4.00266, 0.00550376, -0.000133305, -0.00355702, 
134, 369068, -7.51435, 1.99317, -3.51524, 0.00625881, -0.000889655, 0.00314032, 
135, 3806.98, 2.80129, 5.43525, 4.13271, 0.00735418, 0.0069758, 0.00392382, 
136, 64591.7, -1.80397, 9.02706, -2.40979, 0.00223304, 0.00136662, -0.00533625, 
137, 1688.15, 4.74689, -21.1291, 10.7368, 0.0021322, 0.00128472, -0.000178394, 
138, 439943, 5.7063, 1.35771, 7.27601, 4.01822e-05, 0.00366198, 0.000724411, 
139, 72054.1, -3.82643, 3.06992, 6.29252, -0.00282356, -0.00459739, 0.00216213, 
140, 10511.3, -4.80556, -24.736, 28.7885, -4.62869e-05, -0.00101255, 0.00011299, 
141, 28560.6, -10.288, -11.24, 5.94846, -0.000977676, 0.000768447, 0.000155299, 
142, 92270.6, 0.925746, 5.49213, 1.32819, 0.00602929, 0.00565357, -0.00275697, 
143, 57507.6, -65.2893, 21.2572, 40.253, -0.00519148, 0.00175691, 0.00323387, 
144, 106955, 0.624163, 3.83385, -9.15568, -0.00108551, 0.000994255, -0.00359463, 
145, 53021.1, 1.62334, -5.56811, 3.5295, -0.0003317, -0.00126101, 0.00516815, 
146, 127593, 4.70721, -4.29004, 5.07641, 0.0049943, 0.0050143, -0.0031147, 
147, 31386.3, -1.0732, 5.57639, 3.59884, 0.00138907, 0.0047238, -0.00198511, 
148, 89613.6, 5.7556, 1.47961, -16.8282, 0.00204282, -0.00294835, 0.00230891, 
149, 251415, 7.2988, -1.29967, 6.48734, -0.00536044, 0.00105602, -0.00658016, 
150, 55890.6, 8.82082, 2.99961, 3.56787, -0.00509637, 0.00587576, -5.84565e-06, 
151, 174949, 8.11909, -6.22926, 6.36445, 0.00255425, -0.000627006, 0.00451785, 
152, 66072.8, -0.152481, 1.74879, -9.12766, 0.00080817, -0.000262895, -0.00498377, 
153, 19075.8, -7.01012, -5.26086, 20.7961, 1.2579e-05, 0.000671103, -0.000417589, 
154, 47261.5, 6.79053, 11.3751, -6.32171, -0.0027339, -0.000895735, -0.000228836, 
155, 102102, -4.2388, 1.50218, 5.73337, -0.000785076, 0.00175765, 0.00315498, 
156, 5375.03, 3.74312, -2.09554, 4.23987, 0.00460923, 0.00336647, -0.00790711, 
157, 3761.7, -9.43698, 12.9081, 7.25009, 0.000393174, 0.00203379, -0.00151872, 
158, 7652.65, -1.75987, 1.38053, -8.39103, 0.00138754, 0.0012425, 0.0025206, 
159, 47070.1, 2.71087, 4.07475, 4.5281, 0.00180853, 0.00157232, 0.00210643, 
160, 17972.9, 2.44207, 4.80805, 1.88641, -0.00341751, -0.00112597, -0.00145044, 
161, 218629, 10.201, 18.1041, 0.126183, 0.00141809, 0.00115121, 0.000479059, 
162, 138887, -1.15472, 0.746433, 5.07029, -0.00425202, 0.00268146, 0.000153997, 
163, 33277.3, 0.00436054, -4.92737, 10.9982, -0.00393987, 0.00518238, -0.0019027, 
164, 167891, 2.50554, 1.7345, 7.18638, -0.00418668, -0.00179099, 0.00444078, 
165, 62570.5, -2.07326, -78.6236, -19.2891, 0.000235047, -0.00651706, -0.00164113, 
166, 38130.4, 18.9824, 65.7414, 35.1194, 0.00198749, 0.00489502, 0.00248379, 
167, 22403.8, 13.0269, -30.0595, 51.7919, 0.00124475, -0.00239393, 0.00303442, 
168, 1479.59, 40.1102, 25.2938, -56.5594, 0.00350022, 0.00241191, -0.00440109, 
169, 20399.9, 2.08753, -52.2174, 58.9124, 0.000115985, -0.00486709, 0.00433668, 
170, 115854, 3.76088, -0.0384287, 2.85147, -0.000500627, -0.0020662, -0.00122959, 
171, 27762.9, 3.27292, 4.46825, -0.199916, 0.0011781, 0.00046115, -0.00546386, 
172, 250928, 1.81309, -4.90428, 9.11736, 0.00114677, -0.00221159, -0.00176191, 
173, 74469.2, -58.8102, 43.8626, -18.0043, -0.00454612, 0.0045044, -0.00153777, 
174, 143481, -78.2033, 55.1668, -37.9885, -0.00683248, 0.00496042, -0.00360696, 
175, 27145.1, 3.53804, -0.286683, 3.64593, 0.00726105, -0.00359388, -0.00292923, 
176, 32620.6, 0.751787, 4.86186, 4.07829, 0.00590643, -0.00271237, 0.00115141, 
177, 52575.7, -0.0132625, -50.1367, 87.4838, -4.44169e-05, -0.00461135, 0.00806096, 
178, 19746.4, -0.64572, -5.14063, 6.78389, 0.000185302, 0.00329298, 0.000952557, 
179, 33623.1, -9.13093, 5.86676, 5.54468, 0.0058133, -0.0012398, 0.00161672, 
180, 50349.8, -67.286, -44.5418, -34.7973, -0.00552508, -0.00369862, -0.00279129, 
181, 89376.8, 10.3997, -12.9085, 0.0407182, -0.00106311, -0.00177927, -0.00146391, 
182, 42160.2, 1.65576, -0.903334, 77.7577, -1.66578e-06, -5.07869e-05, 0.00649071, 
183, 100544, -22.2043, -18.9847, 5.34298, 0.00152556, -0.000238058, 0.00121764, 
184, 1446.88, 7.42671, -5.67518, 0.783701, 0.00331938, -0.000292108, -0.00438146, 
185, 119694, 5.56782, 3.34163, 0.79831, 0.00842319, 0.00114416, -0.00168878, 
186, 120999, -9.28185, 0.79242, 2.48487, -0.00249438, -0.00152874, 0.00115728, 
187, 52698.3, 5.65246, -0.199212, 0.483538, 0.0068754, -0.00189535, -0.00781479, 
188, 105467, -1.27951, 1.62469, -2.75387, 0.00531152, -0.00335469, 0.000912444, 
189, 99748.4, -9.608, -45.4882, 24.0527, -0.000807241, -0.00262731, 0.00125421, 
190, 77133, 3.66389, 2.42353, 0.815614, 0.000410426, 0.00150965, -0.000192577, 
191, 178804, -0.917642, -2.19301, -4.43453, 0.00119979, -0.00507397, 0.000130506, 
192, 8685.6, -0.860692, -0.626047, -0.00871923, -0.00455305, -0.00363166, -0.005603, 
193, 256954, 23.849, 2.46444, 31.3278, 0.00189865, -0.00151768, 0.00107677, 
194, 53540.6, -0.228506, -1.04762, -3.36372, 0.00348575, 0.000978597, 0.0040518, 
195, 220652, -4.61455, -2.78819, 1.53783, -0.0030132, -0.00455994, -0.0028232, 
196, 10258.1, -5.16277, -0.424121, 2.53399, 0.00711106, -0.00256518, 0.00115453, 
197, 6083.3, -23.7591, -8.92431, 19.0697, -0.000350939, 0.000761249, -0.000795663, 
198, 127562, -3.53979, -11.9218, 5.64216, -0.0012051, -0.00488826, 0.00246183, 
199, 34766.2, 1.26676, -1.64959, 9.17412, -0.0021436, -0.00124026, -0.00488009, 
