ID, Mass [kg], pos_0 [m], pos_1 [m], pos_2 [m], vel_0 [m/s], vel_1 [m/s], vel_2 [m/s], 
0, 5682.38, -38.8066, -24.5141, -12.2907, -0.0012719, -0.00286269, -0.001175, 
1, 51291.5, -48.9953, -37.7477, 51.5572, -0.00395924, -0.00360235, 0.00482547, 
2, 73779.3, 7.27022, 3.16836, -2.50877, -0.00260181, -0.00116514, 0.000446052, 
3, 9731.99, -8.09501, 37.4704, 24.0236, -0.000367215, 0.00236499, -2.33383e-05, 
4, 104587, -3.62415, -4.34423, 0.255005, -0.000840561, 0.002212, 4.60471e-05, 
5, 42215, 3.59447, 7.16822, 3.97382, 0.000267552, -0.00105925, 0.00171762, 
6, 57220.4, 38.2638, 35.8164, -40.0887, 0.00277654, 0.00400179, -0.00260293, 
7, 44855.5, -0.655509, -0.347856, 5.23649, -0.000316916, 0.00861725, -0.00190879, 
8, 276797, -0.072556, -3.01492, 4.98975, 0.00456069, 0.00306009, -0.00152133, 
9, 2643.18, 3.31848, -3.75559, -0.809427, -0.000556513, -0.00239675, -0.00763267, 
10, 33961.7, 1.05294, -3.231, 3.4777, -0.00294686, 0.0104058, 0.00376834, 
11, 8691.35, -10.3932, 74.1956, -65.007, -0.000366532, 0.00591005, -0.00578161, 
12, 141682, 1.64743, -0.647739, 3.78274, 0.00768301, -0.00606855, -0.00699106, 
13, 288611, -4.48081, -11.2645, 5.34179, 0.00430319, 0.00266512, 0.00100235, 
14, 512847, 0.0224843, -1.22682, 0.804082, 3.46353e-05, -0.00266289, 0.000799854, 
15, 15651.7, 8.51302, 11.3296, -5.22686, 0.0002045, -0.003015, 0.00157931, 
16, 182451, 33.8845, -22.8266, 59.7288, 0.00332049, -0.00151987, 0.00403838, 
17, 62197.8, -6.5657, -3.5848, -2.33065, 0.00615761, 0.00304969, -0.000216475, 
18, 185440, -5.94882, -12.8036, 2.0718, 0.00466987, 0.00420855, 0.000140976, 
19, 36701.4, 42.8185, 63.0572, -59.7718, 0.00385303, 0.005373, -0.00518165, 
20, 106936, -86.1354, -50.5582, 24.8771, -0.00745496, -0.00444351, 0.00213865, 
21, 161838, 1.73244, 3.95061, 3.70869, 0.000636844, 0.00603492, 0.00363035, 
22, 144875, 3.20839, 5.12609, 4.99591, -0.00102947, -0.00709566, -0.00295894, 
23, 100936, 0.564217, 15.3958, 3.13588, -0.000563211, -0.00438191, -0.00230105, 
24, 95186.1, 56.6348, 46.952, 45.3231, 0.0048784, 0.00340775, 0.00341191, 
25, 151808, 44.582, -32.305, 67.5986, 0.00426208, -0.00240162, 0.00559649, 
26, 118354, 4.54399, -3.56426, -1.34318, 0.00213969, -0.00614618, 0.00163943, 
27, 149234, 6.12497, 0.530911, -1.70407, -0.00351531, -0.00378977, -0.00153964, 
28, 9985.68, 0.218876, 5.58324, 1.8544, -0.00483697, -0.00670388, 0.00308525, 
29, 180895, -8.85471, -1.70027, -5.02088, 0.00201675, 0.00246709, 0.00132463, 
30, 486.041, -8.93124, -1.26135, 0.229504, 0.000566805, 0.00232266, -0.00207977, 
31, 70262.9, 3.22946, -6.36461, 7.95572, -0.000616676, 0.00108057, 0.00104462, 
32, 45902.1, -2.10229, 11.1029, 0.995235, 0.00277829, -0.00378003, 0.00166369, 
33, 24444.7, 3.49485, 5.72603, -4.59171, 0.00386358, -0.00512203, 0.00131485, 
34, 65679.9, -2.60372, -9.19065, 7.44707, -0.000691278, 0.00454399, 7.76296e-05, 
35, 3309.29, -9.88991, -37.6353, -7.55252, 0.00151574, -0.00253933, 0.000124793, 
36, 8280.38, -56.2662, 58.2532, -28.3588, -0.0043025, 0.00478724, -0.00297973, 
37, 94538.9, -0.107276, 5.25534, 2.40738, 0.00301239, -0.00413858, -0.00360694, 
38, 30213.7, 85.3671, -17.416, -11.5325, 0.00793056, -0.000874178, 2.47568e-05, 
39, 53471.9, 5.06308, -7.73477, 7.19754, -0.00162276, -0.00652807, -0.00202153, 
40, 43100.3, -21.079, 29.6229, -31.2883, -0.000624891, 0.00135588, -0.00182566, 
41, 44746.6, 18.1926, 42.7779, 2.9745, 0.000902323, 0.0020392, -0.00123334, 
42, 34053.9, -0.327223, 30.6615, 50.6808, -0.000384653, 0.00246438, 0.00330234, 
43, 54380.2, -0.767607, -2.07657, 3.42343, -0.0064443, 0.00337582, 0.00418124, 
44, 38723.2, 26.1354, -5.55213, -39.1811, 0.00103324, 6.43766e-05, -0.00238944, 
45, 2321.23, -7.51764, -13.8184, 4.28773, 0.00279258, 0.00316857, 0.00183091, 
46, 241169, -2.14529, 4.04544, -1.34377, 0.00541043, -0.000701175, -0.000625367, 
47, 344827, -1.71047, -1.03235, 4.87871, -0.00348957, 0.000229314, 0.00307203, 
48, 39271.1, 5.72201, 4.11088, 3.11445, 0.00437627, -0.00615756, 0.00053427, 
49, 19687.8, -70.5993, 64.1134, -31.2039, -0.00622526, 0.00585943, -0.00337026, 
50, 61216.8, -1.47917, 5.31922, -10.4203, 0.000656722, -0.00120174, -0.00368747, 
51, 19182.2, -51.4035, 74.2631, -48.4844, -0.0042853, 0.00665176, -0.0046721, 
52, 12420.5, 9.42128, -0.208038, -1.3157, -0.0035329, -0.00143425, -0.00416197, 
53, 85447.4, -86.4307, -8.48609, -37.1305, -0.00729139, -0.000751178, -0.00296637, 
54, 361436, 2.90673, -0.466082, 0.891964, 0.00185986, 0.00094267, 0.00553329, 
55, 158926, 25.1414, 12.1344, -31.9982, 0.00152758, 0.000638783, -0.00077943, 
56, 49282.6, -29.5748, 57.2503, -63.0099, -0.00173428, 0.00477261, -0.0058535, 
57, 218355, -0.0973847, 2.16842, 2.97411, 0.0023781, -0.00155681, -0.002157, 
58, 22371.5, 87.2825, -22.4364, -14.482, 0.00825105, -0.00162646, -0.000833511, 
59, 55919.9, -16.6777, 35.7867, -50.4132, -0.000240716, 0.00191836, -0.00347431, 
60, 21598.8, 7.70515, 8.51555, 8.2782, 0.00153248, 0.000188755, -0.000507125, 
61, 398.952, 2.57327, -8.04877, 10.888, -0.000389339, -0.00507847, 0.00571228, 
62, 1108.92, 6.46726, -7.49053, 53.6476, 0.000700484, -0.000281672, 0.00292783, 
63, 108555, 3.46047, 6.49121, 2.25384, -0.00682579, -0.00071624, -0.00326395, 
64, 244863, 10.0843, -4.58365, 19.9445, -0.00121673, 0.00043748, -0.00253483, 
65, 220694, -27.9147, 54.3545, -47.4711, -0.00154553, 0.00436261, -0.00393144, 
66, 61700, -4.78336, 74.3876, 33.9748, 8.81502e-05, 0.00587515, 0.00253039, 
67, 55388.9, -46.9912, 13.4956, 36.5742, -0.00369795, 0.000944017, 0.00292945, 
68, 211156, 1.77258, -1.58441, 2.15653, -0.00590188, -0.00258862, 0.00114509, 
69, 12720.6, 5.77227, 13.6208, 8.33701, -5.46678e-05, 0.000494627, 0.00124106, 
70, 25096, -1.60827, 20.5471, 12.6241, -0.00148976, 0.000638416, 0.000443462, 
71, 179870, -7.51278, -7.0722, -3.76573, 0.00107183, 0.00105519, -0.000803838, 
72, 79123.8, -65.8439, -18.6815, -4.78931, -0.00418458, -0.00122839, -0.000480799, 
73, 110870, 6.07803, -5.00208, -2.62976, 0.00341041, 0.00218713, -0.00420804, 
74, 43359.1, 24.3144, 45.3869, 21.8389, 0.000896098, 0.0038713, 0.00034208, 
75, 140124, 3.25877, 3.8628, -1.31716, 0.00308454, 0.000862562, -0.00108906, 
76, 229268, -17.5194, 29.5224, -34.137, -0.000501765, 0.00122634, -0.00144205, 
77, 302149, 1.11658, 5.38778, 0.905552, 0.00287383, -0.00472837, -0.000545127, 
78, 100708, -4.24103, -12.5493, 7.05105, 0.00595132, 0.00220387, 0.000900539, 
79, 46633.4, -1.74811, -2.12284, -4.77008, -0.00468985, -0.00339201, 0.00174631, 
80, 143926, -1.30123, 14.4424, 4.20493, -0.00261718, -0.00111432, 0.0027354, 
81, 270.261, -56.9194, 9.4161, 24.0686, -0.00345838, 0.000453144, 0.00131209, 
82, 159650, 4.19175, -4.44955, -1.15538, -0.0034251, 0.00345915, 0.00217092, 
83, 24756, 6.74759, 5.16529, 2.18149, 0.00275296, -0.00476125, -0.000555235, 
84, 18375.3, 8.92524, 6.13718, -0.736343, 0.00202074, -0.00461351, 0.000490556, 
85, 491877, 66.7431, -20.003, -23.1265, 0.00548153, -0.00123779, -0.00152617, 
86, 194807, -2.29387, 1.59718, 3.06243, 0.00487546, -0.000801525, 0.00280374, 
87, 8649.23, -0.511631, 7.91699, -1.49897, -0.00494021, -0.00552194, -0.000688714, 
88, 138901, 8.65788, 4.48143, 1.13784, 0.00521523, -0.000670758, 0.00399722, 
89, 50202.9, 6.17803, 3.91217, 7.33411, 0.00119854, -0.00338109, -0.00189499, 
90, 98321.9, 5.65867, 16.4889, -12.4829, -0.000109067, -0.00019569, 0.000572178, 
91, 384069, 2.50318, -2.3135, 1.20307, 0.000392005, 0.00186964, -0.00214154, 
92, 81279.9, -0.686292, 3.0242, -0.205451, 0.00843735, 0.00443899, 0.00393955, 
93, 91375.2, 1.70312, -1.29952, 1.3754, 0.00195205, 0.00514009, -0.00446073, 
94, 5476.7, -10.3023, -19.2637, 7.71713, 0.00134697, 0.00181502, -0.000970294, 
95, 33452.5, -11.1739, -3.72919, 1.5892, 0.0016189, 0.00284304, 0.000448484, 
96, 25752.1, -62.2739, -21.5666, -19.3475, -0.0056416, -0.00226199, -0.00191794, 
97, 200797, 2.45793, 2.50511, 4.38596, -0.00187805, 0.000371968, 0.0038134, 
98, 298981, 2.93327, 3.49095, 0.188358, -0.00149471, -0.00106469, 0.000917619, 
99, 93146, 3.22061, -9.97866, 4.77071, -0.0022895, -0.00582652, 0.00207589, 
100, 8612.85, -13.5709, 12.243, -17.036, 0.00147535, -0.000522295, 0.00104522, 
101, 24343.5, 0.367476, -3.30774, 6.99848, -0.00136995, 0.00585605, -0.00365079, 
102, 10296.7, 8.65393, -9.28863, 5.25258, 0.00514366, -0.006408, 0.00103374, 
103, 15719.8, 3.79157, 0.348468, -2.00973, 0.0061847, -0.00571904, -0.00800148, 
104, 230040, 1.19342, -0.603759, 5.92518, -0.00212645, 0.00267754, 0.00759193, 
105, 17846.1, 9.46784, 20.2608, -4.43681, -0.00180772, 0.00204027, 0.000738136, 
106, 22216.6, -13.3291, -4.39647, 6.22268, 0.00248598, 0.00084396, 0.000174269, 
107, 98486.7, 2.99402, 10.3401, 0.901801, 0.000120267, -0.00578606, -0.00433111, 
108, 214214, -71.9772, 0.309061, -58.1882, -0.00632865, 7.88257e-05, -0.00520784, 
109, 131614, -0.328451, -0.488367, 0.404051, 0.00242567, -0.00813926, 0.00209026, 
110, 160023, 1.2276, -0.753502, 3.32996, -0.000696845, 0.000144017, -0.00347519, 
111, 115735, 1.47821, 6.0658, 3.28496, 0.00252964, 0.00102679, 0.00169096, 
112, 378585, 36.5735, 15.9583, -52.106, 0.00260143, 0.0018214, -0.00373882, 
113, 83295.8, -26.7429, 11.6215, 0.0445092, 0.00114114, 0.000563865, 0.00083035, 
114, 148827, 4.15206, -2.51864, 3.02015, -0.00988067, 0.000133309, -0.000670912, 
115, 285284, -3.01949, -44.5627, 66.752, -2.85252e-05, -0.00389772, 0.00535976, 
116, 515864, 0.903517, -1.06959, 1.47991, 0.000200284, -0.00166995, -0.00509454, 
117, 88363.5, 0.329, -13.2758, 12.8607, -0.00146472, 0.00136964, -0.00356002, 
118, 155064, 21.3886, 19.9949, -8.21419, -0.000661161, 0.000916188, -0.00209611, 
119, 18098.3, -2.99893, -6.5908, -1.44706, -0.00446352, -0.00030793, -0.000482738, 
120, 34391.6, 71.5164, -28.9301, -10.1157, 0.00600534, -0.00184943, -2.55774e-05, 
121, 78154, 2.02347, -4.96681, 6.84624, 0.00574843, -0.00314319, 0.0062902, 
122, 10497, 2.15295, 1.84423, 4.18782, 0.0051886, 0.00566936, 0.00215465, 
123, 59058.1, 3.49193, 0.394352, 3.60077, 0.00017553, -0.0105802, -0.00535735, 
124, 5646.35, 9.36448, -2.77243, 4.31243, -0.00160132, -0.00577216, -0.00102007, 
125, 103346, 6.93544, -5.36167, -3.58587, -0.00377637, 0.00072674, -0.00185452, 
126, 64702.5, -83.3357, 0.642199, 30.6606, -0.00693764, 6.29129e-05, 0.00302016, 
127, 199056, -0.770649, -4.8326, 6.88458, -0.000941749, -0.000704838, -0.000144734, 
128, 192649, 3.24168, 2.48259, 6.5566, 0.00281039, -0.000733115, 0.00193405, 
129, 1707.71, 1.97177, 7.23851, 3.58049, -0.000138362, 0.000134875, 0.00559836, 
130, 19869.9, 2.97492, -2.17305, 0.544005, -0.00595752, -0.00402001, 0.00226147, 
131, 143979, 2.49257, 3.51285, -2.03618, -0.00129697, 0.000945243, 0.0041607, 
132, 37850.6, -102.476, 48.9433, -26.366, -0.00950848, 0.00428594, -0.0022413, 
133, 50031.5, 4.17358, 0.911617, 3.82532, 0.00511354, -0.000245692, -0.00373526, 
134, 369068, -7.20705, 1.94877, -3.3607, 0.00638773, -0.000937671, 0.00321993, 
135, 3806.98, 3.15681, 5.76655, 4.32204, 0.00727013, 0.00665421, 0.0038671, 
136, 64591.7, -1.69392, 9.08989, -2.66712, 0.00229528, 0.00122191, -0.00525584, 
137, 1688.15, 4.85022, -21.0656, 10.7277, 0.00212085, 0.00133042, -0.000196378, 
138, 439943, 5.70257, 1.53481, 7.30615, -0.000190666, 0.00362684, 0.000519265, 
139, 72054.1, -3.95897, 2.84224, 6.3933, -0.00263409, -0.00477267, 0.00198738, 
140, 10511.3, -4.80773, -24.7849, 28.7936, -4.33131e-05, -0.00100028, 9.89508e-05, 
141, 28560.6, -10.3334, -11.2014, 5.95542, -0.000888779, 0.000816323, 0.000131318, 
142, 92270.6, 1.2204, 5.75916, 1.19764, 0.00609535, 0.00533779, -0.00261954, 
143, 57507.6, -65.5415, 21.3426, 40.4101, -0.00518829, 0.00175586, 0.00323204, 
144, 106955, 0.571189, 3.88087, -9.32737, -0.00109447, 0.000942217, -0.00347428, 
145, 53021.1, 1.60652, -5.62107, 3.77987, -0.000360409, -0.000925417, 0.00513572, 
146, 127593, 4.94516, -4.04163, 4.92192, 0.00479821, 0.00520639, -0.00324248, 
147, 31386.3, -0.99979, 5.79904, 3.49936, 0.00162688, 0.00444249, -0.00210438, 
148, 89613.6, 5.85448, 1.33629, -16.7146, 0.00202726, -0.00295053, 0.00236705, 
149, 251415, 7.03224, -1.24645, 6.16474, -0.00560889, 0.00113329, -0.00669575, 
150, 55890.6, 8.5673, 3.28327, 3.56704, -0.00533633, 0.0057991, -2.85595e-05, 
151, 174949, 8.23964, -6.25737, 6.5824, 0.00241026, -0.000532099, 0.00445334, 
152, 66072.8, -0.112671, 1.73642, -9.36644, 0.000829775, -0.00024625, -0.00484666, 
153, 19075.8, -7.00898, -5.22803, 20.7746, 3.41298e-05, 0.000680091, -0.000466295, 
154, 47261.5, 6.65694, 11.33, -6.33142, -0.00276448, -0.000962223, -0.000171716, 
155, 102102, -4.27034, 1.58612, 5.88305, -0.000516872, 0.00169926, 0.00300936, 
156, 5375.03, 3.96062, -1.92791, 3.8483, 0.00433798, 0.00352291, -0.00821145, 
157, 3761.7, -9.41682, 13.0057, 7.17578, 0.000436134, 0.00198249, -0.0015397, 
158, 7652.65, -1.69062, 1.44085, -8.26536, 0.00146093, 0.00123947, 0.00264935, 
159, 47070.1, 2.79556, 4.14433, 4.62573, 0.00167773, 0.00130614, 0.00191646, 
160, 17972.9, 2.27417, 4.7462, 1.81703, -0.00348853, -0.00141182, -0.00140485, 
161, 218629, 10.2693, 18.1588, 0.149553, 0.00139253, 0.00110089, 0.00048273, 
162, 138887, -1.35584, 0.871385, 5.07086, -0.00402723, 0.00246489, -0.000122924, 
163, 33277.3, -0.185495, -4.67391, 10.9002, -0.00387494, 0.00524728, -0.00212693, 
164, 167891, 2.30346, 1.64684, 7.39236, -0.00413184, -0.00182118, 0.00404611, 
165, 62570.5, -2.06184, -78.9402, -19.3689, 0.000235186, -0.00651349, -0.00164014, 
166, 38130.4, 19.079, 65.9792, 35.2401, 0.00198651, 0.00489135, 0.00248193, 
167, 22403.8, 13.0874, -30.1757, 51.9392, 0.00124331, -0.00239047, 0.00302852, 
168, 1479.59, 40.2803, 25.411, -56.7732, 0.00349795, 0.00241044, -0.00439766, 
169, 20399.9, 2.09317, -52.4538, 59.123, 0.000115923, -0.00486432, 0.00433361, 
170, 115854, 3.72633, -0.140315, 2.78942, -0.00091534, -0.00212725, -0.0013265, 
171, 27762.9, 3.32549, 4.47812, -0.461193, 0.000987474, -3.85614e-05, -0.00529171, 
172, 250928, 1.86799, -5.0091, 9.02647, 0.00111309, -0.00210385, -0.00197551, 
173, 74469.2, -59.031, 44.0814, -18.079, -0.00454296, 0.00450208, -0.00153672, 
174, 143481, -78.5353, 55.4078, -38.1637, -0.0068308, 0.00495924, -0.00360611, 
175, 27145.1, 3.88255, -0.459309, 3.49611, 0.00690832, -0.00350827, -0.00323305, 
176, 32620.6, 1.04311, 4.72243, 4.12901, 0.00608728, -0.00302838, 0.000937962, 
177, 52575.7, -0.0154201, -50.3607, 87.8755, -4.43893e-05, -0.0046101, 0.0080588, 
178, 19746.4, -0.635409, -4.97116, 6.8273, 0.00023078, 0.00365946, 0.000832009, 
179, 33623.1, -8.84581, 5.80485, 5.62233, 0.00592055, -0.00130784, 0.00157939, 
180, 50349.8, -67.5544, -44.7215, -34.9329, -0.00552274, -0.00369712, -0.00279003, 
181, 89376.8, 10.3467, -12.9933, -0.0300284, -0.00111614, -0.0017104, -0.0014481, 
182, 42160.2, 1.65568, -0.905802, 78.073, -1.69469e-06, -5.07708e-05, 0.00648647, 
183, 100544, -22.1296, -18.9959, 5.40209, 0.0015483, -0.000221269, 0.00121496, 
184, 1446.88, 7.58348, -5.68583, 0.571364, 0.00313586, -0.000149028, -0.00435826, 
185, 119694, 5.969, 3.39353, 0.717808, 0.00809788, 0.000995774, -0.001625, 
186, 120999, -9.39915, 0.717487, 2.54094, -0.00233651, -0.00155497, 0.00115041, 
187, 52698.3, 5.97741, -0.290823, 0.106262, 0.00650973, -0.00187279, -0.00771631, 
188, 105467, -1.01812, 1.46012, -2.70283, 0.00544513, -0.00341836, 0.00118564, 
189, 99748.4, -9.64718, -45.6157, 24.1136, -0.000805285, -0.00261897, 0.00125011, 
190, 77133, 3.67701, 2.49557, 0.807187, 0.000129445, 0.0014558, -0.000156588, 
191, 178804, -0.858405, -2.43692, -4.42289, 0.00123749, -0.00496686, 0.000346942, 
192, 8685.6, -1.06695, -0.802589, -0.267273, -0.0039576, -0.00363362, -0.00505439, 
193, 256954, 23.9409, 2.39066, 31.3798, 0.00188798, -0.00151903, 0.00106306, 
194, 53540.6, -0.0582117, -0.999851, -3.16048, 0.00352466, 0.000989567, 0.00431645, 
195, 220652, -4.75465, -3.00771, 1.40127, -0.00275746, -0.00447714, -0.00279836, 
196, 10258.1, -4.80979, -0.549384, 2.58989, 0.00741477, -0.00258918, 0.00114701, 
197, 6083.3, -23.7757, -8.88718, 19.0307, -0.000330884, 0.000767114, -0.000809287, 
198, 127562, -3.6021, -12.1546, 5.76056, -0.00135054, -0.00468881, 0.00241292, 
199, 34766.2, 1.16277, -1.70956, 8.92966, -0.00213635, -0.00122569, -0.0051797, 
