ID, Mass [kg], pos_0 [m], pos_1 [m], pos_2 [m], vel_0 [m/s], vel_1 [m/s], vel_2 [m/s], 
0, 5682.38, -7.47774, -3.18403, 13.6297, 0.000912302, 0.000429011, -0.00387263, 
1, 51291.5, 12.826, 18.3485, -13.1827, -0.00142174, -0.00131206, 0.00117792, 
2, 73779.3, 0.0653103, -10.1276, 3.40541, -0.00205401, 0.00284239, -0.000366222, 
3, 9731.99, -14.4938, 12.9302, -8.51914, 0.00236073, -0.00333648, -6.05338e-05, 
4, 104587, 3.83608, 9.03258, -2.5633, -2.7612e-06, -0.00192399, 0.00105688, 
5, 42215, -15.4009, -4.22198, -10.1455, 0.00360202, 0.00122003, 0.00166138, 
6, 57220.4, -15.5629, 16.7645, 4.796, -0.00134406, -0.00178371, 0.0025291, 
7, 44855.5, -0.291107, -2.37355, -8.76687, -0.000363862, 0.00147749, 0.00186062, 
8, 276797, -12.1153, 0.707683, -8.60697, 0.0013222, 0.00151987, -0.00221665, 
9, 2643.18, -3.29515, -1.57939, -8.54408, -2.80449e-05, 0.000620007, 0.0015872, 
10, 33961.7, -6.82839, 8.39747, 9.4538, 0.00227204, -0.00150605, -0.000931719, 
11, 8691.35, 12.1056, -13.2054, 3.36015, -0.00208948, 0.00190546, -1.21647e-05, 
12, 141682, -1.14478, -10.6448, 7.60622, 0.00143133, 0.00363065, -0.00343786, 
13, 288611, -14.0176, -5.15919, 0.556169, 0.0027542, 0.000962042, -0.000153123, 
14, 512847, -15.6076, 11.048, 15.428, 0.00219405, -0.000732158, -0.00226671, 
15, 15651.7, -5.24074, -13.567, 9.52531, 0.00133203, 0.00343447, -0.00307357, 
16, 182451, 1.60407, 14.5232, -16.3018, 7.72182e-05, -0.00318031, 0.00178737, 
17, 62197.8, -12.7924, 0.274033, -13.6966, 0.00214313, 0.0017834, 0.00510116, 
18, 185440, -7.37655, -7.67387, -2.62374, 0.00139703, 0.00129618, 0.00117834, 
19, 36701.4, -16.1049, -11.4213, 15.2996, 0.00160584, 0.00138692, -0.00169401, 
20, 106936, 14.436, 16.6261, -3.43396, -0.00187539, -0.00177708, 0.000444977, 
21, 161838, -2.07348, -1.22101, -0.647428, 0.000887705, -0.00021568, 0.00143293, 
22, 144875, 3.2752, -11.603, 14.5449, -0.00058183, 0.00249515, -0.00304175, 
23, 100936, -10.5784, 5.47116, -12.0682, -0.000318124, -6.82863e-07, -0.000918498, 
24, 95186.1, -8.99692, -13.0668, -16.5391, 0.00052256, 0.00165743, 0.00251336, 
25, 151808, 1.23223, 15.1306, -16.1797, -0.00230292, 0.000426497, 0.00208458, 
26, 118354, -12.897, 9.74194, -10.0526, 0.00251105, -0.00316421, 0.000311925, 
27, 149234, -6.56761, -8.6659, -7.6026, 0.000159318, 0.00199598, 0.0017208, 
28, 9985.68, -12.6021, 2.71292, 2.22483, 0.00248243, -0.000431108, -0.000439777, 
29, 180895, 7.63405, -3.87081, 12.0987, -0.00209047, -0.000149157, -0.00252898, 
30, 486.041, 11.2558, -9.85528, 4.27798, -0.00271082, 0.000929718, 0.00018558, 
31, 70262.9, -0.700183, -14.8278, -8.97926, -0.000487036, 0.00278502, 0.00149422, 
32, 45902.1, -0.401302, -4.3851, -10.802, -0.000806181, 0.00158176, 0.00272324, 
33, 24444.7, 3.08865, 1.13429, -11.0558, -0.000673068, -0.000657956, 0.00310259, 
34, 65679.9, -15.9878, -1.53891, 13.2221, 0.000690058, 0.00212142, -0.00563371, 
35, 3309.29, -12.8573, -4.95504, -1.13518, 0.00246218, 0.00090541, 0.000206046, 
36, 8280.38, 15.4803, -11.7299, -5.53261, -0.0020223, 0.00120235, 0.000959263, 
37, 94538.9, -4.68771, -14.2285, 4.344, 0.00275845, 0.00321023, -0.00364838, 
38, 30213.7, -3.25631, 7.03674, 6.53603, -0.00119785, -0.00148866, -9.76822e-06, 
39, 53471.9, 6.2779, 13.9034, -8.50755, -0.00196136, -0.000761642, 0.00189337, 
40, 43100.3, 15.2883, -8.32695, 9.79068, -0.0010046, 0.00145256, 5.70562e-05, 
41, 44746.6, -10.0919, 6.16541, -13.0808, -0.00314684, 0.00153129, 0.0033182, 
42, 34053.9, -12.1761, 8.19348, -2.35757, 0.0017755, -0.00164892, -0.000299225, 
43, 54380.2, 6.83218, -0.115919, -11.0239, -0.00269339, 0.00146349, -0.000424367, 
44, 38723.2, -7.41646, 4.81259, 12.2521, 0.000179112, 0.000413771, -0.00267852, 
45, 2321.23, -15.6241, -3.79832, -3.94909, 0.00342049, 0.00095099, 0.000638228, 
46, 241169, 4.93418, 15.7311, -3.93649, -0.000571001, -0.00283166, -0.00026662, 
47, 344827, 7.02407, -0.446119, -10.4334, -0.00160347, -0.000258027, 0.00254787, 
48, 39271.1, 5.83925, 10.728, 11.1082, -0.00259392, -0.0035843, -0.00257258, 
49, 19687.8, 17.3068, -14.1282, -3.29715, -0.00197433, 0.00125988, 0.000662194, 
50, 61216.8, 3.52547, -10.678, -1.52735, -0.00173859, 0.00198387, 0.00181954, 
51, 19182.2, 15.3807, -4.62128, 6.53792, -0.00259066, 2.04721e-06, 0.00046727, 
52, 12420.5, -0.939502, -0.559915, 8.43873, 0.000316261, -0.000645707, -0.00199907, 
53, 85447.4, 15.4345, 7.25857, 7.99584, -0.00115363, 0.00183765, 0.00143046, 
54, 361436, -11.5247, 11.6249, 10.8147, 0.00162186, -0.00394205, -0.00246679, 
55, 158926, -10.959, 10.1517, 3.12238, 0.00133365, -0.00175251, 0.000764918, 
56, 49282.6, 14.3561, -5.68625, 9.75267, -0.00261825, 0.0010672, -0.000815545, 
57, 218355, 4.97458, 9.85734, 10.4665, -5.52161e-05, -0.00232011, -0.00208004, 
58, 22371.5, -5.99157, 8.1747, 8.08881, -0.00262915, -0.000121282, 0.000812623, 
59, 55919.9, 11.6094, -15.1871, 2.80957, -0.00169534, 0.00212352, -0.000181352, 
60, 21598.8, 2.62822, -9.7479, 14.5942, -0.000528507, 0.00021451, -0.00358968, 
61, 398.952, -7.74446, -9.65149, 10.4598, 0.0026764, 0.00164508, -0.00402474, 
62, 1108.92, -12.3182, 3.89454, -10.4274, 0.00193173, 0.00631386, 0.0051744, 
63, 108555, -15.8303, -1.74817, 0.061284, 0.00336495, -0.000584884, -0.000296802, 
64, 244863, -14.1495, 8.23808, -7.91773, 0.0031131, -0.00154427, -0.000663762, 
65, 220694, 16.0131, -7.66648, 10.2143, -0.00253341, 0.000344602, -0.000809038, 
66, 61700, 5.49715, -13.9929, -13.7528, -0.00106166, 0.0015712, 0.00180315, 
67, 55388.9, 18.0005, -8.99267, -15.3992, -0.00148704, 0.000799036, 0.00119665, 
68, 211156, -5.24485, -14.3239, 3.67641, -0.000312012, 0.0042709, 0.000751466, 
69, 12720.6, -12.3282, -7.53539, -7.02194, 0.00123562, 0.00184725, 0.000408497, 
70, 25096, -10.9428, 0.513404, 11.5002, 0.00136644, -0.000127436, -0.0023872, 
71, 179870, 0.849255, 2.19167, 0.221722, -0.000754643, -0.00114326, 0.000592705, 
72, 79123.8, 14.6737, 10.872, -2.03048, -0.00227516, -0.00142476, 0.00046468, 
73, 110870, -11.2798, 12.1391, 11.3456, -0.000546574, -0.000653492, -6.01072e-05, 
74, 43359.1, -7.74328, 13.0955, -13.3917, -0.0028712, -0.00381638, 0.000148986, 
75, 140124, -8.30067, -5.06474, 7.22385, 0.00184929, -0.000973629, -0.00119471, 
76, 229268, 10.7986, -15.1257, 3.65962, -0.0020734, 0.00216907, 0.000109756, 
77, 302149, -15.9367, -1.40981, 12.9907, 0.00259531, 0.000196473, -0.000951169, 
78, 100708, -12.265, -11.8843, 1.51349, 0.00284199, 0.00436213, 0.00108473, 
79, 46633.4, -6.19828, -9.41532, 8.31627, 0.00165127, 0.00212886, -0.00333589, 
80, 143926, -8.07838, -5.64121, 6.94899, 0.00226509, 0.0028239, -0.00110477, 
81, 270.261, 12.4944, -1.52854, -14.2865, -0.00170824, 0.000407777, 0.00230589, 
82, 159650, 2.65061, -6.18068, 7.31948, -0.00186861, -0.0018678, 0.00254458, 
83, 24756, 5.67626, 11.1314, 14.5187, -0.000798094, -0.00165056, -0.00307311, 
84, 18375.3, -0.642227, -2.28931, 6.80477, 0.000535739, -0.000880892, -0.0014051, 
85, 491877, -8.14904, 8.94875, 8.57529, -0.00152729, -0.000876709, -0.000892771, 
86, 194807, -9.69145, 10.406, 9.38686, 0.00334318, -0.00016587, 0.000276227, 
87, 8649.23, -1.15765, 7.20349, -13.359, -0.0019686, -0.000900824, 0.0038056, 
88, 138901, 4.87398, -8.77649, 11.5566, -0.00215373, 0.0014423, -0.0029897, 
89, 50202.9, 6.66982, 9.40725, 4.41659, -0.00167614, -0.00164289, -0.000289943, 
90, 98321.9, 0.837455, -5.82007, 0.534433, -0.00106042, 0.000452911, 0.00211554, 
91, 384069, 2.16557, -6.28168, 5.19837, -0.00253286, -0.00127981, -0.000972593, 
92, 81279.9, -14.2506, -7.74883, -8.66786, 0.00112296, 0.00386503, 0.000744948, 
93, 91375.2, 7.26612, -4.80674, -8.14548, -0.00179598, 0.00176828, 0.00156681, 
94, 5476.7, -9.82206, -14.2289, 8.3999, 0.0023647, 0.00283893, -0.00215358, 
95, 33452.5, 1.43957, 2.43248, 14.0382, -0.00117353, -0.00101913, -0.00363591, 
96, 25752.1, 18.3244, 17.2073, 15.5066, -0.00122656, -0.00141968, -0.00107817, 
97, 200797, 12.4408, -1.03467, -7.61308, -0.00278213, 0.000332325, 0.00096122, 
98, 298981, -3.27487, -9.27069, 0.866396, 0.000533429, 0.00158044, 0.00146475, 
99, 93146, 5.32899, 15.8523, -7.61969, -0.00120589, -0.002342, 0.00198473, 
100, 8612.85, 13.8012, -12.6036, 8.10904, -0.00214493, 0.00187324, -0.000701637, 
101, 24343.5, -6.72054, 7.57948, -2.02047, 1.5775e-05, -0.0017275, 0.000294515, 
102, 10296.7, 7.98533, -11.9118, 12.6351, -0.00203317, 0.00238549, -0.00184278, 
103, 15719.8, -12.3778, 1.3955, -10.9702, -0.00257706, 0.00452779, 0.00534999, 
104, 230040, -10.1896, 7.15088, -12.6396, 0.00401784, -0.000107787, 0.00344338, 
105, 17846.1, -7.6684, -6.09257, 7.15117, 0.00318505, 0.0045353, 2.28886e-05, 
106, 22216.6, 1.60543, -11.324, 3.32836, -0.0025909, 0.00481005, -0.0009459, 
107, 98486.7, -9.15893, 4.5047, -12.9023, -0.00126775, 0.00165768, 0.004093, 
108, 214214, 15.7506, 7.95744, 8.53996, -0.00317363, -0.00184882, 0.000391323, 
109, 131614, -14.4659, -7.21252, -8.92748, 0.00307107, 0.00112557, 0.00151467, 
110, 160023, -4.78127, -13.8801, 4.78229, -0.000412254, 0.00446435, 0.00131538, 
111, 115735, -2.0424, -11.3117, 8.47481, -0.000357079, 0.00236462, -0.00245813, 
112, 378585, -15.92, 16.8723, 5.09027, 0.0021782, -0.00231957, -0.000326356, 
113, 83295.8, 5.36023, 9.11227, 9.9094, -0.00234605, 7.29993e-05, -0.000376107, 
114, 148827, 13.7784, 5.68782, -3.28964, -0.00242269, -0.000469241, -0.000274152, 
115, 285284, -12.3067, 1.63295, -10.621, 0.00292488, 0.00194549, 0.00255843, 
116, 515864, 2.09521, -7.73259, 6.583, -0.000953227, 0.00328597, -0.00257547, 
117, 88363.5, -7.34022, -12.3522, -11.3281, -0.000501565, 0.00233309, 0.00161128, 
118, 155064, -1.87326, 6.58466, -12.0408, -0.00144689, -0.000746735, 0.00176478, 
119, 18098.3, -1.00825, -10.7128, 7.40959, 0.000666229, 0.00192706, 0.000850587, 
120, 34391.6, -8.12335, 9.88425, 9.25897, 0.00259438, -0.00160516, -0.00050352, 
121, 78154, -7.21518, -3.98039, 9.74501, -3.2542e-05, 0.000516778, -0.00422457, 
122, 10497, 6.54264, -3.96216, -9.48057, -0.000743783, 0.00196803, 0.00280377, 
123, 59058.1, 5.53536, 2.51535, 0.113563, -0.00240959, -0.000315701, 0.00047881, 
124, 5646.35, 1.10783, -2.32476, 13.9384, 0.000179868, -0.00109041, -0.00196703, 
125, 103346, -12.1256, 8.05119, 13.6865, 0.000870664, 0.000761989, -0.00277002, 
126, 64702.5, 13.6987, 8.44792, 11.7606, 0.000368405, -0.00237518, -0.00233539, 
127, 199056, -7.8681, -3.14462, 8.05033, 0.00135859, -0.000887353, -0.00145571, 
128, 192649, 0.99099, 0.267866, -8.35461, -0.000719661, -0.00016517, 0.00147951, 
129, 1707.71, 7.23599, 11.4262, 5.08704, -0.00170962, -0.00254839, -0.00066744, 
130, 19869.9, -15.5939, 9.87103, 14.8476, 0.00321447, -0.00428867, -0.0045521, 
131, 143979, 4.45443, 7.68133, -2.10647, -0.00210379, -0.000440433, 0.000478879, 
132, 37850.6, 12.073, -14.2558, 16.3529, -0.00119875, 0.00163935, -0.00175921, 
133, 50031.5, -10.4345, 15.9535, 15.9941, -0.000181921, -0.00253687, -0.00254155, 
134, 369068, 15.8701, 7.52504, 11.4804, -0.00275238, -0.000289892, -0.00263537, 
135, 3806.98, -14.9756, -8.39815, -7.64577, 0.00342093, 0.00275163, -0.000481367, 
136, 64591.7, 7.48705, -6.92071, -2.92114, -0.00334986, 0.00177364, 0.00189124, 
137, 1688.15, -10.649, -8.22349, 1.17048, 0.00177453, 0.00110726, 0.000490867, 
138, 439943, -9.88797, 10.8209, -13.9305, 0.000895409, -0.00384437, 0.00195704, 
139, 72054.1, -6.72194, -10.1212, 9.63905, 0.0015881, 0.0019739, -0.00308593, 
140, 10511.3, -11.7899, 1.8356, -11.893, 0.00183504, -0.000976363, 0.000563237, 
141, 28560.6, -12.9015, -8.62959, -13.5852, 0.00152017, 0.00177658, 0.00248773, 
142, 92270.6, -8.64256, -12.8134, -12.2614, 0.00160586, 0.00253395, 0.00191004, 
143, 57507.6, 15.5472, -1.56822, -15.1633, -0.00189847, 0.00019497, 0.00176084, 
144, 106955, 3.71745, 13.4395, 2.22826, -0.000700215, -0.00218218, -0.00121821, 
145, 53021.1, 0.195517, -10.3639, 3.22585, 0.00107893, 0.00178031, 0.00156911, 
146, 127593, -7.88707, 3.78575, 2.43289, 0.000974629, -0.000543018, 4.63193e-05, 
147, 31386.3, -7.98537, -8.81541, 5.07578, 0.000975259, 0.000899696, -7.88782e-05, 
148, 89613.6, 5.18168, -12.9131, -5.39477, -0.00159555, 0.00226342, 0.00183663, 
149, 251415, -12.5065, 3.18558, -10.4347, 0.00175353, 0.00332221, 0.00260729, 
150, 55890.6, -6.16287, -3.91825, 8.51115, -0.000267913, 0.000366725, -0.00446233, 
151, 174949, -10.1785, 7.85187, -12.5454, -0.00188713, -0.000264195, 0.00244323, 
152, 66072.8, -7.65147, 6.1757, 14.9644, -0.000176892, -0.000310373, -0.0034932, 
153, 19075.8, -0.875102, -13.9697, -9.22665, -0.000556171, 0.000975707, 0.00224036, 
154, 47261.5, -2.30006, -1.21112, -0.960814, -0.00171828, -0.000147495, -0.00118888, 
155, 102102, -8.81859, -10.2505, 4.30243, 0.00253591, 0.00191819, -0.000468905, 
156, 5375.03, -4.08588, -12.4729, 3.15274, 0.000398651, 0.00127299, 0.000770659, 
157, 3761.7, 7.56776, -7.06871, -3.36166, -0.00485753, 0.00252557, 0.00107738, 
158, 7652.65, 8.55721, 6.27513, 8.27816, -0.00182159, -0.000461469, -0.00086363, 
159, 47070.1, -6.53208, -5.04093, 8.68005, 0.00268731, -0.0019335, -0.000532996, 
160, 17972.9, -11.3673, 12.1969, -13.65, 0.00462475, -0.00413319, 0.00134295, 
161, 218629, -11.6874, 0.85828, -11.1309, 0.00298024, -0.00359518, 0.000802455, 
162, 138887, -6.26431, -13.4097, 4.23392, 0.00330452, 0.00253865, -0.00166764, 
163, 33277.3, 5.36226, -1.32196, -15.0838, -0.000919865, 0.000646096, 0.00333688, 
164, 167891, 0.686617, -1.49806, 12.805, -0.000336759, 3.76947e-06, -0.00332233, 
165, 62570.5, 3.83365, 17.3361, -2.04802, -0.00132416, 0.000546206, 0.0019489, 
166, 38130.4, -0.399686, -14.9636, -14.9872, -0.000470871, 0.00175381, 0.0020404, 
167, 22403.8, -12.1145, 1.04953, -11.9956, 0.00393543, -0.000779131, 0.00128273, 
168, 1479.59, -10.4875, 7.75848, 2.35256, 0.00179632, -0.000147133, 0.000369535, 
169, 20399.9, -10.9163, 2.6855, -8.5666, -0.00115494, -0.00125515, -0.00160904, 
170, 115854, 1.49522, -11.6257, 2.09195, -0.00195661, 0.00392153, 0.00167268, 
171, 27762.9, 3.53523, -9.58939, 14.2859, 0.000110089, 0.000342522, -0.00397976, 
172, 250928, 3.40545, 15.0866, -2.16765, -0.000702732, -0.00293114, 0.000274913, 
173, 74469.2, 13.4632, 11.5809, 8.50991, -0.00121067, -0.00271935, -0.000468305, 
174, 143481, 17.2917, -11.1033, 14.4008, -0.00187142, 0.00126616, -0.001608, 
175, 27145.1, -10.1212, -9.86955, 6.79039, 0.00334474, 0.00227869, -0.00221945, 
176, 32620.6, 0.5434, 2.31391, 12.997, 4.06654e-05, -0.00112562, -0.00295556, 
177, 52575.7, -13.2307, 0.678662, -9.71138, 0.00161537, -0.000739435, 0.00235115, 
178, 19746.4, 0.664083, -6.38652, 3.77847, 0.00153473, -0.000164546, 0.00119308, 
179, 33623.1, 16.2513, 7.6299, 11.5401, 0.0022465, -0.00245138, -0.00271434, 
180, 50349.8, 17.2469, 7.99288, 9.18719, -0.0012243, -0.00148058, 0.00177956, 
181, 89376.8, 13.8222, 5.57829, -1.94983, -0.00237378, -0.000476017, 0.00228108, 
182, 42160.2, -11.1986, 5.90357, -3.32475, 0.00116294, -0.000869759, -0.000463228, 
183, 100544, -8.6062, 13.4989, -13.7578, -3.10209e-05, -0.00574194, 0.00104673, 
184, 1446.88, -3.34795, -13.7144, -7.34281, 0.000156372, 0.00274937, 0.00127074, 
185, 119694, -6.77032, -5.54764, -11.2059, -0.00016605, 0.00141074, 0.0025591, 
186, 120999, -11.9447, -11.3841, 1.65951, 0.00272086, 0.00104224, -0.000304729, 
187, 52698.3, 0.823106, -9.64, 3.76053, -0.000690932, 0.00328907, 0.00129854, 
188, 105467, 6.60973, -6.66102, -2.13602, -0.00189043, 0.000603136, 0.000622739, 
189, 99748.4, -7.4312, 0.595651, -13.949, -0.00110708, 0.001449, 0.00337697, 
190, 77133, 3.64776, -7.13546, 6.27526, -0.00261332, -0.00222506, 0.000356846, 
191, 178804, -9.84122, 11.238, -14.2194, -0.00138443, 0.00206883, 0.00156737, 
192, 8685.6, 0.89678, -0.537, 3.70712, -0.000176674, -0.000772998, -0.000303776, 
193, 256954, 2.80068, 3.00171, 6.08719, -0.00152068, -0.00105885, -0.000552148, 
194, 53540.6, 2.82215, -14.4785, -2.06812, -0.00103357, 0.00339344, 0.00146387, 
195, 220652, -8.27021, 9.54622, -12.439, 0.000266985, -0.00471437, 0.00253284, 
196, 10258.1, 10.3156, 13.3332, -5.12354, -0.00211489, -0.00129834, 0.00108407, 
197, 6083.3, -11.3849, 1.12351, -10.824, -0.00414436, 0.00242886, 0.00115447, 
198, 127562, 1.3311, 3.43165, 8.58734, -0.000235634, -0.00111551, -0.00255633, 
199, 34766.2, 15.9442, 7.65344, 11.4013, 0.000553234, 0.00295558, 0.00122714, 
