ID, Mass [kg], pos_0 [m], pos_1 [m], pos_2 [m], vel_0 [m/s], vel_1 [m/s], vel_2 [m/s], 
0, 86447, -9.7682, 45.0892, -18.27, 0.000202924, -0.000817567, 0.000381207, 
1, 189575, -44.9239, -23.2681, 4.23161, 0.000573425, 0.000477806, -0.00023976, 
2, 31834.7, 0.132495, -41.9419, -39.108, 0.000653087, 0.00141244, -1.56792e-05, 
3, 198333, 28.3213, 37.8356, 8.34065, -0.000217609, -0.000835575, -7.45509e-05, 
4, 26595.9, -13.6874, 19.357, 2.22991, 0.000237938, -0.000101092, -0.000297665, 
5, 74974.9, -26.4867, -21.3965, -26.6378, 2.08655e-05, 7.1349e-05, 0.000243997, 
6, 97542.7, 47.671, -36.8972, 47.9093, -0.000625284, 0.000848084, -0.00102974, 
7, 2615.97, 1.06689, 42.5147, -36.8343, 0.000104862, -0.000615108, 0.000521002, 
8, 21192.8, 39.6437, -35.4058, -3.54964, -0.000772766, 0.000769732, 0.000106722, 
9, 81679.8, 26.9574, 28.5785, 22.3186, -0.00024944, -0.000260068, -0.000785585, 
10, 127647, -28.1019, -31.0882, 37.8261, 0.000646552, -0.000527292, -0.000977932, 
11, 16957.3, -14.7125, -23.6974, 10.5557, 0.00034957, 0.000648453, -0.000405819, 
12, 46224.1, 45.4885, 46.6913, -28.8755, -0.000435694, -0.00052533, 0.000432063, 
13, 23966.4, 21.0352, 33.0877, 3.63727, -3.38715e-05, -0.00048649, -3.9638e-05, 
14, 11985.5, 0.254245, -10.9031, 43.509, -0.000392618, 4.06323e-05, -0.000548358, 
15, 3133.43, -15.1594, 6.25858, 20.7528, 0.000145831, -0.00196233, -0.00141131, 
16, 16899.7, 3.16399, -15.6859, 38.6306, -0.000196002, 0.000354277, -0.000477743, 
17, 19424.5, 1.31213, 45.7671, -9.7376, 8.27109e-05, -0.00111017, 0.000238221, 
18, 130822, 43.3431, -34.2618, 5.93269, -0.00127168, 0.000144806, -4.61607e-05, 
19, 25233.8, -26.6901, 15.0878, -29.7026, 0.000451649, -0.000242997, 0.000661841, 
20, 47646.9, 46.704, -42.0336, -26.333, -0.000490813, 0.000519233, 0.000280665, 
21, 165666, 8.8385, -3.04473, -17.9786, -0.00012631, 0.000234009, -0.00063902, 
22, 68385.5, 11.4555, 1.18798, -21.6482, -0.000584894, 8.70663e-05, 0.000381804, 
23, 221148, 44.2189, -38.613, 27.2376, -0.00035163, 0.000431895, -0.000278677, 
24, 74530.5, 28.3359, -9.63775, -21.7519, -0.000547568, 0.000215707, -0.000105912, 
25, 43250.2, 34.0992, 20.3113, 47.8792, -0.000218015, -0.000123636, -0.000640335, 
26, 16449.5, -41.9331, -48.5333, -25.6926, 0.000343511, 0.000461357, 0.000145765, 
27, 30641.9, -25.5134, 35.4396, 0.336949, -0.00155568, -0.00298959, -0.00188507, 
28, 85788.3, 11.9779, 4.9804, -21.9202, -0.000348048, -0.000851361, 0.000255765, 
29, 18634, -37.4758, 44.2046, 3.91949, 0.000518615, -0.000673122, 0.000157578, 
30, 2394.47, 35.8622, -19.6588, -1.24326, -0.000367951, 2.37146e-05, -0.000306564, 
31, 128472, 40.7786, 13.1777, 29.1337, -0.000544608, -2.77149e-05, -0.000641259, 
32, 63731.5, 13.9265, 7.8089, -40.6954, -0.000390797, -5.25115e-05, 0.000812856, 
33, 1929.75, -13.4837, -0.591875, 41.331, 4.83227e-05, -5.78671e-05, -0.000742521, 
34, 137164, -15.169, 4.89957, 20.0771, 0.00018149, -0.000357694, -0.000289223, 
35, 50524.2, 3.1748, 4.09376, -39.2651, -0.000541667, -0.000344884, 0.00120496, 
36, 6629.78, 40.1316, -18.4746, -30.2517, -0.000870542, 0.000456183, 0.000923251, 
37, 38240.2, 35.3417, -22.6551, -45.9973, -0.000725402, 0.000374473, 0.000780599, 
38, 18423.8, 0.816958, -4.89955, -24.1026, 0.000593389, 0.000840414, -0.000534675, 
39, 194740, 32.164, -37.9207, -5.40961, -6.46892e-05, 0.000831035, 1.49477e-05, 
40, 166672, 9.36587, -24.2825, -42.2324, 0.000317651, 0.000212091, 0.00103985, 
41, 63465.7, 25.5419, 15.4756, -14.9094, -0.000367674, 0.000162597, 0.000305247, 
42, 21989.4, 21.3699, 38.075, -8.76781, -0.000182422, -0.000970339, 0.000184842, 
43, 7506.47, 34.7493, -26.9418, -12.7084, -0.000235455, 0.000247459, 0.000304943, 
44, 1030.15, 38.1805, 5.62392, -16.4691, -0.000656125, 0.000138314, 0.000390209, 
45, 60141.1, 0.0573469, 21.048, 4.07001, 6.66833e-05, 4.03662e-05, -0.000536134, 
46, 69136.8, -31.3798, -6.93697, 24.2447, 0.000350561, 0.000324877, -0.0003519, 
47, 4636.02, 25.0972, -47.9386, 36.5642, -6.45924e-05, 0.000531908, -0.000325348, 
48, 148424, -18.2851, 12.2101, 42.8117, -6.49366e-05, -0.000128995, -0.00069521, 
49, 101751, 34.4145, 42.6903, -3.1829, -0.000448027, -0.000897449, 0.000153465, 
50, 113749, -24.3564, -26.6827, -37.774, 0.000774412, -3.7515e-05, 0.000252132, 
51, 14312.6, 7.47519, 13.9988, -44.8756, 0.000185517, -0.000176138, 0.00100997, 
52, 115787, 40.594, -5.61909, 41.967, -0.00031219, 2.61066e-05, -0.000585453, 
53, 10116, 45.7846, 44.5053, -23.78, -0.00048795, -0.000406519, 0.000273046, 
54, 33789.7, 3.06033, 30.8909, 1.98224, 0.000425905, -0.000297178, -0.00114719, 
55, 186460, 34.0134, 34.5475, 16.9408, -0.000605111, -0.000610901, -0.000567227, 
56, 245187, 41.1986, -26.9129, -8.11346, -0.000698571, 0.000219256, 5.90397e-05, 
57, 290437, -13.7575, -3.87472, 19.4483, 8.1867e-05, 0.000351001, -0.00023062, 
58, 80698.8, -12.1653, 13.9313, 26.7648, -2.80176e-06, -0.000312577, -0.000533072, 
59, 117814, 19.255, 23.5498, -12.5088, 0.000262634, -0.000227118, 0.0002922, 
60, 74301.5, -39.2124, 19.5576, 17.9426, 0.000452296, 0.00109479, 0.00157496, 
61, 87026.1, 7.57292, -43.0718, -36.255, -0.000277129, 0.00113579, 3.21917e-06, 
62, 54123.3, 25.1297, 27.9025, -30.3062, -0.000305409, 0.000717976, 0.00133481, 
63, 142469, 10.8993, 22.9979, -46.2936, 0.000106018, -0.000614614, 0.000930859, 
64, 25240.3, 25.1976, -7.97862, 29.8186, -0.000296782, 0.000260784, -0.000571227, 
65, 84495.7, -31.8142, 8.97204, 47.7545, -5.75823e-05, 0.000273557, -0.000876689, 
66, 190154, 26.0418, 29.915, -21.6089, -0.000448266, -0.000551378, -4.78826e-05, 
67, 106916, -19.9464, 23.9136, -16.0876, -0.000114041, 0.000812936, 0.000516108, 
68, 142208, 42.2725, 25.3361, 6.16495, -0.000569389, -0.000462732, -0.00056981, 
69, 222966, -34.2919, 26.8446, 21.8508, -0.000158333, -0.000972501, -0.000359954, 
70, 23261.8, -10.8613, -32.9552, -12.776, 0.000254984, 0.000644009, -1.95691e-05, 
71, 37181.8, -24.5052, 26.8595, 8.34422, 0.000131619, -0.000361138, -0.000278177, 
72, 387724, 22.6506, 12.0917, 15.66, -0.000188904, 4.32102e-06, -0.00037633, 
73, 94415, 41.7292, -15.1043, -23.6314, -0.000429126, 0.000908602, 0.000344037, 
74, 92650.1, -6.61763, 25.3741, -7.27148, 0.00168876, 0.00128312, 0.000868492, 
75, 18296.3, -41.1998, -1.39777, 39.3273, 0.000225396, 0.000446925, -0.000359299, 
76, 120001, -41.4544, -19.1713, -12.3566, 0.000841278, -3.93504e-05, 0.00174022, 
77, 272530, 16.2319, -6.90084, 13.7411, -9.91368e-05, 0.000447936, -0.000442503, 
78, 17526.5, -30.0958, -27.8843, 38.8223, -0.00059554, 0.00101629, -0.00109398, 
79, 64817.7, 5.06577, -25.5598, -17.6052, 0.000198437, 0.000625444, -0.000118232, 
80, 92249, 45.6657, 6.1098, 15.8561, -0.000739463, 0.000235521, -0.000375031, 
81, 18467.1, -47.3967, 4.88294, 22.3316, 0.000883576, 0.000112356, -0.000637901, 
82, 36826.6, 15.8504, 46.9744, 17.9588, 2.83517e-05, -0.000969867, -0.000380981, 
83, 11297.7, 31.82, -31.4677, -8.57903, -4.6496e-05, 0.00018048, -1.35147e-05, 
84, 79293, 4.0976, -34.7307, -41.6298, 0.00285486, 0.00293424, 0.00136728, 
85, 99758.2, 16.3116, 15.1774, 27.3998, 4.85816e-05, -0.000200383, -0.000855829, 
86, 23343, -36.5969, -5.85295, 20.1544, 0.000568684, 0.000353717, -0.000120287, 
87, 148233, 46.2652, 11.2771, -3.73344, -0.000762182, 0.00102878, 3.03699e-05, 
88, 11527.8, -39.9112, 18.3505, 43.2003, 0.00132699, -0.00238469, -0.000844126, 
89, 14718.3, 35.8265, 29.129, -7.2739, -0.000496056, -0.00067866, 0.000283217, 
90, 46494.3, -2.60445, 2.06255, -23.841, 0.000303087, -0.000259007, -0.000709034, 
91, 34379.9, -28.1138, -22.4053, -26.3262, 0.00127898, 0.000937906, 8.35529e-05, 
92, 23079.1, 28.8517, -15.4225, 1.39167, -0.000313279, 0.000289094, -0.000214702, 
93, 79660.5, -45.4254, 4.06679, 15.2807, 0.000722567, -0.00115822, -0.000287971, 
94, 77532.3, -44.1173, -40.1034, 47.26, 0.000350487, 0.000417926, -0.000350901, 
95, 85363.6, 39.0576, 19.6655, 14.6534, -0.000609119, -4.72569e-05, -0.000573879, 
96, 11260.4, -13.1229, 23.6327, 23.0896, 4.05656e-05, -0.000573629, -0.000399683, 
97, 31876, 31.5166, 12.473, -19.2718, -0.000670432, 3.26059e-05, 0.000534928, 
98, 49282.2, 47.7459, 12.3496, -20.6567, -0.000766471, -3.21251e-05, 0.000568561, 
99, 38415.4, -2.6966, 23.6224, -1.7684, 0.000104228, 5.90114e-05, -0.000405306, 
100, 8080.94, -37.9893, 2.20527, -30.1506, 0.00109715, 0.000200774, 0.00111222, 
101, 70282.6, 45.3201, 46.6574, 39.1033, -0.000278224, -0.000623985, -0.000273828, 
102, 317827, 3.50325, -35.6365, -42.4358, 0.000108983, 0.000443803, 0.000391123, 
103, 237904, -47.0739, 47.4239, 17.9241, 0.000418316, -0.000769422, -5.36056e-05, 
104, 119615, -20.0161, 32.975, -8.80536, 0.000278747, -0.000756724, 0.000286494, 
105, 31893.4, 5.76195, -39.5338, -1.81867, 8.34706e-05, 0.000655382, -0.000196171, 
106, 173086, -38.3863, 22.4877, 21.6763, 0.000921963, -0.000291997, -0.000809669, 
107, 486074, -39.3855, 17.2171, 43.0614, 0.000344525, -0.000273082, -0.000581363, 
108, 40410.8, -25.7302, -31.1263, 46.7786, -7.38406e-05, 0.000448888, -0.00097516, 
109, 28247.2, -46.7907, 49.3027, 17.1582, 0.000658454, 0.00141503, -0.000912167, 
110, 23910.7, -25.7368, 36.8354, -30.2438, 0.000333442, -0.000639981, 0.000530217, 
111, 40242.6, -7.0622, -46.7421, 27.4785, 5.07423e-05, 0.000549364, -0.000215017, 
112, 24016.7, -45.7528, 5.58022, 16.5097, 0.000744733, 0.000256252, 7.03778e-05, 
113, 129600, 8.80252, -44.3611, -19.3173, 3.003e-05, 0.000764358, -5.26818e-05, 
114, 114317, 15.0961, 36.1688, 16.5164, 0.000257014, -0.000762991, -0.000353246, 
115, 174934, -46.999, 4.83506, 42.0657, 0.000708857, 0.000265109, -0.000460039, 
116, 143212, -2.04216, -2.68788, -28.5285, 0.00014723, 0.000811397, 0.000123594, 
117, 8073.33, -32.76, 18.5674, 32.3296, -7.84979e-05, -0.00019137, -0.000371255, 
118, 37893.5, -6.04267, 19.2622, 28.5921, -0.000169097, -0.000473421, -0.000593408, 
119, 62400.5, 22.8518, 40.3804, 30.7346, -9.88069e-05, -0.000628599, -0.00069669, 
120, 242481, -3.30428, 1.44575, -36.1872, 0.00014837, 0.000153987, 0.00159556, 
121, 220498, 17.5141, -18.2421, -36.9126, 0.000100617, -0.000750903, 0.000170374, 
122, 32681.3, 6.62369, 2.4689, 33.1463, 3.21598e-05, 5.27441e-05, -0.000657951, 
123, 348699, 46.6504, 18.1651, -3.71436, -0.000914655, -2.16293e-05, 0.000272853, 
124, 49173.7, 42.707, -25.2478, 47.6033, -0.000206761, 1.54868e-05, -0.000539589, 
125, 91676.5, 26.292, -3.29324, -21.4549, -0.000498959, -0.000258506, 0.000166748, 
126, 613.996, 46.4659, -20.9262, 5.59177, -0.000702666, 1.1533e-05, -0.000266908, 
127, 36070, 10.2732, -42.2417, 37.148, 2.37412e-05, 0.000526869, -0.000357075, 
128, 60243.7, 45.6713, -11.5029, 35.7832, -0.000537534, 0.000198498, -0.000295683, 
129, 66572.3, 2.1212, -35.9489, -41.7815, -0.00258634, -0.00119817, 0.000524356, 
130, 41874.2, -38.7295, 26.5714, -36.0231, 0.000427036, -0.000249702, 0.000700147, 
131, 116662, -45.5637, 2.03067, 14.9496, 0.00075311, 0.00112503, 6.81698e-05, 
132, 109779, -10.8316, -8.53494, 39.3499, 6.17547e-05, 0.000148611, -0.000601337, 
133, 456997, -33.6773, 14.6341, -6.61876, 0.000605395, -0.000112937, 0.000149062, 
134, 2780.32, -3.45753, 42.7987, -4.58698, 0.000394889, -0.00113427, 8.52039e-06, 
135, 102119, -6.24683, 12.5326, -34.1535, 0.00049238, -0.000917029, 0.000846672, 
136, 164662, -34.8671, 3.39478, -26.436, 0.000584436, 2.41123e-05, 0.000497943, 
137, 84084.3, 26.9073, 37.2239, -37.0188, -0.000435774, -0.000912733, 0.000818351, 
138, 245299, -41.1671, -19.8056, -9.69516, 0.00041049, 0.000562278, -0.00058089, 
139, 102038, -4.73065, -13.9443, 46.9935, -8.28785e-05, 0.000301149, -0.000756269, 
140, 146704, -34.0123, -26.392, 34.5287, 0.000727649, 0.000167987, 6.39152e-05, 
141, 170925, 46.6512, 37.5335, 42.7826, -0.000363691, -0.000189748, -0.00047786, 
142, 107951, 40.4532, -17.275, -23.8639, -0.00126625, -0.000430839, 0.000185477, 
143, 64717.1, -9.50042, -22.7168, 3.34706, 0.00195714, 0.00100369, -0.00132828, 
144, 28582.1, 17.9545, 31.8358, 24.0797, 0.000174088, -0.00038291, -0.00116331, 
145, 18763.1, -48.0742, -26.2342, -32.4968, 0.000559927, 0.000297517, 0.000362174, 
146, 44368.5, 2.39286, 39.6613, -18.3519, 3.46806e-05, -0.000780842, 0.000534913, 
147, 247503, -4.85971, 3.29651, -31.1551, 0.000646449, -0.000601631, 1.94927e-05, 
148, 54470.7, -11.3665, -18.8904, 29.9156, -4.05825e-06, 0.000577623, -0.000417146, 
149, 158577, 25.6839, 24.2064, -9.44722, -0.000508792, -0.000331276, -9.24559e-05, 
150, 59031.2, 16.6347, -3.89228, 7.31813, -0.000117163, 6.44242e-05, 0.000396998, 
151, 120654, 29.4411, -14.7285, -29.0671, -0.000706291, 0.00019889, 0.000258326, 
152, 33810.4, 24.5938, 33.4988, -36.4673, 6.81159e-05, -0.000302953, 0.00108285, 
153, 52884.6, -11.9187, -11.5452, 21.6475, -7.11197e-05, 0.000924217, -0.000406129, 
154, 76725.2, 46.8869, -35.6344, 46.4786, 7.82521e-05, -0.000343423, 0.000252488, 
155, 2384.17, -40.1586, -25.5471, -18.9373, 0.000523465, 0.000746029, 0.000554779, 
156, 54252.8, -1.78133, 13.1226, -28.1527, -4.03763e-05, -0.000835272, 0.000164247, 
157, 18995.8, 39.2241, 8.75239, -8.2534, -0.000299712, 0.000356057, 0.000404446, 
158, 133837, -24.9083, -3.70329, -7.97808, 0.000291261, 0.000305906, 0.000102486, 
159, 166899, 16.5612, -21.0047, -37.4661, 0.000382506, 0.0020499, 0.000376037, 
160, 192252, 45.7699, 24.8556, -1.79453, -0.000790317, -0.00117996, 5.52249e-05, 
161, 17027.9, -12.2148, 16.6578, 40.4211, -0.000323284, -0.000482213, -0.00061843, 
162, 130287, -46.8969, -15.8815, 40.4178, 0.00053754, 0.000252945, -0.000394501, 
163, 72430.1, 13.2424, -16.6015, -17.3988, -8.72082e-05, 0.000535652, -0.000205073, 
164, 60583, -22.1417, 3.62218, 3.03807, 0.000203306, 0.000139387, -0.000110484, 
165, 38146.6, -32.6832, 45.3059, 9.66232, 0.000221814, -0.000769829, -0.000137911, 
166, 1307.56, -35.0996, -14.9079, 47.6431, 0.000222086, 0.000158427, -0.000676676, 
167, 124087, -6.82003, 24.914, -7.3468, -0.000777689, -0.00146738, -0.000257062, 
168, 30066.1, 4.51217, 30.7484, -3.03745, 0.0015197, 0.000484369, 0.000294198, 
169, 177463, -25.3025, 35.6016, 0.466429, 0.00071802, -0.000349196, 0.000188616, 
170, 1123.4, 21.6481, -44.3797, -12.5536, -4.8779e-05, 0.000845537, 2.2184e-05, 
171, 71647.5, 47.4167, 45.5676, -16.0679, -0.00054746, -0.000587765, 0.000178796, 
172, 73299.5, 16.0837, 2.51797, 34.3645, -0.000174825, 0.000110065, -0.000762282, 
173, 120519, 26.4549, -18.0176, -39.0387, -0.00130173, 0.000594254, 0.000949769, 
174, 243541, -20.318, -31.5885, -40.928, 0.000260835, 0.000621782, 0.000564019, 
175, 232847, 4.56282, 35.3803, -2.51069, 0.000317261, -0.00154316, -8.2051e-05, 
176, 50296.6, -40.0168, -4.28869, -2.11901, 0.000664813, 0.00016147, 1.52636e-05, 
177, 17627.5, -2.06736, -5.34319, -41.1032, 0.000185472, 0.000638475, 0.00131667, 
178, 115556, 5.95573, -4.64251, -23.1134, -3.6508e-06, 0.000549547, 0.000373676, 
179, 21083.5, -21.5919, 32.4601, -31.5534, 0.00021345, -0.00046548, 0.000647397, 
180, 120384, 14.8296, 18.0557, -42.0515, -0.000395193, -0.000203209, 0.000616605, 
181, 104093, -9.68966, -22.7803, 3.43472, -0.00101606, 0.000281135, 0.000681161, 
182, 90014.4, -9.67414, -2.68718, -31.2922, 0.00122671, 0.00065677, 0.000448057, 
183, 39510.6, -37.581, -12.5196, -22.2113, 0.000557817, 0.000115932, 0.000514762, 
184, 37719.2, -33.9651, -31.9872, -13.6105, 0.000281518, 0.000747406, 0.000106788, 
185, 182373, 6.62365, 31.3752, -2.85045, -0.000750057, 0.000102999, 5.30985e-05, 
186, 153608, 21.9042, -15.1941, -37.8202, -0.000889382, -0.00077528, 0.000927243, 
187, 201002, 20.261, -28.3289, 34.8548, -8.4922e-05, 0.000369812, -0.000434764, 
188, 658.569, 34.4653, -12.8487, 41.7542, -0.000103689, 0.000254656, -0.000556303, 
189, 143642, -28.9698, -29.5242, 38.635, -0.000539432, 0.00150952, 8.0725e-05, 
190, 250454, -41.4928, 29.5266, -23.2639, 0.000603802, -0.000409102, 0.000379058, 
191, 55591.1, 18.4397, 32.4165, 19.9195, -7.202e-05, -0.000298485, -0.000574545, 
192, 141084, 27.4855, -30.0456, -16.3974, -0.000149115, 0.000585163, 0.00017625, 
193, 52387.2, 15.6443, -21.4078, -37.0877, -0.00155698, 0.000682455, 0.000877758, 
194, 39745, 44.2275, -31.6893, 37.3259, -0.000288424, 9.19267e-05, -0.000309121, 
195, 89443.4, 32.1918, 4.5729, 1.55925, -0.000407245, 0.00029485, -8.54898e-05, 
196, 196180, 25.4476, 30.7604, -28.0604, -0.00026958, -0.000824429, 0.000790568, 
197, 56906.6, -19.8323, 23.608, -16.0286, 0.00117441, -0.00246926, 0.000532691, 
198, 249087, 38.4651, -36.2423, 7.694, 3.18072e-05, 0.000646906, -0.000454782, 
199, 137680, -38.4854, 18.5121, 16.7844, 0.00075144, -0.000277834, -0.000244604, 
