ID, Mass [kg], pos_0 [m], pos_1 [m], pos_2 [m], vel_0 [m/s], vel_1 [m/s], vel_2 [m/s], 
0, 5682.38, -29.8834, -9.39229, -5.67241, -0.00267758, -0.00343143, -0.00163287, 
1, 51291.5, -29.0586, -19.7712, 27.4667, -0.00440688, -0.00392054, 0.00525904, 
2, 73779.3, -5.64587, -3.81242, 0.399998, -0.00296641, -0.0016261, 0.000914584, 
3, 9731.99, -5.56108, 23.1973, 22.1244, -0.000721598, 0.00368725, 0.000987354, 
4, 104587, -0.203422, 1.85257, -0.305965, -0.00163068, 0.00775249, -0.00343746, 
5, 42215, -1.39787, 4.51916, -0.999888, 0.00218345, 0.000365325, 0.00341178, 
6, 57220.4, 23.8311, 15.6496, -26.3413, 0.00331293, 0.00441207, -0.00322101, 
7, 44855.5, -3.83169, 6.17804, 3.86334, 0.00285522, -0.00155752, -0.0018033, 
8, 276797, 0.602422, 8.01865, -3.4706, 0.00237205, 0.0014139, -0.00280858, 
9, 2643.18, 3.41755, 0.303588, -2.51088, -0.00301005, 0.00222265, -0.00398388, 
10, 33961.7, 9.08769, -15.7876, -7.65147, -0.00043435, -0.000511542, 0.000908621, 
11, 8691.35, -8.52616, 45.1166, -36.6128, -0.000419735, 0.00621322, -0.00604918, 
12, 141682, 4.04433, 0.100874, 0.5481, -0.00466377, 0.00438516, -0.00308608, 
13, 288611, -16.1514, -11.7099, -1.78553, -0.000294832, -0.00150698, 0.000559125, 
14, 512847, -1.68116, -0.194811, 2.44866, -0.000840123, -0.00115124, -0.00189582, 
15, 15651.7, 0.361965, 8.1948, -2.66118, 0.00249074, 0.00710759, -0.00272771, 
16, 182451, 17.1748, -14.9858, 38.9516, 0.00365677, -0.00177772, 0.0046873, 
17, 62197.8, -15.5441, -10.857, 3.6874, -0.00124312, 0.00103954, -0.000814609, 
18, 185440, -17.1831, -14.8842, 4.2052, 0.000585018, -0.002293, 0.000226067, 
19, 36701.4, 23.878, 36.6048, -34.2476, 0.00404327, 0.0056573, -0.0054648, 
20, 106936, -49.5408, -28.7605, 14.395, -0.00779797, -0.00464142, 0.00222946, 
21, 161838, -2.03066, -1.00988, 3.22664, 0.00410034, 0.00562506, -0.00622822, 
22, 144875, -1.88473, -0.36874, -0.983313, 0.00268064, 0.00841118, -0.000627279, 
23, 100936, 4.19577, 21.4979, 11.2948, -0.000488271, 0.00111691, -0.000973888, 
24, 95186.1, 32.4025, 29.9082, 28.3038, 0.00523648, 0.00371859, 0.00370157, 
25, 151808, 23.4722, -20.2931, 39.7545, 0.00454645, -0.00262806, 0.00603756, 
26, 118354, 1.13678, -2.72532, -1.46803, 0.00217179, -0.00173726, 0.00527063, 
27, 149234, 0.534731, -6.04191, -2.65477, -0.00257175, -0.001215, -0.000589073, 
28, 9985.68, 8.989, 3.49353, -0.64056, 0.00318178, 0.00346373, -0.00139683, 
29, 180895, 1.15015, -2.37768, 4.73205, -0.0059301, -0.0066603, -0.0031343, 
30, 486.041, 9.75905, 8.85387, -2.98584, -8.16787e-05, -0.00308304, 0.00325928, 
31, 70262.9, 1.58542, 7.76761, 0.102091, 0.000449831, 0.00566983, -0.00228166, 
32, 45902.1, -3.77641, 6.02516, -1.87419, -0.00361127, 0.00648818, -0.00209272, 
33, 24444.7, -3.75971, 1.78795, 4.36974, -0.00674537, 0.00686435, -0.000302366, 
34, 65679.9, 1.66084, -5.59983, -1.01008, -0.000243852, -0.00740167, 0.000389612, 
35, 3309.29, -15.6836, -21.213, -6.71444, 0.000721942, -0.00450192, -0.000625958, 
36, 8280.38, -34.8177, 34.4686, -13.6445, -0.00466758, 0.00514899, -0.00315412, 
37, 94538.9, 2.56451, -0.516233, -5.94885, 0.00153438, -0.00277518, -0.000913818, 
38, 30213.7, 46.1094, -12.9613, -11.4463, 0.008454, -0.00100645, -9.1319e-05, 
39, 53471.9, -7.89662, 3.38268, -11.0742, 0.00165293, 0.00299054, 0.00191795, 
40, 43100.3, -16.7167, 21.3777, -20.5916, -0.00127815, 0.00216879, -0.00272023, 
41, 44746.6, 12.5511, 29.7855, 8.59963, 0.00151489, 0.00351146, -0.00102219, 
42, 34053.9, 1.54306, 17.5943, 32.7728, -0.000375914, 0.00303612, 0.00429627, 
43, 54380.2, -2.95489, 5.98695, 3.2866, 0.00324353, -0.00266192, -0.00498864, 
44, 38723.2, 19.5497, -5.43185, -25.17, 0.00180327, -0.000160226, -0.00354755, 
45, 2321.23, -16.0365, -9.85369, 0.331211, 0.001444, -0.00260472, 0.000581424, 
46, 241169, 12.5226, 1.88842, 0.157126, -0.00105597, -0.00239937, 0.00117407, 
47, 344827, -2.88626, 4.87411, 3.36112, 0.00363195, -0.00198745, -0.00374644, 
48, 39271.1, 4.70653, -3.8714, 2.48202, -0.00515886, -0.00117024, -0.0024179, 
49, 19687.8, -40.0155, 35.3582, -14.7032, -0.00653086, 0.00612893, -0.00350232, 
50, 61216.8, 9.72788, -9.18477, 4.27138, -0.000818298, 0.00148143, 0.00242596, 
51, 19182.2, -30.3534, 41.6524, -25.5954, -0.0044933, 0.00693842, -0.00486409, 
52, 12420.5, -3.31821, -0.7918, -1.59914, -0.00234514, 0.000117752, 0.00653168, 
53, 85447.4, -50.4888, -4.7927, -22.4655, -0.00769825, -0.000788501, -0.00315671, 
54, 361436, -1.24632, 0.606844, 3.88096, 0.00316828, -0.00360438, -0.00842386, 
55, 158926, 15.8161, 8.16312, -25.3133, 0.00241333, 0.00102823, -0.00214764, 
56, 49282.6, -20.8705, 33.642, -34.1195, -0.00191709, 0.00508283, -0.00619832, 
57, 218355, 1.34515, 0.87439, 2.57132, 0.000529327, -0.00237435, 0.00322454, 
58, 22371.5, 46.555, -14.3299, -10.2614, 0.00874392, -0.0017708, -0.000943893, 
59, 55919.9, -15.0127, 25.6103, -32.3292, -0.000492483, 0.00236608, -0.00411154, 
60, 21598.8, 3.78242, -4.30846, -5.12421, -0.000716773, -0.00130913, -0.00147286, 
61, 398.952, -2.39932, 7.51806, -0.538337, -0.00192314, 0.00568365, -0.00243727, 
62, 1108.92, 2.83714, -5.7687, 36.9534, 0.000816521, -0.000461947, 0.00414927, 
63, 108555, -3.74116, -5.02889, 0.664964, 0.00648348, -0.00283578, 0.00264424, 
64, 244863, 11.3455, -4.82085, 23.1518, 0.000589705, -0.000278012, 0.000960179, 
65, 220694, -19.9702, 32.4584, -27.7277, -0.00180086, 0.00479686, -0.00432967, 
66, 61700, -5.10373, 44.9657, 21.2934, 3.22749e-05, 0.00642946, 0.00277631, 
67, 55388.9, -27.4489, 8.43088, 21.2109, -0.00457219, 0.00120789, 0.00356539, 
68, 211156, -2.91738, -0.224567, 1.88988, -0.00103072, 0.00332663, 0.00415822, 
69, 12720.6, -1.71814, -12.0149, 3.03464, 0.000403862, 0.00297557, -0.00160923, 
70, 25096, 4.73203, 4.3704, 2.41002, 0.00206242, 0.00765893, 0.00477343, 
71, 179870, 6.48153, 8.74382, -1.45011, -0.000791038, -0.00404049, 0.00327522, 
72, 79123.8, -44.1647, -12.3614, -2.3199, -0.00492061, -0.00142226, -0.000553277, 
73, 110870, 3.56286, 3.78053, -3.97065, -2.63117e-05, 0.00427794, -0.000246883, 
74, 43359.1, 18.8164, 24.7237, 19.1228, 0.00149614, 0.00480809, 0.000895686, 
75, 140124, 0.777696, 7.93617, 0.377144, -0.00143236, -0.000845364, -0.00343562, 
76, 229268, -14.0461, 22.0178, -25.2081, -0.00099531, 0.00196469, -0.00236538, 
77, 302149, 2.60658, -2.0514, -2.79831, 0.00279734, -0.00354974, -0.000961712, 
78, 100708, -16.6754, -11.8984, -1.08647, 0.00296547, -0.00198579, 0.00289049, 
79, 46633.4, -4.89629, -2.0015, 0.692007, -0.00315429, -0.00204454, 0.00521997, 
80, 143926, 4.91302, -2.06227, -0.111153, 0.0046599, 0.0055748, -0.00273666, 
81, 270.261, -38.5259, 6.92198, 17.0707, -0.00428542, 0.000603841, 0.00164095, 
82, 159650, -5.21216, 4.3032, -0.00466261, 0.000136286, 0.0019604, 0.00356938, 
83, 24756, 4.68953, -6.68889, -0.0291213, -0.00408942, -0.00139078, -0.00012136, 
84, 18375.3, 1.73639, -5.00408, 3.32689, -0.00701798, 0.0025296, -0.000438415, 
85, 491877, 39.0218, -13.6159, -15.2502, 0.00612169, -0.00145413, -0.0017883, 
86, 194807, -1.63937, 1.94115, -0.516148, -0.00145909, -0.000923133, 0.00119262, 
87, 8649.23, 14.9918, 9.36802, 5.9634, -0.00056683, 0.00248959, -0.000848189, 
88, 138901, -3.52565, -8.55087, 11.7363, -0.00253497, 6.00473e-05, -0.00172787, 
89, 50202.9, 8.80265, -6.46835, 2.34638, -0.00118284, -0.000458981, -0.00293573, 
90, 98321.9, 3.39165, 8.30756, -5.83982, 0.00173239, 0.00456676, -0.00462133, 
91, 384069, 0.0109066, 2.67878, 2.47862, 0.00185129, -0.00127665, 0.00688399, 
92, 81279.9, -10.3338, -12.8241, -1.26927, -0.00088289, 0.00112934, -0.00151513, 
93, 91375.2, -1.91645, 2.2385, 2.4193, 0.00388484, 0.00240359, -0.00443517, 
94, 5476.7, -11.9799, -18.3214, 7.94575, -0.000359758, -0.00207008, 0.000931612, 
95, 33452.5, 1.37225, -2.62028, 0.956816, -0.00529067, -0.0076137, -0.00253001, 
96, 25752.1, -33.4697, -10.1608, -9.54453, -0.00650664, -0.00252118, -0.00222264, 
97, 200797, -1.29005, 1.0044, 4.28288, -0.000509042, -0.00558666, 0.00133252, 
98, 298981, 4.37815, 3.74056, -3.05582, 0.00026322, -0.00233887, 1.62661e-06, 
99, 93146, -7.60552, 4.04207, -0.479926, -0.00234118, 0.00407001, -0.00131952, 
100, 8612.85, -16.6095, 11.7457, -17.2064, -0.000253462, 0.000689405, -0.000967787, 
101, 24343.5, -2.76327, 9.89228, 2.48364, 0.000978429, -0.00535987, -0.00268075, 
102, 10296.7, -6.79842, 16.5454, -9.35726, 0.000401294, -0.00117617, 0.00163113, 
103, 15719.8, -9.19816, -2.50398, 19.6875, 0.000381217, 0.00173752, -0.000638366, 
104, 230040, 2.09382, -4.9104, 4.42959, 0.00242318, -0.00079001, 0.00458096, 
105, 17846.1, 7.45623, -0.574317, -0.489684, 0.00467832, 0.00571652, -0.00306289, 
106, 22216.6, -6.51009, -4.39527, 0.599307, -0.00663275, -0.00240718, 0.00165365, 
107, 98486.7, 0.743839, 15.5676, 16.4439, 0.000702396, 0.00151233, -0.00149794, 
108, 214214, -40.7601, -0.0746056, -32.4923, -0.00669744, 7.94519e-05, -0.00551739, 
109, 131614, 0.418545, 2.2091, 5.47746, 0.00338511, 0.00134506, -0.00080391, 
110, 160023, -3.17604, -1.50673, 2.57674, -2.44326e-05, 0.00352171, 0.00313625, 
111, 115735, -2.66564, 7.10788, -1.94121, 0.000708291, -0.000248171, 0.00191727, 
112, 378585, 23.0922, 6.82589, -32.6606, 0.00306876, 0.00197731, -0.00444111, 
113, 83295.8, -26.5828, 6.77065, -3.36603, -0.00130293, 0.00140868, 0.000522535, 
114, 148827, 9.79976, 3.94408, 1.72763, 0.00479951, -0.000270396, 0.000928001, 
115, 285284, -2.81644, -25.044, 39.8224, -6.12798e-05, -0.00426659, 0.00591439, 
116, 515864, -0.622724, 2.9897, 3.87633, 0.000500916, 0.000175986, -0.00196331, 
117, 88363.5, 6.03706, -10.5297, 19.4842, -0.000747328, -0.00195308, 0.000511244, 
118, 155064, 18.6312, 11.0681, 3.46926, 0.00220784, 0.00290849, -0.00251346, 
119, 18098.3, -4.95956, 2.93985, -0.798181, -0.00239362, 0.00504328, 8.2332e-05, 
120, 34391.6, 41.3825, -19.5027, -9.74824, 0.00658856, -0.00211084, -0.000156419, 
121, 78154, 4.08154, 8.95763, -0.425271, -0.00038872, 0.00457911, -0.0026482, 
122, 10497, -2.7473, -0.221488, 2.90505, 0.00414427, -0.00575559, -0.00184603, 
123, 59058.1, -4.01853, 19.6958, 5.67279, 0.000797134, -0.000310024, 0.00124718, 
124, 5646.35, -6.66159, -2.70206, -2.08485, -0.0015695, 0.00433983, -0.000773099, 
125, 103346, -3.47928, 1.29009, -1.51871, -0.00287511, 0.001454, 0.000956736, 
126, 64702.5, -48.9086, 0.323468, 15.7814, -0.00744738, 7.08368e-05, 0.0031828, 
127, 199056, -1.59152, -0.692155, 5.71856, 0.00259347, -0.00159843, 0.00194853, 
128, 192649, -1.1112, 3.92417, -2.8069, 0.00280927, 0.00378686, -0.000297247, 
129, 1707.71, -0.802767, 2.63579, 7.50947, 2.70613e-05, -0.00508779, 0.00532174, 
130, 19869.9, -2.95027, 3.11054, 3.34527, 0.00150407, 4.44072e-05, -0.00210743, 
131, 143979, 1.48545, 1.39414, -0.0156715, -0.0041534, -0.00109598, 0.0051603, 
132, 37850.6, -56.1204, 28.032, -15.4142, -0.00978497, 0.00442012, -0.00232101, 
133, 50031.5, 0.185843, 1.32536, 2.43377, 0.00237306, -0.00200954, -0.00359079, 
134, 369068, -21.1104, 2.00093, -8.90285, 0.0006739, 0.000362106, -8.49568e-05, 
135, 3806.98, -1.02661, -17.2573, 0.132894, -0.000931657, 0.000233263, -0.000727992, 
136, 64591.7, 8.39111, -9.42106, -2.97941, -0.00107028, -0.000539406, 0.0038285, 
137, 1688.15, -6.27634, -17.3515, 7.72861, 0.00212998, -0.00294022, 0.0014836, 
138, 439943, 2.48843, 5.85845, 2.92339, -0.00188459, 0.00513647, -0.00302537, 
139, 72054.1, -3.38643, 3.7118, 4.45158, -0.00345427, -0.00665099, 0.00305262, 
140, 10511.3, -3.88999, -16.9013, 24.5705, -0.000350097, -0.00234381, 0.00178355, 
141, 28560.6, 4.73075, -2.007, -0.162865, -0.00112996, -0.00745701, -0.000815736, 
142, 92270.6, 4.18775, 0.201153, 1.80161, 0.00334134, -0.00660252, -5.71143e-05, 
143, 57507.6, -39.4851, 12.5376, 24.2249, -0.00571907, 0.00192768, 0.0035403, 
144, 106955, -6.36008, -3.75881, 17.3042, 0.00173176, 0.000356397, -0.00107103, 
145, 53021.1, -1.31784, -3.49043, -1.31913, 0.00206758, -0.00199341, 0.00148393, 
146, 127593, -4.61655, 4.0943, -0.95535, -0.00649961, -0.00365567, 0.00113025, 
147, 31386.3, -0.443302, 2.66627, 3.10605, 0.00408883, -0.0059068, 0.00323005, 
148, 89613.6, -4.83268, 13.2165, -16.8066, 0.00201075, -0.00165503, -0.00205068, 
149, 251415, 13.3006, -2.40034, 20.2427, 0.000548322, -9.02341e-05, -0.000678579, 
150, 55890.6, -0.757162, -12.426, 0.664305, 0.004932, -0.00165045, 0.000383987, 
151, 174949, 2.24027, 4.87298, 1.93173, -0.00295431, 0.00423373, 0.00344139, 
152, 66072.8, 10.1774, -8.65075, 11.9265, -0.00109205, 0.00143192, 0.000694209, 
153, 19075.8, -2.33885, -4.5833, 10.5691, -0.00213233, -0.00198768, 0.00568723, 
154, 47261.5, 5.86579, 2.74599, 3.60108, 0.00552542, 0.00480906, -0.00233993, 
155, 102102, -4.77252, 1.32784, 0.824193, -0.00212193, -0.000780204, 0.000872495, 
156, 5375.03, -3.6854, 1.39039, -0.0873674, -0.00784536, -0.00334298, 0.00412223, 
157, 3761.7, 5.12254, -3.37171, -1.39143, -0.00399639, -0.000546442, 0.00538125, 
158, 7652.65, 2.81327, 4.77646, 10.6073, 0.000226511, -0.00282995, -0.00250111, 
159, 47070.1, -3.53046, 0.660068, 4.58425, -0.00365166, -0.00380178, -0.0019992, 
160, 17972.9, 3.89277, 1.12646, 3.77091, -0.00197762, 0.00018133, -0.00261046, 
161, 218629, -1.90399, -6.79418, 5.30742, -0.000196161, 0.0051528, -0.00274895, 
162, 138887, 1.28336, -2.74837, 1.88635, 0.000330444, -0.00154791, 0.00484121, 
163, 33277.3, 12.0755, -11.2135, 0.231462, -0.000155306, -0.00178173, 0.00338494, 
164, 167891, 2.88274, 2.43841, 3.60449, 0.000518664, -0.00137942, 0.00546079, 
165, 62570.5, -3.15173, -46.3779, -11.1369, 0.000213306, -0.00710029, -0.00180442, 
166, 38130.4, 9.20141, 41.22, 22.6671, 0.00213306, 0.00548059, 0.00278873, 
167, 22403.8, 6.67126, -17.6247, 35.5224, 0.00144207, -0.00287962, 0.00391123, 
168, 1479.59, 22.677, 13.3419, -34.4417, 0.00387198, 0.00262823, -0.00497454, 
169, 20399.9, 1.49951, -28.12, 37.2104, 0.000137433, -0.00530537, 0.00485467, 
170, 115854, -2.67651, -0.54272, 3.57217, 0.00535328, -0.000642536, -0.00215407, 
171, 27762.9, -2.27712, 3.14356, 1.47728, 0.00274256, 0.00665382, -0.000637175, 
172, 250928, 6.37906, 3.35892, -7.25273, 0.000283175, -0.000517351, -0.00178674, 
173, 74469.2, -36.033, 21.6252, -10.3086, -0.00511872, 0.00488103, -0.00172603, 
174, 143481, -45.0383, 31.1075, -20.4965, -0.00712991, 0.00516542, -0.00375459, 
175, 27145.1, -3.86231, 0.18782, 0.843143, -0.000819125, 0.00013315, 0.00436788, 
176, 32620.6, 9.84986, 3.63543, 7.94825, -0.000408043, -0.00242842, -0.00213372, 
177, 52575.7, 0.200877, -27.71, 48.2949, -4.34393e-05, -0.00483587, 0.00844331, 
178, 19746.4, -2.07556, -1.64986, 2.81854, 0.00481048, 0.00614456, -0.00506101, 
179, 33623.1, -20.7419, 4.54034, -4.11691, -8.62165e-05, 0.00107601, 0.00176882, 
180, 50349.8, -40.1673, -26.4035, -21.0569, -0.00591086, -0.0039511, -0.00301059, 
181, 89376.8, -9.22564, 4.25742, -1.0985, 0.00519604, 0.00107163, 0.0032624, 
182, 42160.2, 1.63863, -0.647691, 45.4051, 1.63201e-05, -6.04692e-05, 0.00719997, 
183, 100544, -23.3192, -14.0758, -0.705464, -0.00137087, -0.00185012, 0.00119559, 
184, 1446.88, 3.61979, 3.65264, -3.61907, -0.00264799, 0.0014599, -0.00417905, 
185, 119694, 2.55106, -3.34756, 2.88923, -0.00209369, -0.00652519, 0.00311085, 
186, 120999, 4.29226, -3.39523, 4.78479, 0.00610137, -0.00022358, 0.00103177, 
187, 52698.3, -5.99664, -2.60924, -0.274698, -0.00620536, -0.000643816, 0.00126623, 
188, 105467, 8.96729, -4.75773, 0.931349, -0.00198736, 0.00142759, 0.00347455, 
189, 99748.4, -5.27862, -30.4956, 16.8403, -0.00101255, -0.00380392, 0.00184517, 
190, 77133, -2.22991, 0.392241, 4.08893, 0.0013902, 0.000173268, 0.00729599, 
191, 178804, 1.10013, -6.58298, 0.460343, 0.00329044, -0.00211889, 0.00305043, 
192, 8685.6, 0.143852, 2.5232, -1.24288, -0.00221941, -0.00124179, -0.00736292, 
193, 256954, 11.9796, 8.96269, 22.2014, 0.00317603, -0.00105956, 0.00299072, 
194, 53540.6, 9.53351, -2.19823, 6.39958, -0.00175703, 0.00259849, 0.000302148, 
195, 220652, -2.30093, 3.44813, 6.27666, -0.00351824, -0.00136729, -0.00131856, 
196, 10258.1, 1.60355, 5.13259, 0.207888, -0.00801578, 0.00363948, -0.00292763, 
197, 6083.3, -17.6313, -10.9316, 19.2188, -0.00221171, -1.81797e-05, 0.000864831, 
198, 127562, 9.45516, 14.2975, -4.18437, -0.000172395, -0.00140414, 0.000890947, 
199, 34766.2, -8.65622, -0.243152, -6.48288, 0.00452453, 0.000509718, 0.00102371, 
