ID, Mass [kg], pos_0 [m], pos_1 [m], pos_2 [m], vel_0 [m/s], vel_1 [m/s], vel_2 [m/s], 
0, 4982.76, 2.09021, 6.29937, -5.79639, 0.000892475, 0.00443212, -0.00603058, 
1, 84564.5, -10.6387, -5.89235, -14.8435, -0.00373278, -0.000500745, -0.00677895, 
2, 143976, 1.10034, 6.23751, -6.41634, 0.00570556, 0.00113434, -0.000532735, 
3, 12096.4, -0.181739, 4.77868, -4.31319, -0.00167797, 0.00973202, -0.00552739, 
4, 108584, 3.69297, -29.105, 28.8018, -0.000455131, -0.00563013, 0.00559958, 
5, 224267, 2.98581, 0.349539, 0.573245, -0.000481324, -0.00321751, 0.00447487, 
6, 6023.5, 0.0442498, 3.56679, -4.46021, -0.00571125, -0.00636373, -0.0102267, 
7, 12734.1, 6.50226, -9.75674, -1.87651, 0.000471887, 0.00264549, -0.000555408, 
8, 29188.7, 0.328644, 7.03138, -5.29389, -0.00849412, -0.0023346, -0.00439058, 
9, 37892.9, -4.48301, 8.85049, 3.29004, 0.00080675, -0.00249112, -0.00436314, 
10, 282.759, 12.7271, -12.3306, 18.8579, 0.00374743, -0.00417754, 0.00489643, 
11, 75028.9, -9.42679, -40.0015, 22.6021, -0.00197949, -0.00796285, 0.00628093, 
12, 29068.2, 4.74098, 9.314, 14.404, -0.00149063, 0.00195214, -0.00143923, 
13, 142762, 0.896921, 8.17829, -1.58386, 0.00322806, -0.00416666, 0.00540756, 
14, 289648, 2.34658, 9.01617, -3.14688, 0.00454105, -0.00636668, 0.00159965, 
15, 17335.1, -22.2096, 7.3653, 33.3937, -0.00498545, 0.00139088, 0.00568619, 
16, 37341.1, 26.6362, -15.754, -18.3562, 0.00699013, -0.00298919, -0.00541422, 
17, 206687, 0.453192, 4.01618, -6.97091, 0.0028453, 0.00320213, 0.00569074, 
18, 253630, -0.572978, 9.09773, -1.57555, 0.00263382, -0.00257744, 0.00856901, 
19, 40480.6, -2.54805, 7.6846, -1.40208, 3.18514e-05, 0.00150637, 0.00261192, 
20, 176293, 2.28961, 18.4193, -30.6868, -0.000988463, 0.00342046, -0.00398134, 
21, 17357.4, -13.9723, 9.23274, 9.81885, -0.00147528, 0.000229976, -4.20542e-05, 
22, 241662, -1.00412, 4.02022, -6.23322, 3.14392e-05, -0.00419732, -0.00377198, 
23, 144304, 2.13297, 7.59129, 8.04364, -0.00492818, -0.00101584, 0.000508392, 
24, 449735, 0.670416, 3.85578, -2.16562, 0.00354638, 0.00556604, -0.00179221, 
25, 31022.8, -2.72089, -15.5915, 17.3265, -0.00107926, -0.0012986, 0.000961321, 
26, 277840, 5.72607, -2.18192, 6.07215, -0.00218051, -0.00307677, -0.00163675, 
27, 22179, -5.30738, -0.305897, -24.6126, 0.00108745, 0.00256672, -0.00169867, 
28, 7726.87, 25.6643, -8.65668, -33.1418, 0.0054852, -0.000855105, -0.00817865, 
29, 88891.4, 5.52315, -3.13525, -1.89623, -0.00676862, 0.00246442, 0.000665126, 
30, 193310, 19.6112, 17.0401, -26.461, 0.00160189, 0.00303604, -0.00462676, 
31, 53721.6, -25.9723, -35.3443, 21.5901, -0.00841834, -0.00747046, 0.00414256, 
32, 149583, -0.635054, 4.03576, -6.08768, -0.000391841, -0.00246799, -0.00399049, 
33, 188997, 1.9375, 2.44732, -2.88285, -0.00779096, 0.00387929, -0.00763507, 
34, 147623, -5.68991, -0.710017, -1.60354, 0.00201589, -0.00224388, 0.00148943, 
35, 35433.4, -1.6681, -12.1985, 33.8038, -0.000107987, -0.00125541, 0.00693262, 
36, 379972, 0.997085, -0.859051, 3.37929, -0.00239273, -0.00215252, -0.00412755, 
37, 174579, 8.24143, -15.5504, 23.8657, 0.00172783, -0.0037579, 0.00694066, 
38, 31779.4, -9.67815, 18.0175, 4.19895, -0.000556375, 0.00291819, -0.00245076, 
39, 17933.7, 10.6054, -14.6158, 7.3105, 0.00338534, -0.000578133, 0.00125545, 
40, 9826.32, -6.44692, 14.4882, -25.3305, 0.00143508, 0.000641868, -0.00388464, 
41, 92983.9, 10.9258, 12.7458, -36.006, 0.00153082, 0.00289768, -0.00817918, 
42, 36951.3, -17.2673, 10.2256, -20.84, -0.00245438, 0.000990133, -0.00264509, 
43, 6279.37, -3.43571, 7.82089, -1.46229, -0.00423602, -0.000792681, -0.0011285, 
44, 18926.2, 6.12709, -0.813921, -3.84663, -0.00492817, 0.000895915, 0.00520605, 
45, 13388.8, 4.30102, 6.54875, 24.6119, -0.00066246, 0.00177215, 0.00206486, 
46, 57039.7, 6.94817, -1.00994, 3.8786, 0.00165214, -0.00163279, -0.00442759, 
47, 165793, 4.2296, 8.82702, -1.63359, 0.00170855, -0.00267374, 0.00232757, 
48, 95584.4, 3.17893, -9.33606, 9.95755, 0.00106299, 0.000779501, 0.000829184, 
49, 49905.3, 0.453145, 7.15968, -3.98404, -0.00475582, 0.00646042, -0.0043379, 
50, 72486.3, 1.40678, 9.59665, -0.310212, 0.0020309, 0.00325744, 0.00128929, 
51, 332159, 6.47851, -0.852944, -0.985789, -0.00525236, 0.00442044, 0.00198455, 
52, 12900.8, -0.442996, 2.72571, -6.08343, 0.0062707, 0.00302605, 0.00592087, 
53, 159525, 2.23121, 3.39459, -6.44232, -0.00128145, -0.000899466, -0.00192227, 
54, 73837.4, 8.34705, 0.871256, -2.47524, -0.000723034, 0.00396486, -0.00435282, 
55, 125355, -2.51674, 0.767284, -7.85632, 0.000243885, 0.0036204, -0.00574465, 
56, 28797.6, -0.477115, -7.31963, 13.6764, 0.00187205, 0.000975265, 0.00241017, 
57, 91269.6, 1.03352, 1.06557, -6.67744, 0.00108445, -0.00104585, 0.00689179, 
58, 5483.02, 21.1075, 4.05701, 35.2142, 0.00430333, 0.00162457, 0.00815095, 
59, 142050, -2.02829, -1.02668, -5.84701, -0.00102044, 0.00244325, 0.000882346, 
60, 184526, 2.18946, -2.78698, -9.19264, 0.000467335, -0.0010638, 0.00413845, 
61, 58050.4, 2.74215, 9.43745, -3.86698, -0.00253453, 0.00403741, -0.00370003, 
62, 96236, -13.4198, -25.2656, 15.3128, -0.00276481, -0.00428936, 0.00232016, 
63, 23636.2, 13.128, -12.1031, -3.33588, 0.00086216, -0.00310748, 0.000934156, 
64, 29280.4, -0.0124985, 3.98331, 0.581679, 0.00119909, -0.00228009, -0.0035772, 
65, 161524, -14.9584, -16.2786, 5.50428, -0.00229885, -0.00159937, -0.000726519, 
66, 67938.3, -12.2779, 5.14132, -9.48588, 0.000791732, -0.000991109, 0.00142677, 
67, 267084, 3.80559, 2.30521, -1.43468, -0.000187236, -0.000259586, 0.000312675, 
68, 69388.9, 30.2639, -16.5537, 11.9746, 0.00804101, -0.0026552, 0.00218928, 
69, 47165.6, 7.20017, 18.2537, -37.3716, 0.000582306, 0.00344666, -0.00602669, 
70, 201127, -0.222278, 3.56186, -14.312, 0.00441367, -0.00353618, 0.00128004, 
71, 105689, 21.5017, 18.5784, 25.7478, 0.00579811, 0.00330011, 0.00436912, 
72, 14582, -2.32141, -5.50303, -3.22825, 0.00332839, 0.00222658, -0.0011776, 
73, 76931.6, -15.326, -16.0674, 4.39658, -0.00163888, -4.75737e-05, -0.000654398, 
74, 237815, -0.403651, 0.73341, -7.9668, -0.00170592, -0.00298956, 0.000328538, 
75, 105565, 31.264, -9.10464, -39.0871, 0.00767394, -0.000403055, -0.0101435, 
76, 170875, 2.12917, 2.64229, -9.73332, 0.00189401, 0.00682515, 0.00551994, 
77, 17853.6, 3.01563, 9.07812, 10.5226, -0.00114688, -0.000647299, 0.000872285, 
78, 24497.1, 5.47949, 3.24934, 0.397114, 0.00430258, -0.0039449, 0.00462487, 
79, 101855, -5.20843, -18.2123, 22.0423, 0.000115923, -0.00418601, 0.00253014, 
80, 95013.6, -0.383453, 1.90736, -2.45632, 0.00300373, 0.00130716, 0.00136594, 
81, 141297, 13.3078, -12.7774, 23.0508, 0.00366589, -0.00387488, 0.00697011, 
82, 151080, 1.71376, 5.93325, -2.18716, -0.00585146, 0.00229354, -0.00296508, 
83, 260791, 1.10715, 5.86559, -3.26052, -0.00237229, -0.00553334, -0.00387251, 
84, 100223, 1.65298, -1.40735, 4.80424, -0.00310041, 0.00427415, -0.00255166, 
85, 7966.28, 0.118793, 0.167688, -7.94715, 0.00562252, -0.0040618, -0.00233713, 
86, 58175.3, -18.5058, -19.9311, 20.1361, -0.00354104, -0.00345856, 0.00327051, 
87, 628317, 0.112416, 6.548, -2.66121, -0.00128533, -0.00231059, -0.00444977, 
88, 82285.2, -20.352, -29.4369, 21.7053, -0.00289088, -0.00457099, 0.00635277, 
89, 161291, -1.07822, 0.5175, -7.31679, 0.00670252, 4.69209e-05, 0.00468229, 
90, 79687.2, 0.220334, 6.63413, 3.27671, -0.00459054, -0.00216283, -0.00271861, 
91, 310528, -4.61716, -32.3688, 23.995, -0.000285821, -0.00502942, 0.00487529, 
92, 30795.2, 1.1428, 2.83462, -6.4369, -0.00283221, 0.00038892, -0.0128519, 
93, 519908, -1.57442, 3.00538, 2.66537, 0.00478907, -0.000801039, -0.00400569, 
94, 101104, -4.15059, 5.11609, -6.93496, -0.0025536, -0.00186319, -0.00850777, 
95, 23620.3, -3.778, -1.02808, -9.74559, -0.00102239, 0.00200156, 0.00128189, 
96, 8104.4, 0.476583, 1.50859, -6.5861, 0.00236082, -0.00260864, 0.00553848, 
97, 234265, 2.29867, 4.00415, -5.75667, -0.00122283, -0.00184375, 0.0062328, 
98, 3741.53, 0.0841509, 13.0645, 26.182, -0.000238575, 0.00439336, 0.00225491, 
99, 5528.05, -3.82065, 8.61089, -6.79441, 2.77568e-05, -0.0069844, 0.00026869, 
100, 6655.21, -3.13328, 1.5561, -4.99212, 0.0015119, 0.0076451, 0.00513478, 
101, 74442.9, 7.51993, -30.4726, 20.5985, 0.00346374, -0.00625996, 0.00574921, 
102, 271819, -17.3075, 9.00929, -29.9059, -0.00230415, 0.0034357, -0.00429924, 
103, 173429, -2.5251, -13.9034, 17.5627, -0.0020241, -0.000366646, 0.00335869, 
104, 132164, -18.3182, -5.66356, 0.890252, -0.000941077, -0.00155868, 0.0013894, 
105, 293403, -3.68548, 1.21937, -2.54197, -0.00114006, -0.00238062, 0.00176237, 
106, 91810.3, -2.28106, 5.8717, -4.33673, -0.00400736, 0.00545265, 0.0035637, 
107, 203740, -3.01279, 3.38682, -6.80194, 0.00404856, 0.00371932, 0.0025882, 
108, 124900, 3.30245, -1.56496, 5.58733, 0.00360643, 0.00265079, -0.00517909, 
109, 153482, -2.6445, 5.84364, -9.01624, -0.00299349, 0.000431473, -0.00403808, 
110, 95805.7, 0.207185, 1.85871, -6.96636, -0.00250431, -0.00630469, -0.00928735, 
111, 47735.2, 4.47903, 9.67024, 17.4738, -0.000374407, 0.00042746, 0.000148767, 
112, 24494.2, 1.94872, -1.33096, -8.09728, 0.00170932, 0.00208342, 0.00619182, 
113, 39205.1, 3.94506, -24.6573, 14.4628, 0.00110221, -0.00285026, 0.00221772, 
114, 24723, -16.6927, -48.1991, 18.5775, -0.0037988, -0.0128556, 0.00474965, 
115, 15671.3, 10.3002, 29.409, 22.7983, 0.00219038, 0.00787313, 0.00595676, 
116, 320473, -15.2376, -23.9941, 11.8345, -0.00225814, -0.0043451, 0.00206505, 
117, 54072.2, -11.6675, -21.7182, 16.4863, -0.00168573, -0.00300651, 0.00247566, 
118, 20992.2, 4.07727, 27.1793, 41.5001, -0.000110475, 0.00635478, 0.00830586, 
119, 68943.4, -3.33312, -32.1201, 30.4334, 0.00109425, -0.00633865, 0.00736571, 
120, 176775, -3.19278, 0.756702, -10.3859, 0.00421786, -0.0022332, 0.00297253, 
121, 28501.8, 0.00966074, 5.49919, -3.00813, -0.00420092, 0.00624525, -0.00377816, 
122, 93263.7, 4.32443, 13.0636, -18.5222, 0.00305943, 0.00323859, 0.000834542, 
123, 54631.4, 29.7773, 0.849904, -25.534, 0.00569924, 0.00152518, -0.00544284, 
124, 28486.7, -0.225896, 5.99628, -4.90341, 0.00363384, 0.0108889, -0.00718431, 
125, 45940.3, -4.93896, -0.168086, -37.1303, -0.00151635, 0.00244661, -0.00583755, 
126, 58147.3, -1.65221, 2.88017, -4.53493, 0.000703123, 0.00479131, -0.00718729, 
127, 314510, 5.49039, 24.7838, 27.3852, 0.00188503, 0.004413, 0.00436549, 
128, 66689.7, -6.20043, -2.45074, -5.26008, 0.00376982, 0.00400423, -0.00128336, 
129, 293196, 16.8274, -10.3508, -33.8297, 0.00285472, -0.00094161, -0.00754501, 
130, 58957.4, -3.06526, 7.00772, -2.36198, 0.00315864, 0.00619102, -0.000449839, 
131, 26864.5, 22.9288, -12.0392, -32.3884, 0.00363661, -0.00198006, -0.00703601, 
132, 14537.9, 15.9237, 8.41129, -31.6274, 0.00112263, 0.00261082, -0.00525765, 
133, 59690.8, -1.02308, 5.33682, -6.97406, 0.00448467, -0.00933032, -0.00382459, 
134, 71873.2, -10.3424, -7.90384, -7.98426, 0.0012906, 0.00147193, -0.00251386, 
135, 9549.31, 1.97772, 6.64325, -2.8851, 0.00320843, -0.00106692, 0.00521266, 
136, 48774.7, -7.77373, -33.361, 20.8753, -0.000246376, -0.00500671, 0.00632246, 
137, 177196, -10.1602, -8.24664, 4.87586, -0.00158215, 0.000974174, -0.00171966, 
138, 29597.5, 5.40201, 3.17375, -5.67346, 0.0028679, 0.00126841, -0.00412707, 
139, 32591.9, -16.4951, -17.9866, 15.2059, -0.00224613, -0.00348579, 0.00206364, 
140, 153581, -15.1141, -19.3226, 15.0485, -0.00318297, -0.000910956, 0.00265432, 
141, 131949, -3.11942, 0.00426935, -4.48594, 0.00297593, 0.00434801, -0.0012009, 
142, 20789.6, 4.37604, 1.23929, -2.90751, 0.00575651, 0.00662986, -0.0028994, 
143, 36049, -18.3479, -19.9201, 20.0785, -0.00380777, -0.00086407, 0.00348581, 
144, 177733, -1.82169, 5.13058, -5.99085, -0.00789815, 0.00446146, -0.00332731, 
145, 143909, -9.62535, 25.4167, 22.2787, -0.00120763, 0.00673336, 0.00501037, 
146, 76057.7, -1.19802, 7.78789, -4.53115, 0.00141679, 0.00378047, -0.00704205, 
147, 21460.3, 2.01001, 4.02692, -0.229548, -0.00496549, -0.00239383, 0.00226004, 
148, 28241, 14.8407, -1.94566, 5.30164, 0.0012209, -0.00285323, 0.00365608, 
149, 77611.6, 1.79305, 6.26966, -7.26694, 0.00379113, 0.00635355, 0.0025803, 
150, 42249.4, 0.358301, 4.21348, -7.06962, 0.00430766, -0.00837428, 0.00253906, 
151, 30574.3, 1.02454, 2.93489, -4.55385, -0.00290564, -0.00362242, -0.0118051, 
152, 45197.8, -3.28608, -24.7944, 26.844, 0.000411441, -0.00223842, 0.00674485, 
153, 71843.5, 0.653587, 9.73972, -11.4253, 0.0055932, 0.00237603, 0.000920929, 
154, 71612.1, -13.2816, -16.1432, 2.09266, -0.00135418, -0.00116364, -0.000440751, 
155, 53086.9, 1.76344, 0.778069, -2.25559, -0.00778175, 0.00577045, -0.00675892, 
156, 50912.6, 0.508394, 7.52805, -4.14478, -0.000923984, 0.00876466, -0.00250935, 
157, 422843, -0.00392036, 5.26344, -5.99284, -0.000152293, 0.00559893, -0.00546735, 
158, 35700.8, -21.755, 23.0422, 24.6881, -0.00383137, 0.00551712, 0.00522747, 
159, 46045.4, 0.385039, 8.53208, -5.2989, 0.00764317, 0.00402551, -0.00142631, 
160, 152279, 19.3433, -1.18623, -22.079, 0.00223835, 0.000870433, -0.00353303, 
161, 142259, -8.29377, 3.556, 0.394246, 0.0022307, -0.0050119, 0.00021852, 
162, 22811, -10.0926, -21.5342, 17.4104, -0.000691697, -0.00168173, 0.0028923, 
163, 44215.6, -9.67836, -12.6174, 30.3014, -0.00069584, -0.0020508, 0.00631925, 
164, 78004.8, -11.2452, 5.28216, 2.45089, 0.00342085, 7.65977e-06, 0.000761702, 
165, 116840, 23.7724, -11.8541, 19.9687, 0.00422529, -0.00104457, 0.00347901, 
166, 26576.3, -2.64979, -35.0484, 31.9588, 0.00180437, -0.0072721, 0.00869344, 
167, 178987, 3.83308, 2.12133, 0.902396, -0.00121742, -8.97994e-05, -0.00105171, 
168, 105332, 4.54578, -17.9266, 11.2735, 0.00145314, -0.00152448, -0.000789312, 
169, 17416.3, -0.445746, -2.59527, -4.16216, 0.00384982, -0.00298356, 0.000602501, 
170, 188196, -14.6266, -38.127, 28.227, -0.00283868, -0.00827468, 0.00794202, 
171, 154087, -0.98293, 6.57962, -1.91823, -0.00590742, -0.00033226, 0.0016053, 
172, 221417, -4.5795, 3.03299, 0.639674, 0.00137829, 0.00560687, -0.00243492, 
173, 30581.6, 1.17247, 2.50843, 1.19246, -0.00205916, -0.00722154, -0.00289416, 
174, 257561, 1.04047, 4.43118, -3.69682, 0.00792712, 0.00592154, -0.00052992, 
175, 25785, -3.31946, -37.6649, 15.3477, -0.000311843, -0.00856996, 0.00441869, 
176, 48638.1, 12.5233, 11.3842, 22.5418, 0.00190448, 0.00105156, 0.00212975, 
177, 10067.2, -16.1308, 5.20451, 5.82249, 0.000535986, 0.000184411, 0.000669047, 
178, 44588.6, -24.561, -37.3135, 24.8676, -0.00768961, -0.00852427, 0.00556523, 
179, 92749.3, -3.30259, 6.69855, -2.04098, 0.000352291, 0.003967, -0.00385478, 
180, 92871.7, 3.39564, 1.69645, -20.4668, 0.00279534, -0.000816804, -5.0575e-05, 
181, 247270, -0.424936, -19.3061, 7.79936, -2.20227e-05, -0.00243008, 0.000514595, 
182, 486916, -0.275916, 5.89017, -2.42705, -0.00186171, 0.00363016, -0.00108413, 
183, 368942, -1.90368, -17.6408, 13.0641, 0.000358478, -0.00110959, 0.000332726, 
184, 177502, -22.7964, 14.4511, -12.4234, -0.00393259, 0.00171382, -0.00111672, 
185, 207343, 0.108222, 2.57231, -7.00127, 0.00203778, 0.00588768, 0.00362426, 
186, 187409, 0.769108, 3.96689, 1.0877, 0.00124073, -0.00189542, 0.00826963, 
187, 2227.5, -13.305, -30.1216, 16.0392, -0.00178301, -0.00439981, 0.00327665, 
188, 123729, 1.01489, 2.01252, -1.68009, -0.00542135, 0.00563725, -0.00849108, 
189, 104967, 0.623702, 4.41042, -8.82775, 0.00200053, 0.00674021, -0.00298409, 
190, 66861.3, 22.5605, 32.1474, 18.0826, 0.00527523, 0.00616814, 0.003077, 
191, 273746, 6.995, 0.625997, -0.514742, -0.00232613, 0.00332467, 0.00356575, 
192, 237580, -0.589384, 2.1644, -0.658734, 0.0013966, -0.00665566, 0.00289491, 
193, 172963, -10.8867, -38.0391, 21.2626, -0.000969666, -0.00749728, 0.00563166, 
194, 93590.7, 0.743045, 1.85851, -3.11616, -0.000761654, 0.008826, -0.00556838, 
195, 163125, -10.6343, -23.9407, 15.166, -0.00015569, -0.00310287, 0.00228047, 
196, 160121, -15.0093, -13.9845, 20.1066, -0.00301829, -0.00140212, 0.0023511, 
197, 122511, 3.67615, 6.17102, -5.87836, -0.00195773, -0.00480678, -0.00369782, 
198, 16991.2, -26.0418, 19.9581, 15.231, -0.00639971, 0.00603101, 0.00395815, 
199, 27557.8, -12.592, 12.4704, 2.44175, -0.00111526, 0.000989211, -0.00241391, 
