ID, Mass [kg], pos_0 [m], pos_1 [m], pos_2 [m], vel_0 [m/s], vel_1 [m/s], vel_2 [m/s], 
0, 109623, 33.1921, 85.7116, 33.9553, 2.7989e-06, -1.28022e-05, 7.72568e-06, 
1, 11754, -80.3572, -83.9452, -163.049, 1.5306e-05, 8.44484e-06, 2.11724e-05, 
2, 181331, 156.263, 73.3259, 116.763, -2.58498e-05, -4.10231e-06, -1.59034e-05, 
3, 82106, 136.501, 36.9182, -12.6, -2.39251e-05, -3.78484e-06, 1.16638e-06, 
4, 51791.4, -197.403, 106.951, -32.1482, 1.19759e-05, -2.93384e-05, -5.64317e-05, 
5, 29317.9, 66.1944, 51.1519, -92.8594, -1.26007e-05, -9.28126e-06, 8.47683e-06, 
6, 60314.3, 41.3972, -125.663, -175.26, -4.71611e-06, 1.04363e-05, 2.42466e-05, 
7, 23395.4, -81.8105, 198.768, -116.862, 5.82871e-06, -2.73105e-05, 5.40993e-06, 
8, 49579.7, -32.8875, 49.5322, 83.8988, 2.90334e-06, -1.20307e-05, -7.78918e-06, 
9, 205733, -13.7051, -25.1955, -168.02, 8.96194e-06, 3.0828e-06, 2.66123e-05, 
10, 313749, 107.199, -135.257, 137.196, -1.57581e-05, 1.47815e-05, -2.40671e-05, 
11, 66035.7, -1.20424, 31.8787, 1.2499, 6.06926e-06, -1.05604e-05, -8.40225e-07, 
12, 97560.2, -70.5726, 18.5979, 117.719, 2.28501e-05, 1.16874e-05, -5.04221e-05, 
13, 440920, -69.0682, 42.8126, -133.027, 1.93728e-05, -4.05367e-06, 2.2462e-05, 
14, 12903.1, 93.2668, 91.991, -165.476, -1.32398e-05, -1.15556e-05, 2.30494e-05, 
15, 33481.4, 35.4976, 26.9162, -40.463, -7.55781e-06, -2.31709e-06, 2.13382e-06, 
16, 103492, -4.26821, 131.051, 26.585, 6.96735e-06, -1.35076e-05, -9.5214e-06, 
17, 6887.22, -22.3784, 151.399, 91.6857, 3.86684e-07, -2.28317e-05, -1.08206e-05, 
18, 62117.2, 31.4996, -6.18609, 128.499, 2.43544e-06, 1.95185e-06, -2.92024e-05, 
19, 152356, 89.6155, -73.5394, -30.573, -4.91258e-06, 4.33293e-06, -2.00523e-06, 
20, 27978.3, 35.319, 61.4037, -107.617, -1.72751e-05, -6.36891e-06, 7.37702e-06, 
21, 160789, 196.719, -166.213, 141.339, -4.29454e-05, 1.81778e-06, -6.69845e-06, 
22, 28637.4, 10.2517, -130.828, 85.3904, 1.38262e-05, 2.80285e-05, -1.65267e-05, 
23, 195679, -123.671, 63.6274, 79.1115, 2.22397e-05, -6.38585e-06, -1.14658e-05, 
24, 5662.03, -10.1922, -63.1356, -42.6622, 2.50617e-05, -1.67352e-05, -3.72031e-05, 
25, 18507.4, -36.6186, 102.36, 138.332, 1.14911e-06, -1.25131e-05, -1.55493e-05, 
26, 117169, 80.2663, -154.923, 153.776, -1.61722e-06, 1.80864e-05, -2.45129e-05, 
27, 89954.9, -2.7722, -79.815, 67.6783, 9.42804e-06, 3.02125e-06, -8.3376e-06, 
28, 77937.8, -97.15, 84.0265, -154.744, 1.21391e-05, -1.23287e-05, 2.25841e-05, 
29, 107706, -45.9069, -172.76, -37.1283, 8.73955e-06, 2.34368e-05, 6.87316e-06, 
30, 12324.6, 97.1076, -69.0662, 197.992, -7.97331e-06, 6.6065e-06, -3.01775e-05, 
31, 7327.19, 86.3353, -60.7908, 56.8863, -1.42266e-05, 3.66469e-06, -8.98092e-06, 
32, 12493.6, 161.826, 39.4273, -111.248, -2.99309e-05, -9.62628e-06, 1.83932e-05, 
33, 38804.7, 152.339, 58.7718, -73.8518, -3.32996e-05, -6.00871e-06, 7.49351e-06, 
34, 75486.7, -163.992, 4.37365, -97.7777, 2.24287e-05, -1.29693e-06, 5.19741e-06, 
35, 142305, -9.38089, -144.199, 75.3833, 2.03553e-05, 2.718e-05, -7.69611e-06, 
36, 89784, 148.759, 22.1677, -146.235, -2.45933e-05, -8.58947e-06, 1.69873e-05, 
37, 57249.6, -7.56006, -41.5694, -112.76, 5.31595e-06, 5.56821e-06, 1.12716e-05, 
38, 268016, -157.675, 145.073, -180.208, 1.31779e-05, -1.38879e-05, 1.65728e-05, 
39, 204141, -44.6084, 17.6003, -139.963, 8.56924e-06, 5.32254e-06, 2.38251e-05, 
40, 5157.44, -98.572, 111.472, 85.9592, 1.51582e-05, -1.45177e-05, -1.22965e-05, 
41, 418420, -82.6593, -95.6604, -46.2519, 7.84952e-06, 1.13153e-05, 1.83156e-06, 
42, 89220.4, 193.912, -102.997, -119.371, -2.72779e-05, 1.02389e-05, 8.65855e-06, 
43, 27136.1, 179.935, -103.688, 66.282, -2.56955e-05, 1.30135e-05, -3.81107e-06, 
44, 232939, -24.2683, 47.224, -118.461, 6.5948e-06, -5.44316e-06, 7.08734e-06, 
45, 3207.32, 110.951, -183.687, -13.4708, -1.3276e-05, 2.55873e-05, -3.22281e-06, 
46, 101362, -80.1336, -37.1426, -2.6187, 2.49435e-05, 3.83358e-06, -3.38051e-06, 
47, 4891.64, -36.1249, 136.569, 18.0787, 9.49555e-06, -1.45108e-05, -2.34836e-06, 
48, 158255, 20.841, 92.5499, -111.512, -2.11433e-06, -3.34958e-05, 1.49663e-05, 
49, 93782.2, -169.652, 8.02836, -117.895, 2.06696e-05, -3.584e-06, 1.38131e-05, 
50, 364400, 167.315, -181.59, -101.154, -2.33736e-05, 2.08361e-05, 3.80718e-06, 
51, 42238.7, -186.615, -117.701, -82.6989, 2.25355e-05, -2.18007e-06, 1.24912e-05, 
52, 297864, 40.0223, -163.644, -169.463, -1.17731e-05, 1.76319e-05, 2.36245e-05, 
53, 25361.1, -115.525, -166.961, 90.836, 1.34583e-05, 1.98535e-05, -6.31605e-06, 
54, 200908, -196.356, 28.6648, -142.482, 2.54844e-05, -1.67766e-06, 1.26257e-05, 
55, 41927.7, 3.34133, -103.29, -17.9244, 5.02387e-06, 8.71343e-06, 6.96465e-06, 
56, 6369.52, 129.284, -172.141, 15.1015, -1.88658e-05, 2.31296e-05, -1.19652e-06, 
57, 116022, 43.4038, -31.8007, 144.895, -2.42041e-06, 2.53857e-06, -2.30946e-05, 
58, 55518.4, -10.524, 172.04, -147.72, -1.33072e-06, -2.37985e-05, 1.81449e-05, 
59, 13187.6, 54.8188, 147.552, 41.0813, -4.45898e-06, -2.66535e-05, -7.26785e-06, 
60, 57096.1, -15.2513, -164.672, -129.212, 1.19709e-05, 2.62675e-05, 9.34337e-06, 
61, 18724, -121.959, -107.493, 118.657, 1.57854e-05, 1.05788e-05, -1.30174e-05, 
62, 92782, -23.9325, 129.803, 75.6289, 3.28453e-06, -1.62436e-05, -1.03617e-05, 
63, 275212, 86.0801, 97.5253, 51.6493, -1.48644e-05, -1.09158e-05, -3.92545e-06, 
64, 2674.42, -173.254, -13.9493, 169.467, 1.67518e-05, 2.51347e-06, -1.60535e-05, 
65, 189380, 6.41226, 0.532149, -196.897, 5.00651e-06, -4.12443e-07, 3.76361e-05, 
66, 58184.7, 8.68294, 57.0907, 132.556, 7.72969e-06, -2.25361e-05, -1.73685e-05, 
67, 32188.7, 196.021, -160.513, 192.525, -7.44225e-05, 6.5358e-05, -4.63618e-05, 
68, 19948.5, -45.0541, 64.1929, 159.133, 4.38369e-05, 4.25083e-06, -3.61361e-06, 
69, 75438.5, 132.256, 30.018, 54.1767, -2.86657e-05, -8.66071e-06, -6.85914e-06, 
70, 10040.5, 24.5061, 162.459, -102.334, 2.60716e-06, -2.15316e-05, 9.65068e-06, 
71, 193215, 58.8546, -182.608, 150.636, -6.21225e-06, 2.76399e-05, -1.98423e-05, 
72, 32876, -181.054, 47.1594, -154.658, 2.13247e-05, 1.72057e-06, 1.76229e-05, 
73, 43783.5, 117.672, -168.805, -146.669, -6.83365e-06, 2.22919e-05, 1.50512e-05, 
74, 182069, -22.8337, 129.423, -100.443, -3.16779e-05, 8.08475e-06, -4.38818e-06, 
75, 27495.9, -193.167, 27.8079, -44.1427, 2.78251e-05, -2.862e-06, 2.73525e-06, 
76, 108601, -87.531, 120.219, -39.5199, 1.00439e-05, -1.31536e-05, -2.30023e-06, 
77, 153650, 33.6211, 7.75445, -175.512, -1.16488e-05, 3.75383e-06, 4.07688e-05, 
78, 14303.2, -179.048, -77.8338, 109.407, 1.4988e-05, 2.68423e-06, -1.89073e-05, 
79, 86646.6, 137.12, 100.381, 16.7137, -2.15936e-05, -6.40966e-06, -3.45855e-06, 
80, 41854.8, 174.919, 33.69, -25.4421, -2.8661e-05, -7.96184e-06, -2.0149e-06, 
81, 142481, -10.429, 84.2903, -143.546, 3.80279e-06, -1.4664e-05, 2.42709e-05, 
82, 31400.6, -72.9527, 76.899, 148.573, 1.44146e-05, -6.76354e-07, -1.03204e-05, 
83, 167216, -139.951, 127.464, 67.9296, 1.45225e-05, -9.87622e-06, 4.18707e-08, 
84, 187783, 182.174, -64.9687, -166.165, -2.1953e-05, 3.90312e-06, 1.87954e-05, 
85, 78812.1, -103.219, 93.4993, -109.338, 1.94342e-05, -1.94638e-05, 9.38407e-06, 
86, 186529, -112.657, 194.042, 77.4528, 1.09797e-05, -3.33449e-05, -1.07327e-05, 
87, 19695.4, 195.995, 60.4874, -68.2989, -3.2015e-05, -1.05931e-05, 9.90966e-06, 
88, 47407.3, -106.967, 76.3863, 145.051, 1.20128e-05, -2.33244e-06, -2.01289e-05, 
89, 14137, 156.745, 125.659, 106.535, -1.83893e-05, -9.4417e-06, -1.97126e-05, 
90, 77387.2, -191.233, -17.5782, 1.44651, 2.84823e-05, 6.9423e-07, -5.0972e-07, 
91, 116346, 86.7094, -45.8503, 155.259, -8.0628e-06, 5.35808e-06, -2.354e-05, 
92, 410907, -57.9344, -68.2776, -104.156, 1.30167e-05, 7.00853e-06, 1.12989e-05, 
93, 152117, 139.814, 0.0261502, 175.458, -2.03627e-05, -1.04629e-05, -1.9902e-05, 
94, 61888.2, -39.8422, -1.64207, 46.6021, 1.38884e-05, -2.1314e-06, -1.0857e-05, 
95, 151281, 57.1905, -85.4453, -70.1212, 8.40928e-05, 2.75282e-05, 2.38396e-05, 
96, 40494, 40.6106, 131.152, 13.7608, -8.36279e-06, -1.90194e-05, -2.76577e-06, 
97, 342360, -6.65357, 173.964, 37.1401, 2.76261e-06, -2.62923e-05, -5.97833e-06, 
98, 150469, -148.932, 87.58, -125.436, 2.06219e-05, -9.5891e-06, 1.48938e-05, 
99, 242335, 64.7775, -120.865, -192.871, -8.3948e-06, 1.04759e-05, 2.95434e-05, 
100, 262351, -35.7276, 69.2888, 162.81, -1.06043e-06, -2.15956e-05, -2.0459e-05, 
101, 93002.8, 149.229, -135.597, 84.325, -2.83794e-05, 1.63894e-05, -3.12851e-06, 
102, 122856, -50.9316, 35.4863, 146.054, 6.38504e-06, 9.92453e-07, -2.46185e-05, 
103, 13532.4, 79.9466, -186.932, -77.425, -8.64482e-06, 3.3837e-05, 5.49026e-06, 
104, 2333.16, -130.894, -156.333, 21.6147, 2.3539e-05, 1.31001e-05, -1.25477e-05, 
105, 45335.6, -163.905, 66.3287, 141.88, 2.45355e-05, 9.49923e-08, -1.56396e-05, 
106, 10590.2, -13.0868, -21.7956, 162.7, 6.46196e-06, -7.38559e-08, -2.67357e-05, 
107, 28462.2, 48.8784, -94.7241, -2.72393, 2.03395e-06, 1.26715e-05, 5.78724e-06, 
108, 99334.9, -48.7057, 146.086, -101.896, 1.32441e-05, -2.45285e-05, 1.08584e-05, 
109, 15584.3, 15.6817, 172.338, 81.0515, -1.60899e-06, -2.17051e-05, -1.19631e-05, 
110, 84257.5, 173.108, 143.742, 92.4819, -1.60736e-05, -1.87965e-05, 6.8799e-06, 
111, 62015.7, 55.7419, 112.133, 34.2131, -7.68959e-06, -1.7481e-05, 3.22747e-07, 
112, 44203.7, -84.3555, 119.83, 139.455, 8.68507e-06, -8.88295e-06, -2.15357e-05, 
113, 152990, 79.5892, -24.4799, -77.8677, -1.19024e-05, 1.14367e-06, 6.66621e-06, 
114, 33256, 110.713, -177.887, 191.755, -6.88834e-07, 1.76036e-06, -2.07988e-05, 
115, 7843.39, -144.204, -164.274, 98.9104, 1.45577e-05, 1.91707e-05, -6.51426e-06, 
116, 149382, 140.739, 129.064, -76.8858, -1.87176e-05, -1.38345e-05, 1.5511e-05, 
117, 143240, -129.113, 21.4513, -125.013, 1.9311e-05, -2.77986e-07, 1.66096e-05, 
118, 46810.1, 34.8972, -68.5177, -25.4977, 1.70293e-06, 6.27306e-06, 3.05179e-06, 
119, 146635, -184.701, -139.256, 165.877, 4.08462e-05, 2.91827e-05, 7.44822e-06, 
120, 76701.3, 73.788, 173.855, 111.102, 1.07827e-05, -4.08252e-05, 3.08245e-05, 
121, 179425, 135.497, -49.649, -41.2932, -2.64747e-05, 3.14959e-06, -3.67187e-07, 
122, 103748, 132.856, 71.3592, -85.2237, -4.24936e-05, -2.53572e-05, 4.56766e-05, 
123, 174357, -136.097, -68.4209, -90.7151, 2.1157e-05, 8.61305e-06, 5.22059e-06, 
124, 61269.4, -26.8455, -75.4739, 5.44364, 9.33331e-06, 1.09196e-05, -3.99915e-06, 
125, 313865, 7.41759, 17.48, -77.1768, 4.96324e-06, -2.99464e-06, 5.64113e-06, 
126, 13270.2, -153.125, 56.9922, -51.8831, 2.38354e-05, 7.18485e-07, 5.85991e-06, 
127, 18342.6, 156.36, -164.752, -112.501, -1.64511e-05, 3.91678e-06, 9.96194e-06, 
128, 21446.3, 101.121, -156.771, -178.483, -1.3071e-05, 1.6006e-05, 2.39239e-05, 
129, 32233.5, 10.5261, 92.954, -28.5492, 2.4224e-06, -1.44877e-05, -1.35721e-07, 
130, 292909, 4.05081, 121.371, -181.182, -0.000105094, -7.26871e-05, 7.47079e-05, 
131, 30876.1, 171.572, -36.7231, -160.094, -2.23446e-05, -8.47948e-07, 2.05988e-05, 
132, 105714, -29.034, 133.518, 173.906, 2.2258e-06, -1.86216e-05, -2.16196e-05, 
133, 216875, 104.328, -180.856, 135.396, -1.09449e-05, 3.58791e-05, -1.77361e-05, 
134, 417711, 127.87, -185.78, -53.9555, -9.68842e-06, 7.76107e-05, 2.47901e-05, 
135, 64573.8, -8.53917, -120.804, 85.5014, 2.29061e-05, 9.2683e-06, -9.59915e-06, 
136, 51216.8, 81.3251, -113.308, 99.2098, -1.23812e-05, -4.96483e-06, -1.97191e-05, 
137, 34305.5, -113.161, -128.167, -159.171, 9.11397e-06, 9.34999e-06, 1.91683e-05, 
138, 203758, -117.744, -155.596, -94.4098, 8.90826e-06, 1.59164e-05, 6.39307e-06, 
139, 69063.4, 10.6825, 48.1289, 134.267, 8.3071e-07, 7.20015e-06, -2.4445e-05, 
140, 5103.99, 193.508, 93.8512, -44.9732, -2.95556e-05, -9.62579e-06, 2.83648e-06, 
141, 22183.6, 79.6319, 73.0951, 159.096, -1.01909e-05, -2.85816e-05, -2.31001e-05, 
142, 36480.4, 13.291, -163.102, 186.651, -1.63109e-06, 2.20545e-05, -2.86514e-05, 
143, 28382.9, -186.457, 181.201, 7.30053, 2.21512e-05, -2.17047e-05, -6.66404e-06, 
144, 152582, 3.48956, -147.626, 115.545, 8.47168e-06, 4.07429e-05, -1.34512e-05, 
145, 77463.5, -42.9582, -120.017, 126.116, 1.53242e-05, 1.30783e-05, -1.52058e-05, 
146, 21333.7, -72.2035, 31.0327, 11.8301, 1.65061e-05, -8.68733e-06, -1.94363e-06, 
147, 129961, -185.96, 16.436, 146.58, 2.04627e-05, 2.82288e-06, -1.11416e-05, 
148, 109185, 149.136, -180.879, -113.25, -3.90365e-06, 2.32535e-05, 1.5272e-05, 
149, 150108, -191.289, 78.7525, 179.088, 1.80352e-05, -8.67081e-06, -2.34797e-05, 
150, 13901.7, 170.082, 58.7695, -61.9734, -2.75491e-05, -9.59906e-06, 6.04048e-06, 
151, 163305, 130.418, 113.773, 53.7369, -1.92143e-05, -1.2019e-05, -3.59524e-06, 
152, 397702, 182.93, 144.758, 108.486, -2.57376e-05, -1.62358e-05, -1.58813e-05, 
153, 76159.3, 168.416, 179.382, -1.25345, -2.01182e-05, -2.24979e-05, -1.12044e-06, 
154, 17736.8, -165.52, -13.8525, -195.612, 2.2847e-05, -6.67237e-06, 2.06968e-05, 
155, 61927.3, -124.178, 86.4817, 1.43467, 1.37723e-05, -4.00234e-06, -1.99707e-06, 
156, 188225, -192.266, -101.483, 189.966, 1.83271e-05, -2.27347e-06, -1.79497e-05, 
157, 110989, 17.8814, 191.212, 107.386, -2.9736e-07, -2.56133e-05, -1.20364e-05, 
158, 57155.4, -147.764, 85.7454, -107.521, 2.08958e-05, -6.58601e-06, 3.76658e-06, 
159, 82469.9, -9.3622, 85.9712, 4.36157, 8.23993e-06, -1.21832e-05, -1.98733e-06, 
160, 23045.7, 53.3259, -113.386, 77.1349, -9.92375e-08, -3.05032e-07, -1.00406e-05, 
161, 69662.9, 57.999, 116.963, -59.5773, -1.26289e-05, -1.60132e-05, 2.64559e-06, 
162, 96842.9, -45.4137, -187.525, -113.284, 9.11157e-06, 2.73152e-05, 6.75607e-06, 
163, 340528, -180.88, -138.891, -169.896, 1.38132e-05, 1.78382e-05, 2.7876e-05, 
164, 130077, 74.4461, 193.643, -80.0133, -1.21685e-05, -3.32068e-05, 5.60668e-06, 
165, 85822.3, 97.9772, -105.477, 134.408, -1.24051e-05, 2.95061e-06, -2.59486e-05, 
166, 58594.3, -128.09, -131.966, -18.3164, 1.78601e-05, 1.07875e-05, 8.63175e-07, 
167, 195490, -154.584, -43.629, -135.638, 1.99145e-05, 3.29936e-06, 1.45164e-05, 
168, 36980.3, -149.242, 33.9587, 65.3781, 2.25032e-05, 4.36158e-06, 1.11707e-06, 
169, 217723, 80.1357, 169.185, 118.489, -2.55288e-05, -1.22597e-05, -2.02796e-06, 
170, 138347, 140.343, 44.4353, -42.0139, -2.23564e-05, -8.47353e-06, -6.12678e-07, 
171, 28244.7, 88.4035, 113.212, 20.9614, -1.06481e-05, -1.01722e-05, 3.43286e-06, 
172, 48018, 57.7488, -27.9192, -96.212, -5.11845e-06, 4.60561e-06, 1.53008e-05, 
173, 11438.5, -174.836, -110.308, -33.4357, 1.87373e-05, 1.19123e-06, -5.87096e-06, 
174, 15431.9, -135.849, 183.069, -178.096, 6.96031e-06, -1.95333e-05, 1.63527e-05, 
175, 13385.8, 194.117, -199.466, -68.7687, -2.12955e-05, 2.00845e-05, 9.68825e-08, 
176, 11898.4, 4.49736, 66.0172, 89.194, 8.01248e-06, -1.37665e-05, -1.34951e-05, 
177, 193023, 32.7113, -172.74, 142.368, 2.63e-06, 2.47299e-05, -1.88529e-05, 
178, 153705, 128.794, -179.193, -50.92, -3.82252e-05, -0.000119382, -6.57959e-05, 
179, 176940, 115.277, 9.79823, -156.258, -1.554e-05, -6.68986e-06, 1.55141e-05, 
180, 82549.7, 78.3936, -143.006, -171.181, -1.29723e-05, 1.45455e-05, 2.03794e-05, 
181, 233590, 3.99907, -140.979, 176.657, 2.2293e-06, 1.42872e-05, -2.89331e-05, 
182, 6868.38, 10.6572, -17.7815, -132.883, 2.64241e-06, 7.49805e-06, 1.41728e-05, 
183, 45678.4, -46.0349, -43.7277, 127.941, 1.05483e-05, 3.60194e-06, -2.02916e-05, 
184, 354843, -189.736, 165.967, 83.6595, 2.23998e-05, -1.4607e-05, -9.06305e-06, 
185, 96398.2, 86.7952, 2.1774, -118.565, -1.21271e-05, -6.86482e-06, 1.66119e-05, 
186, 131981, 144.036, 27.1484, -56.0992, -2.45032e-05, 6.00961e-07, 6.24326e-06, 
187, 197321, 8.83442, 197.57, 58.5867, -3.08132e-06, -3.12824e-05, -9.13086e-06, 
188, 1705.47, 183.857, 19.8428, 198.878, -2.11088e-05, -5.54397e-06, -2.04003e-05, 
189, 209.218, 0.812559, 197.917, -67.5847, -3.42934e-07, -3.29249e-05, 3.32269e-06, 
190, 211667, 66.3576, -179.359, 70.9735, -1.78007e-05, 3.96464e-05, -6.44493e-06, 
191, 93365.8, 76.7781, -86.8062, 5.35349, -1.82162e-05, 2.05664e-06, -9.38219e-06, 
192, 124346, 169.975, -29.1433, -74.5416, -2.39864e-05, 1.45971e-06, 9.01828e-06, 
193, 63936, -28.5241, 189.865, 77.4828, 3.42785e-06, -2.6753e-05, -1.09871e-05, 
194, 27105.3, 63.802, -117.125, 172.067, -2.83504e-06, 1.01801e-05, -2.88938e-05, 
195, 247781, 56.041, 185.662, -116.621, -6.73996e-06, -3.26918e-05, 2.18179e-05, 
196, 236607, 184.916, -172.664, 140.894, -2.07088e-06, 2.53737e-05, -6.18062e-06, 
197, 47655.4, -186.308, -154.204, 112.756, 2.03618e-05, 1.81145e-05, -3.62599e-06, 
198, 43221.3, -159.707, -16.6523, -43.6836, 2.68278e-05, -1.85063e-06, -1.03061e-05, 
199, 118227, -106.761, -142.496, 37.3514, 1.2165e-05, 1.54495e-05, -1.08452e-05, 
200, 197493, -74.9626, 75.4172, 95.0014, 4.46278e-06, -1.56281e-05, -1.00925e-05, 
201, 4441.8, -32.3142, 121.854, -108.059, 2.06586e-05, 7.12358e-07, 2.39252e-05, 
202, 282403, 44.8831, -163.274, -17.9734, -9.8318e-06, 2.57697e-05, 2.58253e-06, 
203, 6946.04, -102.462, 152.193, 196.602, 8.59709e-06, -1.28156e-05, -2.19611e-05, 
204, 101865, -128.092, 197.787, -58.5842, 1.84384e-05, -3.05203e-05, 1.04903e-05, 
205, 38562.2, -35.3379, 11.0451, 80.0998, 3.78743e-06, 6.2664e-07, -6.55364e-06, 
206, 11966.5, -128.059, 20.0995, -43.8823, 1.60103e-05, -1.23121e-07, -3.80179e-06, 
207, 110319, 177.332, -131.645, -24.0058, -2.54237e-05, 1.43387e-05, -2.71351e-07, 
208, 24749.5, 167.217, 131.369, -127.735, -2.02923e-05, -1.37694e-05, 1.36284e-05, 
209, 10845.2, 177.485, 135.96, 86.0958, -3.39069e-05, -6.83476e-07, 1.17693e-05, 
210, 201011, 178.615, -64.5702, 152.632, -2.47013e-05, 4.42667e-07, -1.1412e-05, 
211, 35776.4, -121.598, -61.9569, -181.138, 1.18913e-05, 2.04483e-05, 1.61058e-05, 
212, 81218.8, -86.2317, 95.8283, -80.8899, 1.19327e-05, -1.04328e-05, 6.02295e-06, 
213, 90589.9, -83.3745, 55.2933, 101.755, 1.21782e-05, -8.14524e-06, -1.54969e-05, 
214, 27394.6, -82.8844, 42.5609, 172.021, 5.52814e-06, -7.20439e-06, -2.20909e-05, 
215, 92023.9, -113.016, 153.579, -47.6951, 7.02869e-06, -1.2914e-05, -8.55633e-06, 
216, 32852.8, -130.932, 172.232, -104.794, 1.24186e-05, -2.76031e-05, 6.85126e-06, 
217, 25367.5, -126.641, 122.342, -43.1961, 1.59251e-05, -1.06134e-05, -2.25537e-06, 
218, 20480.3, 45.1627, -77.2797, -43.7949, -3.78171e-07, 9.27727e-06, 3.13249e-06, 
219, 37659.4, 95.197, 61.8909, 181.324, -9.87527e-06, -2.10267e-05, -3.05573e-05, 
220, 14327.5, 161.511, 26.6367, -8.69129, -2.92273e-05, -1.91479e-06, -3.60216e-06, 
221, 74839.7, 96.6293, -130.115, 67.2527, -6.78692e-05, 1.83145e-05, -2.34401e-07, 
222, 24267.3, 98.0061, 190.101, -51.3176, -1.34486e-05, -3.30887e-05, 5.35398e-06, 
223, 771943, -3.80862, -140.111, 5.90789, 7.16334e-06, 7.21742e-06, -5.73257e-06, 
224, 246798, -1.07192, 118.662, -178.903, 0.000125796, 4.96611e-05, -2.79759e-05, 
225, 9457.74, -130.116, -157.917, -130.642, 1.76326e-06, 7.61111e-06, 1.97584e-05, 
226, 120301, -67.1072, 118.519, -68.402, 1.05088e-05, -1.53969e-05, 4.04505e-06, 
227, 160315, -113.551, 171.546, 43.2709, 1.17557e-06, -1.14596e-05, 9.27909e-06, 
228, 32266.2, 124.282, 39.8317, 93.398, -1.68665e-05, -9.54329e-06, -1.89248e-05, 
229, 71719.9, -59.1223, 46.8122, -121.553, -5.58909e-06, -1.57003e-05, -1.50326e-05, 
230, 57463.5, 35.0156, 52.3922, -23.7647, -1.0549e-05, -9.59927e-06, -5.16291e-06, 
231, 238713, -35.7825, 52.737, 170.806, 2.34061e-06, 9.5606e-06, -3.59517e-05, 
232, 192767, -45.1828, 111.392, -138.491, 9.12391e-06, -1.73342e-05, 1.78464e-05, 
233, 40597.5, 32.6657, 40.2199, 130.989, -2.65642e-06, -4.43484e-06, -2.38274e-05, 
234, 313978, -156.111, -41.6795, 49.8854, 2.12478e-05, 3.08523e-06, -6.29869e-06, 
235, 237318, 62.9266, 171.178, -97.6287, -1.11898e-05, -1.98561e-05, 6.4111e-06, 
236, 129836, -138.062, -113.594, 61.4577, 1.37071e-05, 1.3184e-05, -5.40986e-06, 
237, 28728.8, -196.214, 90.2948, -75.2021, 2.76637e-05, -6.91365e-06, 1.25316e-05, 
238, 176349, 137.717, 128.55, 20.525, -2.06288e-05, -2.1132e-05, -3.22399e-06, 
239, 315902, 76.8655, 54.0363, 159.584, -4.43575e-06, -9.10832e-06, -2.10591e-05, 
240, 104427, -195.473, 74.2663, -53.3683, 2.7415e-05, 9.43038e-07, 5.0282e-06, 
241, 149492, -160.413, 49.0869, 10.1321, 2.16538e-05, -5.82607e-06, 1.06324e-06, 
242, 145615, 112.238, -122.333, 105.676, -5.56282e-05, 1.49016e-05, 2.63497e-06, 
243, 232356, 37.6247, 0.270836, -88.3877, -5.58482e-06, -1.13254e-06, 1.10141e-05, 
244, 485.703, 6.85046, 92.8545, 30.972, 1.00583e-05, -1.33514e-05, -3.78149e-06, 
245, 95963.4, -133.72, 168.925, -21.2203, 1.69876e-05, -1.55976e-05, -5.49438e-06, 
246, 71851.1, -192.535, 40.9893, -189.598, 2.01747e-05, -1.77791e-06, 1.95306e-05, 
247, 65097, 62.9901, 7.16995, 42.4997, -1.85647e-05, 2.43566e-05, -6.9067e-06, 
248, 65285.7, 122.021, 181.813, 34.0784, -1.90839e-05, -2.62914e-05, -5.22942e-06, 
249, 30362.5, -179.133, 129.691, -191.326, 2.20722e-05, 3.35198e-07, 1.63215e-05, 
250, 45776.3, -57.9894, 127.107, -195.883, -4.08547e-06, -2.10995e-05, 8.07634e-05, 
251, 396.528, -184.54, -26.4073, -52.5505, 2.98066e-05, 1.60044e-06, 8.98415e-07, 
252, 85129.8, -121.969, 13.3588, 187.459, 1.29965e-05, -7.45541e-07, -2.44624e-05, 
253, 242932, -153.364, -22.7651, -69.6922, 2.10737e-05, 4.45883e-06, 7.69856e-06, 
254, 214691, 186.581, 186.772, 80.5758, -1.82145e-05, -2.14222e-05, -4.15696e-06, 
255, 98301.9, 134.09, -48.7356, 2.06983, -2.44194e-05, 4.33237e-06, -4.29883e-06, 
256, 15822.1, 192.033, 38.6808, -10.6059, -3.16944e-05, -6.52194e-06, -3.62236e-06, 
257, 40108.6, 13.5466, 103.983, 60.6746, 1.17595e-05, -1.78867e-05, -1.27717e-05, 
258, 62481.3, -122.484, 25.6764, -104.747, 1.62289e-05, -2.33202e-06, 7.5198e-06, 
259, 90040.5, 24.2684, 24.7629, -193.364, 2.57859e-06, -9.37417e-06, 3.83034e-05, 
260, 83249.1, 36.5797, 116.854, 55.9298, 2.77266e-06, -2.58311e-05, -9.71768e-06, 
261, 8872.54, -6.34059, -28.2133, -121.058, 4.73024e-06, 7.23976e-07, 1.48045e-05, 
262, 222931, 69.2369, -12.6914, -26.2568, -9.06344e-06, -6.76772e-07, 5.40759e-07, 
263, 200584, 92.7307, 134.464, 24.5001, -1.1687e-05, -2.29719e-05, -2.29471e-06, 
264, 24945.4, -93.0952, 170.51, -114.596, 6.68262e-06, -2.1506e-05, 1.06536e-05, 
265, 151700, -23.7526, -19.8107, -47.3979, 6.10147e-06, 2.17895e-06, 1.12314e-05, 
266, 7993.93, -29.0205, 20.4694, -142.86, -6.28846e-06, 3.88396e-07, 2.67915e-05, 
267, 313514, 35.3105, 17.2325, -144.027, 3.67962e-07, -1.67167e-05, -2.60102e-05, 
268, 98849.4, 92.755, -142.301, -88.6845, -1.54138e-05, 1.73166e-05, 1.23644e-05, 
269, 2040.06, 142.444, 100.438, 96.3246, -1.44968e-05, -1.10815e-05, -1.30897e-05, 
270, 155515, -111.649, 133.316, -80.3353, 1.03256e-05, -9.50233e-06, 1.12601e-05, 
271, 41846.4, 137.227, 76.4192, -168.928, -1.41888e-05, -7.1264e-06, 1.51088e-05, 
272, 74903.1, 78.0946, 113.168, 65.1975, -1.11456e-05, -2.4437e-05, -1.10952e-05, 
273, 19299, -178.048, 164.268, -97.379, 2.24109e-05, -1.80951e-05, 8.8479e-06, 
274, 305737, 52.1721, 38.4288, -197.202, -8.98479e-06, -9.30647e-06, 3.3442e-05, 
275, 4152.18, -184.568, 84.0259, 52.384, 2.66893e-05, -8.85185e-06, -4.25627e-06, 
276, 360170, 36.3333, 97.1029, -135.069, -9.74349e-06, -8.68326e-06, 2.26405e-05, 
277, 36187, 167.667, -182.844, 27.7427, -2.10146e-05, 2.11491e-05, -2.50744e-06, 
278, 21702, 73.9793, 16.8926, -135.5, -1.56921e-05, -3.03126e-06, 1.6539e-05, 
279, 46613.4, 86.0756, 131.022, 161.011, -7.65121e-06, -1.47283e-05, -2.51446e-05, 
280, 44509.3, -194.874, -154.685, 140.745, 2.17175e-05, 1.59267e-05, -4.36195e-06, 
281, 113079, 37.7702, 15.4661, -150.7, -5.80258e-05, 2.2128e-05, 0.000123629, 
282, 331326, -199.928, 103.612, -41.8637, 2.9432e-05, -7.62155e-06, 9.21032e-06, 
283, 173725, 193.85, -10.1379, 99.3635, -2.80948e-05, 5.30658e-07, -1.03521e-05, 
284, 174627, 126.214, 145.894, 100.288, -1.01135e-05, -2.43559e-05, -1.58822e-05, 
285, 151244, 129.667, 51.8518, 13.1391, -2.45826e-05, -1.23631e-05, -5.38547e-07, 
286, 45936.4, 71.727, -128.359, -40.0343, -1.01667e-05, 1.78966e-05, 2.84044e-06, 
287, 165785, -100.349, -155.719, 2.00042, -4.14545e-06, 1.91863e-05, -3.22059e-06, 
288, 178506, 47.631, -169.54, -95.3902, 7.73995e-07, 2.6643e-05, 1.27504e-05, 
289, 89652.8, -5.12502, -62.3393, -175.447, 3.25985e-06, 6.13039e-06, 2.91193e-05, 
290, 96168.5, 139.271, 63.6137, 110.159, -1.14404e-05, -7.79321e-07, -1.18752e-05, 
291, 146664, -60.9956, 197.276, -148.814, 6.28445e-06, -2.44671e-05, 1.57679e-05, 
292, 119886, 101.695, 132.588, -153.52, -1.29036e-05, -1.69815e-05, 1.79036e-05, 
293, 202643, 15.4369, 20.6588, 187.978, 2.97557e-06, -3.00459e-06, -2.98936e-05, 
294, 46475.7, -158.957, 115.339, 125.847, 3.12458e-05, -1.4539e-05, -1.97487e-05, 
295, 28487, -86.6061, -87.6329, 13.9277, 1.65778e-05, 1.27622e-05, -6.70747e-06, 
296, 315174, 76.3187, -69.5647, -174.422, -1.03725e-05, 7.03835e-06, 2.55767e-05, 
297, 259700, -76.8792, 176.421, 61.7142, 3.17826e-08, -2.58249e-05, -3.99626e-06, 
298, 4383.85, 130.654, 74.0856, -167.895, 2.91269e-06, -2.52496e-06, 1.50799e-05, 
299, 87965.1, 26.4796, -89.9737, 121.614, -6.49334e-06, 1.38685e-06, -1.83794e-05, 
300, 164214, 130.606, -8.34398, 156.505, -1.52115e-05, 1.28444e-06, -8.85062e-06, 
301, 52979.9, 136.615, 137.079, 72.1934, 2.29487e-06, -2.62327e-05, 8.87313e-06, 
302, 92427.9, 191.786, -167.705, -78.5905, -2.64666e-05, 1.33677e-05, 2.45519e-08, 
303, 5352.37, -111.194, -142.023, 133.595, 2.45263e-05, 1.31701e-05, -3.21491e-06, 
304, 86445.1, 199.842, -94.9896, -23.6665, -2.87712e-05, 9.02452e-06, -3.60799e-07, 
305, 54286.4, 104.304, -166.586, 78.8863, -1.88677e-05, 3.20123e-05, -7.84187e-06, 
306, 14300.4, 155.219, -163.049, -124.024, -1.9003e-05, 1.26058e-05, 1.46794e-05, 
307, 50887.4, 138.04, 1.03912, 30.1857, -2.90899e-05, 5.26264e-06, -2.43033e-06, 
308, 38133.4, 101.068, -114.823, -188.357, -1.46184e-05, 1.05943e-05, 2.59394e-05, 
309, 1575.41, -14.4839, 135.106, 120.544, -2.91912e-06, -1.71602e-05, -1.61988e-05, 
310, 212635, 79.7224, -102.938, -7.39124, -1.79825e-05, 1.8259e-05, 3.345e-06, 
311, 81899.1, 149.443, 147.546, -197.523, -1.11767e-05, -1.15531e-05, 2.12253e-05, 
312, 10060.6, 102.015, -32.7907, 65.4772, -9.76859e-06, 1.29634e-05, -1.35632e-05, 
313, 10426.9, -77.1667, -134.312, -32.1747, 1.12105e-05, 1.85744e-05, 3.20103e-06, 
314, 260396, 57.0865, 119.729, 81.9699, -4.23982e-09, -2.44626e-05, -1.24663e-05, 
315, 30946.3, -80.0577, 21.5373, -122.732, 2.11103e-05, 7.62883e-06, 1.04936e-05, 
316, 35747.4, 168.262, -107.224, 17.6404, -2.62848e-05, 1.245e-05, -2.66207e-06, 
317, 33092, -96.5325, 76.1977, -112.886, 8.19275e-05, 2.69826e-06, -2.59088e-05, 
318, 240724, 16.5816, 49.806, -124.549, -3.70652e-06, -6.01813e-06, 1.81797e-05, 
319, 246985, 134.015, -13.0566, -134.875, -2.13957e-05, 4.36485e-07, 1.66463e-05, 
320, 84677.5, -66.8389, -127.858, -88.816, 1.10238e-05, 1.68473e-05, 9.30597e-06, 
321, 229396, -102.261, -192.656, 139.052, 1.19938e-05, 2.32706e-05, -9.4471e-06, 
322, 228651, 176.288, 74.9591, 84.7404, -2.86448e-05, -6.49548e-06, -4.86367e-06, 
323, 63463.2, 54.6257, -113.111, 8.03636, -8.32982e-06, 1.34815e-05, 1.59107e-05, 
324, 40876.7, -117.927, 11.2776, 102.284, 3.84261e-05, 1.60287e-05, -3.05517e-05, 
325, 9054.14, -7.78669, 35.8357, -119.887, -6.43568e-07, 5.65676e-06, 1.31615e-05, 
326, 193030, 118.4, 2.95422, -83.7594, -2.07853e-05, -5.46216e-06, 8.15712e-06, 
327, 296958, -121.068, -43.6104, -188.903, 1.08915e-05, 3.21827e-06, 2.34912e-05, 
328, 2174.88, -6.55794, -42.1291, -194.526, 7.83976e-06, 1.29738e-05, 3.63899e-05, 
329, 75602.9, 120.091, -193.301, 11.3563, -1.555e-05, 2.67468e-05, -2.12911e-06, 
330, 14909.2, 53.1474, -120.605, -10.6949, -5.58864e-06, 1.98299e-05, 1.06641e-05, 
331, 63487.7, 25.509, -112.632, 104.569, -9.92343e-05, -7.63073e-05, -4.77216e-05, 
332, 145612, -127.69, -145.591, 169.322, 1.12007e-05, 1.06506e-05, -1.68447e-05, 
333, 169043, 194.541, -61.169, -124.832, -3.0496e-05, 2.81258e-06, 1.26058e-05, 
334, 60182.6, -129.78, 100.117, -0.745205, 1.85069e-05, -1.57924e-05, -1.50673e-06, 
335, 37216, 7.96856, 47.4754, 46.7589, 1.19823e-05, -1.06487e-05, -6.2264e-06, 
336, 38278.1, -84.8964, -86.2566, 86.2489, 1.12817e-05, 1.10403e-05, -7.39307e-06, 
337, 48407.2, -82.7621, -187.057, -190.261, 9.8891e-06, 1.40267e-05, 3.05437e-05, 
338, 48078.9, -49.9324, -92.0453, -197.831, 8.68203e-06, 1.20255e-05, 2.94413e-05, 
339, 57706.6, 157.677, 130.62, -70.1724, -3.46579e-05, -1.15188e-05, 9.94776e-06, 
340, 23026.3, 63.2118, 31.7305, 57.1181, -3.44587e-05, -7.96549e-06, -4.41809e-05, 
341, 72639.7, 155.617, -135.641, -120.003, -2.20053e-05, 1.1429e-05, 6.85186e-06, 
342, 56156, -61.3796, -178.893, 130.706, 8.26422e-06, 1.07285e-05, -3.08371e-07, 
343, 155978, 47.4345, -61.7401, -98.8536, -3.50553e-06, 7.08344e-06, 1.42498e-05, 
344, 13251.2, -4.6961, 48.2133, -73.4066, 1.007e-05, -9.81295e-06, 2.7657e-06, 
345, 264253, -79.4045, -13.3362, -196.018, 9.36267e-06, 1.54456e-07, 2.69248e-05, 
346, 21755, -30.7578, 153.578, -182.095, 1.84476e-06, -2.25926e-05, 1.86866e-05, 
347, 90764.5, -80.3288, 86.2186, -55.6434, 9.99117e-06, -6.98935e-06, -5.19459e-07, 
348, 74264.3, 198.626, 166.034, -117.121, -2.09348e-05, -1.43123e-05, 9.19363e-06, 
349, 102460, -60.7036, -17.9615, 86.1475, 1.06026e-05, 8.82262e-06, -9.67752e-06, 
350, 60261.6, 0.543375, 52.6313, -36.862, 2.1044e-05, -1.04054e-05, -4.17963e-06, 
351, 47450.9, 54.97, -172.727, 71.5472, -1.90919e-06, 4.06322e-05, -2.45805e-05, 
352, 21819, 183.144, -99.8723, -38.8004, -2.56005e-05, 1.06674e-05, 3.20709e-06, 
353, 12264.1, -44.8635, 37.7979, -116.58, 8.50778e-06, 1.63553e-06, -6.05145e-07, 
354, 173334, -16.3761, 175.256, -71.2328, 2.98027e-06, -2.63568e-05, 3.44327e-06, 
355, 26411.5, 68.0222, 186.96, 169.176, -6.2655e-06, -1.98052e-05, -3.02447e-05, 
356, 202549, 68.5864, 40.5755, -147.72, -1.60721e-05, -1.1453e-05, 2.08493e-05, 
357, 47935.9, -89.5427, 177.355, -83.4192, 3.99347e-06, -2.57877e-05, 9.93301e-06, 
358, 23393.2, -44.4381, 40.8623, -133.998, 2.57831e-06, -4.6889e-06, 2.33431e-05, 
359, 73989.2, 113.882, -3.98519, 129.546, -1.8107e-05, -3.05005e-06, -1.06124e-05, 
360, 89323.1, -23.3223, -180.003, -148.35, 9.43861e-06, 3.03129e-05, 1.58809e-05, 
361, 9635.96, -121.438, -170.814, 14.8221, 2.79679e-05, 2.16094e-06, -8.42339e-05, 
362, 8105.03, 91.7833, 26.7569, -92.5552, -1.2825e-05, -9.26836e-06, 1.05126e-05, 
363, 21394.1, 64.6421, -113.121, 83.8521, 8.90981e-06, -2.84037e-05, -1.57011e-05, 
364, 98011.6, -92.7146, -103.95, 108.26, 1.28248e-05, 1.12137e-05, -1.10488e-05, 
365, 4013.99, -167.927, 31.3384, 98.336, 2.86534e-05, 2.02832e-06, -1.42798e-05, 
366, 45432.3, -65.0993, -70.1548, 3.12215, 1.04582e-05, 1.25218e-05, -5.05618e-06, 
367, 113760, 31.7901, 192.537, -92.7745, 3.01072e-07, -3.33958e-05, 2.98193e-06, 
368, 121607, -183.378, -57.188, 32.2593, 2.81906e-05, 5.09024e-06, -4.95453e-08, 
369, 85848.4, 183.885, -56.4221, -33.1377, -2.99637e-05, 5.18143e-06, 2.22743e-07, 
370, 22652.5, 17.8423, -116.697, -78.6903, 1.03217e-06, 1.71132e-05, 6.62145e-06, 
371, 33829.6, -95.5832, 42.767, 119.134, 1.85733e-05, -4.27354e-06, -2.50553e-05, 
372, 84427.9, -7.45389, -41.4627, 60.3172, 7.04783e-06, 9.49304e-06, -1.04561e-05, 
373, 173564, 164.272, -37.6428, -121.51, -2.45726e-05, 3.27143e-06, 1.35028e-05, 
374, 157432, 145.862, 93.0757, 126.62, -1.55465e-05, -1.40938e-05, -2.06752e-05, 
375, 51853.5, 56.1366, 80.2664, 149.094, -6.8918e-06, -1.47975e-05, -2.41304e-05, 
376, 84930.8, 119.437, -97.3367, -94.8528, -2.34773e-05, 1.26443e-05, 1.34694e-05, 
377, 167124, 149.548, 163.116, -174.125, -1.14787e-05, -1.67369e-05, 1.38748e-05, 
378, 181302, -189.622, -8.53749, -116.478, 2.80859e-05, 3.02639e-06, 9.85666e-06, 
379, 3797.2, 66.4019, 128.832, -115.832, -1.7241e-05, -1.77844e-05, 1.24154e-05, 
380, 19965.1, 95.4685, 140.528, 196.421, -7.07041e-06, -1.39645e-05, -2.32561e-05, 
381, 88752.7, -83.3738, 18.8634, 106.306, 3.43991e-05, 7.68274e-06, -1.72984e-05, 
382, 432671, -4.77001, -126.009, 128.817, 1.24192e-05, 1.28093e-05, -2.43527e-05, 
383, 92823.3, -27.7301, 133.091, -102.328, 7.20918e-05, -6.95387e-05, 3.62924e-05, 
384, 296296, -91.0237, -142.818, 143.792, 1.36651e-05, 1.33022e-05, -6.21551e-06, 
385, 9902.17, 32.6718, -8.05374, -49.8301, 7.08756e-06, -4.11464e-06, -1.34276e-06, 
386, 20574, 121.897, 123.906, -116.697, -1.37701e-05, -1.61245e-05, 1.72425e-05, 
387, 10469.5, 172.805, -33.2758, -70.8297, -5.71118e-05, 4.88367e-05, -3.32221e-05, 
388, 31898.5, 158.704, -140.402, 14.6763, -2.95353e-05, 1.38943e-05, -1.23616e-06, 
389, 15479.6, 39.2864, -166.138, -143.196, -1.00064e-05, 2.27151e-05, 5.77687e-06, 
390, 70945.5, -165.064, -36.0995, 8.54486, 2.2887e-05, 4.63434e-06, 1.53543e-06, 
391, 232052, 111.601, -72.2772, 128.552, -1.60202e-05, 2.36364e-06, -1.57803e-05, 
392, 21818.5, -187.606, -0.0438545, 54.0934, 2.84669e-05, -8.83985e-07, -5.00472e-06, 
393, 29165.6, -89.6301, -129.43, -123.809, 1.12014e-05, 1.23862e-05, 1.36232e-05, 
394, 220711, -77.1929, 140.548, 120.816, 5.0685e-06, -1.74879e-05, -1.56351e-05, 
395, 108824, 43.7105, -130.848, 49.2309, 1.19872e-05, 3.82729e-05, -3.17955e-05, 
396, 55407.5, -43.8105, 102.119, -199.666, 5.33643e-06, -5.99325e-06, 2.99884e-05, 
397, 13557.4, -77.8787, 157.222, 179.143, 6.96358e-06, -1.6439e-05, -2.32731e-05, 
398, 23119.2, 180.27, -69.5434, -13.5613, -2.8017e-05, 7.58644e-06, -3.19822e-06, 
399, 72378, -175.883, -139.45, 123.144, 1.64462e-05, 1.29555e-05, -8.23959e-06, 
400, 20631.4, 26.0683, 108.606, -0.0478767, -2.81659e-06, -1.1017e-05, 1.16891e-06, 
401, 279098, 192.942, 104.51, 161.705, -2.21401e-05, -8.75204e-06, -1.45053e-05, 
402, 404707, -86.4556, 92.4166, 43.707, 9.72583e-06, -1.09324e-05, -4.5855e-07, 
403, 40082.5, 77.4749, 60.0041, 87.8451, -1.49707e-05, -8.06385e-06, -1.62366e-05, 
404, 84698.7, 36.5674, 68.0549, 49.62, 2.3157e-06, -1.07502e-05, -8.75789e-06, 
405, 211367, 186.056, -33.0249, 57.0702, -2.83316e-05, 2.14672e-06, -2.56383e-06, 
406, 192170, -52.2449, 6.82145, -0.199508, 2.01221e-05, -1.25103e-05, -9.41255e-07, 
407, 258865, 163.83, 173.017, -94.477, -1.86852e-05, -2.15698e-05, 9.84951e-06, 
408, 43868.3, 107.734, -113.588, -30.9407, -2.20337e-05, 1.99069e-05, 9.22653e-07, 
409, 13264.7, 142.684, 121.978, -122.972, -1.83423e-05, -1.48138e-05, 1.81211e-05, 
410, 735.414, -164.75, -196.903, 81.402, 1.38713e-05, 1.8971e-05, -5.66322e-06, 
411, 233418, -171.479, 38.2851, 34.7061, 2.66581e-05, -1.9311e-06, -4.72893e-06, 
412, 1566.07, -67.5594, -110.293, 194.521, 7.0977e-06, 5.92899e-06, -2.6091e-05, 
413, 22129.1, -73.7269, 133.345, 22.8265, 9.22674e-06, -1.39922e-05, 7.65277e-07, 
414, 82444.4, -25.719, 49.5262, -139.204, 4.4508e-06, -6.33606e-06, 3.32668e-05, 
415, 141128, -80.4917, 2.03427, -106.901, 1.53031e-05, 4.17272e-06, 7.47873e-06, 
416, 161128, 105.128, -169.733, 121.922, -1.49004e-05, 2.10371e-05, -5.08833e-07, 
417, 50305.6, 44.1194, -186.369, -38.362, -7.17243e-06, 3.51434e-05, 7.77925e-06, 
418, 37044.1, -64.653, 125.878, 53.2633, 4.23662e-06, -1.56129e-05, -5.56441e-06, 
419, 39387, -105.981, -157.814, 152.103, 2.02272e-05, 2.34723e-05, -1.58032e-05, 
420, 77315.6, -47.9114, 14.7821, 111.88, -2.293e-05, -6.28812e-06, -2.9108e-05, 
421, 30242.5, -17.3757, 192.338, 190.89, 1.5484e-06, -1.90924e-05, -1.87444e-05, 
422, 22873.9, 31.1611, -183.07, -114.848, -2.5141e-06, 3.1793e-05, 1.10142e-05, 
423, 152402, -162.283, -191.092, -180.245, 1.2466e-05, 1.96485e-05, 2.0204e-05, 
424, 14353.8, 125.667, 22.5179, 56.2814, -1.42898e-05, 6.58977e-06, -9.85362e-06, 
425, 9521.26, 82.8507, -90.2879, 68.2191, -1.66355e-05, -3.17415e-06, -6.69936e-06, 
426, 73056.4, 6.66936, 98.2496, -53.5128, 3.94628e-06, -1.66345e-05, 2.73719e-06, 
427, 57370.2, -95.4262, -123.729, 140.206, 1.61453e-05, -5.73037e-06, -1.11144e-05, 
428, 29001.7, -129.182, 56.4981, 55.4479, 2.54136e-05, 6.1943e-07, 6.40952e-06, 
429, 116936, 73.7249, -53.1593, -143.156, -1.05794e-05, 3.93561e-06, 1.61539e-05, 
430, 118917, -15.4788, 161.781, -110.238, 1.43546e-06, -2.72156e-05, 1.35187e-05, 
431, 78177.7, 8.50181, -83.1844, -68.9573, -1.16971e-06, 1.62004e-05, 1.29663e-05, 
432, 163775, 4.09635, 61.476, -100.577, 6.20015e-06, -7.18388e-06, 2.2438e-06, 
433, 119818, -142.218, -197.005, -1.43975, 1.79218e-05, 2.73082e-05, -1.82842e-06, 
434, 26944.2, -60.1021, -91.356, 92.3089, 1.13675e-05, 9.83192e-06, -9.22005e-06, 
435, 221089, 164.293, 150.534, -49.2578, -2.85808e-05, -2.21599e-05, 8.6936e-07, 
436, 8388.85, 51.0485, -182.28, 154.147, 4.34587e-05, 2.56208e-05, -4.55193e-05, 
437, 77130.6, 73.4905, -160.578, -59.0078, -2.97085e-07, 4.45621e-05, -1.51073e-05, 
438, 66095.4, 102.573, -44.655, -125.807, -1.66488e-05, 9.61985e-06, 1.83055e-05, 
439, 135426, 76.1223, -97.8193, 126.51, -4.02789e-06, 2.66802e-06, -2.13798e-05, 
440, 134384, 149.969, -83.8595, 102.348, -2.34768e-05, 6.48879e-06, -8.79509e-06, 
441, 153615, -119.012, -51.0227, 88.7672, 1.88202e-05, 6.31299e-06, -1.16293e-05, 
442, 28649.9, -95.4675, -47.6723, 99.1363, 7.51794e-06, 4.74823e-06, -1.54343e-05, 
443, 32485.4, -16.2361, 184.264, -182.889, -4.15872e-07, -2.69616e-05, 9.3168e-06, 
444, 80881.9, 104.141, 183.215, 33.295, -8.95551e-06, -2.89119e-05, -5.313e-06, 
445, 124277, -168.249, -116.691, -154.744, -1.15445e-05, -3.16192e-06, 2.42135e-05, 
446, 280062, 2.68414, -170.107, -110.132, 1.58833e-06, 2.7166e-05, 4.08447e-06, 
447, 82938.5, 38.9698, 9.79345, 177.368, -2.65852e-06, -9.15113e-08, -2.65317e-05, 
448, 951.923, 31.5837, -60.3656, -159.739, 3.76309e-06, 7.12835e-06, 2.20578e-05, 
449, 9745.64, -24.115, 75.7541, 196.776, -4.7532e-07, -8.78683e-06, -3.38116e-05, 
450, 59188.7, 25.3251, 186.834, -104.875, 7.99966e-06, -2.58335e-05, 1.90216e-05, 
451, 98668.3, 0.982439, -29.2554, -192.888, 1.66848e-06, 7.31128e-06, 3.57548e-05, 
452, 24361.2, -9.53325, 175.844, 185.141, -6.19813e-07, -1.74114e-05, -1.98195e-05, 
453, 53228.5, -170.961, 128.851, -92.5708, 2.51357e-05, -1.41287e-05, 1.03462e-05, 
454, 84245.4, -163.385, 178.043, 5.3564, 1.84964e-05, -1.96213e-05, -2.2249e-06, 
455, 13462.7, -166.057, 137.431, 84.8812, 3.02551e-05, -1.57161e-05, -1.36229e-05, 
456, 38190.5, 133.251, 117.827, 102.189, -1.52543e-05, -1.09e-05, -1.9288e-05, 
457, 87795.5, -0.407349, -122.303, 35.6238, 1.20726e-05, 8.95697e-06, -1.10741e-05, 
458, 19146.2, -90.3143, -64.4894, 38.3439, 1.48443e-05, 8.19342e-06, -6.0529e-06, 
459, 8428.82, -172.758, -171.979, 108.716, 1.47331e-05, 1.99844e-05, -5.05442e-06, 
460, 54897.7, 103.718, -31.8405, 118.202, -1.55439e-05, 3.48374e-06, -9.88891e-06, 
461, 87806, -193.016, -20.6196, 189.299, 1.71897e-05, 1.72733e-06, -1.66178e-05, 
462, 219614, 118.957, -22.3397, -184.664, -7.99498e-06, 7.68928e-06, 2.69267e-05, 
463, 364379, 3.34041, -72.4039, 137.025, 4.9545e-06, 5.03299e-06, -2.28303e-05, 
464, 70706.8, 44.5416, 115.597, -66.2694, -1.46249e-06, -1.66798e-05, 7.70598e-06, 
465, 71405.7, 154.114, -153.1, 32.702, -2.69767e-05, 1.95718e-05, -5.18815e-06, 
466, 106277, -104.386, -173.405, -67.6341, 8.26382e-06, 2.28796e-05, 2.48787e-06, 
467, 83615.9, 182.388, -31.1585, 157.853, -2.71282e-05, -1.01369e-06, -1.29507e-05, 
468, 14016.4, -157.982, -90.4125, 44.9644, 2.43567e-05, 1.43012e-05, 1.90692e-06, 
469, 13066.3, -51.2715, -171.709, -58.0233, 1.00164e-05, 2.31512e-05, 1.05381e-05, 
470, 10982.6, 124.439, -30.0373, 165.13, -1.0893e-05, 1.07461e-05, -1.9318e-05, 
471, 66296.1, -43.9443, 68.4148, -131.255, 1.21098e-05, -1.79612e-05, 1.70019e-05, 
472, 134341, -155.583, 127.502, 77.0232, 3.10686e-05, -9.25166e-06, -1.00204e-05, 
473, 189167, 34.9809, 92.3435, 52.6055, 1.8819e-06, -1.63302e-05, -1.19167e-05, 
474, 92831.2, -40.4087, -179.583, 36.053, 2.58662e-05, 6.06275e-05, -7.27302e-05, 
475, 6779.32, -47.5937, 92.5166, 8.49697, 9.0798e-06, -1.12487e-05, -4.08083e-07, 
476, 235404, 86.2806, -129.258, 66.2105, -1.01903e-05, 1.53348e-05, 5.90862e-06, 
477, 47715.6, -35.2384, 122.288, 144.226, -1.77475e-06, -1.20437e-05, -1.97817e-05, 
478, 33611.2, 158.751, -14.8856, -121.807, -2.75835e-05, -5.3197e-06, 1.2728e-05, 
479, 35922.7, -2.99533, 181.739, 121.733, 1.04943e-06, -2.08245e-05, -1.6725e-05, 
480, 105434, -125.305, 79.1193, 134.395, -9.74794e-07, 1.69688e-05, -2.26069e-05, 
481, 34595, 98.3389, 79.2429, -106.584, -1.4337e-05, -1.50836e-05, 9.15242e-06, 
482, 94631.5, 25.815, 81.8, -67.2893, -5.35627e-06, -1.45572e-05, 3.89031e-06, 
483, 64805.2, 11.2608, -147.195, 71.5566, -8.03548e-08, 4.28611e-05, -7.69146e-07, 
484, 187728, 69.2417, 105.788, 97.1464, -1.04153e-05, -1.12849e-05, -2.28719e-05, 
485, 276622, 181.512, -100.611, 178.865, -2.0275e-05, 6.48864e-06, -1.91433e-05, 
486, 243315, -79.4777, -144.959, 162.41, 1.23714e-06, 1.29668e-05, -2.96744e-05, 
487, 40125.4, 79.9323, -56.674, 186.913, -7.89181e-06, 3.73663e-06, -3.01347e-05, 
488, 192965, 36.9789, -191.836, -191.802, -3.34081e-06, 2.58962e-05, 2.59524e-05, 
489, 10206.2, 181.457, -84.5086, 148.531, -3.2517e-05, 1.19819e-05, -1.4813e-06, 
490, 99717.1, -65.6571, -143.106, -0.47644, 1.20034e-05, 1.54232e-05, -1.45028e-06, 
491, 23792.7, 61.7843, 22.647, 45.1563, -7.38797e-05, 4.37017e-05, -2.98633e-05, 
492, 185185, -153.39, 101.776, -67.9893, 3.05554e-05, -1.01934e-05, -4.81443e-06, 
493, 160653, 50.4048, -128.246, 38.9666, -4.38534e-06, 8.1827e-05, -2.70786e-05, 
494, 229389, -135.224, 72.9754, -185.982, 1.53285e-05, -1.42992e-05, 3.11673e-05, 
495, 248929, 70.4776, -123.382, 83.0104, -4.86717e-06, 1.08983e-05, -1.03783e-05, 
496, 33504.3, -139.225, 56.0404, -77.2051, 2.06066e-05, -6.23827e-06, 7.61164e-06, 
497, 21766.6, 116.29, -167.37, 80.0111, -3.06783e-05, 2.98202e-05, -5.10667e-06, 
498, 23915.7, 193.872, 161.849, 190.824, -1.3297e-05, -1.3145e-05, -1.51875e-05, 
499, 75412.4, -83.5448, 183.42, 164.057, 5.96711e-06, -2.04435e-05, -1.84762e-05, 
500, 179598, -54.2969, 106.761, 190.863, 6.88842e-06, -1.23372e-05, -2.85852e-05, 
501, 325462, 19.2506, 53.5489, -42.1386, -2.45129e-06, -1.02812e-05, 3.34752e-06, 
502, 71476.9, 78.3176, -23.5063, 3.6612, -9.52539e-06, 1.33577e-06, -7.78518e-06, 
503, 9761.29, -165.827, 101.643, 172.157, 1.59972e-05, -1.29611e-05, -2.20845e-05, 
504, 212845, 162.698, -169.781, -178.462, -1.73543e-05, 1.80566e-05, 2.22954e-05, 
505, 60373.5, 105.601, -139.001, 23.2655, -2.15118e-05, 1.98832e-05, 1.01937e-06, 
506, 47826.2, 87.9566, -6.11874, -31.759, -2.51314e-05, -5.59108e-06, 5.00447e-06, 
507, 188249, 79.8108, -183.781, -168.512, -1.16242e-05, 2.41096e-05, 1.97817e-05, 
508, 71138.1, 161.05, -63.1324, 191.524, -2.09678e-05, 6.65632e-06, -2.59175e-05, 
509, 72333.7, -45.1639, 128.73, -65.0025, 5.13889e-06, -2.10209e-05, 3.45621e-07, 
510, 30891.9, 137.068, 142.662, -117.389, -1.58208e-05, -1.85858e-05, 1.67129e-05, 
511, 251412, -38.7255, -175.943, 28.7245, 6.35594e-06, 1.70582e-05, 1.58884e-05, 
512, 52781.2, 179.497, -70.7168, -191.458, -1.80484e-05, 4.89291e-06, 2.57762e-05, 
513, 242341, 128.126, -123.195, -138.105, -1.33703e-05, 9.54789e-06, 1.55918e-05, 
514, 53369, -132.636, 109.499, -180.012, 9.54158e-06, -1.33484e-05, 2.13752e-05, 
515, 7985.99, -27.1532, 193.472, 6.75947, 4.60805e-06, -3.15623e-05, 8.875e-07, 
516, 139299, -46.4193, 138.407, 135.06, 1.71597e-06, -1.76818e-05, -1.63691e-05, 
517, 28622.2, -149.978, -102.055, -1.97085, 2.00232e-05, 7.50589e-06, -1.47426e-06, 
518, 15175.5, 126.655, 190.484, 20.424, -1.75944e-05, -2.9889e-05, 1.44632e-06, 
519, 89531.9, -132.209, -126.612, 28.2824, 1.86979e-05, 1.12837e-05, -4.09471e-06, 
520, 118061, -12.8145, -43.4783, -144.604, 5.90962e-06, 7.07259e-06, 1.71586e-05, 
521, 49662, 183.846, -125.612, 185.787, -1.69309e-05, 5.8422e-06, -1.83097e-05, 
522, 1122.05, 2.41502, -67.7246, -127.49, 4.47956e-06, 6.72086e-06, 1.63542e-05, 
523, 10798.5, 162.042, -145.053, -150.864, -2.26657e-05, 1.4108e-05, 8.6048e-06, 
524, 26723.5, 11.711, 15.8501, 93.7444, -2.96891e-06, 3.92808e-06, -2.3746e-05, 
525, 5372.91, 101.157, -191.436, -96.6372, -2.17748e-05, 3.34348e-05, 6.40488e-06, 
526, 27640.3, -21.7805, -109.285, -113.384, 2.2209e-05, 1.67205e-05, -1.43303e-06, 
527, 674415, -177.351, -166.602, 198.509, 1.23698e-05, 1.46707e-05, -1.70977e-05, 
528, 35815.6, 167.845, -188.201, -146.6, -1.98024e-05, 2.368e-05, 1.20159e-05, 
529, 450005, 110.639, 145.046, -56.1672, -1.51089e-05, -2.02624e-05, 6.4114e-06, 
530, 352452, 41.0445, 55.048, 92.2881, -2.4988e-06, -9.32368e-06, -1.76292e-05, 
531, 3335.54, 198.579, -163.047, 29.7288, -2.29069e-05, 1.50245e-05, -2.39604e-06, 
532, 58929.6, 1.63533, 142.311, -35.4616, 5.4876e-06, -1.96928e-05, 1.12962e-05, 
533, 85345.4, 92.7429, 71.593, -118.646, -1.30668e-05, -9.48415e-06, 1.80935e-05, 
534, 8915.71, -147.54, -98.1988, -162.542, 7.64105e-06, 1.3468e-06, 2.01408e-05, 
535, 46907, 8.14069, -139.617, 75.4443, 1.07647e-05, 1.83516e-05, -1.10196e-05, 
536, 102952, 97.3087, -21.8755, -106, -0.000626042, -0.000446143, -0.000222005, 
537, 47345.7, 67.0847, 115.08, -163.44, -1.35949e-05, -1.59321e-05, 2.61644e-05, 
538, 40076.9, -95.8045, -65.2902, 90.3017, 8.4886e-06, 1.13407e-05, -1.01036e-05, 
539, 161767, 4.46032, -22.132, 83.1177, 5.24401e-06, 6.56548e-06, -1.73394e-05, 
540, 48070.4, -157.872, 157.259, 29.7533, 2.13479e-05, -1.35713e-05, -9.44744e-07, 
541, 10865.6, -157.6, 1.23252, -5.05417, 2.2766e-05, -5.417e-06, -5.06651e-08, 
542, 56397.1, -153.205, -117.951, -199.574, 8.86925e-06, 5.72876e-06, 2.4725e-05, 
543, 69453.3, 17.1269, -104.186, 141.018, -3.79469e-06, 9.16376e-06, -3.12059e-05, 
544, 1587.01, -167.533, -22.4439, -10.8593, 2.72624e-05, 4.53058e-06, 4.61857e-06, 
545, 17601.1, -69.7707, 111.008, 130.311, 4.13391e-06, -1.01831e-05, -1.59915e-05, 
546, 84768.6, 11.6508, -134.807, 115.772, -1.05473e-05, 2.14183e-05, -1.60785e-05, 
547, 190202, 145.584, 96.9155, -101.019, -2.28127e-05, -1.30134e-05, 1.5876e-05, 
548, 181496, -129.096, 186.832, 180.602, 1.03133e-05, -1.55329e-05, -1.65126e-05, 
549, 143315, 142.655, -53.0871, 189.203, -1.09315e-05, 4.84645e-06, -2.54251e-05, 
550, 54068.3, -66.8191, -71.5059, 169.353, 9.95574e-06, 5.25883e-06, -2.44957e-05, 
551, 263933, 93.4496, -97.2486, -85.7947, -1.41934e-05, 1.65589e-05, 1.53623e-05, 
552, 88304.6, 152.276, -35.7911, 73.7604, -2.13068e-05, 3.84166e-06, -8.377e-06, 
553, 60114.1, 180.551, 73.4592, -116.067, -2.65062e-05, -7.95812e-06, 1.26812e-05, 
554, 331011, -192.225, -167.617, -53.3559, 2.76177e-05, 5.17432e-05, -9.57359e-06, 
555, 315007, 185.819, 28.6049, -184.531, -2.06687e-05, -3.69015e-06, 1.87934e-05, 
556, 262935, 1.03932, -9.85128, 5.82484, -1.01914e-05, -1.82462e-06, 1.1174e-06, 
557, 20051.8, 118.22, 47.2456, -93.2607, -1.36227e-05, -1.91141e-06, 1.69585e-05, 
558, 112994, -109.276, -43.5896, 73.4811, 1.08011e-05, 2.42507e-06, -1.24287e-07, 
559, 46847.3, 51.0807, 179.048, -60.5756, -1.11163e-06, -2.66549e-05, 9.58648e-06, 
560, 96235.5, 45.709, -51.7967, -165.817, -6.85223e-07, 2.25488e-06, 2.57753e-05, 
561, 60123.9, -173.929, -157.146, -193.735, 1.17202e-05, 1.49683e-05, 2.63181e-05, 
562, 81259.8, -23.8836, 194.612, -85.4431, 5.24835e-06, -3.30567e-05, 9.10073e-06, 
563, 356964, -49.3275, -37.4131, -12.0753, 1.59597e-05, 1.16181e-05, 1.83725e-06, 
564, 41893.1, 0.494324, -14.6478, -90.4385, 5.04583e-06, 5.16971e-06, 6.46723e-06, 
565, 75068.1, 161.85, -7.69186, 195.069, -2.6579e-05, -8.30557e-06, -3.87721e-05, 
566, 21457.1, 179.574, 57.9666, -57.2762, -2.89584e-05, -9.89427e-06, 2.81875e-06, 
567, 58224.2, 25.6096, -105.198, -131.503, -1.03733e-05, 9.09592e-06, 1.49928e-05, 
568, 50993.5, -47.9016, -161.148, -170.816, 8.62458e-06, 1.83102e-05, 2.45235e-05, 
569, 127801, 96.3101, -22.6089, -106.387, 0.000476532, 0.000363661, 0.000205553, 
570, 84358.5, 78.653, -178.216, 24.025, -1.29915e-05, 3.1148e-05, 4.69617e-07, 
571, 99801.4, 31.8389, -112.883, 52.3117, 9.68528e-06, 5.39781e-07, -8.66714e-06, 
572, 15485.3, -187.475, 60.2234, 45.15, 3.00816e-05, -9.46312e-06, -5.52616e-06, 
573, 21562, 146.337, -119.092, 120.21, -2.85078e-05, 1.07668e-05, -1.33705e-05, 
574, 11356.2, 190.066, 143.253, -41.5173, -3.15942e-05, -1.38645e-05, 1.93704e-06, 
575, 21438.2, -79.9942, 46.8791, -163.96, 1.34264e-05, -5.0641e-06, 3.25679e-05, 
576, 35585, -60.4358, -54.7314, 103.046, 1.03834e-05, 6.98892e-06, -1.37081e-05, 
577, 24001.8, -53.8343, 17.4969, -118.951, 1.14906e-05, 6.91605e-06, 2.86889e-06, 
578, 81137.3, 180.718, -18.317, -56.2474, -3.12849e-05, 7.11168e-07, -2.33579e-06, 
579, 25592.9, 191.392, 18.1006, -158.531, -2.5871e-05, -1.00867e-06, 9.58422e-06, 
580, 383540, -78.5476, -194.419, -165.462, 1.0536e-05, 2.24158e-05, 1.57049e-05, 
581, 16674.9, 96.3008, 97.3866, -71.0062, -9.0407e-06, -1.21243e-05, 8.65563e-06, 
582, 179917, 17.2405, 81.8078, -104.643, 2.74725e-06, -3.00432e-06, -3.08628e-06, 
583, 71917.1, -110.114, 143.336, 58.7157, 1.14468e-05, -1.05038e-05, -1.72942e-06, 
584, 185684, -1.30391, -76.219, 178.719, 6.46501e-06, 6.0664e-06, -3.1752e-05, 
585, 43304, 108.6, -15.5644, -76.4173, -1.89265e-05, 3.1143e-06, 1.95703e-06, 
586, 345937, 17.703, 8.83397, -156.581, 1.45136e-05, 4.33517e-06, 2.69225e-05, 
587, 31658.3, 186.802, -189.136, 91.084, -1.83798e-05, 1.7978e-05, -2.86412e-06, 
588, 1998.67, -190.924, -174.67, 110.503, 1.8127e-05, 1.9014e-05, -4.67609e-06, 
589, 15011.1, 14.7109, 94.3367, 6.60387, 2.49244e-06, -1.20448e-05, -2.4723e-07, 
590, 127168, -44.3551, 145.014, -196.135, 4.06729e-06, -2.0749e-05, 2.60351e-05, 
591, 174572, -18.0779, -14.4622, 8.61056, 7.38187e-08, 5.32623e-06, -3.89466e-06, 
592, 85676.1, -114.348, -20.6099, -132.713, 1.4962e-05, 3.05914e-06, 1.589e-05, 
593, 15989.9, 131.562, -130.744, -184.66, -1.17664e-05, 9.09891e-06, 2.63861e-05, 
594, 18882.1, -61.2416, 118.217, -187.743, 1.91628e-05, 2.79865e-05, 1.26721e-05, 
595, 70755.6, -48.9566, -197.764, 148.609, -7.63624e-07, 2.97393e-05, -1.90742e-05, 
596, 774340, -13.4116, -132.847, -152.93, 8.96104e-06, 1.44411e-05, 2.08956e-05, 
597, 60954.3, -25.9051, 70.3578, -138.635, 7.98569e-06, -1.44961e-05, 2.39808e-05, 
598, 133923, -68.1679, 84.5331, 157.913, 8.69634e-06, -1.39155e-05, -2.59768e-05, 
599, 111675, -187.039, -168.382, -119.658, 4.72547e-05, 4.95006e-05, -5.62712e-05, 
600, 17636.8, 22.1928, -85.6504, -111.372, -1.9163e-06, 9.91746e-06, 1.07645e-05, 
601, 50047.7, 193.696, 52.7371, -55.9372, -3.26866e-05, -6.22035e-06, 2.2985e-06, 
602, 27978.5, -195.002, 153.269, -93.1067, 2.42353e-05, -1.44561e-05, 7.74829e-06, 
603, 204788, 69.0916, -176.18, -131.795, -9.75895e-06, 2.4408e-05, 1.23518e-05, 
604, 166169, -105.724, 153.609, 100.559, -1.14944e-05, -4.11194e-06, -1.09765e-05, 
605, 51839.5, 88.872, -28.4422, -4.13273, -2.35881e-05, 5.02803e-06, 9.71275e-07, 
606, 42540.1, -105.046, 62.1217, -116.26, 2.46306e-05, 6.56391e-07, 1.12278e-05, 
607, 408.74, -2.6219, 101.402, 130.194, 2.98898e-06, -1.65844e-05, -1.55817e-05, 
608, 209274, -171.617, -117.535, 98.0622, 2.02198e-05, 1.20284e-05, -1.02366e-05, 
609, 19794.7, -191.052, -139.61, -26.8411, 2.09941e-05, 6.07498e-06, -2.25245e-05, 
610, 83633.3, -16.5952, 179.863, -193.954, 1.90142e-07, -1.96598e-05, 2.55344e-05, 
611, 94614.5, -155.83, -117.843, 79.052, 1.57924e-05, 1.47435e-05, -5.31113e-06, 
612, 15097.7, -82.6049, 20.1556, 90.2692, 2.31403e-05, 3.91682e-06, 6.56822e-06, 
613, 29211.7, -157.52, 123.089, 142.96, 2.13661e-05, -1.81706e-05, -2.20915e-05, 
614, 14883.6, -10.6557, 31.0814, 136.585, 2.79533e-06, -6.47383e-07, -2.21186e-05, 
615, 170057, 97.7777, -75.3952, -68.1361, -2.00696e-05, 2.42002e-06, 9.07168e-06, 
616, 59825.1, 181.958, -108.874, -161.018, -2.24647e-05, 4.48054e-06, 1.57721e-05, 
617, 19442.2, 30.6377, 88.2947, -112.44, -4.06991e-05, -5.08117e-06, 1.00248e-05, 
618, 142645, 162.755, -131.37, -163.884, -1.79281e-05, 7.03404e-06, 1.85641e-05, 
619, 102576, 76.6996, 6.21164, 1.19274, -1.34146e-05, -3.2345e-06, 4.5549e-07, 
620, 32351.2, -144.073, 179.428, 94.4, 2.34712e-05, -2.6084e-05, -1.33291e-05, 
621, 18863.3, 186.034, 179.208, -178.086, -9.04359e-06, -5.78285e-06, 1.38554e-05, 
622, 94220, 170.304, 1.91915, 60.6365, -2.74263e-05, -2.18244e-06, -3.94028e-06, 
623, 23438.9, 139.057, -188.306, -156.984, -9.23389e-06, 2.93464e-05, 1.52435e-05, 
624, 56755, -199.956, -125.647, 46.0404, 2.39122e-05, 1.42691e-05, -3.67285e-06, 
625, 257995, 157.654, -15.7472, 179.222, -2.52331e-05, 3.72196e-06, -1.84802e-05, 
626, 93021.5, -190.436, 175.169, 51.7357, 2.21568e-05, -1.75518e-05, 1.0447e-06, 
627, 1011.75, 65.8185, -43.1929, -6.96789, -8.50423e-06, -4.34709e-08, -2.65152e-06, 
628, 49624.3, -87.7945, -179.116, 184.091, 6.29444e-06, 1.93539e-05, -2.156e-05, 
629, 28707, -160.387, -32.3139, 126.937, 2.46295e-05, 2.15652e-07, -1.53133e-05, 
630, 33303.2, -95.3535, 68.9918, -52.2749, 1.39919e-05, -3.62883e-06, 9.25869e-09, 
631, 76125.3, -120.657, -6.06706, 83.2914, 2.06811e-05, 4.93149e-06, -5.76468e-06, 
632, 109298, 29.8566, 103.653, -170.533, -1.03132e-05, -1.11489e-05, 3.06974e-05, 
633, 95538.9, 123.255, 97.9426, 182.051, -1.04245e-05, -1.28183e-05, -2.38928e-05, 
634, 117409, 5.27437, -111.317, -125.71, -9.40881e-06, 1.32235e-05, 9.70753e-06, 
635, 70684.6, -135.939, 165.984, -117.374, 1.54833e-05, -2.28121e-05, 1.57648e-05, 
636, 18793.5, -187.375, -192.727, 76.9943, 1.59189e-05, 1.69692e-05, -4.91336e-06, 
637, 5726.53, -189.086, -42.4085, -161.609, 2.28732e-05, 1.39495e-06, 1.59987e-05, 
638, 45709.4, -149.759, -28.8812, 34.5033, 1.52945e-05, -6.67344e-06, 6.21935e-06, 
639, 134417, 198.064, -72.9112, 55.4752, -2.87676e-05, 8.71275e-06, -1.5095e-06, 
640, 14634.9, -93.4737, 27.7565, -132.283, 2.46586e-05, 3.11763e-06, 1.87037e-05, 
641, 116118, -146.102, 103.568, -77.6262, 5.10122e-06, -1.4622e-05, 2.74821e-05, 
642, 315138, -197.864, -79.2406, 93.7436, 2.54602e-05, 3.88422e-06, -9.50338e-06, 
643, 101158, -54.4881, -89.4752, 133.186, 1.25296e-05, 5.62183e-06, -1.93099e-05, 
644, 24037.5, 129.838, 8.61047, 3.51292, -2.59292e-05, 4.13399e-06, 4.28145e-06, 
645, 89848, -146.858, 156.262, -108.693, 2.38535e-05, -1.43953e-05, 9.72752e-06, 
646, 117972, 169.154, -86.7016, 157.53, -1.53458e-05, 9.47545e-06, -1.17612e-05, 
647, 45860.8, -155.623, -21.6463, -52.8126, 2.17374e-05, 5.5673e-06, -9.18025e-06, 
648, 9587.72, -94.1013, -164.408, 101.543, 1.14876e-05, 1.96341e-05, -5.0511e-06, 
649, 22203.1, -133.353, -48.4435, -170.804, 2.02868e-05, 6.58888e-06, 9.57376e-06, 
650, 44632.5, -90.0406, -181.76, -154.078, 1.96328e-05, 8.94139e-06, 4.20717e-06, 
651, 54137.5, -127.754, -22.2393, 107.687, 2.05194e-05, 1.98762e-06, -1.72269e-05, 
652, 8125.5, -98.5346, -170.208, -110.351, 5.53394e-06, 2.21725e-05, 1.06423e-05, 
653, 75145.5, 58.2677, -57.4928, -10.3652, -5.86689e-06, -2.1752e-06, 8.48936e-07, 
654, 52075, -104.091, 186.37, -144.429, 8.78806e-06, -1.24024e-05, 1.33579e-05, 
655, 118668, -54.4631, 182.581, -21.3266, 4.68408e-06, -2.60872e-05, 1.76908e-06, 
656, 23859.3, 49.0383, -17.1696, 134.086, -6.71133e-06, -1.13236e-06, -1.85239e-05, 
657, 29456, 55.6322, 81.9598, -13.0143, -5.80019e-06, -1.513e-05, 3.32588e-06, 
658, 49905.7, -133.62, 84.6963, 162.011, 1.53369e-05, -7.11602e-06, -3.49167e-05, 
659, 331884, 61.4078, 174.54, 130.123, 1.38443e-05, -2.33158e-05, -1.69696e-05, 
660, 127706, -193.061, 82.8627, 158.596, 2.25818e-05, -1.01702e-05, -8.07135e-06, 
661, 293265, -198.598, -139.642, -52.1662, 5.92091e-05, -2.23557e-05, -2.09627e-05, 
662, 53949.4, -27.0867, 142.145, 105.535, 2.15943e-07, -1.88371e-05, -1.31782e-05, 
663, 61482.6, 86.913, -88.7118, -61.7607, -9.89086e-06, 1.92603e-05, -7.62294e-07, 
664, 58877.1, -118.422, -56.7985, -51.5375, 1.8469e-05, 2.7031e-06, 1.59968e-06, 
665, 93743.5, 72.5294, -43.3583, -193.603, -7.61329e-06, -7.44834e-07, 3.41366e-05, 
666, 79667, 57.6125, -120.348, -116.129, -7.8527e-06, 1.43433e-05, 1.42616e-05, 
667, 84635.4, 20.8241, -62.3693, -121.508, 5.30855e-08, 6.20415e-06, 1.59213e-05, 
668, 1157.83, -142.625, -7.12583, 33.1838, 1.7944e-05, -2.64947e-06, -2.06323e-06, 
669, 14601.6, 82.6357, 54.2306, 109.026, -1.35959e-05, -6.6022e-06, -1.85489e-05, 
670, 55388.2, -188.989, 52.9626, 177.155, 1.36801e-05, -1.54331e-05, -2.45526e-05, 
671, 67549.1, -151.632, 116.825, 116.248, 2.03852e-05, -1.61725e-05, -6.9265e-06, 
672, 177476, 111.786, -19.442, 57.6784, -1.72706e-05, 6.67228e-06, -7.24449e-06, 
673, 245289, 108.249, -77.0867, -34.5306, -2.88491e-05, 1.10621e-05, 1.04928e-07, 
674, 206543, 168.762, 91.3877, 184.195, -1.40988e-05, -6.67783e-06, -2.25727e-05, 
675, 108589, 115.116, -187.608, 193.474, -1.06747e-05, 2.41197e-05, -2.21576e-05, 
676, 261059, 41.683, 120.997, -133.224, -1.24372e-05, -2.86121e-05, 1.82383e-05, 
677, 16455.5, 43.8724, -82.732, 136.761, -8.81993e-06, 3.91145e-06, -2.3503e-05, 
678, 6864.09, 117.974, -85.4441, 43.409, -2.20557e-05, 7.24408e-06, -4.5754e-06, 
679, 100264, -90.7477, 170.467, 77.6977, 6.50874e-06, -2.04271e-05, -1.36053e-05, 
680, 52607.1, 144.209, -100.633, -114.348, -2.10064e-05, 9.28764e-06, 1.23319e-05, 
681, 25595, 69.3087, -69.2296, -159.776, -3.22551e-06, 8.20546e-06, 3.81761e-06, 
682, 174028, -23.4734, -194.947, 167.094, 1.77669e-06, 2.30149e-05, -1.89492e-05, 
683, 11541.7, 63.3574, 109.417, -26.7004, -8.11545e-06, -1.47909e-05, 2.5664e-06, 
684, 283854, 8.66442, -100.84, -174.67, -1.21844e-06, 5.29438e-06, 3.05654e-05, 
685, 119847, -53.3091, -14.2315, -34.126, 2.00267e-05, -3.55374e-06, 1.1525e-05, 
686, 80709.6, -155.048, -15.013, -4.06673, 1.99874e-05, 9.53988e-07, 4.29906e-07, 
687, 4596.96, -199.54, 187.176, 84.4056, 2.47814e-05, -2.7675e-05, -8.47164e-06, 
688, 3503.58, -22.5104, 43.9667, 44.3743, 9.74114e-06, -1.02071e-05, -4.92693e-06, 
689, 37715.9, 199.014, 120.849, -182.319, -2.11365e-05, -1.12449e-05, 2.77677e-05, 
690, 49534.8, -139.879, 174.721, 70.7327, 2.48997e-05, -2.12443e-05, -8.16963e-06, 
691, 46990.8, -139.359, -1.61994, 175.044, 1.64347e-05, 1.83044e-06, -1.94841e-05, 
692, 12613.9, 61.4317, 121.98, 26.6974, -9.65126e-06, -2.44492e-05, 3.70354e-06, 
693, 37646.6, -172.669, -195.292, -60.2268, 1.14771e-05, 2.98628e-05, 1.95742e-06, 
694, 106997, -188.638, -54.2726, -59.8298, 2.62922e-05, 3.92845e-06, 2.50213e-06, 
695, 24788.6, 169.73, 42.2348, -81.8698, -3.00753e-05, -6.24491e-06, 9.68084e-06, 
696, 16894.1, 179.931, 104.901, -116.945, -2.54542e-05, -1.12013e-05, 1.19513e-05, 
697, 2248.63, -155.432, -164.345, -33.0769, 1.02547e-05, 1.96527e-05, -4.80634e-06, 
698, 115041, -91.685, 34.6395, 179.838, 1.29952e-05, 3.24841e-07, -2.87154e-05, 
699, 99640.7, 156.663, -79.0357, 16.7471, -2.52767e-05, 8.77255e-06, -3.09033e-06, 
700, 105761, 49.7619, 159.385, -118.553, -4.23902e-06, -1.74159e-05, 2.02942e-05, 
701, 67029.7, 74.9727, 5.88155, 65.2958, -1.51247e-05, 6.5178e-06, -1.68039e-05, 
702, 125289, -122.837, -58.3721, -104.135, 1.1434e-05, 2.50786e-06, 1.50563e-05, 
703, 373969, -5.78224, -68.9967, -52.1605, 6.05325e-06, 8.82481e-06, 5.303e-06, 
704, 13445.6, -123.463, 101.897, 147.642, 6.75851e-06, -2.40234e-05, -3.36473e-05, 
705, 78609.6, 42.5746, -78.8425, 25.3113, -1.07484e-06, -1.75343e-06, -6.69352e-06, 
706, 114096, 70.8962, 169.955, 31.799, -6.43004e-06, -2.85218e-05, -5.89985e-06, 
707, 659687, -186.496, -148.933, -59.3086, 1.00113e-06, 1.09137e-05, 1.33652e-05, 
708, 1469.91, 145.156, -190.283, -195.348, -9.07148e-06, 1.96192e-05, 2.08425e-05, 
709, 148202, 106.005, -119.663, 108.141, 3.39389e-05, -1.83393e-05, -3.3663e-05, 
710, 46192.1, -97.8267, -37.7975, 119.735, 1.35171e-05, 3.65118e-06, -2.03731e-05, 
711, 2831.45, 98.3599, 86.5435, 123.625, -8.07257e-06, 4.9675e-06, -1.22942e-05, 
712, 188591, 195.71, 118.529, -166.457, -1.90477e-05, -9.3031e-06, 1.01795e-05, 
713, 36742.7, -102.336, -154.543, -150.75, 1.01692e-05, 1.28195e-05, 1.60336e-05, 
714, 25948.2, 111.423, 48.5339, -197.675, -1.53659e-05, -1.72841e-05, 2.61856e-05, 
715, 22966.4, -3.64015, -16.3188, -99.198, 1.04612e-05, 5.7503e-06, 1.86993e-05, 
716, 72690.4, 147.574, 142.185, -55.9995, -1.77815e-05, -1.87158e-05, 4.66758e-06, 
717, 37324.3, -85.0773, 193.994, -130.535, 6.49196e-06, -2.3876e-05, 1.06011e-05, 
718, 390336, -175.162, -129.933, 172.268, 5.50169e-06, -4.01691e-06, -1.6615e-05, 
719, 25169.4, -72.4845, -174.233, -99.8327, 9.28667e-06, 2.26384e-05, 6.77974e-06, 
720, 65520.3, 87.8482, 40.2538, 195.32, 2.73874e-06, -1.21109e-05, -4.15685e-05, 
721, 56199.3, 100.754, -164.993, 64.2547, -1.97547e-05, 3.01649e-05, 3.676e-06, 
722, 67903.7, -113.536, 162.181, -135.223, 1.25117e-05, -2.83661e-05, 5.33944e-06, 
723, 107326, 8.13321, -3.68776, 50.3068, -1.85684e-07, -1.85611e-06, -1.1073e-05, 
724, 163062, 120.685, -129.234, 102.502, -4.99534e-05, 3.12743e-05, 3.75532e-07, 
725, 141818, -192.832, -94.7457, 42.7259, 2.54484e-05, 8.89698e-06, -1.6164e-06, 
726, 17870.8, 74.4538, -55.9511, 104.37, -8.10564e-06, 1.98311e-06, -1.1338e-05, 
727, 118439, 95.5788, 149.29, -81.0358, -8.41655e-06, -2.08244e-05, 1.80561e-05, 
728, 9178.77, -112.827, -26.1686, 198.542, 1.34447e-05, 6.34464e-07, -2.83599e-05, 
729, 134726, -48.5351, -17.3467, -131.221, 1.20196e-05, 6.03264e-06, 1.63028e-05, 
730, 157217, -106.926, 196.102, -47.7407, 3.57235e-06, -3.14157e-05, 1.34716e-05, 
731, 137389, 62.5846, -84.4824, -69.1391, -9.61933e-05, -5.47505e-06, -9.10997e-06, 
732, 641597, 13.5191, 145.849, -6.47945, -1.80751e-06, -2.13436e-05, 1.46052e-06, 
733, 18617.2, 0.931154, -186.8, -164.611, 9.05361e-06, 3.77951e-05, 1.8977e-05, 
734, 47874.8, -64.6544, 102.342, -154.08, 1.35157e-05, -1.29506e-05, 2.39073e-05, 
735, 48715.6, -171.559, -79.658, 68.5363, 2.12275e-05, 6.38642e-06, -6.82006e-06, 
736, 39173.1, 92.5897, 68.0532, 68.7405, -1.75699e-05, -7.0673e-06, -1.15352e-05, 
737, 103307, 107.062, 34.1309, -198.99, -1.21482e-05, -6.33698e-06, 2.98505e-05, 
738, 14507, 185.752, 47.206, 72.2117, -3.02874e-05, -3.32166e-06, -2.14327e-06, 
739, 341421, 13.4276, -186.345, -22.3296, 1.85857e-06, 3.81784e-05, 4.98528e-06, 
740, 15771.6, 163.089, -64.8224, -133.584, -1.83541e-05, 8.12183e-06, 1.73569e-05, 
741, 165849, 2.6171, 24.5067, 83.9151, 6.55943e-06, -5.77673e-06, -1.28717e-05, 
742, 50923.5, -147.092, 91.9043, -20.0193, 2.00799e-05, -1.01023e-05, -2.98297e-06, 
743, 317554, -130.896, 55.7769, -172.367, 1.31034e-05, 3.21067e-06, 1.71118e-05, 
744, 12064.7, 126.484, -142.518, 184.613, -1.48298e-05, 1.21222e-05, -2.53344e-05, 
745, 20172.6, -27.9712, -117.353, 56.8136, 1.82451e-05, 1.12686e-05, -7.41129e-06, 
746, 244599, 60.4711, 176.72, -37.3252, -9.71853e-06, -2.46839e-05, 1.56898e-06, 
747, 12724.6, -63.6205, 87.6533, -194.537, 9.55102e-06, -5.7215e-06, 2.8132e-05, 
748, 25022.8, -27.8584, -169.092, 170.513, 5.36657e-06, 1.55452e-05, -2.28213e-05, 
749, 77817.5, -110.192, -151.113, -0.276999, 3.43093e-05, -2.19637e-06, 6.54709e-06, 
750, 61222.9, -80.7488, -70.4346, 3.97679, 2.03298e-05, 9.58173e-06, -4.56668e-06, 
751, 11195, 159.655, 98.1716, -168.848, -1.99739e-05, -1.31519e-05, 8.6775e-06, 
752, 58174, 100.452, 26.9666, -51.0056, -1.47615e-05, -6.68322e-06, 3.35375e-06, 
753, 107906, 87.0682, 184.346, -1.85409, -1.03846e-05, -2.95921e-05, -2.46319e-06, 
754, 335.438, -64.6219, 153.47, -141.746, 8.51312e-06, -1.95842e-05, 1.68859e-05, 
755, 178129, 112.291, 8.82868, -177.443, -1.31957e-05, -5.41496e-06, 3.20562e-05, 
756, 107862, 6.35173, -46.7065, 130.054, 2.98376e-07, -8.36346e-06, -1.78699e-05, 
757, 170636, -10.2759, -103.931, -121.291, 9.55364e-06, 4.36619e-06, 7.53714e-06, 
758, 90028.5, 90.7412, -186.717, -100.162, -1.10469e-05, 2.83654e-05, 1.01505e-05, 
759, 36272.8, -43.7789, -191.252, -46.6201, 6.98789e-06, 3.2715e-05, 8.08786e-06, 
760, 1426.25, -164.165, -82.2155, -140.908, 1.56947e-05, -9.62064e-07, 1.27828e-05, 
761, 236986, -192.616, 38.3268, 171.945, 2.04861e-05, 3.10255e-06, -1.60107e-05, 
762, 100791, 52.6351, -78.439, -154.687, -2.37429e-06, 1.20004e-05, 1.80373e-05, 
763, 343740, 107.682, 35.8961, 178.221, -2.36765e-05, -1.29413e-05, -1.94494e-05, 
764, 121281, -15.7264, 125.37, 191.352, -2.88222e-06, -1.37479e-05, -2.81469e-05, 
765, 18110.2, 102.228, 148.107, -50.6956, 5.53056e-05, -4.51265e-05, -3.99523e-05, 
766, 45710.3, -58.299, 155.11, 8.40938, 7.31512e-06, -1.74364e-05, 4.32971e-06, 
767, 188328, 36.5729, -194.861, 85.5067, 2.04691e-06, 3.54782e-05, -1.06461e-05, 
768, 36225.5, -179.104, 137.412, -194.972, 2.16663e-05, -1.70269e-05, 2.47218e-05, 
769, 72611.1, -64.1557, -147.889, -163.736, 1.37471e-05, 1.19243e-05, 1.97976e-05, 
770, 251088, -43.4391, -84.1627, -156.712, 1.28935e-05, 6.70198e-06, 2.21998e-05, 
771, 185163, 146.107, -165.037, -157.204, -1.25586e-05, 1.87137e-05, 1.53954e-05, 
772, 251935, 12.9995, -163.619, -152.429, 7.10653e-07, 2.28269e-05, 1.01531e-05, 
773, 19412.7, -134.86, -103.708, -135.683, 8.64497e-06, 4.83376e-06, 1.34183e-05, 
774, 18151.1, -17.7141, 70.4092, -2.62341, 1.15544e-05, -8.09045e-06, -1.37258e-08, 
775, 26502, 135.021, -142.261, -166.171, -9.10552e-06, 1.00537e-05, 2.43217e-05, 
776, 442442, 188.842, -153.991, 188.817, -1.21836e-05, 9.26383e-06, -1.4906e-05, 
777, 159754, 132.951, 92.866, -23.3573, -2.18486e-05, 2.11279e-06, -5.27714e-06, 
778, 6374.99, -195.666, 32.75, -6.68639, 2.87241e-05, -2.2296e-06, -4.33938e-07, 
779, 67820.9, -10.5871, 137.523, -55.6405, 4.26864e-06, -1.90601e-05, 4.93014e-06, 
780, 45912.1, -187.501, -182.49, -110.742, 2.03619e-05, 3.4536e-05, -7.54442e-07, 
781, 19117.2, -22.1052, 16.2927, -121.492, 4.52997e-06, 5.58416e-06, 1.08323e-05, 
782, 73372, 72.1505, 70.0573, -10.3816, -1.18976e-05, -1.1067e-05, 3.5166e-06, 
783, 49985.3, 41.7412, -197.63, -99.9981, -2.20016e-06, 3.58435e-05, 7.16494e-06, 
784, 223513, 156.674, -81.3374, -83.4259, -2.51529e-05, 9.66148e-06, 5.296e-06, 
785, 71830, -11.2228, -54.9565, 128.707, 1.90932e-05, -3.71813e-06, -1.52946e-05, 
786, 271223, 50.4341, -18.0026, -56.7425, -4.11778e-06, 1.63762e-06, 4.2798e-06, 
787, 142564, -5.95345, -18.0129, 39.9332, 5.31132e-06, 6.28827e-06, -1.09032e-05, 
788, 43821.6, -18.5835, -129.64, 147.869, 1.7703e-05, 1.62896e-05, -3.44898e-05, 
789, 293571, 36.2398, -54.5452, 187.123, -1.04423e-06, 2.70005e-06, -3.05676e-05, 
790, 182068, -143.695, 86.198, 136.908, 5.15491e-05, 4.4663e-06, -3.11237e-05, 
791, 3882.64, 159.342, -176.278, -37.5452, -2.67074e-05, 1.87637e-05, -3.94629e-06, 
792, 106324, 181.604, -75.5821, -109.282, -2.55252e-05, 9.18777e-06, 6.50993e-06, 
793, 281720, 150.737, 89.5554, -188.616, -1.4557e-05, -9.20787e-06, 2.1098e-05, 
794, 124977, -59.7717, 126.11, -189.498, 1.59179e-05, -1.47184e-05, 5.23376e-06, 
795, 13842.1, 93.0373, -49.9134, 113.182, -1.0142e-05, 2.87084e-06, -1.00996e-05, 
796, 106517, 96.7156, 30.0895, 183.402, 2.06136e-05, 1.25327e-05, -3.99346e-05, 
797, 38496.1, 5.43121, -174.982, -172.039, 1.71445e-05, 3.06697e-05, 3.43198e-05, 
798, 104998, 58.2002, -164.359, -83.0203, -9.09686e-06, 2.27071e-05, 3.51731e-06, 
799, 37540.4, -77.614, 166.274, 103.863, -8.43771e-07, -2.62516e-05, -1.52053e-05, 
800, 72836.4, 193.134, -136.616, -126.222, -2.61025e-05, 1.17584e-05, 8.23457e-06, 
801, 117980, -179.415, 63.9672, -151.689, 2.36084e-05, -6.96212e-06, 1.27688e-05, 
802, 58093.9, 138.735, -133.574, -38.5135, -2.24298e-05, 1.50683e-05, 5.7666e-07, 
803, 152886, 34.753, -1.37644, 112.076, -3.23941e-06, 9.70162e-07, -1.41239e-05, 
804, 6553.1, -88.7209, -96.4735, 147.443, 1.22664e-05, 3.85065e-06, -2.05784e-05, 
805, 139346, 55.0633, -76.4783, -3.34318, -2.7751e-06, 4.63492e-06, -4.08707e-07, 
806, 101696, 44.5012, 25.1859, 47.7262, 7.71616e-05, 5.02738e-05, -7.20756e-05, 
807, 73054.7, -115.013, -165.272, 199.83, 6.42775e-06, 1.35988e-05, -2.19526e-05, 
808, 39324.5, 161.279, -138.474, 192.935, -5.04066e-06, 8.78404e-06, -2.20828e-05, 
809, 134492, 15.8956, 97.22, 156.242, 1.54847e-06, -1.66934e-05, -2.62683e-05, 
810, 143930, 156.133, 117.447, 0.50862, -3.00432e-05, -1.39566e-05, -4.35237e-07, 
811, 164362, -149.744, 80.1505, -51.9384, 1.91976e-05, -3.81165e-06, 3.27893e-07, 
812, 63296.4, -195.269, 54.1267, 85.1517, 2.79316e-05, -4.47483e-06, -7.849e-06, 
813, 129107, -134.721, -170.494, -120.875, 3.9296e-06, 2.33571e-05, 8.08015e-06, 
814, 71605.3, -117.012, 195.764, 31.5953, 1.11567e-05, -3.29191e-05, 4.62342e-06, 
815, 150705, 41.2821, 189.828, -32.4422, 3.2161e-06, -3.53072e-05, -4.87711e-07, 
816, 14565.4, -20.103, 24.9156, -155.223, 5.97419e-06, -3.11708e-06, 3.09183e-05, 
817, 350158, -120.178, -173.417, 5.85751, 1.66557e-05, 2.64117e-05, -2.48721e-06, 
818, 65973.3, -175.413, -10.8525, 74.9405, 2.61515e-05, -4.69236e-07, -9.91151e-06, 
819, 14620.8, 131.365, 17.7508, -150.351, -2.38068e-05, -1.22416e-05, 1.6848e-05, 
820, 99687, 121.332, 2.0105, 70.7883, -2.00892e-05, 2.37877e-06, -1.25137e-05, 
821, 78813.5, -166.943, 190.932, -158.38, 1.53463e-05, -1.8667e-05, 9.83525e-06, 
822, 52670.6, -32.3144, 4.24391, -29.2548, 9.15583e-06, -1.25076e-05, 7.50745e-06, 
823, 19096.8, 14.0903, -174.409, -22.4059, -1.08654e-06, -1.41313e-05, 8.90511e-06, 
824, 166820, -147.886, 52.0569, -27.9406, 1.97157e-05, -2.42623e-06, -7.96336e-07, 
825, 26810.7, -24.6564, -73.0775, -116.169, 5.40102e-06, 6.084e-06, 1.27736e-05, 
826, 28486, -147.868, -117.901, -137.656, 3.76006e-06, 5.76306e-06, 1.05366e-05, 
827, 103034, -25.0056, -157.473, -98.6621, 1.12212e-05, 2.05701e-05, 2.37892e-06, 
828, 14279.7, 166.848, -120.35, -60.9614, -2.53632e-05, 1.32384e-05, 3.00752e-06, 
829, 8741.97, -120.763, 17.0803, -66.3097, 3.01672e-06, 1.78859e-05, -7.54664e-06, 
830, 53313.4, 100.404, 93.7949, 126.613, -1.27675e-05, -1.0848e-05, -1.90002e-05, 
831, 117922, 73.3104, -131.928, 100.377, -3.5628e-06, 2.44973e-05, -2.91936e-05, 
832, 47162.9, -152.324, -175.949, -130.714, 1.24515e-05, 2.67534e-05, 1.43164e-05, 
833, 8286.71, -65.727, 41.8448, 140.975, 1.68188e-05, -6.64636e-06, -2.3615e-05, 
834, 23512.6, 93.5908, -37.3998, -82.9861, -1.93552e-05, 1.04401e-05, 8.28501e-06, 
835, 48012.9, 98.6926, 131.891, -4.86612, -1.11051e-05, -1.91927e-05, 2.32444e-06, 
836, 244767, -127.298, 27.956, -72.2545, 1.68676e-05, -3.22904e-06, 4.03711e-06, 
837, 11064.7, 172.554, 92.8991, -192.236, -2.63889e-05, -9.03704e-06, 2.10997e-05, 
838, 20634.6, 133.745, 166, -0.768948, -1.80071e-05, -2.55649e-05, -1.1905e-06, 
839, 57541, 152.96, 34.2495, -103.197, -2.35681e-05, -5.6481e-06, 1.33339e-05, 
840, 20463.4, 107.493, 182.129, 150.715, -1.29297e-05, -2.13038e-05, -2.20553e-05, 
841, 159860, -32.4007, -11.0333, 16.0047, 2.16997e-05, -4.86216e-06, -2.17962e-05, 
842, 62195.8, 104.858, -172.348, -62.042, -6.48122e-06, 2.02845e-05, 6.75846e-06, 
843, 45687.8, 150.636, 94.3173, 90.5955, -2.05294e-05, -9.04523e-06, -6.9164e-06, 
844, 34083.5, 107.793, -33.8818, -147.103, -1.5058e-05, 5.75916e-06, 2.23842e-05, 
845, 167100, -99.4327, -33.1783, 181.952, 1.08166e-05, 3.52642e-06, -2.30897e-05, 
846, 5197.57, 152.689, 111.208, 28.6133, -3.1875e-05, -9.53895e-06, -6.89652e-06, 
847, 136991, 186.733, -68.5719, 85.8794, -2.69912e-05, 6.88528e-06, -9.11204e-06, 
848, 76877.2, 78.6155, 173.225, 133.027, -2.68764e-06, -6.12242e-05, -7.10854e-06, 
849, 58225.5, -128.259, 154.545, -138.171, 2.13591e-05, -1.33844e-05, 1.64094e-05, 
850, 82478.8, 65.39, -77.7561, 180.865, -6.34598e-06, 9.28879e-06, -2.82984e-05, 
851, 48702.7, -57.0449, -151.826, 193.685, 3.9721e-06, 1.24409e-05, -2.62985e-05, 
852, 115173, 195.173, 1.5842, -91.3097, -4.71724e-05, -5.29378e-06, 1.25335e-05, 
853, 307338, 149.503, 134.472, 80.4683, -2.30341e-05, -1.66879e-05, -6.03415e-06, 
854, 185629, -184.811, -165.626, -125.682, 7.77078e-06, 2.55032e-06, 5.07281e-05, 
855, 56299.4, -165.865, 134.918, -15.4398, 2.17967e-05, -1.21328e-05, -2.54574e-06, 
856, 91465.5, -146.103, -35.6801, 198.793, 1.35294e-05, 2.67336e-06, -2.11055e-05, 
857, 130127, -34.2001, 188.12, -141.829, 1.67845e-06, -2.49583e-05, 1.42299e-05, 
858, 3417.81, -9.17458, -32.9312, -158.087, -2.99618e-06, 1.40355e-05, 1.102e-05, 
859, 108190, 84.2401, -47.8853, 16.398, -1.55777e-05, 5.02739e-06, -8.43552e-06, 
860, 123255, 94.7918, -138.879, 89.8845, -1.95543e-05, 2.85335e-05, -9.92072e-06, 
861, 28925, -92.3878, 47.153, 91.4668, 1.77947e-05, -3.9609e-06, -2.38287e-06, 
862, 23416.1, -7.61085, 41.6653, -44.6384, 1.60973e-05, -3.40358e-06, 3.92203e-06, 
863, 17645.7, 121.94, -44.5279, -94.8052, -2.22723e-05, 6.53763e-06, 1.11374e-05, 
864, 10434.5, -177.848, 28.5741, -33.3242, 2.56284e-05, -1.47494e-06, 3.46735e-07, 
865, 50602.6, -158.193, -164.9, 32.1024, 2.04251e-05, 1.81498e-05, -7.28745e-06, 
866, 35549.3, -148.218, -38.6059, 129.658, 1.82083e-05, 3.18542e-06, -1.88014e-05, 
867, 21006.8, -86.3121, 21.0784, 77.6811, 1.60773e-05, 9.79387e-07, 5.928e-06, 
868, 137997, 29.7985, 85.3281, 135.049, -9.96987e-08, -1.95707e-05, -1.58397e-05, 
869, 80183, 180.448, 141.447, 165.103, -1.49526e-05, -1.66522e-05, -1.71435e-05, 
870, 199490, -90.271, 77.26, -116.193, 8.53033e-07, -1.29019e-05, 1.7902e-05, 
871, 137961, -60.0562, -182.328, -12.715, 1.14173e-05, 2.87212e-05, 8.92648e-07, 
872, 152630, -115.29, 68.2963, 61.5466, 1.39551e-05, -9.04256e-06, 5.01327e-06, 
873, 255954, 86.3968, -13.4649, 138.526, -7.61209e-06, -3.54621e-07, -1.76297e-05, 
874, 153344, 77.732, -152.105, -63.3022, -1.90315e-05, 7.00409e-06, 7.99332e-06, 
875, 243212, -5.04575, -155.937, -3.09666, 1.05243e-05, 6.19192e-05, 2.36451e-05, 
876, 97858.1, -104.977, 198.823, -147.388, 1.04963e-05, -2.97287e-05, 1.62095e-05, 
877, 9197.93, 199.08, 175.27, -183.359, -2.28603e-05, -3.83536e-06, 1.24207e-05, 
878, 559028, 52.264, -117.924, 32.8166, -1.42066e-05, -6.37623e-06, 1.23802e-05, 
879, 72394.2, 134.088, -155.062, -137.556, -1.09469e-05, 1.68003e-05, 9.34953e-06, 
880, 643448, -193.2, -117.899, -148.17, 3.92581e-05, -1.85662e-06, 1.36749e-05, 
881, 196113, -106.209, -95.2656, -51.839, 2.87525e-05, 9.87427e-06, 6.23565e-06, 
882, 87696.5, -9.37884, 151.882, 4.66589, 1.95802e-05, -2.55918e-05, -5.11414e-06, 
883, 54149.7, 88.8849, 107.624, 135.506, -8.05431e-06, -1.55821e-05, -2.22574e-05, 
884, 12053.6, 126.505, -53.7361, 62.7116, -1.91623e-05, 7.24957e-06, -6.22607e-06, 
885, 91619.3, -55.0229, -71.9287, -199.116, 9.77349e-06, 4.26471e-06, 2.90616e-05, 
886, 57455.7, 42.5027, -8.44538, -126.028, -7.71642e-06, 7.79463e-06, 1.34096e-05, 
887, 35863.2, -89.6004, 108.484, 79.8552, 8.46772e-06, -1.46889e-05, -9.20532e-06, 
888, 141989, 60.8916, 190.897, 150.17, -1.55777e-07, -3.09619e-05, -2.66682e-05, 
889, 88802, -113.278, 75.3487, 112.615, 1.22762e-05, -6.71016e-06, -1.06016e-05, 
890, 139498, 49.9549, -166.579, 66.3806, 7.76728e-06, 2.11878e-05, 1.67769e-06, 
891, 27006.8, 122.028, 114.37, 137.668, -1.2344e-05, -1.58262e-05, -2.20494e-05, 
892, 155547, 125.819, 26.9635, 79.4411, -2.00692e-05, -4.29281e-06, -1.35499e-05, 
893, 38489.7, 80.4599, 23.7789, 89.7029, -1.36123e-05, -1.87461e-06, -1.76274e-05, 
894, 47483.5, 121.338, 185.901, 142.215, -1.5394e-05, -2.24092e-05, -1.54934e-05, 
895, 161457, -110.295, 16.6693, 95.657, 1.64834e-05, 4.47797e-06, -7.7393e-06, 
896, 36062.2, -134.441, 13.3364, -2.30604, 1.6963e-05, -8.23668e-07, -9.57436e-07, 
897, 77190.3, -129.386, -198.698, -71.5596, 1.03817e-05, 2.62015e-05, 3.35075e-06, 
898, 208617, 194.886, -137.334, -181.299, -2.17818e-05, 9.14189e-06, 1.76324e-05, 
899, 74295.9, -150.418, 4.72912, -65.1811, 2.25429e-05, -3.98084e-06, 2.03491e-06, 
900, 25043.3, -142.318, -164.42, -127.661, 1.5273e-05, 7.90511e-06, 2.26423e-05, 
901, 67224.6, 114.385, -82.4386, -181.033, -1.81229e-05, 8.13906e-06, 2.49888e-05, 
902, 88868.3, 122.64, -81.3762, 177.455, -1.05887e-05, 8.11323e-06, -2.47568e-05, 
903, 115188, 191.111, 192.765, -173.675, -1.35162e-05, -1.6718e-05, 9.75052e-06, 
904, 204594, -124.98, 179.045, 50.3867, 2.64113e-05, -2.83633e-05, -5.84844e-06, 
905, 201036, 98.4698, -140.147, 177.619, -8.1529e-06, 1.17101e-05, -2.97618e-05, 
906, 28556.6, 126.388, -19.7553, -186.223, -8.25081e-05, -1.82668e-05, 4.19861e-05, 
907, 12157.4, 139.896, 159.368, -95.6307, -1.2608e-05, -2.10265e-05, 1.46626e-05, 
908, 34602.5, 41.7411, 99.3254, 156.673, -6.44611e-06, -1.88347e-05, -2.78176e-05, 
909, 86744.5, -57.8723, -31.2822, 189.831, 6.42251e-06, 2.33489e-06, -2.65982e-05, 
910, 221669, 21.1807, -116.422, 103.376, 2.4656e-05, 3.18963e-05, -1.43193e-05, 
911, 97442.4, -109.431, 154.55, -142.791, 3.80197e-06, -8.99734e-06, 2.43315e-05, 
912, 298610, 51.9264, 28.6453, 43.4158, -2.4377e-05, 8.51471e-05, -0.000109138, 
913, 379606, -119.874, 161.405, 102.854, 2.53306e-05, -2.48307e-05, -1.83875e-05, 
914, 97228.7, -39.9067, 158.813, 147.965, 9.71028e-07, -2.50409e-05, -2.08494e-05, 
915, 320598, 130.273, 110.683, -33.8115, -1.80538e-05, -1.67479e-05, 4.59509e-06, 
916, 7327.83, 173.484, 113.886, 177.045, -1.15766e-05, -1.84934e-05, -2.17509e-05, 
917, 35705, 42.8771, 122.125, 35.8089, -2.08099e-07, -2.5312e-05, -2.34301e-06, 
918, 342474, 21.2716, -116.132, 77.8289, 3.46412e-06, 7.38747e-06, -5.57251e-06, 
919, 66720.6, -130.817, -69.2705, 121.584, 2.31725e-05, 1.13954e-05, -3.34392e-05, 
920, 65542.4, 40.2335, 22.5558, 120.209, -5.03962e-06, -4.18408e-06, -2.13595e-05, 
921, 6241.52, -169.472, -80.9187, 166.383, 1.47665e-05, -3.78997e-07, -1.49719e-05, 
922, 618351, 51.7308, 34.5675, 36.5763, -6.37784e-06, -5.99128e-05, 5.94358e-05, 
923, 79778.9, -190.759, 173.212, -4.72601, 2.49307e-05, -1.46659e-05, 1.55717e-06, 
924, 45720.9, 155.168, -69.6861, 73.3172, -2.13898e-05, 7.28709e-06, -4.06335e-06, 
925, 8739.97, 89.2539, 114.085, 150.902, -8.70811e-06, -1.48393e-05, -2.60984e-05, 
926, 25700, -29.2409, -12.2333, -32.8552, 6.79424e-06, -4.03888e-06, 4.22854e-06, 
927, 169457, -34.659, -16.4135, -2.32947, 1.43048e-05, 1.33735e-06, 7.41449e-06, 
928, 359465, -121.153, 158.447, -69.1578, 1.51499e-05, -2.0392e-05, 9.16427e-06, 
929, 271813, -158.626, 174.483, -43.5681, 2.37994e-05, -1.97703e-05, 3.23404e-06, 
930, 93145, -177.414, -114.155, -63.348, 1.51871e-05, -6.10394e-06, 2.67955e-06, 
931, 1980.54, -199.856, -161.862, 124.084, 2.23232e-05, 1.71834e-05, -4.53074e-06, 
932, 105732, -153.435, -185.82, -161.522, 7.34661e-06, 1.93465e-05, 1.10081e-05, 
933, 72024.8, -99.1072, 78.9453, 154.114, 7.39158e-06, -8.55698e-06, -3.11938e-05, 
934, 193279, -164.027, -150.942, -115.615, 9.38263e-06, 1.02904e-05, 5.05725e-06, 
935, 66304.2, 69.1145, 16.8622, 191.548, 3.77565e-07, -2.02781e-07, -3.12289e-05, 
936, 28554.2, -180.3, -132.901, 4.27805, 2.1535e-05, 1.11927e-05, -5.48853e-06, 
937, 146878, -126.156, -65.9389, 109.933, 1.50778e-05, 7.05505e-06, -1.09969e-05, 
938, 107389, 116.318, 113.272, 87.7857, -1.12962e-05, -1.19086e-05, -1.24326e-05, 
939, 254737, -170.434, 99.8229, -169.142, 2.11491e-05, -8.98698e-06, 1.60378e-05, 
940, 362900, 117.187, 25.4756, 25.623, -1.99148e-05, -2.43773e-06, -2.3212e-06, 
941, 310219, -109.176, 190.963, -26.6687, 8.39354e-06, -2.51483e-05, -6.94764e-06, 
942, 89928.3, 103.341, 176.13, -32.6014, -1.43221e-05, -2.97911e-05, -9.33363e-07, 
943, 33545.9, 109.344, 90.7999, -122.949, -1.61569e-05, -1.45739e-05, 1.92488e-05, 
944, 29356.3, 71.3718, -165.019, -67.8499, -3.25375e-06, 4.34138e-05, 1.82882e-05, 
945, 2891.82, -124.637, 134.398, -94.5041, 1.99702e-05, -1.24712e-05, 1.89816e-05, 
946, 106908, 111.234, -176.077, 155.053, -1.64285e-05, 2.32492e-05, -2.74932e-05, 
947, 53758.8, 38.8826, 133.709, -109.229, -4.90712e-06, -2.25053e-05, 4.87452e-06, 
948, 59548.6, 8.58571, -102.974, 9.63112, 5.46509e-06, 1.69755e-06, 2.65533e-07, 
949, 31224.3, 144.179, -32.6384, -60.0461, -2.44748e-05, -2.59022e-07, 4.70111e-06, 
950, 135293, 81.8239, 168.474, 137.109, -3.57989e-05, 6.38919e-06, -5.27269e-05, 
951, 83674.9, -114.378, 33.3474, 96.1847, 2.37006e-05, -9.66281e-06, -1.22717e-05, 
952, 149938, 186.035, 13.7858, -32.2211, -3.10627e-05, -9.27234e-07, -4.13888e-07, 
953, 53489, -45.2011, 110.421, -70.9203, 4.51446e-06, -8.47228e-06, 3.95824e-06, 
954, 111690, 18.4152, -171.501, -168.125, 3.21894e-07, 3.16745e-05, 3.22128e-05, 
955, 16236.9, -164.655, 124.527, -170.168, 1.83853e-05, -1.10731e-05, 1.13524e-05, 
956, 91001.1, -22.6057, 198.164, 119.132, 3.04403e-06, -2.56676e-05, -1.40996e-05, 
957, 9403.74, -107.624, -122.619, -102.331, 1.17435e-05, 9.88187e-06, 1.07285e-05, 
958, 25399.8, 82.6141, 25.7813, -59.3434, -1.01539e-05, -8.44752e-06, 6.55414e-06, 
959, 62610.3, 186.994, 142.342, -11.971, -2.76063e-05, -1.55541e-05, -1.02349e-06, 
960, 142089, -59.7013, -190.206, 139.074, 8.32628e-06, 2.57169e-05, -1.13443e-05, 
961, 74241.4, -58.8562, -195.853, -165.118, -1.25239e-05, 2.49997e-05, 1.58172e-05, 
962, 4867.39, -18.706, -89.8087, -38.8991, 1.19829e-05, 1.81596e-05, 8.43495e-07, 
963, 62376.8, -90.4669, 133.13, 145.129, 1.31719e-05, -1.84748e-05, -2.70762e-05, 
964, 84458.3, 32.5208, 71.4331, 142.146, -3.41188e-06, -1.61224e-06, -2.76766e-05, 
965, 554298, -61.8749, 24.1459, 102.388, 4.53499e-06, -5.10068e-06, -6.82623e-06, 
966, 286819, -132.984, 91.8379, 131.579, 6.42159e-06, -2.65884e-05, -7.04629e-06, 
967, 190355, -152.592, 44.2582, 82.4423, 2.76538e-05, -2.24086e-06, -1.0167e-05, 
968, 59116.3, 137.477, -150.751, 29.1695, -1.72854e-05, 1.94589e-05, -2.67465e-06, 
969, 292484, 118.377, -2.65803, 190.411, -7.01499e-06, 1.42495e-06, -3.19025e-05, 
970, 9267.95, 8.38447, -192.261, -176.294, 5.09693e-06, 3.44211e-05, 2.43858e-05, 
971, 13799.8, -47.5412, -101.576, 118.383, 1.28264e-05, 8.39231e-06, -1.01775e-05, 
972, 36812.6, -11.9738, -111.818, -89.0481, 6.43379e-06, 1.56698e-05, 3.23789e-06, 
973, 8567.97, -87.8734, 66.9674, 87.041, 1.80063e-05, -7.78545e-06, 6.13306e-07, 
974, 15274.9, -59.371, -125.615, -72.1717, 7.19831e-06, 1.74618e-05, 3.18338e-06, 
975, 16243.1, -48.6115, 11.141, 112.245, 7.93399e-06, 0.000123139, -3.93578e-05, 
976, 36388.5, 26.4789, 135.991, -132.554, 5.1892e-06, -3.2231e-05, 1.81491e-05, 
977, 58456.9, -173.384, 179.665, -196.363, 1.53923e-05, -1.57794e-05, 1.69717e-05, 
978, 308042, 126.688, 67.0505, -76.2996, -8.58505e-06, -3.57696e-06, -2.64759e-06, 
979, 177518, 181.252, -0.323316, -88.113, -1.90793e-05, -2.32468e-06, 6.69655e-06, 
980, 48173.2, 145.365, -142.248, 10.0783, -2.00549e-05, 1.61361e-05, 2.43888e-06, 
981, 16457, 160.45, -43.2106, -11.4599, -2.88612e-05, 2.5878e-06, -2.66718e-06, 
982, 24972.9, 71.0135, -184.003, -48.7667, -8.45785e-06, 3.42476e-05, 5.32871e-07, 
983, 180722, 176.496, 25.6322, 97.9171, -2.62616e-05, -3.17049e-06, -1.07868e-05, 
984, 15823.6, -71.0578, 1.63291, 18.7508, 2.2594e-05, -2.93761e-06, -7.63753e-06, 
985, 67737, 54.2585, -145.607, -68.0965, 2.26378e-06, 1.42011e-05, 5.62696e-06, 
986, 54113.7, 85.1113, -74.0031, -187.409, -2.40565e-05, 1.37938e-05, 4.74585e-05, 
987, 129911, -180.285, -120.435, -143.857, -3.87518e-05, 1.52775e-05, -1.75049e-05, 
988, 11482.3, -87.1223, -40.8345, 123.566, 5.46392e-06, 6.78247e-06, -2.27186e-05, 
989, 187468, -153.017, -30.8839, -195.463, 1.94577e-05, 4.52185e-07, 2.2352e-05, 
990, 88037.8, -147.877, -81.8754, 50.7519, 1.59691e-05, 8.40287e-06, -3.47163e-06, 
991, 158223, -60.6447, 164.637, 29.9735, 5.37073e-06, -2.17733e-05, -1.26633e-06, 
992, 43448.3, 123.098, -52.8423, -61.0612, -2.12326e-05, 3.40383e-06, 9.83906e-06, 
993, 47459.5, -198.828, 5.87155, -40.6877, 2.84194e-05, 1.15468e-07, 1.80831e-06, 
994, 93004.3, 97.873, 132.94, -184.307, -9.41054e-06, -1.53977e-05, 2.39687e-05, 
995, 31263, 12.4135, -14.932, 76.7628, -1.30622e-05, -7.08082e-06, -4.52915e-06, 
996, 11694.1, 195.071, 178.924, -185.288, -1.37704e-05, -1.15895e-05, 2.00942e-05, 
997, 9620.06, 37.3394, -76.4629, 148.931, -6.90962e-06, 4.85884e-06, -2.66814e-05, 
998, 59369.4, -155.083, 176.609, -183.213, 1.04278e-05, -1.9122e-05, 1.58081e-05, 
999, 12369.9, -185.425, 2.19978, -15.7268, 2.67361e-05, -1.45761e-06, 4.22163e-07, 
