ID, Mass [kg], pos_0 [m], pos_1 [m], pos_2 [m], vel_0 [m/s], vel_1 [m/s], vel_2 [m/s], 
0, 4982.76, 1.57891, 4.46027, -1.07254, 0.000418626, -0.000716673, -0.000981606, 
1, 84564.5, -17.4098, -5.85494, -28.0327, -0.00255826, 0.000333384, -0.00528686, 
2, 143976, -3.69271, 4.91618, -2.94722, 0.00160862, 0.00173298, -0.0012266, 
3, 12096.4, -0.211921, 0.508697, -3.77039, -0.00169198, -0.00443164, 0.00248952, 
4, 108584, 2.61151, -41.1879, 40.8071, -0.000503023, -0.0052733, 0.00523566, 
5, 224267, -1.30307, 3.57474, -3.13062, 0.000506165, 0.00680809, -0.00831145, 
6, 6023.5, -4.0838, 1.19175, -17.7078, -0.000182976, 0.000663535, -0.00230832, 
7, 12734.1, 2.57601, 2.96813, -3.38198, -0.00647276, 0.0102152, -0.00207515, 
8, 29188.7, 2.71824, 3.87156, -3.04437, 0.00431642, 0.00774623, 0.00127723, 
9, 37892.9, 5.85642, 4.16813, -11.6326, 0.00281285, 0.00308215, -0.00194356, 
10, 282.759, 20.3779, -21.036, 28.8109, 0.003222, -0.00370301, 0.00416513, 
11, 75028.9, -13.746, -57.3181, 36.3425, -0.00191068, -0.00764163, 0.0060857, 
12, 29068.2, 0.648707, 11.8849, 7.76347, -0.00214179, 8.33015e-05, -0.00491028, 
13, 142762, -1.38047, -2.8631, -4.80847, -0.00268311, 0.00123335, -0.00260475, 
14, 289648, -3.36824, -1.85056, -1.63409, -0.00180059, 0.00167242, -0.000808776, 
15, 17335.1, -32.9693, 10.3687, 45.5193, -0.00470948, 0.00131805, 0.00525691, 
16, 37341.1, 41.6026, -22.0164, -30.0465, 0.00652059, -0.00268476, -0.00512529, 
17, 206687, -0.297133, 4.02767, -5.13015, 0.00626315, -0.00282449, -0.00602266, 
18, 253630, 3.29881, -5.52276, 2.41894, -0.000284536, -0.00539838, -0.00277214, 
19, 40480.6, 0.597336, 3.36297, -10.0557, -0.00151902, 0.003545, -0.00319195, 
20, 176293, 0.0337689, 25.4301, -38.4882, -0.00102308, 0.0029162, -0.00310725, 
21, 17357.4, -14.9235, 8.73123, 7.72845, 0.000669442, -0.00063594, -0.001824, 
22, 241662, -0.743135, 6.2989, -2.10583, 0.000313629, -0.00422342, 4.38791e-05, 
23, 144304, -6.79976, 2.88752, 0.537496, -0.0012612, -0.00222852, -0.00727731, 
24, 449735, -0.465313, 2.31211, -3.82426, 0.00327758, -0.00195667, 0.00780013, 
25, 31022.8, -4.58343, -16.3424, 17.7736, -0.000566768, 7.52519e-05, -0.000639253, 
26, 277840, -1.97441, -0.747519, -4.12323, -0.00294287, 0.00656712, -0.00701865, 
27, 22179, -2.34633, 5.67979, -25.6757, 0.00152329, 0.00272318, 0.000765013, 
28, 7726.87, 37.4882, -10.3952, -50.8854, 0.00517826, -0.000727633, -0.00780704, 
29, 88891.4, -3.24193, 11.1754, -4.75388, 0.00277139, 0.00342483, -0.00522021, 
30, 193310, 22.5679, 23.3567, -36.0104, 0.00110969, 0.00266815, -0.00400129, 
31, 53721.6, -44.4792, -51.6612, 30.6163, -0.0082308, -0.00722502, 0.00398941, 
32, 149583, -0.449393, 5.8739, -2.05255, 0.00253959, -0.00338458, 0.000971703, 
33, 188997, -0.920628, 12.334, -8.46081, 0.00258404, -0.000295573, 0.000937626, 
34, 147623, 2.23365, 6.98109, -5.24855, -0.00320466, 0.00324286, -0.00412734, 
35, 35433.4, -1.88909, -14.758, 48.4705, -9.27821e-05, -0.00106648, 0.00632545, 
36, 379972, 0.857908, 9.13257, -9.05772, 0.00137485, 0.00527483, -0.00166342, 
37, 174579, 11.7347, -23.4116, 38.4227, 0.00147096, -0.00336301, 0.00625238, 
38, 31779.4, -9.20075, 21.6924, -2.25154, 0.000957965, 0.000349418, -0.00320191, 
39, 17933.7, 16.6802, -14.3036, 9.27022, 0.00215316, 0.000728978, 0.000521724, 
40, 9826.32, -2.84639, 15.1358, -32.274, 0.00173385, 5.63532e-06, -0.00242117, 
41, 92983.9, 14.0859, 18.974, -53.4432, 0.00133894, 0.00271995, -0.00756572, 
42, 36951.3, -21.4909, 11.9414, -25.4861, -0.0014092, 0.000591679, -0.00160074, 
43, 6279.37, 5.91253, 3.75776, -8.89124, 0.0023877, 0.00285719, -0.00371221, 
44, 18926.2, -6.80095, 11.4385, -0.716041, -0.0025489, 0.00490505, -0.00404915, 
45, 13388.8, 2.60727, 10.1909, 27.5718, -0.000834137, 0.00150584, 0.000677453, 
46, 57039.7, 0.432154, 3.02069, -8.61288, -0.0068582, 0.00767452, -0.00351858, 
47, 165793, -5.0253, -1.71265, -5.16407, -0.00368963, -0.00114594, -0.00326892, 
48, 95584.4, 4.54337, -5.14817, 8.83662, 7.15346e-05, 0.00296378, -0.0020088, 
49, 49905.3, 3.15, 2.99116, -3.6618, 0.000379318, 0.00204403, 0.00556343, 
50, 72486.3, -2.24633, 1.80306, -7.60028, -0.00163863, -0.00284072, -0.00440463, 
51, 332159, -5.23079, 7.16446, -6.85476, 0.000302574, -0.0014278, -0.00454443, 
52, 12900.8, -1.85827, 5.87739, -2.8772, 0.000492856, -0.0086296, -0.00338712, 
53, 159525, 0.619001, 5.45539, -4.06202, -0.00324727, -0.00185556, -0.00578884, 
54, 73837.4, -7.60533, 6.93333, -4.43358, -0.0060886, -8.41456e-05, 0.00330881, 
55, 125355, 1.72852, 8.03733, -0.264686, -0.0015711, -0.00286899, 0.00794655, 
56, 28797.6, 3.62763, -4.12611, 16.0362, 0.00170798, 0.00184875, -0.000216555, 
57, 91269.6, -0.309134, 8.7771, 0.408419, -0.00158727, 0.0013588, -0.00416385, 
58, 5483.02, 30.3955, 7.63446, 52.8499, 0.00407321, 0.0015929, 0.00774489, 
59, 142050, 2.68298, 9.4805, -5.93747, -0.000877893, -0.00125492, -4.47679e-05, 
60, 184526, -2.01279, 8.71495, 0.816513, -0.00210434, 0.00830895, -0.00128032, 
61, 58050.4, 2.21205, 0.943556, -3.96949, 0.0031912, 0.000365958, 0.0053487, 
62, 96236, -19.126, -33.9439, 19.9524, -0.00240886, -0.00360043, 0.00189649, 
63, 23636.2, 13.2773, -16.8915, -1.12028, -0.000579467, -0.00129926, 0.000990342, 
64, 29280.4, -1.79092, 6.05999, -6.02255, -0.0017571, 0.00127536, 0.00588024, 
65, 161524, -17.8994, -16.8076, 2.69917, -0.000259161, 7.30394e-05, -0.000918141, 
66, 67938.3, -1.73217, 3.4573, -3.56192, 0.0124977, 0.00105966, 0.00420718, 
67, 267084, -2.73119, 8.05886, -6.01436, 0.00153277, 0.00200312, -0.00458487, 
68, 69388.9, 47.5637, -22.1292, 16.5964, 0.00756384, -0.00239314, 0.00199046, 
69, 47165.6, 8.34971, 25.6054, -50.066, 0.000465652, 0.00318283, -0.00543791, 
70, 201127, 4.54056, 0.716612, -1.42727, -0.00268328, 0.00274882, 0.00776687, 
71, 105689, 33.9866, 25.6224, 34.9561, 0.00545409, 0.00306065, 0.00395665, 
72, 14582, 0.649978, 11.1223, -4.96682, -0.00428675, 0.00645045, -0.00088553, 
73, 76931.6, -18.3811, -17.8357, 2.79771, -0.000954244, 0.000536999, -0.00256985, 
74, 237815, 0.542436, 9.70467, -2.46872, 3.55407e-05, 0.000895828, -0.00112152, 
75, 105565, 48.0753, -9.90632, -61.3504, 0.00745738, -0.000330989, -0.00988906, 
76, 170875, -4.80295, 8.06384, 5.90223, -0.00287758, -0.00183663, 0.00264687, 
77, 17853.6, -0.53265, 5.34361, 6.4604, -0.0018459, -0.00232268, -0.00511628, 
78, 24497.1, 2.54757, -3.91831, 2.08516, -0.0051793, -0.00127263, -0.00114203, 
79, 101855, -4.66333, -26.6005, 26.4305, 0.000314572, -0.00344147, 0.0015766, 
80, 95013.6, -3.01464, 5.13541, -7.61598, -0.00356333, -0.00456093, -0.000639582, 
81, 141297, 20.987, -20.9846, 37.7636, 0.00330411, -0.00354585, 0.006351, 
82, 151080, 2.16716, 3.86514, -6.46337, 0.00474997, 0.00164158, 0.00758422, 
83, 260791, 0.347295, 5.16631, -3.73139, -0.00195653, 0.00278122, 0.00451305, 
84, 100223, 1.91624, 7.53743, -11.1238, 0.00202662, -0.000685164, -0.00236562, 
85, 7966.28, 1.56052, 5.36125, -3.30797, -0.00890311, 0.00691658, 0.002552, 
86, 58175.3, -25.8451, -27.0749, 26.7774, -0.00311508, -0.0030121, 0.00276778, 
87, 628317, 0.223963, 4.28116, -4.09154, -0.00575677, 0.00226115, 0.00498478, 
88, 82285.2, -26.4949, -39.176, 35.4898, -0.00266442, -0.00422817, 0.00606139, 
89, 161291, -0.346677, 9.42196, 2.48966, -0.00506767, 0.00214743, -0.000569659, 
90, 79687.2, 4.27594, 4.7188, -9.73882, 0.00591887, 0.00590653, -0.000526605, 
91, 310528, -5.19394, -43.0154, 34.4252, -0.000240346, -0.00459566, 0.00453495, 
92, 30795.2, -6.2937, 6.92955, -17.5311, -0.00229505, 0.00165697, -0.00100792, 
93, 519908, 0.99326, 5.27173, -9.9513, -0.00528293, 0.00162695, -0.000437771, 
94, 101104, 0.663395, 2.37852, -13.9234, 0.0037371, -0.000140486, 0.00186215, 
95, 23620.3, 4.32585, 9.8362, 0.0728762, 0.00231185, 0.00280375, 0.00301485, 
96, 8104.4, -1.02692, 9.68234, 1.495, -0.00169876, 0.00180153, -0.00250696, 
97, 234265, 0.841735, 5.10884, -4.99627, 0.00332628, -0.00520752, -0.00417984, 
98, 3741.53, -0.437446, 22.3101, 30.0088, -0.000231665, 0.00393058, 0.00127601, 
99, 5528.05, 6.41653, 0.168209, -0.340566, 0.00127593, 0.00153036, 0.0021985, 
100, 6655.21, 7.32273, 9.35691, -4.28378, 0.000995424, -0.00230966, -0.00206887, 
101, 74442.9, 15.0402, -43.829, 32.9912, 0.00331487, -0.005815, 0.00542916, 
102, 271819, -21.8484, 16.412, -38.5606, -0.00182392, 0.00322009, -0.0035486, 
103, 173429, -6.6253, -14.3941, 22.952, -0.00166267, 1.69918e-05, 0.0016846, 
104, 132164, -17.7965, -8.21189, 3.51757, 0.00128697, -0.000721976, 0.000891345, 
105, 293403, 4.52905, 5.67763, -4.37482, 0.000404744, 0.00561381, -0.00480884, 
106, 91810.3, 2.23366, 2.11973, -4.9982, -0.00278599, -0.00299271, -0.0060623, 
107, 203740, 4.31864, 8.7789, 1.60841, -0.00204224, -0.000782832, 0.000633221, 
108, 124900, -2.14165, 7.14697, -12.7469, -0.0069712, 0.00197215, -0.00512746, 
109, 153482, 3.2567, 3.97554, -2.66926, 0.00399929, 0.000107739, 0.00391948, 
110, 95805.7, -4.67132, -3.74301, -15.2582, -0.00134356, -0.000335876, -0.00086544, 
111, 47735.2, 3.07805, 9.67602, 14.9818, -0.000882375, -0.000397693, -0.0024106, 
112, 24494.2, -3.63062, 12.0447, 4.64574, -0.00397174, 0.00424048, 0.00152159, 
113, 39205.1, 6.00955, -29.676, 18.6904, 0.000795405, -0.00179676, 0.00162571, 
114, 24723, -25.0525, -76.514, 29.0321, -0.003723, -0.0126155, 0.00465505, 
115, 15671.3, 14.987, 46.4315, 35.5914, 0.00204323, 0.00747656, 0.00558953, 
116, 320473, -19.7026, -32.6713, 15.9391, -0.00181469, -0.00355436, 0.00166205, 
117, 54072.2, -14.8627, -27.4308, 21.212, -0.0012453, -0.00221991, 0.00183265, 
118, 20992.2, 3.79864, 41.1084, 59.618, -0.000134956, 0.00617834, 0.00800617, 
119, 68943.4, -0.877971, -45.8468, 46.4496, 0.00110537, -0.00603851, 0.00706477, 
120, 176775, 2.2723, 9.07554, 3.8293, -0.00231909, 0.00600263, 0.00294001, 
121, 28501.8, -1.62125, 4.27148, -4.6991, 4.43473e-05, 0.00415756, 0.00830133, 
122, 93263.7, 9.78148, 17.9876, -13.8664, 0.00170477, 0.00113143, 0.00311582, 
123, 54631.4, 41.8407, 4.27588, -37.1724, 0.00519836, 0.00154373, -0.00505583, 
124, 28486.7, 3.52759, 10.9755, -9.9792, -0.000660303, -0.00265138, 0.00123751, 
125, 45940.3, -8.16763, 5.33335, -49.1573, -0.00139097, 0.00247619, -0.0050452, 
126, 58147.3, -0.270193, 5.31859, -1.34009, -0.00499232, -0.00783674, 0.00217175, 
127, 314510, 9.55464, 34.119, 36.4628, 0.00177263, 0.00401668, 0.00384497, 
128, 66689.7, 6.88417, 13.1336, -5.68613, 0.00223655, 0.00491092, 0.000392601, 
129, 293196, 22.8372, -12.1859, -49.9807, 0.00258015, -0.000737354, -0.00702274, 
130, 58957.4, 1.2661, 0.343225, -8.81854, -0.00495987, -0.00217978, -0.00156728, 
131, 26864.5, 30.6397, -16.1983, -47.5427, 0.0033293, -0.00178089, -0.0066222, 
132, 14537.9, 17.9202, 14.0379, -42.3969, 0.000720469, 0.00244866, -0.00448585, 
133, 59690.8, 3.02123, -3.03145, 1.53289, -0.00133431, 0.00190889, 0.00495608, 
134, 71873.2, -4.16045, -0.954767, -11.2451, 0.00454692, 0.00510134, 0.000258834, 
135, 9549.31, -1.43711, 1.18459, -5.26085, 0.000611169, 0.00472623, -0.00365873, 
136, 48774.7, -8.21102, -43.9366, 34.5645, -0.00016368, -0.00456355, 0.00600771, 
137, 177196, -10.9458, -3.67161, -0.449794, 0.00116412, 0.00323305, -0.00299549, 
138, 29597.5, -4.30651, 3.57043, -2.94044, -0.00372933, -0.00319257, 0.00601117, 
139, 32591.9, -20.7296, -24.9318, 18.994, -0.00164089, -0.00280937, 0.00141357, 
140, 153581, -21.7699, -20.2913, 20.123, -0.0027221, -0.000132203, 0.00195778, 
141, 131949, 2.03296, 11.7142, -6.62528, -0.00160099, -0.00106132, 0.000615619, 
142, 20789.6, -0.238571, 11.4865, -6.42875, -0.00649522, -0.00135933, -0.000512181, 
143, 36049, -26.2461, -21.3008, 27.1531, -0.00334286, -0.000434044, 0.00293382, 
144, 177733, 1.72516, 4.36254, -3.98767, 0.00500681, -0.00745305, 0.00715304, 
145, 143909, -12.0891, 39.8243, 32.8227, -0.0010351, 0.00626916, 0.00452805, 
146, 76057.7, -1.28947, 1.74152, -2.75811, -0.000842252, 0.00369188, 0.00228888, 
147, 21460.3, 1.84922, 3.91876, -6.67312, 0.00348384, 0.0077387, -0.00278986, 
148, 28241, 14.7043, -7.24951, 11.7535, -0.000979473, -0.0019409, 0.00220882, 
149, 77611.6, -4.12748, 1.75141, -2.60879, -0.0012043, -0.00140576, -0.00391114, 
150, 42249.4, -1.70235, 2.96735, 1.94447, -0.00337077, 0.00373011, -0.00156262, 
151, 30574.3, -5.56457, 5.5919, -15.6042, -0.00148887, 0.00195149, -0.000481127, 
152, 45197.8, -2.32595, -29.2493, 41.1951, 0.00044215, -0.00183267, 0.00621691, 
153, 71843.5, 6.18547, 6.66073, -2.33949, -0.00302224, -0.00484345, 0.00499989, 
154, 71612.1, -16.3787, -16.9251, 2.30345, -0.00199807, 0.000360302, 0.000646497, 
155, 53086.9, -2.00611, 17.4471, -12.5888, 0.00115092, 0.00385815, -0.00195503, 
156, 50912.6, 1.0435, -0.487212, -4.58221, 0.000576195, -0.00447821, 0.00395914, 
157, 422843, -1.47051, 3.29207, -1.19331, -0.00228737, -0.00279433, 0.000145556, 
158, 35700.8, -29.9286, 34.9678, 35.8715, -0.00354878, 0.00522956, 0.0048629, 
159, 46045.4, -0.361013, 2.16533, -4.25155, -0.0103785, -0.00026219, -0.000228789, 
160, 152279, 23.2257, 0.97629, -28.8496, 0.00132382, 0.00104626, -0.0026108, 
161, 142259, 7.02872, -0.100659, -4.31171, 0.00678709, 0.00419987, -0.00342, 
162, 22811, -11.0639, -24.2595, 22.9264, -0.00024919, -0.000862524, 0.00211632, 
163, 44215.6, -10.9994, -16.8963, 43.5505, -0.000524592, -0.00181659, 0.00567124, 
164, 78004.8, 3.62646, 4.35998, -4.12772, 0.00554303, -0.000109485, -0.0106399, 
165, 116840, 32.5215, -13.8482, 27.1417, 0.00369432, -0.000777945, 0.00301189, 
166, 26576.3, 1.37347, -50.9059, 50.9948, 0.00180519, -0.00701428, 0.00844269, 
167, 178987, -1.48594, 7.51978, -7.57155, 0.000834266, -0.000549781, -3.78827e-05, 
168, 105332, 6.68642, -19.5405, 8.79459, 0.000533896, 1.92866e-05, -0.00140116, 
169, 17416.3, 1.32863, 6.61725, -3.26535, -0.00690473, 0.00810672, -0.00334263, 
170, 188196, -20.8309, -56.2268, 45.6583, -0.00274954, -0.00802342, 0.00774328, 
171, 154087, 4.0293, 5.18259, -9.36036, 8.22805e-05, 0.0025428, -0.00177957, 
172, 221417, 5.40806, 4.14639, -10.2493, -0.000311981, -0.00521849, -0.00228035, 
173, 30581.6, 0.381115, 5.79931, -4.67969, 0.00482631, 0.0101621, -0.00153443, 
174, 257561, -0.638448, 1.73235, -6.19471, 0.00452386, -0.00382528, 0.00182437, 
175, 25785, -3.98239, -56.163, 24.9481, -0.000288004, -0.00811927, 0.00422814, 
176, 48638.1, 16.1033, 13.2823, 26.0654, 0.00134651, 0.000689802, 0.0011084, 
177, 10067.2, -11.5161, 5.11742, 5.31378, 0.00375232, -0.000221389, -0.00135703, 
178, 44588.6, -41.4911, -56.0037, 37.0613, -0.00753901, -0.00829956, 0.0054116, 
179, 92749.3, 2.6173, 1.93344, -6.48966, -0.00466477, -0.000615878, 0.00461386, 
180, 92871.7, 8.08779, 0.688605, -16.2656, 0.00111537, 6.94047e-05, 0.00384742, 
181, 247270, -0.608569, -22.3334, 9.23916, -0.000152363, -0.000328392, 0.000740974, 
182, 486916, 0.344647, 5.98925, -3.63973, 0.00303297, 0.00244787, 0.00266999, 
183, 368942, -0.982643, -18.4205, 12.8287, 0.000426916, 0.00032019, -0.000561745, 
184, 177502, -30.2076, 17.6117, -14.389, -0.00281053, 0.0011793, -0.000693085, 
185, 207343, -0.630961, 5.23855, -0.932875, -0.00115401, -0.0056891, -0.00527712, 
186, 187409, 1.47162, -0.627614, 2.21637, 2.68471e-05, -0.000786804, -0.00548835, 
187, 2227.5, -16.9756, -39.1929, 22.9384, -0.00154748, -0.00382322, 0.0029503, 
188, 123729, -0.0935711, 13.189, -10.7322, 0.00064166, 0.000653891, 0.00111993, 
189, 104967, -0.639061, 1.36735, -1.72435, -7.27566e-05, -0.00247824, -0.00132841, 
190, 66861.3, 33.9692, 45.4517, 24.6374, 0.00500294, 0.00582537, 0.00284066, 
191, 273746, -5.83466, 8.96671, -8.01739, 0.000884576, 0.00284805, -0.00629612, 
192, 237580, 1.34005, 0.737784, -1.87282, -0.00168677, 0.00527274, -0.00456434, 
193, 172963, -12.9328, -54.2748, 33.5358, -0.000884303, -0.00713993, 0.00541848, 
194, 93590.7, 0.340166, 1.93382, -4.16872, -0.000189571, -0.00742753, 0.00601303, 
195, 163125, -10.5039, -29.7499, 19.5584, 0.000212138, -0.00221073, 0.00170549, 
196, 160121, -21.0091, -16.5762, 24.349, -0.00243391, -0.000953355, 0.00154569, 
197, 122511, -2.21107, 4.93159, -0.379901, 0.0059029, 0.00380259, 0.00104064, 
198, 16991.2, -39.7146, 32.9775, 23.6493, -0.005951, 0.00570872, 0.00364998, 
199, 27557.8, -11.2286, 11.9968, -4.01342, 0.00268059, -0.00157809, -0.00322184, 
