ID, Mass [kg], pos_0 [m], pos_1 [m], pos_2 [m], vel_0 [m/s], vel_1 [m/s], vel_2 [m/s], 
0, 97975.8, 26.9405, -37.0671, -20.1996, -0.000347109, 0.000412676, 3.56916e-05, 
1, 77894.7, -11.7356, -26.2895, -33.3925, 0.000309015, 0.000365504, 0.000376499, 
2, 11402, -34.1585, -29.2551, 42.5318, -0.000382789, 2.69448e-07, -0.00020148, 
3, 66098.7, 26.6415, 19.5811, 13.7093, -0.000375574, -0.00019677, -0.00012044, 
4, 44838.5, 46.3153, 40.6035, 18.6744, -0.00048561, -0.000491293, 6.13801e-05, 
5, 294431, -24.3137, 12.3906, 3.63702, -0.000393527, 0.000303224, 0.00116251, 
6, 45520.7, -16.4697, 27.36, -46.2603, -4.4505e-05, -9.43917e-05, 0.000482333, 
7, 104607, -37.3246, -30.9124, 43.3569, 0.000603185, 0.000642093, -0.00100453, 
8, 18630.4, 31.6552, 32.5791, 20.7607, -0.000297641, -0.000397877, -0.000141482, 
9, 6880.78, 11.9619, -39.857, 31.4944, -0.000143266, 0.000434098, -0.000358918, 
10, 62559.5, 34.5015, 13.463, 40.1341, -0.000231519, -0.000137584, -0.000403074, 
11, 25475.3, -22.535, -15.0156, -44.3407, 8.88896e-05, 5.56309e-05, 0.000685539, 
12, 71640.3, 30.0915, -2.71681, 10.8011, -0.000669036, 7.86671e-05, 0.000207368, 
13, 19375.1, 28.2729, -8.01906, -37.1755, 0.000703739, 0.00330178, 0.00158639, 
14, 192659, -34.9858, -29.935, 40.4116, -0.000118188, 0.000160614, 0.000144187, 
15, 90493.3, 15.0042, 10.4975, 39.6238, -0.000402485, 3.86575e-05, -0.000987607, 
16, 55088.9, -14.7149, -11.6388, -24.6892, 0.00012548, 9.54949e-05, 0.000392161, 
17, 128599, -16.2068, -4.49339, 26.2588, -4.96124e-05, 7.02534e-05, -0.000453469, 
18, 2686.61, -13.1589, -2.05647, 24.6288, -0.000634784, -0.000342082, -0.000219819, 
19, 57797.8, -46.9517, 25.7907, 25.0755, 0.000859033, -0.000170993, -0.000216073, 
20, 50565.7, 38.0328, 25.5141, -16.1034, -0.000524435, -0.000149463, 0.000102619, 
21, 170562, -5.6201, -23.867, -36.6545, -0.000154847, 0.000121379, 0.000604265, 
22, 46366.2, 26.8608, 17.534, -22.6269, -0.000236017, -0.000183414, 0.00014538, 
23, 48064, 43.6081, 36.7494, 21.1683, -0.000309851, -0.000216265, -0.000107945, 
24, 10737.9, 22.7459, 22.9228, 31.2378, -0.000215354, -0.000299853, -0.00030454, 
25, 6821.61, -34.5089, -18.2447, -2.31945, 0.000307866, 0.000840469, 0.000580489, 
26, 85103.7, -18.9026, -19.7375, 22.8513, 5.487e-05, 0.000192206, -0.000145144, 
27, 20373.4, 7.44787, -39.7731, -21.2662, -0.0003501, 0.000845566, -0.000303571, 
28, 40858.5, -27.0514, -13.4108, 27.0652, 5.56954e-05, 2.19254e-05, 0.000170402, 
29, 20052.6, 23.4761, 2.72381, -28.2391, -0.000226384, -0.000230638, 0.000157658, 
30, 30553.1, 45.7814, -19.8311, -10.1853, -0.000616852, 0.000242425, 0.000173367, 
31, 162518, -29.7541, -48.0601, 7.69077, 0.000221728, 0.000546633, -4.61716e-05, 
32, 65626.2, 13.6398, -13.5643, -0.322629, -0.000254728, 0.000250837, -2.93913e-05, 
33, 187658, -44.352, -32.002, 48.0591, 0.000676603, 0.000363229, -0.000597418, 
34, 143234, 12.029, 45.0247, -49.0463, -7.09411e-05, -0.000288962, 0.000380704, 
35, 251764, -40.156, 36.6996, -41.1075, -0.00207217, 0.0011524, 0.00187102, 
36, 188234, 4.80661, -48.8264, 11.9085, -0.000162851, 0.000567509, -0.000110449, 
37, 145115, -17.0936, -30.1254, 19.6344, 2.49385e-05, 0.000462249, -0.000131106, 
38, 97491.5, 43.0103, -5.50917, 0.234399, 0.000739606, 0.00137091, -0.000512017, 
39, 31783.6, -30.895, 37.0136, -27.4781, -8.29713e-07, -0.000278405, -4.58563e-05, 
40, 3660.49, -16.6673, -30.0426, 0.464028, 0.000319513, 0.00057314, -0.000112807, 
41, 6882.93, 20.2079, 32.6181, 14.3352, -0.000150932, -0.000704866, -0.000136933, 
42, 15820.5, 27.6651, 9.06817, -34.9917, -0.000305651, -0.00028044, 0.000382698, 
43, 12851.8, 12.8408, 11.7171, 36.2873, -0.00151581, 0.000308715, -8.52991e-05, 
44, 207554, -46.2675, -43.148, -28.6882, 0.00042161, 0.000586923, 0.000214969, 
45, 14218.7, 19.7153, 17.6462, -14.9765, -0.000274058, -0.000196394, 0.000194993, 
46, 94578.2, 39.6741, 31.9263, 37.2765, 0.00142946, 0.000244949, 0.00158893, 
47, 139467, 49.0515, 32.9454, 48.6142, -0.000401903, -0.000220874, -0.000399518, 
48, 34799.6, 31.6351, 27.5703, 8.29652, -0.000502192, -0.000377242, -2.9825e-05, 
49, 52524.3, -12.0054, 15.1573, -16.4766, 7.47887e-05, -6.02552e-05, 0.00049826, 
50, 168682, -47.6136, -26.9741, -29.8832, 0.000844627, 9.32323e-05, 0.000262259, 
51, 4879.07, -35.3954, -6.80608, -36.5809, 0.000363478, -0.000313731, 0.000597527, 
52, 127413, -27.6731, -45.269, 46.8061, 3.92154e-05, 0.000510343, -0.000516914, 
53, 2820, -17.7369, 44.1314, 2.34834, 4.47475e-05, -0.000687027, 0.000250289, 
54, 67623.2, 13.8007, 11.2516, 36.2702, 1.9806e-06, -0.000322529, 8.55077e-05, 
55, 124781, -11.2527, 37.8717, -22.591, -0.000116434, 0.000139962, 0.000117494, 
56, 44370.6, 1.38964, 0.510061, -10.0065, -0.000120873, -0.000215637, 0.000658232, 
57, 51907.6, -7.65593, -33.5647, 2.97146, -1.56522e-05, 0.000652776, -0.000131127, 
58, 101111, -48.3222, 44.3747, 7.61304, 0.000558352, -0.00042033, 4.01321e-05, 
59, 12663.5, 38.2829, -6.39303, 21.3867, -0.00035575, 0.000263733, -0.000211877, 
60, 211734, -9.04198, 42.8188, 20.6341, -7.29403e-05, -0.000513749, -0.000296848, 
61, 14072.5, 35.3704, -24.581, -16.002, -0.000390458, 0.000185887, 0.000177231, 
62, 39936.1, 40.5889, -46.6494, -14.3202, -0.00030743, 0.00049855, 7.24984e-05, 
63, 94816.2, -32.7866, 14.6054, -2.74884, 0.000889956, -0.000119555, 0.000695687, 
64, 294722, 23.9882, -1.36159, 15.8045, -0.000201183, -3.63151e-05, -0.00032117, 
65, 115209, -38.361, -42.0366, -7.2446, 0.000389702, 0.000429234, 2.39625e-05, 
66, 297505, -3.73764, 48.0298, 13.0663, -0.000298054, -0.000708818, 0.000130508, 
67, 109371, 39.0064, -14.4629, 28.5664, -0.00035751, 0.000284299, -0.000227437, 
68, 50319.5, 14.2934, -24.1579, 14.4676, -0.00042789, 0.000359019, -0.000344199, 
69, 94497.4, -15.5456, 3.86328, -40.6255, 0.000113834, -9.15637e-05, 0.000538597, 
70, 28507.8, 18.7489, -3.76168, 40.4327, -0.000148693, 0.000148029, -0.000525605, 
71, 20301.8, -1.68994, -33.9476, -11.362, -0.000215873, 0.000628923, 0.000111215, 
72, 5514.46, -24.9796, -10.9804, -44.3137, 0.000214612, -0.000150981, 0.000663061, 
73, 51713.3, 9.22496, -27.3751, 17.1784, -0.000110191, 0.000483001, -0.000412467, 
74, 54078.6, -29.1852, -14.857, 29.2411, 0.000554864, 0.00041364, -0.000393281, 
75, 100331, -20.8109, -47.5052, -24.9001, 0.000156713, 0.000622014, 0.000284673, 
76, 16592, -17.4952, 2.49588, 46.5447, -0.000104548, -4.63646e-06, -0.000643069, 
77, 214624, 1.3867, -6.66513, 7.65945, 9.10448e-07, 0.000329441, -0.000607174, 
78, 77042.2, -0.328534, -17.1979, -0.49481, -0.000309089, 0.000421936, -0.000158694, 
79, 131835, -39.2222, 34.4358, -36.4146, -4.07513e-05, 0.000669509, -0.00111074, 
80, 36841.1, 30.0854, 15.3316, -26.2594, -0.000490944, -6.75832e-05, 0.000386763, 
81, 30218.7, -39.7279, -45.8534, 22.9589, 0.000435482, 0.000470811, -9.06152e-05, 
82, 5693.83, -24.7716, -18.2564, -21.0136, 7.74298e-05, 0.000140264, 9.99613e-05, 
83, 46120.3, 47.032, 15.6058, -37.327, -0.000437265, -0.000110448, 0.000270375, 
84, 20479.4, -24.5526, -45.9704, -7.65409, 0.000180605, 0.000611315, 1.81021e-05, 
85, 115679, -11.9433, -46.0499, 23.7696, -0.000100301, 0.000581083, -0.000206484, 
86, 124413, -40.9713, -21.7666, 43.8278, 0.00052357, -0.000177038, -0.000420413, 
87, 14754.9, 32.91, 4.70369, 26.42, -0.000259501, -0.000182218, -0.000401707, 
88, 1562.9, 2.48669, 24.8733, -30.4084, -0.000130859, -0.000217056, 0.00039929, 
89, 213089, 46.0137, 1.96396, 22.7116, -0.000621137, -9.77613e-05, -0.000299702, 
90, 131961, 46.4411, 0.407547, 9.51919, -0.00071741, -0.00014652, 2.0881e-05, 
91, 25620.6, -47.9848, 2.84656, -12.6345, 0.000800125, -1.86887e-05, 0.000182578, 
92, 36643.2, -22.6433, 23.7852, 27.4651, -0.00147367, 0.000353083, -0.00150714, 
93, 10124.3, -14.7911, -4.00656, 20.77, -0.000105634, 0.000105106, 0.000106965, 
94, 134912, 20.8876, -14.7262, -0.252055, -0.000571516, 0.000232227, 2.15181e-05, 
95, 352934, 3.82714, -1.08684, 1.03194, -0.000298546, -0.000304714, 0.000147219, 
96, 53519.9, -36.3412, -8.83075, 42.6585, 0.00032968, 0.000265265, -0.00041344, 
97, 179640, -28.3859, 20.7566, 5.1695, 0.000613024, -0.00102742, 0.000396871, 
98, 92275.8, 37.2769, -20.8242, -29.6599, -0.000528453, 0.00021614, 0.000222309, 
99, 37250.3, -10.0248, -41.9923, -40.5426, 0.000153986, 0.000395663, 0.0004296, 
100, 237086, -25.7838, -42.303, 32.6376, 9.73158e-05, 0.000538597, -0.000201536, 
101, 89616.5, -40.1723, 3.53429, -12.1724, 0.0005446, -2.85098e-05, 0.000263424, 
102, 131392, -38.6176, -11.3885, 24.1299, 0.000627448, 0.000109274, -8.68772e-05, 
103, 134711, 39.8448, 31.9565, 37.5467, -0.00151791, -0.000839888, -0.00115025, 
104, 108522, 20.6045, -17.8148, -36.2832, -8.31078e-05, 0.000282452, 0.0004102, 
105, 228291, 45.4699, -1.3648, 44.2069, -0.000422108, -0.000374148, -0.000571176, 
106, 233820, 28.5033, 47.0387, -16.2225, -0.00033633, -0.00064006, 4.39569e-05, 
107, 93778.3, -32.9617, -11.272, -19.4269, 0.000373684, -0.000141634, 3.11662e-05, 
108, 109531, -7.37436, -6.05428, -4.39988, 0.00026557, -3.31105e-05, 0.000259694, 
109, 162559, -35.3401, -15.3662, 0.520345, 0.000525108, 0.000180766, -3.0531e-05, 
110, 104548, -19.1994, 46.4699, -45.0256, -8.79135e-05, -0.000407122, 0.000401367, 
111, 390486, -36.324, 1.9022, 45.7821, 0.000313388, -8.65277e-05, -0.000548378, 
112, 17258.3, 3.53177, -27.2984, 25.1261, -0.000126239, 0.000347014, -0.000475453, 
113, 11495, 41.76, 15.7172, -3.57468, -0.000514907, -0.00022305, 0.000119734, 
114, 198051, 27.1872, 37.559, -25.6488, -0.000567918, -0.000983565, 0.00134137, 
115, 43163.1, 11.185, -29.9135, 4.87007, -0.000281904, 0.000714051, -2.77396e-05, 
116, 54122, -15.8765, 29.0767, 37.0494, -0.00026575, -0.000340409, -0.000917857, 
117, 7321.58, -16.9545, 12.8119, 24.0899, -0.000231829, 0.000222007, -0.000464355, 
118, 45671, 36.9485, 26.3749, -46.2349, -0.00030817, -0.0001489, 0.000388896, 
119, 335394, -27.0438, 37.7655, 20.5708, 0.000217792, -0.000819417, 3.87772e-05, 
120, 146744, -14.8319, -32.5558, -18.8466, 5.75855e-05, 0.000452551, 0.000324489, 
121, 144968, -22.4228, 23.8329, 28.8061, -0.00120492, 0.000318742, -0.000907477, 
122, 58573.5, 8.68717, 17.7078, -5.4331, -0.000310511, -0.000426754, 0.000143543, 
123, 69771.2, -12.0306, -4.79645, -26.2109, 3.21492e-05, -0.000178448, 0.000471724, 
124, 73065.8, -35.5283, 39.9567, 2.70625, 0.000493746, -0.000555457, 0.000193364, 
125, 176383, 44.5236, -7.28569, 41.9961, -0.000286168, 0.000623567, -0.000244654, 
126, 46062, 38.9437, -15.6537, -4.65924, -0.000477435, 0.000343857, 0.000170789, 
127, 56478.2, 39.1109, 29.9114, 41.3375, 2.07201e-05, 0.000226019, -0.00104381, 
128, 73371.6, 7.40788, 8.80518, -47.062, -9.02128e-05, -0.000139058, 0.000576882, 
129, 64320, -21.5296, 35.1524, 10.1871, -5.20778e-05, -0.000578382, 0.000363227, 
130, 34299.5, -41.6572, -23.5246, -32.9902, 0.000711114, 0.000199885, 0.000857699, 
131, 95466.1, -15.7608, -41.2289, -14.9866, 7.08042e-05, 0.000741013, 9.41322e-06, 
132, 38698.9, -42.7919, -40.863, 7.19247, 0.000510451, 0.000341937, -7.37994e-05, 
133, 99701.7, -13.1623, 14.6919, 8.72145, -0.000456409, -0.000162766, -0.000119204, 
134, 390402, -8.81759, -20.3589, -5.67774, 0.000145306, 0.000377863, 0.000116918, 
135, 51660.2, 2.29832, 13.1611, 39.8406, 0.000114771, -0.000141357, -0.000684869, 
136, 67734.6, 26.0505, 42.8837, -10.8505, -8.79164e-05, -0.000154358, -0.000433117, 
137, 2782.49, 5.7784, 3.02239, -36.8925, -0.000122978, -0.00121368, 0.00116959, 
138, 74344.9, 22.2515, 27.429, 14.2663, -0.000220172, -0.000412912, -0.000153147, 
139, 97141.8, 26.1661, -23.0222, -5.90043, -0.000450475, 0.000450971, 0.000130057, 
140, 210366, -8.84234, 25.6965, -12.0521, -8.03011e-05, -0.000326914, 0.000264047, 
141, 40577, 4.6858, 29.8418, -5.8395, -0.000273933, -0.000446827, 0.000103031, 
142, 42182, 42.0185, 2.01809, 17.1538, -0.000166452, -0.000186444, 9.89603e-05, 
143, 43465.5, -37.1343, 20.4702, 29.0428, 0.0010854, 0.000207622, -0.000564777, 
144, 15541.7, -26.9327, 25.5505, 15.7781, 0.000270303, -0.00037789, 0.000319306, 
145, 77758.8, 9.05154, -12.6896, -6.68197, -0.000309232, 0.000233608, 0.00043745, 
146, 59817.6, 5.98873, -18.141, -20.3671, -0.000200816, 0.000219116, 0.000394643, 
147, 25797.1, -5.87237, -46.1654, -32.0644, 2.5214e-06, 0.000556819, 0.000239525, 
148, 56695.6, 10.676, -23.0026, 6.52211, -0.000241549, 0.000440311, -0.000167915, 
149, 5675.67, -29.5785, 32.9178, 26.8861, 0.000810794, -0.00113212, -0.000891649, 
150, 10058.9, 7.53824, -33.6634, 21.0948, -0.000169004, 0.000555504, -0.000398682, 
151, 109307, 39.2869, -34.508, 31.5186, -0.000546677, 0.000416468, -0.000195433, 
152, 64680.1, 7.53266, 11.8153, 36.1535, 0.000116041, -9.65202e-05, -0.000344771, 
153, 355851, 19.989, -39.3436, -35.257, -0.000238414, 0.000378916, 0.000321463, 
154, 112081, 28.6281, -3.99088, -44.3314, -0.00029335, -0.000261116, 0.00105942, 
155, 136525, 48.4662, -40.2863, -44.3478, -0.000322353, 0.000212905, 0.000246529, 
156, 24618.5, -47.3833, -18.6797, -16.4542, 0.000665783, 7.6245e-05, -3.67263e-05, 
157, 30278.3, -12.4582, 2.36622, -7.79088, 0.000187172, -0.00012622, 0.000401054, 
158, 74807.4, -37.0703, 46.2659, -35.0247, 6.25433e-05, -0.000920515, -3.43844e-05, 
159, 13757.2, -26.8456, -29.9241, 47.1396, -0.000241825, 0.00020348, -0.000742124, 
160, 30157.7, 11.4001, -8.45779, -16.9008, -0.000320404, -2.17544e-05, 0.00043468, 
161, 499913, -34.2513, -19.1904, -30.4251, 0.000236503, 3.81217e-05, 0.000420128, 
162, 243908, 3.00873, -47.016, -48.0988, -1.92771e-05, 0.000372293, 0.000425431, 
163, 156234, -16.7151, -21.555, 34.4093, -0.00015486, 0.000249604, -0.000555895, 
164, 180799, 27.6953, 38.8293, -27.2561, 7.84823e-05, 0.00062291, -0.000740951, 
165, 449860, -26.8591, 13.3221, 8.11249, 0.000721612, 0.000162661, -0.00072028, 
166, 12627.8, 9.95455, 38.7244, 43.7555, -0.000138818, -0.000162412, -0.000268314, 
167, 72413.6, 45.3171, -39.1673, -11.3053, -0.0004822, 0.000323397, 3.66027e-05, 
168, 123248, -5.83786, 39.2942, 29.8185, -0.000332014, -0.000382833, -0.00065775, 
169, 19058.1, 39.8794, -35.0066, -7.1965, -0.000345207, 0.000312058, -9.44612e-05, 
170, 37240.7, 10.9435, -18.3701, 40.5194, -0.000118809, 0.000210045, -0.000500919, 
171, 10520.8, 37.8884, -26.6487, -15.5171, -0.00059515, 0.000361138, 0.000122059, 
172, 66867.4, -26.1898, -10.49, 32.4246, 9.74291e-05, -7.82063e-05, -0.000590367, 
173, 286204, -34.8156, 45.1665, 29.272, 0.000492897, -0.000718546, -0.000459081, 
174, 7121.25, -17.4613, -0.634576, 23.1779, 0.000189648, -0.000320501, -7.52554e-05, 
175, 44439.5, 8.27716, 10.783, -6.06139, -0.00034292, -0.000249921, 0.000287507, 
176, 95063.2, -4.0211, 23.0339, 16.3035, -0.000367963, -0.000253003, -0.000200275, 
177, 172893, -11.9981, 42.5673, -24.3399, 3.22621e-05, -0.000893654, 0.000396836, 
178, 46650.2, 44.1336, -38.3408, 24.0171, -0.000462409, 0.000429563, 1.43365e-05, 
179, 38532.6, -38.8688, 41.5941, -24.4638, 0.000353832, -0.0004481, -0.000188246, 
180, 32991.6, -33.2596, -29.2398, 18.3292, 0.00046519, 0.000348267, -3.75629e-05, 
181, 177479, -36.8011, 35.5243, -46.9397, -0.000312857, -1.01936e-05, 0.00155151, 
182, 87.2575, 29.9328, 43.4377, -34.435, -0.000424966, -0.000573217, 0.000686859, 
183, 128620, 5.66642, 1.10771, -35.5584, -6.47595e-05, -5.94053e-05, 0.00042876, 
184, 162169, 42.5569, -5.96918, 0.496099, -0.00133326, -0.000701821, 0.00063072, 
185, 20340.7, 2.94156, -1.04498, 13.2618, -0.000209508, -0.000286245, -0.000786498, 
186, 53688.5, 1.44142, 23.2261, -46.3288, -6.56414e-05, -0.000186065, 0.000467546, 
187, 29804.3, -23.2166, -23.702, 9.60386, 0.000320653, 0.000323393, -2.23082e-05, 
188, 354857, 28.6505, -6.9099, -36.842, -0.000433611, -0.000162269, 0.000151834, 
189, 50155.5, 24.8823, 43.5547, -45.0471, -0.000261262, -0.000288813, 0.000401519, 
190, 7112.4, -26.4418, 36.7464, 30.1343, -4.5537e-06, -0.000797899, -0.00104482, 
191, 126540, -42.3507, -33.4038, -28.6555, 0.000203307, 0.000470968, 0.000197305, 
192, 354318, -40.719, 36.9978, -40.5219, 0.00241737, -0.00143437, -0.000787242, 
193, 107194, 11.1881, 44.292, 49.1957, -0.000132135, -0.000332396, -0.000400343, 
194, 224461, 30.4986, -31.7421, 34.2496, -9.205e-05, 0.000312594, -0.000364005, 
195, 635832, -27.6151, 25.5313, 26.5682, 0.000641108, -0.00017916, -0.000410749, 
196, 66151.1, 6.1436, -37.9556, -23.5552, -3.43159e-05, 0.000379314, 0.000269252, 
197, 47866.1, -17.8022, -26.6379, -14.8978, 0.000405781, 0.000193522, 0.000108261, 
198, 66662.6, 27.4334, 26.3962, -0.45844, -0.000358593, -0.000289837, 8.13961e-05, 
199, 70426.5, -27.758, 37.6864, -3.57906, 0.000227764, -0.000548437, 0.00032091, 
