ID, Mass [kg], pos_0 [m], pos_1 [m], pos_2 [m], vel_0 [m/s], vel_1 [m/s], vel_2 [m/s], 
0, 137312, 7.53704, 17.1579, -5.80263, -0.0013814, -0.00159909, -3.54476e-05, 
1, 55754.2, -8.49465, -1.79634, -17.5409, 2.43187e-05, -2.56744e-05, 0.00029172, 
2, 79728.4, 3.79817, 13.6508, 2.12588, 4.97971e-05, -0.000197767, -4.20747e-05, 
3, 16593, 8.28378, 11.1076, -12.3563, -8.07911e-05, -9.26373e-05, 0.000114782, 
4, 44490.6, -2.6966, 13.1608, 13.584, -0.000105476, -7.20101e-05, -0.000239018, 
5, 188588, -14.9343, -5.75319, -14.1598, 0.000230462, 3.81241e-05, 0.00016416, 
6, 44703.6, -8.7095, 15.6459, 7.53642, -1.03073e-05, -0.000147486, -8.18648e-05, 
7, 35735.5, -18.2671, 8.19365, 16.1848, 0.00013504, 0.000287253, -0.000260339, 
8, 123121, 3.75485, -2.0064, 5.22099, -5.04205e-05, -5.18068e-05, -0.000163702, 
9, 34968, 5.53158, -0.691938, 18.2449, -7.63216e-05, -2.58886e-05, -0.000214332, 
10, 14628.1, 1.72078, 11.2103, 19.32, -6.85925e-05, -6.38866e-05, -0.000207881, 
11, 1978.1, 18.209, 7.73234, -6.11976, -0.000261907, -1.88788e-05, 2.58324e-05, 
12, 40474, -0.440682, 0.8064, 12.7239, -5.34232e-05, -3.65798e-05, -0.000225212, 
13, 383935, -8.70122, -5.6497, -9.93685, 8.74527e-05, 0.000140231, 7.16647e-05, 
14, 194192, 16.6624, 19.9763, 4.06711, -0.000148601, -0.000158623, -5.84736e-05, 
15, 1674.31, -10.2275, 4.2707, -13.5336, 5.01795e-05, 0.000106805, 0.00024277, 
16, 38153.5, 17.1798, -4.12452, -6.44507, -0.00027357, 2.50009e-05, 2.31695e-06, 
17, 58543.7, 2.36546, 13.4605, 12.0705, -0.000103822, -0.000111916, -0.000195957, 
18, 243181, -13.3514, 16.3932, 7.91041, 0.000194191, -0.000219122, -9.01295e-05, 
19, 25807.2, -0.492655, 19.2601, -18.6061, 3.21067e-06, -0.000177166, 0.00016685, 
20, 190454, -13.6975, 9.63274, 2.51166, 0.000244065, -0.000216598, 9.73345e-05, 
21, 252738, -11.5612, -15.641, -12.0182, 0.000142815, 0.000165862, 6.68537e-05, 
22, 375639, -10.1267, 7.00377, 12.126, 1.38317e-05, -4.08319e-06, -0.000204425, 
23, 157115, 1.06559, 14.2518, -8.12116, 4.71315e-05, -0.000157949, 0.000111946, 
24, 72124.3, 16.7549, 15.1886, 15.3435, -0.000177841, -0.000109379, -7.99149e-05, 
25, 580829, 5.4255, -17.1834, -10.7883, -9.77885e-05, 0.000168494, 7.18327e-05, 
26, 30351.3, 9.72843, -7.93197, 17.8311, -0.000102316, 3.77681e-05, -0.000214461, 
27, 14371.3, 9.51994, 18.8176, 13.1982, -6.13872e-05, -0.000163608, -0.000141514, 
28, 126879, -13.6844, 7.98504, 3.66008, 0.000205635, 0.000271762, -0.000219058, 
29, 110897, 5.03736, -13.0503, 8.72934, -6.70701e-05, 0.000189621, -0.000166785, 
30, 85578, -10.0016, -17.7793, 12.1635, 0.000158325, 0.00016149, -0.000283293, 
31, 29947.9, -9.48475, -14.8097, 0.406036, 0.000120255, 0.000186898, 2.29867e-05, 
32, 132455, -12.8932, -19.4766, -14.5121, 0.000274766, 0.000249064, -2.0261e-05, 
33, 130352, -10.1966, 16.2514, 15.6056, 1.53793e-05, -0.000153541, -0.000126164, 
34, 101577, 11.453, 7.90153, -18.9297, -6.65774e-05, 5.97601e-05, 0.000237234, 
35, 37120.7, 11.4427, -15.093, -0.134278, -0.000153927, 0.000266777, -5.92339e-05, 
36, 111512, -19.5333, 12.1376, -14.3766, 0.000219684, -0.000102076, 0.000139635, 
37, 85576.8, 17.0816, -8.97864, 10.2817, -0.000286295, -7.06782e-06, -0.000127606, 
38, 37768.8, 18.9624, 14.4948, 10.9136, -0.000172003, -8.68462e-05, -7.4664e-05, 
39, 22057.8, 5.39477, -2.28548, -17.9106, -4.63222e-05, 3.96826e-05, 0.000204253, 
40, 27211.6, 8.02248, -18.9773, -10.819, -0.000531843, 0.00048779, 8.21153e-05, 
41, 173428, 12.7076, 8.63618, 2.7155, -0.000179681, -5.58787e-05, -7.21153e-05, 
42, 253998, 13.8643, -12.8495, 10.7944, -0.000146, 0.00017395, -0.000155713, 
43, 5109.09, -16.0145, 10.2267, 8.21631, 0.000277377, -8.69179e-05, -9.54591e-05, 
44, 93787.3, 1.91649, -6.19975, -5.5344, -0.000207699, 0.000150482, 0.000315036, 
45, 18495.6, -1.41749, -14.5278, -2.72641, 8.01529e-06, 0.000214415, -8.00193e-06, 
46, 31956.3, -14.3603, -17.698, -11.084, 0.000309362, 0.00025197, -5.822e-05, 
47, 62132.7, -7.56349, 9.14322, 19.3753, -2.84453e-05, -2.81074e-05, -0.000273917, 
48, 184868, -4.99777, 17.0757, 9.42049, -6.01824e-05, -0.000339577, -5.84478e-05, 
49, 52292.7, -17.7653, -14.3188, -8.37949, 0.000243251, 8.6017e-05, -8.33712e-06, 
50, 124482, 15.1682, -1.87653, -9.26932, -0.000200088, -2.64676e-05, 0.000102048, 
51, 8220.22, 17.2063, 18.8322, -9.94781, -0.000160294, -0.000293452, -1.84558e-05, 
52, 26263.4, -2.36273, -16.587, -19.8311, -0.000319891, 0.000334525, 0.000470794, 
53, 94384.3, 2.05115, 3.00443, 4.03265, -3.88457e-05, -6.95532e-05, -9.63378e-05, 
54, 13035.4, -3.18025, 3.85976, -8.08458, -3.4477e-05, -8.35215e-05, 0.000124421, 
55, 164166, -10.0495, 19.1777, 4.9021, 4.09176e-05, -0.00034418, 1.50399e-05, 
56, 110314, 15.0202, 1.88713, -1.77002, -0.000215799, -7.18728e-06, 1.33412e-06, 
57, 339723, 7.15232, 16.7212, -5.84446, 0.000374223, 0.000402552, 0.000156679, 
58, 34786.1, -7.32214, 15.4953, 12.6052, -1.14378e-05, -0.000135992, -0.000229902, 
59, 278196, -19.61, -6.61314, 13.1996, 0.000264227, 7.31671e-05, -0.00013905, 
60, 9642.68, 4.74896, -18.5897, -11.8881, 0.000325021, 0.00106503, 0.000758324, 
61, 63534, -14.2913, 18.2415, 0.300948, 0.000192329, -0.000283976, 7.42808e-05, 
62, 22547.5, -7.59117, -0.813996, 0.354746, 0.000231714, -9.11505e-05, 0.000171144, 
63, 6259.61, 17.9212, 10.1618, -8.027, -0.000242935, -1.57794e-05, -1.66318e-06, 
64, 57968.1, 19.0117, -11.5409, -18.0466, -0.000296574, 6.93592e-05, 0.000207103, 
65, 409901, 17.207, 14.7808, -12.3756, -0.00019021, -0.00013077, 5.94994e-05, 
66, 688.194, -1.61544, 14.2735, 15.4086, -0.000118285, -0.000139853, -0.000280966, 
67, 86979.8, -9.80678, 13.7259, -0.218589, -9.70522e-05, -0.000223774, 0.000190504, 
68, 60388, -15.6995, -16.0192, -17.9761, 0.000229949, 4.99155e-05, 0.000193776, 
69, 63798.8, 7.3102, -8.72791, -9.02342, -9.70123e-05, 5.22842e-05, 0.000139058, 
70, 13257.1, -10.9981, 10.1548, -2.08755, -3.08309e-05, -6.14351e-05, 0.000184252, 
71, 28918.2, 9.70847, -19.8976, 11.1487, -8.90317e-05, 0.000211441, -0.000113249, 
72, 9942.01, 19.5221, -11.4068, 14.2553, -0.000271223, 6.36484e-05, -9.58663e-05, 
73, 42475.2, -19.7267, -1.98474, 19.9445, 0.000137752, 3.73514e-05, -0.000211967, 
74, 94725.8, -10.6563, -5.10951, 7.01843, 0.000136431, 6.50879e-05, -7.05322e-05, 
75, 38096.4, -8.31447, -1.20806, 6.14132, 0.00011279, -3.52879e-05, -0.000189279, 
76, 137227, -11.9782, 12.3748, 0.14258, 0.000168585, -0.000177343, 0.000116965, 
77, 39314.1, -1.99001, 9.35111, -9.0603, 6.14437e-05, -0.00012587, 3.27124e-05, 
78, 251593, -15.4059, 3.10259, 7.31745, 0.000221562, 4.42596e-05, -8.45829e-05, 
79, 191231, 10.7718, -4.8652, 5.31312, -0.000341227, -0.000119171, -0.000154833, 
80, 34987.9, 18.3709, 18.7413, -4.43869, -0.000184066, -0.000155655, -4.54242e-06, 
81, 111447, -3.28698, -16.0065, -19.3331, 9.68444e-05, 6.78033e-05, 0.000233227, 
82, 14833.6, 11.7825, -19.0137, 0.705404, -0.00014281, 0.000252431, -2.8443e-05, 
83, 15976.5, 7.22018, -11.4521, 8.55852, -0.000175549, 8.99149e-05, -0.000178076, 
84, 47247.1, -17.3285, -18.1229, 10.2839, 0.000192167, 0.000162825, -6.87547e-05, 
85, 244699, 7.02519, -4.34114, 0.9789, -0.000112016, -1.84597e-05, 5.49233e-05, 
86, 24608.6, 18.4935, 9.82097, 19.4103, -0.00011658, -1.82668e-05, -0.000158775, 
87, 89124.7, 15.4488, 10.1966, -15.7998, -0.000258181, -4.31858e-05, 7.15059e-05, 
88, 23424, -2.95697, -9.5494, -19.2162, -4.15884e-05, 8.14097e-06, 0.000253439, 
89, 4012.82, -5.9923, 2.84668, 0.0281334, 1.95292e-05, -0.000110664, 2.78007e-05, 
90, 61378, -4.55578, 15.5252, 10.2722, -0.00019304, 0.000167548, -0.000316355, 
91, 20792.7, 17.1082, 1.98971, -15.5456, -0.000204788, 4.01931e-06, 0.0001192, 
92, 81507, 14.0658, 8.6456, -17.0294, -0.000156006, 0.000102035, 0.000161006, 
93, 267014, 4.94076, 7.30769, -18.9325, -1.06127e-05, -2.83621e-05, 0.00022303, 
94, 44901.8, 19.8757, 10.0425, 14.5896, -0.000162843, -2.09083e-05, -0.000113115, 
95, 65199.4, -8.45392, -19.1178, -6.95967, 3.64108e-05, 0.000266716, -4.80408e-05, 
96, 14008.6, -6.89069, 2.02027, -14.9871, 1.87554e-06, -4.76175e-05, 0.000245066, 
97, 23972.4, 4.05574, 6.48974, -9.92541, 0.000127503, -0.000768909, 0.000446351, 
98, 190441, 5.20025, 18.7594, -1.97151, 8.77336e-06, -0.000315461, -0.000142376, 
99, 149937, 13.2745, -2.16954, -18.0523, -0.000120438, 2.48658e-05, 0.000176494, 
100, 82371.2, -13.433, -12.3419, 12.3209, 0.000171989, 0.000119124, -0.000157758, 
101, 22664.8, -6.23517, -6.03735, -13.855, -0.000107571, 5.61563e-05, 0.000343906, 
102, 49298.9, -1.01244, -18.2542, 13.271, -7.1439e-05, 0.00022922, -0.000173529, 
103, 214780, 6.04104, 8.36294, 4.1112, -9.34247e-05, -1.08858e-05, -0.000126585, 
104, 44282.6, -19.3368, -5.08763, 7.14704, 0.000294504, 4.26299e-05, -2.04663e-05, 
105, 23377.9, -5.7018, 17.8639, 3.75793, -9.778e-05, -0.000262688, 3.63952e-05, 
106, 2871.08, 7.48376, 14.9945, 13.1436, -7.84288e-05, -0.000121826, -0.000178373, 
107, 22127.2, -3.25994, 18.0431, -15.5811, 3.56189e-05, -0.000211627, 0.000150899, 
108, 133441, -13.4817, -19.4068, -19.2733, 0.000110971, 0.000179317, 0.0002624, 
109, 71807.8, -11.773, -19.7955, -15.4983, -0.000221618, 0.000352616, 0.000350944, 
110, 32588.3, -7.70212, -14.7332, 16.9399, 2.9543e-05, 8.91322e-05, -0.000253687, 
111, 86059.1, 0.814074, -13.1597, 18.651, -5.45214e-05, 0.000132116, -0.000240989, 
112, 72597.4, 3.37296, 10.4147, 0.415137, 1.49058e-05, -5.13451e-05, 4.05455e-05, 
113, 26570.3, -14.8961, 15.3894, -5.58285, 0.000161703, -0.000226527, 9.15951e-05, 
114, 53183.2, -4.50064, 2.62883, -7.10989, 2.06582e-05, -4.84776e-05, 5.62566e-05, 
115, 16624.4, 7.56554, -9.09091, 5.72559, -1.51282e-05, 0.000307956, -0.000172936, 
116, 182866, 6.80667, 13.6052, 4.46053, -0.00014031, -0.000199411, -0.000163122, 
117, 98035.5, -18.3283, 2.27149, 16.9476, 0.000153251, 2.39932e-05, -0.000193783, 
118, 3934.14, -10.6826, -12.3581, 8.99215, 0.000234142, 0.000119738, -6.60138e-05, 
119, 1502.43, 4.93337, -15.8363, 2.16774, 1.51868e-05, 0.000262481, 6.61975e-05, 
120, 13042.2, 5.91963, -9.42228, 18.459, -0.000103364, 6.47423e-05, -0.00022609, 
121, 27390.1, 6.13553, -8.8531, 0.385831, -5.86468e-05, 0.000218406, 3.31559e-05, 
122, 23494.5, 14.9171, -12.7547, -16.1593, -9.34539e-05, 0.0001689, 9.27903e-05, 
123, 131860, 17.001, -11.2764, -8.34097, -0.000171776, 0.000137976, 0.000133824, 
124, 79067.5, -16.7058, -6.03259, 5.54621, 0.000204578, 0.000100151, 1.82382e-05, 
125, 4184.63, -17.9524, 15.8416, -17.2956, 0.000138255, -0.000169099, 0.000192461, 
126, 172604, 8.67551, -6.8169, 4.96797, -4.36801e-05, 0.000192359, -0.000124046, 
127, 69928.6, 19.5688, 4.43276, 8.10297, -0.000200485, -8.54828e-06, -0.000107853, 
128, 221692, -4.85314, -15.3642, 7.18241, -3.98659e-05, 0.000259852, 3.26935e-06, 
129, 129313, -13.2655, 8.0018, -3.73831, 0.000134073, -6.07837e-05, 0.000120423, 
130, 75586.8, -0.263175, 6.53644, -9.14835, 2.45561e-05, -2.84928e-05, 8.31379e-05, 
131, 150012, -9.35585, 10.1323, 4.88134, -7.2347e-05, -6.61544e-05, -9.03022e-05, 
132, 42750.8, -9.56887, 15.3509, 0.814515, -1.55877e-05, -0.000436485, 1.28183e-05, 
133, 20189.7, -15.0238, 0.90369, 0.816808, 0.000225856, 6.29974e-05, 2.11238e-05, 
134, 343428, -5.55689, -2.13234, 2.62838, 2.98538e-05, 1.38484e-05, -4.05925e-05, 
135, 55613.7, 1.0524, 18.4799, -5.41873, 0.000122733, -0.000290084, 5.65428e-05, 
136, 80631.2, 18.9427, -10.4088, -6.45109, -0.000340479, 5.07324e-05, -5.04114e-05, 
137, 36216, 17.9771, -12.0305, -17.0526, -0.000117049, 0.00020655, -4.84414e-06, 
138, 118507, 0.0139315, -14.2461, -9.66012, 4.90107e-05, 0.000106025, 3.95792e-05, 
139, 31885.5, 12.0742, 16.1017, 10.8872, -9.76344e-05, -0.000134637, -0.000125197, 
140, 277743, -18.9645, 10.7345, 15.6646, 0.00025525, -9.1799e-05, -0.000174214, 
141, 37283.6, -4.45117, 7.87174, -15.8784, 7.73108e-05, 2.32398e-05, 0.00030095, 
142, 70883.1, -14.6471, -8.48249, -17.7122, 0.000163519, 8.54934e-05, 0.000281484, 
143, 41522.8, -12.9636, -10.2046, 2.9477, 0.000189062, 0.000142379, 1.5725e-05, 
144, 135253, -6.69667, -2.91144, -10.069, -0.000183155, -0.000204665, 0.00013937, 
145, 153936, -15.6815, 13.7599, 13.5816, 0.000141249, -0.000183316, -0.000131818, 
146, 238818, -2.97008, 10.6529, -13.7491, 2.95835e-05, -0.000144631, 0.000183682, 
147, 54.6429, 0.330656, 9.45464, -14.5233, -0.000124061, -6.15423e-05, 0.000231031, 
148, 96925.5, -17.0927, 11.1047, -2.21106, 0.000317253, -0.000140996, 8.56377e-05, 
149, 84852.8, 1.25933, -7.67746, 17.9144, -6.56222e-05, 4.28172e-06, -0.00026132, 
150, 13545.7, 6.46615, 9.99575, -5.81725, -0.000116275, -2.77281e-05, 3.58135e-05, 
151, 95619.5, -18.3438, -19.3704, -7.6785, 0.000191313, 0.00017988, -1.58675e-05, 
152, 96639.7, 11.9224, -5.66176, -8.31409, -0.000132836, 3.20309e-05, 0.000106156, 
153, 133205, -1.95145, -9.53271, 13.7163, -6.13094e-05, 5.17952e-05, -0.000293958, 
154, 314952, -19.3347, 1.97792, -17.3136, 0.000183038, -2.56658e-05, 0.000183881, 
155, 170307, -9.06916, -13.3083, -9.7503, -6.01874e-07, 0.000104368, -5.70826e-05, 
156, 64387.5, -14.8883, 3.93173, -5.03399, 0.000265906, -2.58972e-05, 3.26902e-05, 
157, 62268, -0.672673, -11.2309, 3.32298, -3.69462e-05, 0.000183399, 2.92608e-05, 
158, 70314.2, -12.6487, -4.84041, 10.4092, 0.000128348, 3.70427e-05, -0.000188719, 
159, 262716, 12.1737, -11.467, -3.07343, -0.000177569, 0.000137005, 1.37362e-05, 
160, 123640, 6.87054, -15.4747, 4.31197, -9.45654e-05, 0.000251621, -3.75472e-05, 
161, 32958.3, 0.045957, 0.655996, -3.7598, -4.42857e-05, -7.23461e-05, 4.67224e-05, 
162, 156472, -18.1106, 2.8325, -10.141, 0.000253569, -3.94145e-05, 6.50177e-05, 
163, 238511, 0.493782, -5.38447, -3.51313, 3.07268e-05, 3.0492e-05, -2.25633e-05, 
164, 84660.5, 13.9211, -9.46563, 7.74857, -0.000208922, 4.7278e-05, -4.19325e-05, 
165, 177743, -12.2482, -1.28956, -9.00116, 0.000247542, 5.57781e-05, 5.5172e-05, 
166, 69979.6, 14.8413, 15.0119, 17.1555, -3.47179e-05, -9.73898e-05, -0.00021455, 
167, 251405, 11.8843, 13.1886, -19.0456, -6.38422e-05, -0.000163672, 0.000214522, 
168, 50070.4, 16.6339, -10.3077, -17.6986, -0.000114691, -6.57504e-06, 0.000148878, 
169, 41049.8, -12.8369, 2.75394, -5.01534, 7.7067e-05, 2.17626e-05, 1.66236e-06, 
170, 68791, 13.9124, -2.38628, 15.4906, -0.000136905, -1.85977e-05, -0.000180985, 
171, 200886, 4.3478, 5.55665, -9.50642, -0.000134667, 8.16014e-05, 6.26837e-05, 
172, 35484.5, 17.8962, -11.4112, 15.3311, -0.00015008, 4.92829e-05, -0.000173019, 
173, 148086, -10.5106, 17.196, 18.7493, 4.24102e-05, -0.000207829, -0.000304604, 
174, 53140, -17.0421, -6.67342, 13.0879, -0.00016476, 8.36494e-05, -0.000152969, 
175, 24766.4, 18.9082, -12.5882, 16.9859, -0.000173712, 0.000107637, -0.000202026, 
176, 7733.58, -10.1582, 15.9818, 19.402, -9.81651e-05, 0.00027085, -0.000519878, 
177, 13913.4, 12.4337, 19.0037, 1.49308, -0.000114645, -0.000191535, -3.83883e-05, 
178, 114302, -9.62053, -18.86, 17.4511, 6.57926e-05, 0.000173936, -0.000216548, 
179, 68069.5, 14.3454, 8.17024, -6.28422, -0.000185356, -3.18151e-05, 3.65015e-05, 
180, 51389.3, -11.6076, 0.386475, -8.89828, -6.67955e-07, -0.00042763, 5.67193e-05, 
181, 20597.4, -0.20777, 14.4499, 8.56263, -0.000108149, -0.000136942, -0.000108578, 
182, 34748.5, -11.0831, -8.24499, -12.7734, 0.00016377, 0.000147477, 0.000213842, 
183, 112126, 0.129284, -7.48043, 7.22166, -9.16042e-05, 3.07375e-05, -0.000120776, 
184, 177391, -6.12094, -10.8837, 9.32549, 0.000535587, 0.000352753, -0.000228268, 
185, 181759, -0.184003, -16.9894, -16.255, -4.64845e-05, 0.000172066, 0.00017415, 
186, 19654.2, -16.3952, 9.30369, 15.8327, -0.00010511, 8.3205e-05, -0.000236206, 
187, 246285, -4.65025, -9.92753, 9.0637, -0.000280548, -0.000150209, -7.73373e-05, 
188, 138749, -10.5067, 6.57007, -13.0889, 8.43959e-05, -8.81009e-05, 0.000178993, 
189, 281810, -14.3011, 14.2326, -12.3946, 0.000107738, -0.000177245, 0.000121626, 
190, 13844, -11.4765, 1.20073, 3.82709, 0.000122927, 3.0662e-05, -8.03008e-06, 
191, 74045, 13.3626, -10.0767, -18.6, -5.41419e-05, 6.20181e-05, 0.000194938, 
192, 20388.3, -10.4801, -10.5949, 18.5313, 7.61992e-05, 5.66018e-05, -0.000249654, 
193, 313096, -8.9766, -18.885, 8.64595, 0.000107817, 0.000283999, -2.65592e-05, 
194, 151155, -8.28767, -12.718, -16.1228, 1.16712e-05, 7.06035e-05, 0.00025216, 
195, 8777.79, -11.8708, -4.24012, 14.7897, 5.69929e-05, 2.15877e-05, -0.000260843, 
196, 64134.7, -8.51331, 13.6406, -18.4733, 6.07404e-05, -0.00014327, 0.000219556, 
197, 147571, 18.2452, 8.78281, 1.88816, -0.00025687, -5.93429e-05, -3.75325e-05, 
198, 33645.9, -7.61944, 14.0804, 2.04909, -0.000159046, -0.000181687, -1.6969e-05, 
199, 45139.3, 13.0698, 11.5884, 15.3658, -6.58939e-05, -2.0141e-05, -0.000147941, 
