ID, Mass [kg], pos_0 [m], pos_1 [m], pos_2 [m], vel_0 [m/s], vel_1 [m/s], vel_2 [m/s], 
0, 7306.99, 56.2948, -17.7898, 11.3856, -0.000390067, 4.13453e-05, -6.75063e-05, 
1, 25663.7, -43.0023, 47.6033, -52.7649, 0.000161795, -0.000220451, 0.000255408, 
2, 201240, 7.15856, -29.9456, 8.7858, -4.50822e-05, 0.000201294, -5.74178e-05, 
3, 37450.2, 16.0729, -23.0784, 50.3438, 4.22095e-05, 0.000149916, -0.000276894, 
4, 36802.6, -9.17697, -53.865, -2.79368, 1.16144e-05, 0.000353604, 8.60646e-06, 
5, 91967.7, 2.30736, 9.92012, 45.0865, 4.26806e-05, 0.000109688, -0.000322825, 
6, 244649, -8.65812, -35.1993, 56.1613, -1.67301e-05, 9.63185e-05, -0.000357774, 
7, 126962, 21.1668, 28.6649, -54.6157, -0.000137948, -0.000117784, 0.000394298, 
8, 32970.6, 34.2632, -2.9957, 33.9152, -0.000194114, 7.45015e-05, -0.000151644, 
9, 52945.8, 17.7685, 9.08752, -13.8059, -0.000117017, 0.000324263, 6.93897e-05, 
10, 108968, -1.4278, 34.3246, 32.6968, 0.000295657, -6.6459e-05, -0.000674721, 
11, 131890, -58.8042, -19.5445, -21.4947, 0.000393419, 7.23062e-05, 6.45272e-05, 
12, 10236.3, -46.6352, -45.6638, -10.3896, 0.000175525, 0.000229945, 5.55276e-06, 
13, 44153.4, -11.8451, 45.1218, 1.6261, -4.51877e-05, -0.000304921, 0.000167142, 
14, 68166.4, 22.2217, 43.9606, -1.81954, -5.66486e-05, -0.000211908, -1.62924e-06, 
15, 71364.7, 7.97857, -25.1427, -28.1063, -4.24116e-05, 0.000141288, 9.53983e-05, 
16, 10698.4, -38.3104, -42.7576, 1.25298, 0.000158022, 0.00014624, -2.26259e-05, 
17, 41428.5, -36.9305, 39.5165, 28.3687, 0.000246213, -0.000198141, -0.00018102, 
18, 13741.9, -11.5658, 40.8587, 12.5641, -8.01451e-05, -5.40035e-05, -0.000275387, 
19, 100561, -59.8662, 48.879, -7.23721, 0.000297115, -0.000222882, -9.92223e-06, 
20, 24540.2, 35.217, 10.2294, -19.725, -0.000245679, 1.41298e-05, 9.27256e-05, 
21, 15002.7, 24.2494, -48.8766, -34.2763, 0.000730044, 7.04459e-05, 0.000536837, 
22, 17253.2, -40.7956, 26.2992, -41.8105, 0.000291061, -6.17373e-05, 0.000301558, 
23, 17681, -25.6332, 58.4616, 10.952, 0.000133059, -0.000397904, -8.1076e-05, 
24, 136096, 36.9166, 23.3206, -38.4798, -0.000865811, 0.000430373, -0.000665749, 
25, 18735.6, -43.6506, 23.8075, -36.631, 0.000302598, -6.09703e-05, 0.000200378, 
26, 89500.3, 37.6973, -4.67252, 19.0342, -0.000216866, 6.42723e-05, -7.27929e-05, 
27, 80283.6, 27.7338, 6.44256, -10.5585, -0.000229466, 5.22996e-05, 4.51947e-05, 
28, 24508.5, 32.5852, 10.2494, -37.9637, -0.000182236, -5.51723e-06, 0.000123635, 
29, 9588.49, 54.3488, 51.6041, -20.8508, -0.000274816, -0.000224632, 0.000122207, 
30, 102220, -31.6534, -49.0511, 13.1039, 8.61541e-05, 0.000213425, -9.69774e-05, 
31, 115818, -3.94372, -52.3821, 43.8192, -7.28134e-05, 0.000329927, -0.000229189, 
32, 27345.4, -54.368, -23.663, 51.9272, 0.000301023, 0.000169895, -0.000279066, 
33, 90865.6, 31.2262, 32.499, -48.4207, -0.000238735, -0.00025387, 0.000285251, 
34, 148232, -32.6073, -38.9352, 56.3372, 0.00012929, 3.59817e-05, -0.000414022, 
35, 16132, 54.2784, -41.7544, -51.5337, -0.000203878, 0.000269733, -0.000149849, 
36, 214714, 24.2961, -52.5083, 12.1862, -4.14024e-05, 0.000243053, -8.72382e-05, 
37, 155291, 29.3283, -37.3313, 8.86054, -0.00024532, 0.000102732, -7.71646e-05, 
38, 494798, -5.60606, -57.9813, 12.9328, 1.30464e-05, 0.000415152, -4.18832e-05, 
39, 33874.2, 2.83626, -17.2114, 27.3559, -6.03011e-05, 0.000110821, -0.000208551, 
40, 75237.9, -56.7373, -20.96, 47.2153, 0.000358501, 0.000127818, -0.000237623, 
41, 18618.6, 33.5144, 57.1129, 28.6828, -5.99964e-05, -0.000417478, -0.000165124, 
42, 221457, -59.3689, 25.6308, -45.0338, 0.00031099, -7.89132e-05, 0.000201581, 
43, 182484, -56.9007, -16.9599, 26.263, 0.000726201, 0.000343603, -0.000217249, 
44, 67.6975, -23.3211, -15.8043, -12.398, 0.000102897, 5.9258e-05, 1.10226e-05, 
45, 32007.5, 15.8286, 19.7694, 49.5223, -0.00019236, -0.000120968, -0.000348572, 
46, 103184, -36.9487, 6.76503, -15.7512, 0.000100706, 9.35955e-07, -8.92136e-05, 
47, 51078.9, -48.2252, 47.6448, 56.2691, 0.000203621, -0.000163, -0.000273584, 
48, 79004.7, 21.85, 30.9539, -47.1567, -0.000171793, -0.00021853, 0.000241207, 
49, 105122, -28.5766, -1.99674, -55.9467, 0.000196906, 0.000226758, 0.000715909, 
50, 17499.1, 17.5288, -58.5895, 30.7613, -4.69285e-05, 0.000347288, -0.000112128, 
51, 40945.2, -25.3232, 20.7202, -40.8822, 0.000168, -0.000113896, 0.000182023, 
52, 20577.5, -25.9735, 6.96834, -18.3162, -0.000355717, -0.000346134, -0.000172741, 
53, 264592, -22.2497, 42.1143, -36.738, 0.000125809, -0.000188711, 0.000173224, 
54, 126647, -26.581, 36.2862, 33.6014, 0.000105325, -0.000230592, -0.000218249, 
55, 22271.1, 38.101, 44.731, -3.44296, -0.000169367, -0.000230527, 0.000320239, 
56, 43672.3, 39.5493, -51.7511, 49.7391, -0.000182964, 0.00021335, -0.000209444, 
57, 89746.1, 48.5212, -34.248, 47.4941, -0.000162049, 0.000123983, -0.000215145, 
58, 147889, 1.52834, 12.102, 35.49, 5.98188e-05, -3.30336e-05, -0.000249004, 
59, 17633, 51.1579, 45.7717, -53.9016, -0.000205404, -0.00017166, 0.000217508, 
60, 275933, -52.1182, -17.3408, 11.9411, 0.000380432, -0.000151531, 0.000111152, 
61, 134391, -50.8729, 39.5054, -20.1613, 0.000271675, -0.000227631, -6.1738e-05, 
62, 66676.6, 29.0231, 6.93673, 0.300174, -0.000202687, 2.63103e-05, 4.74795e-06, 
63, 75143.9, 38.3357, -59.3035, -53.6294, -0.000147459, 0.000274035, 0.00018031, 
64, 327937, -32.3213, -29.7886, -21.4581, -0.000851433, 0.000919514, 0.00100531, 
65, 337884, 55.3495, 6.24395, -49.8524, -9.29811e-05, 5.1334e-05, 0.000336378, 
66, 74245.4, -9.28485, -35.5239, -0.0143918, 6.92183e-05, 0.00020655, -8.89027e-05, 
67, 32701.4, 48.2725, -35.0794, -59.1455, -0.000151953, 1.45123e-05, 0.000287966, 
68, 283031, 57.1902, 49.4684, 11.8348, -0.000450042, -0.000257852, -7.74815e-05, 
69, 133424, 33.2058, 42.7085, 14.8663, -2.22858e-05, -0.0001386, -0.000120728, 
70, 24181.8, 29.7187, -12.7111, -33.6028, -0.000238876, -4.03514e-05, 2.34087e-05, 
71, 97259.2, -54.8969, 37.7394, -13.6978, 0.000352967, -0.000174101, -3.98955e-05, 
72, 34435.4, -28.9172, -58.263, -9.82774, -3.46962e-05, 0.000421518, 0.000105014, 
73, 268225, 19.6251, 57.7788, -20.1181, -0.000120339, -0.000444918, 0.000131675, 
74, 105264, 0.265147, 22.8623, 23.3186, -2.03166e-05, -0.000144291, -0.000171402, 
75, 105569, 33.8835, -35.1186, -14.047, -0.000476249, 0.000451684, -2.6962e-05, 
76, 427608, 59.3047, 39.2789, 35.9658, -0.000322119, -7.604e-05, -0.000189905, 
77, 140880, 12.6323, 33.1789, 22.0252, -5.88592e-05, -0.00016858, -0.000162972, 
78, 111924, 42.6485, 59.8227, -26.5161, -0.000219345, -0.000297178, 0.000162373, 
79, 502128, 25.449, 11.3495, -50.5843, -0.000129111, -5.62029e-06, 0.000261437, 
80, 323786, 17.7267, 13.9372, -13.8584, -0.000114838, -4.8617e-05, 9.53324e-05, 
81, 63250.7, -58.8465, -56.7669, -12.3216, 0.000329692, 0.00036907, 4.02427e-05, 
82, 402602, 45.6265, -10.0403, 3.26534, -0.000287742, -6.96359e-06, -3.05531e-05, 
83, 89404.4, 44.9884, -2.57871, 26.0227, -0.000257913, 3.94212e-05, -7.28573e-05, 
84, 141350, -37.0902, 0.590315, 49.7946, -9.9388e-05, -0.000186501, -0.000599824, 
85, 264110, 44.9558, -35.365, -41.3482, -0.000275594, 0.000176548, 0.000167586, 
86, 119424, -48.977, -30.529, -51.3157, 0.000248659, 0.000204985, 0.000317514, 
87, 150559, -26.3318, -33.1188, 46.4941, 6.59653e-05, 1.76876e-05, -0.000288515, 
88, 17547.5, 11.8977, -42.4266, -4.0924, -6.89201e-05, 0.000313168, 5.05406e-06, 
89, 24507.8, -11.892, -14.0088, -25.9349, -3.47458e-05, 0.000171279, 6.47992e-05, 
90, 6580.39, -21.5321, 12.9408, -59.4007, 0.000306928, -9.25305e-05, 0.000575385, 
91, 472240, 55.368, -31.8116, -2.24066, -0.000339, 0.000397683, 5.43078e-05, 
92, 166660, 54.8446, -55.1342, 58.8498, -0.000148122, 0.000170696, -0.000167159, 
93, 87622.6, -22.8532, 52.1181, -23.3526, 0.000106782, -0.000276977, 9.84571e-05, 
94, 181184, -15.068, -20.5751, 56.2974, 6.42266e-05, 9.34152e-05, -0.000415481, 
95, 136942, -26.0817, -48.577, 32.8504, 4.74882e-05, 0.000263058, -0.000170267, 
96, 107379, 8.26135, 4.73548, 1.22449, -0.000114369, 1.5081e-05, 3.46789e-05, 
97, 324854, 57.3848, 55.5988, 48.3374, -0.00022354, -0.000191087, -0.000257766, 
98, 75729.4, -15.9987, -43.3566, -47.9274, 5.7066e-05, 0.000247684, 0.000278509, 
99, 6009, 5.19525, 49.5229, -5.63549, 9.08104e-05, -0.000223467, -0.000103011, 
100, 28196.3, -42.4692, 13.4375, -46.3658, 0.000263053, -0.000102605, 0.000289148, 
101, 260397, 31.3503, 48.8192, 32.707, -5.12228e-05, -0.000262633, -0.000230567, 
102, 384200, -55.7538, -38.5684, -11.0972, 0.000361822, 0.000133982, 2.97107e-05, 
103, 284773, 54.2194, 12.5659, 2.45912, -0.000328636, 4.25897e-05, 3.55103e-05, 
104, 88846, 30.4267, 3.02731, 24.6251, -0.000189786, 5.79862e-05, -0.000156893, 
105, 14216.4, 18.7507, -42.2455, -49.4668, -6.60343e-05, 0.000226525, 0.000257913, 
106, 233246, 20.2033, -31.6609, -11.2856, -9.48807e-05, 0.000141985, -4.12224e-05, 
107, 108689, 51.4033, 49.9134, 40.5415, -0.000149019, -0.00016109, -0.000244353, 
108, 97629.6, 27.1065, -22.6487, -36.1621, -0.000198858, 0.000392497, 0.000143379, 
109, 122809, 6.16245, -28.6186, 1.06057, -1.65561e-05, 0.000209888, 5.26397e-05, 
110, 12388.7, -33.6804, 8.75381, -39.352, 0.000217646, -0.000106506, 0.000198642, 
111, 14730.3, -24.9849, 48.0162, 52.9312, 5.22526e-05, -0.00021018, -0.000351915, 
112, 62703.1, 20.4548, 2.54818, -18.4918, -0.000163262, 6.11183e-05, 0.000104358, 
113, 116838, -23.4801, -36.4388, -38.3903, 6.36755e-05, 0.00026628, 0.000221984, 
114, 89361.9, -47.6995, -44.4303, -36.9678, 0.000282979, 0.000228855, 0.000241057, 
115, 40344.4, -57.2226, 51.5611, 44.05, 0.00025107, -0.000191898, -0.000162304, 
116, 7258.43, -6.86157, -17.6242, -1.06445, 6.78933e-05, 0.000150547, -2.8339e-05, 
117, 78149.3, -5.00491, 35.3853, 6.09755, -2.83744e-06, -0.000203577, -4.19296e-05, 
118, 31141.2, 53.6109, -24.7492, -5.54549, -0.000290144, -9.93819e-05, 0.000121375, 
119, 427511, 40.6056, 47.0737, 6.17581, -0.000258819, -0.000299335, -6.22487e-05, 
120, 66553.4, -47.346, 56.8006, -48.0797, 0.000161889, -0.000258063, 0.000183523, 
121, 18517.1, -3.22112, -5.36001, 13.2971, -3.57426e-05, 0.000145154, -9.53344e-05, 
122, 40404.5, 5.34637, 19.6803, -7.32113, 1.81141e-06, 9.27617e-06, 0.000107131, 
123, 16984.2, 49.5395, -9.06955, 51.6176, -0.000203388, -3.49607e-05, -0.000182926, 
124, 39103.5, -44.5142, -45.116, -35.4765, 4.47023e-05, 0.000275481, 0.000134359, 
125, 272341, 9.10936, -48.6549, -49.6332, -5.54362e-05, 0.00021337, 0.000221546, 
126, 149271, -16.0322, 41.3023, -53.5839, 5.87701e-05, -0.000230061, 0.000344937, 
127, 45385.8, -29.1573, 0.814666, 55.3602, 7.08217e-05, -3.94996e-05, -0.000413954, 
128, 103239, -0.0908972, 21.4766, -7.89103, 5.54675e-05, -8.78512e-05, 7.11581e-05, 
129, 106799, 51.9423, 23.5106, 45.6454, -0.000266464, -3.79126e-05, -0.000278524, 
130, 50027, 8.0388, 49.3496, -25.2323, -0.000205181, -0.000541504, 2.64127e-05, 
131, 61020, -57.7407, -35.8629, -3.18345, 0.000393253, 7.99092e-05, -0.000101334, 
132, 4229.43, 26.7885, -19.9461, 35.4512, -0.000157688, 0.000127679, -0.000192357, 
133, 26505.4, -7.83607, 10.9097, -14.2279, 9.19755e-06, -3.84289e-05, 4.24864e-05, 
134, 110990, 21.3321, -21.5437, 21.9839, -0.000171456, 9.42825e-05, -0.000212616, 
135, 24371.4, -56.9492, -7.60646, -43.9718, 0.000748577, 0.000520154, 0.000674887, 
136, 480806, -45.6088, -24.461, 7.69697, 0.000180103, 0.000158902, 5.06302e-05, 
137, 30463.8, -39.2808, 3.37034, 44.7711, 9.86944e-05, -0.000545988, -6.50905e-05, 
138, 16305.8, -26.1289, -19.91, -3.50794, 0.00020139, 4.2582e-05, 3.94477e-05, 
139, 76426, 32.206, 31.4229, 12.1022, -9.09442e-05, -7.18235e-05, 9.70744e-05, 
140, 34023, -49.692, -10.1439, 56.9487, 0.000268569, -2.01441e-05, -0.000369546, 
141, 16483.2, 28.127, 32.1632, -37.4408, -0.000158809, -0.0003245, 5.85478e-05, 
142, 68856.1, 25.1217, -52.4096, 44.292, -0.000117396, 0.000309726, -0.000120543, 
143, 209990, -55.727, -44.9817, 5.20415, 0.000326216, 0.000212852, -7.1735e-05, 
144, 54897.3, 21.7451, -44.5002, -36.3835, -8.83266e-05, 0.000241006, 0.000215255, 
145, 13370, 45.7937, 40.1325, -6.60698, -0.000598187, 7.00871e-05, 0.000539772, 
146, 5039.87, -17.5415, 0.716048, 6.77937, 4.25469e-05, 0.00122864, 0.000342325, 
147, 133903, -49.0475, 16.6429, -0.280788, 0.000350349, -0.000148931, -7.31092e-06, 
148, 62928.6, 57.342, 5.83772, 51.906, -0.000260994, -1.6666e-05, -0.000261318, 
149, 88023.3, -5.96917, -33.628, -27.5273, 3.89248e-05, 0.000268976, 4.08487e-05, 
150, 50707.3, -5.19059, -28.1877, -20.8646, 2.07547e-05, 0.000281476, 4.76415e-05, 
151, 9301.85, 39.9288, -56.727, 45.7409, -0.000178919, 0.000275494, -0.000180231, 
152, 63775.2, 0.624976, -58.1522, -55.2783, 0.000103028, 0.000328854, 0.000305071, 
153, 215063, 42.6928, -25.0871, -22.7851, -0.000153534, 8.73026e-05, 8.10371e-05, 
154, 116417, -41.8291, -30.1976, -28.9734, 0.000186556, 0.000151155, 8.57994e-05, 
155, 24295.2, -24.6689, -58.2539, -46.6426, 3.40416e-05, 0.000302603, 0.000218711, 
156, 139217, -35.5338, -15.2384, 21.5327, 0.000138171, 5.57386e-05, -0.000122119, 
157, 30690.2, 9.23095, 28.6171, -59.2207, 2.49244e-06, -0.000132967, 0.000437146, 
158, 189211, -9.70064, -52.9597, -36.5151, 0.000207159, 0.000290502, -2.10411e-05, 
159, 1721.14, 40.0448, -59.3799, -24.311, -0.000175426, 0.000323213, 8.81197e-05, 
160, 28944.8, 12.6349, -27.782, 35.1105, -7.78272e-05, 0.000174185, -0.00023139, 
161, 17792.3, 53.078, -3.13251, 35.5388, -0.000432316, 0.000161631, -5.40312e-05, 
162, 73349.3, 54.6674, 20.6829, 18.3951, -0.000399002, -8.07725e-05, -0.000111856, 
163, 125772, 47.0521, 14.1678, -44.0159, -0.000228998, -6.02363e-05, 0.000108433, 
164, 64101.2, 13.166, -9.91622, 12.399, -0.000146813, -6.65837e-05, 3.17599e-05, 
165, 106064, 36.0023, 52.7083, -15.4795, -0.000294227, -0.000436666, 0.000234217, 
166, 53613.7, -41.1119, -46.596, 49.3911, 0.000314013, 0.000264621, -0.000246764, 
167, 48624.8, -26.7643, 6.45912, -18.714, 0.000201593, 2.2178e-05, 0.000120808, 
168, 27472.4, -52.9612, -52.0284, -8.77, 0.000163557, 0.000345245, -1.99039e-05, 
169, 51079.9, 56.0393, 8.91291, -45.6803, -0.000254196, -0.000277822, -0.000231904, 
170, 39473.3, 42.3049, 19.9514, -53.2675, -0.000114325, -0.000129804, 0.000289545, 
171, 8027.78, 16.19, 15.652, -56.6612, 6.72866e-05, 8.99446e-05, -0.000441806, 
172, 274262, -50.0107, 40.6762, -29.5272, 0.000170174, -0.000343754, -1.27015e-05, 
173, 10783.3, 52.4718, -55.2634, -45.2408, -0.000168038, 0.000239897, 8.30472e-05, 
174, 425.941, -42.2482, 26.8293, -26.5814, 0.000295759, -0.000123823, 8.06231e-05, 
175, 47843.4, -20.0907, -6.64593, 49.3151, 0.000168208, -2.22338e-05, -0.000368529, 
176, 41629.5, -4.34017, -25.3977, -21.1175, -5.42747e-05, 3.28902e-05, 8.81032e-05, 
177, 69999.1, -38.9798, -23.8418, -29.1627, 0.000222772, 4.65865e-05, 0.000171705, 
178, 111816, 59.6104, 45.4796, -27.4941, -0.000279284, -0.00016709, 0.000118533, 
179, 34436.6, -31.9493, -57.0859, -7.48516, -1.42152e-05, 0.000355506, 0.000203337, 
180, 45583.8, -21.0909, -12.8383, 45.4206, 0.000165715, 0.000123098, -0.000261252, 
181, 69272.5, -13.9421, 42.3688, 7.1858, 1.94393e-05, 0.00022614, 0.000220136, 
182, 196289, -57.7544, -49.4618, 28.7912, 0.000268339, 0.000200382, -0.000148455, 
183, 586.527, 12.5193, -8.77265, -31.4408, -0.000104105, 3.65607e-06, 7.53112e-05, 
184, 55239.5, 55.9323, -4.23964, -37.3652, -0.000397951, -0.000141431, 3.25415e-05, 
185, 40683.3, 1.53148, 54.0636, 36.2203, 4.89327e-05, -0.000436143, -0.000205238, 
186, 12696.6, -19.5907, 43.4182, -4.89019, 7.24476e-05, -0.000220183, 0.000200948, 
187, 215544, -33.6953, -32.8378, -8.50784, 0.000140639, 0.000146621, 2.72336e-07, 
188, 30388.8, 17.642, -7.52523, 18.4903, -0.000200549, -3.00323e-05, -0.000134023, 
189, 191588, -55.876, -21.9669, 15.3642, 0.000561564, 0.000208586, -9.73615e-05, 
190, 240948, -44.7643, -56.4076, -20.3633, 0.000118328, 0.000387593, 0.000142105, 
191, 32425.2, -56.0947, 34.6888, -25.5885, 0.000557497, -7.24777e-05, -9.63563e-05, 
192, 675977, 3.84088, 18.6123, 50.4087, -3.62645e-05, -0.000145013, -0.000382404, 
193, 114328, -47.4587, 6.72831, -3.98099, 0.000246014, -1.453e-05, -9.60763e-05, 
194, 5936.78, 37.7739, -18.044, 49.8576, -0.000189862, 5.71153e-05, -0.000384394, 
195, 102702, 51.2999, -1.87745, -11.6374, -0.000280112, 3.14874e-05, 8.47696e-05, 
196, 44699.1, -1.51392, 52.725, 30.9134, 6.45703e-05, -0.000359378, -0.000163532, 
197, 181966, 45.729, -35.1722, -25.1959, -0.00025434, 0.000264585, 0.000161229, 
198, 4028.97, 1.9723, 4.68877, 11.5996, -0.000184045, 3.4816e-05, 3.60051e-05, 
199, 6743.88, 13.8305, 45.12, 34.2889, -4.95488e-05, -0.000316563, -1.24943e-05, 
200, 30.1961, -15.861, -19.8091, 11.9484, -3.46913e-06, 0.000192253, -2.71607e-05, 
201, 48930.7, 43.931, -50.7509, 29.5935, -0.000251448, 0.00017943, -0.000103237, 
202, 15020, 47.6229, -34.5082, 35.8044, -0.000208626, 0.000280032, -0.000146288, 
203, 77677.7, 54.7023, 54.374, -5.75924, -0.000355514, -0.00034376, 0.000168565, 
204, 27235.7, -10.3078, 45.6966, -45.0256, 3.80925e-05, -0.000267712, 0.000299463, 
205, 28269.6, -52.0277, -53.6348, 11.1452, 0.000298515, 0.000314687, -6.42119e-05, 
206, 58057.7, 17.4857, 1.66361, 54.6512, -0.000112426, 2.6574e-05, -0.000364079, 
207, 98879.9, -57.7493, 17.0759, 38.34, 0.000312657, -5.41255e-05, -0.000222928, 
208, 135377, 17.1426, 6.47461, 16.4227, -8.97503e-05, 2.91019e-05, -7.51939e-05, 
209, 25492.5, 11.7648, 34.5144, 6.79861, -7.71269e-05, -0.000204718, -5.46569e-05, 
210, 82315.1, 31.3235, 16.6355, -59.6242, -0.000186325, -7.75823e-05, 0.000410256, 
211, 219983, 37.2045, 42.5154, 1.92514, -7.2313e-05, -3.31991e-06, 0.000137285, 
212, 4201.63, 36.2683, -21.7954, -41.3093, -0.000306399, 8.51573e-05, 0.000202521, 
213, 14235.5, -48.2389, 53.0119, 10.9236, 0.000256925, -0.000270644, -1.3776e-05, 
214, 51245.7, -47.5979, -36.7631, -42.5892, 0.000215504, 0.000228353, 0.000270681, 
215, 253053, 16.4439, 16.0259, -59.0109, -4.18557e-05, -4.94076e-05, 0.000440585, 
216, 157642, 55.2243, -37.9571, 49.8541, -0.000269793, 0.000112922, -0.000206217, 
217, 90991.6, 6.39274, 12.9879, 30.1673, -0.00102809, 0.000465671, -0.000686853, 
218, 10749.7, 50.4855, 37.1315, 49.7709, -0.000142194, -0.000182985, -0.000243116, 
219, 192787, -0.934864, -32.5521, -46.0943, 3.53335e-05, 0.000223588, 0.000292312, 
220, 102019, 44.1334, -7.94248, -54.9903, -0.000331605, 6.30225e-05, 0.00024115, 
221, 16535.4, 32.822, -29.6989, -11.6735, -0.000183183, -8.497e-05, 2.91035e-05, 
222, 9457.57, -9.4278, 43.3434, 24.0853, 5.05472e-05, -0.000299503, -0.000167404, 
223, 846.791, 53.5212, 35.4213, -56.1488, -0.00022764, -0.000173763, 0.000274798, 
224, 147361, -34.1238, -46.0218, 56.0277, 0.000176786, 0.000301651, -0.000408089, 
225, 52720.6, -41.1291, 47.9653, -0.430799, 0.000258804, -0.000261675, -6.81027e-06, 
226, 93462.4, 35.7348, -53.2623, 24.3416, -0.000160871, 0.00026748, -6.50062e-05, 
227, 161776, -27.8563, 20.5446, -56.979, 0.000242072, -0.000151271, 0.000424292, 
228, 40324.2, -29.1895, 4.04022, 29.849, 0.000202974, -8.07519e-05, -0.000193881, 
229, 1190.13, 8.08105, -13.8787, -36.4609, -0.000130938, 8.05803e-05, -3.8444e-05, 
230, 270220, 46.3212, 56.8936, -47.1703, -0.000171825, -0.000216203, 0.000170036, 
231, 20581.1, 52.4191, 47.3926, 0.560583, -0.000649375, 0.000465587, 0.000825602, 
232, 128736, 10.8997, 44.1076, -27.8412, -0.000167338, -0.000136318, 5.60189e-05, 
233, 3668.99, -57.8649, 27.5449, 28.9506, 0.000335098, -0.000158133, -0.000123602, 
234, 125125, -32.3437, 56.2608, 27.1047, 9.16108e-05, -0.000327628, 3.0057e-05, 
235, 105421, 48.7636, -40.0886, -18.5128, -0.000311282, 0.000331124, 6.85767e-05, 
236, 7970.5, -32.0159, 17.5819, 34.4445, 0.00017432, -1.01134e-05, -0.000248037, 
237, 172132, 31.3277, 30.7362, -57.9405, -0.000193974, -0.000174139, 0.000368718, 
238, 90482.6, -13.9699, -14.6283, -5.24698, 4.76014e-05, 9.79572e-05, 1.79147e-05, 
239, 21942.7, -50.4602, 53.2993, -27.5803, 0.000277798, -0.000328922, 6.19099e-05, 
240, 302788, -39.72, -0.813048, 45.9176, 8.44977e-05, -0.00012205, -0.000136017, 
241, 14510.8, 41.9262, 4.17672, 3.4527, -0.000232755, 8.20234e-06, 2.92316e-06, 
242, 69993.7, -11.8284, 57.8547, -48.407, -8.69295e-08, -0.00034157, 0.000317199, 
243, 74381.8, -35.5644, -11.7524, 44.7121, -1.53822e-05, 0.00018524, -0.000661119, 
244, 35783, -14.3783, 23.1919, 47.4752, 1.56579e-05, -0.000120757, -0.000380137, 
245, 104931, 35.2618, 39.3615, 39.6048, -0.000110539, -0.000156781, -0.000277452, 
246, 83288.5, -54.6131, 15.9483, -15.5389, 0.000587187, -0.000112559, -8.87653e-06, 
247, 35338, 13.2205, 47.9062, -39.007, -0.000223346, -0.00039489, 0.000450935, 
248, 75569.7, -41.0989, 52.5831, 6.54388, 0.000228769, -0.000304993, -4.12916e-05, 
249, 140014, -55.6669, -34.323, 14.976, 0.000365817, 0.000229829, -7.96812e-05, 
250, 21951.8, -50.0698, -15.456, -34.1118, 0.000289169, 0.00027467, -6.3248e-06, 
251, 7800.68, -32.5893, 29.9079, -34.6551, -3.34415e-05, -0.00010424, 8.99293e-05, 
252, 51267.3, -29.6864, -51.2715, 16.4639, 4.66731e-05, 0.00035124, -0.00019437, 
253, 26779, 24.0593, -4.31198, 23.4317, -0.000156815, 6.86792e-05, -0.000153721, 
254, 376657, -36.7342, 11.5621, 7.6808, 0.00033185, -2.29731e-05, -0.000160908, 
255, 156220, -57.8295, -49.7628, -8.6808, 0.000371121, 0.000257334, -2.73341e-05, 
256, 243928, 55.1224, -40.2844, -55.3767, -0.000297408, 0.000115938, 0.000181839, 
257, 16882.3, -57.3043, -16.9587, 15.6698, 0.000643389, -0.000131518, -7.8682e-05, 
258, 183033, 26.69, 21.496, -9.86778, -0.000185861, -6.13219e-05, 3.32e-05, 
259, 95691.2, -3.62193, -14.1855, -10.7605, 1.04179e-05, 6.39378e-05, 9.23329e-05, 
260, 150683, -46.8177, 10.2526, -18.9342, 0.000748933, -5.64688e-05, -9.33699e-05, 
261, 67387.6, -57.4821, 20.8703, 22.3692, 0.000353035, -0.000128898, -0.000107882, 
262, 77226.3, 46.3498, -27.1374, -24.6111, -0.000465083, 0.000182884, 0.000232271, 
263, 152402, -56.7861, 50.6051, -57.7877, 0.000183752, -0.000170091, 0.000195989, 
264, 9967.51, 14.543, -7.95366, -3.28767, -0.000161494, -9.54183e-09, 8.83357e-05, 
265, 435468, -17.381, -10.7936, -52.176, 2.29421e-05, 7.64606e-05, 0.00039565, 
266, 21570.7, 17.3424, -23.4886, -32.7628, -5.13458e-05, 0.000158345, 8.07093e-05, 
267, 21549.7, 49.1057, 22.395, -21.0629, -0.000286784, -0.000122516, 0.000114589, 
268, 62534, 25.9289, -28.2024, -48.4411, -4.248e-05, 0.000255717, 7.24899e-05, 
269, 28256.9, -55.0463, 6.17282, -8.78903, 0.000443607, 7.36194e-05, 0.000100191, 
270, 126365, 11.5329, 52.5637, -12.666, -3.16585e-05, -0.0004662, 5.4398e-05, 
271, 119714, 21.4299, 51.5583, -13.5062, -0.000191218, -0.000305922, 3.75995e-05, 
272, 117905, -41.2177, -2.15109, -41.6435, 0.000202976, -7.45992e-05, 0.000219976, 
273, 216045, 51.703, 0.457309, 38.2127, -0.000347986, -4.21868e-05, -0.000240105, 
274, 176965, -12.0645, 55.4526, -39.8547, 2.17746e-05, -0.000357394, 0.000248413, 
275, 218878, -37.4295, -53.0547, -54.7796, 0.000114935, 0.000212158, 0.000254876, 
276, 44462, 43.3496, -19.6905, 40.6967, -0.00018946, 0.000130209, -0.000167921, 
277, 361665, -40.5392, 48.1088, 47.2622, 0.000173556, -0.000222085, -0.000270729, 
278, 22448.1, -25.4708, -5.86856, 1.59731, 0.000180097, 0.000102159, 4.53036e-06, 
279, 9618.09, 0.026645, 9.47507, -34.5863, -0.000296532, -0.000140922, 0.000375548, 
280, 10682.6, -38.4582, 14.7507, 43.6112, 0.000229893, -0.000126492, -0.000256814, 
281, 12372.2, -26.4291, -47.6547, -45.4848, 5.18221e-05, 0.000234429, 0.000259019, 
282, 220601, -17.1703, 15.6246, 25.9927, 0.000105586, -7.29094e-05, -0.00023594, 
283, 269369, 9.82433, -15.3524, 0.660781, -0.000128889, 8.24341e-05, 1.96207e-05, 
284, 77763.6, 54.5427, 26.9338, -11.3543, -0.000349835, -8.50164e-05, 0.000100486, 
285, 54623.2, 49.6746, 25.9627, 25.6025, -0.000335159, -3.27138e-05, -0.000203217, 
286, 524017, 11.683, -51.6303, -27.7226, -2.61458e-05, 0.000388158, 0.000108255, 
287, 64452, -59.4061, 21.5611, 35.4465, 0.000365642, -0.000168164, -0.000138909, 
288, 4675.11, -31.5973, 38.9365, -29.3477, 0.000161826, -0.000253363, 0.000106464, 
289, 39733.7, -52.9013, 45.9898, 14.833, 0.000314626, -0.000259587, -6.80512e-06, 
290, 199617, 29.0521, 27.5574, -40.8156, -0.000111789, -0.000167198, 0.000166228, 
291, 2413.12, 8.25338, -15.073, -40.7136, -0.000465652, 0.000125121, 0.000235277, 
292, 35712.3, 36.7931, -30.7037, -40.1833, -0.000236836, 0.00011438, 0.00016693, 
293, 141406, -30.5172, 49.2213, 37.5773, 0.000144449, -0.000261619, -0.00022053, 
294, 9254.71, 3.44916, 54.9453, -58.5519, 9.31852e-05, 0.00102281, 4.69084e-05, 
295, 108043, 55.5249, 13.8114, -23.6117, -0.000274079, -7.2599e-06, 1.88549e-05, 
296, 13817.1, 25.0932, -46.4976, -48.0146, -5.94571e-05, 0.000246618, 0.000178325, 
297, 79705.7, 30.9625, 28.9042, 8.19567, -3.67499e-05, -2.99017e-05, 5.36465e-05, 
298, 5709.61, 46.7289, -21.7926, -35.4151, -0.000301415, 8.16028e-05, 0.000198842, 
299, 22842.7, 49.8736, -11.6437, -5.45526, -0.000339472, 3.32586e-05, 9.79592e-05, 
300, 23759.6, -45.6901, -29.4375, 28.0084, 0.000208069, 0.000218434, -0.000184075, 
301, 274850, 53.4333, -10.3947, 57.2802, -0.000227211, 3.39943e-05, -0.000298164, 
302, 153258, -13.2954, -19.2541, 21.899, 0.000131564, 8.5586e-05, 2.14696e-06, 
303, 54605.7, 2.90579, -44.1145, -57.6508, 3.66885e-05, 0.000182671, 0.000348258, 
304, 4713.66, 17.6514, -52.4466, -38.4551, -9.4864e-05, 0.00035813, 0.000219325, 
305, 33650, -50.1394, 29.782, 44.3407, 0.000341309, -0.000220683, -0.000184585, 
306, 162397, -5.67605, 33.9898, -35.8973, 7.14215e-05, -0.000188184, 0.000180354, 
307, 39993.4, 2.16676, 2.58391, -32.0512, -0.000152393, 2.12117e-05, 0.000174735, 
308, 84360.3, -34.4791, 27.1022, -27.5376, 0.000260352, -0.000180369, 0.000196276, 
309, 95970.4, -45.7295, 35.7903, 20.318, 0.000286273, -0.000143648, -9.67739e-05, 
310, 3861.64, 18.9276, -35.6394, -25.1165, -6.13142e-05, 0.000322762, 0.000396228, 
311, 10290.1, -23.5479, -52.3299, 51.5233, -5.49355e-05, 0.00036184, -0.000404888, 
312, 118099, -27.4497, -0.847049, -23.2819, 0.000118126, 2.04457e-05, 9.09107e-05, 
313, 108226, -0.774121, 13.283, 59.57, 3.34392e-05, -2.5292e-05, -0.000477229, 
314, 49505.7, -8.93934, 43.6606, -25.0517, 0.000109694, -0.000256824, 4.05714e-05, 
315, 136561, -54.0354, 34.7607, -2.47904, 0.000331381, -0.000172771, -3.87742e-05, 
316, 19750, 57.3391, 36.8789, 58.5835, -0.000261083, -8.97417e-05, -0.000325173, 
317, 14512.4, -23.2659, -52.6177, 34.7706, 1.01211e-05, 0.000432627, -0.000185788, 
318, 174165, 59.3335, -24.1661, 29.598, -0.000356924, 0.000140128, -0.000103872, 
319, 16968.8, 16.7657, 7.01118, 56.5149, -0.000123254, -3.76424e-05, -0.000402317, 
320, 41027.2, -36.0475, -58.7729, 9.00327, 3.63687e-05, 0.000522746, -0.000214263, 
321, 51014.5, -3.32156, -32.6533, 43.9155, -7.59546e-05, 0.000133324, -0.000246189, 
322, 161962, 11.1601, 26.7921, -5.88764, -5.78179e-05, -0.000130797, 3.36448e-05, 
323, 110711, -31.8161, 58.4806, -3.12146, 0.000207134, -0.000381252, -3.88767e-05, 
324, 90976.8, -29.0354, -5.76156, -51.113, 0.000201037, 0.000244638, 0.000283325, 
325, 138221, -31.4055, 58.6512, -19.7554, -0.000152731, -0.000413753, -7.53274e-05, 
326, 67068.8, -11.8399, -51.1839, 12.966, 0.000181069, 0.000550471, 9.15872e-05, 
327, 41356.2, -2.42758, 52.2219, 17.1141, 2.17618e-05, -0.000350854, -0.000137735, 
328, 143414, 14.2819, 44.0842, 37.7465, -7.47933e-05, -0.00022485, -0.000285267, 
329, 80862.5, -8.23147, -5.09631, 55.4354, -0.000130279, 0.000160923, -0.00054626, 
330, 33423.8, -1.42813, 57.2381, 26.8322, 2.84519e-05, -0.000398039, -0.00013498, 
331, 67927, 32.7082, 19.7525, -17.7009, -0.000251826, 2.0192e-05, 0.000128873, 
332, 2943.7, 40.0889, -10.1976, 22.0614, -0.000226418, 0.000116928, -0.000113361, 
333, 180266, 29.9113, -26.967, -51.038, -0.000350586, 0.000150751, 0.000258576, 
334, 175452, 44.8142, 6.01485, -54.0255, -0.000164007, 6.63087e-06, 0.000300324, 
335, 31177.4, -42.3157, -13.578, -46.6925, 0.00014287, -0.000101277, 0.00053644, 
336, 287.254, -25.3846, 13.5551, -29.0875, 0.000274521, -4.30726e-05, 0.000212801, 
337, 4441.77, 46.2556, -37.2058, 33.1429, -0.000196368, 0.000252714, -0.000106505, 
338, 27578, -0.841993, 17.3478, -24.4778, -5.34914e-05, -6.21954e-05, 6.52732e-05, 
339, 92993, 20.307, -16.3363, -4.17877, -0.000194992, 7.46846e-05, 4.18019e-05, 
340, 48630.4, 18.4103, 53.8392, 55.4098, -3.05794e-05, -0.00021757, -0.000268165, 
341, 32452.9, 8.13765, -11.9246, -52.9912, -1.92324e-05, 2.22908e-05, 0.00039446, 
342, 65586.1, -43.2632, -50.1934, -40.206, 0.000169242, 0.000291356, 0.000229601, 
343, 85775, 22.4591, -46.0642, 20.3221, -0.000133025, 0.000310859, -8.52558e-05, 
344, 1290.82, 12.1443, -12.9185, 33.2184, 6.098e-05, 0.000224578, -0.00047087, 
345, 178059, 13.4951, 27.5236, -44.3607, -0.000149111, 8.33786e-06, 0.000267322, 
346, 71944.5, -48.3584, 27.0956, 45.5845, 0.00022474, -6.1985e-05, -0.000270717, 
347, 43192.1, -5.63335, 18.9638, -50.284, 4.25851e-05, -0.000204499, 0.000364528, 
348, 107335, 1.28019, -13.1096, -39.5157, 0.000316256, -4.17612e-05, 0.000104142, 
349, 108996, -25.1661, 9.01337, -1.0388, 0.000152063, -7.05358e-05, 6.0278e-05, 
350, 60887.6, -35.7096, 26.9422, 26.7268, 0.000367786, -0.000307173, 0.000483206, 
351, 177184, -39.2535, -54.5698, 4.1556, 0.000517817, 0.00137331, 0.000111451, 
352, 111850, 27.4133, -22.5786, 48.1506, -0.000136694, 0.000136521, -0.000242129, 
353, 25811.6, -48.8811, 5.86148, -5.73861, 0.000532081, 0.000177897, 0.000261777, 
354, 3950.75, 10.2602, -25.4865, -18.0767, -4.51887e-05, 0.00010572, 7.88089e-05, 
355, 31026.3, -6.77763, -22.4216, -58.8544, 2.16453e-05, 0.00014673, 0.000388393, 
356, 55931.2, 52.9384, -19.0665, 15.9165, -0.00029015, 1.66224e-05, -4.92355e-05, 
357, 88226.6, 6.09347, -9.06472, -38.7248, -0.000115097, -0.000125605, 0.000150229, 
358, 125397, -20.1108, 43.1712, 38.7669, 1.3028e-05, -0.000220641, -0.000272867, 
359, 54791.5, -12.6261, -23.1372, 51.3945, -1.30225e-05, 0.000176236, -0.000243893, 
360, 198127, -21.9025, 18.9384, -51.6165, 0.000177956, -0.000201086, 0.000272288, 
361, 30849.4, -12.6823, 12.2733, 4.97888, 9.16006e-05, -0.000170516, 0.000111602, 
362, 75687.4, 32.1318, 26.4893, -18.9888, -0.000231868, -3.04055e-05, 0.000194274, 
363, 186370, 47.3468, -25.3045, 25.2942, -0.000229174, 0.000139061, -9.39884e-05, 
364, 3094.88, 11.8347, -9.40016, 1.9778, -0.000148683, -5.91153e-05, -5.67567e-06, 
365, 72408.8, -45.375, 14.3036, 33.4427, 0.000266773, -8.84706e-05, -0.000186435, 
366, 65782.5, -13.1145, -0.787329, -47.5622, -6.69039e-05, 9.23789e-05, 0.000241599, 
367, 644.339, 26.3231, 58.4821, 26.866, -1.71805e-05, -0.000394597, -0.00015337, 
368, 93455.3, -42.4466, -18.4705, 30.3277, 0.000157806, 0.000132412, -0.000196502, 
369, 117957, 53.7429, 20.9012, 0.857018, -0.000336592, -9.81986e-05, 7.77932e-05, 
370, 198698, 5.90513, -55.8791, -52.3773, -2.07694e-05, 0.000344195, 0.000244439, 
371, 2187.7, 23.9766, -35.6424, 49.2534, -0.000154013, 0.000116599, -0.000234643, 
372, 65339.8, -17.2957, -0.728445, -5.31209, 5.51791e-05, 6.28834e-05, 8.3314e-05, 
373, 36992.5, -1.97715, -49.9605, -27.9655, 3.39064e-05, 0.00031152, 9.97807e-05, 
374, 2896.11, 9.33771, 36.4977, 34.2548, -0.000117401, -0.000184779, -0.000290081, 
375, 26332.1, -36.9551, 28.7725, 59.627, 4.91294e-05, -0.000108294, -0.000327739, 
376, 121527, -54.0916, -57.5848, 20.9324, 0.000245944, 0.000296126, -0.000106475, 
377, 92522.1, -12.3473, 15.2839, 14.1127, 9.42747e-05, -0.000175768, -0.000152563, 
378, 63541.9, -27.3851, -44.0544, 54.2462, -5.8165e-05, 0.000218517, -0.000367398, 
379, 16343.1, 28.3466, 32.5513, -44.8574, -0.000146649, -0.000322513, 0.00020015, 
380, 19303.1, -46.2698, 20.0268, -45.9755, 0.000272178, -9.56682e-05, 0.000272982, 
381, 61662.9, 28.733, 12.859, 21.5039, -0.000309071, 1.43861e-05, -0.000101641, 
382, 137756, -32.4642, 25.7143, -23.602, 0.000149441, -0.000126457, -1.68644e-05, 
383, 104291, -42.5426, -58.5969, 22.6278, 0.000157483, 0.000328726, -0.000147163, 
384, 11732.1, 9.39957, 33.3338, 7.84729, 8.52402e-06, -0.000176327, -8.52634e-05, 
385, 155353, 32.6363, -34.0858, -9.38938, -0.000167659, 0.000188136, -0.000153063, 
386, 4126.35, 8.36373, -44.3639, -55.2578, -4.17589e-05, 0.00013629, 0.000385911, 
387, 40145.2, -11.6042, -39.758, 35.9729, 0.000100889, 0.000240862, -0.000259154, 
388, 36094.8, 14.047, 55.1926, -7.33068, -0.000104314, -0.00048362, -9.75671e-05, 
389, 20975.7, 53.3785, -1.69134, -59.7677, -0.000256133, 7.83802e-05, 0.000359895, 
390, 511126, -17.7523, 3.48926, 7.58509, 0.000155038, 3.53829e-05, -3.66915e-06, 
391, 75637.7, 32.6882, -26.6184, 57.7632, -0.000153758, 9.27205e-05, -0.000348525, 
392, 128929, 30.1051, -8.05947, -38.2144, -0.000200478, -1.89238e-05, 0.000163921, 
393, 87066.3, 24.9425, -49.105, -33.9773, -0.000341095, 0.000412562, 6.72949e-05, 
394, 50771.3, -51.1182, -34.6326, 19.4078, 0.000212468, 0.000255623, -0.000194806, 
395, 170525, 3.92209, 25.3557, -39.8519, -2.28808e-05, -7.29159e-05, 0.000176011, 
396, 15023.4, 47.3527, -5.77487, -48.0294, -0.000268812, 8.31742e-05, 0.000162318, 
397, 20503.9, -41.1903, 51.9049, 19.8553, 0.000209977, -0.000307329, -3.28961e-05, 
398, 42197.5, -23.4233, 50.48, 33.6645, 0.000465588, -0.000222756, 0.000129701, 
399, 79491, -12.301, 57.2376, -33.5681, 1.34228e-05, -0.000446726, 7.67549e-05, 
400, 3768.07, -58.0208, -13.4786, 29.8155, 0.000584091, -0.000122862, -0.000429657, 
401, 102547, -59.877, -47.9818, -49.0741, 0.000222756, 0.000179288, 0.000194749, 
402, 7728.87, 24.0842, 47.6482, -56.8991, 6.9477e-05, -5.30747e-05, 0.000914399, 
403, 316286, -23.84, 41.09, 9.37174, 0.000214887, -0.000224809, -7.57078e-05, 
404, 28318.7, -57.611, -25.2007, -58.3806, 0.000259321, 0.000103627, 0.000282735, 
405, 157915, -55.6203, 13.7613, 12.3216, 0.00036651, -0.000121213, -7.92958e-05, 
406, 43246.1, 42.5435, 11.3612, 36.1137, -0.000313952, -0.000602558, -0.000103131, 
407, 112166, -33.5238, 13.01, 5.00694, -8.07969e-05, -0.000236127, 0.000209424, 
408, 8585.04, -2.26933, 5.85155, 42.2331, 2.13599e-05, 1.42519e-05, -0.000293667, 
409, 10881.6, 38.3173, 41.1428, -31.3032, -8.33346e-05, -0.000427687, 0.000188499, 
410, 58691.6, 14.4553, 40.9054, -33.8566, -0.00028337, -0.000101262, 0.000250331, 
411, 22976.7, 39.5869, -14.9389, -6.58553, -0.000178642, 5.2053e-05, 7.12455e-05, 
412, 92040.7, 14.3811, -19.5951, -52.7538, -1.01056e-05, 5.20527e-05, 0.000353581, 
413, 38887.3, -0.118798, -3.55607, -38.745, -2.39946e-05, 1.82082e-05, 0.000228805, 
414, 70334, -53.5065, -2.64277, 31.6638, 0.000345315, -8.09527e-05, -0.000156044, 
415, 190179, -31.507, 33.8889, -49.8322, -1.60335e-05, -0.000173801, 0.000129357, 
416, 62292, -48.1347, -53.2776, 56.1871, 0.000167352, 0.000195847, -0.000230138, 
417, 262046, -49.4035, -17.9034, 41.043, 0.000271448, 0.000124627, -0.000219894, 
418, 36290.5, 46.1014, -41.0345, -55.0569, -6.47306e-05, 0.000173048, 0.000162511, 
419, 16769.6, 54.0104, -55.1945, -12.9144, -0.000249532, 0.000263072, 4.88619e-05, 
420, 5876.44, -58.0359, 11.3639, 33.7497, 0.000355904, -2.53296e-05, -0.000163075, 
421, 420508, -52.551, 42.1452, -36.639, 0.000316336, -0.000267215, 0.000296312, 
422, 107083, -26.1737, 49.2355, 45.3795, 5.3906e-05, -0.000268403, -0.000334624, 
423, 46470.3, 16.7388, -31.1985, 7.96401, -0.00014268, 0.000207627, -1.3801e-05, 
424, 15619.3, 34.0942, 38.2427, 51.4184, -7.98843e-05, -0.000177666, -0.000360103, 
425, 255218, -11.1591, -57.9855, -13.6663, 9.46179e-06, 0.000367852, 6.28782e-05, 
426, 64959.3, -35.2387, 43.1373, -38.8506, 0.00018999, -0.000292724, 0.000211983, 
427, 29796.2, 29.2985, 20.3605, 35.0155, -9.1096e-05, -6.47782e-05, -0.000251618, 
428, 132945, 43.6155, 40.0048, -4.05163, -0.000200694, 8.54881e-06, 8.13091e-05, 
429, 51304.2, -38.6291, 38.3067, -5.70498, 0.000220647, -0.000279639, -4.9717e-05, 
430, 146787, -55.2146, 9.73375, -4.9541, 0.000453772, -6.77375e-05, -2.59265e-05, 
431, 42119.7, 52.8953, 10.8709, -16.0843, -0.000308481, 1.15333e-05, 5.31715e-05, 
432, 21708.8, -40.262, 20.8982, -3.74978, 0.000273338, -0.000155835, 2.44705e-05, 
433, 64312.2, 27.9591, -40.6825, 8.17872, -2.08711e-05, 0.00045348, 4.67539e-05, 
434, 3601.85, -25.1805, -36.8366, -25.5485, -1.36402e-05, 0.00037881, 0.000183068, 
435, 16568.6, 3.01034, 40.182, -31.3428, 7.33437e-05, -8.82628e-05, 0.000221499, 
436, 40153.1, 51.2259, 34.5339, -15.955, -0.000318933, -0.000134339, 0.000150238, 
437, 48440.2, 52.5888, -42.2797, 49.0762, -0.000142549, 0.000291108, -0.000159928, 
438, 130743, 44.4271, 52.087, 26.1678, 0.000136483, -0.000367836, -0.000222875, 
439, 70176.1, -45.1887, 13.4997, 9.10519, 0.000385605, -0.00010451, -0.000122958, 
440, 154074, -56.4434, 32.353, -59.3255, 0.000214023, -0.000102667, 0.000251415, 
441, 16387.2, -48.7166, 18.22, 2.93202, 0.000335679, -0.000270899, -0.000240208, 
442, 69695.7, -12.3502, 20.6375, 0.45638, 9.54962e-05, -0.000150333, 5.97046e-05, 
443, 26188.8, -15.638, 47.8898, 40.619, -4.71319e-05, -0.000312357, -0.00029331, 
444, 25432.2, -54.5327, 21.373, 33.0057, 0.000266759, -0.000140454, -0.000125721, 
445, 105607, -42.8044, -14.127, -43.8165, 0.000196592, 4.36827e-05, 0.000104794, 
446, 23567.2, 29.5587, -41.744, 9.0835, -0.00041393, 0.000568593, -0.000174344, 
447, 244876, -33.6735, -43.043, 48.5786, 0.000167352, 0.000189292, -0.000326473, 
448, 113912, 21.0084, -26.3167, 52.2171, -7.56948e-05, 0.000170883, -0.00033092, 
449, 448187, 46.4236, 30.1714, 16.9972, -0.000333785, -4.75242e-05, -0.000172467, 
450, 60275.8, -38.4375, -34.5996, 6.07768, 0.000143852, 0.000214622, -6.59562e-05, 
451, 14300, -31.1064, -18.4892, 28.0194, 0.000106694, 0.000140797, -0.000175395, 
452, 114448, -31.3781, -37.5713, -3.29099, 5.0148e-05, 0.00026187, -7.70492e-05, 
453, 154324, -6.41653, -44.8403, -8.87031, 1.03737e-05, 0.000331346, 0.000103989, 
454, 39950.2, 3.90849, -32.2456, -55.6969, 1.22615e-05, 0.000198095, 0.000386397, 
455, 4078.16, 0.116012, -10.3239, 51.6839, -0.000163396, 3.52479e-05, -0.000391749, 
456, 53273.8, 14.9268, 57.2224, 10.3663, -3.49416e-05, -0.000424227, -5.90759e-05, 
457, 64056.1, -39.5102, -2.57605, -57.5709, 0.000261019, 3.00001e-06, 0.000426105, 
458, 57538.7, -4.14656, -54.8959, -49.8371, 8.84224e-05, 0.000277574, 0.00021781, 
459, 139195, 35.7154, 26.252, 4.58096, -0.000219538, 9.2753e-06, 8.22474e-05, 
460, 73400.7, -19.1555, 15.252, 15.9889, 0.000186344, -0.000145482, -0.00017337, 
461, 24140.1, 23.3177, -50.247, -51.0399, -2.13987e-05, 0.000306016, 0.000234066, 
462, 104356, 16.8308, 35.7393, -53.8886, -0.000173702, -0.000350366, 0.000338084, 
463, 76214.5, -54.1352, -11.5932, -17.3583, 0.000348362, 5.70569e-05, 8.40607e-05, 
464, 2621.85, 28.9247, 31.0008, 28.7754, -4.0944e-05, -0.000156176, -0.000273919, 
465, 46723.6, 39.0729, 18.0168, 57.2789, -0.000136314, -3.64591e-05, -0.000345522, 
466, 266239, -27.658, 17.6311, 48.4337, 0.00011438, -0.000111661, -0.000336767, 
467, 50820, -17.5989, -7.86512, 16.8526, 0.000105828, 0.000206493, -6.88996e-05, 
468, 52851.3, 24.4331, -8.7127, -52.4271, -4.41397e-05, 5.91663e-06, 0.000265882, 
469, 23696.8, -21.8347, 11.2844, -28.8814, 0.000114703, -8.0916e-05, 0.00011054, 
470, 434938, -51.1988, -9.58452, -37.2372, 0.000307112, 0.000115147, 3.4786e-05, 
471, 182658, 19.6961, -16.8697, 47.3769, -6.65989e-05, 3.51462e-05, -0.00027157, 
472, 280934, -10.9218, -49.4614, 37.1852, 1.39402e-05, 0.000316738, -0.000158358, 
473, 243510, -24.912, 59.7567, -14.8085, 0.000147788, -0.000548844, 0.000110251, 
474, 72106.9, 7.25598, -31.6701, -12.2251, -1.42062e-05, 0.000208026, 5.47383e-05, 
475, 117779, 30.5655, 57.2391, 8.28751, -3.19364e-05, -0.000503709, -8.82329e-05, 
476, 67729.3, -35.2854, -11.486, -25.7595, 0.000269011, 6.42558e-05, 6.99956e-05, 
477, 79242.1, -20.2668, 5.69641, 58.5894, 8.21938e-05, -6.99663e-05, -0.000402347, 
478, 308489, 35.6417, 49.3752, 16.0706, -9.20806e-05, -0.000378733, -0.00019021, 
479, 55630.9, 16.2165, -5.78923, -57.0879, -3.40335e-05, 1.11103e-05, 0.000371104, 
480, 78754.5, 52.9316, -31.9651, -24.3381, -0.000439319, 0.000161445, 0.000132657, 
481, 246615, -54.7906, -28.8972, -37.1935, 0.000356722, 0.000150886, 0.000186492, 
482, 81872.2, 44.7692, 30.8849, 12.5734, -0.000149199, -0.000108519, 0.000354521, 
483, 174292, 13.093, -15.7821, 19.7433, -0.000372399, 0.000229838, -0.000732159, 
484, 28377.4, 37.4361, 6.5038, 18.2772, -0.000265618, 2.33227e-05, -6.19605e-05, 
485, 64865.6, -8.27199, -53.1929, -38.1584, -0.000431002, 0.000391528, 0.00071671, 
486, 111432, 3.51109, 55.6984, -58.7145, -2.13356e-05, -0.000361498, 0.000335434, 
487, 75342.5, 29.0502, -14.5597, 51.0549, -0.000135029, -8.52821e-06, -0.000346822, 
488, 115817, -51.6866, -48.0927, -18.1899, 0.000144843, 8.91613e-05, -2.99152e-05, 
489, 246506, 42.8424, -14.0529, 47.0711, -0.000190406, 5.44942e-05, -0.000269709, 
490, 108399, -6.98467, 21.5972, -33.9176, -5.56646e-05, -0.00016727, 0.00013506, 
491, 69768.3, 24.4118, 13.8109, 14.9462, -0.000139235, -6.71199e-05, 2.2387e-05, 
492, 11244.9, -20.3043, 34.622, 40.4741, -2.24846e-05, -0.000185463, -0.000258372, 
493, 36221.5, 55.4818, -18.9973, -11.0908, -0.000374807, 2.22504e-05, 6.72532e-05, 
494, 73250.2, 3.25523, 45.1848, 4.61565, 1.34121e-05, -0.00028523, -5.17317e-05, 
495, 23760.7, 22.4372, 4.52449, 37.2329, -0.00011893, 2.18331e-05, -0.000289349, 
496, 30624.3, 16.0353, -23.5426, 20.101, -5.84255e-05, 0.000239654, -0.000161457, 
497, 83738.3, 9.37851, 52.3153, -2.13314, 2.28306e-06, -0.000353548, -0.000115203, 
498, 11114.4, -57.1934, -11.4852, -45.5556, 0.000482828, 0.000238973, 0.000367569, 
499, 83974.2, 55.3485, -18.7586, 3.88935, -0.000376405, 3.00248e-05, -4.17105e-05, 
500, 167164, 10.3599, 21.3557, -3.79497, -8.57032e-05, 2.36764e-05, -4.8612e-05, 
501, 39981.5, 54.3893, 36.8272, 56.2646, -0.000185493, -0.000131836, -0.000310489, 
502, 166633, 9.75658, 31.4785, -44.2432, 3.78747e-05, -0.000277789, 0.000299947, 
503, 94996.7, -5.14937, 31.9708, -13.4081, -7.34638e-05, -0.000270144, 4.67926e-06, 
504, 878427, -13.6885, 11.4076, -55.5391, 2.59105e-05, -3.83734e-05, 0.000437281, 
505, 289289, 15.7155, -42.2442, -25.2795, -7.28193e-05, 0.000239395, 9.59043e-05, 
506, 84483.6, -8.12356, -16.5377, 32.4022, -0.000135914, 0.000233178, -0.000352344, 
507, 46386.5, -25.0337, 34.011, 24.9166, 0.000114501, -0.000213281, -0.000109317, 
508, 239600, 53.5415, -31.377, 8.54496, -0.000296309, 0.000178611, -0.000161995, 
509, 81764.2, -48.9707, -50.6876, 15.8073, 0.000234249, 0.000235149, -0.000132637, 
510, 259213, 4.63522, -15.0322, -40.8575, -9.75866e-05, 0.000192902, 0.00028385, 
511, 57606.5, 11.3603, 8.57598, 49.7994, -0.000160883, 5.60017e-05, -0.000376842, 
512, 153935, 31.5885, 31.4377, -16.5854, -0.000208839, -0.000205609, 9.58022e-05, 
513, 64744.3, -53.1242, 59.2959, -18.3846, 0.000240709, -0.000282667, 2.97758e-05, 
514, 202960, 55.5246, 32.866, -46.7411, -0.000302053, -0.00016959, 0.000168711, 
515, 73717.5, 59.685, 16.4933, 16.353, -0.000459308, -7.15506e-06, -0.000100512, 
516, 7194.27, 46.4484, -17.9432, -23.7673, -0.000523193, 0.000183591, 0.000381411, 
517, 4058.88, -25.4188, -23.9431, -2.99716, 0.000134491, 0.000233039, 2.10604e-05, 
518, 190494, -34.8346, 42.495, 20.8396, 0.000206405, -0.000257213, -7.59748e-05, 
519, 10423.9, 10.7263, 25.4213, 18.6269, -7.85977e-05, -0.000110822, -0.000118944, 
520, 63444.7, 50.3853, 17.9276, -15.4531, -0.00028904, -5.46453e-05, 6.48004e-05, 
521, 18007.4, 9.41431, 52.1228, 36.2157, -0.000144487, -0.000421134, -0.000248991, 
522, 15733.7, -25.1073, 53.0984, -33.2355, 0.000262179, -0.000378659, 0.000162962, 
523, 37395, 4.43284, 13.2877, 18.6717, -0.0001104, -6.9914e-05, -0.000160461, 
524, 260143, -54.2313, -14.4751, 26.1841, 0.000173766, -0.00016422, -0.000234029, 
525, 4116.81, 38.9851, 39.015, -28.6487, -0.000262262, -0.000170124, 0.00010151, 
526, 45083.3, -12.1373, 27.0325, 32.7707, -1.68533e-06, -0.000152438, -0.000337684, 
527, 282431, -52.0921, -1.31636, -43.1529, 0.000265177, -0.000262114, 0.000288688, 
528, 91320.8, 32.5738, 32.2767, 15.8197, -0.00018052, -7.16978e-05, 0.000106217, 
529, 10763.8, -15.7696, 23.623, 46.3749, 0.000208797, -0.000180198, -0.000217095, 
530, 13799.5, 44.2294, -30.4865, 25.1001, -0.00015607, 0.000281024, -0.000102226, 
531, 83303.9, 18.5899, -35.4813, -17.1875, -3.19266e-06, 0.000270882, -1.2812e-05, 
532, 130744, 58.8872, -53.5653, -50.9306, -0.000207756, 0.000203306, 0.000119487, 
533, 64133.7, -8.29549, -15.212, 29.5599, -6.04227e-05, -5.72174e-06, 4.64308e-05, 
534, 21818.6, -39.5161, -49.6825, 18.6127, 0.000175651, 0.000240255, -0.000167859, 
535, 63285.1, 38.9029, 19.4746, 13.0461, -0.00022338, 6.32408e-05, -3.46748e-05, 
536, 161250, 35.2271, 49.5597, -14.3321, -0.000159479, -4.19624e-05, 8.52435e-05, 
537, 36580.9, -13.6097, -25.787, -21.6595, -2.21972e-05, 0.000202527, 7.25508e-05, 
538, 7235.24, 24.6456, -18.8795, -28.7993, -0.000118289, 5.7475e-05, -4.42491e-05, 
539, 8823.99, -57.4667, 12.4597, 31.2365, 0.000352305, -5.51648e-05, -0.000118419, 
540, 80529.4, -14.0245, 18, -40.693, 0.000129401, -0.000166097, 0.000232941, 
541, 44914.3, 43.5267, -58.5289, 11.4952, -0.000185477, 0.000308045, -3.57906e-05, 
542, 69108.4, 41.5058, 10.2162, -34.4384, -0.000247747, -6.41177e-06, 8.49953e-05, 
543, 2937.28, -18.4459, -13.4763, 54.3593, 0.000144651, 5.53604e-05, -0.000436578, 
544, 36691.1, -52.6911, -56.7297, 55.2039, 0.000209828, 0.000221895, -0.000178951, 
545, 47528, 54.1482, 48.305, 57.6506, -0.000148954, -0.000119486, -0.000290174, 
546, 34724.3, -16.9652, -11.2191, 47.7846, 0.00023252, 8.72028e-05, -0.000249175, 
547, 242635, -34.208, 29.7109, 7.43336, 0.000273148, -0.000183975, -4.90706e-05, 
548, 170932, 22.719, -44.1401, 59.2996, -7.75225e-05, 0.000138838, -0.000351777, 
549, 33256.2, 49.19, -47.2938, -57.0398, -0.000137729, 0.000302525, 0.000204381, 
550, 40814, -16.1414, 57.4415, -46.8907, 0.000166299, -0.000341887, 0.000281174, 
551, 133643, 24.5981, 48.1829, -55.2006, -0.000138731, -0.000270345, 0.000235614, 
552, 50442.6, -49.3384, -49.5295, 45.9702, 0.000243369, 0.00026492, -0.000207692, 
553, 35357.6, -30.2291, -13.9169, -54.588, 0.000154897, 0.000161361, 0.000422464, 
554, 52217.3, -40.8002, -28.6038, 34.9557, 0.000186363, 0.000181506, -0.000192093, 
555, 64699.5, -44.3151, 2.99209, 30.7399, 0.00025219, -7.06393e-05, -0.000123529, 
556, 43842.7, 9.43359, -47.7801, 13.7219, -9.74744e-05, 0.000313934, -6.18813e-05, 
557, 114227, 28.8859, 22.5542, 43.7672, -5.93626e-05, -7.50723e-05, -0.000329643, 
558, 42554.7, 4.24712, 56.0235, -53.6713, -4.2971e-05, -0.000300289, 0.000162026, 
559, 71173.9, -53.6755, -2.95224, 47.4725, 0.000335993, -2.84116e-05, -0.000190411, 
560, 45520.9, -33.5777, 38.7834, -23.8371, 0.000183211, -0.0002451, 5.2155e-05, 
561, 78109.2, 6.4624, 49.6757, 35.0303, -6.07301e-05, -0.000304027, -0.00017442, 
562, 20656.7, 20.9594, 7.82485, -37.9672, -0.000105612, 1.30817e-06, 0.000132961, 
563, 7005.21, 33.7829, -43.3154, -39.1112, -0.000259471, 0.000416395, 0.000104195, 
564, 145712, 54.1912, -15.8798, -25.8406, -0.000385887, 4.03874e-05, 0.000123274, 
565, 276175, -36.9456, 31.2683, -36.7119, 0.000217752, -0.000164051, 0.000197637, 
566, 2668.98, -36.2133, -17.986, 45.5771, 0.000134641, 0.00023966, -0.000303432, 
567, 75718.4, -28.8024, 27.4314, -43.7672, 0.000148323, -0.000124063, 0.000233982, 
568, 11205.2, -31.2177, 15.3984, -9.37921, 0.000151563, -0.000153116, 2.81631e-05, 
569, 103470, 34.9445, -20.8463, 48.1152, -0.000176106, 0.000128347, -0.000259225, 
570, 88193, 14.2092, -59.598, 55.5527, -1.73468e-05, 0.000270371, -0.000230349, 
571, 73610.7, 6.11371, 36.9278, 54.0819, -5.23545e-05, -0.000171445, -0.000332656, 
572, 227692, -51.3565, 56.9484, 20.8615, 0.000249995, -0.000274086, -7.26497e-05, 
573, 231666, 35.9846, 24.1326, -39.702, 5.83283e-05, -0.000393087, 0.000601116, 
574, 101973, -6.85507, 19.3489, -57.8981, -8.61096e-05, -0.000232721, 0.000488001, 
575, 102523, -28.2106, -31.045, -24.4889, -0.000215469, 0.000427477, 0.000489831, 
576, 24305.3, -42.5598, -6.58463, 46.1863, 0.000533749, 0.0007518, -0.000589714, 
577, 33858.3, 42.0061, -9.55764, 33.0323, -0.000175435, 0.000123853, -0.000140309, 
578, 92470.5, -22.0141, -51.3113, 20.1869, 7.20686e-05, 0.00031361, -0.000112413, 
579, 53526.1, -15.9068, 2.33507, -51.3009, 3.8279e-05, 0.000130044, 0.000317574, 
580, 3915.28, -45.0298, 13.3724, -44.4154, 0.000321238, -0.000104432, 0.00023299, 
581, 41029.9, -29.0984, 55.2693, 0.431294, 0.000136302, -0.000314775, -0.000103761, 
582, 381382, 0.716778, 35.3616, 29.5362, -8.38444e-05, -0.000252396, -9.03461e-05, 
583, 258779, 27.7735, -57.4214, 9.61146, -0.000183188, 0.000429487, 2.4351e-05, 
584, 59704.7, 55.1805, -0.105524, -54.6119, -0.000297854, 0.000164117, 0.000327545, 
585, 178734, 19.5988, -33.3374, -22.6323, -9.8397e-05, 0.000100964, 0.000159612, 
586, 87068.6, 58.0488, 1.99663, 16.6276, -0.000355214, 4.17122e-05, -6.59318e-05, 
587, 34965.9, 11.8011, 38.8797, -57.3354, 4.0275e-06, -0.00029339, 0.000419993, 
588, 7245.71, -0.56266, 36.7857, 50.2754, 2.84427e-05, -0.000173017, -0.000302137, 
589, 38183.4, 32.3778, 48.3397, 42.8937, -4.67343e-05, -0.000201313, -0.000291299, 
590, 191318, -43.6941, 10.8197, -22.1022, 0.000469321, -0.000315926, 0.000666262, 
591, 13581.6, 4.96327, 1.23323, -29.383, -0.000182107, -3.74515e-05, 0.000133714, 
592, 44916.7, 58.4027, -46.9244, 58.285, -0.00020363, 0.000104146, -0.000188419, 
593, 16198.7, 53.7805, -20.646, 16.9718, -0.000430826, 0.000277279, -0.000208677, 
594, 189108, 26.5019, -38.0585, -18.0059, -0.000184072, 0.000308728, 7.47528e-05, 
595, 19235.5, 25.0662, 17.4759, -29.2168, -0.000151521, -2.88231e-05, 0.00012297, 
596, 214861, -5.72783, -27.8124, 26.7504, -4.33264e-05, 0.000221208, -0.000143486, 
597, 65839.3, 52.7551, 16.8034, 18.3657, -0.000265893, 0.000102776, -0.00011739, 
598, 94754.3, -31.6406, 1.68777, -18.9105, 0.00015103, 3.36325e-05, 2.79724e-05, 
599, 133529, 5.65767, 57.7305, 12.2118, 2.01285e-05, -0.000400753, -9.15835e-05, 
600, 136142, 54.6559, -7.54913, -38.5516, -0.000286683, 0.000144292, 0.000159241, 
601, 129253, -42.1833, 48.6299, 28.6148, 0.0002609, -0.0002541, -0.00012878, 
602, 129000, 52.4267, 32.4582, 52.1276, -0.000199729, -6.32182e-05, -0.000284232, 
603, 33715.8, -0.312277, -34.6381, 16.1866, 0.000124367, 3.84853e-05, -0.00022019, 
604, 21831.4, 16.4743, 8.20155, 29.4683, -8.07064e-05, 3.71206e-05, -0.000159575, 
605, 14222, 30.8633, 19.7061, -7.92857, -0.00036502, 4.10569e-05, -4.27945e-05, 
606, 40334.9, -36.6351, 24.3794, -3.31053, 0.000216852, -0.000180617, 2.92931e-05, 
607, 231884, 8.86366, 31.5959, -28.8489, -7.76305e-05, -8.09498e-05, 0.000101149, 
608, 108130, -20.5772, 15.1263, 9.58781, 0.000188243, -0.000181943, -2.62063e-05, 
609, 101147, -23.4524, 50.5506, -13.7923, 9.97463e-05, -0.000149998, 3.18144e-05, 
610, 103372, 34.9938, 32.0617, 47.6153, -8.0839e-05, -0.000164505, -0.00036003, 
611, 34659.8, -49.7965, -23.9228, -28.1591, 0.000331919, 8.06884e-05, 8.01095e-05, 
612, 52809, -31.3425, -13.9594, 35.7107, 9.91503e-05, 0.000109658, -0.000161094, 
613, 266787, -3.94915, -32.082, -34.6475, 1.85428e-05, 0.000212929, 0.000197539, 
614, 243455, -53.7941, -51.2611, -21.1392, 0.000309589, 0.000364338, 0.000174496, 
615, 54738.7, 55.7369, 20.2493, -46.1722, -0.000367848, -0.000137311, 0.00012018, 
616, 211402, -47.755, -17.8711, 57.2547, 0.000219847, 3.05314e-05, -0.000346765, 
617, 47433.2, -11.7073, -20.8495, 24.1363, -6.84574e-05, 0.000295927, -0.000257621, 
618, 17384.7, 28.5877, 29.253, -30.1885, -0.000179735, -0.000149484, 0.000107636, 
619, 45451, 6.65067, -57.8009, 41.1512, -4.2368e-05, 0.000311735, -0.000168262, 
620, 43419.4, -39.1446, 14.4548, -31.1907, 0.000217185, -0.000118956, 0.00021913, 
621, 5842.31, -23.3866, 12.741, -2.11588, 7.35423e-05, -0.000242281, 0.000103855, 
622, 86505.1, -7.08613, -41.6086, 46.4277, -3.31233e-05, 0.000186042, -0.000130486, 
623, 72253.8, 34.5857, -44.7215, 57.2961, -0.000172336, 0.000153728, -0.000270896, 
624, 4752.31, 0.505977, -58.0597, 28.9417, -5.92401e-05, 0.000361345, -0.000175119, 
625, 37316.8, -28.6508, -0.569424, 31.0863, 0.000177093, 1.94074e-05, -0.000207362, 
626, 17152.1, 21.9956, 55.9813, -57.5775, -8.14309e-05, -0.000288478, 0.00025656, 
627, 13070.4, 22.1085, 48.9189, 50.1085, -3.98062e-05, -0.000201938, -0.000283938, 
628, 10533.3, -3.7425, -2.78494, 40.0435, -0.000291897, -2.76933e-05, -0.000314113, 
629, 39041.3, -36.1485, -22.4808, -52.171, 2.28428e-05, 0.00022224, 0.00045662, 
630, 16221.4, -43.7215, -16.1208, 26.81, 0.000170541, 2.60744e-05, -0.000110204, 
631, 11828.4, 40.4296, -18.5927, -0.924665, -0.000158582, 0.000173025, 4.95273e-05, 
632, 22815.5, 48.1563, 17.7043, -24.6118, -0.000247249, -6.90475e-05, 0.00011439, 
633, 138707, -15.5771, -1.8148, 19.1276, -9.21466e-05, 0.000221266, -0.000100205, 
634, 121309, 1.01592, -37.1294, 14.3831, -7.14957e-06, 0.000295302, -3.54326e-05, 
635, 168781, -54.1227, -8.2008, -10.8629, 0.00035989, 2.40433e-05, -9.84952e-06, 
636, 41404.9, -11.7036, 15.6999, -27.5939, 4.40444e-05, -4.98134e-05, -4.50007e-05, 
637, 34486.5, -59.127, -43.279, -29.1637, 0.000362919, 7.50762e-05, 0.000226915, 
638, 95494.7, 13.4228, -4.45772, -24.0978, -0.000123103, 3.50566e-05, 8.34121e-05, 
639, 86832.6, 37.9155, 56.6253, -19.4139, -0.000255672, -0.000389964, 0.000224245, 
640, 52482.1, -2.1831, -54.9193, 23.5297, -5.2282e-05, 0.000340318, -0.00021343, 
641, 56276.2, 12.1077, 47.7182, 24.0858, -1.99003e-05, -0.000315804, -0.000177762, 
642, 181238, 1.13356, -15.2419, -2.61472, 3.04982e-05, 9.00586e-05, 4.00356e-05, 
643, 2137.25, 40.1561, 2.72666, -35.8881, -0.000256863, 3.05382e-05, 0.00012227, 
644, 28163.9, -9.70114, -33.8208, -2.94574, 8.79398e-05, 9.41476e-05, 0.000120773, 
645, 127801, 22.0511, 57.5289, -33.8514, -0.000151531, -0.000360688, 0.00022008, 
646, 16910.3, -57.4149, -4.41242, -56.0037, 0.000312219, -3.51706e-06, 0.000348915, 
647, 18287.8, 26.2165, -24.8245, -35.5481, -4.29908e-05, 0.000508048, -5.73838e-05, 
648, 1841.73, -42.9472, -15.7235, -34.2213, 0.000190641, 0.000123709, 8.36841e-05, 
649, 47252, 36.1169, 25.2625, -14.2465, -0.000334667, -5.58416e-05, 4.9394e-05, 
650, 69985, 7.24603, -25.9395, -48.4709, -6.99976e-05, 0.000245589, 0.00025364, 
651, 13386.6, -34.9336, -9.44434, 49.8089, 5.33637e-05, 7.93059e-05, -0.000456528, 
652, 136665, -30.3573, -25.704, 14.8489, 1.87129e-05, 0.000348153, -0.000181317, 
653, 16638, 50.005, 21.3982, -45.0966, -0.000270726, -0.000172556, 0.000104355, 
654, 1481.57, 17.0774, 11.2941, -56.174, -1.62789e-05, 0.000167291, 0.000307365, 
655, 316938, -41.9521, 9.54323, -19.4421, 1.50869e-06, 5.61345e-05, -0.000154012, 
656, 155243, -49.6239, -21.246, 14.3042, 0.000114701, 0.000223773, -0.000215972, 
657, 47835.1, 35.2001, 55.66, -14.8846, -0.000102938, -0.000654546, 2.83683e-05, 
658, 143832, -4.99643, -39.648, -4.09354, -3.45683e-05, 0.000214903, -7.90715e-07, 
659, 189257, 13.7109, 47.3814, -11.1337, -0.000102956, -0.000174074, -3.89657e-05, 
660, 11976.7, -16.4658, -12.063, -52.0643, -0.0013275, 0.0019414, 0.000227217, 
661, 26908.7, 33.4324, -10.0601, 31.4152, -0.000159998, 0.00011024, -0.000160889, 
662, 10168.3, 25.3882, -8.60452, 47.072, -0.000111385, -1.48387e-05, -0.000307132, 
663, 22954.3, 40.7463, 36.4222, -36.9526, -0.000262682, -0.000229343, 0.000149602, 
664, 78659.2, 15.3294, 32.6821, -16.2692, -0.000124024, -0.000130617, 0.000124257, 
665, 126814, 51.4754, -24.6521, 36.3466, -0.000298984, 9.9883e-05, -0.00019446, 
666, 41451, -11.0332, 25.3633, -30.129, 8.8583e-05, -0.000209624, 6.36783e-05, 
667, 53822.4, 19.5367, -16.8898, -45.3767, -0.000109303, 4.73519e-05, 0.00028709, 
668, 206541, 49.9846, -58.4917, 22.1909, -0.000229059, 0.000252775, -6.4069e-05, 
669, 79641.4, -10.053, 14.0133, -38.2457, -1.68569e-05, 9.4987e-06, 0.000201084, 
670, 67614.6, -43.142, -42.8778, -25.1143, 0.000155328, 0.000247408, 0.000157227, 
671, 39129.7, 45.0578, 41.135, -5.55705, -0.000559878, -0.000375344, 0.000431434, 
672, 7255.47, -37.9757, -58.6821, 19.9203, 6.53635e-05, 0.000359238, -0.000104168, 
673, 262652, 36.2612, 55.0088, 48.9716, -7.30991e-05, -0.0002389, -0.000267358, 
674, 124440, 46.0107, -33.4931, -12.7479, -0.000123342, 0.000311389, 8.92787e-05, 
675, 81588.7, 37.7651, -49.7792, -23.1142, -0.000197592, 0.00033091, 8.98338e-05, 
676, 28885.5, 3.73221, -5.40596, 3.49639, -4.44691e-05, 3.40264e-05, 8.74131e-07, 
677, 114526, 49.1792, 48.9625, -3.72236, -0.000266677, -0.000285979, 0.000300151, 
678, 112714, -34.0003, -2.44691, -39.4445, 0.000156451, -3.72714e-06, 0.000162925, 
679, 83359.2, 49.7398, 52.1326, 9.87791, -0.000233013, -0.000425447, -7.60729e-05, 
680, 106257, -58.5494, -9.15642, 44.638, 0.000389956, 2.14892e-05, -0.000209336, 
681, 39593.4, -23.9186, 14.7903, -27.789, 0.000151642, -0.000133815, 9.62814e-05, 
682, 32330.5, -39.7758, 3.14133, 5.36968, 0.000295831, 0.000108727, -4.78466e-05, 
683, 70872.3, 32.7141, -19.9885, 8.96257, -0.000184091, 9.38774e-05, -3.74088e-05, 
684, 37787.3, -53.9272, 57.9504, 0.853849, 0.000243372, -0.000265216, -1.67382e-05, 
685, 7232.07, -29.3237, -39.0149, -9.99472, 1.31551e-06, 0.000321004, 6.61766e-05, 
686, 178349, 58.7919, 6.60948, -48.1482, -0.000829474, -1.77312e-05, -2.14472e-05, 
687, 20866, -27.5901, 39.7672, 31.9486, 0.000167767, -0.000390184, -0.000102996, 
688, 127126, -8.59345, 29.5159, -14.4768, 0.000132934, -0.000112358, 6.46522e-05, 
689, 130417, -46.0963, -24.2418, 56.8075, 0.000162356, 0.000222016, -0.0003099, 
690, 30987.7, 53.6626, -32.3577, -6.2255, -0.000135315, 0.000291103, 0.000542084, 
691, 135134, -22.3342, 49.3596, -39.0058, 0.000161085, -0.000377366, 0.000270526, 
692, 145643, -48.9641, -7.69871, -47.2741, 0.000235782, 6.27969e-05, 0.000460997, 
693, 240896, -55.9932, -5.56035, -42.2974, 0.000600583, 8.51997e-06, 0.00020985, 
694, 27298.6, 15.4816, -11.3454, -12.6558, -0.000126192, 4.12989e-05, 6.86874e-05, 
695, 131786, 58.7086, 15.104, -27.5912, -0.000397578, -7.39522e-05, 0.000159502, 
696, 69778.6, -0.864141, -21.7759, -11.9748, -2.08142e-05, 0.00016849, 7.92592e-05, 
697, 21587.7, -36.8451, -37.6405, -7.5451, 0.000252136, 0.000318336, 6.68421e-06, 
698, 110763, -29.7523, -50.0109, 29.0208, 0.000192837, 0.000321102, -5.56649e-05, 
699, 100563, -28.4822, 41.0929, -57.2032, 0.000121817, -0.000244454, 0.000356463, 
700, 41376.3, -31.1936, -24.165, 14.2239, 0.000420522, -0.000402626, 0.00012102, 
701, 119499, -21.7467, 50.8853, 34.6914, -0.000147459, -0.000386109, -0.000265507, 
702, 300292, 24.9879, -27.9149, 18.2605, -0.000198254, 0.000188031, -0.000117842, 
703, 12800.1, 1.49768, -31.1916, -30.3228, -0.000112109, 0.000191508, 7.43677e-05, 
704, 18103.5, 35.607, -38.6741, -17.6685, -0.000265163, 0.000366382, 0.000148195, 
705, 144970, -41.725, -51.9486, -11.9108, 0.000131211, 0.000292749, 4.46841e-05, 
706, 162904, -11.2868, -45.3479, 54.862, 0.000117851, 0.000246591, -0.000272609, 
707, 127828, -27.8396, 28.8843, 36.5968, 0.000141675, -8.28389e-05, -0.000353346, 
708, 10008.3, -37.4634, -57.8916, -52.6429, 0.000114755, 0.000415054, 0.000153965, 
709, 454812, -41.983, -20.3422, -48.028, 0.000198274, 0.000198217, 0.000330279, 
710, 230294, 23.3204, 14.2227, 23.6999, -9.30887e-05, -5.75929e-05, -0.000202414, 
711, 180809, 47.7739, -53.0184, 3.60265, -0.000233676, 0.00027732, -6.14384e-06, 
712, 186478, -26.064, -51.3803, 47.4359, 4.34188e-05, 0.00035434, -0.000212516, 
713, 80709.1, 47.0751, 33.3137, -47.1184, -0.00020017, -0.000205564, 0.000205462, 
714, 66560.2, 16.7939, -19.2766, 54.7705, -2.37231e-05, 4.54097e-05, -0.000420593, 
715, 41040.8, -36.153, -38.0708, 25.3626, 0.00016472, 0.000198296, -0.000129631, 
716, 259092, 42.1205, 8.56599, 36.648, -0.000187158, 9.90388e-05, -0.000250543, 
717, 75252.7, 17.5568, -15.4435, 38.1909, -9.62548e-05, 8.7825e-05, -0.000224664, 
718, 14548.1, -5.86042, -43.4154, -4.71212, 1.9991e-05, 0.000439983, -0.000102905, 
719, 208162, 23.8856, -51.0388, 37.1465, -5.85338e-05, 0.000269927, -0.000106677, 
720, 227355, -10.5112, -1.59327, 53.2096, 5.30077e-05, -0.000100052, -0.000382741, 
721, 64932.4, 24.1077, -37.5628, 5.90547, -1.88375e-05, 0.000216214, 5.80212e-05, 
722, 135717, -17.7877, 3.46175, -25.1913, 3.23204e-05, -3.03722e-05, 3.6538e-05, 
723, 40199.9, 18.3254, 25.1417, -45.3147, -0.00022029, 1.8969e-05, 0.000239235, 
724, 115446, -2.94772, 4.88425, -29.9018, -0.000203612, 0.000151807, -0.000205697, 
725, 33600.6, -20.8194, 32.3276, -41.9958, 7.8563e-05, -0.000176564, 0.00024433, 
726, 265173, -3.57673, 15.2744, 10.9993, -5.73342e-06, -0.000102089, -0.000129558, 
727, 55000.6, 11.7269, -26.7375, -41.8974, -5.03825e-05, 0.000213071, 0.000192685, 
728, 15418, 7.9746, -21.5136, 58.685, -3.40355e-05, 8.68935e-05, -0.000364235, 
729, 62099.5, -30.8917, -18.4243, -28.101, 0.000181941, 0.000105574, 0.000173276, 
730, 152226, 16.7124, 46.8093, -25.275, -0.000265136, -0.000276925, 0.000119733, 
731, 139622, 31.5551, 32.4668, 18.8949, 9.26575e-05, 3.37842e-06, -0.000258164, 
732, 74722.5, 41.2705, -20.3212, 13.5727, -0.000222407, 0.000110412, -9.81047e-05, 
733, 23078.6, 54.4055, 19.0913, 34.7774, -0.000413782, 0.000259815, -0.000294834, 
734, 223106, -34.1679, -57.4136, -3.08216, 4.04792e-05, 0.000418778, 5.66057e-05, 
735, 100932, 17.9872, 9.01626, 34.5281, -0.000123097, -1.02912e-05, -0.000277827, 
736, 15407.8, 52.1481, 36.7983, 5.97364, -0.000119416, -0.000243248, -0.00024307, 
737, 73866.6, -53.4275, -57.4114, -3.05593, 0.000262688, 0.000359817, -4.01109e-05, 
738, 105604, 28.1698, -46.011, -54.3128, -9.44633e-05, 0.000194106, 0.000317456, 
739, 77804, -6.27931, -41.9688, 50.5689, -0.000121284, 0.000205242, -0.000311971, 
740, 2601.84, 7.95469, 29.3953, -41.227, 5.17971e-05, -9.57906e-05, 5.17198e-05, 
741, 97811.4, 21.3674, -42.3361, 23.5789, -9.81838e-05, 0.00018599, -0.000204955, 
742, 57732.8, 13.4957, -54.414, -11.086, -7.58749e-05, 0.000365168, 2.6597e-06, 
743, 176094, -5.38851, -13.9958, 49.0452, -9.28607e-05, 0.000113917, -0.000364103, 
744, 31088.8, 43.5608, -11.1913, -38.0058, -0.000263978, 5.59373e-05, 0.000155633, 
745, 34504, -29.4974, -28.314, -36.0274, 0.000103141, 0.000197502, 0.000251545, 
746, 157264, -58.0756, -48.148, -26.4992, 0.00036884, 0.000206803, 0.000223705, 
747, 51309.5, -33.3773, -56.0129, -35.0917, 0.000102023, 0.00035913, 7.07514e-05, 
748, 56455.9, 31.0523, 1.64658, -49.2122, -0.000177461, 3.6929e-05, 0.0002188, 
749, 177486, -32.6418, -29.6079, -21.2066, 0.00244546, -0.00114725, -0.00173764, 
750, 72900.3, -40.1049, 35.2557, -8.55456, 0.000267907, -0.000163647, 4.59794e-05, 
751, 136424, -21.2985, -34.6429, 38.1293, 6.49625e-05, 0.000149295, -0.000157077, 
752, 39843.8, 15.3629, 32.5588, -54.7681, -5.2735e-05, 1.43642e-05, 0.000464607, 
753, 13283.4, -1.23655, 19.0176, 48.9272, 0.000557894, -0.000187618, -0.000203041, 
754, 11672.7, -42.946, 24.2489, 56.1691, 0.000195759, -2.74358e-05, -0.000263777, 
755, 44303.2, -28.2612, 1.05845, -7.48138, 0.000131382, 7.28213e-05, 2.26792e-05, 
756, 472178, 22.322, -26.6489, -56.3948, -4.10255e-05, 0.000158928, 0.000406847, 
757, 17117.7, 38.7145, 40.631, -31.2387, -0.000340872, -0.000100001, 0.000145591, 
758, 19020.1, 6.65868, -9.27131, -46.1592, -6.7874e-05, -4.53558e-05, 0.000395656, 
759, 81353, 18.8715, 38.6646, 17.3757, -3.68031e-05, -0.000191861, -0.000129462, 
760, 18507.3, 31.6547, 30.2617, 31.074, -0.000102863, -0.000138296, -0.000281885, 
761, 119790, 41.8074, -56.8342, -11.7025, -0.000183054, 0.00031527, 4.23329e-05, 
762, 16549.5, -28.209, -14.0305, 32.6564, 6.96631e-05, 9.56194e-05, -0.000134857, 
763, 12225.5, 14.6384, -58.0525, -34.0794, -0.000101828, 0.000450648, 0.000204737, 
764, 27341.3, -40.8209, -57.9048, 4.3491, 0.000422836, 0.000876743, -7.92094e-05, 
765, 18702.9, 25.4972, 26.1696, 28.3303, -4.23317e-05, -0.000132932, -0.000260853, 
766, 208731, -0.691443, 20.1205, 8.55507, -0.000104423, -0.000281767, 2.53408e-06, 
767, 255591, 27.3937, -18.8176, -35.969, -0.000207332, -7.79005e-05, 0.00011777, 
768, 131334, -23.8676, 27.506, -26.6648, 9.23142e-05, -0.000162498, 9.94965e-05, 
769, 30898.4, 17.198, 14.9057, 20.2097, -7.9799e-07, -0.000100934, -9.206e-05, 
770, 3544.25, 16.5574, -9.05135, 35.081, -0.000125187, 2.5089e-06, -0.00026478, 
771, 30824.4, 54.0039, 12.7063, 46.4, -0.00027836, -2.24075e-05, -0.000267194, 
772, 473615, 2.61109, 47.1069, -26.5872, 0.000123355, -0.000322025, 9.81271e-05, 
773, 34568.9, 52.1479, -35.3531, 34.6378, -0.000294343, 0.000235162, -0.000121625, 
774, 32791.6, 24.1877, -17.3282, 25.8092, -0.000219403, 5.24044e-05, -0.000235755, 
775, 44229.4, -24.3407, -0.898239, -38.057, 0.000191874, 5.16748e-05, 0.000207685, 
776, 261024, -16.5499, 27.0956, 26.8044, 7.50287e-05, -0.000180977, -0.00017509, 
777, 90234, -33.3791, 5.11602, -4.94888, 0.000218123, 7.34182e-06, -6.06874e-08, 
778, 88816.6, -20.2524, -16.7124, 13.0312, 8.81841e-05, 0.000125119, -6.87049e-05, 
779, 34335.6, -46.3875, -40.4241, -8.71894, 0.000157965, 0.000194667, -2.09381e-05, 
780, 76695.2, -19.4487, -44.7048, -23.1273, 3.12099e-05, 0.000295786, 0.000123174, 
781, 53502.3, 46.9611, 50.0214, 26.0465, 1.54115e-05, 3.42559e-05, -0.000155669, 
782, 19540.2, -37.5368, 22.788, -21.3029, 0.000276755, -0.000130242, 1.52531e-05, 
783, 120031, 5.73954, 13.3544, 29.795, 0.000616946, -0.000464085, 0.000247648, 
784, 206026, 23.3578, -51.6859, 50.3837, -0.000132002, 0.000458135, -0.000224859, 
785, 14348.4, 28.1172, 26.2341, 3.9524, -5.09471e-05, -2.44929e-05, 5.67909e-05, 
786, 155974, 31.9335, 22.9229, 23.4972, -0.000152883, -3.65768e-05, -0.000187864, 
787, 36799.8, -17.913, 53.1643, 20.8118, 7.02718e-05, -0.000379838, -0.000149415, 
788, 31623.1, 45.2445, -58.1203, 29.7019, -0.00021111, 0.000291368, -0.000135142, 
789, 44386.2, 7.00921, 28.9284, 11.3118, -5.3661e-05, -0.000178382, -9.01395e-05, 
790, 198583, 29.7044, -1.03395, 39.0386, -0.00012238, 2.80948e-05, -0.000280961, 
791, 1176.99, -54.9078, 14.746, -1.8033, 0.00046909, -0.00017192, -5.66008e-05, 
792, 286584, -0.522493, 15.1149, -47.48, -0.000123258, -1.96954e-07, 0.000277879, 
793, 181552, -28.5991, -52.5004, -16.4875, 4.23619e-05, 0.000320553, 0.000115903, 
794, 202397, -33.9557, 57.7264, 32.4406, 0.000167086, -0.000387341, -0.000213477, 
795, 89181.2, -37.774, -0.877585, -17.8221, 0.000274414, 0.000140727, 2.48438e-05, 
796, 46946, -3.53334, 5.40361, -30.856, 0.000409029, -0.000380673, 0.000805328, 
797, 13233.1, -44.8142, -52.8239, 2.39538, 0.000503886, 0.00027557, 4.48514e-05, 
798, 12428.7, -20.0214, -40.2335, 11.9725, 8.44432e-05, 0.000201328, -5.78172e-05, 
799, 98105.8, -14.0659, -11.461, 49.6022, 2.85778e-05, 9.92668e-05, -0.000397975, 
800, 442240, -28.174, 1.59036, -52.0213, 0.000186481, -9.65865e-05, 0.000296839, 
801, 28076.9, -30.2322, 8.70839, -18.5082, 0.000137388, -0.00017596, 5.6739e-05, 
802, 22695.7, -2.4635, 58.7279, 13.108, 6.17683e-05, -0.000416982, -9.04608e-05, 
803, 33485, -15.246, 9.10608, -49.2733, 0.000151964, 0.000106641, -6.84372e-05, 
804, 43473.8, -16.2867, 0.95413, 19.7184, -6.50714e-05, -0.000340693, -0.00018015, 
805, 29526.2, -15.7196, -18.6244, -18.228, -2.13673e-05, 9.51051e-05, 4.62488e-06, 
806, 63536.6, -6.93393, 47.7987, -32.8949, 7.63154e-05, -0.000311513, 0.000192179, 
807, 88571, -22.5707, 33.6441, 44.2062, 6.96607e-05, -0.00016114, -0.000375787, 
808, 65752.5, 0.646875, -48.8011, 16.863, -8.93182e-05, 0.000257838, -0.000123513, 
809, 6431.9, -26.0431, -49.8941, 6.12286, -1.05639e-05, 0.000275844, -2.49177e-05, 
810, 29912.4, 13.8851, -45.6297, 33.6848, -3.51245e-05, 0.000237659, -0.000169297, 
811, 222893, -11.2524, -47.7919, 14.4276, 5.62505e-05, 0.000130439, -0.000112222, 
812, 29020.1, -26.0982, 30.664, 34.1875, -2.75179e-05, -0.000203138, -0.000108691, 
813, 227365, 13.0035, 33.2312, -6.77922, -8.72127e-05, -0.000244552, 1.00236e-05, 
814, 49080.1, -12.5006, 25.8869, -17.7978, 0.000121195, -8.54716e-05, 9.16473e-05, 
815, 117441, -42.8189, 54.564, -29.7378, 0.00019695, -0.000326431, 0.000122527, 
816, 88773.9, -38.4421, -44.6402, 38.3369, 0.000299406, 0.000257164, -4.09449e-05, 
817, 164785, -19.0913, 53.0733, -31.1447, 9.80246e-05, -0.000356172, 0.000107394, 
818, 104556, 9.05864, 46.7139, -17.8352, -1.61545e-06, -0.000225255, 3.38954e-05, 
819, 24393.8, -4.78944, -15.6204, 44.5154, -0.000107122, 0.000198808, -0.000151034, 
820, 163635, 18.1784, -39.9554, 49.21, -3.26333e-05, 0.000126254, -0.000228997, 
821, 69995.4, -45.6117, -2.80412, 53.369, 0.000310931, -1.04028e-05, -0.000505319, 
822, 125840, -21.3221, -14.8564, -47.4446, 0.000140792, 0.000253484, 0.000178132, 
823, 54764.8, -55.7377, -2.31411, 50.242, 0.000435745, -7.94884e-05, -0.000392751, 
824, 421013, -38.475, -52.2005, 4.55177, -2.14748e-06, -0.000205291, -0.000149308, 
825, 167147, 17.5987, 47.6985, 14.0019, -1.08419e-05, -0.000302339, -9.9651e-05, 
826, 39494.9, 3.94286, 19.1659, 2.46564, -9.16334e-05, -8.19321e-05, 2.61859e-05, 
827, 58449, 1.01197, 45.814, 30.2314, 2.46288e-05, -0.000325257, -0.000168386, 
828, 34646.6, -38.0627, -7.37094, -44.2932, 0.000134526, 6.53996e-05, 0.00028447, 
829, 50041.1, -32.0252, -14.8573, 51.5868, 8.3186e-05, 0.000119065, -0.00038746, 
830, 158288, -23.0372, 56.8226, -12.3961, -6.88354e-05, -0.000195784, -0.000184622, 
831, 41567.5, 7.60233, 42.3222, 11.1147, -1.96054e-07, -0.000250848, -9.65673e-05, 
832, 38577.1, -51.1163, 14.5505, 27.8939, 0.000315151, -8.19016e-05, -0.000124507, 
833, 216653, -34.1175, -43.0676, 42.864, 0.000172432, 0.00020028, -2.39431e-05, 
834, 764.936, -10.3641, -0.485389, 1.42391, -2.09932e-05, 0.000129511, 0.000130674, 
835, 150232, -11.8789, 17.502, -32.9725, 9.8464e-05, -9.2447e-05, 8.86457e-05, 
836, 248381, 0.0455365, 38.7886, -45.6462, 2.49084e-05, -0.00025884, 0.000331993, 
837, 201521, -49.1616, -31.9406, -15.295, 0.000260878, 6.65361e-05, 7.50987e-05, 
838, 8414.57, -12.2231, 55.7973, 16.9118, 4.10499e-05, -0.000426202, -0.000139176, 
839, 484368, -6.00326, 6.0175, 9.35893, -4.7589e-05, 5.57025e-05, -2.54537e-05, 
840, 55427, 14.8841, -5.08273, 2.5577, -0.000168783, 2.24854e-06, 8.89065e-06, 
841, 14513.9, 19.7273, -49.1499, 22.1307, -7.79999e-06, 0.000395529, -0.000171935, 
842, 29294, -31.516, 11.9631, 45.2777, 0.000176409, -4.2801e-05, -0.000247335, 
843, 42623.8, 5.54599, -50.4012, 5.52399, -8.80141e-05, 0.000320523, 3.24438e-05, 
844, 29347.8, 26.1187, -26.1373, -52.1113, -0.000115115, 3.21243e-05, 0.000205876, 
845, 6072.51, 58.3815, 59.6181, -39.9816, -0.000217414, -0.000196189, 0.000113722, 
846, 198554, -32.3403, -53.4745, -41.0252, 8.03365e-05, 0.000279878, 0.000209604, 
847, 27839.6, 14.6453, 56.1862, 15.5732, -2.53979e-05, -0.000411334, -0.00017589, 
848, 322494, 9.91973, 46.1668, -34.1866, -8.67088e-05, -0.000336772, 0.000340853, 
849, 28128.6, -34.3853, 13.7523, -46.7425, 0.00025314, -0.00011012, 0.000264912, 
850, 47727.1, 54.6868, 45.8915, 9.1774, -0.000323346, 2.73565e-05, 1.32404e-05, 
851, 110557, 49.6672, -41.321, -59.122, -0.000109019, 0.000169655, 0.000334499, 
852, 95951.9, 55.9761, 2.17308, -8.60795, -0.000376368, -7.31393e-06, 3.54843e-05, 
853, 32624.1, 16.7028, 54.0919, 2.30595, -4.23123e-05, -0.000383647, -5.26937e-05, 
854, 26419.2, 29.8382, 30.2287, -23.8153, -0.000182517, -0.000158476, 0.000206579, 
855, 43442.3, -49.6149, -46.2046, 43.2537, 0.000266173, 0.000157414, -0.000134562, 
856, 248170, -21.8137, -21.7282, -23.6056, 6.75455e-06, 0.000125473, 0.000102127, 
857, 120525, 53.8066, 58.227, 41.9744, -0.000138702, -0.000329797, -0.000114246, 
858, 138548, -17.1263, -0.506002, -36.4965, -1.11734e-05, 0.000103432, 0.000205465, 
859, 432649, 52.0765, 50.4558, 26.8145, -0.000204145, -0.00011254, -0.000188663, 
860, 111109, 4.68558, -23.042, -50.9429, 6.07891e-05, 9.11367e-05, 0.000400408, 
861, 37429.5, -26.1733, 38.1609, 18.4354, 0.000138403, -0.000213322, -0.00014023, 
862, 121969, -41.9543, -5.1575, 45.3046, 0.000299876, 0.000219467, -8.83278e-05, 
863, 1313.47, 50.6092, 50.5394, -30.6219, -0.000240142, -0.000210375, 0.00014592, 
864, 10867.2, 32.0865, -29.7628, 57.2622, -0.000119749, 0.000283458, -0.000300704, 
865, 184660, 31.531, -51.7428, -50.3916, -0.000150195, 0.000303398, 0.00018901, 
866, 79060.6, -2.62283, 21.948, -47.355, -8.31376e-06, -0.000265514, 0.000290545, 
867, 116565, -10.3687, -22.2644, 29.7588, 7.5782e-05, 0.000194899, -0.000244929, 
868, 80889.2, 4.06532, -1.90699, -26.5572, -8.00885e-05, 5.70034e-05, 5.67652e-05, 
869, 88675.5, 1.53821, -56.5621, 13.0281, -0.000265721, 0.000347638, -4.56225e-05, 
870, 308293, 11.7456, -15.1075, 17.0725, 9.20251e-05, 1.64137e-05, 0.000194564, 
871, 287889, 51.9277, 48.8563, 2.2078, -0.000361038, -0.000319822, 3.28951e-05, 
872, 87125.3, -22.6565, -21.5397, -6.08132, 5.65163e-05, 0.000131694, 4.68487e-05, 
873, 303203, 49.9065, 18.8666, -54.3417, -0.000255151, -0.000126865, 0.000303673, 
874, 1993.09, -14.8256, 44.1679, 26.0777, 4.58006e-05, -0.000294547, -0.000171421, 
875, 24352.8, 56.122, -7.93328, 28.2186, -0.000213214, -9.05393e-05, 5.36951e-05, 
876, 165851, -49.1136, 6.94044, -33.5495, 0.000337224, -9.73597e-05, 0.000158649, 
877, 11563.8, -31.4289, 55.867, -20.2256, 0.000103695, 0.000232428, 0.000135838, 
878, 87557.3, 57.2506, 12.8524, 11.5662, -0.000377407, 5.32454e-05, -5.30242e-05, 
879, 46826.7, 13.8785, 30.9509, -41.2544, -0.000244481, -0.00028033, 2.23474e-06, 
880, 28029.4, -0.744485, 9.14062, -33.7319, -6.34355e-05, -6.98781e-05, 0.000125457, 
881, 114399, 48.632, -31.2076, -11.4052, -0.000390611, 3.76061e-05, 6.01567e-06, 
882, 28289.5, 16.2771, -14.5515, -17.7555, -0.000122465, 7.33797e-05, 8.10918e-05, 
883, 27499.9, 51.0046, -34.0131, -48.9392, -0.000277846, 7.37717e-05, 0.000180147, 
884, 17937.4, -23.5018, -28.9116, 22.786, 0.000102328, 0.000198282, -0.00013652, 
885, 16461.7, 27.8565, 56.3857, -20.0416, -0.000209418, -0.00036595, 0.000165487, 
886, 50929.4, -19.1662, 29.6401, -8.33245, 0.00012694, -0.000161738, 2.38436e-05, 
887, 15743.9, -20.3634, 45.421, -42.2298, 4.73425e-05, -0.000250153, 0.000418917, 
888, 259144, 4.13342, 54.7591, -10.4396, 0.000107578, -0.000423009, -1.05411e-05, 
889, 133579, -33.5399, 58.491, -20.7957, 0.00066199, -0.000328502, 0.000307256, 
890, 641661, 34.2181, -10.0387, -58.1731, -0.000165625, 5.11898e-05, 0.000334452, 
891, 118410, -54.6769, -25.9742, 23.3805, 0.000338012, 0.000251501, -0.000218175, 
892, 134679, 3.10575, 3.70973, 15.7598, -0.000128906, 5.45212e-05, -0.000159811, 
893, 152484, -52.3647, 40.0146, 18.1637, 0.000344822, -0.000175374, -7.28228e-05, 
894, 113121, 31.8164, -46.9475, 37.2151, -0.000190935, 0.000158746, -0.000153775, 
895, 217325, -12.3649, -7.73326, -29.7786, -2.61039e-05, 9.6505e-05, 0.00011849, 
896, 238483, -25.2307, -21.2582, 3.43387, 0.000102485, 0.000127383, -3.66712e-05, 
897, 124878, -42.7044, 29.3896, 59.1261, 0.000183771, -0.000116341, -0.00029998, 
898, 5978.46, -39.766, 28.4786, -19.0607, 0.000263209, -0.000187275, 3.61661e-06, 
899, 26759.4, -8.0318, 35.9706, 42.6267, 3.89663e-05, -0.000206213, -0.000326532, 
900, 19957.6, -12.4863, -55.7934, -21.9111, 3.47287e-05, 0.000334014, 0.000161684, 
901, 156324, -20.0273, 4.48699, -35.5474, 0.000137629, -0.000114768, 0.00015562, 
902, 272773, -24.9661, -28.3546, -48.6657, 7.50642e-05, 0.000217646, 0.0003159, 
903, 11529.1, 34.0487, -43.2896, -35.3118, -0.000227801, 0.000324642, 6.91328e-05, 
904, 35527.8, 27.0358, 57.0924, 34.9957, -7.57673e-06, -0.000373447, -0.000213965, 
905, 43659.2, -10.5646, 27.5797, 2.67574, 7.58246e-05, -0.000202003, -1.86835e-06, 
906, 10749.5, -18.6142, 6.87263, -0.655121, 6.92877e-05, -6.23919e-05, 0.000166936, 
907, 9702.36, -2.99577, 36.8815, -59.744, 1.60837e-05, -0.000197825, 0.000389039, 
908, 155742, 48.8654, 54.6954, 22.9264, -0.000146621, -0.000552552, 7.0825e-05, 
909, 5186.73, 10.8091, -16.4365, 39.6764, -2.72345e-05, 0.000105494, -0.000271374, 
910, 12295.8, 0.501579, -1.99592, -13.5916, -4.25656e-05, 2.37831e-05, 6.27624e-05, 
911, 26597.6, -11.6549, 11.8289, -48.5454, -9.38307e-05, -6.68181e-05, -3.90924e-05, 
912, 40742.1, -0.263318, -41.6885, 22.3698, -3.23758e-05, 0.00026354, -0.000181667, 
913, 274042, 58.9174, -10.9779, 31.2261, -0.00036037, 6.25308e-05, -0.000131723, 
914, 133889, 45.9389, -28.9466, 36.7378, -0.000155516, 0.000189197, -0.000183548, 
915, 277455, -52.0326, 34.7568, -29.5054, 0.000349218, 5.79395e-05, 8.46069e-05, 
916, 72086.7, 41.8723, -14.5197, 1.60719, -7.26957e-05, 0.000222266, 5.2157e-05, 
917, 181034, 9.70441, -35.0642, 18.3761, -9.05126e-05, 0.000240777, -0.00016058, 
918, 120969, 24.6538, -28.1425, -38.6325, -8.9058e-05, 0.000259721, 0.000184581, 
919, 260356, 44.3065, -16.1445, -21.345, -0.000242065, -3.15282e-05, 6.01588e-05, 
920, 188810, -0.777558, 45.2374, 55.1722, 1.38231e-05, -0.000217501, -0.000307199, 
921, 50011.7, -10.2032, -14.5758, 32.6873, 0.000229776, -4.60476e-05, -0.000307591, 
922, 205154, -59.3479, 4.50483, 14.5881, 0.000388166, -2.80854e-05, -7.82119e-05, 
923, 228456, 31.5208, -38.7111, -41.2296, -0.000169049, 0.000248499, 0.000182401, 
924, 32967.2, -8.47782, 8.98648, -20.5921, -3.78789e-06, -3.28711e-05, 3.39079e-05, 
925, 38537.5, 33.1887, -34.4747, -14.5719, 0.000375863, -0.000376065, 0.000594518, 
926, 42717.6, 13.3999, 34.3956, -54.3315, 0.00018674, -0.000237924, 0.000386915, 
927, 98136.5, -51.1144, 16.5253, -16.7044, 0.000309509, -0.000219153, 6.49351e-05, 
928, 137724, 39.0002, 26.4261, 44.6421, -0.000183936, -0.000114908, -0.000360037, 
929, 184548, -36.3372, -11.4256, 41.8204, 0.000157491, 0.000101994, -3.8918e-05, 
930, 1022.09, -5.95907, 1.34906, 57.5597, -8.27973e-05, -8.22313e-05, -0.000487447, 
931, 145985, -8.71146, -37.6596, 32.8885, -3.03107e-05, 0.000194877, -0.000143766, 
932, 87219.9, -7.95503, -46.4656, 57.3666, -0.000166954, 0.00031487, -0.000457307, 
933, 35976.1, 4.32345, -17.2368, 4.96009, 5.3098e-05, 0.000140202, -0.000119843, 
934, 8971.75, 23.9198, 59.0703, -6.95431, -9.41878e-05, -0.000454736, 5.08371e-06, 
935, 471025, -13.8587, 46.0511, 9.37561, 1.87618e-05, -0.000412589, -0.000139979, 
936, 161540, 7.23498, 13.2099, 42.0224, -0.000161292, -3.16623e-05, -0.000226373, 
937, 27285.5, 55.3874, 15.5937, 59.2377, -0.000202361, -3.06226e-05, -0.000277739, 
938, 69508.4, -36.0168, 37.4442, 41.5088, 0.000192792, -0.000143222, -0.000279714, 
939, 14685.8, -11.3883, -30.2448, -29.779, 9.99519e-05, 0.000190464, 0.000150014, 
940, 19965.2, 28.5795, -30.9369, 48.9269, -0.000155231, 0.000190151, -0.000235181, 
941, 165034, -20.6618, 44.2921, -0.214083, 0.000149691, -0.000280148, 7.93616e-05, 
942, 112960, 22.3726, -48.5438, 51.0696, 4.06044e-05, -0.000131963, -0.000321919, 
943, 75876.2, 13.0819, -11.7669, 31.5349, -8.47844e-05, 5.25468e-05, -0.000240761, 
944, 140281, -44.6031, -32.0483, -32.4468, 0.000289671, 0.000245328, 0.000263606, 
945, 135635, 55.6645, 52.0975, 27.0577, -0.000905246, -0.000503039, -0.000182062, 
946, 132117, 26.8065, 6.0497, 15.2491, -0.000202976, 6.57298e-05, -2.22142e-05, 
947, 28932.9, -54.7332, -40.2821, 47.2379, 0.000271086, 0.000143364, -0.000205595, 
948, 28977.5, -20.542, 6.57492, -9.28501, 6.09904e-05, -4.70654e-05, 7.57223e-05, 
949, 56470.5, -29.2397, 35.9186, -9.79404, 0.000173092, -0.000198673, 3.04497e-05, 
950, 124172, 37.3066, -55.5571, 33.1103, -0.000142641, 0.00032088, -0.00010569, 
951, 86675.3, -33.2889, 34.0995, -51.5478, 0.000629432, -0.000233232, 0.000737549, 
952, 9939.12, 48.7887, 7.02595, -38.8879, -0.000261274, 2.30358e-05, 5.74019e-05, 
953, 120365, 32.3596, 1.63286, -32.0797, -0.000198724, -7.30073e-07, 9.6541e-05, 
954, 5157.77, 59.5487, -45.3659, 43.1247, -0.000254571, 0.000186773, -0.000107053, 
955, 148067, 46.5263, -3.83346, 36.2775, -0.000175589, 9.72275e-05, -0.000180534, 
956, 53447.3, -43.1361, 6.22071, 51.8257, 0.000253477, -0.00022891, -0.000411312, 
957, 21380, 56.3464, 47.5257, 4.47494, -0.000650271, -0.000138718, 4.9678e-05, 
958, 288196, -25.5377, -10.0326, -27.5723, 0.000111718, 7.96077e-05, 0.0001193, 
959, 68471.4, 39.8994, -52.8933, 36.9844, -0.0002517, 0.000202682, -0.00023157, 
960, 239812, 15.5237, -14.5756, -37.6826, -0.000104555, 3.97867e-05, 0.000145495, 
961, 19389.6, 42.3487, 41.5499, -8.73575, -0.000200478, -0.000171246, 0.00035097, 
962, 110129, 38.0904, 22.7629, 39.9717, -0.000122574, -4.9522e-05, -0.000247359, 
963, 11597.7, 9.51549, 52.5043, 14.4804, 1.15555e-05, -0.00031442, -0.000137639, 
964, 39032.4, 23.1386, 48.6618, 20.1641, -3.02406e-05, -0.000328851, -0.000205703, 
965, 42779.7, -35.2478, 23.1036, 18.2659, 0.000246291, -0.000107599, -9.1338e-05, 
966, 180075, -48.2146, 42.7968, 39.2043, 0.000297118, -0.000161749, -0.000172265, 
967, 95921.3, -28.1774, -29.0748, -21.4223, -0.000492415, 3.09964e-05, -7.0185e-05, 
968, 915.931, 51.7579, -40.8596, 6.47227, -0.000277444, 0.000305839, -7.82534e-05, 
969, 1986.04, -55.9694, -2.7612, -36.7179, 0.000526531, -0.000167105, -8.98645e-05, 
970, 28857.6, -30.2721, 29.4026, 6.13082, -0.000100482, -0.000143443, 7.58751e-05, 
971, 633425, -10.809, -4.18349, 38.4507, 3.02729e-05, -9.22159e-07, -0.000241969, 
972, 145660, 42.6409, 19.5633, 35.4928, -0.000240407, -5.10683e-05, -0.000192982, 
973, 23924.1, -56.252, 13.5067, -39.3904, 0.000361406, -9.63796e-05, 0.000188606, 
974, 33299.9, 29.6668, -52.9567, 46.2823, -0.000270449, 0.000294483, -0.000203336, 
975, 110852, 55.7314, -28.933, -1.23511, -0.000486441, -0.000805479, -0.000326745, 
976, 377463, -35.1162, 25.9648, 30.0001, 0.000234193, -7.02148e-05, -0.000276463, 
977, 16561, -14.3712, 51.8266, 57.9352, 4.41941e-05, -0.000215776, -0.000276249, 
978, 193540, 54.1022, 35.4099, 4.01918, -0.000429096, -3.47002e-05, 7.52169e-05, 
979, 108641, 53.8458, 21.6039, 33.7772, -0.000335405, -8.53578e-05, -0.000164037, 
980, 34609.7, -18.1743, 56.8484, 4.95225, 8.70301e-05, -0.000449974, -4.08389e-05, 
981, 9442.35, 48.2815, -9.66038, 53.1112, -7.04814e-05, 1.22849e-05, -0.000308877, 
982, 105102, 2.79374, 49.9273, 39.4101, 3.34905e-05, -0.000284265, -0.000331835, 
983, 365143, 32.5743, 51.1211, 0.908096, -3.16163e-05, -0.000398108, 8.49803e-05, 
984, 138656, 40.9587, -37.7571, 6.79196, -0.000224525, 0.000231871, -5.83766e-05, 
985, 35661.7, 1.93226, 2.47465, -38.6502, -0.000105161, 9.67732e-07, 0.000252943, 
986, 47331.3, -32.9684, 50.0246, -8.97451, 0.000240959, -0.000248929, -1.75092e-06, 
987, 6441.89, 30.455, 54.4587, -9.34789, -9.69975e-05, -0.000407708, 5.35772e-05, 
988, 232323, -50.363, -11.5976, 20.3609, 0.000214557, -0.000128123, -5.67866e-05, 
989, 53754.7, -27.5813, -36.921, 45.2032, 0.000103581, 0.000246436, -0.000164442, 
990, 22887.2, 56.609, 19.7648, 7.45388, -0.000412169, -8.15553e-05, -3.86939e-05, 
991, 263858, -20.5545, 0.155983, 21.5161, 0.000272406, 3.86131e-06, -0.000241754, 
992, 77093.3, -21.0103, 36.2942, -18.819, 0.000117983, -0.000215673, 4.97407e-05, 
993, 56680.1, -41.1761, -3.10728, 49.4324, 0.000278803, 0.000181427, -0.000734133, 
994, 38611.8, 10.6325, -27.3721, -3.30561, -0.000122623, 0.000180298, 7.37737e-05, 
995, 35898.3, -11.4121, 40.1987, -29.1128, 0.000107154, -0.000200299, 0.000114463, 
996, 41354.5, 56.005, -13.1148, 48.4617, -0.000312487, 8.08707e-05, -0.000190884, 
997, 176480, -45.9753, 0.603943, 45.2595, 0.000485873, -0.000178769, -0.000182107, 
998, 21021.2, 46.3782, 25.329, 29.3587, -0.000230527, -6.91862e-05, -0.000221708, 
999, 141823, 33.5631, 35.0208, 21.0475, -0.000217844, -0.000295211, -0.000380979, 
