ID, Mass [kg], pos_0 [m], pos_1 [m], pos_2 [m], vel_0 [m/s], vel_1 [m/s], vel_2 [m/s], 
0, 5682.38, -35.2111, -17.3891, -9.29062, -0.00178615, -0.0031294, -0.00135568, 
1, 51291.5, -39.4003, -29.048, 39.9027, -0.0041133, -0.00371412, 0.00497652, 
2, 73779.3, -0.722818, 0.0210898, 3.2145, 0.00997208, 0.004312, -0.00113477, 
3, 9731.99, -7.05209, 31.2002, 23.6709, -0.000515391, 0.00292411, 0.000347019, 
4, 104587, 2.03187, 5.79558, 2.39638, 0.0023808, -0.0062198, 0.00167545, 
5, 42215, -0.196685, -4.53508, 3.82925, 0.000516801, 0.00133762, -0.00283542, 
6, 57220.4, 31.442, 26.0961, -33.6508, 0.00296833, 0.00417153, -0.00282197, 
7, 44855.5, 1.82581, -8.63114, 1.88488, -0.000850712, -0.00201288, 0.00183725, 
8, 276797, 3.08406, 3.25577, -0.7537, -0.00197934, -0.00577225, 0.00542579, 
9, 2643.18, -3.78987, 6.25569, 1.15473, -0.000393612, 0.000367639, 0.00455629, 
10, 33961.7, 6.6423, -14.3817, -3.89409, -0.00161091, 0.00184854, 0.00221268, 
11, 8691.35, -9.50093, 60.003, -51.1328, -0.000384532, 0.00601955, -0.00587956, 
12, 141682, -7.02997, 5.93246, 5.25972, -0.000174603, -0.000286592, 0.0024488, 
13, 288611, -12.9538, -14.056, 2.49966, 0.0029312, -0.000194287, 0.00197989, 
14, 512847, -0.0701159, -0.505869, 0.156751, -0.00318455, -0.00116719, 0.00115808, 
15, 15651.7, 5.83812, 14.4925, -6.64087, 0.00169935, 0.000166477, -0.000451282, 
16, 182451, 25.8265, -19.1019, 49.8406, 0.00345521, -0.00161542, 0.00428346, 
17, 62197.8, -15.3759, -8.11614, 0.289226, 0.00165679, 0.00121398, -0.00154823, 
18, 185440, -13.8255, -17.8065, 3.49461, 0.00216777, 0.000137678, -0.000789108, 
19, 36701.4, 33.5698, 50.1512, -47.3233, 0.00392089, 0.0054754, -0.00528254, 
20, 106936, -68.2518, -39.9018, 19.7501, -0.00757651, -0.00451319, 0.00217047, 
21, 161838, 0.798311, 2.38537, 2.49818, -0.000661846, -0.00842771, 0.000818091, 
22, 144875, 2.69235, 11.6629, 5.47676, 0.000978503, 0.000458762, 0.00133547, 
23, 100936, 2.51015, 21.6775, 7.92267, -0.000861234, -0.00109277, -0.00173977, 
24, 95186.1, 44.8702, 38.7109, 37.0815, 0.00501279, 0.0035227, 0.00351849, 
25, 151808, 34.3171, -26.4998, 54.0961, 0.00436759, -0.00248104, 0.00575706, 
26, 118354, -0.876038, 2.58437, 8.57753, -0.00111487, 0.00323215, -0.00201428, 
27, 149234, -0.599841, 1.62183, 4.00024, 0.00648251, 0.0063042, 0.00255014, 
28, 9985.68, 9.98192, 9.1133, -1.49032, -0.0021743, 0.00126616, 0.000399639, 
29, 180895, -8.73353, -6.15485, -3.94845, -0.00179329, 0.00103968, -0.00232524, 
30, 486.041, 0.390563, -2.63465, 5.17088, -0.00835152, -0.00438598, -0.000242081, 
31, 70262.9, -0.673, 5.78772, -1.07791, -0.000424375, -0.00690295, 0.00182742, 
32, 45902.1, -6.14299, 13.9928, -2.14103, 0.000669996, 0.000839144, 0.000850425, 
33, 24444.7, -5.40812, 10.7121, -1.66248, 0.00265401, 0.00064331, -0.00286049, 
34, 65679.9, -0.464698, -14.0516, 3.76317, -0.000975103, -0.000429544, 0.00222605, 
35, 3309.29, -13.2056, -30.6755, -7.56876, 0.0012454, -0.00334419, -0.000133832, 
36, 8280.38, -45.8789, 46.7105, -21.1905, -0.00443266, 0.00491815, -0.00304593, 
37, 94538.9, 1.37053, -1.0146, 2.33889, -0.00459625, 0.00628214, 0.00771705, 
38, 30213.7, 66.2733, -15.2892, -11.5545, 0.00812187, -0.000916509, -1.02441e-05, 
39, 53471.9, -0.328687, 8.04313, -0.422423, 0.00480713, -0.00131889, 0.00734275, 
40, 43100.3, -19.3039, 26.0248, -26.5284, -0.000879362, 0.00168197, -0.00218895, 
41, 44746.6, 15.7669, 37.2256, 5.86755, 0.0011484, 0.00265098, -0.00118668, 
42, 34053.9, 0.598768, 24.5401, 42.4082, -0.000391661, 0.00268994, 0.00367191, 
43, 54380.2, -1.42225, 1.4836, 1.24986, 0.00177115, 0.00742288, -0.000318134, 
44, 38723.2, 23.3319, -5.62119, -32.9401, 0.00133765, -1.29255e-05, -0.00287227, 
45, 2321.23, -11.972, -16.129, -0.204043, 0.00169018, -0.000719755, 0.000578898, 
46, 241169, 0.453562, -1.70373, 3.75987, -0.00980729, 0.00198307, -0.000462492, 
47, 344827, -0.563271, 1.21364, 1.53647, 0.00245185, 0.00657197, -0.00133443, 
48, 39271.1, -5.81141, 5.14016, 1.54373, 0.00165994, 0.00480065, 0.000726588, 
49, 19687.8, -55.6625, 50.06, -23.1273, -0.00633005, 0.00595284, -0.0034176, 
50, 61216.8, 1.71204, 0.597434, 5.44855, -0.00586107, 0.00788942, -0.00538563, 
51, 19182.2, -41.1217, 58.315, -37.2856, -0.00435708, 0.00675237, -0.00473999, 
52, 12420.5, 6.8806, 2.39656, 8.4888, 0.00468328, -0.000516002, -0.00192318, 
53, 85447.4, -68.9073, -6.68269, -29.9941, -0.00743885, -0.000764594, -0.00303348, 
54, 361436, 2.3479, 1.35005, 4.43677, 0.00109127, -0.000274461, 0.00355403, 
55, 158926, 21.0589, 10.4041, -29.4979, 0.00191238, 0.000817445, -0.00134376, 
56, 49282.6, -25.3781, 45.7645, -48.9348, -0.00179622, 0.00488371, -0.00597856, 
57, 218355, 2.98455, -0.491891, -0.250711, 0.00408726, -0.00414526, -0.000270055, 
58, 22371.5, 67.4432, -18.5124, -12.4588, 0.00842714, -0.00167396, -0.000869333, 
59, 55919.9, -16.001, 31.0211, -41.8527, -0.000334067, 0.00209449, -0.00372953, 
60, 21598.8, 0.099752, 0.383387, 1.40034, 0.00198193, 0.00867089, 0.00908567, 
61, 398.952, -1.84607, 9.23095, -2.53533, 0.00186919, -0.00350367, 0.00111995, 
62, 1108.92, 4.74239, -6.74438, 46.1161, 0.000750145, -0.000349694, 0.00342176, 
63, 108555, 9.47708, -0.323341, 6.81899, 0.00142811, 0.00425556, 0.00032487, 
64, 244863, 11.7457, -5.12378, 23.5481, -0.000253782, 3.76355e-05, -0.000635284, 
65, 220694, -24.1359, 43.7879, -37.9471, -0.00163562, 0.00452411, -0.00407879, 
66, 61700, -4.97321, 60.1721, 27.8512, 6.95728e-05, 0.00608016, 0.00261987, 
67, 55388.9, -37.8382, 11.1446, 29.3487, -0.00401349, 0.00103794, 0.00315703, 
68, 211156, 0.859945, -0.200977, 0.867058, 0.000812293, -0.00523461, 0.00422954, 
69, 12720.6, 2.8854, 6.30325, 2.77349, 0.00337821, 0.00713098, 0.00364302, 
70, 25096, 2.31279, 16.4462, 10.0092, -0.00201637, 0.00309155, 0.00207794, 
71, 179870, -5.4651, -4.87935, 1.29628, -0.0033492, -0.00321482, -0.00310006, 
72, 79123.8, -55.5628, -15.6722, -3.6119, -0.00446891, -0.00130384, -0.000509781, 
73, 110870, -1.66139, 4.63228, 4.25507, -0.00165484, -0.00571054, 0.00364281, 
74, 43359.1, 21.9456, 35.7319, 20.8138, 0.00111129, 0.00425798, 0.000535291, 
75, 140124, 1.34689, -3.81592, 4.35481, 0.000986181, -0.00189274, 0.00374698, 
76, 229268, -16.0932, 26.2495, -30.2686, -0.000704447, 0.00153467, -0.00182301, 
77, 302149, 1.35729, -1.76483, 3.19989, -0.00476616, 0.00712444, 0.00444074, 
78, 100708, -11.2594, -13.3518, 1.15996, 0.00118038, 0.000291457, 0.00117057, 
79, 46633.4, 1.45925, 1.43077, 7.21146, 0.0058027, 0.00318869, -0.00321691, 
80, 143926, 5.83328, 11.0281, -1.9984, -0.0030136, 0.00362054, 0.00147953, 
81, 270.261, -48.3165, 8.27204, 20.8031, -0.00378604, 0.000511488, 0.00143871, 
82, 159650, 6.108, -3.79864, 0.859461, 0.0026002, -0.00414026, -0.00306623, 
83, 24756, -4.94914, 1.75254, 3.09627, 0.00171925, 0.00704691, 0.00100564, 
84, 18375.3, -0.758359, 9.28629, 0.971044, 0.00463561, 0.00314484, -0.00162947, 
85, 491877, 53.4194, -16.9713, -19.3864, 0.00572569, -0.00131476, -0.00162234, 
86, 194807, 3.74659, -0.0535135, 3.33205, -0.0026742, -0.000514251, -0.00413837, 
87, 8649.23, 10.3588, 12.9452, 2.62311, -0.00333732, 0.000132233, -0.00176264, 
88, 138901, -6.35035, -3.66725, 2.98059, 0.00127676, 0.00426639, -0.00504846, 
89, 50202.9, -0.800705, 1.01282, 0.358681, -0.00193426, 0.00837162, 0.00703776, 
90, 98321.9, 5.42936, 14.9911, -11.9062, 0.000330313, 0.00147839, -0.00110762, 
91, 384069, 1.53771, 0.443732, -1.07194, 0.00333888, 0.00525405, 0.000609969, 
92, 81279.9, -10.7915, -7.2758, -3.05645, 0.00122829, 0.00337125, 0.000242941, 
93, 91375.2, 1.24153, 0.6473, 0.132883, 0.00274602, 0.00757377, -0.00428653, 
94, 5476.7, -12.0793, -21.0877, 9.032, 0.000277565, -0.000217394, -6.20955e-05, 
95, 33452.5, -9.24306, -8.49367, 0.527702, -0.00279451, 0.00095418, 0.000408583, 
96, 25752.1, -48.5302, -16.0801, -14.6746, -0.00592843, -0.00235378, -0.00201632, 
97, 200797, 1.78844, 0.969836, 2.73633, -0.00291111, -0.00396685, 0.00388273, 
98, 298981, -2.25402, -2.73048, 4.66141, 0.000447452, -0.00149337, 0.00180498, 
99, 93146, -2.90876, 7.75943, -0.129464, 0.00561593, -0.00165254, 0.00111883, 
100, 8612.85, -16.0863, 12.7099, -18.3041, 0.000652386, 0.000106819, 4.59424e-05, 
101, 24343.5, 2.31194, -7.61572, 5.02835, 0.000302853, -0.00223867, 0.00393986, 
102, 10296.7, -4.00187, 10.168, -3.01463, 0.00220399, -0.00463045, 0.00396266, 
103, 15719.8, -6.32634, 1.73284, 14.6863, 0.00208528, 0.0016202, -0.00368422, 
104, 230040, 1.17425, 2.38996, 1.99982, -0.00209404, 0.00309677, -0.00896898, 
105, 17846.1, 12.1395, 12.6479, -4.64305, -0.000129676, 0.00439201, -0.000584941, 
106, 22216.6, -14.7871, -5.62586, 4.50653, -0.00118334, 0.000231551, 0.0012266, 
107, 98486.7, 2.26649, 16.8832, 10.5798, 0.000527582, -0.000664794, -0.00339172, 
108, 214214, -56.7652, 0.120216, -45.6697, -0.00645935, 7.98232e-05, -0.00531624, 
109, 131614, 1.05444, -2.77773, 2.23403, 0.00388191, 0.00413557, 0.00423138, 
110, 160023, -0.473062, -1.31626, 1.44596, 0.000277487, -0.000650599, 0.00142554, 
111, 115735, 3.26607, -4.58505, 2.75583, -0.000355655, -0.001989, -0.00110748, 
112, 378585, 30.1844, 11.5403, -42.9067, 0.00277694, 0.00189195, -0.00400543, 
113, 83295.8, -28.1065, 9.72793, -1.82003, 2.16516e-06, 0.00101302, 0.000723715, 
114, 148827, 14.5785, 0.900804, 3.04073, -0.000769916, -0.00170766, 0.000328182, 
115, 285284, -2.93799, -35.1321, 53.7672, -4.06483e-05, -0.00403328, 0.00556197, 
116, 515864, 1.25733, 1.0015, 1.08283, 0.000687846, 0.00176835, -0.00116192, 
117, 88363.5, 3.57973, -13.7763, 18.4507, -0.00122377, -0.000660631, -0.00133934, 
118, 155064, 21.6952, 16.7726, -2.73153, 0.000462367, 0.00181162, -0.00247627, 
119, 18098.3, 0.557308, 6.26043, 4.3374, 0.00530329, -0.00412651, 0.000727794, 
120, 34391.6, 56.9682, -24.4228, -10.0084, 0.00622899, -0.00194381, -6.86771e-05, 
121, 78154, -1.21952, 9.54166, -3.74125, -0.00248771, -0.00374842, 0.000621997, 
122, 10497, 0.000931725, 2.824, 2.41283, 0.00296149, -0.00502744, 0.000324022, 
123, 59058.1, -1.24772, 15.3011, 7.60715, 0.00155786, -0.0034572, 0.000202303, 
124, 5646.35, 1.09706, 7.47499, 2.61867, 0.00733135, 0.000401424, 0.00276196, 
125, 103346, 6.38322, -1.78188, 4.83135, 0.00484677, -0.00393029, -0.0029503, 
126, 64702.5, -66.6188, 0.489349, 23.4033, -0.00711845, 6.57428e-05, 0.0030801, 
127, 199056, 1.20001, 5.6588, -1.93173, 0.00113825, -0.000190557, 0.000141232, 
128, 192649, 0.837925, 1.25381, 3.79291, 9.23558e-05, -0.00887012, -0.00236935, 
129, 1707.71, 0.821985, -5.48603, 2.75453, 0.00156504, 0.00171313, -0.00653833, 
130, 19869.9, -1.5982, -2.36372, 3.1538, -0.00217912, 0.00543123, 0.00261459, 
131, 143979, -2.15219, -0.607951, 6.09645, 0.0041387, -0.000597716, -0.00335525, 
132, 37850.6, -79.7309, 38.688, -21.0003, -0.00960499, 0.00433218, -0.00226823, 
133, 50031.5, 3.49201, 0.165559, 0.969834, -0.00120393, -0.00304442, -0.00385163, 
134, 369068, -17.1476, 2.60519, -7.85656, 0.00264737, 0.000100281, 0.000992891, 
135, 3806.98, -2.90952, -12.0381, -0.834676, -0.000480075, 0.00428229, 0.000177417, 
136, 64591.7, 0.918016, -3.77132, 6.95261, -0.00491471, 0.0065785, 0.00190916, 
137, 1688.15, -0.629713, -21.7234, 10.2295, 0.00239723, -0.000731165, 0.000603225, 
138, 439943, -3.37554, 2.6166, -2.3436, 0.000917424, -0.00516295, 0.00107193, 
139, 72054.1, 4.07785, -2.34031, -0.18946, 0.00319502, 0.00618481, -0.00254548, 
140, 10511.3, -4.53511, -21.6825, 27.7021, -0.000184436, -0.00161078, 0.000835945, 
141, 28560.6, -3.87046, -12.0626, 3.00944, -0.00357957, -0.000863026, 0.00203228, 
142, 92270.6, 1.57125, -8.40953, 4.47759, -0.00302758, 0.00102615, 0.00115263, 
143, 57507.6, -52.9742, 17.0918, 32.5913, -0.0053821, 0.00181924, 0.00334392, 
144, 106955, -0.474244, -1.67742, 9.57637, 0.00325557, 0.00164492, -0.00647322, 
145, 53021.1, 1.30257, 4.88458, 4.49711, -0.000496726, 0.00308011, -0.00341739, 
146, 127593, -7.25342, -5.23174, 5.78169, 0.00289911, -0.00292202, 0.00222557, 
147, 31386.3, 2.69939, 0.716917, -0.132915, 0.005933, -0.00480715, 0.000110065, 
148, 89613.6, 0.531704, 7.98186, -19.3671, 0.00231195, -0.00254668, -1.07631e-05, 
149, 251415, 12.9504, -2.3498, 16.3331, -0.000952341, 0.000160077, -0.00263745, 
150, 55890.6, 9.7411, -9.59868, 2.26991, 0.00301372, 0.0036289, 0.000866527, 
151, 174949, -3.83955, 4.79788, 1.92724, 0.00106574, -0.00457884, -0.00275693, 
152, 66072.8, 4.39955, -2.58525, 9.44371, -0.00395033, 0.00384994, -0.00384213, 
153, 19075.8, -5.93629, -6.23799, 19.1067, -0.000906046, 0.000108896, 0.00189144, 
154, 47261.5, 10.848, 10.5868, -3.07302, -0.000403291, 0.00157448, -0.00240547, 
155, 102102, 6.74505, 0.907677, 1.56079, 0.00108733, -0.00111041, -0.0019631, 
156, 5375.03, -6.78796, -3.2885, 9.56579, 0.00247246, -0.000971786, 0.00171142, 
157, 3761.7, -7.34485, 5.2615, 8.90515, -0.00256513, 0.00456013, 0.00049099, 
158, 7652.65, -2.2273, -1.1937, -6.09046, -0.000952948, 0.000644394, -0.00490945, 
159, 47070.1, 0.625411, 2.43394, 2.6698, -0.00256972, -0.00342092, 0.00153348, 
160, 17972.9, -4.45194, -2.29969, 1.50545, 0.00371512, -0.00171815, 0.00108537, 
161, 218629, 5.33496, 11.9722, -0.554287, 0.00283598, 0.00449538, -0.000185883, 
162, 138887, 0.0148147, 3.88429, 0.0965496, 0.0038566, 0.000323877, -0.0065789, 
163, 33277.3, 8.42905, -12.0083, 8.22191, -0.00272601, 0.00124326, 0.00279694, 
164, 167891, -2.5416, -2.51652, -1.37694, 0.00397321, 0.000577712, -0.00426111, 
165, 62570.5, -2.61277, -63.192, -15.397, 0.000227139, -0.00673018, -0.0017006, 
166, 38130.4, 14.2849, 54.0883, 29.2056, 0.00204392, 0.0051119, 0.00259501, 
167, 22403.8, 10.0348, -24.2614, 44.3434, 0.00132475, -0.00258709, 0.0033715, 
168, 1479.59, 31.7994, 19.5757, -46.0718, 0.0036355, 0.0024961, -0.00460657, 
169, 20399.9, 1.81177, -40.6873, 48.5973, 0.000121462, -0.00503027, 0.00452198, 
170, 115854, 0.844929, 0.480106, 2.64756, 0.00321796, -0.00568675, -0.00137467, 
171, 27762.9, 0.421863, -1.96648, 0.558428, -0.00139031, -0.0079041, 0.00159388, 
172, 250928, 2.31476, 1.65755, -3.489, -0.00374578, -0.00105536, 0.00658325, 
173, 74469.2, -47.997, 33.2062, -14.3482, -0.0047419, 0.00464276, -0.00160259, 
174, 143481, -62.1563, 43.5198, -29.5199, -0.00693561, 0.00503216, -0.00365865, 
175, 27145.1, 3.60361, 0.0891714, 0.528107, -0.00514686, -0.00172628, -0.00404585, 
176, 32620.6, -0.499243, -1.79407, -0.291916, -0.00836855, 0.0037796, -0.00114435, 
177, 52575.7, 0.0916146, -39.2983, 68.5398, -4.53144e-05, -0.00468846, 0.00819361, 
178, 19746.4, 1.60542, 5.7831, 0.00440683, -0.00035206, -0.00476981, 4.20308e-05, 
179, 33623.1, -18.1059, 6.43857, 0.780048, 0.00230142, 0.000411655, 0.00216024, 
180, 50349.8, -54.2477, -35.8174, -28.2039, -0.00566505, -0.003789, -0.00286838, 
181, 89376.8, 8.97865, -4.27969, 3.69874, 0.00297823, -0.00593563, -0.00121145, 
182, 42160.2, 1.65663, -0.783235, 62.3437, 1.75195e-06, -5.26978e-05, 0.00674484, 
183, 100544, -24.429, -17.5232, 2.38868, 0.00033953, -0.00100729, 0.0012979, 
184, 1446.88, -2.15597, 4.61786, 0.930922, -0.000889959, -0.00327073, 0.0065252, 
185, 119694, -4.33393, -6.52267, 5.92531, -0.00142351, 0.00269209, -0.00086682, 
186, 120999, 7.07108, -0.0343803, 2.35745, -0.00505778, 0.00244442, -0.00223121, 
187, 52698.3, -9.8555, -1.04477, 4.87161, 0.00231598, 0.00108565, 0.00186038, 
188, 105467, -3.96269, 2.67344, 4.88539, -0.0045494, 0.00283316, -0.00364674, 
189, 99748.4, -7.61274, -38.8418, 20.8706, -0.000904176, -0.00309569, 0.00148761, 
190, 77133, 0.938727, 0.245094, -0.449411, -0.000574464, -0.00376309, 0.00597391, 
191, 178804, 3.4506, 1.73736, 5.68178, -0.00256957, 0.00695876, -0.0029458, 
192, 8685.6, -2.24985, -0.0617317, -1.6686, 0.00269819, -0.000314132, 0.00630224, 
193, 256954, 18.7944, 5.89159, 27.973, 0.00245007, -0.00140235, 0.00183682, 
194, 53540.6, -2.97509, 0.835265, -1.52845, -0.00320545, -0.00267716, -0.00658591, 
195, 220652, 6.34701, -0.279749, -0.159731, 0.00262682, 0.00198217, 0.00301706, 
196, 10258.1, -10.4044, 5.27443, -0.302068, -0.00126593, -0.00160211, 0.000968475, 
197, 6083.3, -21.8588, -10.3518, 20.1177, -0.00126711, 0.000451159, -7.97256e-05, 
198, 127562, 5.09757, 6.36948, -0.248363, -0.00447209, -0.00591966, 0.00276859, 
199, 34766.2, 4.11742, 0.66622, 7.46419, 0.000853288, -0.000964235, 0.00629601, 
