ID, Mass [kg], pos_0 [m], pos_1 [m], pos_2 [m], vel_0 [m/s], vel_1 [m/s], vel_2 [m/s], 
0, 5682.38, -34.4162, -16.0303, -8.69821, -0.00190746, -0.00318187, -0.00139623, 
1, 51291.5, -37.621, -27.4428, 37.7518, -0.00415122, -0.00374122, 0.00501343, 
2, 73779.3, -4.10136, -1.57249, 3.27402, 0.0057123, 0.00329903, 0.00051461, 
3, 9731.99, -6.82349, 29.9161, 23.5029, -0.000546672, 0.00304101, 0.000434469, 
4, 104587, 0.886121, 7.84274, 1.57243, 0.00285482, -0.00341191, 0.00208836, 
5, 42215, -0.233307, -4.43279, 4.78046, -0.000255855, -0.00164089, -0.00141233, 
6, 57220.4, 30.154, 24.2919, -32.4245, 0.00301439, 0.00420828, -0.0028747, 
7, 44855.5, 2.14526, -7.35935, 1.17715, -0.000610135, -0.00396498, 0.00142365, 
8, 276797, 3.52599, 5.30111, -2.70751, -0.000245371, -0.00393606, 0.00371116, 
9, 2643.18, -3.27192, 5.69521, -0.724568, -0.00199194, 0.00217304, 0.00425623, 
10, 33961.7, 7.28653, -15.0631, -4.79246, -0.00138295, 0.00132819, 0.00196138, 
11, 8691.35, -9.3344, 57.4053, -48.5959, -0.000389007, 0.00604566, -0.00590271, 
12, 141682, -6.66189, 5.87928, 4.06553, -0.00158385, 0.000525024, 0.00309966, 
13, 288611, -14.1042, -13.9094, 1.62451, 0.00240634, -0.000484174, 0.00206363, 
14, 512847, 1.76217, 0.701025, 0.536213, -0.00297993, -0.0036818, -0.0029798, 
15, 15651.7, 5.0622, 14.2961, -6.37185, 0.00190568, 0.000760513, -0.000799845, 
16, 182451, 24.3323, -18.4015, 47.9841, 0.00348487, -0.00163772, 0.00433987, 
17, 62197.8, -15.9574, -8.61742, 0.970117, 0.00104711, 0.00112452, -0.00160782, 
18, 185440, -14.6936, -17.7396, 3.80252, 0.00186989, -0.000432644, -0.000632329, 
19, 36701.4, 31.8779, 47.7882, -45.0434, 0.00393721, 0.00549982, -0.00530678, 
20, 106936, -64.9829, -37.9548, 18.8138, -0.00760593, -0.0045301, 0.00217823, 
21, 161838, 1.20514, 4.74648, 1.99748, -0.000805062, -0.00317692, 0.00126464, 
22, 144875, 2.23041, 11.2247, 4.79583, 0.00117036, 0.00160797, 0.00184572, 
23, 100936, 2.87169, 22.048, 8.64848, -0.000815108, -0.000634668, -0.0016287, 
24, 95186.1, 42.7049, 37.1882, 35.561, 0.00504395, 0.0035496, 0.00354348, 
25, 151808, 32.431, -25.4273, 51.6089, 0.00439226, -0.00250033, 0.00579509, 
26, 118354, -0.276416, 1.03491, 8.93604, -0.00159256, 0.00390925, 0.000375814, 
27, 149234, -2.53897, -1.27841, 2.24337, 0.002416, 0.00693128, 0.004879, 
28, 9985.68, 10.7415, 8.45937, -1.62246, -0.00133848, 0.00172474, 0.000219501, 
29, 180895, -7.8399, -6.51649, -2.82756, -0.00238192, 0.000610946, -0.00287649, 
30, 486.041, 3.96974, -0.307251, 4.44752, -0.00803242, -0.00629801, 0.00315321, 
31, 70262.9, -0.306, 8.26144, -1.65091, -0.00110228, -0.00464554, 0.000889362, 
32, 45902.1, -6.34076, 13.4737, -2.46094, 0.000238313, 0.00158254, 0.000629828, 
33, 24444.7, -6.38159, 10.2196, -0.374257, 0.00182308, 0.0016718, -0.00309054, 
34, 65679.9, -0.0455484, -13.6747, 2.78789, -0.000968991, -0.00133279, 0.00229493, 
35, 3309.29, -13.7277, -29.1987, -7.49758, 0.00117814, -0.00351648, -0.000198056, 
36, 8280.38, -43.9635, 44.586, -19.8756, -0.00446396, 0.00494933, -0.00306121, 
37, 94538.9, 2.79168, -2.73896, -0.971521, -0.00212351, 0.00207057, 0.00672592, 
38, 30213.7, 62.7662, -14.8922, -11.5481, 0.00816715, -0.00092747, -1.97533e-05, 
39, 53471.9, -2.28335, 8.13004, -3.39817, 0.0042065, 0.000745792, 0.0063499, 
40, 43100.3, -18.9132, 25.2854, -25.5691, -0.000935916, 0.00175294, -0.00226735, 
41, 44746.6, 15.2609, 36.0565, 6.37514, 0.00120255, 0.00278036, -0.0011701, 
42, 34053.9, 0.767424, 23.3711, 40.8088, -0.000391527, 0.00274006, 0.00375775, 
43, 54380.2, -0.436716, -1.82242, 1.68712, -0.00601233, 0.00639388, -0.00166721, 
44, 38723.2, 22.7416, -5.61159, -31.6816, 0.00140482, -3.20461e-05, -0.00297395, 
45, 2321.23, -12.6736, -15.6655, -0.340095, 0.00157977, -0.00145544, 4.5075e-05, 
46, 241169, 4.49258, -1.99701, 3.41195, -0.00845908, -0.000460624, 0.00177501, 
47, 344827, -0.354317, -1.62023, 1.80977, -0.0029589, 0.00550764, 0.000338663, 
48, 39271.1, -6.02657, 2.8917, 1.22357, -0.000619651, 0.00554884, 0.000765466, 
49, 19687.8, -52.9312, 47.4917, -21.6532, -0.00635594, 0.00597576, -0.00342898, 
50, 61216.8, 4.14762, -2.46884, 6.8822, -0.00536268, 0.00614363, -0.00162319, 
51, 19182.2, -39.2417, 55.4021, -35.2409, -0.00437473, 0.00677684, -0.00475644, 
52, 12420.5, 4.62275, 2.48793, 8.97468, 0.00574716, 0.00012651, -0.000267352, 
53, 85447.4, -65.6965, -6.35276, -28.6843, -0.00747395, -0.000767789, -0.00304978, 
54, 361436, 1.27353, 1.27406, 2.04823, 0.0035784, 0.000947466, 0.00745801, 
55, 158926, 20.2187, 10.0447, -28.8938, 0.0019906, 0.000851973, -0.00146316, 
56, 49282.6, -24.6013, 43.6558, -46.354, -0.00181163, 0.00491035, -0.0060083, 
57, 218355, 0.0477335, 1.25318, 0.630091, 0.00748001, -0.00228165, -0.00382338, 
58, 22371.5, 63.8053, -17.789, -12.0825, 0.00846942, -0.00168599, -0.000878528, 
59, 55919.9, -15.8526, 30.1108, -40.2348, -0.000355836, 0.00213376, -0.0037856, 
60, 21598.8, 0.399038, -2.38145, -2.12523, -0.00202848, 0.00416947, 0.00597582, 
61, 398.952, -2.5433, 10.407, -2.83429, 0.00137138, -0.0019684, 0.00031926, 
62, 1108.92, 4.41716, -6.59048, 44.6199, 0.000760411, -0.000365334, 0.00352871, 
63, 108555, 8.53468, -2.11842, 6.45857, 0.00299853, 0.00400302, 0.0013933, 
64, 244863, 11.8235, -5.12673, 23.7601, -0.000107099, -2.35267e-05, -0.000350014, 
65, 220694, -23.427, 41.8317, -36.1833, -0.00165739, 0.00456176, -0.00411329, 
66, 61700, -5.00218, 57.5436, 26.7186, 6.49052e-05, 0.00612821, 0.00264109, 
67, 55388.9, -36.094, 10.6929, 27.9777, -0.00408825, 0.00106046, 0.00321135, 
68, 211156, 0.768371, 1.46624, -0.224052, -0.000879706, -0.00111114, -0.000510393, 
69, 12720.6, 1.02998, 2.49678, 1.12941, 0.00493174, 0.0111751, 0.00358024, 
70, 25096, 3.13979, 15.0549, 9.12189, -0.00183025, 0.00346053, 0.00215799, 
71, 179870, -3.62742, -3.17777, 2.63812, -0.00541626, -0.00495946, -0.00301346, 
72, 79123.8, -53.6247, -15.1071, -3.39101, -0.0045333, -0.00132081, -0.000516196, 
73, 110870, -0.660493, 6.54386, 2.38817, -0.00287326, -0.00316457, 0.00484969, 
74, 43359.1, 21.456, 33.8806, 20.5733, 0.00116332, 0.00434131, 0.000582419, 
75, 140124, 0.88442, -2.21856, 2.33547, 0.00126931, -0.00573792, 0.00572684, 
76, 229268, -15.7806, 25.5748, -29.4663, -0.000747596, 0.00159961, -0.00190405, 
77, 302149, 3.01686, -3.989, 1.18088, -0.00304908, 0.00330882, 0.00457559, 
78, 100708, -11.8295, -13.433, 0.750044, 0.00147392, 6.69413e-05, 0.000769912, 
79, 46633.4, -1.0052, 0.0133062, 7.93216, 0.00552372, 0.00319617, -0.000400852, 
80, 143926, 6.93464, 9.27897, -2.43659, -0.0020565, 0.00463537, 0.000554638, 
81, 270.261, -46.6707, 8.04897, 20.1775, -0.00385865, 0.000524709, 0.00146747, 
82, 159650, 4.46567, -1.58608, 2.27128, 0.0053205, -0.00605957, -0.00360485, 
83, 24756, -5.05188, -1.31163, 2.57007, -0.00134973, 0.00711272, 0.00140237, 
84, 18375.3, -2.63222, 7.47195, 1.64282, 0.00393033, 0.00530863, -0.00152163, 
85, 491877, 50.9419, -16.4013, -18.683, 0.00578149, -0.00133324, -0.00164497, 
86, 194807, 4.10528, 0.312807, 4.75476, 0.000756371, -0.000717178, -0.00252943, 
87, 8649.23, 11.679, 12.7624, 3.35873, -0.00280023, 0.000702577, -0.00165053, 
88, 138901, -6.6153, -5.33046, 5.13903, 0.000110173, 0.0033799, -0.00486952, 
89, 50202.9, 1.34941, -2.38416, -1.41278, -0.0061794, 0.00608196, 0.00109765, 
90, 98321.9, 5.26193, 14.2798, -11.3522, 0.000451789, 0.00183185, -0.00147328, 
91, 384069, 0.00205052, -1.25684, 0.325867, 0.0029301, 0.00172243, -0.0066588, 
92, 81279.9, -11.1449, -8.62838, -3.09341, 0.000460721, 0.00292739, -9.45226e-05, 
93, 91375.2, -0.261832, -1.68137, 2.00673, 0.00365685, 0.00225867, -0.00334961, 
94, 5476.7, -12.1727, -20.9234, 9.01849, 0.000158129, -0.00054467, 0.000124505, 
95, 33452.5, -7.92081, -8.7787, 0.357587, -0.0033459, 0.000328653, 0.000385619, 
96, 25752.1, -45.9621, -15.0618, -13.801, -0.00600045, -0.00237601, -0.0020414, 
97, 200797, 2.05505, 2.17745, 0.905141, 0.00159273, -0.000690265, 0.00399142, 
98, 298981, -1.96488, -1.64689, 3.50283, -0.00183638, -0.00358332, 0.00387554, 
99, 93146, -5.06821, 8.10521, -0.531548, 0.00439672, -5.21649e-05, 0.000770206, 
100, 8612.85, -16.3355, 12.6417, -18.2869, 0.000503962, 0.000209694, -0.00012616, 
101, 24343.5, 2.07181, -6.30553, 3.17116, 0.00072931, -0.00403417, 0.00457856, 
102, 10296.7, -4.84146, 11.9538, -4.58708, 0.00171879, -0.00370815, 0.00335954, 
103, 15719.8, -7.14227, 1.01627, 16.1244, 0.00171474, 0.00170063, -0.00301357, 
104, 230040, 1.96838, 0.367508, 5.23288, -0.00186405, 0.00526123, -0.00532593, 
105, 17846.1, 12.0841, 10.6555, -4.3233, 0.000408051, 0.00486068, -0.000913253, 
106, 22216.6, -14.1358, -5.70345, 3.94036, -0.00184744, 0.000123524, 0.00140241, 
107, 98486.7, 2.03216, 17.0489, 11.9473, 0.000562628, -0.000137696, -0.00298728, 
108, 214214, -53.977, 0.0858125, -43.3747, -0.00649093, 7.99549e-05, -0.00534266, 
109, 131614, -0.508336, -3.53367, 0.502092, 0.00312365, -0.000609325, 0.00349946, 
110, 160023, 0.403055, 0.0641656, 0.786141, -0.00471995, -0.00491774, 0.000639607, 
111, 115735, 3.087, -3.03342, 3.1186, 0.0011123, -0.00542205, -0.000455467, 
112, 378585, 28.98, 10.7225, -41.1689, 0.00281755, 0.00190617, -0.00406643, 
113, 83295.8, -28.062, 9.27594, -2.12598, -0.000209863, 0.00108584, 0.000696765, 
114, 148827, 14.698, 1.62203, 2.88567, 0.000205715, -0.00163543, 0.000389601, 
115, 285284, -2.9199, -33.3885, 51.3619, -4.34357e-05, -0.00406509, 0.00560983, 
116, 515864, 0.644865, -0.147856, 1.21935, 0.00162662, 0.00258728, 0.00126186, 
117, 88363.5, 4.09284, -13.4374, 18.9583, -0.00115822, -0.000911568, -0.00101821, 
118, 155064, 21.4437, 15.9544, -1.65547, 0.00070927, 0.0019898, -0.00251971, 
119, 18098.3, -1.64601, 7.46407, 3.71499, 0.0048094, -0.00155131, 0.00217293, 
120, 34391.6, 54.275, -23.581, -9.97651, 0.00628, -0.00196628, -7.97218e-05, 
121, 78154, -0.0973042, 10.8712, -3.81513, -0.00268961, -0.00242433, -0.000253429, 
122, 10497, -0.572835, 4.00715, 2.05286, 0.000157523, -0.000766678, 0.00111695, 
123, 59058.1, -1.87572, 16.6497, 7.46486, 0.00136735, -0.00281381, 0.000451948, 
124, 5646.35, -1.95826, 6.71074, 1.35374, 0.00665371, 0.00303925, 0.00292296, 
125, 103346, 3.7363, 0.123064, 5.69588, 0.00751398, -0.00460453, -0.000698297, 
126, 64702.5, -63.5441, 0.460892, 22.0739, -0.00716211, 6.64363e-05, 0.00309421, 
127, 199056, 0.703667, 5.25453, -1.60066, 0.00107913, 0.00199315, -0.00161694, 
128, 192649, 1.10067, 4.39838, 3.81013, -0.000806483, -0.00559091, 0.00166893, 
129, 1707.71, 0.199585, -5.57007, 5.45159, 0.00130817, -0.00111606, -0.00571374, 
130, 19869.9, -0.205514, -3.96266, 1.94478, -0.00402611, 0.00161227, 0.00314413, 
131, 143979, -3.53816, -0.297749, 7.00833, 0.00233576, -0.000843407, -0.00101698, 
132, 37850.6, -75.5897, 36.82, -20.0221, -0.0096286, 0.0043436, -0.00227497, 
133, 50031.5, 2.83696, 1.44412, 2.6156, 0.00421419, -0.00250981, -0.0034, 
134, 369068, -18.202, 2.54745, -8.23627, 0.00225525, 0.000165345, 0.000774002, 
135, 3806.98, -2.67055, -13.6994, -0.847871, -0.000622646, 0.00344529, -0.000107673, 
136, 64591.7, 2.97669, -6.21346, 5.70751, -0.00459385, 0.0047524, 0.00367903, 
137, 1688.15, -1.66192, -21.3313, 9.93896, 0.00239397, -0.00109144, 0.000747051, 
138, 439943, -3.3754, 4.65105, -2.44308, -0.000823915, -0.00428853, -0.000524909, 
139, 72054.1, 2.28595, -4.30776, 1.23041, 0.00494238, 0.00276195, -0.0038913, 
140, 10511.3, -4.45003, -20.9639, 27.3107, -0.000210958, -0.00172776, 0.000983437, 
141, 28560.6, -2.26831, -11.4911, 2.13045, -0.00386096, -0.0018162, 0.00203701, 
142, 92270.6, 2.83205, -8.45518, 3.88379, -0.00277063, -0.00080441, 0.00159002, 
143, 57507.6, -50.6468, 16.3052, 31.1457, -0.0054279, 0.00183413, 0.00337051, 
144, 106955, -1.80235, -2.28619, 11.9727, 0.00291386, 0.00121279, -0.00478792, 
145, 53021.1, 1.41642, 2.88694, 5.34078, -7.35736e-06, 0.00594416, -0.000205019, 
146, 127593, -8.26653, -3.85079, 4.73663, 0.00182616, -0.00351158, 0.00263496, 
147, 31386.3, -0.444603, 1.62143, 0.593278, 0.00602875, 0.00126343, -0.00312863, 
148, 89613.6, -0.460874, 9.05319, -19.2814, 0.00229483, -0.00242671, -0.000386872, 
149, 251415, 13.2897, -2.40473, 17.3806, -0.000629028, 9.72484e-05, -0.00223304, 
150, 55890.6, 8.30606, -10.9913, 1.90252, 0.00363233, 0.00283733, 0.000831572, 
151, 174949, -3.87352, 6.42428, 3.01593, -0.000844946, -0.00302726, -0.00222037, 
152, 66072.8, 5.95361, -4.11041, 10.776, -0.00329325, 0.00324911, -0.00242594, 
153, 19075.8, -5.50905, -6.25145, 18.1907, -0.0010812, -5.20277e-05, 0.00237029, 
154, 47261.5, 10.8797, 9.79008, -1.97577, 0.000281115, 0.00214426, -0.00268057, 
155, 102102, 5.61135, 1.16824, 2.41862, 0.00430702, -9.33596e-05, -0.00199912, 
156, 5375.03, -7.6602, -2.80933, 8.62511, 0.00156307, -0.00125627, 0.00264161, 
157, 3761.7, -6.04178, 3.18856, 8.5216, -0.00352557, 0.0050673, 0.00134612, 
158, 7652.65, -1.64469, -1.33019, -3.5244, -0.00184069, -7.1371e-05, -0.00713504, 
159, 47070.1, 1.89873, 2.77404, 1.76898, -0.0023792, 0.00179493, 0.00247473, 
160, 17972.9, -5.45493, -1.35085, 1.07851, 0.000867704, -0.00252583, 0.000823639, 
161, 218629, 3.99618, 9.77921, -0.401707, 0.00339168, 0.00580287, -0.000501129, 
162, 138887, -1.17679, 2.99198, 3.09888, 0.00128453, 0.0035817, -0.00671759, 
163, 33277.3, 9.51964, -12.4173, 6.95475, -0.00233259, 0.000658372, 0.00307544, 
164, 167891, -3.72992, -2.36177, 0.790369, 0.00139611, -0.00122867, -0.00570924, 
165, 62570.5, -2.71019, -60.283, -14.6616, 0.00022531, -0.00678106, -0.00171487, 
166, 38130.4, 13.4019, 51.8762, 28.0825, 0.00205687, 0.00516308, 0.00262152, 
167, 22403.8, 9.46055, -23.1383, 42.8752, 0.00134238, -0.00262996, 0.00344848, 
168, 1479.59, 30.227, 18.4967, -44.0776, 0.00366784, 0.00251529, -0.00465608, 
169, 20399.9, 1.75909, -38.513, 46.6405, 0.000123231, -0.00506859, 0.00456687, 
170, 115854, 0.0565617, 2.77468, 2.51896, 0.000429591, -0.00399073, 0.0015728, 
171, 27762.9, 1.19033, 2.35132, 0.185863, -0.00210293, -0.00816405, -0.000453484, 
172, 250928, 3.73722, 2.0368, -5.6752, -0.00290142, -0.00078978, 0.00387175, 
173, 74469.2, -45.9447, 31.1999, -13.6546, -0.00479077, 0.0046757, -0.00161873, 
174, 143481, -59.1643, 41.3491, -27.9417, -0.00696112, 0.00504981, -0.00367137, 
175, 27145.1, 4.76869, 0.858591, 2.42789, -0.000676336, -0.00159556, -0.00460225, 
176, 32620.6, 3.19415, -2.13006, 0.806393, -0.00776855, -0.00151401, -0.00346205, 
177, 52575.7, 0.11113, -37.2753, 65.0045, -4.53081e-05, -0.00470763, 0.00822645, 
178, 19746.4, 1.6285, 7.21112, 0.0673825, 0.000248662, -0.00202042, -0.000378086, 
179, 33623.1, -18.9979, 6.2275, -0.144563, 0.00184581, 0.000564802, 0.00213067, 
180, 50349.8, -51.8011, -34.1811, -26.9647, -0.00569865, -0.00381088, -0.00288731, 
181, 89376.8, 7.30591, -1.48775, 4.11637, 0.00492, -0.00703311, -0.000643942, 
182, 42160.2, 1.6556, -0.760392, 59.4262, 3.08933e-06, -5.34202e-05, 0.00680615, 
183, 100544, -24.5211, -17.0596, 1.82957, 8.50042e-05, -0.00114661, 0.00129774, 
184, 1446.88, -1.41917, 5.52993, -1.74186, -0.00229287, -0.00105839, 0.00579821, 
185, 119694, -3.55796, -7.41924, 6.14789, -0.00215924, 0.00148621, -0.000163618, 
186, 120999, 8.63376, -1.02907, 3.23107, -0.00230666, 0.00224472, -0.00197773, 
187, 52698.3, -10.5946, -1.50713, 4.00741, 0.00111217, 0.00107087, 0.00213561, 
188, 105467, -1.51757, 1.23129, 6.05563, -0.00662905, 0.00385812, -0.00162929, 
189, 99748.4, -7.21945, -37.4865, 20.2188, -0.000922485, -0.00319991, 0.00154025, 
190, 77133, 1.25083, 1.23071, -1.49841, -0.000409329, -0.00123084, -0.0012558, 
191, 178804, 4.10998, -1.36059, 6.17699, -0.000758025, 0.00697047, 0.000631077, 
192, 8685.6, -2.93186, 0.227906, -3.7957, 0.000692237, -0.000916899, 0.00371979, 
193, 256954, 17.715, 6.48765, 27.1462, 0.00256402, -0.00136469, 0.00200549, 
194, 53540.6, -0.805937, 1.87198, 1.65955, -0.00735841, -0.00146595, -0.00788999, 
195, 220652, 4.59125, -1.00827, -1.09819, 0.00550761, 0.0013223, 0.00119661, 
196, 10258.1, -9.621, 5.87012, -0.682662, -0.00238774, -0.00115916, 0.000793877, 
197, 6083.3, -21.2779, -10.5319, 20.1203, -0.00143097, 0.000384132, 6.86645e-05, 
198, 127562, 6.71855, 8.60086, -1.33468, -0.00309653, -0.00457157, 0.00225326, 
199, 34766.2, 3.32458, 0.877453, 3.96745, 0.00277694, 0.000505862, 0.00961129, 
