ID, Mass [kg], pos_0 [m], pos_1 [m], pos_2 [m], vel_0 [m/s], vel_1 [m/s], vel_2 [m/s], 
0, 94943.7, 15.9474, -0.559684, -18.099, -0.000724154, -5.19724e-05, 0.00098465, 
1, 62676.1, 19.3349, 16.7207, 14.8135, -0.000904093, -0.000615456, -0.000449313, 
2, 129817, 7.12569, 0.104906, 11.864, -0.00160815, 3.00006e-05, -0.00106736, 
3, 116722, -17.3178, -15.2805, -10.4703, 0.00119883, 0.000469198, 0.000640925, 
4, 50768, 5.87672, -3.8674, -6.87906, -0.000517271, -0.000169611, 0.000531167, 
5, 151125, -9.88293, 15.6343, 10.7769, 0.00077449, -0.00191919, 0.000374687, 
6, 8210.88, -16.0256, 6.30591, -7.31996, 0.00113834, 0.000903022, 0.000110863, 
7, 64135.2, 14.4418, -10.0719, 10.3249, -0.00121967, 0.00142279, -0.000524881, 
8, 49086.3, 2.05943, 1.15513, 11.8997, -0.00176564, -0.000351872, -0.00110033, 
9, 179608, 12.8134, 12.4756, 18.8336, -0.000827794, -0.000520032, -0.00096268, 
10, 140950, 11.5563, -10.1341, -6.41889, -0.00101493, 0.000682888, 0.000358665, 
11, 1383.39, 12.4052, 6.41758, 12.1121, -0.00112383, -0.000378534, -0.000859872, 
12, 250361, -0.685068, -9.48568, 12.0932, 9.47075e-05, 0.00129641, -0.000972777, 
13, 41751.1, -16.2041, 12.8965, 10.1123, 0.00138104, -0.00103699, -0.000521356, 
14, 18464.4, 14.502, 9.59523, 3.35488, -0.00107985, -8.33311e-05, -0.000229182, 
15, 47062.8, -17.62, -0.865472, 1.84194, 0.00183585, 0.000814398, 0.000515252, 
16, 93408.5, 8.46694, -4.6828, -12.2325, -0.000713787, 0.000161882, 0.000549864, 
17, 63985.3, 13.0875, -6.4076, 9.62464, -0.00141293, 0.00233202, -0.000520347, 
18, 495397, -6.21814, -18.6592, -14.1686, 3.49652e-05, 0.00136742, 0.000964981, 
19, 8175.9, 0.177637, 7.609, 12.2525, -0.000611197, 0.000164191, -0.000547728, 
20, 133265, -16.6142, 18.5877, -10.9393, 0.000546041, -0.00189693, 0.000599972, 
21, 62915.9, -15.243, -7.1066, -2.53344, 0.000896272, 0.000453079, 0.00068144, 
22, 26672.9, -1.89076, 8.70624, -3.24857, -0.000147576, -0.00022707, 0.000860088, 
23, 10031, 12.7724, -6.9791, 8.56235, -0.000859871, 0.00205256, 0.001042, 
24, 97630.6, 0.267912, -3.75965, 13.3913, 0.000464257, 0.000691113, -0.00188171, 
25, 3753, 5.49897, -13.961, 6.81559, -0.000325307, 0.00114895, -0.000592513, 
26, 274293, -16.2007, 11.0188, -9.53472, 0.00101361, 0.00133868, -0.00119504, 
27, 10704.8, 12.7359, -4.26938, 9.76133, 0.00114523, -0.0028282, 0.00235068, 
28, 54714.2, 3.08926, -10.6714, 15.6066, -0.000513824, 0.00113197, -0.00157581, 
29, 62041.6, 6.16922, -8.72839, 1.85282, -0.000634471, 0.000529751, 4.92108e-05, 
30, 83991.8, -15.3447, 6.66169, 9.46538, 0.00145149, -0.000853333, -0.00153544, 
31, 85336, -7.2095, 14.111, -4.64341, 0.000199322, -0.000963238, 0.00035146, 
32, 6405.9, -0.852729, 5.14055, 7.30678, -0.00063724, -0.000186257, 0.000217312, 
33, 6024.27, -0.938731, -8.60403, 12.4965, 0.00118768, -0.00101149, -0.00244306, 
34, 37843.3, 17.6949, 12.9248, 2.47066, -0.00144956, -0.000511045, -0.000505989, 
35, 113731, -9.69133, 12.5171, 14.0515, 0.00135031, 0.00175373, -0.00106882, 
36, 1721.18, -17.877, 2.228, -0.593966, 0.00167248, 0.000366011, 0.000998275, 
37, 497942, -12.9742, 1.07446, 6.21539, 0.000657727, 0.00136201, -0.000883315, 
38, 27248.6, -3.45644, -10.4427, 4.83517, -0.000222496, 0.000587554, 0.0014331, 
39, 70169.5, 0.464668, -4.57682, 10.8335, -0.000110353, 0.000923572, -3.38503e-06, 
40, 82630.2, -5.9638, -2.06048, 4.20041, -0.00020767, 0.000598186, -3.91172e-05, 
41, 36719.1, 9.82621, -0.48575, -15.728, -0.000587838, -0.000499643, 0.00108624, 
42, 29280.3, -8.88397, -14.8448, 13.1231, 0.000545709, 0.00106627, -0.0010109, 
43, 14429.9, 8.45135, 13.2868, 11.4788, -0.00156415, -0.000753023, -0.000696597, 
44, 46028.9, -16.9886, -8.38261, 1.87146, 0.00136724, 0.000460313, 0.000390659, 
45, 49132.5, 5.7208, 13.556, 1.99469, -0.00057509, -0.00029264, 0.00101835, 
46, 99196.6, 17.1135, 2.67918, -13.1894, -0.000872323, -0.000268758, 0.000651451, 
47, 23307.7, -14.0285, 8.1941, -4.95538, 0.000363342, -6.86599e-05, -0.000155034, 
48, 68725, -2.96964, 9.26126, 5.13047, 2.097e-05, -0.000496429, 0.000297239, 
49, 44059.3, 0.609047, 5.8737, -7.4505, -0.000309721, -0.000281572, 0.000916003, 
50, 30410.5, 7.41534, 3.41705, -1.56295, -0.000754648, -0.000262752, 0.000693511, 
51, 50893.4, 16.3475, -8.40936, 15.3093, -0.00114996, 0.000795409, -0.0010203, 
52, 143593, 18.2627, 3.30348, 18.3991, -0.0010102, -7.24938e-05, -0.000827416, 
53, 21526.1, -18.391, 12.9088, 14.6567, 0.00138278, -0.000785607, -0.000988033, 
54, 3371.29, -11.7522, 6.08279, -18.3226, 0.000290364, -1.02016e-05, 0.00156882, 
55, 71829.6, 2.55475, 15.6637, 14.0394, -0.000572562, -0.00317582, -0.00183321, 
56, 117977, -12.1713, -17.059, 3.41389, 0.000956738, 0.00117395, -0.000454504, 
57, 88711.1, -8.2505, 16.549, -16.3052, -0.000221404, -0.000741824, 0.00100936, 
58, 75328.6, 1.28728, -11.1913, -11.0084, -0.000758568, -2.94796e-05, 0.000232493, 
59, 259081, 18.2189, -5.08993, -7.93983, -0.00115603, 0.000155188, 0.000497798, 
60, 62103.3, -11.6245, 18.3294, -18.7164, 0.000242577, -0.000825775, 0.00113134, 
61, 225027, 0.644695, 17.0153, -5.08258, -0.000201892, -0.00150605, 0.000139063, 
62, 49835.1, -1.14584, 11.9352, 17.8294, -0.000614493, -0.000701388, -0.00289643, 
63, 10291, -8.75813, 12.375, -8.28899, -0.000291474, -0.000601978, 0.000789907, 
64, 33558.3, 12.2253, 0.791773, 7.36069, -0.00135475, -0.000612268, 0.00017076, 
65, 44258.8, -7.41709, 14.6899, -7.56545, -8.62195e-05, -0.00115205, 0.00102128, 
66, 14345.9, -8.84498, 11.9148, 0.649364, 0.00048728, -0.00103138, 0.000344801, 
67, 204759, -5.8123, -11.3937, 6.34303, 0.000601283, 0.00119952, -0.000826957, 
68, 120827, -3.03005, 11.3084, 15.5861, 0.000188062, -0.00047875, -0.00170781, 
69, 25946.8, -0.539589, -10.6154, -12.6544, -8.1608e-05, 0.00195764, 0.00107331, 
70, 169218, -14.6124, 4.04366, 4.83985, -0.00117134, 0.00036813, 0.00242889, 
71, 8726.37, -7.67487, 9.26998, -10.832, -0.000551054, -0.000357566, 0.00112365, 
72, 179484, -5.08901, -0.595852, 1.10685, -0.000257701, -4.76313e-05, 0.000736276, 
73, 225280, -11.0234, -14.0679, -13.8981, 0.000871127, 0.000275218, 0.000995317, 
74, 1065.8, -1.59416, -13.3584, -5.44472, -0.000156142, 0.000909171, -5.7556e-06, 
75, 23039.3, 8.42529, 19.4062, -18.8753, -0.000291559, -0.000633037, 0.000732779, 
76, 97718.6, -2.12006, 3.28851, 14.4941, 0.000169736, 5.58096e-05, -0.00167155, 
77, 97225.7, 7.29394, -1.68087, 0.781676, -0.000964166, -0.000437664, 0.000290997, 
78, 108293, 6.38668, -12.6367, 1.45021, -0.000579407, 0.00103633, 1.8796e-05, 
79, 20755.1, -10.7233, 5.98539, -16.1956, 2.00845e-05, 8.8482e-05, 0.00152266, 
80, 12051.5, -13.7098, 10.3244, 9.1244, 0.000788735, -0.00138531, -0.000296972, 
81, 7274.55, 11.2283, -18.1219, -15.3257, -0.000310386, 0.000846619, 0.000625956, 
82, 41167, 15.9387, -3.01872, 0.62549, -0.00128468, 0.000158942, 0.000130664, 
83, 17941.4, -6.19866, -14.5707, 11.496, 0.000274175, 0.0013618, -0.000987729, 
84, 44427.1, 10.6194, 5.56689, -4.17715, -0.00078564, -0.000208811, 0.000642091, 
85, 22172.5, 15.1836, -19.1717, -8.45186, -0.000584691, 0.000929739, 0.000113561, 
86, 31611.7, -15.4208, 7.65775, 9.82952, 0.00161102, -0.000810866, -0.000725326, 
87, 26634.8, -15.9646, -3.54474, -6.51862, 0.000756285, 0.000407075, 0.00052038, 
88, 75754.5, 8.63164, 11.6654, -12.2223, -0.000397887, -0.000530776, 0.000859875, 
89, 113107, -16.3528, -18.7862, 11.794, 0.000654398, 0.000842067, -0.000585075, 
90, 27261.6, -10.8236, -8.6168, -0.669931, 0.000706637, 0.000438102, 0.000258384, 
91, 351484, -1.54536, 14.6482, 1.86164, 0.000238803, -0.00120733, 0.000281884, 
92, 329973, -10.2884, 3.63741, 15.7497, 0.000796556, 0.000213728, -0.00144447, 
93, 29994.8, -18.9311, -10.3526, 11.1371, 0.00102242, 0.000653814, -0.000665531, 
94, 66540.9, 13.8898, 13.2716, -10.3849, -0.000325429, -0.000636756, 0.000962704, 
95, 84875.3, -3.63022, -10.3756, 4.25003, -0.000539143, 0.000768243, -0.000292224, 
96, 264300, -16.3999, 5.91777, 3.85435, 0.00277147, -0.0023867, 0.000664053, 
97, 86518.6, -10.5644, -6.08826, 19.0134, 0.000633771, 0.000688819, -0.00124131, 
98, 315093, 18.1663, 13.1836, -3.1248, -0.00119881, -0.000568703, 0.000314428, 
99, 201632, 2.32584, -15.2059, -10.9864, -0.00184392, 0.00219224, -0.000582648, 
100, 359073, -13.5532, 8.84686, -10.5419, -0.000583626, 0.000667738, 0.00125057, 
101, 54977.4, 15.3306, 11.2271, 0.103293, -0.000818989, -7.84579e-06, -9.73252e-05, 
102, 118203, 13.2716, -3.90625, 13.4625, -0.00125911, 0.000376371, -0.00182342, 
103, 14953.6, 17.3955, -19.07, -8.94569, -0.000920612, 0.000808548, 0.000104069, 
104, 46864, 1.78291, -14.501, -9.978, 0.00057988, 4.30301e-05, -0.00165263, 
105, 25231.1, -16.7541, 14.4886, 10.0954, 0.00148812, -0.00170685, -0.000405233, 
106, 30079, -6.55465, -8.76143, 17.7855, 0.000339238, 0.000893028, -0.00128673, 
107, 3629.19, 13.4893, -3.87762, 13.1725, -0.00179026, 0.000287629, -0.00129501, 
108, 66090.9, 1.78973, 12.6311, 0.591839, -0.000746315, -0.000201886, 0.000899762, 
109, 61393.7, 7.87532, 0.177353, 12.2898, 0.000290065, 0.000149588, -3.85913e-05, 
110, 20439.4, 17.2552, 6.35002, 8.85129, -0.00158914, -0.000209952, -0.000318961, 
111, 141284, 2.11602, -15.0601, -11.2037, 0.000833835, 0.000157144, 0.00281316, 
112, 92531.1, 0.770641, 16.614, -6.29128, -0.000496017, -0.000239698, 0.00276711, 
113, 31864.8, -8.12228, -3.33566, 6.16619, 0.00166705, 0.00235191, -0.000874747, 
114, 44313.2, 11.8603, 15.0428, -2.13804, -0.000546218, -0.000951086, 0.000680978, 
115, 4750.24, -15.4714, 1.30137, -11.5477, 0.000484902, 0.000246235, 0.00121959, 
116, 44452.8, -6.51669, -13.2521, -5.1555, 8.27043e-05, 0.000766133, 0.000760311, 
117, 11256, 13.733, 11.3778, -1.60866, -0.000292594, -0.000139317, 0.000575647, 
118, 19927.1, 9.65596, -15.4199, 17.7355, -0.000494334, 0.000885811, -0.000853275, 
119, 274949, 0.183419, 0.728059, 11.5199, 0.000143321, 0.000226628, -0.000529954, 
120, 100403, 13.4525, 15.7531, 3.27066, -0.00139616, -0.000998231, -8.9167e-05, 
121, 71368.6, -15.2556, 7.43402, 10.328, 0.00140411, -0.00034563, -0.00124174, 
122, 191445, -4.39442, -7.16664, -11.889, 0.000890195, -0.00034067, 0.000803955, 
123, 172817, -9.65066, 13.5381, 14.0311, -0.000805085, -0.00275194, -0.00193735, 
124, 64236.3, 6.92281, -3.02269, 0.104032, -0.000460963, 0.000991703, 0.000838207, 
125, 55232.1, -5.7707, -19.7542, -15.2243, 0.000861777, -0.000664069, -0.000870963, 
126, 82879, 8.06952, -3.50041, -14.6407, -0.000349356, -0.000228799, 0.00136355, 
127, 194422, -2.35717, -8.9204, -15.9318, 2.64251e-05, 0.000105627, 0.00187017, 
128, 19393.7, -1.28321, 4.8063, 17.1323, -0.000326661, -4.34324e-06, -0.00223503, 
129, 294796, 8.15442, 15.8468, 4.39796, -0.001743, -0.00179037, -0.000419809, 
130, 3377.38, -2.5398, -6.04781, -11.272, -0.00074026, -0.000723467, 0.000499594, 
131, 80.222, 3.55199, 3.21023, 1.64926, 0.000271769, 0.000453253, 0.000610019, 
132, 80445.4, 7.42783, 1.29315, 14.9822, -0.00102301, -0.000158171, -0.00206741, 
133, 62558.6, -8.18903, 2.19392, 18.3007, -5.22177e-05, 0.000686925, -0.00231215, 
134, 16081.4, -8.26184, 2.43982, 12.9583, 4.72403e-05, 0.000759744, -0.000673414, 
135, 23462.2, -4.48154, -7.10771, -12.017, -0.00206485, 0.00137032, -0.000600622, 
136, 225632, -16.8028, 7.41161, 3.68479, 0.00157577, -0.000203316, 0.000177489, 
137, 67903, 9.73075, -6.7332, -18.8123, -0.000533002, 0.000262376, 0.00122497, 
138, 35061, 6.10876, -1.89913, 6.64693, -0.00196253, -0.000991426, 0.00173565, 
139, 88062.7, 6.61168, 8.77116, -18.1109, -0.000394288, -0.000341688, 0.00113457, 
140, 1521.39, -16.5392, 13.6589, -8.63848, 0.000490835, -0.00259606, -0.0027084, 
141, 457142, -3.01052, 11.6849, 13.9587, 0.000213975, -0.000659883, -0.000991496, 
142, 9623.76, -0.71244, 17.2618, 1.763, -0.000334453, -0.00292526, 0.000147387, 
143, 117111, -4.57644, 4.95668, 7.42454, -9.18677e-05, -0.000171341, -9.14762e-05, 
144, 51587.4, 16.0317, -10.075, -5.05264, -0.00126263, 0.000773334, -1.71373e-05, 
145, 59160.8, 0.70028, -12.2033, 2.7119, -0.000405114, 0.00122187, -3.01273e-05, 
146, 46437.6, -3.14446, -2.433, -15.9766, 7.68001e-05, -0.000505799, 0.00138425, 
147, 315819, 17.5939, -16.8375, -16.6757, -0.000632987, 0.000523294, 0.000559762, 
148, 9477.01, -16.8237, 0.892651, 3.33571, 0.00238456, 0.00101748, 0.000354685, 
149, 23731.9, 17.8294, -4.88543, -5.05113, -0.00108788, 6.83253e-05, -0.000817556, 
150, 1616.21, -13.1914, -7.6612, -13.1707, 0.000935338, -4.9453e-05, 0.00115722, 
151, 145441, -17.1031, -7.79915, 0.869565, 0.00131406, 0.000863802, -0.000306333, 
152, 89905.1, 4.12008, -11.1247, 11.459, -0.000792205, 0.00133834, -0.000683551, 
153, 50014.5, -9.59963, -18.3539, 6.19817, 0.000246033, 0.0015028, -0.000739121, 
154, 21290.7, -5.10013, 8.14355, -9.95836, -0.00033033, -0.00025041, 0.00100749, 
155, 452855, 2.55136, 13.391, 12.8874, -0.00107351, -0.000752226, -0.00100644, 
156, 61176.7, -16.9026, 12.4588, -10.3457, -0.0030186, 0.000373585, 0.00366413, 
157, 5863.45, 16.9729, -2.5778, -7.79569, -0.000533129, -0.00103805, 0.00037707, 
158, 105664, 7.50347, -8.87592, -6.72989, -0.000455992, 0.000378342, 0.000409265, 
159, 31320.7, -10.8647, -8.38773, -10.7534, 0.000643504, -9.12768e-05, 0.000906507, 
160, 47367.3, -1.02621, -7.01194, 0.384977, -0.000294341, 0.000483301, 0.000402452, 
161, 98301.7, -13.8051, -18.5819, -10.675, 0.000759422, 0.00125066, 0.000360242, 
162, 73178, 13.9681, 7.20606, 9.15575, -0.0012062, -0.000394418, -0.000409824, 
163, 51504.1, 17.6112, 15.1465, -10.497, -0.00116905, -0.00069862, 0.000811367, 
164, 370259, -16.816, 12.2066, -10.7941, 0.00176786, -0.00264371, 0.000712054, 
165, 149722, 3.31576, 11.4893, 7.01026, -0.0006721, -0.00027997, 0.000180696, 
166, 198765, 8.65582, -16.9646, 4.89514, -0.000673857, 0.00128259, -0.000352915, 
167, 139660, 5.88043, -2.03193, 6.94776, -0.000200244, 0.000684687, -0.000219696, 
168, 83268.5, 4.88274, 4.0548, 13.3309, -0.000851462, -0.000660484, -0.00114648, 
169, 111579, -7.64194, -13.4352, -1.55456, 0.000339382, 0.00100633, 0.000249116, 
170, 19096.2, 16.7473, 15.8402, -10.8545, -0.000212314, -0.00141653, 0.00105108, 
171, 200677, -18.7236, -1.10248, -9.37194, 0.00110649, 0.000261018, 0.000774439, 
172, 52868.7, 3.37541, -1.99527, 16.7599, -0.000485417, 0.00053388, -0.00199945, 
173, 41037.8, 1.19594, -4.17115, 12.9688, -0.00149864, 0.00121737, -0.00112261, 
174, 4465.77, 0.277411, 8.12342, -13.568, -8.39187e-05, -0.000342516, 0.00102677, 
175, 6545.54, -12.225, -16.96, 3.48901, 0.000266145, 0.00302351, 0.00135222, 
176, 62246.2, -12.6322, -9.58899, -8.88778, 0.00092473, 0.000292945, 0.000456835, 
177, 128306, -0.382425, -3.15321, -9.31359, -0.00023793, -0.00035192, 0.000659163, 
178, 85947.3, 8.11567, -15.5892, -3.52292, -0.000699662, 0.00123096, 0.000154198, 
179, 85524.8, 16.3838, 11.8268, -8.30429, -0.000845803, -0.000122269, 0.000788324, 
180, 258268, -7.80721, -14.0008, -0.252676, 0.000360646, 0.00115652, 3.39973e-05, 
181, 46445.2, 3.79321, 9.25434, -15.5645, -2.69705e-05, -0.000433145, 0.000890874, 
182, 79205.4, -7.81715, 5.86306, 3.90539, -4.38301e-05, -0.000656762, 0.000549976, 
183, 34651.8, 16.0668, 4.27823, 2.01011, -0.00126866, -4.99209e-05, 0.000124029, 
184, 92155.5, -0.755154, -9.94985, -12.7448, -0.000330346, -0.000193942, 0.00083518, 
185, 83068, -15.4386, 5.24557, 16.6247, 0.00156668, -9.99108e-05, -0.00148826, 
186, 70401.9, 4.47445, 4.09156, 1.73944, -0.000554388, -0.000252803, 0.0004681, 
187, 187320, -16.4533, 13.5217, -9.60376, 0.00173879, -0.00077822, 0.00189247, 
188, 247302, -14.182, 4.00283, 4.18711, 0.00174592, -0.000389193, -0.000930852, 
189, 41300.5, -6.22098, -2.15738, -0.64274, 0.000555721, 0.00077989, 0.00135144, 
190, 175489, -18.2379, -17.5906, -5.37195, 0.00101729, 0.00091257, -1.40502e-05, 
191, 80320, -7.93257, -3.15039, 6.07629, -3.92149e-05, 0.000636848, -0.000537863, 
192, 384764, 12.5404, -3.95559, 9.46243, -0.00117404, 0.000307998, -0.000215435, 
193, 72170.5, 2.64682, 14.4292, 10.8047, -0.000473658, -0.00242984, 0.00120441, 
194, 154299, -9.13176, 13.6508, 14.2444, 0.00280479, -0.00131714, -0.000537762, 
195, 83475.5, 7.96305, 15.7465, 4.37405, 0.00226869, 0.000681792, 0.0013161, 
196, 56140.2, -18.2348, 17.4114, 1.91547, 0.00093647, -0.00119394, -3.64936e-05, 
197, 10070.3, 12.9684, -3.87946, 9.42988, -0.0060082, -0.000933746, 0.0003394, 
198, 29593.9, -8.0008, 4.04137, 10.1246, 0.000250403, -4.79452e-05, -0.000730066, 
199, 2474.18, 16.0538, 9.86622, 4.87271, -0.00139746, -0.000266215, -0.000416743, 
