ID, Mass [kg], pos_0 [m], pos_1 [m], pos_2 [m], vel_0 [m/s], vel_1 [m/s], vel_2 [m/s], 
0, 5682.38, -4.59236, 5.0765, 1.40179, -0.0128484, 0.00142301, 0.0018304, 
1, 51291.5, -1.02186, 4.10034, -1.38951, -0.00865617, -0.00922531, 0.00684492, 
2, 73779.3, -2.76725, -0.140768, 1.26673, 0.00142796, -0.00355841, 0.000940196, 
3, 9731.99, 0.691939, -1.13177, 8.96923, -0.00163069, 0.00694323, 0.00709838, 
4, 104587, -0.215253, 5.37017, 0.10001, 0.00222704, 0.00324938, -9.32577e-06, 
5, 42215, -2.10865, 0.170597, 0.65184, -0.00221718, 0.00423923, -0.00245774, 
6, 57220.4, 4.73434, -4.23233, -8.28735, 0.00518252, 0.00141463, -0.00666871, 
7, 44855.5, -4.1181, 3.88437, -0.233944, 0.00535678, 0.000865569, -0.00845977, 
8, 276797, 0.442629, -7.2103, 3.48621, 0.00183668, -0.0038804, -4.41739e-05, 
9, 2643.18, -2.41365, 2.83128, -3.08792, -0.00354464, 0.00285416, -0.00558666, 
10, 33961.7, 5.39597, -2.42955, -4.7806, 0.00298335, -0.0061948, -0.00350637, 
11, 8691.35, -6.12239, 12.6423, -5.92688, -0.000869102, 0.00949439, -0.00802588, 
12, 141682, -2.95694, 6.07982, -2.22329, -0.00285814, -0.000863669, 0.00107333, 
13, 288611, -5.11269, 3.49675, -0.339953, -0.00889486, -0.00608407, -0.00506455, 
14, 512847, 3.7543, -0.55771, -3.04748, 0.00228694, 0.00162962, -0.00179157, 
15, 15651.7, -6.13441, 5.97455, -1.4911, 0.00159154, 0.0013012, 0.00316211, 
16, 182451, -1.55171, -3.85225, 10.9449, 0.00439034, -0.0043056, 0.0099498, 
17, 62197.8, -2.00835, -3.01427, 2.36982, -0.00521704, -0.00900775, 0.00107195, 
18, 185440, -4.80632, 2.82406, -2.86062, -0.00963242, -0.00346552, -0.00034118, 
19, 36701.4, 2.8626, 7.17818, -5.71549, 0.00618151, 0.00843266, -0.00822818, 
20, 106936, -9.36933, -4.48564, 2.86367, -0.011314, -0.00756566, 0.00327753, 
21, 161838, 0.496957, 6.64901, -3.87452, 0.00176453, 0.0001481, 5.33073e-06, 
22, 144875, -4.50613, 7.09247, -3.01352, 0.00429991, 0.00010327, 0.00402797, 
23, 100936, 2.39635, 4.90602, 7.93156, 0.00324124, 0.0082365, 0.00549231, 
24, 95186.1, 4.76424, 9.50554, 8.38546, 0.00774957, 0.00634983, 0.00581818, 
25, 151808, -0.508478, -4.40328, 7.31996, 0.0068836, -0.00645566, 0.00966948, 
26, 118354, 4.34443, -0.84816, 7.01615, 0.00180374, 0.00158993, 0.00262273, 
27, 149234, -5.61403, 1.84438, 0.054354, -0.00742777, 0.00465975, 0.000354037, 
28, 9985.68, -5.89924, 5.0074, -0.114415, -0.00714604, 0.00459245, -0.00129368, 
29, 180895, -3.70493, 11.4308, -5.21935, 0.00334536, 0.00415731, 0.00114631, 
30, 486.041, -1.11564, 10.2786, -5.52403, 0.00441334, 0.00372519, -0.00337802, 
31, 70262.9, -1.79913, 8.48222, 2.70517, 0.00144749, -0.00084687, -0.00252916, 
32, 45902.1, -2.49837, 4.92502, -0.886763, 3.68914e-05, 0.00479923, 0.00166648, 
33, 24444.7, -4.9977, 2.93373, -0.56964, 0.00844001, -0.000821127, -0.00588223, 
34, 65679.9, -0.640076, -2.65166, -1.65162, 0.000408648, 0.000839258, 0.00190124, 
35, 3309.29, -3.00222, 5.59136, 1.45434, -0.0108948, -0.000613788, 0.000154941, 
36, 8280.38, -8.70627, 6.31347, 1.52746, -0.00900072, 0.00915869, -0.00260029, 
37, 94538.9, -5.37813, 5.38486, 1.10909, 0.00430146, -0.000274135, -0.000533542, 
38, 30213.7, 4.79702, -3.60436, -3.86881, 0.00717806, -0.00530987, -0.00517469, 
39, 53471.9, -7.26806, -6.68991, -3.46806, -0.0019268, -0.00126881, -0.00555973, 
40, 43100.3, -6.84711, 6.51958, -3.332, -0.00323992, 0.00651692, -0.00603626, 
41, 44746.6, 1.1619, 3.61251, 8.92082, 0.00344998, 0.00966105, 0.00475016, 
42, 34053.9, 0.864284, -0.0769968, 2.33082, 0.00402274, 0.00455144, 0.0115523, 
43, 54380.2, -1.75121, 3.02276, -2.04295, 0.00529789, -0.000744746, -0.00394593, 
44, 38723.2, 5.10233, -2.35222, -2.49946, 0.00862237, -0.00190354, -0.00648117, 
45, 2321.23, -4.97212, 4.08055, -0.722487, -0.0103974, -0.00327882, -0.00473901, 
46, 241169, -7.01674, -0.134443, 2.35886, 0.00116464, 0.00468397, -0.00143486, 
47, 344827, -3.53033, 2.87585, -0.803885, 0.00407848, 0.00107612, -0.00847326, 
48, 39271.1, -7.22635, 2.25769, -0.895026, 0.00367068, 0.00919407, 0.00367672, 
49, 19687.8, -4.53401, 2.47876, 1.87667, -0.0124777, 0.0117978, -0.000920134, 
50, 61216.8, 0.384175, 3.18421, -3.43189, 0.00488159, -0.00764774, -0.00306238, 
51, 19182.2, -6.00542, 4.52897, -1.73627, -0.00794993, 0.0126214, -0.00600094, 
52, 12420.5, -2.24929, 1.01728, -0.226104, -0.00514378, -0.00433365, 0.00324295, 
53, 85447.4, -9.73179, -0.34562, -4.64237, -0.0120043, -0.00147345, -0.00725085, 
54, 361436, 5.14047, -2.21103, -3.12338, 0.00307216, -0.00306773, 0.000465698, 
55, 158926, 1.16991, 1.18959, -6.70916, 0.004925, 0.00300909, -0.00893312, 
56, 49282.6, -6.36199, 4.41905, -2.06405, -0.00645056, 0.00961559, -0.00864868, 
57, 218355, -7.33533, 2.61857, -0.38089, 0.00421059, 0.00435598, 0.00290923, 
58, 22371.5, 4.74584, -4.22567, -6.76694, 0.00769189, -0.00415649, -0.00311383, 
59, 55919.9, -9.88008, 10.3614, -7.51345, -0.00319167, 0.00589022, -0.00803511, 
60, 21598.8, -8.72768, 10.5298, 0.12679, -0.000886968, 0.00215417, 0.00216528, 
61, 398.952, -2.96955, 4.50276, -2.71549, 0.000853305, 0.00116385, 0.00607038, 
62, 1108.92, -0.776112, -2.37205, 9.18598, 0.000328835, -0.00115051, 0.010538, 
63, 108555, 4.01311, 8.63564, 2.83657, -0.00363856, 0.00421415, -0.00197563, 
64, 244863, 3.55589, -0.327406, 10.9838, 0.00458376, -0.000932993, 0.00492687, 
65, 220694, -8.2617, 6.00382, -4.1296, -0.0052083, 0.00829017, -0.00770478, 
66, 61700, -4.25323, 9.82464, 5.87523, -0.000966399, 0.0106751, 0.00499411, 
67, 55388.9, 3.4753, -1.695, -3.71987, -0.00895666, 0.00338269, 0.00801851, 
68, 211156, -4.37584, 3.13049, -0.0347178, 0.00589514, -0.0027321, 0.0020655, 
69, 12720.6, 0.761538, -3.3555, 6.83054, -0.000584634, -0.00636724, 0.00216699, 
70, 25096, -5.02521, 3.29883, 1.7307, -0.00918594, 0.00107191, 0.00420557, 
71, 179870, -1.06678, 7.27433, -3.22496, 0.0035989, 0.00608648, -0.00447291, 
72, 79123.8, -15.728, -3.92957, 0.426829, -0.00902325, -0.00295507, -0.000522787, 
73, 110870, 1.78147, 0.483001, -0.53449, 0.00134405, 0.00310402, 0.00131226, 
74, 43359.1, 5.50949, -1.86523, 9.78728, 0.0068143, 0.00639937, 0.00444023, 
75, 140124, -9.88538, 2.31113, -1.42577, -0.0016342, -0.00401835, -0.00191722, 
76, 229268, -7.80719, 9.15283, -7.83222, -0.00190609, 0.00459779, -0.00689843, 
77, 302149, 0.328048, 0.607731, -7.07626, 0.000362707, -0.00130903, -5.14564e-05, 
78, 100708, -6.63386, 2.74391, -0.0302604, -0.0100336, -0.00630359, -0.000896259, 
79, 46633.4, -2.47164, 3.23179, 1.67696, 0.00103825, -0.00171299, 0.00318404, 
80, 143926, -8.64156, 4.85927, 1.95493, -0.00609578, -0.00131864, 0.00397883, 
81, 270.261, -12.7993, 3.0342, 6.73261, -0.00853068, 0.00146322, 0.00387384, 
82, 159650, -2.76518, 1.29701, 1.24179, -6.30065e-05, 7.27319e-05, -0.00235022, 
83, 24756, -9.40978, 0.668096, 1.00588, 0.000343368, 0.00531849, 0.00176348, 
84, 18375.3, 4.60396, 4.93974, 0.0834436, 0.00701324, -0.00205113, 0.00136056, 
85, 491877, 4.9234, -4.27278, -4.81038, 0.0109625, -0.00479465, -0.00351636, 
86, 194807, 3.01079, -2.28813, -3.63063, 0.00135681, -0.000422215, -0.0014464, 
87, 8649.23, -3.1136, -0.595063, 2.90827, 0.0116617, 0.00116439, 0.00538935, 
88, 138901, 2.11308, 4.78401, 0.364979, 0.00500391, -0.00433673, 0.00616696, 
89, 50202.9, -6.44107, 3.49988, -2.93145, 0.00194025, 0.00520416, 0.00442994, 
90, 98321.9, -2.62397, 1.70262, 0.689323, -0.00423984, -0.00749483, 0.00665671, 
91, 384069, -3.22429, -1.26607, 2.62217, -0.000809202, -0.000504016, 0.000577281, 
92, 81279.9, 0.00800362, 1.93174, 4.47665, -0.00220072, -0.00970632, 0.00361682, 
93, 91375.2, -2.99281, 0.068234, 5.98455, 0.00448997, 7.16749e-05, -0.00167559, 
94, 5476.7, -1.60629, 5.84082, 0.136635, -0.00596914, -0.00643359, -0.000969116, 
95, 33452.5, -4.10707, 4.73678, 0.382695, 0.00100152, 0.0112624, 0.0039196, 
96, 25752.1, 6.2928, 5.36407, 5.8998, -0.00675108, -0.00528627, -0.004554, 
97, 200797, -4.32946, 3.19369, 7.54757, 0.00497418, 0.000653707, -0.000136846, 
98, 298981, -1.22812, 1.0413, 2.70142, 0.00226787, -0.00590248, 0.00388463, 
99, 93146, -6.5002, 1.09885, 2.20562, 0.00173103, 0.00757362, -0.000202987, 
100, 8612.85, -8.76108, 5.40099, -5.15697, -0.00490956, 0.00212274, -0.00663611, 
101, 24343.5, 0.0942075, 5.80216, 5.42305, -0.00159141, 0.00811937, 0.003346, 
102, 10296.7, -7.15226, 10.915, -10.2591, 0.000472485, 0.00469976, -0.00250315, 
103, 15719.8, -4.08832, -3.9715, 6.97023, -0.00335365, -0.00311627, 0.00752862, 
104, 230040, 2.90372, 4.79204, 8.41509, -0.000103084, 0.00374382, 0.000177518, 
105, 17846.1, -5.54099, 4.46798, 0.599228, -0.00902376, 0.000170614, 0.00627706, 
106, 22216.6, -2.34232, -0.0841308, 1.40236, 0.00059232, -0.00424352, 0.00250147, 
107, 98486.7, -1.22877, 1.16546, 10.3224, -0.00017226, 0.00478123, 0.00693298, 
108, 214214, -5.41881, 0.211477, -1.44189, -0.0103944, -0.0021968, -0.011658, 
109, 131614, -2.86856, -2.57621, 1.71593, -0.000788484, 0.0017003, -0.00183915, 
110, 160023, -4.57382, 3.50803, -0.604297, 0.00346692, -0.00597532, 0.00158912, 
111, 115735, -3.44245, 4.40876, -1.74908, -0.000387042, -0.00286631, 0.00556027, 
112, 378585, 4.47099, -2.61664, -5.39818, 0.00650949, 0.00224263, -0.0102746, 
113, 83295.8, -11.6864, -1.63938, -5.48573, -0.00611455, 0.000591651, -0.00153026, 
114, 148827, -10.8007, -3.84665, 0.441221, -0.00207024, -0.00222538, -0.000266978, 
115, 285284, -1.54962, -1.46035, 6.49959, -0.0011399, -0.00737425, 0.0111676, 
116, 515864, -5.78485, 1.61435, 0.764426, -0.000277443, -0.0016491, 0.00578439, 
117, 88363.5, 4.62393, 3.04397, 8.64535, 0.00356224, -0.00269788, 0.0049316, 
118, 155064, -7.3614, -3.64164, 4.53019, 0.00756604, -0.000318861, 0.00538777, 
119, 18098.3, -4.16693, 0.431176, 1.75586, -0.00542268, 0.000884743, 0.00283104, 
120, 34391.6, 5.57487, -4.57163, -6.62759, 0.0112444, -0.00767991, -0.00391574, 
121, 78154, -5.79215, 3.39637, -0.862916, -0.00318808, -0.0090775, -0.00332511, 
122, 10497, -3.09769, 3.10408, 5.11096, 0.00413358, 0.000736793, -0.0031808, 
123, 59058.1, -2.70555, 1.58773, -0.509882, 0.00117523, 0.0129571, -0.000678201, 
124, 5646.35, -3.73397, 9.60576, -0.538724, 0.00422032, 0.0020061, 0.00361566, 
125, 103346, 4.50938, -0.863352, -3.05422, 0.000318315, 0.000650707, 0.00339526, 
126, 64702.5, -7.71113, 0.184724, -0.946933, -0.0142017, -0.0011103, 0.00468015, 
127, 199056, -3.79797, 1.87611, -1.01725, 0.00536067, 0.00109668, 0.00422855, 
128, 192649, -1.43404, 1.73545, -3.46645, 0.000162876, 0.000323809, -0.0044664, 
129, 1707.71, -3.99934, 4.94391, -0.0785236, 0.00308202, 0.00399539, 0.00800535, 
130, 19869.9, -1.95737, -3.20064, 3.40057, -2.57968e-05, 0.0038019, 0.00502295, 
131, 143979, -9.33538, -3.19885, 5.00318, -0.00244035, -0.000454525, 0.00333322, 
132, 37850.6, -5.58753, 5.01445, -2.5425, -0.0147922, 0.00810242, -0.0057049, 
133, 50031.5, 2.70687, -0.268093, -2.26853, -0.000663814, -0.00337183, 0.000944721, 
134, 369068, -10.7724, -0.496933, -2.31896, -0.00844567, 0.000389442, -0.00345382, 
135, 3806.98, -0.0182298, 1.26196, 5.38278, 0.00362321, -0.00943254, 0.000808651, 
136, 64591.7, 1.05833, 3.51547, -4.23176, 0.00579484, -0.00214898, -0.00636314, 
137, 1688.15, -2.95771, 7.84197, -2.60069, -0.00632662, -0.00254513, -0.00108897, 
138, 439943, -1.01449, 4.79835, 2.93121, -0.00313317, 0.000956823, -0.00327365, 
139, 72054.1, -2.82037, 3.50551, 0.477071, -0.000992559, 0.00130084, 0.00780692, 
140, 10511.3, -1.27792, -1.14467, 7.28305, -0.000350645, -0.00329675, 0.00872084, 
141, 28560.6, -0.648223, -1.6152, 2.05309, -0.00508248, -0.00237606, -0.00275461, 
142, 92270.6, 0.948733, 0.415696, 2.43097, -0.00130156, -0.00431604, -0.00298384, 
143, 57507.6, -7.27676, 1.84981, 4.18611, -0.0110031, 0.00351287, 0.00746097, 
144, 106955, -7.7335, -1.85484, 8.61397, -0.00255782, -0.00142557, 0.00680858, 
145, 53021.1, -5.32849, 2.06192, 1.69574, 0.000654455, -0.00485564, -0.00374215, 
146, 127593, -5.51048, 5.23214, 0.463142, -0.00430209, 0.000264199, 0.00316299, 
147, 31386.3, -4.41065, 1.09058, -0.638047, 0.00160698, 0.00554346, 0.00474749, 
148, 89613.6, -10.019, 12.3707, -0.261056, -0.00080859, 0.00385803, -0.00438419, 
149, 251415, 2.48068, -1.70061, 10.3249, 0.00454976, -0.00173427, 0.007921, 
150, 55890.6, -2.48091, 9.42758, 0.80059, -0.00664602, 0.000458363, 0.000359694, 
151, 174949, 4.16316, 3.22426, 5.17579, 0.00121742, 0.00268569, 0.000163429, 
152, 66072.8, 4.28665, -4.98567, 1.48277, 0.00531583, -0.00450907, 0.00369613, 
153, 19075.8, -2.79118, 10.6854, -1.26428, 0.000802093, 0.00260729, -0.00347765, 
154, 47261.5, -4.88646, 4.41462, -4.79432, -0.00408893, 0.000886195, -0.00396618, 
155, 102102, -0.707214, 2.12748, 1.73607, -0.000943336, -0.00126191, 0.00284069, 
156, 5375.03, -7.94418, 1.33385, 0.19091, -0.003853, -0.00240812, 0.00231299, 
157, 3761.7, 1.21831, 5.16799, -4.55331, 0.00575256, 0.000726069, -0.00518112, 
158, 7652.65, -3.38912, -1.31072, -3.82537, 0.00180416, 0.00352047, 0.0015987, 
159, 47070.1, -4.38832, 2.05927, -1.78511, 0.00282625, 0.00256097, 0.00517779, 
160, 17972.9, 3.35992, 2.24463, -0.566614, -0.000728599, 0.000325081, -0.00476999, 
161, 218629, -0.365544, -5.69904, 4.69639, 0.00016459, -0.00659116, 0.00326262, 
162, 138887, 2.56649, -0.406214, 0.993458, 0.00518884, -0.000441821, 0.00303361, 
163, 33277.3, -6.36005, 4.06768, -0.00743437, 0.00668122, 0.00226655, -0.00784756, 
164, 167891, 2.00821, 7.05554, 3.04829, 0.00363844, 0.000447962, 0.00288591, 
165, 62570.5, -3.75374, -8.00191, -1.22626, -0.00026838, -0.0115172, -0.00305895, 
166, 38130.4, -1.53519, 10.1806, 6.76035, 0.00259296, 0.00989148, 0.00523772, 
167, 22403.8, -0.649126, -1.71169, 10.1271, 0.00147398, -0.00389652, 0.00983723, 
168, 1479.59, 0.612893, -0.85158, -4.49885, 0.00688668, 0.00288559, -0.0107505, 
169, 20399.9, -0.0207791, -0.295164, 8.88929, 0.00103006, -0.0069411, 0.00993332, 
170, 115854, -4.0806, 5.00582, 4.62106, 0.000726951, -0.00207023, 0.00345593, 
171, 27762.9, -4.22208, 10.5142, -3.93743, 0.00147597, 0.000626821, -0.00044213, 
172, 250928, -8.08883, -3.13967, 6.50915, -0.00168211, 0.000450647, 0.00186581, 
173, 74469.2, -4.23258, -3.94891, -0.188812, -0.0116169, 0.00333643, -0.00387342, 
174, 143481, -7.51421, 4.37335, -1.70676, -0.0123055, 0.00817704, -0.00491138, 
175, 27145.1, -0.939648, 2.15373, 2.72318, -0.000419724, -0.00092632, 0.00169018, 
176, 32620.6, -6.0686, 1.91375, -2.2065, 0.00418261, 0.00835472, 0.00587551, 
177, 52575.7, -0.98623, -1.22887, 4.44876, 0.00205486, -0.00883885, 0.0122085, 
178, 19746.4, 1.60569, 7.59136, -3.45188, 0.00174649, 0.000285936, 0.000894896, 
179, 33623.1, -9.1267, -2.24252, -4.18191, -0.00516562, -0.000141977, -0.0044806, 
180, 50349.8, -9.15142, -4.85308, -4.58178, -0.00857402, -0.00709599, -0.00528635, 
181, 89376.8, -11.5853, -3.07559, -4.07017, -0.00371546, -0.00136973, -0.00314443, 
182, 42160.2, 1.17811, -0.0653326, 4.02984, 0.00186973, -0.000575453, 0.0134784, 
183, 100544, -3.6907, 4.91536, 0.663039, -0.00793634, -0.0016269, -0.00427335, 
184, 1446.88, -3.04315, 0.829377, -1.86595, -0.00344664, -0.00516099, -0.00374537, 
185, 119694, 0.669606, -1.4042, 4.05407, -0.00317393, -0.000958003, 0.000968187, 
186, 120999, 5.22901, 10.7228, 0.0333381, -0.00163369, 0.00239468, -0.00222596, 
187, 52698.3, -2.12517, -0.672089, 2.76933, -0.00344681, -0.00592961, 0.000778712, 
188, 105467, -1.10986, 2.75743, -2.97618, 0.00626594, -0.00363687, -0.00635355, 
189, 99748.4, 0.391845, -3.56431, 3.62387, -0.00114148, -0.0102759, 0.00539488, 
190, 77133, -3.99564, 2.35593, 0.832855, 0.000114162, -0.000107694, 0.00199489, 
191, 178804, 1.72133, 5.06292, 7.72781, 0.00203492, 0.00674908, -0.000410616, 
192, 8685.6, -0.224767, 3.95252, -4.79136, -0.000726794, -0.00185986, -7.55118e-06, 
193, 256954, -4.92852, 2.39203, -3.51839, 0.00126377, 0.00979863, 0.00434314, 
194, 53540.6, -4.86558, 3.65139, -1.96443, 0.00662599, -0.00807137, -0.00297823, 
195, 220652, -0.758118, 2.16356, 7.54583, 0.00190066, 0.00143696, -8.83464e-05, 
196, 10258.1, -3.39648, -8.06184, 4.69945, 0.00237713, -0.00208721, 0.00296863, 
197, 6083.3, -1.25846, -4.22913, 7.17734, -0.00581207, -0.00557872, 0.00607986, 
198, 127562, -0.278623, 5.88608, -0.805533, 0.00650422, 0.00758591, -0.00347994, 
199, 34766.2, -10.827, -0.0598157, -1.2866, -0.00595236, -0.000346221, -0.000201182, 
