ID, Mass [kg], pos_0 [m], pos_1 [m], pos_2 [m], vel_0 [m/s], vel_1 [m/s], vel_2 [m/s], 
0, 86447, -9.9821, 45.9518, -18.6727, 0.000149062, -0.000601708, 0.000281244, 
1, 189575, -45.5302, -23.7732, 4.48487, 0.000423774, 0.000352995, -0.000176851, 
2, 31834.7, -0.530944, -43.3984, -39.0989, 0.000445692, 0.000993759, -5.64847e-07, 
3, 198333, 28.5521, 38.7156, 8.42244, -0.000161693, -0.000612803, -5.91235e-05, 
4, 26595.9, -13.9377, 19.4659, 2.54247, 0.000173979, -7.75112e-05, -0.000216969, 
5, 74974.9, -26.5681, -21.5093, -26.8818, 8.66815e-05, 9.81985e-05, 0.000163429, 
6, 97542.7, 48.2754, -37.7034, 48.8948, -0.000394671, 0.000519107, -0.000638381, 
7, 2615.97, 0.956318, 43.1642, -37.3845, 7.70693e-05, -0.000453447, 0.000384075, 
8, 21192.8, 40.4553, -36.2226, -3.66456, -0.000563596, 0.000572707, 8.15659e-05, 
9, 81679.8, 27.2212, 28.855, 23.1443, -0.000184502, -0.000194239, -0.000573755, 
10, 127647, -29.1506, -29.8057, 39.2156, 0.000596473, -0.00074201, -0.000939805, 
11, 16957.3, -15.0805, -24.3823, 10.9856, 0.0002561, 0.000478285, -0.000301283, 
12, 46224.1, 45.9491, 47.2463, -29.3317, -0.000321913, -0.000387526, 0.000318325, 
13, 23966.4, 21.0746, 33.6006, 3.68245, -3.00159e-05, -0.000357461, -3.38186e-05, 
14, 11985.5, 0.663845, -10.9475, 44.0915, -0.00028257, 3.19349e-05, -0.000408976, 
15, 3133.43, -15.3186, 7.93964, 22.0553, 0.000115192, -0.000992409, -0.000816445, 
16, 16899.7, 3.36954, -16.06, 39.136, -0.000142488, 0.00026112, -0.00035354, 
17, 19424.5, 1.22593, 46.9371, -9.9911, 5.93702e-05, -0.000815234, 0.000178317, 
18, 130822, 44.6352, -34.4355, 5.99856, -0.000871736, 0.000133563, -5.59538e-05, 
19, 25233.8, -27.1676, 15.3445, -30.4016, 0.000333801, -0.000179229, 0.000488096, 
20, 47646.9, 47.2224, -42.5825, -26.6295, -0.000362097, 0.000383629, 0.000207122, 
21, 165666, 8.96343, -3.2828, -17.3278, -8.20327e-05, 0.000160561, -0.00043854, 
22, 68385.5, 12.0654, 1.10841, -22.0535, -0.000419525, 4.83741e-05, 0.000283501, 
23, 221148, 44.5912, -39.0702, 27.5329, -0.000260545, 0.000319872, -0.000206939, 
24, 74530.5, 28.9092, -9.86484, -21.6396, -0.000396982, 0.00015817, -7.84612e-05, 
25, 43250.2, 34.3295, 20.4421, 48.5566, -0.000160873, -9.14427e-05, -0.000473677, 
26, 16449.5, -42.2966, -49.0219, -25.8468, 0.000254304, 0.000342038, 0.000107719, 
27, 30641.9, -24.2645, 37.9131, 1.79706, -0.000565332, -0.00134974, -0.000724033, 
28, 85788.3, 12.3258, 5.83581, -22.189, -0.000230853, -0.000569937, 0.000187235, 
29, 18634, -38.024, 44.9157, 3.75338, 0.000383048, -0.000496569, 0.000115759, 
30, 2394.47, 36.2527, -19.6889, -0.921644, -0.000273887, 2.44021e-05, -0.000223061, 
31, 128472, 41.3536, 13.2072, 29.8098, -0.000401227, -2.07125e-05, -0.000471197, 
32, 63731.5, 14.3379, 7.86322, -41.5518, -0.000286332, -3.7172e-05, 0.000596544, 
33, 1929.75, -13.5342, -0.532023, 42.1152, 3.47692e-05, -4.09138e-05, -0.000547473, 
34, 137164, -15.3591, 5.27448, 20.386, 0.000131803, -0.000258134, -0.000217271, 
35, 50524.2, 3.72475, 4.45104, -40.5109, -0.000369252, -0.000244673, 0.000852708, 
36, 6629.78, 41.0521, -18.9502, -31.2109, -0.000644169, 0.000326349, 0.000658959, 
37, 38240.2, 36.1072, -23.0516, -46.8223, -0.000534037, 0.000277502, 0.000576387, 
38, 18423.8, 0.187178, -5.77152, -23.5304, 0.000440221, 0.00059773, -0.000402442, 
39, 194740, 32.2357, -38.7959, -5.42485, -5.23397e-05, 0.000609327, 1.02594e-05, 
40, 166672, 9.03867, -24.4903, -43.3308, 0.000222528, 0.00013488, 0.000766315, 
41, 63465.7, 25.9306, 15.3115, -15.2294, -0.000271691, 0.000109472, 0.00022182, 
42, 21989.4, 21.5619, 39.0977, -8.96399, -0.000133584, -0.000712588, 0.000137614, 
43, 7506.47, 35.0046, -27.2048, -13.0233, -0.000182563, 0.000184758, 0.00021507, 
44, 1030.15, 38.874, 5.48091, -16.8815, -0.000484496, 9.77191e-05, 0.000288136, 
45, 60141.1, -0.0121694, 21.0103, 4.63145, 4.7903e-05, 2.29988e-05, -0.000388677, 
46, 69136.8, -31.7504, -7.27803, 24.6158, 0.000258965, 0.000236704, -0.000258761, 
47, 4636.02, 25.1656, -48.5016, 36.9084, -4.78979e-05, 0.000394045, -0.000240694, 
48, 148424, -18.2169, 12.3468, 43.5459, -4.73619e-05, -9.57517e-05, -0.000512624, 
49, 101751, 34.8866, 43.6364, -3.34417, -0.000328893, -0.000659264, 0.00011205, 
50, 113749, -25.1617, -26.6582, -38.0535, 0.000554171, -7.4186e-06, 0.000203715, 
51, 14312.6, 7.28341, 14.1881, -45.9406, 0.000131131, -0.000134406, 0.000742434, 
52, 115787, 40.9246, -5.64729, 42.5858, -0.000231396, 2.01149e-05, -0.000432349, 
53, 10116, 46.3008, 44.9343, -24.0704, -0.000361016, -0.000299323, 0.00020402, 
54, 33789.7, 2.64405, 31.2353, 3.12957, 0.000271299, -0.000257867, -0.000762662, 
55, 186460, 34.6483, 35.1917, 17.5361, -0.000440406, -0.000449194, -0.000413051, 
56, 245187, 41.9343, -27.1472, -8.1749, -0.00051222, 0.000165358, 4.22734e-05, 
57, 290437, -13.845, -4.24148, 19.6928, 6.1749e-05, 0.000253463, -0.000171373, 
58, 80698.8, -12.1623, 14.2611, 27.328, -2.13649e-06, -0.000230143, -0.000393411, 
59, 117814, 18.992, 23.79, -12.8149, 0.000174317, -0.00016793, 0.000212235, 
60, 74301.5, -38.8382, 17.9514, 16.0061, -0.000483918, 0.000866977, 0.000893102, 
61, 87026.1, 7.85873, -44.2561, -36.2695, -0.000194831, 0.000816611, 1.7906e-05, 
62, 54123.3, 25.472, 27.2391, -31.6176, -0.000249972, 0.00040827, 0.000861494, 
63, 142469, 10.7895, 23.6408, -47.2705, 7.51928e-05, -0.000444728, 0.000677931, 
64, 25240.3, 25.5112, -8.25314, 30.4217, -0.000219079, 0.000191047, -0.000420945, 
65, 84495.7, -31.7603, 8.68747, 48.6769, -3.30888e-05, 0.000195784, -0.000641696, 
66, 190154, 26.5141, 30.4989, -21.5845, -0.000328944, -0.000408673, -5.30158e-07, 
67, 106916, -19.9327, 23.3117, -16.5761, 6.75361e-05, 0.000225821, 0.000335166, 
68, 142208, 42.8785, 25.8151, 6.75437, -0.000426206, -0.000328197, -0.000403216, 
69, 222966, -34.1482, 27.8367, 22.2225, -8.56428e-05, -0.000671053, -0.000254652, 
70, 23261.8, -11.1308, -33.6357, -12.7558, 0.000188207, 0.000475366, -1.36866e-05, 
71, 37181.8, -24.6436, 27.2411, 8.63577, 9.61361e-05, -0.000266674, -0.000202015, 
72, 387724, 22.8506, 12.0884, 16.0568, -0.000140002, 1.4498e-06, -0.000276598, 
73, 94415, 41.7412, -16.8526, -24.0733, 0.000177774, 0.00163862, 0.000336252, 
74, 92650.1, -7.90328, 24.1255, -7.92761, 0.000610174, 0.000589575, 0.000323167, 
75, 18296.3, -41.4384, -1.86265, 39.7091, 0.000166995, 0.000319718, -0.00026815, 
76, 120001, -42.3183, -19.1951, -13.916, 0.000590492, 4.83319e-05, 0.000954823, 
77, 272530, 16.3375, -7.37051, 14.203, -7.43102e-05, 0.000325684, -0.000319067, 
78, 17526.5, -28.836, -30.0434, 39.5651, -0.0012945, 0.00263826, 0.000524046, 
79, 64817.7, 4.85719, -26.2192, -17.4826, 0.00014494, 0.000459641, -8.4008e-05, 
80, 92249, 46.4458, 5.86297, 16.2508, -0.000544119, 0.000171017, -0.00027464, 
81, 18467.1, -48.3254, 4.75946, 22.9916, 0.000645406, 8.96004e-05, -0.000451747, 
82, 36826.6, 15.8219, 47.9966, 18.3605, 1.88745e-05, -0.000712245, -0.000279994, 
83, 11297.7, 31.8737, -31.6618, -8.55219, -4.05485e-05, 0.000137777, -2.7035e-05, 
84, 79293, 1.77664, -37.9844, -44.2572, 0.000847993, 0.00159264, 0.00161841, 
85, 99758.2, 16.2624, 15.3894, 28.3004, 3.29685e-05, -0.000148297, -0.000626555, 
86, 23343, -37.1949, -6.22557, 20.283, 0.000415803, 0.000259446, -9.0878e-05, 
87, 148233, 47.0691, 10.2372, -3.75902, -0.000560668, 0.000696507, 1.39504e-05, 
88, 11527.8, -39.6144, 17.2133, 43.6406, -0.0016828, 0.0039619, 8.97451e-05, 
89, 14718.3, 36.3528, 29.8427, -7.57145, -0.00036905, -0.000496246, 0.000206687, 
90, 46494.3, -2.92286, 2.31961, -23.1351, 0.000220908, -0.000169088, -0.000465766, 
91, 34379.9, -29.3314, -23.318, -26.4415, 0.000782636, 0.00059783, 9.38275e-05, 
92, 23079.1, 29.1828, -15.7285, 1.61777, -0.000231288, 0.000213994, -0.000157401, 
93, 79660.5, -46.2687, 5.23785, 15.7478, 0.000689821, -0.0007571, -0.000547519, 
94, 77532.3, -44.4881, -40.5456, 47.6311, 0.000259265, 0.000309225, -0.000259491, 
95, 85363.6, 39.701, 19.7151, 15.2553, -0.000449204, -3.45395e-05, -0.000417401, 
96, 11260.4, -13.166, 24.238, 23.512, 3.02515e-05, -0.000422197, -0.000295215, 
97, 31876, 32.224, 12.4439, -19.8362, -0.000493439, 1.66051e-05, 0.000393604, 
98, 49282.2, 48.5542, 12.3853, -21.2558, -0.000563513, -2.62544e-05, 0.000417322, 
99, 38415.4, -2.81706, 23.5631, -1.35492, 9.08149e-05, 3.90101e-05, -0.000278747, 
100, 8080.94, -39.1247, 2.00296, -31.2976, 0.000777932, 0.000135115, 0.000783335, 
101, 70282.6, 45.615, 47.3145, 39.3944, -0.000206613, -0.000457557, -0.000204634, 
102, 317827, 3.05737, -35.8862, -42.2538, 0.000319861, 0.000210272, -8.99474e-05, 
103, 237904, -47.4797, 48.3914, 17.913, 0.000281452, -0.000621743, -1.05795e-05, 
104, 119615, -20.3104, 33.7737, -9.10682, 0.000205384, -0.000557209, 0.000209649, 
105, 31893.4, 5.67388, -40.2264, -1.61163, 6.14379e-05, 0.000483856, -0.000144453, 
106, 173086, -39.3371, 22.7988, 22.5073, 0.000647278, -0.000219244, -0.000565267, 
107, 486074, -39.7892, 17.5899, 43.6868, 0.000316476, -0.000333932, -0.000446469, 
108, 40410.8, -25.6567, -31.5983, 47.7979, -4.81739e-05, 0.000328356, -0.000703562, 
109, 28247.2, -47.7984, 46.5096, 18.6926, 0.000725879, 0.00149337, -0.000917595, 
110, 23910.7, -26.0886, 37.5111, -30.8038, 0.000245403, -0.000471636, 0.000390981, 
111, 40242.6, -7.11577, -47.3235, 27.7057, 3.7371e-05, 0.000406853, -0.000158682, 
112, 24016.7, -46.321, 4.72542, 15.7294, 7.5848e-05, 0.000745973, 0.00137367, 
113, 129600, 8.77057, -45.1678, -19.2621, 2.24719e-05, 0.000562873, -3.81821e-05, 
114, 114317, 14.8308, 36.9703, 16.8933, 0.000181199, -0.000556698, -0.000265574, 
115, 174934, -47.7449, 4.55863, 42.5514, 0.000518966, 0.000190588, -0.000338952, 
116, 143212, -2.21781, -3.50662, -28.687, 0.000134905, 0.000547838, 0.000127232, 
117, 8073.33, -32.6762, 18.7679, 32.7204, -5.90809e-05, -0.000138945, -0.000271963, 
118, 37893.5, -5.86571, 19.7619, 29.2187, -0.000122414, -0.000348672, -0.000437306, 
119, 62400.5, 22.9558, 41.0439, 31.4687, -7.24979e-05, -0.000462982, -0.000511388, 
120, 242481, -3.47698, 1.29894, -37.7999, 0.000129554, 9.30513e-05, 0.00108347, 
121, 220498, 17.3557, -17.6148, -37.1294, 0.000124189, -0.000355009, 0.000171739, 
122, 32681.3, 6.5902, 2.4136, 33.8409, 2.30543e-05, 3.83379e-05, -0.000484777, 
123, 348699, 47.6106, 18.194, -3.99496, -0.000666704, -2.38448e-05, 0.000191049, 
124, 49173.7, 42.9263, -25.2653, 48.1755, -0.000153721, 1.30218e-05, -0.00040108, 
125, 91676.5, 26.8192, -3.02618, -21.6354, -0.000368125, -0.000182371, 0.000128997, 
126, 613.996, 47.2068, -20.94, 5.87335, -0.0005165, 1.07003e-05, -0.000196379, 
127, 36070, 10.2481, -42.7993, 37.5255, 1.75239e-05, 0.000390157, -0.000263932, 
128, 60243.7, 46.2394, -11.7113, 36.0966, -0.000396849, 0.000144716, -0.000219567, 
129, 66572.3, 5.61519, -35.5723, -43.7364, -0.00156805, 0.000391016, 0.00142359, 
130, 41874.2, -39.1806, 26.8353, -36.7619, 0.000315001, -0.000184318, 0.000515362, 
131, 116662, -46.3514, 0.99968, 14.9156, 0.000548546, 0.000646734, 1.56754e-06, 
132, 109779, -10.8972, -8.69171, 39.9854, 4.60515e-05, 0.000109329, -0.000443889, 
133, 456997, -34.3163, 14.7538, -6.77642, 0.00044591, -8.3874e-05, 0.000110239, 
134, 2780.32, -3.87454, 43.9937, -4.59721, 0.00029113, -0.000832246, 7.99872e-06, 
135, 102119, -6.75678, 13.4821, -35.0451, 0.000349419, -0.000650429, 0.000620815, 
136, 164662, -35.4857, 3.36937, -26.9632, 0.000432789, 1.76666e-05, 0.00036882, 
137, 84084.3, 27.3624, 38.1773, -37.8765, -0.000314465, -0.000658866, 0.000594689, 
138, 245299, -41.6131, -20.368, -9.21818, 0.000317889, 0.000377507, -0.000267279, 
139, 102038, -4.64312, -14.2619, 47.7921, -6.11035e-05, 0.000221459, -0.000557412, 
140, 146704, -34.7619, -26.5872, 34.4728, 0.00051068, 0.000148952, 3.22924e-05, 
141, 170925, 47.0361, 37.7356, 43.2881, -0.000269208, -0.000142293, -0.000353452, 
142, 107951, 42.1732, -16.1314, -23.9938, -0.00136114, -0.0011629, 6.83906e-05, 
143, 64717.1, -11.0977, -23.6926, 4.36279, 0.000821987, 0.000613382, -0.00050274, 
144, 28582.1, 17.7715, 32.2449, 25.2875, 0.000127019, -0.000288489, -0.000829707, 
145, 18763.1, -48.6669, -26.5491, -32.8803, 0.000414742, 0.000220408, 0.000268383, 
146, 44368.5, 2.35739, 40.4836, -18.9151, 2.39659e-05, -0.000572472, 0.00039206, 
147, 247503, -5.51821, 3.89332, -31.2189, 0.000445129, -0.000393226, 6.92214e-05, 
148, 54470.7, -11.3622, -19.5004, 30.3578, -3.03112e-06, 0.000425813, -0.000309902, 
149, 158577, 26.2128, 24.5535, -9.35446, -0.000363768, -0.000240432, -6.16185e-05, 
150, 59031.2, 16.7568, -3.96978, 6.92229, -8.42329e-05, 6.00686e-05, 0.000261341, 
151, 120654, 30.1794, -14.941, -29.3441, -0.000510472, 0.000149855, 0.000196325, 
152, 33810.4, 24.5308, 33.8341, -37.6123, 3.83165e-05, -0.000243417, 0.000799525, 
153, 52884.6, -11.8468, -12.5074, 22.0718, -4.81222e-05, 0.000662653, -0.000293121, 
154, 76725.2, 46.8766, -35.3863, 46.3445, -2.81747e-05, -0.000116895, 2.87305e-05, 
155, 2384.17, -40.712, -26.3347, -19.5131, 0.000386711, 0.00054942, 0.000394998, 
156, 54252.8, -1.73964, 13.9891, -28.3381, -2.85093e-05, -0.000594611, 0.000137371, 
157, 18995.8, 39.5451, 8.38847, -8.67545, -0.000227253, 0.000245991, 0.000291121, 
158, 133837, -25.216, -4.0258, -8.08582, 0.000214901, 0.000224783, 7.48777e-05, 
159, 166899, 16.1388, -22.8936, -37.6969, 2.7795e-05, 0.00107639, 0.000205488, 
160, 192252, 46.6062, 26.0626, -1.86063, -0.000584612, -0.000818063, 5.05771e-05, 
161, 17027.9, -11.8784, 17.1657, 41.0766, -0.000231401, -0.000353741, -0.00045937, 
162, 130287, -47.4652, -16.1491, 40.8352, 0.000397238, 0.00018721, -0.000291979, 
163, 72430.1, 13.3349, -17.1664, -17.1857, -6.4868e-05, 0.000393817, -0.000146398, 
164, 60583, -22.3567, 3.47563, 3.15412, 0.000150352, 0.000101878, -8.05905e-05, 
165, 38146.6, -32.9179, 46.1198, 9.80797, 0.000164229, -0.000568879, -0.000101691, 
166, 1307.56, -35.3344, -15.0759, 48.3582, 0.00016417, 0.000117599, -0.000499634, 
167, 124087, -6.36359, 26.3858, -7.26434, -0.000108343, -0.000818037, 3.92071e-05, 
168, 30066.1, 3.20749, 30.4231, -3.30011, 0.000765166, 0.000134882, 0.000156993, 
169, 177463, -25.9916, 36.0861, 0.357143, 0.000427478, -0.000401743, 2.64892e-05, 
170, 1123.4, 21.6998, -45.2728, -12.5774, -3.63274e-05, 0.000623601, 1.69107e-05, 
171, 71647.5, 47.9952, 46.1887, -16.2573, -0.000404126, -0.000433889, 0.000132661, 
172, 73299.5, 16.2687, 2.40209, 35.1692, -0.000129432, 8.06363e-05, -0.000561581, 
173, 120519, 27.7692, -18.6391, -40.0241, -0.00087992, 0.000428657, 0.000676604, 
174, 243541, -20.6, -32.238, -41.5183, 0.000201045, 0.000448886, 0.000408818, 
175, 232847, 4.2612, 36.924, -2.42762, 0.000192111, -0.00103024, -5.61386e-05, 
176, 50296.6, -40.7192, -4.45909, -2.13612, 0.000490551, 0.000118883, 1.26428e-05, 
177, 17627.5, -2.26498, -6.00697, -42.4752, 0.000139137, 0.000456342, 0.000945683, 
178, 115556, 5.97257, -5.20803, -23.4952, -1.92898e-05, 0.000385117, 0.000258457, 
179, 21083.5, -21.8179, 32.9525, -32.2373, 0.000158155, -0.000344198, 0.000477623, 
180, 120384, 15.2425, 18.2745, -42.7073, -0.00028529, -0.000155514, 0.000460729, 
181, 104093, -8.90939, -23.1298, 2.95524, -0.000361922, 0.000286436, 0.00020698, 
182, 90014.4, -10.9218, -3.34939, -31.7708, 0.000841115, 0.000442661, 0.000337278, 
183, 39510.6, -38.1696, -12.6405, -22.7549, 0.000410597, 8.33812e-05, 0.000379549, 
184, 37719.2, -34.2634, -32.7751, -13.7223, 0.000208916, 0.000549116, 7.73508e-05, 
185, 182373, 7.31576, 31.3357, -2.89767, -0.000431057, -1.19216e-05, 2.75451e-05, 
186, 153608, 22.8087, -14.4335, -38.8072, -0.000609803, -0.000494846, 0.000692403, 
187, 201002, 20.3508, -28.7202, 35.3147, -6.27439e-05, 0.000273743, -0.00032156, 
188, 658.569, 34.5761, -13.1165, 42.3425, -7.82917e-05, 0.000186154, -0.000411291, 
189, 143642, -28.1713, -31.6152, 38.2758, -0.000373336, 0.00117428, 0.000100061, 
190, 250454, -42.1307, 29.9588, -23.6643, 0.000445468, -0.000301836, 0.000279679, 
191, 55591.1, 18.5117, 32.735, 20.5245, -4.75564e-05, -0.000224725, -0.000421179, 
192, 141084, 27.6439, -30.6633, -16.584, -0.000111195, 0.000431041, 0.000130519, 
193, 52387.2, 17.7886, -22.1835, -38.3944, -0.00083888, 0.000890065, 0.000694431, 
194, 39745, 44.5329, -31.7856, 37.6509, -0.000213796, 6.66404e-05, -0.000225878, 
195, 89443.4, 32.6222, 4.26482, 1.65043, -0.000300745, 0.000212834, -6.42551e-05, 
196, 196180, 25.7284, 31.6032, -28.8942, -0.000193946, -0.00057209, 0.000579088, 
197, 56906.6, -20.8741, 25.738, -16.6946, 0.000583787, -0.00112488, 0.000474095, 
198, 249087, 38.457, -36.9143, 8.16132, -9.46432e-06, 0.000462441, -0.000318332, 
199, 137680, -39.7291, 19.1009, 17.2363, 0.000985316, -0.000305782, -9.56228e-05, 
