ID, Mass [kg], pos_0 [m], pos_1 [m], pos_2 [m], vel_0 [m/s], vel_1 [m/s], vel_2 [m/s], 
0, 97975.8, 25.8556, -35.7848, -20.0927, -0.000578383, 0.000679495, 5.44603e-05, 
1, 77894.7, -10.6906, -25.1255, -32.2647, 0.000609626, 0.000634825, 0.000569151, 
2, 11402, -36.295, -29.7039, 40.1486, 2.71032e-05, 0.000769783, 0.000714348, 
3, 66098.7, 25.4683, 18.9741, 13.3314, -0.000625249, -0.000319036, -0.000202221, 
4, 44838.5, 44.7811, 39.0417, 18.888, -0.000829188, -0.000849811, 0.000127695, 
5, 294431, -26.1044, 15.0202, 8.39093, -0.000230505, 0.00170318, 0.00108427, 
6, 45520.7, -16.6121, 27.0704, -44.7565, -7.81263e-05, -0.000151351, 0.000799341, 
7, 104607, -34.0335, -28.9541, 39.5593, 0.00138062, 0.000637618, -0.00121149, 
8, 18630.4, 30.7253, 31.3417, 20.317, -0.000495458, -0.000656536, -0.000236933, 
9, 6880.78, 11.514, -38.5071, 30.3781, -0.000238763, 0.00071592, -0.000592029, 
10, 62559.5, 33.7806, 13.0326, 38.8783, -0.000383023, -0.000229821, -0.000667153, 
11, 25475.3, -22.2616, -14.8425, -42.2012, 0.000143237, 9.20564e-05, 0.00113878, 
12, 71640.3, 27.8623, -2.44272, 11.5365, -0.00128374, 0.000165671, 0.000450821, 
13, 19375.1, 28.9074, -2.73433, -35.2144, -0.000319371, 0.000883959, 0.000415453, 
14, 192659, -36.0992, -29.3569, 41.3724, -0.000487082, 0.000484065, -1.59595e-05, 
15, 90493.3, 13.265, 10.6707, 35.9093, -0.00108081, -3.12194e-05, -0.00175298, 
16, 55088.9, -14.312, -11.3308, -23.465, 0.000220878, 0.000170184, 0.000651752, 
17, 128599, -16.3495, -4.25136, 24.82, -6.43251e-05, 0.000148369, -0.000785335, 
18, 2686.61, -15.5893, -3.50094, 24.1997, -0.00173834, -0.00117144, 7.67036e-05, 
19, 57797.8, -44.2446, 25.2626, 24.3885, 0.00145716, -0.000277725, -0.000373189, 
20, 50565.7, 36.3998, 25.054, -15.7856, -0.000867545, -0.000241383, 0.000168027, 
21, 170562, -6.14385, -23.498, -34.7475, -0.00030513, 0.000189949, 0.00102908, 
22, 46366.2, 26.1458, 16.9454, -22.1965, -0.00036744, -0.000323535, 0.000214458, 
23, 48064, 42.6716, 36.108, 20.8108, -0.00047992, -0.000320367, -0.000203484, 
24, 10737.9, 22.0691, 21.9865, 30.2882, -0.000362675, -0.000498455, -0.00050528, 
25, 6821.61, -33.7597, -14.715, 0.466577, 0.000267504, 0.0027929, 0.00258179, 
26, 85103.7, -18.7354, -19.1412, 22.4099, 8.66524e-05, 0.000315189, -0.000228163, 
27, 20373.4, 5.99466, -36.6781, -22.8162, -0.000993976, 0.00187139, -0.00115209, 
28, 40858.5, -27.3225, -13.5342, 28.0474, -0.000441812, -0.000110593, 0.000740724, 
29, 20052.6, 22.7719, 1.99622, -27.7598, -0.000372925, -0.000391435, 0.000247736, 
30, 30553.1, 43.8634, -19.0755, -9.6452, -0.001017, 0.000401695, 0.000286914, 
31, 162518, -29.0643, -46.3564, 7.54727, 0.000366018, 0.000905657, -7.6084e-05, 
32, 65626.2, 12.8375, -12.7838, -0.411666, -0.000430878, 0.00041361, -4.51332e-05, 
33, 187658, -42.217, -30.8389, 46.1525, 0.00115666, 0.000636757, -0.00104208, 
34, 143234, 11.809, 44.1269, -47.8629, -0.000116268, -0.000475678, 0.00062723, 
35, 251764, -40.0813, 36.3059, -37.5633, 0.00142793, -0.000870249, 0.000384243, 
36, 188234, 4.29987, -47.0585, 11.5632, -0.0002689, 0.000939222, -0.000184158, 
37, 145115, -17.0188, -28.675, 19.229, 3.8001e-05, 0.000776333, -0.000213465, 
38, 97491.5, 40.7866, -5.76769, 1.15283, -0.00237962, -0.00129635, 0.00108635, 
39, 31783.6, -30.9116, 36.174, -27.6628, -1.71235e-05, -0.000432815, -0.000119771, 
40, 3660.49, -15.6583, -28.2439, 0.105092, 0.000543887, 0.000962931, -0.000194699, 
41, 6882.93, 19.7607, 30.3778, 13.904, -0.000223454, -0.00121716, -0.000231873, 
42, 15820.5, 26.7092, 8.1827, -33.8064, -0.000509573, -0.000477551, 0.000626185, 
43, 12851.8, 10.7506, 11.4529, 36.1601, -0.000493358, -0.000418524, -8.99128e-05, 
44, 207554, -44.9502, -41.3044, -28.0172, 0.000701984, 0.000987745, 0.000357306, 
45, 14218.7, 18.8612, 17.0322, -14.3666, -0.000453909, -0.000327242, 0.000325351, 
46, 94578.2, 40.0184, 30.8738, 39.2392, -0.000774648, -0.000907142, 7.53145e-05, 
47, 139467, 47.7987, 32.2576, 47.3665, -0.000666907, -0.000365204, -0.000665672, 
48, 34799.6, 30.0663, 26.3902, 8.20476, -0.000836003, -0.000629805, -4.79728e-05, 
49, 52524.3, -11.7717, 14.9825, -14.9147, 0.000124024, -8.56982e-05, 0.000835774, 
50, 168682, -44.93, -26.717, -29.0414, 0.00145539, 0.000112463, 0.000462994, 
51, 4879.07, -34.2634, -7.81063, -34.7048, 0.00060115, -0.000549084, 0.0010051, 
52, 127413, -27.5519, -43.6668, 45.1908, 6.39472e-05, 0.000857795, -0.000860663, 
53, 2820, -17.5972, 41.9806, 3.14411, 7.44455e-05, -0.00114841, 0.000431738, 
54, 67623.2, 13.8375, 10.4296, 37.3196, 3.6765e-05, -0.00020697, 0.000238174, 
55, 124781, -11.7706, 39.1774, -22.6656, -0.00051237, 0.00185178, -0.00083112, 
56, 44370.6, 1.01078, -0.200817, -7.89476, -0.000203172, -0.00040143, 0.00115785, 
57, 51907.6, -7.70104, -31.5152, 2.55304, -2.18192e-05, 0.00109775, -0.000227765, 
58, 101111, -46.5795, 43.0586, 7.74222, 0.00092775, -0.000702993, 7.09992e-05, 
59, 12663.5, 37.1954, -5.55297, 20.7163, -0.000565544, 0.000456817, -0.000361781, 
60, 211734, -9.25591, 41.2206, 19.6997, -0.000104727, -0.000846502, -0.000502393, 
61, 14072.5, 34.1764, -24.0187, -15.4525, -0.000619766, 0.000287744, 0.00029075, 
62, 39936.1, 39.6342, -45.0957, -14.091, -0.000505484, 0.000825896, 0.000123711, 
63, 94816.2, -29.8662, 14.2497, -0.31905, 0.00165074, -0.000179381, 0.00145451, 
64, 294722, 23.3948, -1.48415, 14.781, -0.0002921, -7.11625e-05, -0.000559057, 
65, 115209, -37.147, -40.696, -7.17091, 0.000644996, 0.000714222, 3.85714e-05, 
66, 297505, -4.69526, 45.7896, 13.4991, -0.000525774, -0.00120912, 0.000245553, 
67, 109371, 37.8947, -13.5735, 27.8504, -0.000589568, 0.000474568, -0.000384456, 
68, 50319.5, 12.9413, -23.0421, 13.389, -0.000729385, 0.000590787, -0.000575948, 
69, 94497.4, -15.1907, 3.57588, -38.9485, 0.000188807, -0.000153813, 0.000890682, 
70, 28507.8, 18.283, -3.30071, 38.7943, -0.000249023, 0.000244731, -0.000871068, 
71, 20301.8, -2.36921, -31.9763, -11.0081, -0.00036454, 0.00105397, 0.000192111, 
72, 5514.46, -24.3037, -11.4711, -42.2423, 0.000363667, -0.000272559, 0.00110383, 
73, 51713.3, 8.8922, -25.8499, 15.8707, -0.000170494, 0.000822469, -0.000708211, 
74, 54078.6, -27.0825, -13.3241, 27.7502, 0.00137076, 0.000920222, -0.000899313, 
75, 100331, -20.3236, -45.5621, -24.0126, 0.0002584, 0.00103527, 0.000471758, 
76, 16592, -17.8264, 2.4782, 44.5397, -0.000178814, -1.10886e-05, -0.00106614, 
77, 214624, 1.43852, -5.51226, 5.60067, 6.49052e-05, 0.000709131, -0.00121827, 
78, 77042.2, -1.32202, -15.8801, -1.01024, -0.000545859, 0.000700717, -0.000286078, 
79, 131835, -39.7479, 37.2824, -41.7271, 0.000421656, 0.000744851, -0.00265933, 
80, 36841.1, 28.5366, 15.1429, -25.0223, -0.000835462, -8.638e-05, 0.00067766, 
81, 30218.7, -38.3715, -44.3818, 22.6818, 0.00072044, 0.000784591, -0.000144455, 
82, 5693.83, -24.5567, -17.8199, -20.7104, 9.9139e-05, 0.000231476, 0.000156504, 
83, 46120.3, 45.6741, 15.2628, -36.4857, -0.000719154, -0.000181685, 0.00044646, 
84, 20479.4, -23.9929, -44.0634, -7.59963, 0.000295739, 0.00101453, 2.78729e-05, 
85, 115679, -12.2562, -44.2388, 23.128, -0.000166412, 0.000962748, -0.000339983, 
86, 124413, -39.3106, -22.4249, 42.5053, 0.000899355, -0.000414376, -0.000709184, 
87, 14754.9, 32.1119, 4.13044, 25.1624, -0.000418295, -0.000307625, -0.000671734, 
88, 1562.9, 2.07868, 24.197, -29.1646, -0.00021706, -0.000359411, 0.000660873, 
89, 213089, 44.06, 1.65246, 21.7444, -0.00104984, -0.000169891, -0.000536259, 
90, 131961, 44.2067, -0.0495401, 9.58568, -0.00118657, -0.000243417, 3.54678e-05, 
91, 25620.6, -45.4788, 2.78817, -12.0545, 0.00133899, -3.10598e-05, 0.00031433, 
92, 36643.2, -27.4779, 25.785, 23.2497, -0.00116472, 0.000825648, -0.00317533, 
93, 10124.3, -15.193, -3.69666, 21.265, -0.000265147, 0.000148778, 0.000377649, 
94, 134912, 19.072, -13.9933, -0.182945, -0.000984946, 0.000394938, 3.77281e-05, 
95, 352934, 2.85395, -2.13411, 1.57505, -0.000547733, -0.000627261, 0.000354403, 
96, 53519.9, -35.309, -7.96441, 41.3736, 0.00055085, 0.000483361, -0.000680577, 
97, 179640, -26.1542, 16.6418, 6.48417, 0.00144443, -0.00300346, 0.000866875, 
98, 92275.8, 35.6273, -20.147, -28.9716, -0.000878324, 0.000361733, 0.000363267, 
99, 37250.3, -9.54768, -40.7593, -39.2028, 0.000252055, 0.000655288, 0.000712666, 
100, 237086, -25.4863, -40.6253, 32.0142, 0.000155093, 0.000891387, -0.000328854, 
101, 89616.5, -38.4819, 3.44376, -11.3469, 0.000894776, -4.90749e-05, 0.000440634, 
102, 131392, -36.6519, -11.0488, 23.8634, 0.0010506, 0.000180128, -0.000139187, 
103, 134711, 37.8532, 30.3553, 36.4086, -0.000424342, -0.000644491, 6.35109e-05, 
104, 108522, 20.3549, -16.9152, -35.0136, -0.000126488, 0.000489539, 0.000669002, 
105, 228291, 44.0928, -2.87529, 42.2859, -0.000798376, -0.00116092, -0.0011724, 
106, 233820, 27.4358, 45.0023, -16.0613, -0.000580976, -0.00110927, 0.000107192, 
107, 93778.3, -31.8071, -11.737, -19.3484, 0.000607858, -0.000260346, 3.11629e-05, 
108, 109531, -6.49712, -6.16601, -3.56347, 0.000495932, -6.31938e-05, 0.000460726, 
109, 162559, -33.6934, -14.8407, 0.38612, 0.000881375, 0.000240782, -0.000116532, 
110, 104548, -19.4863, 45.1989, -43.7728, -0.000159178, -0.000677012, 0.000666481, 
111, 390486, -35.3454, 1.62662, 44.0716, 0.000521095, -0.000149864, -0.000909989, 
112, 17258.3, 3.13734, -26.2124, 23.6428, -0.00021019, 0.000579743, -0.000789243, 
113, 11495, 40.1561, 15.0205, -3.19931, -0.000852113, -0.000371093, 0.000200732, 
114, 198051, 26.0725, 36.136, -23.529, -0.000449586, -0.000395709, 0.000684729, 
115, 43163.1, 10.3046, -27.6571, 4.7844, -0.00046896, 0.00121715, -4.50057e-05, 
116, 54122, -16.7616, 28.0351, 34.1381, -0.000502195, -0.000545476, -0.00157952, 
117, 7321.58, -17.7064, 13.5454, 22.6021, -0.000415346, 0.000415226, -0.000811705, 
118, 45671, 35.9912, 25.9123, -45.027, -0.000507078, -0.000245079, 0.000639813, 
119, 335394, -26.343, 35.1132, 20.7233, 0.000383475, -0.00147222, 9.97251e-05, 
120, 146744, -14.6554, -31.1428, -17.8259, 9.22224e-05, 0.000752884, 0.000547954, 
121, 144968, -28.352, 26.3125, 24.195, -0.00149009, 0.00111764, -0.00180925, 
122, 58573.5, 7.71245, 16.3669, -4.97664, -0.000521952, -0.00071875, 0.000247586, 
123, 69771.2, -11.9332, -5.37017, -24.7341, 5.01236e-05, -0.00031484, 0.000788873, 
124, 73065.8, -33.9774, 38.2135, 3.31989, 0.000831027, -0.000933478, 0.000332477, 
125, 176383, 43.7129, -4.90012, 41.4194, -0.000344235, 0.00172935, -0.000108664, 
126, 46062, 37.459, -14.5767, -4.11435, -0.000787303, 0.000575411, 0.000296484, 
127, 56478.2, 39.5437, 31.2531, 37.2802, 0.000332867, 0.000813997, -0.00211382, 
128, 73371.6, 7.12783, 8.36933, -45.2662, -0.000148321, -0.000232978, 0.000953478, 
129, 64320, -21.6977, 33.3151, 11.3795, -9.349e-05, -0.000996109, 0.000669516, 
130, 34299.5, -39.3501, -22.8568, -30.3428, 0.001288, 0.000389947, 0.00138585, 
131, 95466.1, -15.5352, -38.8949, -14.9587, 0.000122774, 0.00125504, 1.41819e-05, 
132, 38698.9, -41.2001, -39.7966, 6.96379, 0.000846684, 0.000567256, -0.000120845, 
133, 99701.7, -14.7443, 14.212, 8.34816, -0.000932936, -0.00023677, -0.000202672, 
134, 390402, -8.34614, -19.1633, -5.30039, 0.000261417, 0.000646082, 0.000208008, 
135, 51660.2, 2.69262, 12.7119, 37.7128, 0.000229724, -0.000243387, -0.00112629, 
136, 67734.6, 25.8454, 42.4973, -12.3753, -6.10619e-05, -0.000140603, -0.00093297, 
137, 2782.49, 5.33224, -1.11796, -32.7031, -0.000179947, -0.00108532, 0.00150495, 
138, 74344.9, 21.5658, 26.1386, 13.7869, -0.000364095, -0.000687768, -0.000255865, 
139, 97141.8, 24.7495, -21.6154, -5.48835, -0.000759902, 0.000748332, 0.000222613, 
140, 210366, -9.09477, 24.6691, -11.2135, -0.000135564, -0.000551193, 0.00045407, 
141, 40577, 3.82148, 28.4489, -5.51208, -0.000465119, -0.000740776, 0.000177424, 
142, 42182, 41.5673, 1.45416, 17.5925, -0.000196547, -0.000287406, 0.000325324, 
143, 43465.5, -33.5947, 21.1951, 27.2209, 0.00198119, 0.000440068, -0.00101167, 
144, 15541.7, -26.0397, 24.4384, 16.9764, 0.000495907, -0.000543987, 0.000771316, 
145, 77758.8, 8.07428, -11.9452, -5.28902, -0.000527385, 0.000405701, 0.000756477, 
146, 59817.6, 5.35398, -17.4546, -19.1255, -0.000342296, 0.000366886, 0.000666434, 
147, 25797.1, -5.86429, -44.4307, -31.3183, 4.38092e-06, 0.000921725, 0.000396269, 
148, 56695.6, 9.9226, -21.6307, 5.99369, -0.000400917, 0.000728704, -0.000283755, 
149, 5675.67, -26.7929, 28.7603, 24.2099, 0.00158453, -0.00278238, -0.00127516, 
150, 10058.9, 7.0101, -31.9301, 19.8501, -0.000281528, 0.000922397, -0.000662749, 
151, 109307, 37.5452, -33.1963, 30.9207, -0.000948998, 0.000705842, -0.000310966, 
152, 64680.1, 7.98179, 11.4948, 35.121, 0.000296777, -0.00018191, -0.000522197, 
153, 355851, 19.2468, -38.1636, -34.2545, -0.000393988, 0.000626704, 0.000533148, 
154, 112081, 27.6889, -4.92696, -40.7717, -0.000518708, -0.000586902, 0.0020745, 
155, 136525, 47.467, -39.6257, -43.5834, -0.000528135, 0.000349487, 0.000404087, 
156, 24618.5, -45.2974, -18.4497, -16.582, 0.00111502, 0.000117981, -7.56269e-05, 
157, 30278.3, -11.8531, 1.9605, -6.54157, 0.000332719, -0.000221387, 0.00066417, 
158, 74807.4, -36.9022, 43.2233, -35.2447, 6.67495e-05, -0.00171981, -0.000185968, 
159, 13757.2, -27.6734, -29.2873, 44.8048, -0.000482627, 0.00034083, -0.00125224, 
160, 30157.7, 10.3908, -8.52534, -15.5284, -0.000542507, -3.5688e-05, 0.000739307, 
161, 499913, -33.5306, -19.0843, -29.1157, 0.000373453, 4.86594e-05, 0.000696063, 
162, 243908, 2.9485, -45.8573, -46.7755, -3.21016e-05, 0.000615091, 0.000701995, 
163, 156234, -17.2, -20.7703, 32.6687, -0.000259003, 0.000420963, -0.000929906, 
164, 180799, 27.2277, 38.9973, -27.2772, -0.000401945, -0.000291495, 0.000489102, 
165, 449860, -24.3713, 13.1109, 5.08017, 0.000743576, 2.59298e-05, -0.000746655, 
166, 12627.8, 9.52997, 38.2278, 42.9337, -0.000221297, -0.000258636, -0.000428795, 
167, 72413.6, 43.8161, -38.164, -11.1922, -0.000796827, 0.000530742, 5.96274e-05, 
168, 123248, -6.89771, 38.1047, 27.7235, -0.000576849, -0.000630116, -0.00113957, 
169, 19058.1, 38.8098, -34.0454, -7.48971, -0.000565169, 0.000504697, -0.000155232, 
170, 37240.7, 10.5725, -17.7141, 38.9598, -0.000197621, 0.000349476, -0.000828058, 
171, 10520.8, 36.0056, -25.5005, -15.1449, -0.00101918, 0.00062513, 0.000193057, 
172, 66867.4, -25.9182, -10.8187, 30.5014, 0.000120185, -0.000236573, -0.0010814, 
173, 286204, -33.2552, 42.8863, 27.8276, 0.000842437, -0.0012356, -0.000775277, 
174, 7121.25, -16.8224, -1.85861, 23.0747, 0.00037144, -0.000821966, 4.59338e-05, 
175, 44439.5, 7.20737, 10.004, -5.16994, -0.000569182, -0.000413995, 0.000471155, 
176, 95063.2, -5.19841, 22.2536, 15.677, -0.000642551, -0.000410162, -0.000333673, 
177, 172893, -11.7876, 39.1632, -22.7897, 0.000282193, -0.00264046, 0.00139292, 
178, 46650.2, 42.6861, -36.9997, 24.0613, -0.000772875, 0.000714167, 2.30611e-05, 
179, 38532.6, -37.7673, 40.2038, -25.095, 0.000583228, -0.000736278, -0.000359759, 
180, 32991.6, -31.8075, -28.15, 18.2155, 0.000773204, 0.000581666, -5.85152e-05, 
181, 177479, -37.9979, 35.2013, -40.0067, 0.000344957, -0.000996222, 0.00427044, 
182, 87.2575, 28.5912, 41.6135, -32.1917, -0.000727397, -0.000998126, 0.00126825, 
183, 128620, 5.46773, 0.928067, -34.2342, -0.000106007, -0.000120768, 0.000719381, 
184, 162169, 41.126, -5.42635, 0.961989, -3.95142e-05, 0.000988781, -0.000105239, 
185, 20340.7, 2.27841, -1.99189, 10.6399, -0.000356866, -0.000534868, -0.00150568, 
186, 53688.5, 1.2371, 22.6476, -44.8734, -0.000108515, -0.00030678, 0.000772583, 
187, 29804.3, -22.2187, -22.6909, 9.53799, 0.000529558, 0.000539046, -3.29682e-05, 
188, 354857, 27.3897, -7.11011, -36.2846, -0.000629775, 2.31992e-05, 0.00027478, 
189, 50155.5, 24.0691, 42.6581, -43.8014, -0.00043143, -0.000474606, 0.000659456, 
190, 7112.4, -26.4019, 34.1093, 26.6954, 5.861e-05, -0.00148935, -0.00195361, 
191, 126540, -41.7362, -31.8593, -28.0507, 0.000314933, 0.000871707, 0.000314795, 
192, 354318, -37.5629, 35.2613, -41.6883, -5.70379e-05, 0.000268757, 0.000105868, 
193, 107194, 10.7774, 43.2577, 47.9507, -0.00021776, -0.000548943, -0.000660284, 
194, 224461, 30.2334, -30.7775, 33.1127, -0.000127947, 0.000506994, -0.000605927, 
195, 635832, -25.1192, 24.6407, 25.6215, 0.000860306, -0.000376777, -0.000621834, 
196, 66151.1, 6.14761, -36.9166, -22.5289, 7.00295e-05, 0.000481634, 0.00064731, 
197, 47866.1, -16.5411, -26.0814, -14.5879, 0.000667842, 0.000267006, 0.000147664, 
198, 66662.6, 26.3173, 25.4888, -0.200354, -0.000592544, -0.00048454, 0.000139524, 
199, 70426.5, -27.043, 35.9713, -2.55899, 0.000382765, -0.000914803, 0.000553256, 
