ID, Mass [kg], pos_0 [m], pos_1 [m], pos_2 [m], vel_0 [m/s], vel_1 [m/s], vel_2 [m/s], 
0, 10438.7, 15.0129, -4.54095, -5.93087, -0.0010292, 0.000100035, 5.42947e-05, 
1, 6654.64, -4.67428, 15.2607, 17.4928, 0.00048156, -0.000571488, -0.000749527, 
2, 188574, -10.4499, 11.2, 2.56639, 0.000508149, -0.00026209, -0.000370566, 
3, 37.6105, 15.6777, 1.38199, 11.0499, -0.00143451, 0.000443589, -7.88308e-05, 
4, 156575, -15.0567, 9.58155, -10.9931, 0.000877869, -0.00037848, -3.46109e-05, 
5, 68600.3, -18.0939, -19.6273, -3.09078, 0.000564268, 0.000614625, 7.41011e-05, 
6, 25394.3, -11.6006, 17.0378, -11.3494, 0.000788037, -0.0011146, 5.53747e-05, 
7, 79727.6, -18.6441, -3.40164, 8.41106, 0.000512592, -0.00178442, -0.000624085, 
8, 20636.5, -14.7877, 1.59318, -7.07805, 0.000314123, -0.000386492, 0.000966599, 
9, 1631.49, 8.91402, -18.1718, 12.1857, -0.000278534, 0.000695205, -0.000472761, 
10, 92118.6, -5.12846, 8.84082, -8.55949, -0.000610754, 0.000473195, -0.000430346, 
11, 22412.4, 6.29734, -7.18987, -18.8515, 5.83703e-05, 0.000771573, 0.000873731, 
12, 147192, 1.20712, 2.57671, -4.2293, -2.90913e-05, 0.000222376, 0.000101145, 
13, 68437, -6.22717, -18.2079, 13.8763, -0.000300836, 0.00115007, -0.000360651, 
14, 48261.5, -18.4883, -14.6406, -9.11248, 0.000704757, 0.000494812, 0.000173289, 
15, 4115.53, -10.4154, 14.2361, -15.199, 0.000928749, -0.00107075, 0.000177553, 
16, 187519, -7.72439, -13.6246, 7.71333, 9.02308e-05, 0.000461299, -0.000108044, 
17, 41299.2, -13.2886, -6.25366, 11.7154, 0.00025657, -9.1779e-05, -0.000610889, 
18, 31312.4, 15.192, 1.59905, -17.2064, -0.00112459, -0.000161252, 0.000450348, 
19, 20522.5, 13.2835, -12.7035, 0.000402992, -0.000825259, 0.00050188, -9.57693e-05, 
20, 107552, -14.7142, 1.27126, -5.90015, 0.000229221, -1.80938e-05, -0.000458285, 
21, 71003.2, -1.60905, 6.37543, -2.71056, 0.000255449, -0.000322857, -0.000266062, 
22, 113893, -16.7105, 18.8112, 14.5459, 0.000264368, -0.000735403, -0.00034113, 
23, 377662, 8.23413, 5.08477, 12.9508, 0.000803321, 0.000527437, -0.000611844, 
24, 33818.9, -4.35393, -10.0032, -17.5321, -0.000436439, 0.000779719, 0.000400537, 
25, 72081.8, -17.3932, -17.953, 4.34054, 0.000636902, 0.000672771, -2.22023e-05, 
26, 42615.9, 1.04134, -7.78519, -1.25389, -0.000164657, 0.000266418, -4.54869e-05, 
27, 73029.4, 0.350534, -6.69831, 4.5291, 3.48071e-05, 0.000278307, -0.000228541, 
28, 278349, -5.41306, 13.5954, -12.5323, -0.000243574, -0.000719207, 0.000356416, 
29, 119212, -11.0594, 13.2052, -17.7821, 0.000662593, -0.000948795, 0.000774317, 
30, 4323.1, 6.09277, -2.2762, -8.7056, -0.000260992, 1.00097e-05, 0.00015943, 
31, 250092, 15.916, -15.2083, 18.0368, -0.000392911, 0.000418234, -0.00044386, 
32, 2919.37, -1.92788, 4.9863, 17.4595, 0.000595975, 2.06267e-05, -0.000857433, 
33, 15081.1, -6.65831, -6.99545, 5.61163, 0.000229266, 1.56661e-07, -0.000181492, 
34, 72653.2, 8.36854, 6.99451, 11.8593, 0.000969727, -0.00229206, 0.000432043, 
35, 227948, 9.62134, -13.972, -16.8398, -0.000424557, 0.000747821, 0.0006037, 
36, 54512.8, -4.30939, 0.733069, -7.91136, 0.00018721, 0.000292888, -2.98464e-05, 
37, 132334, 16.8115, 18.4371, -16.323, -0.000479314, -0.000677019, 0.000559107, 
38, 124410, -16.3087, -13.113, 12.1738, 0.00102899, 0.000269338, -0.000835088, 
39, 233658, -14.5706, -15.771, 14.0696, 0.000453768, 0.00079035, -0.000748379, 
40, 294451, -15.8921, 2.52788, -18.1628, 0.000797232, 0.000631898, 0.000777082, 
41, 18072.9, 2.62847, 2.75718, 8.51734, 0.000666575, 0.000152039, -3.52396e-05, 
42, 168697, -11.0194, 6.33067, -15.2744, 0.000674114, -6.90842e-05, -9.50667e-05, 
43, 58869.8, -14.7789, 9.16839, 17.3589, 0.000447158, -0.000386169, -0.000550784, 
44, 457733, 9.29568, 6.79407, 18.2973, -0.000799396, 0.0025237, -0.00205876, 
45, 2111.71, 6.3575, -19.0967, 13.6295, -0.000220137, 0.000687758, -0.000455398, 
46, 30392.2, 8.02772, 0.262789, -14.1017, -0.00139877, 0.000398447, 0.000946042, 
47, 2286.25, -2.30248, -10.1673, -7.69764, -2.07226e-05, 0.000144101, 9.46656e-05, 
48, 75203.2, -17.2762, -5.02367, -3.92476, -0.000330465, 0.000160989, -3.39461e-05, 
49, 166748, -2.03493, 18.5358, 4.31799, 0.000117426, -0.000828059, -7.68152e-05, 
50, 18376.9, 19.2871, 18.5169, -1.13965, -0.000593758, -0.000677486, -0.000261528, 
51, 8818.69, 17.3403, -14.576, 3.92717, -0.0006846, 0.000452405, -9.07541e-05, 
52, 46667.2, 6.82507, -12.7789, -0.492758, -0.000382538, 0.000361479, -8.52452e-05, 
53, 81946, 6.25457, 5.56973, 8.12485, 0.000449738, -0.000370698, 0.00050485, 
54, 258170, -7.63018, -12.59, 13.0341, 1.91921e-05, 0.000151071, -0.000650073, 
55, 14387.8, -4.37357, -14.4222, -6.90928, 0.000242041, -0.000987935, -0.00120698, 
56, 72595.4, -13.5635, -8.32276, -15.7564, 0.000645321, 0.00038355, 0.000710989, 
57, 127861, -0.251844, 9.17333, 14.4105, 0.00168681, -0.000148928, -0.00114914, 
58, 99632, 13.5909, 12.1687, -13.6737, -0.000228401, -0.000323277, 0.000546737, 
59, 42252.2, 16.1534, 15.3494, 11.2932, -0.000661428, -0.000726576, -0.000300688, 
60, 87983.4, 8.60442, -8.39879, -0.461839, -0.000549656, 0.000342384, -0.000252551, 
61, 196363, 0.733929, 8.30721, -15.9705, -0.00388417, -0.000803556, 0.00167765, 
62, 53625.6, -5.31472, 8.94086, -8.50409, 0.00172931, -0.000549029, -0.000992098, 
63, 36442.2, 12.9463, -2.7798, 5.2966, -0.000808619, 0.000443944, 7.26938e-05, 
64, 325076, 9.20884, 16.4303, -2.42904, -0.000274445, -0.000717972, -7.04221e-05, 
65, 80050.7, -14.4937, 9.77753, -19.4401, 0.00173213, -0.000947057, 0.00102929, 
66, 111018, -19.0389, 7.01126, -4.90225, 0.000901613, -0.000360888, -0.000234333, 
67, 165997, -5.72194, -15.7222, 2.54342, 5.00313e-05, 0.000735642, -4.05363e-05, 
68, 55805.8, -6.64947, -15.0352, -9.06037, 0.00096001, -0.000295027, 0.000135193, 
69, 31234.3, -9.94744, 12.7417, 1.17787, 0.000226825, -0.00123075, 0.000339626, 
70, 186090, 3.97274, 4.6289, -0.569048, -0.000441036, -0.000185447, -3.26553e-05, 
71, 28094, 4.51512, 2.62337, 4.1789, 0.000289082, 0.0003005, 0.000162105, 
72, 957885, 19.5643, 12.8601, -9.1683, -0.000717733, -0.000267251, 9.72697e-05, 
73, 4474.79, -15.4719, -16.8315, -0.395581, 0.000603869, 0.000524962, 8.84667e-05, 
74, 10808.5, 13.6623, -0.751202, -1.34328, -0.00080466, 0.000145341, 3.91103e-05, 
75, 1477.59, -13.438, 0.352815, -9.04326, 0.00018796, 0.000206942, 0.000300135, 
76, 46803.5, -17.4897, -2.11603, -8.35179, -0.000422296, 0.000763655, -0.000215896, 
77, 163629, -6.33166, 18.2312, -17.2124, 0.00029171, -0.00128829, 0.00079408, 
78, 91417.6, -18.5693, 8.52807, 16.6182, 0.000866887, -8.29835e-05, -0.000549972, 
79, 969.187, 2.43058, 7.48078, 6.02423, 0.000245078, -0.000506618, 0.000297043, 
80, 26478.7, 8.50173, 7.13016, 18.6782, -0.00210593, 0.0037499, -0.00154658, 
81, 117213, -12.2937, 8.2136, 19.1763, 0.000169659, -0.000173744, -0.000829066, 
82, 437308, 5.57286, -2.58278, 12.279, -6.33196e-05, 0.000684301, -0.000281563, 
83, 17332.5, -14.1658, 5.25601, 18.6357, 0.000534746, 0.000329759, -0.000692458, 
84, 24899.3, -4.30777, -15.7589, -7.73772, 0.00025589, 0.00398707, -0.000821864, 
85, 98799.6, -9.68529, -17.3156, -14.98, 0.000579657, 0.000798055, 0.00141015, 
86, 140967, -2.30532, 15.9932, 11.2079, 0.000276014, -0.000795101, -0.000282832, 
87, 3055.51, -1.48033, 4.6198, 5.69286, 0.000482574, -6.12489e-05, -0.000221766, 
88, 131508, -5.13732, -9.37668, -18.5877, 0.000533786, 0.000194735, 0.00137629, 
89, 72894.3, -6.63742, -16.2764, -9.56484, 0.000528229, 0.00132916, 0.000481818, 
90, 57118, -4.55726, -11.5128, -17.5952, 0.000150263, 0.00152883, 0.00070147, 
91, 2617.69, -5.89401, -3.74861, -18.6056, 0.00017237, 0.000218313, 0.00087927, 
92, 9206.39, -3.52769, 12.5414, 14.0356, 0.000738555, -0.000553177, -0.000874091, 
93, 216586, 8.35614, 19.1826, -18.8373, -0.000319025, -0.000737426, 0.000544763, 
94, 58892.3, 12.1836, -6.61164, -4.93827, -0.00106478, 0.000268702, -0.000139971, 
95, 81944.5, 1.58147, 15.0729, -18.7629, -0.000284919, -0.00101084, 0.00107654, 
96, 11783.7, -12.084, -1.77626, -12.0737, 0.000386098, 0.000316624, 0.000264819, 
97, 99126, -18.1903, 1.19883, -6.87392, 0.00107873, -0.000322633, -0.000133258, 
98, 151994, -18.5791, -1.77005, -8.84679, 0.00134677, 0.000253669, 0.00052877, 
99, 87258.7, -9.02111, -6.6056, -7.32466, 0.000323675, 0.000296259, -6.87306e-05, 
100, 48596.7, 1.38706, -15.6942, 14.9574, -0.000211667, 0.000619998, -0.000571664, 
101, 44096.9, -11.5529, 14.9439, -6.99415, 0.000946603, -0.000902901, -0.000374311, 
102, 8359.99, 10.1162, 4.6913, -6.65688, -0.000603049, -2.37388e-05, 6.06467e-05, 
103, 70351.6, 3.31115, 16.301, 15.6096, -0.000602959, -0.000140254, 0.00267418, 
104, 45294.6, 16.3398, -16.1316, 12.642, -0.000489981, 0.000519856, -2.90072e-05, 
105, 19504.5, 12.1003, 14.1655, 11.7791, -0.000729544, -0.00089362, -0.000285003, 
106, 54049.2, -16.2984, 8.72967, 14.8539, 0.000422242, -0.000152001, 1.31064e-05, 
107, 165846, -7.85816, 13.857, -7.68908, 0.000568851, -0.000850725, -0.000673825, 
108, 334000, 8.66887, -4.1104, -18.7189, -0.000331839, 0.000255741, 0.000812711, 
109, 380350, 1.20909, -3.65897, 18.7622, 0.000245785, 0.000370635, -0.000911213, 
110, 169825, 13.0809, -1.12297, -17.7209, -0.000915394, 7.6948e-05, 0.00055785, 
111, 49417.8, 11.7523, 7.69379, 12.1635, -0.00190202, -0.00288446, -0.00114637, 
112, 22932.1, 6.63816, 4.36525, -12.048, -0.000588471, -5.94012e-05, 8.76779e-05, 
113, 33159.4, -11.3026, -13.4421, 7.76168, 0.000646865, 0.00048499, 2.81023e-05, 
114, 329915, -18.5382, -2.35735, 8.59841, 0.000708676, 0.000334051, -0.000252695, 
115, 46014.7, -5.37192, 15.0201, 9.81547, 0.000713719, -0.000520325, -0.000169925, 
116, 70885.7, -5.78439, -6.55788, -15.3564, 0.000391175, -8.08323e-05, 0.000402475, 
117, 39878, 1.58179, 7.43532, 7.65472, 0.000499068, -0.000401844, -1.89611e-06, 
118, 7990.99, 3.03344, -7.3726, -2.53943, -0.000249411, 0.000231217, 3.51371e-05, 
119, 45208.6, 8.34927, 9.56706, 2.38188, -0.000393637, -0.00053856, 0.000118417, 
120, 21852.8, -12.399, -19.4324, 15.0312, 0.000228694, 0.00112065, -0.000596329, 
121, 39421.6, 6.90977, 3.7675, 17.3748, 0.000919042, 0.00108677, -0.00118825, 
122, 29750.7, 8.55542, -3.93913, -4.86885, -0.000531927, -0.000281018, -0.00024176, 
123, 92556.9, -17.1037, 4.27241, -17.3125, 0.00176084, -0.000818618, 5.39824e-05, 
124, 232939, 0.990981, -16.6838, 4.28847, -0.000168561, 0.000742513, -0.000290202, 
125, 64576, 6.94373, -8.28563, -13.4999, -0.000187263, 0.000426685, 0.000292838, 
126, 80969.1, -18.4593, 0.406324, 0.108679, 0.000743049, -0.000114635, -0.000293019, 
127, 69836.7, -8.92342, -14.7617, 1.27267, 0.000668982, 0.000438035, 0.000177578, 
128, 34136.6, -12.2895, -17.7081, 0.91994, 0.000539378, 0.00080309, 4.77697e-05, 
129, 80050.6, 10.0702, -17.2307, 7.16837, -0.000540319, 0.000680534, -0.00028002, 
130, 67728.8, 7.82601, 0.366537, -13.9383, 4.36974e-05, -0.000141526, -0.00012285, 
131, 150978, -18.79, 15.2401, 14.2328, 0.000630053, -0.000288404, -0.000281578, 
132, 81625.8, -0.0948673, 9.16463, 14.3576, -0.00123986, -0.000432731, 0.000359042, 
133, 2593.03, 10.453, -12.4173, -4.67423, -0.000744373, 0.000694081, 2.38928e-05, 
134, 644361, 11.1656, 5.93827, 11.2033, -0.00151259, -0.00014079, 0.000472626, 
135, 21866.9, -10.0204, 12.2027, 10.7476, 0.0004658, -0.000370756, -0.000370289, 
136, 41691.7, -4.54736, 7.28779, -12.4518, 0.000379731, 0.000558727, -0.000126749, 
137, 91347.5, -7.80059, -16.6314, 15.2134, 0.000147105, 0.000780475, -0.000955713, 
138, 106353, -18.38, -5.37083, -3.71864, 0.00148016, 0.000646077, -0.000254331, 
139, 48040.2, -10.953, 5.66239, 15.5704, 0.000268997, 4.65711e-05, -0.00038119, 
140, 37577.6, -1.16604, -7.94858, -0.635528, 0.000309079, 0.000260205, -0.000129789, 
141, 18448.8, 1.77761, 14.0804, -12.9935, -0.00091698, -0.00149275, -0.000400743, 
142, 80498.5, -15.8765, -9.29294, 6.83992, 0.000577083, 5.62892e-05, 0.000196663, 
143, 7666.73, 6.13369, -17.2582, -8.86127, -0.00029046, 8.1679e-05, -0.000864996, 
144, 13225.3, -7.98131, -0.0890217, -5.40929, 0.000307315, 0.00016409, -0.000226063, 
145, 193634, 13.028, -10.2518, -12.0215, -0.000864922, 0.000482739, 0.000196206, 
146, 240149, 8.12904, -6.96122, -6.98077, -0.000382323, 0.000324412, 0.000113951, 
147, 329761, 3.2021, 16.4834, 16.2697, 0.000125327, -0.00102529, -0.00128253, 
148, 44620.5, 17.9204, 11.177, 1.84185, -0.00076928, -0.00028512, -0.000162017, 
149, 326998, 9.25878, 6.77446, 18.3446, 0.000235935, -0.00479022, -0.000514201, 
150, 96085.7, -18.5333, 12.9069, -9.21831, 0.000987701, -0.000653336, -6.00746e-05, 
151, 156236, 1.10182, 12.0566, -14.6705, -0.00093728, -0.00126402, 0.000204739, 
152, 21221.8, -0.859925, -5.21952, -8.37607, -1.05241e-05, 0.000262789, 0.000101714, 
153, 52477.7, 19.3648, 15.5267, 9.92212, -0.000823399, -0.000530164, -0.000177841, 
154, 23635, -13.5467, -9.54565, -13.872, 0.000657458, 0.00070574, 0.000178471, 
155, 46830.7, 14.4437, 0.0386129, 16.1042, -0.00109929, 0.000425325, -0.00079192, 
156, 92630.3, 6.90407, 3.21664, 5.61941, -0.000299881, 0.00028778, 0.000441661, 
157, 48406.4, -13.8393, 14.6976, 6.09286, 0.000607013, -0.00059063, -0.000271638, 
158, 196582, -9.00519, -17.0907, -12.7683, 0.000383887, 0.000784365, 0.000163875, 
159, 30074.5, -3.63632, 4.54864, 1.663, 0.000410965, -4.96923e-05, -0.00034155, 
160, 33571.4, -13.05, 5.08813, -19.2408, 0.000734204, -6.95442e-07, 0.00122584, 
161, 8737.73, 19.3034, -15.8719, 12.5012, -0.000768132, 0.00040888, -7.36788e-05, 
162, 508060, -7.90199, 4.34367, -19.1186, 9.51542e-05, 0.000310905, 0.00103525, 
163, 44193, -6.98174, -7.13839, -11.7537, 0.000302148, 0.000278965, 0.000104648, 
164, 29803.4, 7.95056, -15.78, 9.13341, -0.000239733, 0.000512772, -0.000531473, 
165, 169235, 12.5857, 6.38318, -17.0691, -0.000597548, -0.00012313, 0.000636415, 
166, 23700.2, -19.5903, -5.54325, 16.0834, 0.000624299, 6.37973e-05, -0.000698125, 
167, 86765.8, -15.3089, -19.0737, -15.5258, 0.000626662, 0.000635596, 0.000427175, 
168, 145148, -12.8682, 8.98105, -19.1086, 0.000433597, -0.000406654, 0.000944893, 
169, 52934.1, -5.46086, -18.9475, -4.71709, 0.00022565, 0.00119031, -0.000216007, 
170, 1922.37, -8.34956, -8.15678, -17.0887, 0.000820545, 0.000324375, 0.000711365, 
171, 22445.4, 14.0201, -6.32848, 16.2504, -0.000604701, 0.000730081, -0.000719951, 
172, 481411, -0.0674489, 8.08072, -15.7671, 0.000956425, 0.000641364, 0.000353787, 
173, 207195, 7.50458, -17.324, 0.340881, -0.000537715, 0.00091741, -7.62899e-05, 
174, 59874.5, 5.52091, 12.6547, -18.9099, -0.000707703, -0.000476525, 0.000961998, 
175, 157715, 6.24697, -18.0936, -10.0286, -0.00033642, 0.000910434, 0.000303283, 
176, 23284.3, 10.2386, -9.41693, -16.2169, -0.00062574, 0.000383059, 0.000609234, 
177, 26682, -3.29938, 12.1011, 12.695, 0.000662901, -0.000332133, -0.000310845, 
178, 2733.56, -3.80592, 16.7708, 7.92206, 0.000432501, -0.000784088, -2.94656e-05, 
179, 21708.5, 2.54696, 4.46576, -0.627342, 0.00133569, -4.18263e-06, -0.000271269, 
180, 35339, -14.6009, -6.34965, -10.8767, 0.00118403, 0.000520736, 0.000511114, 
181, 8547.22, 9.76675, 6.17768, 3.22428, -0.000699198, -0.000211682, 0.000403214, 
182, 35159.6, 10.7914, 15.6604, 11.2117, -0.000389413, -0.00108818, -0.000136492, 
183, 26059.5, 14.2567, 3.23921, 2.75663, -0.000906305, 0.000101224, 0.000211516, 
184, 170910, -15.9567, -12.0628, 9.74665, 0.000664471, 0.000201272, 0.000139497, 
185, 34629.4, 2.36664, 3.00975, -10.8333, -0.000335846, 0.000297736, 5.70187e-05, 
186, 176.156, -14.9899, 13.9806, -5.1076, 0.000775811, -0.000663312, -0.000354223, 
187, 17432.8, 5.53651, -13.0808, -6.16092, -0.000421928, 0.000606856, 0.000105249, 
188, 38613.7, 14.3627, -4.21429, 14.9483, -0.000878805, 0.000677379, -0.000815099, 
189, 103423, 1.24321, -13.8588, -5.99626, -0.000246633, 0.000560987, 5.45557e-05, 
190, 29362.8, -8.31454, -13.2656, 18.6354, 0.000161568, 0.00026376, -0.00109856, 
191, 226096, -4.28644, -15.5689, -7.78929, -0.000310897, 0.000384345, 0.000106906, 
192, 449215, -4.15068, 13.0463, -13.1061, 0.000527005, -0.0010727, -2.90897e-06, 
193, 35466.9, -13.9483, -6.31182, -10.6195, 1.80266e-05, 0.000409974, 2.25792e-05, 
194, 130.538, 2.70002, 7.68676, -17.986, -0.00148435, 0.000376298, 0.00208201, 
195, 95093.9, -3.86447, -9.01752, -15.6595, -0.000159952, 0.000324377, 5.88153e-06, 
196, 99101.5, 14.0016, -3.12044, 12.7135, -0.00090796, 0.000554756, -0.000124141, 
197, 92771.6, -17.4463, 19.5408, -14.659, 0.000640962, -0.000725547, 0.000253389, 
198, 13109, 6.929, -16.1549, 0.107304, 0.000332591, -0.000726177, 0.000217416, 
199, 168093, 1.0543, -9.49282, -18.1486, -0.000229631, 0.000488354, 0.000760584, 
