ID, Mass [kg], pos_0 [m], pos_1 [m], pos_2 [m], vel_0 [m/s], vel_1 [m/s], vel_2 [m/s], 
0, 5682.38, -33.7432, -14.93, -8.21273, -0.00201284, -0.00322432, -0.00143085, 
1, 51291.5, -36.1894, -26.1537, 36.0242, -0.00418469, -0.00376499, 0.00504592, 
2, 73779.3, -5.62529, -2.59624, 2.90853, 0.00327333, 0.00262701, 0.00147354, 
3, 9731.99, -6.63125, 28.8549, 23.3409, -0.000572834, 0.00313853, 0.00051045, 
4, 104587, -0.0912572, 8.64706, 0.834445, 0.00269976, -0.00120901, 0.00220077, 
5, 42215, -0.0700849, -3.52385, 4.98861, -0.000701982, -0.00366445, 0.000277004, 
6, 57220.4, 29.1118, 22.8411, -31.4292, 0.00305476, 0.00423919, -0.00292088, 
7, 44855.5, 2.28519, -5.67061, 0.772124, -0.000118669, -0.00594243, 0.000887398, 
8, 276797, 3.4604, 6.48255, -3.76897, 0.000574596, -0.00298424, 0.00247971, 
9, 2643.18, -2.46389, 4.79108, -2.34335, -0.00247727, 0.00234307, 0.00481879, 
10, 33961.7, 7.73165, -15.4554, -5.43302, -0.00120943, 0.000961647, 0.00176914, 
11, 8691.35, -9.2001, 55.3248, -46.565, -0.000392977, 0.00606844, -0.00592284, 
12, 141682, -5.89086, 5.59657, 2.92053, -0.00293925, 0.00112162, 0.00354615, 
13, 288611, -14.8564, -13.704, 0.915738, 0.0019692, -0.000712479, 0.00205349, 
14, 512847, 1.95818, 1.84363, 1.65297, 0.00142656, -0.00244565, -0.00240146, 
15, 15651.7, 4.37945, 13.9437, -6.04738, 0.0020688, 0.0013043, -0.00109397, 
16, 182451, 23.1309, -17.8357, 46.4851, 0.0035101, -0.00165702, 0.00438851, 
17, 62197.8, -16.236, -8.9984, 1.52506, 0.000576563, 0.00110113, -0.00161474, 
18, 185440, -15.2982, -17.5229, 3.99473, 0.00165176, -0.00082107, -0.000485063, 
19, 36701.4, 30.5231, 45.8954, -43.2169, 0.00395152, 0.00552114, -0.00532799, 
20, 106936, -62.3659, -36.3962, 18.0645, -0.00763172, -0.00454494, 0.00218505, 
21, 161838, 1.37935, 5.39852, 1.55657, -0.000198671, -0.000760514, 0.0012763, 
22, 144875, 1.7977, 10.4886, 4.07735, 0.00135801, 0.00272175, 0.00235766, 
23, 100936, 3.14388, 22.2077, 9.1914, -0.000768457, -0.000298736, -0.00153104, 
24, 95186.1, 40.9678, 35.965, 34.3402, 0.00507084, 0.0035729, 0.00356514, 
25, 151808, 30.9187, -24.5656, 49.6127, 0.00441365, -0.00251726, 0.00582818, 
26, 118354, 0.306269, -0.345302, 8.45644, -0.00183636, 0.00404905, 0.00248238, 
27, 149234, -2.85994, -3.4031, 0.650862, -0.000291904, 0.00515821, 0.00423663, 
28, 9985.68, 11.0745, 7.83604, -1.66539, -0.00058714, 0.00189156, 7.50521e-06, 
29, 180895, -6.92539, -6.64685, -1.76304, -0.00296216, 0.000120274, -0.00332514, 
30, 486.041, 6.26115, 1.79328, 3.23145, -0.00527706, -0.00560101, 0.00386487, 
31, 70262.9, 0.116419, 9.58406, -1.82875, -0.00134167, -0.0030587, 0.0001327, 
32, 45902.1, -6.35661, 12.8223, -2.64382, -0.000155284, 0.00221771, 0.000429836, 
33, 24444.7, -6.86842, 9.48952, 0.689249, 0.000993728, 0.00257901, -0.00305946, 
34, 65679.9, 0.284695, -13.085, 1.99617, -0.000952623, -0.00211353, 0.00230715, 
35, 3309.29, -14.1223, -27.9661, -7.41997, 0.00111851, -0.00366166, -0.000254798, 
36, 8280.38, -42.4255, 42.8813, -18.8219, -0.00449137, 0.00497652, -0.00307435, 
37, 94538.9, 3.35809, -3.10322, -2.93765, -0.00116207, 0.000206699, 0.00480661, 
38, 30213.7, 59.9541, -14.572, -11.5398, 0.00820648, -0.000937296, -2.8393e-05, 
39, 53471.9, -3.64151, 7.68228, -5.39614, 0.00368302, 0.00177026, 0.00525954, 
40, 43100.3, -18.5835, 24.673, -24.779, -0.000984547, 0.00181314, -0.00233378, 
41, 44746.6, 14.84, 35.0829, 6.77437, 0.00124865, 0.00288903, -0.00115394, 
42, 34053.9, 0.901821, 22.4227, 39.5054, -0.000390905, 0.00278276, 0.00383194, 
43, 54380.2, 1.43659, -2.94115, 2.01827, -0.00396239, 0.000668402, -9.63937e-05, 
44, 38723.2, 22.2493, -5.59771, -30.6455, 0.00146213, -4.90153e-05, -0.00305928, 
45, 2321.23, -13.2123, -15.047, -0.276419, 0.00157633, -0.00217418, -0.000424292, 
46, 241169, 6.99661, -1.5914, 2.72338, -0.00624566, -0.0016696, 0.00201777, 
47, 344827, 0.723944, -2.65163, 1.52723, -0.0026864, 0.000510194, 0.000913783, 
48, 39271.1, -5.49575, 0.910208, 0.976356, -0.00253769, 0.00598202, 0.000618033, 
49, 19687.8, -50.7441, 45.4356, -20.4736, -0.00637882, 0.00599596, -0.00343891, 
50, 61216.8, 5.81316, -4.32407, 7.10469, -0.00432967, 0.00478026, 0.000144183, 
51, 19182.2, -37.7364, 53.0706, -33.6047, -0.00439031, 0.00679835, -0.00477086, 
52, 12420.5, 2.53976, 2.33693, 8.79667, 0.00634164, 0.000783136, 0.00136636, 
53, 85447.4, -63.1241, -6.08855, -27.6343, -0.00750452, -0.000770581, -0.00306407, 
54, 361436, 0.26521, 0.612655, -0.691772, 0.00184282, 0.00226494, 0.00642625, 
55, 158926, 19.5238, 9.74721, -28.3741, 0.00205584, 0.000880053, -0.00156385, 
56, 49282.6, -23.9767, 41.9652, -44.2857, -0.00182529, 0.00493365, -0.00603423, 
57, 218355, -1.76107, 1.59235, 2.0423, 0.00337574, 0.000180543, -0.00394321, 
58, 22371.5, 60.8898, -17.2081, -11.7793, 0.00850636, -0.0016967, -0.000886745, 
59, 55919.9, -15.7271, 29.3722, -38.9263, -0.000374751, 0.00216729, -0.00383329, 
60, 21598.8, 1.11835, -3.55602, -3.7602, -0.00212626, 0.00275162, 0.00372426, 
61, 398.952, -2.94792, 10.8895, -2.85869, 0.000978022, -0.000852864, -0.00017393, 
62, 1108.92, 4.15451, -6.46271, 43.3924, 0.000768924, -0.000378737, 0.00361945, 
63, 108555, 7.26401, -3.39719, 5.82193, 0.0044089, 0.00338955, 0.00229379, 
64, 244863, 11.8402, -5.11063, 23.8418, 1.00905e-05, -6.98943e-05, -0.000125434, 
65, 220694, -22.8544, 40.2593, -34.7654, -0.00167652, 0.00459438, -0.00414322, 
66, 61700, -5.02378, 55.4315, 25.8082, 6.07598e-05, 0.00616982, 0.00265956, 
67, 55388.9, -34.6787, 10.3253, 26.8666, -0.00415333, 0.00108016, 0.00325876, 
68, 211156, 1.28194, 1.35825, 0.83908, -0.00204339, 0.00137424, -0.00462506, 
69, 12720.6, -0.155051, -1.79465, 0.376494, 0.00197957, 0.0116338, -0.000240779, 
70, 25096, 3.74327, 13.7839, 8.33131, -0.00167637, 0.00395682, 0.00246083, 
71, 179870, -1.31059, -1.08164, 3.36935, -0.00841161, -0.00696512, -0.000638342, 
72, 79123.8, -52.0582, -14.651, -3.21278, -0.00458849, -0.00133528, -0.000521645, 
73, 110870, 0.448479, 7.31048, 0.661279, -0.00352558, -0.00135237, 0.00508732, 
74, 43359.1, 21.0487, 32.3774, 20.3662, 0.0012088, 0.0044113, 0.000623868, 
75, 140124, -0.00917401, 0.340639, 0.204315, 0.00282202, -0.00815704, 0.00542873, 
76, 229268, -15.5176, 25.0161, -28.8006, -0.000784176, 0.00165414, -0.00197248, 
77, 302149, 3.81471, -4.72504, -0.246877, -0.00166524, 0.00115464, 0.00372314, 
78, 100708, -12.3792, -13.4163, 0.519717, 0.00173122, -0.000170021, 0.000588664, 
79, 46633.4, -2.77232, -1.02093, 7.75229, 0.00475636, 0.00279771, 0.00141982, 
80, 143926, 7.48554, 7.58464, -2.45185, -0.00114987, 0.00511641, -0.000307247, 
81, 270.261, -45.3348, 7.86681, 19.6692, -0.00392039, 0.000536043, 0.00149212, 
82, 159650, 2.25555, 0.622061, 3.4654, 0.0074747, -0.00670801, -0.00276848, 
83, 24756, -4.09367, -3.59321, 2.04607, -0.00405755, 0.0058068, 0.00162566, 
84, 18375.3, -3.79288, 5.41559, 2.17962, 0.00268097, 0.00648694, -0.0015262, 
85, 491877, 48.9479, -15.9406, -18.1147, 0.00582943, -0.00134939, -0.00166459, 
86, 194807, 3.46734, 0.447395, 5.32825, 0.00286286, -0.00012336, -0.000630492, 
87, 8649.23, 12.5706, 12.4521, 3.90807, -0.00239187, 0.00109668, -0.00154564, 
88, 138901, -6.52041, -6.36541, 6.71834, -0.000650594, 0.00267723, -0.00431751, 
89, 50202.9, 3.40248, -4.09023, -1.41658, -0.00559643, 0.00388034, -0.000713101, 
90, 98321.9, 5.08725, 13.5978, -10.7908, 0.000568636, 0.00214521, -0.00180324, 
91, 384069, -0.559452, -1.3749, 2.93957, 0.000718554, -0.000809015, -0.00684684, 
92, 81279.9, -11.2245, -9.58267, -3.00792, 2.29365e-05, 0.00263504, -0.000403794, 
93, 91375.2, -0.996778, -1.85136, 2.48501, 0.000347984, -0.00179045, 5.21866e-05, 
94, 5476.7, -12.2117, -20.6922, 8.95069, 6.95585e-05, -0.000801332, 0.000269883, 
95, 33452.5, -6.69454, -8.77535, 0.225555, -0.00379746, -0.000390531, 0.000386172, 
96, 25752.1, -43.8901, -14.2424, -13.096, -0.00606454, -0.00239546, -0.00206387, 
97, 200797, 1.0341, 1.5075, -0.0197369, 0.00373509, 0.0042754, 0.000665529, 
98, 298981, -0.796312, -0.339998, 1.71777, -0.00542987, -0.00360216, 0.00619919, 
99, 93146, -6.39905, 7.96135, -0.762845, 0.00333857, 0.000839241, 0.000579356, 
100, 8612.85, -16.4879, 12.5558, -18.2199, 0.000382824, 0.000290353, -0.000264328, 
101, 24343.5, 1.7329, -4.52559, 1.54651, 0.00144664, -0.00650757, 0.00476675, 
102, 10296.7, -5.37852, 13.1241, -5.66759, 0.00141557, -0.00311877, 0.0029398, 
103, 15719.8, -7.68647, 0.424892, 17.0785, 0.0014575, 0.00173982, -0.00254874, 
104, 230040, 2.62579, -1.3622, 6.61039, -0.00174739, 0.00462161, -0.00274119, 
105, 17846.1, 11.8552, 8.92524, -3.95756, 0.000944272, 0.00520552, -0.00122204, 
106, 22216.6, -13.406, -5.72591, 3.43561, -0.00240896, -1.47789e-06, 0.00153458, 
107, 98486.7, 1.83352, 17.0373, 12.9274, 0.0005936, 0.000198919, -0.00272169, 
108, 214214, -51.7427, 0.0583357, -41.5356, -0.00651859, 8.00205e-05, -0.00536588, 
109, 131614, -1.35878, -2.72572, -0.322931, 0.00175252, -0.00382196, 0.00117939, 
110, 160023, 2.04965, 1.81409, 1.02028, -0.0038482, -0.00511482, -0.00159281, 
111, 115735, 2.49175, -0.7206, 3.08377, 0.00262455, -0.00794528, 0.000709022, 
112, 378585, 28.0062, 10.0657, -39.7632, 0.00285265, 0.00191779, -0.00411894, 
113, 83295.8, -27.9604, 8.89324, -2.36135, -0.000382663, 0.00114236, 0.000673249, 
114, 148827, 14.4995, 2.17013, 2.74463, 0.000947503, -0.00155181, 0.000431198, 
115, 285284, -2.90457, -31.9875, 49.4279, -4.58579e-05, -0.00409271, 0.0056515, 
116, 515864, 0.131999, -0.765915, 0.889671, 0.0014107, 0.000896032, 0.000248156, 
117, 88363.5, 4.48099, -13.0911, 19.2643, -0.00110087, -0.001104, -0.000762673, 
118, 155064, 21.1641, 15.2459, -0.785192, 0.00092145, 0.00213602, -0.00254617, 
119, 18098.3, -3.21399, 7.69826, 2.83135, 0.00435353, 0.000234715, 0.0027109, 
120, 34391.6, 52.1104, -22.9022, -9.94746, 0.00632376, -0.00198585, -8.95551e-05, 
121, 78154, 0.837323, 11.5216, -3.62069, -0.00273252, -0.00135144, -0.000873948, 
122, 10497, -0.272876, 3.77266, 1.62751, -0.00200796, 0.00213861, 0.00139758, 
123, 59058.1, -2.32432, 17.5337, 7.27908, 0.00124816, -0.00233741, 0.000626947, 
124, 5646.35, -4.03189, 5.44007, 0.3706, 0.00529301, 0.0042405, 0.00289417, 
125, 103346, 1.00539, 1.50943, 5.43196, 0.00812925, -0.0033248, 0.002181, 
126, 64702.5, -61.0775, 0.437967, 21.009, -0.00720035, 6.70528e-05, 0.00310646, 
127, 199056, 0.363559, 4.27924, -0.783688, 0.000856291, 0.0037361, -0.00323735, 
128, 192649, 1.31802, 5.94741, 2.90195, -0.000463438, -0.00344925, 0.0035712, 
129, 1707.71, -0.210331, -4.92346, 7.19872, 0.00106659, -0.00257091, -0.00443979, 
130, 19869.9, 1.18216, -3.79795, 0.889619, -0.00374698, -0.00254929, 0.00260853, 
131, 143979, -4.10807, 0.000544627, 7.11663, 0.000987486, -0.000859611, 0.000353377, 
132, 37850.6, -72.2788, 35.3263, -19.2396, -0.00964933, 0.00435367, -0.00228093, 
133, 50031.5, 1.0293, 1.97966, 3.28308, 0.0056062, -0.000536183, -0.000363971, 
134, 369068, -18.9265, 2.48316, -8.47424, 0.00196501, 0.000208046, 0.000612981, 
135, 3806.98, -2.44054, -14.7753, -0.778328, -0.000714041, 0.00282397, -0.00028997, 
136, 64591.7, 4.46892, -7.61781, 4.30557, -0.00402895, 0.00347307, 0.00443111, 
137, 1688.15, -2.48203, -20.9063, 9.66239, 0.00237909, -0.00138447, 0.000863798, 
138, 439943, -2.89283, 5.99497, -2.08204, -0.00196585, -0.00349227, -0.00155453, 
139, 72054.1, 0.463162, -4.73988, 2.59474, 0.00549447, -0.000297766, -0.0038172, 
140, 10511.3, -4.37379, -20.354, 26.952, -0.000233137, -0.00182403, 0.00110609, 
141, 28560.6, -0.907683, -10.7204, 1.44001, -0.00405025, -0.00269111, 0.00196909, 
142, 92270.6, 3.72434, -7.93069, 3.30685, -0.00242551, -0.00225572, 0.00170451, 
143, 57507.6, -48.7756, 15.673, 29.984, -0.00546768, 0.00184704, 0.00339366, 
144, 106955, -2.75873, -2.66223, 13.4498, 0.00265845, 0.000990876, -0.00385157, 
145, 53021.1, 1.41174, 0.582847, 4.99173, -3.87323e-05, 0.00724068, 0.00217013, 
146, 127593, -8.72564, -2.57092, 3.76601, 0.000816337, -0.00390992, 0.00300334, 
147, 31386.3, -1.5732, 0.832421, 1.87807, 0.00103659, 0.00279093, -0.0039708, 
148, 89613.6, -1.24495, 9.869, -19.0977, 0.00226861, -0.00232151, -0.000682985, 
149, 251415, 13.465, -2.43095, 18.0961, -0.000394042, 5.6653e-05, -0.0019357, 
150, 55890.6, 6.98561, -11.8547, 1.6267, 0.00404492, 0.00218188, 0.000769281, 
151, 174949, -3.36336, 7.27806, 3.66129, -0.00207541, -0.00194795, -0.00150413, 
152, 66072.8, 7.0059, -5.1553, 11.4591, -0.00283803, 0.00284602, -0.00158491, 
153, 19075.8, -5.11156, -6.20736, 17.3057, -0.00123661, -0.000211203, 0.00279073, 
154, 47261.5, 10.6708, 8.96907, -1.0283, 0.000954035, 0.00262731, -0.00281606, 
155, 102102, 3.60581, 1.0106, 3.07409, 0.00746072, 0.000941511, -0.00167168, 
156, 5375.03, -8.0621, -2.33688, 7.59684, 0.000757776, -0.00149723, 0.00334699, 
157, 3761.7, -4.66847, 1.37195, 7.89803, -0.00453096, 0.0055534, 0.00237168, 
158, 7652.65, -0.803361, -1.15943, -0.621936, -0.00331739, -0.00111135, -0.0101366, 
159, 47070.1, 2.12151, 1.30129, 0.719368, 0.00191377, 0.0061301, 0.00244442, 
160, 17972.9, -5.33289, -0.478584, 0.894585, -0.00152566, -0.00254638, 0.000237118, 
161, 218629, 2.71865, 7.54629, -0.189218, 0.00415823, 0.00727144, -0.000776722, 
162, 138887, -1.26035, 1.49621, 5.04811, -0.000642128, 0.00500685, -0.00456551, 
163, 33277.3, 10.263, -12.5655, 5.86857, -0.00199096, 0.000206057, 0.0032401, 
164, 167891, -3.70329, -1.74183, 2.84318, -0.00149685, -0.00222715, -0.00585502, 
165, 62570.5, -2.78732, -57.9463, -14.0705, 0.000223732, -0.00682518, -0.00172728, 
166, 38130.4, 12.6935, 50.0952, 27.1781, 0.00206793, 0.00520726, 0.00264452, 
167, 22403.8, 8.99692, -22.2287, 41.6795, 0.00135728, -0.00266634, 0.00351445, 
168, 1479.59, 28.9623, 17.63, -42.471, 0.00369595, 0.00253164, -0.00469922, 
169, 20399.9, 1.71649, -36.7664, 45.0651, 0.000124893, -0.00510169, 0.00460604, 
170, 115854, 0.138286, 3.63317, 1.72662, -0.000925449, -0.00107408, 0.00287797, 
171, 27762.9, 1.81342, 4.35899, 0.690255, -0.00124268, -0.00412262, -0.00208344, 
172, 250928, 4.63627, 2.29947, -6.76189, -0.00233728, -0.000744089, 0.00252307, 
173, 74469.2, -44.2918, 29.589, -13.0962, -0.00483388, 0.00470422, -0.0016329, 
174, 143481, -56.7693, 39.6119, -26.6787, -0.00698355, 0.00506529, -0.00368252, 
175, 27145.1, 4.55031, 1.24037, 3.86522, 0.0020918, -0.000516087, -0.00360404, 
176, 32620.6, 5.46937, -1.27079, 2.18091, -0.00557477, -0.00318931, -0.0044294, 
177, 52575.7, 0.126683, -35.6553, 62.1738, -4.52358e-05, -0.00472452, 0.00825532, 
178, 19746.4, 1.46807, 7.60948, 0.276798, 0.000623715, -0.000284414, -0.000825466, 
179, 33623.1, -19.5723, 6.01481, -0.870472, 0.00150004, 0.000671937, 0.00209399, 
180, 50349.8, -49.8387, -32.8689, -25.9701, -0.00572783, -0.00382993, -0.00290389, 
181, 89376.8, 5.22047, 0.92083, 4.1867, 0.00735655, -0.00682505, 0.000309489, 
182, 42160.2, 1.65432, -0.741929, 57.0793, 4.41006e-06, -5.4097e-05, 0.00685958, 
183, 100544, -24.5138, -16.6465, 1.3845, -0.00013006, -0.00125888, 0.00129293, 
184, 1446.88, -0.5947, 5.65566, -3.4875, -0.00242849, 0.000190893, 0.00419582, 
185, 119694, -2.72991, -7.76638, 6.10472, -0.00264905, 0.00052187, 0.000419364, 
186, 120999, 9.0935, -1.76043, 3.89925, -0.000409849, 0.00200328, -0.00184686, 
187, 52698.3, -10.8004, -1.87916, 3.24894, 5.40702e-05, 0.00109455, 0.0022632, 
188, 105467, 0.930737, -0.159278, 6.23574, -0.00756413, 0.0040726, 0.000714246, 
189, 99748.4, -6.90004, -36.3724, 19.6821, -0.000937294, -0.0032883, 0.00158492, 
190, 77133, 1.25967, 1.52169, -0.038593, 0.000658465, -0.000186465, -0.00750486, 
191, 178804, 4.18519, -3.55205, 5.64224, 0.000283133, 0.00569795, 0.00225861, 
192, 8685.6, -2.99915, 0.580929, -4.79132, -0.000262304, -0.00111492, 0.00210534, 
193, 256954, 16.8182, 6.95044, 26.433, 0.00265869, -0.00132886, 0.00214837, 
194, 53540.6, 2.0741, 1.97469, 3.90772, -0.00850581, 0.000818262, -0.00496015, 
195, 220652, 2.33269, -1.29042, -1.15222, 0.00759697, 0.000159485, -0.00101064, 
196, 10258.1, -8.634, 6.20687, -0.927236, -0.00338529, -0.000805884, 0.000622133, 
197, 6083.3, -20.7639, -10.6542, 20.0758, -0.00156165, 0.000327433, 0.000191501, 
198, 127562, 7.6282, 10.0456, -2.01424, -0.00227558, -0.00388972, 0.00177851, 
199, 34766.2, 1.86585, 0.692671, 0.37402, 0.00640164, -0.000461139, 0.0106722, 
