ID, Mass [kg], pos_0 [m], pos_1 [m], pos_2 [m], vel_0 [m/s], vel_1 [m/s], vel_2 [m/s], 
0, 109623, 33.1919, 85.7125, 33.9548, 2.37096e-06, -1.08452e-05, 6.54424e-06, 
1, 11754, -80.3584, -83.9458, -163.05, 1.29661e-05, 7.15387e-06, 1.79358e-05, 
2, 181331, 156.265, 73.3262, 116.764, -2.1898e-05, -3.47522e-06, -1.34722e-05, 
3, 82106, 136.503, 36.9185, -12.6001, -2.02676e-05, -3.20621e-06, 9.88042e-07, 
4, 51791.4, -197.404, 106.953, -32.144, 1.0149e-05, -2.48479e-05, -4.77894e-05, 
5, 29317.9, 66.1953, 51.1526, -92.8601, -1.06744e-05, -7.86241e-06, 7.18097e-06, 
6, 60314.3, 41.3976, -125.664, -175.262, -3.99511e-06, 8.84089e-06, 2.05399e-05, 
7, 23395.4, -81.8109, 198.77, -116.863, 4.93769e-06, -2.31355e-05, 4.58295e-06, 
8, 49579.7, -32.8877, 49.5331, 83.8994, 2.45954e-06, -1.01915e-05, -6.59845e-06, 
9, 205733, -13.7058, -25.1957, -168.022, 7.59187e-06, 2.61154e-06, 2.2544e-05, 
10, 313749, 107.201, -135.258, 137.198, -1.33491e-05, 1.25218e-05, -2.03877e-05, 
11, 66035.7, -1.20469, 31.8795, 1.24996, 5.14146e-06, -8.94591e-06, -7.11821e-07, 
12, 97560.2, -70.5743, 18.597, 117.722, 1.93553e-05, 9.89983e-06, -4.27109e-05, 
13, 440920, -69.0696, 42.8129, -133.028, 1.64106e-05, -3.43411e-06, 1.90278e-05, 
14, 12903.1, 93.2678, 91.9918, -165.477, -1.12158e-05, -9.78909e-06, 1.95258e-05, 
15, 33481.4, 35.4982, 26.9164, -40.4631, -6.4024e-06, -1.96291e-06, 1.80764e-06, 
16, 103492, -4.26873, 131.052, 26.5857, 5.9022e-06, -1.14427e-05, -8.06575e-06, 
17, 6887.22, -22.3784, 151.401, 91.6865, 3.27583e-07, -1.93414e-05, -9.16647e-06, 
18, 62117.2, 31.4994, -6.18623, 128.501, 2.06312e-06, 1.65329e-06, -2.47379e-05, 
19, 152356, 89.6159, -73.5397, -30.5728, -4.16214e-06, 3.6706e-06, -1.69845e-06, 
20, 27978.3, 35.3203, 61.4042, -107.617, -1.4634e-05, -5.3954e-06, 6.24937e-06, 
21, 160789, 196.722, -166.213, 141.339, -3.63769e-05, 1.54162e-06, -5.67428e-06, 
22, 28637.4, 10.2506, -130.83, 85.3916, 1.1712e-05, 2.37433e-05, -1.40001e-05, 
23, 195679, -123.673, 63.6278, 79.1123, 1.88398e-05, -5.40971e-06, -9.71275e-06, 
24, 5662.03, -10.194, -63.1344, -42.6594, 2.12268e-05, -1.4172e-05, -3.15081e-05, 
25, 18507.4, -36.6187, 102.361, 138.333, 9.73479e-07, -1.06002e-05, -1.31722e-05, 
26, 117169, 80.2665, -154.925, 153.778, -1.37006e-06, 1.53215e-05, -2.07655e-05, 
27, 89954.9, -2.7729, -79.8152, 67.6789, 7.98671e-06, 2.55949e-06, -7.06304e-06, 
28, 77937.8, -97.1509, 84.0274, -154.745, 1.02833e-05, -1.0444e-05, 1.91316e-05, 
29, 107706, -45.9076, -172.762, -37.1288, 7.40353e-06, 1.9854e-05, 5.82245e-06, 
30, 12324.6, 97.1082, -69.0667, 197.995, -6.75442e-06, 5.59656e-06, -2.55642e-05, 
31, 7327.19, 86.3363, -60.7911, 56.887, -1.20517e-05, 3.10452e-06, -7.608e-06, 
32, 12493.6, 161.828, 39.4281, -111.249, -2.53552e-05, -8.15462e-06, 1.55813e-05, 
33, 38804.7, 152.341, 58.7723, -73.8523, -2.82087e-05, -5.09029e-06, 6.34801e-06, 
34, 75486.7, -163.993, 4.37375, -97.778, 1.9e-05, -1.09868e-06, 4.40292e-06, 
35, 142305, -9.38241, -144.201, 75.3838, 1.72432e-05, 2.30248e-05, -6.51964e-06, 
36, 89784, 148.761, 22.1683, -146.236, -2.08337e-05, -7.27635e-06, 1.43904e-05, 
37, 57249.6, -7.56045, -41.5698, -112.76, 4.50326e-06, 4.71697e-06, 9.54854e-06, 
38, 268016, -157.675, 145.074, -180.21, 1.11634e-05, -1.17649e-05, 1.40393e-05, 
39, 204141, -44.6091, 17.5999, -139.964, 7.25926e-06, 4.50871e-06, 2.01828e-05, 
40, 5157.44, -98.5731, 111.473, 85.9601, 1.28409e-05, -1.22983e-05, -1.04166e-05, 
41, 418420, -82.6599, -95.6612, -46.2521, 6.64974e-06, 9.58552e-06, 1.55162e-06, 
42, 89220.4, 193.914, -102.998, -119.372, -2.31079e-05, 8.67365e-06, 7.33491e-06, 
43, 27136.1, 179.937, -103.689, 66.2822, -2.17674e-05, 1.10241e-05, -3.22847e-06, 
44, 232939, -24.2688, 47.2244, -118.461, 5.58664e-06, -4.61108e-06, 6.00405e-06, 
45, 3207.32, 110.952, -183.688, -13.4705, -1.12465e-05, 2.16758e-05, -2.73007e-06, 
46, 101362, -80.1355, -37.1429, -2.61845, 2.11302e-05, 3.24748e-06, -2.86371e-06, 
47, 4891.64, -36.1256, 136.57, 18.0789, 8.04392e-06, -1.22925e-05, -1.98936e-06, 
48, 158255, 20.8411, 92.5524, -111.513, -1.79084e-06, -2.83733e-05, 1.26774e-05, 
49, 93782.2, -169.654, 8.02863, -117.896, 1.75099e-05, -3.03607e-06, 1.17014e-05, 
50, 364400, 167.317, -181.591, -101.154, -1.98003e-05, 1.76508e-05, 3.22529e-06, 
51, 42238.7, -186.616, -117.701, -82.6998, 1.90906e-05, -1.8466e-06, 1.05814e-05, 
52, 297864, 40.0232, -163.645, -169.465, -9.97308e-06, 1.49365e-05, 2.00129e-05, 
53, 25361.1, -115.526, -166.963, 90.8365, 1.14009e-05, 1.68185e-05, -5.35051e-06, 
54, 200908, -196.358, 28.6649, -142.483, 2.15886e-05, -1.4212e-06, 1.06956e-05, 
55, 41927.7, 3.34096, -103.291, -17.9249, 4.25582e-06, 7.38149e-06, 5.89991e-06, 
56, 6369.52, 129.285, -172.143, 15.1016, -1.59817e-05, 1.95937e-05, -1.01362e-06, 
57, 116022, 43.4039, -31.8009, 144.897, -2.05042e-06, 2.15051e-06, -1.95641e-05, 
58, 55518.4, -10.5239, 172.042, -147.721, -1.1273e-06, -2.01604e-05, 1.53711e-05, 
59, 13187.6, 54.8191, 147.554, 41.0818, -3.77734e-06, -2.25789e-05, -6.15681e-06, 
60, 57096.1, -15.2522, -164.674, -129.213, 1.01408e-05, 2.22519e-05, 7.91504e-06, 
61, 18724, -121.96, -107.493, 118.658, 1.33723e-05, 8.96162e-06, -1.10274e-05, 
62, 92782, -23.9328, 129.805, 75.6297, 2.78242e-06, -1.37604e-05, -8.77766e-06, 
63, 275212, 86.0812, 97.5261, 51.6496, -1.2592e-05, -9.24712e-06, -3.32544e-06, 
64, 2674.42, -173.256, -13.9495, 169.468, 1.41909e-05, 2.12923e-06, -1.35994e-05, 
65, 189380, 6.41189, 0.53218, -196.9, 4.24113e-06, -3.49433e-07, 3.18825e-05, 
66, 58184.7, 8.68236, 57.0924, 132.558, 6.54758e-06, -1.90889e-05, -1.47136e-05, 
67, 32188.7, 196.026, -160.517, 192.529, -6.30246e-05, 5.53476e-05, -3.92634e-05, 
68, 19948.5, -45.0574, 64.1926, 159.133, 3.71282e-05, 3.5984e-06, -3.06475e-06, 
69, 75438.5, 132.258, 30.0186, 54.1772, -2.42834e-05, -7.33657e-06, -5.81061e-06, 
70, 10040.5, 24.5059, 162.46, -102.335, 2.20851e-06, -1.82401e-05, 8.17535e-06, 
71, 193215, 58.8551, -182.61, 150.637, -5.262e-06, 2.34145e-05, -1.68091e-05, 
72, 32876, -181.055, 47.1593, -154.659, 1.80647e-05, 1.45741e-06, 1.49289e-05, 
73, 43783.5, 117.673, -168.806, -146.67, -5.78905e-06, 1.88841e-05, 1.27503e-05, 
74, 182069, -22.8313, 129.423, -100.443, -2.68048e-05, 6.826e-06, -3.70579e-06, 
75, 27495.9, -193.169, 27.8081, -44.1429, 2.35714e-05, -2.42448e-06, 2.31712e-06, 
76, 108601, -87.5317, 120.22, -39.5197, 8.5085e-06, -1.11427e-05, -1.94857e-06, 
77, 153650, 33.6219, 7.75417, -175.515, -9.86766e-06, 3.17994e-06, 3.45359e-05, 
78, 14303.2, -179.05, -77.834, 109.409, 1.26969e-05, 2.27391e-06, -1.60168e-05, 
79, 86646.6, 137.122, 100.382, 16.714, -1.82926e-05, -5.4299e-06, -2.92983e-06, 
80, 41854.8, 174.921, 33.6906, -25.4419, -2.42796e-05, -6.74468e-06, -1.70685e-06, 
81, 142481, -10.4293, 84.2914, -143.548, 3.22135e-06, -1.24222e-05, 2.05605e-05, 
82, 31400.6, -72.9537, 76.8991, 148.574, 1.22105e-05, -5.73497e-07, -8.74336e-06, 
83, 167216, -139.952, 127.464, 67.9296, 1.23027e-05, -8.36648e-06, 3.52851e-08, 
84, 187783, 182.175, -64.969, -166.166, -1.8597e-05, 3.30645e-06, 1.59221e-05, 
85, 78812.1, -103.221, 93.5008, -109.338, 1.6463e-05, -1.64881e-05, 7.94966e-06, 
86, 186529, -112.658, 194.044, 77.4536, 9.30114e-06, -2.82472e-05, -9.09189e-06, 
87, 19695.4, 195.997, 60.4882, -68.2997, -2.71208e-05, -8.97369e-06, 8.39468e-06, 
88, 47407.3, -106.968, 76.3865, 145.053, 1.01762e-05, -1.97595e-06, -1.7052e-05, 
89, 14137, 156.746, 125.66, 106.537, -1.5578e-05, -7.99842e-06, -1.6699e-05, 
90, 77387.2, -191.235, -17.5783, 1.44655, 2.41282e-05, 5.88099e-07, -4.31807e-07, 
91, 116346, 86.71, -45.8507, 155.261, -6.83022e-06, 4.53897e-06, -1.99414e-05, 
92, 410907, -57.9354, -68.2781, -104.157, 1.10268e-05, 5.93713e-06, 9.57165e-06, 
93, 152117, 139.816, 0.0269285, 175.459, -1.72497e-05, -8.86337e-06, -1.68595e-05, 
94, 61888.2, -39.8432, -1.64191, 46.6029, 1.17652e-05, -1.80557e-06, -9.1972e-06, 
95, 151281, 57.1843, -85.4473, -70.1229, 7.11204e-05, 2.32995e-05, 2.0174e-05, 
96, 40494, 40.6112, 131.153, 13.761, -7.08434e-06, -1.61119e-05, -2.34292e-06, 
97, 342360, -6.65378, 173.966, 37.1405, 2.34026e-06, -2.2273e-05, -5.06441e-06, 
98, 150469, -148.933, 87.5808, -125.437, 1.74694e-05, -8.1232e-06, 1.26169e-05, 
99, 242335, 64.7781, -120.866, -192.873, -7.11145e-06, 8.87441e-06, 2.5027e-05, 
100, 262351, -35.7275, 69.2904, 162.811, -8.97829e-07, -1.8293e-05, -1.73316e-05, 
101, 93002.8, 149.231, -135.599, 84.3252, -2.4041e-05, 1.38839e-05, -2.6502e-06, 
102, 122856, -50.9321, 35.4862, 146.056, 5.40897e-06, 8.40684e-07, -2.0855e-05, 
103, 13532.4, 79.9473, -186.935, -77.4254, -7.32326e-06, 2.86643e-05, 4.65095e-06, 
104, 2333.16, -130.896, -156.334, 21.6157, 1.99404e-05, 1.10976e-05, -1.06293e-05, 
105, 45335.6, -163.907, 66.3287, 141.881, 2.07847e-05, 8.05732e-08, -1.32487e-05, 
106, 10590.2, -13.0872, -21.7956, 162.702, 5.47409e-06, -6.25534e-08, -2.26486e-05, 
107, 28462.2, 48.8782, -94.7251, -2.72436, 1.72297e-06, 1.07343e-05, 4.90266e-06, 
108, 99334.9, -48.7067, 146.088, -101.897, 1.12195e-05, -2.07789e-05, 9.19844e-06, 
109, 15584.3, 15.6818, 172.34, 81.0524, -1.36301e-06, -1.8387e-05, -1.01342e-05, 
110, 84257.5, 173.11, 143.743, 92.4814, -1.36173e-05, -1.59232e-05, 5.82736e-06, 
111, 62015.7, 55.7425, 112.134, 34.2131, -6.51403e-06, -1.48086e-05, 2.73331e-07, 
112, 44203.7, -84.3561, 119.831, 139.457, 7.35742e-06, -7.52515e-06, -1.82435e-05, 
113, 152990, 79.5901, -24.48, -77.8682, -1.0083e-05, 9.68811e-07, 5.64724e-06, 
114, 33256, 110.713, -177.887, 191.756, -5.84224e-07, 1.49278e-06, -1.76198e-05, 
115, 7843.39, -144.205, -164.275, 98.9109, 1.23323e-05, 1.62401e-05, -5.51843e-06, 
116, 149382, 140.74, 129.065, -76.887, -1.58563e-05, -1.17197e-05, 1.31397e-05, 
117, 143240, -129.115, 21.4513, -125.014, 1.63589e-05, -2.35499e-07, 1.40704e-05, 
118, 46810.1, 34.8971, -68.5182, -25.4979, 1.44257e-06, 5.31409e-06, 2.58525e-06, 
119, 146635, -184.704, -139.258, 165.876, 3.45986e-05, 2.47181e-05, 6.30724e-06, 
120, 76701.3, 73.7871, 173.858, 111.1, 9.13043e-06, -3.45812e-05, 2.61049e-05, 
121, 179425, 135.499, -49.6492, -41.2931, -2.24274e-05, 2.66811e-06, -3.11029e-07, 
122, 103748, 132.859, 71.3611, -85.2271, -3.59922e-05, -2.14767e-05, 3.86861e-05, 
123, 174357, -136.098, -68.4215, -90.7155, 1.79226e-05, 7.29628e-06, 4.42259e-06, 
124, 61269.4, -26.8462, -75.4747, 5.44393, 7.90649e-06, 9.25024e-06, -3.3878e-06, 
125, 313865, 7.41722, 17.4802, -77.1772, 4.20448e-06, -2.53682e-06, 4.77878e-06, 
126, 13270.2, -153.127, 56.9922, -51.8836, 2.01917e-05, 6.08621e-07, 4.96411e-06, 
127, 18342.6, 156.361, -164.753, -112.501, -1.39363e-05, 3.31857e-06, 8.43878e-06, 
128, 21446.3, 101.122, -156.772, -178.484, -1.10728e-05, 1.35591e-05, 2.02666e-05, 
129, 32233.5, 10.5259, 92.9551, -28.5492, 2.05208e-06, -1.2273e-05, -1.14962e-07, 
130, 292909, 4.05862, 121.377, -181.188, -8.88348e-05, -6.14735e-05, 6.32013e-05, 
131, 30876.1, 171.574, -36.723, -160.095, -1.89288e-05, -7.1832e-07, 1.74498e-05, 
132, 105714, -29.0341, 133.519, 173.908, 1.88553e-06, -1.57749e-05, -1.83146e-05, 
133, 216875, 104.329, -180.859, 135.397, -9.27171e-06, 3.03937e-05, -1.50244e-05, 
134, 417711, 127.871, -185.786, -53.9573, -8.21601e-06, 6.56817e-05, 2.09707e-05, 
135, 64573.8, -8.54087, -120.804, 85.5021, 1.94041e-05, 7.8515e-06, -8.13169e-06, 
136, 51216.8, 81.3261, -113.308, 99.2113, -1.04881e-05, -4.20534e-06, -1.6704e-05, 
137, 34305.5, -113.162, -128.168, -159.172, 7.72072e-06, 7.92066e-06, 1.6238e-05, 
138, 203758, -117.745, -155.597, -94.4103, 7.54646e-06, 1.34832e-05, 5.41575e-06, 
139, 69063.4, 10.6824, 48.1284, 134.269, 7.04087e-07, 6.09768e-06, -2.07078e-05, 
140, 5103.99, 193.51, 93.8519, -44.9734, -2.50374e-05, -8.15428e-06, 2.40286e-06, 
141, 22183.6, 79.6327, 73.0972, 159.098, -8.63301e-06, -2.42116e-05, -1.95689e-05, 
142, 36480.4, 13.2911, -163.103, 186.653, -1.38175e-06, 1.86829e-05, -2.42714e-05, 
143, 28382.9, -186.458, 181.202, 7.30102, 1.8765e-05, -1.83866e-05, -5.64514e-06, 
144, 152582, 3.48893, -147.629, 115.546, 7.17647e-06, 3.45135e-05, -1.1395e-05, 
145, 77463.5, -42.9593, -120.018, 126.117, 1.29815e-05, 1.1079e-05, -1.28812e-05, 
146, 21333.7, -72.2047, 31.0333, 11.8302, 1.39828e-05, -7.35929e-06, -1.64651e-06, 
147, 129961, -185.962, 16.4358, 146.581, 1.73346e-05, 2.39132e-06, -9.43833e-06, 
148, 109185, 149.137, -180.88, -113.251, -3.30737e-06, 1.96987e-05, 1.2937e-05, 
149, 150108, -191.29, 78.7532, 179.09, 1.52781e-05, -7.34534e-06, -1.98902e-05, 
150, 13901.7, 170.084, 58.7702, -61.9739, -2.33376e-05, -8.13164e-06, 5.11706e-06, 
151, 163305, 130.419, 113.774, 53.7372, -1.6277e-05, -1.01816e-05, -3.04566e-06, 
152, 397702, 182.932, 144.759, 108.487, -2.18028e-05, -1.37538e-05, -1.34533e-05, 
153, 76159.3, 168.417, 179.384, -1.25337, -1.70427e-05, -1.90586e-05, -9.49152e-07, 
154, 17736.8, -165.521, -13.852, -195.613, 1.93543e-05, -5.65228e-06, 1.75329e-05, 
155, 61927.3, -124.179, 86.482, 1.43481, 1.1667e-05, -3.39065e-06, -1.69173e-06, 
156, 188225, -192.267, -101.483, 189.968, 1.55255e-05, -1.92584e-06, -1.52057e-05, 
157, 110989, 17.8814, 191.214, 107.387, -2.51894e-07, -2.16977e-05, -1.01964e-05, 
158, 57155.4, -147.766, 85.7459, -107.522, 1.77015e-05, -5.57916e-06, 3.19099e-06, 
159, 82469.9, -9.36281, 85.9721, 4.36171, 6.98027e-06, -1.03207e-05, -1.68353e-06, 
160, 23045.7, 53.3259, -113.386, 77.1357, -8.42938e-08, -2.58323e-07, -8.50556e-06, 
161, 69662.9, 57.9999, 116.964, -59.5775, -1.06981e-05, -1.35652e-05, 2.24125e-06, 
162, 96842.9, -45.4144, -187.527, -113.284, 7.71864e-06, 2.31395e-05, 5.72326e-06, 
163, 340528, -180.881, -138.892, -169.898, 1.17017e-05, 1.51108e-05, 2.36141e-05, 
164, 130077, 74.447, 193.646, -80.0137, -1.03082e-05, -2.81304e-05, 4.74963e-06, 
165, 85822.3, 97.9781, -105.477, 134.41, -1.05087e-05, 2.49968e-06, -2.19818e-05, 
166, 58594.3, -128.092, -131.967, -18.3165, 1.51298e-05, 9.13842e-06, 7.31207e-07, 
167, 195490, -154.585, -43.6292, -135.639, 1.68701e-05, 2.79497e-06, 1.22973e-05, 
168, 36980.3, -149.244, 33.9584, 65.378, 1.9063e-05, 3.69468e-06, 9.46093e-07, 
169, 217723, 80.1376, 169.186, 118.489, -2.1624e-05, -1.03868e-05, -1.71785e-06, 
170, 138347, 140.344, 44.436, -42.0138, -1.89387e-05, -7.17811e-06, -5.18926e-07, 
171, 28244.7, 88.4043, 113.213, 20.9611, -9.02035e-06, -8.6173e-06, 2.90806e-06, 
172, 48018, 57.7492, -27.9195, -96.2132, -4.33599e-06, 3.90152e-06, 1.29617e-05, 
173, 11438.5, -174.838, -110.308, -33.4352, 1.58729e-05, 1.00925e-06, -4.9734e-06, 
174, 15431.9, -135.849, 183.071, -178.098, 5.89629e-06, -1.65473e-05, 1.38529e-05, 
175, 13385.8, 194.119, -199.468, -68.7687, -1.804e-05, 1.70141e-05, 8.20624e-08, 
176, 11898.4, 4.49676, 66.0182, 89.195, 6.78752e-06, -1.1662e-05, -1.14321e-05, 
177, 193023, 32.7112, -172.742, 142.37, 2.22789e-06, 2.09493e-05, -1.59708e-05, 
178, 153705, 128.797, -179.184, -50.9151, -3.23578e-05, -0.000100957, -5.56566e-05, 
179, 176940, 115.278, 9.79873, -156.259, -1.31643e-05, -5.66713e-06, 1.31426e-05, 
180, 82549.7, 78.3946, -143.007, -171.182, -1.09891e-05, 1.23219e-05, 1.7264e-05, 
181, 233590, 3.9989, -140.98, 176.659, 1.88846e-06, 1.21031e-05, -2.451e-05, 
182, 6868.38, 10.657, -17.782, -132.884, 2.23836e-06, 6.35169e-06, 1.20063e-05, 
183, 45678.4, -46.0357, -43.7279, 127.943, 8.93576e-06, 3.05131e-06, -1.71896e-05, 
184, 354843, -189.737, 165.968, 83.6602, 1.89755e-05, -1.2374e-05, -7.67756e-06, 
185, 96398.2, 86.7961, 2.17791, -118.566, -1.02733e-05, -5.81514e-06, 1.40723e-05, 
186, 131981, 144.038, 27.1483, -56.0996, -2.07573e-05, 5.09009e-07, 5.28879e-06, 
187, 197321, 8.83465, 197.573, 58.5874, -2.61028e-06, -2.65002e-05, -7.73499e-06, 
188, 1705.47, 183.858, 19.8432, 198.88, -1.78818e-05, -4.69647e-06, -1.72817e-05, 
189, 209.218, 0.812584, 197.92, -67.585, -2.9049e-07, -2.78916e-05, 2.81476e-06, 
190, 211667, 66.3589, -179.362, 70.974, -1.5079e-05, 3.35851e-05, -5.45948e-06, 
191, 93365.8, 76.7795, -86.8064, 5.35419, -1.54315e-05, 1.74242e-06, -7.94771e-06, 
192, 124346, 169.976, -29.1434, -74.5423, -2.03207e-05, 1.23822e-06, 7.63811e-06, 
193, 63936, -28.5243, 189.867, 77.4836, 2.90382e-06, -2.26632e-05, -9.30748e-06, 
194, 27105.3, 63.8022, -117.125, 172.069, -2.40164e-06, 8.62388e-06, -2.44767e-05, 
195, 247781, 56.0415, 185.664, -116.622, -5.70963e-06, -2.7694e-05, 1.84824e-05, 
196, 236607, 184.917, -172.666, 140.895, -1.75661e-06, 2.14936e-05, -5.23596e-06, 
197, 47655.4, -186.309, -154.205, 112.756, 1.72491e-05, 1.53453e-05, -3.0717e-06, 
198, 43221.3, -159.709, -16.6522, -43.6828, 2.27265e-05, -1.56773e-06, -8.73025e-06, 
199, 118227, -106.762, -142.497, 37.3522, 1.03054e-05, 1.30877e-05, -9.18719e-06, 
200, 197493, -74.9629, 75.4184, 95.0022, 3.78059e-06, -1.32389e-05, -8.54966e-06, 
201, 4441.8, -32.3157, 121.853, -108.061, 1.74981e-05, 6.01047e-07, 2.02655e-05, 
202, 282403, 44.8838, -163.276, -17.9735, -8.32871e-06, 2.18302e-05, 2.18767e-06, 
203, 6946.04, -102.462, 152.194, 196.604, 7.28285e-06, -1.08565e-05, -1.86039e-05, 
204, 101865, -128.093, 197.79, -58.585, 1.56197e-05, -2.58545e-05, 8.88646e-06, 
205, 38562.2, -35.3382, 11.0451, 80.1003, 3.2085e-06, 5.30828e-07, -5.5518e-06, 
206, 11966.5, -128.061, 20.0995, -43.882, 1.35628e-05, -1.04307e-07, -3.22055e-06, 
207, 110319, 177.334, -131.646, -24.0058, -2.15371e-05, 1.21467e-05, -2.29865e-07, 
208, 24749.5, 167.219, 131.37, -127.736, -1.71902e-05, -1.16645e-05, 1.1545e-05, 
209, 10845.2, 177.488, 135.96, 86.095, -2.87236e-05, -5.79784e-07, 9.96887e-06, 
210, 201011, 178.617, -64.5702, 152.632, -2.09251e-05, 3.75072e-07, -9.66745e-06, 
211, 35776.4, -121.599, -61.9584, -181.139, 1.00735e-05, 1.73219e-05, 1.36439e-05, 
212, 81218.8, -86.2326, 95.8291, -80.8904, 1.01085e-05, -8.83789e-06, 5.10221e-06, 
213, 90589.9, -83.3755, 55.2939, 101.756, 1.03165e-05, -6.90004e-06, -1.31279e-05, 
214, 27394.6, -82.8848, 42.5614, 172.023, 4.68329e-06, -6.10287e-06, -1.8714e-05, 
215, 92023.9, -113.017, 153.58, -47.6945, 5.95435e-06, -1.09399e-05, -7.24793e-06, 
216, 32852.8, -130.932, 172.234, -104.794, 1.05203e-05, -2.33833e-05, 5.80406e-06, 
217, 25367.5, -126.642, 122.342, -43.1959, 1.34906e-05, -8.99098e-06, -1.91053e-06, 
218, 20480.3, 45.1627, -77.2804, -43.7951, -3.20368e-07, 7.859e-06, 2.65369e-06, 
219, 37659.4, 95.1977, 61.8925, 181.326, -8.36558e-06, -1.7812e-05, -2.58859e-05, 
220, 14327.5, 161.513, 26.6368, -8.69102, -2.47593e-05, -1.62207e-06, -3.05149e-06, 
221, 74839.7, 96.6344, -130.117, 67.2527, -5.74837e-05, 1.55136e-05, -1.97899e-07, 
222, 24267.3, 98.0071, 190.103, -51.318, -1.13927e-05, -2.80303e-05, 4.5355e-06, 
223, 771943, -3.80916, -140.112, 5.90831, 6.06838e-06, 6.11585e-06, -4.85518e-06, 
224, 246798, -1.08127, 118.659, -178.901, 0.000106337, 4.19485e-05, -2.35973e-05, 
225, 9457.74, -130.116, -157.918, -130.643, 1.49403e-06, 6.44793e-06, 1.67376e-05, 
226, 120301, -67.108, 118.52, -68.4023, 8.90225e-06, -1.30431e-05, 3.42669e-06, 
227, 160315, -113.551, 171.547, 43.2702, 9.96972e-07, -9.70851e-06, 7.85978e-06, 
228, 32266.2, 124.283, 39.8324, 93.3994, -1.4288e-05, -8.08429e-06, -1.60316e-05, 
229, 71719.9, -59.1218, 46.8134, -121.552, -4.73177e-06, -1.3299e-05, -1.27318e-05, 
230, 57463.5, 35.0164, 52.393, -23.7643, -8.93619e-06, -8.13179e-06, -4.37343e-06, 
231, 238713, -35.7827, 52.7363, 170.809, 1.98293e-06, 8.0979e-06, -3.04551e-05, 
232, 192767, -45.1835, 111.393, -138.492, 7.7291e-06, -1.46843e-05, 1.51181e-05, 
233, 40597.5, 32.6659, 40.2202, 130.991, -2.25033e-06, -3.75691e-06, -2.01848e-05, 
234, 313978, -156.113, -41.6797, 49.8859, 1.79996e-05, 2.61355e-06, -5.33576e-06, 
235, 237318, 62.9274, 171.18, -97.6292, -9.47905e-06, -1.68208e-05, 5.43121e-06, 
236, 129836, -138.063, -113.595, 61.4581, 1.16116e-05, 1.11685e-05, -4.58285e-06, 
237, 28728.8, -196.216, 90.2953, -75.203, 2.34347e-05, -5.85675e-06, 1.06158e-05, 
238, 176349, 137.719, 128.552, 20.5252, -1.74752e-05, -1.79016e-05, -2.73093e-06, 
239, 315902, 76.8658, 54.037, 159.586, -3.75771e-06, -7.71591e-06, -1.78398e-05, 
240, 104427, -195.475, 74.2662, -53.3686, 2.32241e-05, 7.98819e-07, 4.25951e-06, 
241, 149492, -160.414, 49.0873, 10.132, 1.83436e-05, -4.93543e-06, 9.00643e-07, 
242, 145615, 112.242, -122.334, 105.676, -4.7096e-05, 1.26101e-05, 2.22131e-06, 
243, 232356, 37.6251, 0.27092, -88.3885, -4.73106e-06, -9.59418e-07, 9.33038e-06, 
244, 485.703, 6.84971, 92.8554, 30.9723, 8.52066e-06, -1.13103e-05, -3.20348e-06, 
245, 95963.4, -133.722, 168.926, -21.2198, 1.43907e-05, -1.32132e-05, -4.65433e-06, 
246, 71851.1, -192.537, 40.9895, -189.6, 1.70906e-05, -1.50612e-06, 1.6545e-05, 
247, 65097, 62.9915, 7.16814, 42.5002, -1.57263e-05, 2.06321e-05, -5.84988e-06, 
248, 65285.7, 122.023, 181.815, 34.0788, -1.61664e-05, -2.22722e-05, -4.42997e-06, 
249, 30362.5, -179.134, 129.691, -191.327, 1.8698e-05, 2.83071e-07, 1.38268e-05, 
250, 45776.3, -57.9891, 127.109, -195.889, -3.45352e-06, -1.78683e-05, 6.83914e-05, 
251, 396.528, -184.542, -26.4074, -52.5506, 2.525e-05, 1.35575e-06, 7.61102e-07, 
252, 85129.8, -121.97, 13.3588, 187.461, 1.10097e-05, -6.31572e-07, -2.07228e-05, 
253, 242932, -153.365, -22.7654, -69.6928, 1.78522e-05, 3.77716e-06, 6.52154e-06, 
254, 214691, 186.582, 186.774, 80.5761, -1.543e-05, -1.81473e-05, -3.52148e-06, 
255, 98301.9, 134.092, -48.7359, 2.07015, -2.06864e-05, 3.67007e-06, -3.64165e-06, 
256, 15822.1, 192.035, 38.6813, -10.6057, -2.68493e-05, -5.52492e-06, -3.0686e-06, 
257, 40108.6, 13.5458, 103.985, 60.6755, 9.96165e-06, -1.51522e-05, -1.08192e-05, 
258, 62481.3, -122.485, 25.6766, -104.748, 1.3748e-05, -1.97551e-06, 6.3703e-06, 
259, 90040.5, 24.2682, 24.7636, -193.367, 2.18443e-06, -7.94113e-06, 3.24477e-05, 
260, 83249.1, 36.5795, 116.856, 55.9305, 2.34876e-06, -2.18821e-05, -8.23208e-06, 
261, 8872.54, -6.34094, -28.2133, -121.059, 4.00708e-06, 6.1332e-07, 1.25413e-05, 
262, 222931, 69.2375, -12.6914, -26.2568, -7.67795e-06, -5.73322e-07, 4.58117e-07, 
263, 200584, 92.7316, 134.466, 24.5003, -9.9004e-06, -1.94601e-05, -1.94393e-06, 
264, 24945.4, -93.0957, 170.512, -114.596, 5.66106e-06, -1.82184e-05, 9.02496e-06, 
265, 151700, -23.753, -19.8108, -47.3987, 5.16876e-06, 1.84584e-06, 9.51432e-06, 
266, 7993.93, -29.02, 20.4694, -142.862, -5.32655e-06, 3.28946e-07, 2.26957e-05, 
267, 313514, 35.3105, 17.2337, -144.025, 2.99796e-07, -1.41511e-05, -2.19973e-05, 
268, 98849.4, 92.7562, -142.303, -88.6854, -1.30574e-05, 1.46694e-05, 1.04743e-05, 
269, 2040.06, 142.445, 100.439, 96.3255, -1.22808e-05, -9.38734e-06, -1.10886e-05, 
270, 155515, -111.65, 133.317, -80.3362, 8.74717e-06, -8.04981e-06, 9.53867e-06, 
271, 41846.4, 137.228, 76.4197, -168.929, -1.20196e-05, -6.03693e-06, 1.27991e-05, 
272, 74903.1, 78.0954, 113.17, 65.1984, -9.4418e-06, -2.07012e-05, -9.39899e-06, 
273, 19299, -178.05, 164.27, -97.3796, 1.89849e-05, -1.53289e-05, 7.4953e-06, 
274, 305737, 52.1728, 38.4295, -197.204, -7.61122e-06, -7.88376e-06, 2.83296e-05, 
275, 4152.18, -184.57, 84.0265, 52.3844, 2.26092e-05, -7.49866e-06, -3.60562e-06, 
276, 360170, 36.334, 97.1035, -135.071, -8.25397e-06, -7.35598e-06, 1.91794e-05, 
277, 36187, 167.669, -182.846, 27.7429, -1.7802e-05, 1.79161e-05, -2.12412e-06, 
278, 21702, 73.9805, 16.8928, -135.501, -1.32931e-05, -2.56789e-06, 1.40107e-05, 
279, 46613.4, 86.0762, 131.023, 161.013, -6.48153e-06, -1.24767e-05, -2.13007e-05, 
280, 44509.3, -194.876, -154.687, 140.746, 1.83975e-05, 1.3492e-05, -3.69513e-06, 
281, 113079, 37.7745, 15.4644, -150.709, -4.91195e-05, 1.87189e-05, 0.000104631, 
282, 331326, -199.931, 103.613, -41.8643, 2.49321e-05, -6.45728e-06, 7.79993e-06, 
283, 173725, 193.852, -10.1379, 99.3643, -2.37999e-05, 4.49539e-07, -8.76958e-06, 
284, 174627, 126.215, 145.896, 100.289, -8.56754e-06, -2.06325e-05, -1.34542e-05, 
285, 151244, 129.669, 51.8527, 13.1391, -2.08246e-05, -1.04731e-05, -4.56283e-07, 
286, 45936.4, 71.7277, -128.36, -40.0345, -8.6125e-06, 1.51607e-05, 2.40624e-06, 
287, 165785, -100.348, -155.721, 2.00066, -3.50958e-06, 1.62527e-05, -2.7279e-06, 
288, 178506, 47.6309, -169.542, -95.3911, 6.55521e-07, 2.257e-05, 1.08011e-05, 
289, 89652.8, -5.12526, -62.3398, -175.45, 2.7615e-06, 5.19322e-06, 2.46678e-05, 
290, 96168.5, 139.272, 63.6138, 110.16, -9.69166e-06, -6.60392e-07, -1.00599e-05, 
291, 146664, -60.996, 197.278, -148.815, 5.32374e-06, -2.07267e-05, 1.33574e-05, 
292, 119886, 101.696, 132.59, -153.522, -1.0931e-05, -1.43856e-05, 1.51667e-05, 
293, 202643, 15.4366, 20.659, 187.98, 2.52067e-06, -2.54527e-06, -2.53237e-05, 
294, 46475.7, -158.959, 115.34, 125.848, 2.64689e-05, -1.23164e-05, -1.67293e-05, 
295, 28487, -86.6073, -87.6338, 13.9282, 1.40434e-05, 1.08113e-05, -5.68209e-06, 
296, 315174, 76.3194, -69.5652, -174.424, -8.78691e-06, 5.96242e-06, 2.16668e-05, 
297, 259700, -76.8792, 176.423, 61.7145, 2.70793e-08, -2.1877e-05, -3.38544e-06, 
298, 4383.85, 130.653, 74.0857, -167.896, 2.46587e-06, -2.13965e-06, 1.27751e-05, 
299, 87965.1, 26.4801, -89.9738, 121.615, -5.5006e-06, 1.17486e-06, -1.55697e-05, 
300, 164214, 130.607, -8.34407, 156.506, -1.28862e-05, 1.08805e-06, -7.49787e-06, 
301, 52979.9, 136.615, 137.081, 72.1927, 1.94248e-06, -2.22224e-05, 7.51544e-06, 
302, 92427.9, 191.788, -167.706, -78.5905, -2.24206e-05, 1.13241e-05, 2.08216e-08, 
303, 5352.37, -111.196, -142.024, 133.596, 2.07767e-05, 1.11568e-05, -2.72361e-06, 
304, 86445.1, 199.844, -94.9903, -23.6665, -2.43729e-05, 7.64493e-06, -3.05637e-07, 
305, 54286.4, 104.305, -166.588, 78.8869, -1.59833e-05, 2.71184e-05, -6.64301e-06, 
306, 14300.4, 155.22, -163.05, -124.025, -1.60981e-05, 1.06789e-05, 1.24352e-05, 
307, 50887.4, 138.042, 1.03873, 30.1859, -2.46428e-05, 4.45806e-06, -2.0588e-06, 
308, 38133.4, 101.069, -114.824, -188.359, -1.23837e-05, 8.97473e-06, 2.1974e-05, 
309, 1575.41, -14.4837, 135.107, 120.546, -2.47285e-06, -1.45369e-05, -1.37225e-05, 
310, 212635, 79.7237, -102.939, -7.39149, -1.52334e-05, 1.54676e-05, 2.83357e-06, 
311, 81899.1, 149.444, 147.547, -197.525, -9.46816e-06, -9.78702e-06, 1.79806e-05, 
312, 10060.6, 102.016, -32.7917, 65.4782, -8.27534e-06, 1.09815e-05, -1.14897e-05, 
313, 10426.9, -77.1676, -134.313, -32.1749, 9.49676e-06, 1.57349e-05, 2.71171e-06, 
314, 260396, 57.0865, 119.731, 81.9708, -3.70351e-09, -2.07228e-05, -1.05606e-05, 
315, 30946.3, -80.0593, 21.5367, -122.733, 1.78829e-05, 6.46231e-06, 8.88951e-06, 
316, 35747.4, 168.264, -107.225, 17.6406, -2.22665e-05, 1.05467e-05, -2.25512e-06, 
317, 33092, -96.5386, 76.1975, -112.884, 6.93662e-05, 2.2802e-06, -2.19291e-05, 
318, 240724, 16.5818, 49.8065, -124.55, -3.13984e-06, -5.09827e-06, 1.54005e-05, 
319, 246985, 134.016, -13.0566, -134.876, -1.81249e-05, 3.69777e-07, 1.41016e-05, 
320, 84677.5, -66.8397, -127.859, -88.8167, 9.33856e-06, 1.42718e-05, 7.88334e-06, 
321, 229396, -102.262, -192.658, 139.053, 1.01603e-05, 1.97132e-05, -8.00292e-06, 
322, 228651, 176.29, 74.9596, 84.7408, -2.42658e-05, -5.50253e-06, -4.12017e-06, 
323, 63463.2, 54.6263, -113.112, 8.03518, -7.05625e-06, 1.14209e-05, 1.34784e-05, 
324, 40876.7, -117.93, 11.2764, 102.286, 3.25498e-05, 1.35766e-05, -2.58798e-05, 
325, 9054.14, -7.78664, 35.8353, -119.888, -5.44981e-07, 4.79186e-06, 1.11495e-05, 
326, 193030, 118.402, 2.95463, -83.76, -1.76078e-05, -4.62717e-06, 6.91007e-06, 
327, 296958, -121.069, -43.6107, -188.904, 9.22653e-06, 2.72635e-06, 1.99e-05, 
328, 2174.88, -6.55852, -42.13, -194.529, 6.64123e-06, 1.09903e-05, 3.08268e-05, 
329, 75602.9, 120.092, -193.303, 11.3564, -1.31728e-05, 2.2658e-05, -1.80363e-06, 
330, 14909.2, 53.1479, -120.607, -10.6957, -4.73424e-06, 1.67985e-05, 9.03389e-06, 
331, 63487.7, 25.5164, -112.626, 104.573, -8.39541e-05, -6.45454e-05, -4.03949e-05, 
332, 145612, -127.691, -145.592, 169.324, 9.48844e-06, 9.02247e-06, -1.42696e-05, 
333, 169043, 194.543, -61.1692, -124.833, -2.5834e-05, 2.38263e-06, 1.06787e-05, 
334, 60182.6, -129.781, 100.119, -0.745093, 1.56777e-05, -1.33781e-05, -1.27643e-06, 
335, 37216, 7.96767, 47.4762, 46.7594, 1.01503e-05, -9.02073e-06, -5.27454e-06, 
336, 38278.1, -84.8972, -86.2575, 86.2495, 9.55705e-06, 9.35253e-06, -6.26286e-06, 
337, 48407.2, -82.7628, -187.058, -190.263, 8.37726e-06, 1.18825e-05, 2.58742e-05, 
338, 48078.9, -49.9331, -92.0462, -197.833, 7.35478e-06, 1.01871e-05, 2.49406e-05, 
339, 57706.6, 157.68, 130.621, -70.1732, -2.93594e-05, -9.75791e-06, 8.42698e-06, 
340, 23026.3, 63.2143, 31.7311, 57.1214, -2.91891e-05, -6.74968e-06, -3.74225e-05, 
341, 72639.7, 155.618, -135.642, -120.004, -1.86413e-05, 9.68186e-06, 5.80443e-06, 
342, 56156, -61.3802, -178.893, 130.706, 7.00073e-06, 9.08904e-06, -2.6168e-07, 
343, 155978, 47.4347, -61.7406, -98.8547, -2.96968e-06, 6.00059e-06, 1.20713e-05, 
344, 13251.2, -4.69685, 48.214, -73.4068, 8.53058e-06, -8.3128e-06, 2.34289e-06, 
345, 264253, -79.4052, -13.3362, -196.02, 7.93137e-06, 1.30833e-07, 2.28087e-05, 
346, 21755, -30.7579, 153.579, -182.096, 1.56276e-06, -1.91388e-05, 1.583e-05, 
347, 90764.5, -80.3295, 86.2191, -55.6434, 8.46379e-06, -5.92088e-06, -4.40021e-07, 
348, 74264.3, 198.627, 166.035, -117.121, -1.77345e-05, -1.21243e-05, 7.78819e-06, 
349, 102460, -60.7044, -17.9622, 86.1482, 8.98177e-06, 7.47381e-06, -8.19813e-06, 
350, 60261.6, 0.541809, 52.6321, -36.8617, 1.78263e-05, -8.81477e-06, -3.54046e-06, 
351, 47450.9, 54.9702, -172.73, 71.549, -1.61525e-06, 3.44184e-05, -2.08218e-05, 
352, 21819, 183.146, -99.8731, -38.8006, -2.16869e-05, 9.03668e-06, 2.71681e-06, 
353, 12264.1, -44.8641, 37.7978, -116.58, 7.20729e-06, 1.3857e-06, -5.12448e-07, 
354, 173334, -16.3763, 175.258, -71.233, 2.52467e-06, -2.23276e-05, 2.91693e-06, 
355, 26411.5, 68.0226, 186.962, 169.179, -5.3077e-06, -1.67775e-05, -2.5621e-05, 
356, 202549, 68.5876, 40.5764, -147.722, -1.36151e-05, -9.70207e-06, 1.76621e-05, 
357, 47935.9, -89.543, 177.357, -83.4199, 3.38303e-06, -2.18455e-05, 8.41449e-06, 
358, 23393.2, -44.4383, 40.8627, -134, 2.18453e-06, -3.97211e-06, 1.97746e-05, 
359, 73989.2, 113.883, -3.98496, 129.547, -1.53389e-05, -2.58378e-06, -8.99006e-06, 
360, 89323.1, -23.323, -180.005, -148.351, 7.99559e-06, 2.56788e-05, 1.34532e-05, 
361, 9635.96, -121.44, -170.814, 14.8284, 2.36881e-05, 1.83862e-06, -7.13281e-05, 
362, 8105.03, 91.7843, 26.7576, -92.556, -1.08644e-05, -7.85144e-06, 8.90549e-06, 
363, 21394.1, 64.6414, -113.119, 83.8533, 7.54433e-06, -2.40574e-05, -1.33007e-05, 
364, 98011.6, -92.7156, -103.951, 108.261, 1.08642e-05, 9.49942e-06, -9.3597e-06, 
365, 4013.99, -167.929, 31.3383, 98.337, 2.4273e-05, 1.71822e-06, -1.20968e-05, 
366, 45432.3, -65.1, -70.1558, 3.12252, 8.85948e-06, 1.06076e-05, -4.28327e-06, 
367, 113760, 31.7901, 192.539, -92.7748, 2.55064e-07, -2.82904e-05, 2.52632e-06, 
368, 121607, -183.381, -57.1883, 32.2593, 2.38811e-05, 4.31207e-06, -4.19885e-08, 
369, 85848.4, 183.887, -56.4225, -33.1377, -2.53831e-05, 4.38933e-06, 1.88696e-07, 
370, 22652.5, 17.8422, -116.698, -78.6908, 8.74369e-07, 1.44971e-05, 5.60922e-06, 
371, 33829.6, -95.5846, 42.7673, 119.135, 1.57338e-05, -3.62018e-06, -2.12249e-05, 
372, 84427.9, -7.45441, -41.4634, 60.318, 5.97041e-06, 8.04179e-06, -8.85764e-06, 
373, 173564, 164.274, -37.6431, -121.511, -2.08161e-05, 2.77132e-06, 1.14386e-05, 
374, 157432, 145.864, 93.0768, 126.621, -1.31699e-05, -1.19391e-05, -1.75145e-05, 
375, 51853.5, 56.1371, 80.2675, 149.096, -5.83818e-06, -1.25354e-05, -2.04415e-05, 
376, 84930.8, 119.439, -97.3376, -94.8538, -1.98882e-05, 1.07113e-05, 1.14102e-05, 
377, 167124, 149.549, 163.118, -174.126, -9.72393e-06, -1.41783e-05, 1.17538e-05, 
378, 181302, -189.624, -8.53772, -116.479, 2.37923e-05, 2.56372e-06, 8.34984e-06, 
379, 3797.2, 66.4032, 128.834, -115.833, -1.46053e-05, -1.50656e-05, 1.05174e-05, 
380, 19965.1, 95.469, 140.529, 196.423, -5.98955e-06, -1.18298e-05, -1.97009e-05, 
381, 88752.7, -83.3764, 18.8628, 106.307, 2.91386e-05, 6.50802e-06, -1.46541e-05, 
382, 432671, -4.77093, -126.01, 128.819, 1.05204e-05, 1.08513e-05, -2.06296e-05, 
383, 92823.3, -27.7355, 133.096, -102.331, 6.10112e-05, -5.88633e-05, 3.07219e-05, 
384, 296296, -91.0247, -142.819, 143.792, 1.15759e-05, 1.12687e-05, -5.26566e-06, 
385, 9902.17, 32.6712, -8.05344, -49.83, 6.00385e-06, -3.48549e-06, -1.13741e-06, 
386, 20574, 121.898, 123.907, -116.698, -1.1665e-05, -1.36596e-05, 1.46066e-05, 
387, 10469.5, 172.809, -33.2795, -70.8272, -4.83677e-05, 4.1351e-05, -2.81254e-05, 
388, 31898.5, 158.706, -140.403, 14.6764, -2.502e-05, 1.17702e-05, -1.0472e-06, 
389, 15479.6, 39.2871, -166.14, -143.196, -8.47647e-06, 1.92426e-05, 4.89403e-06, 
390, 70945.5, -165.066, -36.0999, 8.54474, 1.93883e-05, 3.92589e-06, 1.3007e-06, 
391, 232052, 111.602, -72.2774, 128.554, -1.35711e-05, 2.00234e-06, -1.33679e-05, 
392, 21818.5, -187.608, -0.0437887, 54.0938, 2.41152e-05, -7.48837e-07, -4.23965e-06, 
393, 29165.6, -89.6309, -129.431, -123.81, 9.48903e-06, 1.04927e-05, 1.15406e-05, 
394, 220711, -77.1933, 140.55, 120.817, 4.29368e-06, -1.48145e-05, -1.3245e-05, 
395, 108824, 43.7096, -130.851, 49.2333, 1.01543e-05, 3.24191e-05, -2.69328e-05, 
396, 55407.5, -43.8109, 102.12, -199.668, 4.52066e-06, -5.0771e-06, 2.54041e-05, 
397, 13557.4, -77.8793, 157.223, 179.145, 5.89905e-06, -1.39259e-05, -1.97153e-05, 
398, 23119.2, 180.273, -69.544, -13.5611, -2.3734e-05, 6.42669e-06, -2.7093e-06, 
399, 72378, -175.884, -139.451, 123.144, 1.39321e-05, 1.09751e-05, -6.98001e-06, 
400, 20631.4, 26.0686, 108.607, -0.0479636, -2.386e-06, -9.33291e-06, 9.90225e-07, 
401, 279098, 192.944, 104.511, 161.706, -1.87555e-05, -7.4141e-06, -1.22879e-05, 
402, 404707, -86.4563, 92.4174, 43.707, 8.23902e-06, -9.26118e-06, -3.88478e-07, 
403, 40082.5, 77.476, 60.0047, 87.8464, -1.2682e-05, -6.83111e-06, -1.37544e-05, 
404, 84698.7, 36.5672, 68.0557, 49.6207, 1.96169e-06, -9.10663e-06, -7.41919e-06, 
405, 211367, 186.058, -33.025, 57.0703, -2.40005e-05, 1.81855e-06, -2.17189e-06, 
406, 192170, -52.2464, 6.82238, -0.199438, 1.70458e-05, -1.05977e-05, -7.97339e-07, 
407, 258865, 163.831, 173.018, -94.4777, -1.58288e-05, -1.82724e-05, 8.34379e-06, 
408, 43868.3, 107.735, -113.589, -30.9407, -1.86653e-05, 1.68636e-05, 7.81628e-07, 
409, 13264.7, 142.685, 121.979, -122.973, -1.55383e-05, -1.25492e-05, 1.53509e-05, 
410, 735.414, -164.751, -196.905, 81.4025, 1.17508e-05, 1.60709e-05, -4.79749e-06, 
411, 233418, -171.481, 38.2853, 34.7065, 2.25829e-05, -1.63591e-06, -4.006e-06, 
412, 1566.07, -67.5599, -110.293, 194.523, 6.01267e-06, 5.02262e-06, -2.21025e-05, 
413, 22129.1, -73.7276, 133.346, 22.8264, 7.81623e-06, -1.18532e-05, 6.48272e-07, 
414, 82444.4, -25.7194, 49.5266, -139.207, 3.77035e-06, -5.36741e-06, 2.81809e-05, 
415, 141128, -80.4928, 2.03396, -106.902, 1.29636e-05, 3.53478e-06, 6.33544e-06, 
416, 161128, 105.129, -169.735, 121.922, -1.26226e-05, 1.78214e-05, -4.31644e-07, 
417, 50305.6, 44.1199, -186.372, -38.3626, -6.07592e-06, 2.97709e-05, 6.58994e-06, 
418, 37044.1, -64.6533, 125.879, 53.2637, 3.58898e-06, -1.32261e-05, -4.71379e-06, 
419, 39387, -105.983, -157.816, 152.104, 1.71347e-05, 1.98839e-05, -1.33873e-05, 
420, 77315.6, -47.9097, 14.7825, 111.882, -1.9418e-05, -5.29755e-06, -2.4661e-05, 
421, 30242.5, -17.3758, 192.339, 190.891, 1.3117e-06, -1.61737e-05, -1.58789e-05, 
422, 22873.9, 31.1613, -183.072, -114.849, -2.12974e-06, 2.69328e-05, 9.33049e-06, 
423, 152402, -162.284, -191.093, -180.246, 1.05603e-05, 1.66448e-05, 1.71154e-05, 
424, 14353.8, 125.668, 22.5174, 56.2822, -1.21059e-05, 5.58154e-06, -8.34698e-06, 
425, 9521.26, 82.8519, -90.2877, 68.2196, -1.40924e-05, -2.68867e-06, -5.67527e-06, 
426, 73056.4, 6.66907, 98.2508, -53.513, 3.343e-06, -1.40915e-05, 2.31877e-06, 
427, 57370.2, -95.4274, -123.729, 140.207, 1.3677e-05, -4.8538e-06, -9.41572e-06, 
428, 29001.7, -129.184, 56.4981, 55.4474, 2.15284e-05, 5.24564e-07, 5.42938e-06, 
429, 116936, 73.7257, -53.1596, -143.157, -8.96208e-06, 3.33398e-06, 1.36845e-05, 
430, 118917, -15.4789, 161.783, -110.239, 1.216e-06, -2.3055e-05, 1.1452e-05, 
431, 78177.7, 8.5019, -83.1856, -68.9583, -9.9081e-07, 1.37237e-05, 1.0984e-05, 
432, 163775, 4.09589, 61.4765, -100.577, 5.25231e-06, -6.08564e-06, 1.90093e-06, 
433, 119818, -142.22, -197.007, -1.43962, 1.51821e-05, 2.31335e-05, -1.5489e-06, 
434, 26944.2, -60.1029, -91.3567, 92.3096, 9.62972e-06, 8.3289e-06, -7.81056e-06, 
435, 221089, 164.295, 150.535, -49.2579, -2.42115e-05, -1.87722e-05, 7.36501e-07, 
436, 8388.85, 51.0452, -182.282, 154.15, 3.68016e-05, 2.17047e-05, -3.85555e-05, 
437, 77130.6, 73.4905, -160.582, -59.0066, -2.53587e-07, 3.77459e-05, -1.27953e-05, 
438, 66095.4, 102.575, -44.6557, -125.809, -1.41038e-05, 8.14914e-06, 1.5507e-05, 
439, 135426, 76.1226, -97.8195, 126.512, -3.41216e-06, 2.26024e-06, -1.81114e-05, 
440, 134384, 149.97, -83.86, 102.349, -1.98879e-05, 5.49685e-06, -7.45057e-06, 
441, 153615, -119.013, -51.0232, 88.7681, 1.5943e-05, 5.34783e-06, -9.85138e-06, 
442, 28649.9, -95.468, -47.6727, 99.1375, 6.36874e-06, 4.02238e-06, -1.30747e-05, 
443, 32485.4, -16.2361, 184.266, -182.89, -3.52278e-07, -2.28397e-05, 7.89317e-06, 
444, 80881.9, 104.141, 183.217, 33.2954, -7.58655e-06, -2.44921e-05, -4.50081e-06, 
445, 124277, -168.248, -116.691, -154.746, -9.77753e-06, -2.67831e-06, 2.0512e-05, 
446, 280062, 2.68403, -170.109, -110.133, 1.34555e-06, 2.3013e-05, 3.46014e-06, 
447, 82938.5, 38.97, 9.79346, 177.37, -2.25209e-06, -7.75329e-08, -2.24757e-05, 
448, 951.923, 31.5835, -60.3661, -159.74, 3.18771e-06, 6.0386e-06, 1.86857e-05, 
449, 9745.64, -24.1149, 75.7548, 196.778, -4.02622e-07, -7.44355e-06, -2.86427e-05, 
450, 59188.7, 25.3245, 186.836, -104.876, 6.77639e-06, -2.18844e-05, 1.61134e-05, 
451, 98668.3, 0.982315, -29.256, -192.89, 1.4134e-06, 6.19356e-06, 3.02889e-05, 
452, 24361.2, -9.5332, 175.846, 185.143, -5.25068e-07, -1.47497e-05, -1.67897e-05, 
453, 53228.5, -170.963, 128.852, -92.5716, 2.12932e-05, -1.19688e-05, 8.76451e-06, 
454, 84245.4, -163.386, 178.044, 5.35656, 1.56688e-05, -1.66218e-05, -1.88476e-06, 
455, 13462.7, -166.06, 137.432, 84.8822, 2.56298e-05, -1.33135e-05, -1.15404e-05, 
456, 38190.5, 133.252, 117.828, 102.19, -1.29224e-05, -9.23383e-06, -1.63393e-05, 
457, 87795.5, -0.408247, -122.304, 35.6246, 1.0227e-05, 7.58771e-06, -9.38118e-06, 
458, 19146.2, -90.3154, -64.49, 38.3443, 1.2575e-05, 6.94088e-06, -5.12758e-06, 
459, 8428.82, -172.759, -171.98, 108.716, 1.24808e-05, 1.69294e-05, -4.28177e-06, 
460, 54897.7, 103.719, -31.8407, 118.202, -1.31676e-05, 2.95114e-06, -8.3772e-06, 
461, 87806, -193.018, -20.6197, 189.301, 1.45619e-05, 1.46327e-06, -1.40774e-05, 
462, 219614, 118.958, -22.3402, -184.666, -6.77618e-06, 6.51257e-06, 2.28111e-05, 
463, 364379, 3.34004, -72.4043, 137.027, 4.1971e-06, 4.26355e-06, -1.93402e-05, 
464, 70706.8, 44.5417, 115.598, -66.2699, -1.23909e-06, -1.413e-05, 6.52787e-06, 
465, 71405.7, 154.116, -153.101, 32.7024, -2.28527e-05, 1.65798e-05, -4.395e-06, 
466, 106277, -104.387, -173.407, -67.6343, 7.00053e-06, 1.9382e-05, 2.10755e-06, 
467, 83615.9, 182.39, -31.1585, 157.854, -2.29811e-05, -8.58744e-07, -1.09709e-05, 
468, 14016.4, -157.984, -90.4136, 44.9643, 2.06331e-05, 1.21148e-05, 1.61532e-06, 
469, 13066.3, -51.2722, -171.71, -58.0241, 8.48512e-06, 1.9612e-05, 8.92705e-06, 
470, 10982.6, 124.44, -30.0381, 165.131, -9.22784e-06, 9.1031e-06, -1.63649e-05, 
471, 66296.1, -43.9452, 68.4162, -131.256, 1.02585e-05, -1.52153e-05, 1.44028e-05, 
472, 134341, -155.585, 127.503, 77.024, 2.63187e-05, -7.83734e-06, -8.4884e-06, 
473, 189167, 34.9807, 92.3447, 52.6064, 1.5942e-06, -1.38337e-05, -1.00949e-05, 
474, 92831.2, -40.4106, -179.588, 36.0584, 2.19043e-05, 5.13432e-05, -6.15797e-05, 
475, 6779.32, -47.5944, 92.5174, 8.497, 7.69173e-06, -9.5291e-06, -3.45689e-07, 
476, 235404, 86.2813, -129.259, 66.2101, -8.6355e-06, 1.29909e-05, 5.00467e-06, 
477, 47715.6, -35.2383, 122.289, 144.227, -1.5034e-06, -1.02026e-05, -1.67576e-05, 
478, 33611.2, 158.753, -14.8853, -121.808, -2.33668e-05, -4.50645e-06, 1.07823e-05, 
479, 35922.7, -2.9954, 181.741, 121.734, 8.89009e-07, -1.7641e-05, -1.41682e-05, 
480, 105434, -125.305, 79.1181, 134.397, -8.22731e-07, 1.43721e-05, -1.91508e-05, 
481, 34595, 98.34, 79.244, -106.585, -1.21452e-05, -1.27776e-05, 7.75337e-06, 
482, 94631.5, 25.8154, 81.8011, -67.2896, -4.53748e-06, -1.23318e-05, 3.29561e-06, 
483, 64805.2, 11.2608, -147.198, 71.5566, -6.75027e-08, 3.63074e-05, -6.52438e-07, 
484, 187728, 69.2424, 105.789, 97.1481, -8.82296e-06, -9.55986e-06, -1.93752e-05, 
485, 276622, 181.513, -100.611, 178.866, -1.71755e-05, 5.49667e-06, -1.62168e-05, 
486, 243315, -79.4778, -144.96, 162.412, 1.04836e-06, 1.09845e-05, -2.51376e-05, 
487, 40125.4, 79.9329, -56.6743, 186.916, -6.68537e-06, 3.16541e-06, -2.55279e-05, 
488, 192965, 36.9792, -191.838, -191.804, -2.83009e-06, 2.19374e-05, 2.1985e-05, 
489, 10206.2, 181.46, -84.5095, 148.531, -2.75458e-05, 1.01502e-05, -1.25513e-06, 
490, 99717.1, -65.658, -143.107, -0.476332, 1.01684e-05, 1.30654e-05, -1.22858e-06, 
491, 23792.7, 61.7898, 22.6437, 45.1585, -6.25773e-05, 3.70063e-05, -2.5286e-05, 
492, 185185, -153.393, 101.776, -67.989, 2.5883e-05, -8.63553e-06, -4.07672e-06, 
493, 160653, 50.4051, -128.252, 38.9686, -3.71958e-06, 6.92986e-05, -2.29249e-05, 
494, 229389, -135.225, 72.9764, -185.985, 1.29851e-05, -1.21129e-05, 2.64025e-05, 
495, 248929, 70.4779, -123.383, 83.0112, -4.12326e-06, 9.2321e-06, -8.79187e-06, 
496, 33504.3, -139.227, 56.0409, -77.2056, 1.74564e-05, -5.28462e-06, 6.44806e-06, 
497, 21766.6, 116.292, -167.373, 80.0115, -2.59881e-05, 2.52613e-05, -4.32592e-06, 
498, 23915.7, 193.873, 161.85, 190.825, -1.12643e-05, -1.11356e-05, -1.28658e-05, 
499, 75412.4, -83.5453, 183.421, 164.058, 5.05491e-06, -1.73183e-05, -1.56517e-05, 
500, 179598, -54.2974, 106.762, 190.865, 5.83537e-06, -1.04512e-05, -2.42153e-05, 
501, 325462, 19.2508, 53.5497, -42.1388, -2.07643e-06, -8.70946e-06, 2.83573e-06, 
502, 71476.9, 78.3183, -23.5064, 3.66177, -8.06935e-06, 1.13166e-06, -6.5949e-06, 
503, 9761.29, -165.828, 101.644, 172.159, 1.35517e-05, -1.09797e-05, -1.87085e-05, 
504, 212845, 162.699, -169.782, -178.464, -1.47013e-05, 1.52962e-05, 1.8887e-05, 
505, 60373.5, 105.602, -139.003, 23.2655, -1.82231e-05, 1.68436e-05, 8.63498e-07, 
506, 47826.2, 87.9585, -6.11833, -31.7593, -2.12892e-05, -4.73623e-06, 4.23934e-06, 
507, 188249, 79.8116, -183.783, -168.513, -9.84719e-06, 2.04239e-05, 1.67576e-05, 
508, 71138.1, 161.051, -63.1329, 191.526, -1.77623e-05, 5.63869e-06, -2.19555e-05, 
509, 72333.7, -45.1643, 128.732, -65.0026, 4.35331e-06, -1.78073e-05, 2.92853e-07, 
510, 30891.9, 137.069, 142.663, -117.39, -1.34022e-05, -1.57446e-05, 1.41579e-05, 
511, 251412, -38.726, -175.944, 28.7234, 5.38707e-06, 1.44564e-05, 1.34477e-05, 
512, 52781.2, 179.498, -70.7172, -191.46, -1.52893e-05, 4.14492e-06, 2.18357e-05, 
513, 242341, 128.127, -123.196, -138.106, -1.13264e-05, 8.0883e-06, 1.32082e-05, 
514, 53369, -132.637, 109.5, -180.014, 8.08296e-06, -1.13078e-05, 1.81075e-05, 
515, 7985.99, -27.1536, 193.474, 6.7594, 3.90358e-06, -2.67373e-05, 7.51821e-07, 
516, 139299, -46.4194, 138.408, 135.061, 1.45364e-06, -1.49787e-05, -1.38667e-05, 
517, 28622.2, -149.98, -102.056, -1.97074, 1.69622e-05, 6.35847e-06, -1.24889e-06, 
518, 15175.5, 126.656, 190.486, 20.4239, -1.49047e-05, -2.53198e-05, 1.22517e-06, 
519, 89531.9, -132.211, -126.613, 28.2827, 1.58395e-05, 9.55879e-06, -3.46871e-06, 
520, 118061, -12.8149, -43.4788, -144.605, 5.00617e-06, 5.99136e-06, 1.45356e-05, 
521, 49662, 183.847, -125.612, 185.789, -1.43427e-05, 4.94919e-06, -1.55108e-05, 
522, 1122.05, 2.41469, -67.7251, -127.491, 3.79473e-06, 5.69343e-06, 1.38541e-05, 
523, 10798.5, 162.044, -145.055, -150.864, -1.92008e-05, 1.19513e-05, 7.28946e-06, 
524, 26723.5, 11.7112, 15.8498, 93.7462, -2.51473e-06, 3.32727e-06, -2.01156e-05, 
525, 5372.91, 101.158, -191.438, -96.6377, -1.84455e-05, 2.83234e-05, 5.42589e-06, 
526, 27640.3, -21.7821, -109.286, -113.384, 1.88132e-05, 1.41644e-05, -1.21342e-06, 
527, 674415, -177.352, -166.603, 198.51, 1.04788e-05, 1.24279e-05, -1.44839e-05, 
528, 35815.6, 167.846, -188.203, -146.601, -1.67751e-05, 2.00599e-05, 1.0179e-05, 
529, 450005, 110.64, 145.047, -56.1677, -1.27982e-05, -1.71652e-05, 5.4307e-06, 
530, 352452, 41.0447, 55.0487, 92.2894, -2.11683e-06, -7.89837e-06, -1.49341e-05, 
531, 3335.54, 198.58, -163.048, 29.729, -1.94051e-05, 1.27277e-05, -2.02976e-06, 
532, 58929.6, 1.63492, 142.313, -35.4625, 4.64863e-06, -1.66823e-05, 9.56918e-06, 
533, 85345.4, 92.7439, 71.5937, -118.648, -1.10693e-05, -8.03432e-06, 1.53274e-05, 
534, 8915.71, -147.541, -98.1989, -162.544, 6.473e-06, 1.14092e-06, 1.70619e-05, 
535, 46907, 8.13989, -139.619, 75.4451, 9.11854e-06, 1.55476e-05, -9.33408e-06, 
536, 102952, 97.3545, -21.8428, -105.983, -0.000513912, -0.000365873, -0.000181699, 
537, 47345.7, 67.0857, 115.081, -163.441, -1.15165e-05, -1.34965e-05, 2.21645e-05, 
538, 40076.9, -95.8051, -65.291, 90.3025, 7.191e-06, 9.60692e-06, -8.55906e-06, 
539, 161767, 4.45993, -22.1325, 83.119, 4.44215e-06, 5.56159e-06, -1.46885e-05, 
540, 48070.4, -157.874, 157.26, 29.7534, 1.80844e-05, -1.14966e-05, -8.0035e-07, 
541, 10865.6, -157.602, 1.23293, -5.05417, 1.92858e-05, -4.58883e-06, -4.29392e-08, 
542, 56397.1, -153.205, -117.952, -199.576, 7.51344e-06, 4.85301e-06, 2.09453e-05, 
543, 69453.3, 17.1272, -104.187, 141.021, -3.2146e-06, 7.763e-06, -2.64353e-05, 
544, 1587.01, -167.535, -22.4443, -10.8597, 2.30947e-05, 3.83793e-06, 3.91245e-06, 
545, 17601.1, -69.771, 111.009, 130.312, 3.50198e-06, -8.62646e-06, -1.35468e-05, 
546, 84768.6, 11.6516, -134.809, 115.773, -8.93434e-06, 1.81447e-05, -1.36211e-05, 
547, 190202, 145.585, 96.9165, -101.02, -1.93253e-05, -1.1024e-05, 1.3449e-05, 
548, 181496, -129.097, 186.833, 180.603, 8.73669e-06, -1.31584e-05, -1.39883e-05, 
549, 143315, 142.656, -53.0874, 189.205, -9.26038e-06, 4.10557e-06, -2.15383e-05, 
550, 54068.3, -66.8198, -71.5063, 169.354, 8.43378e-06, 4.4549e-06, -2.0751e-05, 
551, 263933, 93.4507, -97.2498, -85.7959, -1.20235e-05, 1.40274e-05, 1.30137e-05, 
552, 88304.6, 152.278, -35.7914, 73.7611, -1.80496e-05, 3.25438e-06, -7.09639e-06, 
553, 60114.1, 180.553, 73.4597, -116.068, -2.24542e-05, -6.74154e-06, 1.07426e-05, 
554, 331011, -192.227, -167.621, -53.3552, 2.33953e-05, 4.38291e-05, -8.10934e-06, 
555, 315007, 185.82, 28.6051, -184.532, -1.75091e-05, -3.12603e-06, 1.59204e-05, 
556, 262935, 1.04008, -9.85114, 5.82476, -8.63306e-06, -1.54566e-06, 9.46575e-07, 
557, 20051.8, 118.221, 47.2458, -93.262, -1.15403e-05, -1.61941e-06, 1.43659e-05, 
558, 112994, -109.277, -43.5898, 73.4811, 9.14998e-06, 2.05445e-06, -1.05458e-07, 
559, 46847.3, 51.0808, 179.05, -60.5763, -9.41687e-07, -2.25801e-05, 8.12086e-06, 
560, 96235.5, 45.7091, -51.7968, -165.819, -5.80532e-07, 1.91021e-06, 2.18349e-05, 
561, 60123.9, -173.93, -157.147, -193.737, 9.92848e-06, 1.26801e-05, 2.22948e-05, 
562, 81259.8, -23.884, 194.615, -85.4438, 4.446e-06, -2.80032e-05, 7.70946e-06, 
563, 356964, -49.3287, -37.414, -12.0755, 1.35199e-05, 9.84189e-06, 1.55635e-06, 
564, 41893.1, 0.493948, -14.6482, -90.4389, 4.27451e-06, 4.37944e-06, 5.47879e-06, 
565, 75068.1, 161.852, -7.69124, 195.072, -2.25155e-05, -7.0356e-06, -3.28443e-05, 
566, 21457.1, 179.576, 57.9673, -57.2764, -2.45315e-05, -8.38172e-06, 2.38783e-06, 
567, 58224.2, 25.6104, -105.198, -131.504, -8.78738e-06, 7.70546e-06, 1.27009e-05, 
568, 50993.5, -47.9023, -161.149, -170.817, 7.30613e-06, 1.55111e-05, 2.07746e-05, 
569, 127801, 96.2753, -22.6356, -106.402, 0.000390452, 0.000298347, 0.000169, 
570, 84358.5, 78.654, -178.219, 24.025, -1.10055e-05, 2.63863e-05, 3.97789e-07, 
571, 99801.4, 31.8382, -112.883, 52.3123, 8.20386e-06, 4.57498e-07, -7.34137e-06, 
572, 15485.3, -187.477, 60.2241, 45.1505, 2.54829e-05, -8.01647e-06, -4.68135e-06, 
573, 21562, 146.339, -119.093, 120.211, -2.41497e-05, 9.12086e-06, -1.13265e-05, 
574, 11356.2, 190.069, 143.254, -41.5174, -2.67644e-05, -1.17449e-05, 1.64094e-06, 
575, 21438.2, -79.9952, 46.8795, -163.962, 1.13738e-05, -4.28994e-06, 2.75892e-05, 
576, 35585, -60.4366, -54.7319, 103.047, 8.79605e-06, 5.92052e-06, -1.16125e-05, 
577, 24001.8, -53.8351, 17.4963, -118.951, 9.73393e-06, 5.85854e-06, 2.43054e-06, 
578, 81137.3, 180.721, -18.317, -56.2472, -2.65023e-05, 6.02475e-07, -1.97862e-06, 
579, 25592.9, 191.394, 18.1007, -158.532, -2.19161e-05, -8.54509e-07, 8.11913e-06, 
580, 383540, -78.5484, -194.421, -165.463, 8.92519e-06, 1.8989e-05, 1.3304e-05, 
581, 16674.9, 96.3014, 97.3875, -71.0068, -7.65865e-06, -1.02709e-05, 7.33243e-06, 
582, 179917, 17.2403, 81.808, -104.643, 2.32642e-06, -2.54674e-06, -2.61327e-06, 
583, 71917.1, -110.115, 143.337, 58.7158, 9.69697e-06, -8.89822e-06, -1.46512e-06, 
584, 185684, -1.30439, -76.2195, 178.721, 5.47667e-06, 5.13902e-06, -2.6898e-05, 
585, 43304, 108.601, -15.5646, -76.4174, -1.60331e-05, 2.63822e-06, 1.65782e-06, 
586, 345937, 17.7019, 8.83365, -156.583, 1.22937e-05, 3.6719e-06, 2.28062e-05, 
587, 31658.3, 186.803, -189.138, 91.0842, -1.55701e-05, 1.52297e-05, -2.42628e-06, 
588, 1998.67, -190.926, -174.672, 110.504, 1.53559e-05, 1.61073e-05, -3.96126e-06, 
589, 15011.1, 14.7107, 94.3376, 6.60389, 2.11145e-06, -1.02035e-05, -2.0943e-07, 
590, 127168, -44.3554, 145.016, -196.137, 3.44554e-06, -1.7577e-05, 2.2055e-05, 
591, 174572, -18.0779, -14.4626, 8.61085, 6.32809e-08, 4.51198e-06, -3.29939e-06, 
592, 85676.1, -114.349, -20.6101, -132.714, 1.26747e-05, 2.59148e-06, 1.34609e-05, 
593, 15989.9, 131.563, -130.745, -184.662, -9.96769e-06, 7.70796e-06, 2.23524e-05, 
594, 18882.1, -61.243, 118.215, -187.744, 1.62312e-05, 2.37e-05, 1.07392e-05, 
595, 70755.6, -48.9565, -197.766, 148.611, -6.46647e-07, 2.51929e-05, -1.61581e-05, 
596, 774340, -13.4123, -132.848, -152.932, 7.59108e-06, 1.22335e-05, 1.77013e-05, 
597, 60954.3, -25.9057, 70.3589, -138.637, 6.7649e-06, -1.22799e-05, 2.03148e-05, 
598, 133923, -68.1685, 84.5342, 157.915, 7.36701e-06, -1.17881e-05, -2.20055e-05, 
599, 111675, -187.042, -168.385, -119.654, 4.00129e-05, 4.19103e-05, -4.76209e-05, 
600, 17636.8, 22.1929, -85.6512, -111.373, -1.62335e-06, 8.40136e-06, 9.11891e-06, 
601, 50047.7, 193.699, 52.7376, -55.9373, -2.76897e-05, -5.26945e-06, 1.94715e-06, 
602, 27978.5, -195.004, 153.27, -93.1072, 2.05304e-05, -1.22462e-05, 6.5638e-06, 
603, 204788, 69.0923, -176.181, -131.796, -8.26706e-06, 2.06767e-05, 1.04636e-05, 
604, 166169, -105.723, 153.609, 100.56, -9.73452e-06, -3.48481e-06, -9.29875e-06, 
605, 51839.5, 88.8738, -28.4426, -4.1328, -1.99819e-05, 4.25923e-06, 8.22646e-07, 
606, 42540.1, -105.048, 62.1217, -116.261, 2.08649e-05, 5.55859e-07, 9.51144e-06, 
607, 408.74, -2.62213, 101.403, 130.195, 2.53203e-06, -1.40491e-05, -1.31997e-05, 
608, 209274, -171.619, -117.536, 98.063, 1.71288e-05, 1.01896e-05, -8.67166e-06, 
609, 19794.7, -191.053, -139.61, -26.8394, 1.77846e-05, 5.14677e-06, -1.90803e-05, 
610, 83633.3, -16.5952, 179.864, -193.956, 1.61071e-07, -1.66544e-05, 2.16306e-05, 
611, 94614.5, -155.831, -117.844, 79.0524, 1.33782e-05, 1.24897e-05, -4.49924e-06, 
612, 15097.7, -82.6066, 20.1553, 90.2687, 1.9602e-05, 3.31799e-06, 5.5633e-06, 
613, 29211.7, -157.521, 123.091, 142.962, 1.80997e-05, -1.53928e-05, -1.87143e-05, 
614, 14883.6, -10.6559, 31.0815, 136.587, 2.36802e-06, -5.48439e-07, -1.87373e-05, 
615, 170057, 97.7792, -75.3954, -68.1368, -1.70014e-05, 2.05021e-06, 7.68487e-06, 
616, 59825.1, 181.96, -108.874, -161.019, -1.90305e-05, 3.79562e-06, 1.3361e-05, 
617, 19442.2, 30.6408, 88.2951, -112.441, -3.44722e-05, -4.30498e-06, 8.49072e-06, 
618, 142645, 162.756, -131.371, -163.886, -1.51874e-05, 5.95878e-06, 1.57261e-05, 
619, 102576, 76.7006, 6.21189, 1.19271, -1.13639e-05, -2.74006e-06, 3.85789e-07, 
620, 32351.2, -144.074, 179.43, 94.401, 1.9883e-05, -2.20965e-05, -1.12914e-05, 
621, 18863.3, 186.035, 179.209, -178.087, -7.6613e-06, -4.8991e-06, 1.17373e-05, 
622, 94220, 170.306, 1.91931, 60.6368, -2.32336e-05, -1.84881e-06, -3.33792e-06, 
623, 23438.9, 139.057, -188.308, -156.985, -7.82235e-06, 2.486e-05, 1.29132e-05, 
624, 56755, -199.958, -125.648, 46.0407, 2.02567e-05, 1.20877e-05, -3.11139e-06, 
625, 257995, 157.656, -15.7475, 179.223, -2.13756e-05, 3.15283e-06, -1.56552e-05, 
626, 93021.5, -190.438, 175.17, 51.7356, 1.87697e-05, -1.48686e-05, 8.84939e-07, 
627, 1011.75, 65.8191, -43.1929, -6.9677, -7.20421e-06, -3.68407e-08, -2.24621e-06, 
628, 49624.3, -87.7949, -179.118, 184.093, 5.3322e-06, 1.63953e-05, -1.8264e-05, 
629, 28707, -160.389, -32.3139, 126.938, 2.08643e-05, 1.82721e-07, -1.29723e-05, 
630, 33303.2, -95.3546, 68.9921, -52.2749, 1.1853e-05, -3.07411e-06, 7.86911e-09, 
631, 76125.3, -120.659, -6.06743, 83.2918, 1.75195e-05, 4.17754e-06, -4.88342e-06, 
632, 109298, 29.8574, 103.653, -170.535, -8.7364e-06, -9.44449e-06, 2.60046e-05, 
633, 95538.9, 123.256, 97.9435, 182.053, -8.83091e-06, -1.08587e-05, -2.02403e-05, 
634, 117409, 5.27507, -111.318, -125.711, -7.97006e-06, 1.12019e-05, 8.22347e-06, 
635, 70684.6, -135.94, 165.986, -117.375, 1.31164e-05, -1.93247e-05, 1.33546e-05, 
636, 18793.5, -187.376, -192.729, 76.9946, 1.34854e-05, 1.43751e-05, -4.16225e-06, 
637, 5726.53, -189.087, -42.4086, -161.61, 1.93765e-05, 1.18173e-06, 1.35529e-05, 
638, 45709.4, -149.761, -28.8807, 34.5029, 1.29565e-05, -5.65299e-06, 5.26827e-06, 
639, 134417, 198.066, -72.9118, 55.4753, -2.43699e-05, 7.38082e-06, -1.27875e-06, 
640, 14634.9, -93.4756, 27.7563, -132.284, 2.08888e-05, 2.641e-06, 1.58444e-05, 
641, 116118, -146.102, 103.569, -77.6283, 4.32345e-06, -1.23861e-05, 2.32781e-05, 
642, 315138, -197.866, -79.2409, 93.7443, 2.15681e-05, 3.29044e-06, -8.05059e-06, 
643, 101158, -54.489, -89.4757, 133.187, 1.06141e-05, 4.76241e-06, -1.6358e-05, 
644, 24037.5, 129.84, 8.61016, 3.5126, -2.19653e-05, 3.50198e-06, 3.62686e-06, 
645, 89848, -146.86, 156.263, -108.694, 2.02069e-05, -1.21948e-05, 8.24052e-06, 
646, 117972, 169.155, -86.7023, 157.531, -1.29999e-05, 8.02684e-06, -9.96323e-06, 
647, 45860.8, -155.625, -21.6468, -52.8119, 1.84143e-05, 4.71628e-06, -7.77638e-06, 
648, 9587.72, -94.1021, -164.409, 101.543, 9.73144e-06, 1.66327e-05, -4.27895e-06, 
649, 22203.1, -133.355, -48.444, -170.804, 1.71854e-05, 5.58157e-06, 8.11053e-06, 
650, 44632.5, -90.0421, -181.761, -154.078, 1.66311e-05, 7.57493e-06, 3.56441e-06, 
651, 54137.5, -127.755, -22.2394, 107.688, 1.73826e-05, 1.68379e-06, -1.45934e-05, 
652, 8125.5, -98.535, -170.21, -110.352, 4.68799e-06, 1.8783e-05, 9.01537e-06, 
653, 75145.5, 58.2681, -57.4926, -10.3652, -4.97001e-06, -1.84259e-06, 7.19144e-07, 
654, 52075, -104.092, 186.371, -144.43, 7.44462e-06, -1.0507e-05, 1.13161e-05, 
655, 118668, -54.4634, 182.583, -21.3268, 3.96802e-06, -2.20993e-05, 1.49865e-06, 
656, 23859.3, 49.0388, -17.1696, 134.087, -5.68538e-06, -9.59204e-07, -1.56922e-05, 
657, 29456, 55.6327, 81.9609, -13.0145, -4.91354e-06, -1.28171e-05, 2.81746e-06, 
658, 49905.7, -133.621, 84.6968, 162.013, 1.29922e-05, -6.02827e-06, -2.95785e-05, 
659, 331884, 61.4068, 174.542, 130.124, 1.17266e-05, -1.97509e-05, -1.43751e-05, 
660, 127706, -193.063, 82.8635, 158.597, 1.91298e-05, -8.6154e-06, -6.83765e-06, 
661, 293265, -198.602, -139.641, -52.1646, 5.01517e-05, -1.89321e-05, -1.77545e-05, 
662, 53949.4, -27.0867, 142.146, 105.536, 1.82936e-07, -1.59575e-05, -1.11636e-05, 
663, 61482.6, 86.9137, -88.7132, -61.7607, -8.37929e-06, 1.63158e-05, -6.45661e-07, 
664, 58877.1, -118.423, -56.7987, -51.5376, 1.56456e-05, 2.28987e-06, 1.35513e-06, 
665, 93743.5, 72.53, -43.3583, -193.605, -6.44941e-06, -6.30902e-07, 2.8918e-05, 
666, 79667, 57.6131, -120.349, -116.13, -6.65224e-06, 1.21506e-05, 1.20814e-05, 
667, 84635.4, 20.8241, -62.3698, -121.509, 4.49599e-08, 5.2557e-06, 1.34874e-05, 
668, 1157.83, -142.626, -7.12564, 33.184, 1.52009e-05, -2.24446e-06, -1.74784e-06, 
669, 14601.6, 82.6367, 54.2311, 109.027, -1.15175e-05, -5.59291e-06, -1.57133e-05, 
670, 55388.2, -188.99, 52.9637, 177.157, 1.1589e-05, -1.30729e-05, -2.0799e-05, 
671, 67549.1, -151.634, 116.826, 116.248, 1.72691e-05, -1.37e-05, -5.86793e-06, 
672, 177476, 111.787, -19.4424, 57.6789, -1.46304e-05, 5.65225e-06, -6.137e-06, 
673, 245289, 108.251, -77.0875, -34.5306, -2.44385e-05, 9.37101e-06, 8.88153e-08, 
674, 206543, 168.763, 91.3882, 184.196, -1.19435e-05, -5.65701e-06, -1.9122e-05, 
675, 108589, 115.117, -187.61, 193.475, -9.04263e-06, 2.0432e-05, -1.87702e-05, 
676, 261059, 41.6839, 120.999, -133.225, -1.05357e-05, -2.42377e-05, 1.54502e-05, 
677, 16455.5, 43.873, -82.7323, 136.763, -7.47154e-06, 3.31353e-06, -1.99101e-05, 
678, 6864.09, 117.976, -85.4446, 43.4093, -1.8684e-05, 6.13669e-06, -3.87597e-06, 
679, 100264, -90.7482, 170.468, 77.6987, 5.51375e-06, -1.73045e-05, -1.15253e-05, 
680, 52607.1, 144.21, -100.634, -114.349, -1.77951e-05, 7.86781e-06, 1.04467e-05, 
681, 25595, 69.3089, -69.2302, -159.776, -2.73309e-06, 6.95118e-06, 3.2351e-06, 
682, 174028, -23.4735, -194.949, 167.095, 1.50508e-06, 1.94966e-05, -1.60524e-05, 
683, 11541.7, 63.358, 109.418, -26.7006, -6.87484e-06, -1.25298e-05, 2.17408e-06, 
684, 283854, 8.66451, -100.84, -174.673, -1.03215e-06, 4.48511e-06, 2.58927e-05, 
685, 119847, -53.3106, -14.2313, -34.1268, 1.69651e-05, -3.01044e-06, 9.763e-06, 
686, 80709.6, -155.05, -15.0131, -4.06676, 1.69319e-05, 8.08136e-07, 3.64175e-07, 
687, 4596.96, -199.541, 187.178, 84.4062, 2.09929e-05, -2.34441e-05, -7.17653e-06, 
688, 3503.58, -22.5111, 43.9674, 44.3746, 8.25195e-06, -8.64673e-06, -4.17373e-06, 
689, 37715.9, 199.016, 120.849, -182.321, -1.79052e-05, -9.52582e-06, 2.35222e-05, 
690, 49534.8, -139.881, 174.723, 70.7333, 2.10931e-05, -1.79966e-05, -6.92073e-06, 
691, 46990.8, -139.361, -1.62008, 175.046, 1.39223e-05, 1.5506e-06, -1.65055e-05, 
692, 12613.9, 61.4325, 121.981, 26.6971, -8.17578e-06, -2.07115e-05, 3.13722e-06, 
693, 37646.6, -172.669, -195.295, -60.227, 9.72253e-06, 2.52976e-05, 1.65823e-06, 
694, 106997, -188.64, -54.2729, -59.83, 2.22729e-05, 3.32789e-06, 2.11963e-06, 
695, 24788.6, 169.732, 42.2352, -81.8705, -2.54776e-05, -5.29025e-06, 8.2009e-06, 
696, 16894.1, 179.933, 104.901, -116.946, -2.1563e-05, -9.48891e-06, 1.01243e-05, 
697, 2248.63, -155.433, -164.346, -33.0765, 8.68719e-06, 1.66483e-05, -4.07149e-06, 
698, 115041, -91.686, 34.6395, 179.84, 1.10085e-05, 2.75107e-07, -2.43255e-05, 
699, 99640.7, 156.664, -79.0363, 16.7473, -2.14126e-05, 7.43148e-06, -2.6179e-06, 
700, 105761, 49.7623, 159.386, -118.554, -3.59108e-06, -1.47538e-05, 1.71917e-05, 
701, 67029.7, 74.9738, 5.88107, 65.2971, -1.28127e-05, 5.52135e-06, -1.4235e-05, 
702, 125289, -122.838, -58.3723, -104.136, 9.68621e-06, 2.12457e-06, 1.27545e-05, 
703, 373969, -5.78269, -68.9973, -52.1609, 5.12789e-06, 7.47568e-06, 4.49222e-06, 
704, 13445.6, -123.464, 101.899, 147.644, 5.72585e-06, -2.03502e-05, -2.85031e-05, 
705, 78609.6, 42.5747, -78.8424, 25.3118, -9.10503e-07, -1.48533e-06, -5.67032e-06, 
706, 114096, 70.8966, 169.957, 31.7995, -5.44706e-06, -2.41616e-05, -4.99793e-06, 
707, 659687, -186.496, -148.933, -59.3096, 8.51001e-07, 9.24458e-06, 1.13202e-05, 
708, 1469.91, 145.156, -190.285, -195.35, -7.68471e-06, 1.662e-05, 1.76563e-05, 
709, 148202, 106.002, -119.661, 108.144, 2.87209e-05, -1.55217e-05, -2.85053e-05, 
710, 46192.1, -97.8277, -37.7978, 119.736, 1.14507e-05, 3.09303e-06, -1.72586e-05, 
711, 2831.45, 98.3605, 86.5431, 123.626, -6.83887e-06, 4.20683e-06, -1.04152e-05, 
712, 188591, 195.712, 118.529, -166.458, -1.61359e-05, -7.88095e-06, 8.62346e-06, 
713, 36742.7, -102.336, -154.544, -150.751, 8.6146e-06, 1.08598e-05, 1.35825e-05, 
714, 25948.2, 111.424, 48.5351, -197.677, -1.30168e-05, -1.46416e-05, 2.21825e-05, 
715, 22966.4, -3.64093, -16.3192, -99.1994, 8.86172e-06, 4.87107e-06, 1.58403e-05, 
716, 72690.4, 147.575, 142.186, -55.9998, -1.50633e-05, -1.58547e-05, 3.95406e-06, 
717, 37324.3, -85.0778, 193.996, -130.536, 5.49955e-06, -2.0226e-05, 8.98046e-06, 
718, 390336, -175.162, -129.933, 172.269, 4.66196e-06, -3.4015e-06, -1.40742e-05, 
719, 25169.4, -72.4852, -174.235, -99.8332, 7.86699e-06, 1.91777e-05, 5.74331e-06, 
720, 65520.3, 87.848, 40.2547, 195.323, 2.31957e-06, -1.02595e-05, -3.52135e-05, 
721, 56199.3, 100.755, -164.996, 64.2544, -1.67347e-05, 2.55534e-05, 3.11387e-06, 
722, 67903.7, -113.537, 162.184, -135.223, 1.05986e-05, -2.40287e-05, 4.52411e-06, 
723, 107326, 8.13322, -3.68762, 50.3076, -1.5722e-07, -1.57233e-06, -9.38014e-06, 
724, 163062, 120.689, -129.236, 102.502, -4.23145e-05, 2.64928e-05, 3.17273e-07, 
725, 141818, -192.834, -94.7464, 42.726, 2.15581e-05, 7.53689e-06, -1.36932e-06, 
726, 17870.8, 74.4544, -55.9512, 104.371, -6.8665e-06, 1.67998e-06, -9.60471e-06, 
727, 118439, 95.5795, 149.292, -81.0371, -7.13002e-06, -1.76408e-05, 1.52957e-05, 
728, 9178.77, -112.828, -26.1686, 198.544, 1.13893e-05, 5.37473e-07, -2.40245e-05, 
729, 134726, -48.536, -17.3471, -131.222, 1.01821e-05, 5.11039e-06, 1.38106e-05, 
730, 157217, -106.926, 196.104, -47.7417, 3.02631e-06, -2.6613e-05, 1.14118e-05, 
731, 137389, 62.5917, -84.482, -69.1384, -8.13592e-05, -4.61572e-06, -7.69395e-06, 
732, 641597, 13.5192, 145.85, -6.47956, -1.53114e-06, -1.80808e-05, 1.23721e-06, 
733, 18617.2, 0.930481, -186.803, -164.612, 7.6693e-06, 3.20169e-05, 1.60758e-05, 
734, 47874.8, -64.6554, 102.343, -154.082, 1.14495e-05, -1.09708e-05, 2.02525e-05, 
735, 48715.6, -171.561, -79.6584, 68.5368, 1.79825e-05, 5.41013e-06, -5.77746e-06, 
736, 39173.1, 92.591, 68.0537, 68.7413, -1.48839e-05, -5.9869e-06, -9.77179e-06, 
737, 103307, 107.063, 34.1314, -198.992, -1.02911e-05, -5.36829e-06, 2.52872e-05, 
738, 14507, 185.755, 47.2063, 72.2119, -2.56573e-05, -2.81387e-06, -1.81562e-06, 
739, 341421, 13.4275, -186.348, -22.3299, 1.57433e-06, 3.23415e-05, 4.22312e-06, 
740, 15771.6, 163.09, -64.823, -133.586, -1.55483e-05, 6.88023e-06, 1.47035e-05, 
741, 165849, 2.61662, 24.5071, 83.9161, 5.55661e-06, -4.89363e-06, -1.0904e-05, 
742, 50923.5, -147.093, 91.9051, -20.0191, 1.70102e-05, -8.55798e-06, -2.52694e-06, 
743, 317554, -130.897, 55.7766, -172.368, 1.11003e-05, 2.71957e-06, 1.44961e-05, 
744, 12064.7, 126.486, -142.519, 184.615, -1.25627e-05, 1.02691e-05, -2.14615e-05, 
745, 20172.6, -27.9726, -117.354, 56.8142, 1.54559e-05, 9.54597e-06, -6.27833e-06, 
746, 244599, 60.4718, 176.722, -37.3253, -8.23273e-06, -2.09105e-05, 1.32912e-06, 
747, 12724.6, -63.6212, 87.6537, -194.539, 8.09092e-06, -4.84684e-06, 2.38314e-05, 
748, 25022.8, -27.8588, -169.094, 170.515, 4.54618e-06, 1.31688e-05, -1.93326e-05, 
749, 77817.5, -110.195, -151.113, -0.277486, 2.90606e-05, -1.8587e-06, 5.54525e-06, 
750, 61222.9, -80.7503, -70.4354, 3.97713, 1.72219e-05, 8.11693e-06, -3.86855e-06, 
751, 11195, 159.656, 98.1725, -168.849, -1.69204e-05, -1.11413e-05, 7.35113e-06, 
752, 58174, 100.453, 26.9671, -51.0059, -1.25048e-05, -5.66152e-06, 2.84107e-06, 
753, 107906, 87.069, 184.348, -1.8539, -8.79709e-06, -2.50683e-05, -2.08663e-06, 
754, 335.438, -64.6226, 153.472, -141.748, 7.21168e-06, -1.65903e-05, 1.43045e-05, 
755, 178129, 112.292, 8.82909, -177.445, -1.11785e-05, -4.58709e-06, 2.71555e-05, 
756, 107862, 6.35171, -46.7059, 130.055, 2.52865e-07, -7.08461e-06, -1.51382e-05, 
757, 170636, -10.2766, -103.931, -121.292, 8.09295e-06, 3.69897e-06, 6.38506e-06, 
758, 90028.5, 90.742, -186.719, -100.163, -9.35815e-06, 2.40291e-05, 8.59878e-06, 
759, 36272.8, -43.7794, -191.254, -46.6207, 5.91964e-06, 2.77138e-05, 6.8514e-06, 
760, 1426.25, -164.166, -82.2155, -140.909, 1.32955e-05, -8.14906e-07, 1.08287e-05, 
761, 236986, -192.617, 38.3266, 171.947, 1.73544e-05, 2.62802e-06, -1.35632e-05, 
762, 100791, 52.6353, -78.4399, -154.688, -2.01138e-06, 1.01659e-05, 1.528e-05, 
763, 343740, 107.684, 35.8971, 178.223, -2.00553e-05, -1.09621e-05, -1.64769e-05, 
764, 121281, -15.7262, 125.371, 191.354, -2.44157e-06, -1.16463e-05, -2.3844e-05, 
765, 18110.2, 102.224, 148.111, -50.6926, 4.68276e-05, -3.82191e-05, -3.38296e-05, 
766, 45710.3, -58.2995, 155.112, 8.40905, 6.19687e-06, -1.47709e-05, 3.66779e-06, 
767, 188328, 36.5728, -194.863, 85.5075, 1.73396e-06, 3.00545e-05, -9.01857e-06, 
768, 36225.5, -179.105, 137.414, -194.974, 1.83541e-05, -1.44233e-05, 2.09422e-05, 
769, 72611.1, -64.1568, -147.89, -163.737, 1.16455e-05, 1.01015e-05, 1.67712e-05, 
770, 251088, -43.44, -84.1632, -156.713, 1.09224e-05, 5.67745e-06, 1.88061e-05, 
771, 185163, 146.108, -165.038, -157.206, -1.06388e-05, 1.58529e-05, 1.30419e-05, 
772, 251935, 12.9994, -163.62, -152.43, 6.01818e-07, 1.93374e-05, 8.60122e-06, 
773, 19412.7, -134.86, -103.708, -135.684, 7.32339e-06, 4.09481e-06, 1.1367e-05, 
774, 18151.1, -17.715, 70.4098, -2.62341, 9.78804e-06, -6.85366e-06, -1.16438e-08, 
775, 26502, 135.022, -142.262, -166.173, -7.71361e-06, 8.51686e-06, 2.06036e-05, 
776, 442442, 188.843, -153.992, 188.818, -1.03226e-05, 7.84905e-06, -1.26281e-05, 
777, 159754, 132.953, 92.8658, -23.3569, -1.85085e-05, 1.78928e-06, -4.47009e-06, 
778, 6374.99, -195.668, 32.7502, -6.68636, 2.4333e-05, -1.88877e-06, -3.67604e-07, 
779, 67820.9, -10.5874, 137.524, -55.6408, 3.6161e-06, -1.61464e-05, 4.17651e-06, 
780, 45912.1, -187.503, -182.492, -110.742, 1.72488e-05, 2.92568e-05, -6.38832e-07, 
781, 19117.2, -22.1056, 16.2923, -121.493, 3.83751e-06, 4.7304e-06, 9.17642e-06, 
782, 73372, 72.1514, 70.0581, -10.3818, -1.00788e-05, -9.37517e-06, 2.97904e-06, 
783, 49985.3, 41.7414, -197.633, -99.9987, -1.86384e-06, 3.0364e-05, 6.06962e-06, 
784, 223513, 156.675, -81.3382, -83.4263, -2.13077e-05, 8.18451e-06, 4.48638e-06, 
785, 71830, -11.2242, -54.9563, 128.709, 1.6174e-05, -3.14951e-06, -1.29566e-05, 
786, 271223, 50.4344, -18.0027, -56.7428, -3.48828e-06, 1.38728e-06, 3.62556e-06, 
787, 142564, -5.95384, -18.0134, 39.934, 4.49936e-06, 5.32695e-06, -9.23629e-06, 
788, 43821.6, -18.5848, -129.641, 147.871, 1.49964e-05, 1.37993e-05, -2.9217e-05, 
789, 293571, 36.2398, -54.5454, 187.125, -8.84607e-07, 2.2873e-06, -2.58946e-05, 
790, 182068, -143.699, 86.1976, 136.91, 4.36629e-05, 3.78143e-06, -2.63632e-05, 
791, 3882.64, 159.344, -176.279, -37.5449, -2.26245e-05, 1.58954e-05, -3.34292e-06, 
792, 106324, 181.606, -75.5828, -109.282, -2.16232e-05, 7.78317e-06, 5.51479e-06, 
793, 281720, 150.738, 89.5561, -188.617, -1.23317e-05, -7.80026e-06, 1.78727e-05, 
794, 124977, -59.7729, 126.111, -189.499, 1.34821e-05, -1.24693e-05, 4.44248e-06, 
795, 13842.1, 93.0381, -49.9136, 113.183, -8.59159e-06, 2.43199e-06, -8.55563e-06, 
796, 106517, 96.714, 30.0885, 183.405, 1.74573e-05, 1.06142e-05, -3.38273e-05, 
797, 38496.1, 5.42994, -174.984, -172.041, 1.4523e-05, 2.59807e-05, 2.90728e-05, 
798, 104998, 58.2009, -164.36, -83.0206, -7.70602e-06, 1.92359e-05, 2.97988e-06, 
799, 37540.4, -77.614, 166.276, 103.864, -7.14697e-07, -2.22385e-05, -1.28809e-05, 
800, 72836.4, 193.135, -136.616, -126.222, -2.21122e-05, 9.96092e-06, 6.97575e-06, 
801, 117980, -179.417, 63.9677, -151.69, 1.99993e-05, -5.89778e-06, 1.08168e-05, 
802, 58093.9, 138.737, -133.575, -38.5135, -1.90009e-05, 1.27647e-05, 4.88516e-07, 
803, 152886, 34.7532, -1.37652, 112.077, -2.74421e-06, 8.2189e-07, -1.19649e-05, 
804, 6553.1, -88.7218, -96.4738, 147.444, 1.03912e-05, 3.262e-06, -1.74326e-05, 
805, 139346, 55.0635, -76.4787, -3.34315, -2.35091e-06, 3.92643e-06, -3.46204e-07, 
806, 101696, 44.4955, 25.1822, 47.7316, 6.53513e-05, 4.25603e-05, -6.1024e-05, 
807, 73054.7, -115.014, -165.273, 199.831, 5.44514e-06, 1.15199e-05, -1.85967e-05, 
808, 39324.5, 161.28, -138.475, 192.937, -4.27017e-06, 7.44125e-06, -1.8707e-05, 
809, 134492, 15.8955, 97.2212, 156.244, 1.3117e-06, -1.41414e-05, -2.22526e-05, 
810, 143930, 156.135, 117.448, 0.508652, -2.54504e-05, -1.1823e-05, -3.68716e-07, 
811, 164362, -149.746, 80.1508, -51.9384, 1.62628e-05, -3.22901e-06, 2.7783e-07, 
812, 63296.4, -195.272, 54.127, 85.1522, 2.36617e-05, -3.79078e-06, -6.64911e-06, 
813, 129107, -134.721, -170.496, -120.875, 3.32921e-06, 1.97864e-05, 6.84512e-06, 
814, 71605.3, -117.013, 195.766, 31.595, 9.45118e-06, -2.78865e-05, 3.91639e-06, 
815, 150705, 41.2819, 189.831, -32.4422, 2.72427e-06, -2.99096e-05, -4.13085e-07, 
816, 14565.4, -20.1034, 24.9158, -155.226, 5.06092e-06, -2.64067e-06, 2.61917e-05, 
817, 350158, -120.179, -173.419, 5.85769, 1.41094e-05, 2.23737e-05, -2.10775e-06, 
818, 65973.3, -175.415, -10.8525, 74.9413, 2.21537e-05, -3.97496e-07, -8.39632e-06, 
819, 14620.8, 131.366, 17.7518, -150.352, -2.01672e-05, -1.03701e-05, 1.42726e-05, 
820, 99687, 121.334, 2.01032, 70.7892, -1.70181e-05, 2.0151e-06, -1.06007e-05, 
821, 78813.5, -166.944, 190.933, -158.381, 1.30003e-05, -1.58133e-05, 8.33174e-06, 
822, 52670.6, -32.3151, 4.24484, -29.2553, 7.75618e-06, -1.05954e-05, 6.35966e-06, 
823, 19096.8, 14.0903, -174.408, -22.4066, -9.20172e-07, -1.19624e-05, 7.54436e-06, 
824, 166820, -147.887, 52.0571, -27.9405, 1.67017e-05, -2.05534e-06, -6.74583e-07, 
825, 26810.7, -24.6568, -73.0779, -116.17, 4.57534e-06, 5.15391e-06, 1.08209e-05, 
826, 28486, -147.869, -117.901, -137.657, 3.18532e-06, 4.88214e-06, 8.92582e-06, 
827, 103034, -25.0065, -157.475, -98.6623, 9.50569e-06, 1.74255e-05, 2.01533e-06, 
828, 14279.7, 166.85, -120.351, -60.9617, -2.14859e-05, 1.12146e-05, 2.54777e-06, 
829, 8741.97, -120.763, 17.079, -66.3091, 2.55642e-06, 1.51501e-05, -6.39211e-06, 
830, 53313.4, 100.405, 93.7957, 126.614, -1.08157e-05, -9.18957e-06, -1.60956e-05, 
831, 117922, 73.3107, -131.93, 100.379, -3.01822e-06, 2.07521e-05, -2.473e-05, 
832, 47162.9, -152.325, -175.951, -130.715, 1.0548e-05, 2.26635e-05, 1.21276e-05, 
833, 8286.71, -65.7283, 41.8453, 140.977, 1.42475e-05, -5.63028e-06, -2.00049e-05, 
834, 23512.6, 93.5922, -37.4006, -82.9867, -1.63963e-05, 8.84377e-06, 7.01864e-06, 
835, 48012.9, 98.6934, 131.893, -4.86629, -9.40744e-06, -1.62586e-05, 1.9691e-06, 
836, 244767, -127.299, 27.9562, -72.2549, 1.4289e-05, -2.73536e-06, 3.41993e-06, 
837, 11064.7, 172.556, 92.8997, -192.238, -2.23546e-05, -7.65548e-06, 1.78741e-05, 
838, 20634.6, 133.746, 166.002, -0.76886, -1.52543e-05, -2.16567e-05, -1.0085e-06, 
839, 57541, 152.961, 34.2499, -103.198, -1.99652e-05, -4.78468e-06, 1.12955e-05, 
840, 20463.4, 107.493, 182.131, 150.716, -1.09531e-05, -1.80471e-05, -1.86837e-05, 
841, 159860, -32.4023, -11.033, 16.0063, 1.83817e-05, -4.1186e-06, -1.84633e-05, 
842, 62195.8, 104.858, -172.35, -62.0425, -5.49094e-06, 1.71839e-05, 5.72514e-06, 
843, 45687.8, 150.638, 94.318, 90.596, -1.73911e-05, -7.66245e-06, -5.85912e-06, 
844, 34083.5, 107.794, -33.8823, -147.105, -1.2756e-05, 4.87865e-06, 1.89623e-05, 
845, 167100, -99.4336, -33.1786, 181.954, 9.16305e-06, 2.98733e-06, -1.95599e-05, 
846, 5197.57, 152.691, 111.208, 28.6138, -2.70021e-05, -8.08076e-06, -5.84214e-06, 
847, 136991, 186.735, -68.5724, 85.88, -2.2865e-05, 5.83272e-06, -7.71906e-06, 
848, 76877.2, 78.6158, 173.23, 133.027, -2.28989e-06, -5.18493e-05, -6.03688e-06, 
849, 58225.5, -128.26, 154.546, -138.172, 1.80935e-05, -1.13383e-05, 1.39009e-05, 
850, 82478.8, 65.3905, -77.7568, 180.867, -5.37584e-06, 7.8688e-06, -2.39724e-05, 
851, 48702.7, -57.0452, -151.827, 193.687, 3.36488e-06, 1.05391e-05, -2.22782e-05, 
852, 115173, 195.176, 1.58459, -91.3107, -3.99597e-05, -4.48428e-06, 1.06171e-05, 
853, 307338, 149.505, 134.473, 80.4687, -1.95125e-05, -1.41368e-05, -5.11154e-06, 
854, 185629, -184.811, -165.626, -125.686, 6.59345e-06, 2.17402e-06, 4.29444e-05, 
855, 56299.4, -165.867, 134.919, -15.4396, 1.84646e-05, -1.02781e-05, -2.15655e-06, 
856, 91465.5, -146.104, -35.6803, 198.795, 1.14612e-05, 2.26468e-06, -1.78791e-05, 
857, 130127, -34.2002, 188.121, -141.83, 1.42186e-06, -2.11429e-05, 1.20546e-05, 
858, 3417.81, -9.17436, -32.9322, -158.088, -2.53803e-06, 1.18889e-05, 9.33655e-06, 
859, 108190, 84.2412, -47.8857, 16.3986, -1.31963e-05, 4.25884e-06, -7.14594e-06, 
860, 123255, 94.7933, -138.881, 89.8853, -1.65648e-05, 2.41713e-05, -8.40409e-06, 
861, 28925, -92.3892, 47.1533, 91.467, 1.50742e-05, -3.35547e-06, -2.01869e-06, 
862, 23416.1, -7.61205, 41.6655, -44.6387, 1.36363e-05, -2.88335e-06, 3.32245e-06, 
863, 17645.7, 121.942, -44.5284, -94.806, -1.88674e-05, 5.53818e-06, 9.43484e-06, 
864, 10434.5, -177.85, 28.5742, -33.3242, 2.17105e-05, -1.24948e-06, 2.93737e-07, 
865, 50602.6, -158.195, -164.902, 32.1029, 1.73027e-05, 1.53752e-05, -6.17339e-06, 
866, 35549.3, -148.219, -38.6061, 129.659, 1.54248e-05, 2.69843e-06, -1.59272e-05, 
867, 21006.8, -86.3133, 21.0783, 77.6807, 1.36194e-05, 8.29603e-07, 5.0216e-06, 
868, 137997, 29.7985, 85.3296, 135.05, -8.45189e-08, -1.65786e-05, -1.34184e-05, 
869, 80183, 180.449, 141.448, 165.105, -1.26667e-05, -1.41065e-05, -1.45228e-05, 
870, 199490, -90.2711, 77.261, -116.194, 7.28861e-07, -1.09287e-05, 1.51621e-05, 
871, 137961, -60.0571, -182.33, -12.715, 9.67187e-06, 2.43306e-05, 7.56192e-07, 
872, 152630, -115.291, 68.297, 61.5463, 1.18219e-05, -7.66006e-06, 4.24657e-06, 
873, 255954, 86.3973, -13.4649, 138.527, -6.44844e-06, -3.00412e-07, -1.49346e-05, 
874, 153344, 77.7334, -152.105, -63.3028, -1.61208e-05, 5.9358e-06, 6.77049e-06, 
875, 243212, -5.04653, -155.941, -3.09842, 8.9149e-06, 5.24478e-05, 2.0027e-05, 
876, 97858.1, -104.978, 198.826, -147.39, 8.89172e-06, -2.51837e-05, 1.37314e-05, 
877, 9197.93, 199.081, 175.271, -183.36, -1.93651e-05, -3.24962e-06, 1.0522e-05, 
878, 559028, 52.265, -117.924, 32.8157, -1.20332e-05, -5.39531e-06, 1.04829e-05, 
879, 72394.2, 134.089, -155.063, -137.556, -9.27343e-06, 1.4232e-05, 7.92027e-06, 
880, 643448, -193.203, -117.899, -148.171, 3.3253e-05, -1.572e-06, 1.15836e-05, 
881, 196113, -106.211, -95.2663, -51.8395, 2.43566e-05, 8.36476e-06, 5.28227e-06, 
882, 87696.5, -9.38029, 151.884, 4.66627, 1.65865e-05, -2.16793e-05, -4.33203e-06, 
883, 54149.7, 88.8855, 107.625, 135.507, -6.82306e-06, -1.32e-05, -1.88549e-05, 
884, 12053.6, 126.507, -53.7366, 62.7121, -1.62329e-05, 6.14134e-06, -5.27428e-06, 
885, 91619.3, -55.0236, -71.929, -199.118, 8.27937e-06, 3.61278e-06, 2.46189e-05, 
886, 57455.7, 42.5033, -8.44596, -126.029, -6.53672e-06, 6.60296e-06, 1.13599e-05, 
887, 35863.2, -89.601, 108.485, 79.8559, 7.17327e-06, -1.24434e-05, -7.79809e-06, 
888, 141989, 60.8916, 190.899, 150.172, -1.32156e-07, -2.62284e-05, -2.25912e-05, 
889, 88802, -113.278, 75.3492, 112.616, 1.03996e-05, -5.68443e-06, -8.98096e-06, 
890, 139498, 49.9543, -166.581, 66.3805, 6.5785e-06, 1.79501e-05, 1.42043e-06, 
891, 27006.8, 122.028, 114.372, 137.67, -1.0457e-05, -1.34069e-05, -1.86787e-05, 
892, 155547, 125.821, 26.9639, 79.4421, -1.70012e-05, -3.63656e-06, -1.14784e-05, 
893, 38489.7, 80.4609, 23.7791, 89.7042, -1.15314e-05, -1.5881e-06, -1.49326e-05, 
894, 47483.5, 121.339, 185.903, 142.216, -1.30407e-05, -1.89835e-05, -1.31249e-05, 
895, 161457, -110.296, 16.669, 95.6576, 1.3964e-05, 3.79357e-06, -6.5565e-06, 
896, 36062.2, -134.442, 13.3364, -2.30597, 1.43698e-05, -6.9776e-07, -8.1108e-07, 
897, 77190.3, -129.387, -198.7, -71.5599, 8.79465e-06, 2.21961e-05, 2.83853e-06, 
898, 208617, 194.887, -137.335, -181.301, -1.8452e-05, 7.74437e-06, 1.49369e-05, 
899, 74295.9, -150.42, 4.72942, -65.1812, 1.90967e-05, -3.37222e-06, 1.72382e-06, 
900, 25043.3, -142.319, -164.42, -127.662, 1.29373e-05, 6.69723e-06, 1.91803e-05, 
901, 67224.6, 114.387, -82.4392, -181.035, -1.53524e-05, 6.89482e-06, 2.11687e-05, 
902, 88868.3, 122.64, -81.3768, 177.457, -8.96998e-06, 6.87295e-06, -2.09722e-05, 
903, 115188, 191.112, 192.766, -173.676, -1.145e-05, -1.41623e-05, 8.25998e-06, 
904, 204594, -124.982, 179.047, 50.3871, 2.23729e-05, -2.40268e-05, -4.95389e-06, 
905, 201036, 98.4704, -140.148, 177.622, -6.90651e-06, 9.91993e-06, -2.5212e-05, 
906, 28556.6, 126.394, -19.754, -186.226, -6.98685e-05, -1.54653e-05, 3.55618e-05, 
907, 12157.4, 139.897, 159.369, -95.6318, -1.06806e-05, -1.78122e-05, 1.24211e-05, 
908, 34602.5, 41.7415, 99.3268, 156.675, -5.46064e-06, -1.59554e-05, -2.3565e-05, 
909, 86744.5, -57.8728, -31.2823, 189.833, 5.44069e-06, 1.97795e-06, -2.25321e-05, 
910, 221669, 21.1788, -116.424, 103.377, 2.08554e-05, 2.69927e-05, -1.21388e-05, 
911, 97442.4, -109.431, 154.551, -142.793, 3.22127e-06, -7.62258e-06, 2.06112e-05, 
912, 298610, 51.9283, 28.6389, 43.4239, -2.06503e-05, 7.2033e-05, -9.23418e-05, 
913, 379606, -119.876, 161.407, 102.855, 2.14571e-05, -2.10341e-05, -1.55764e-05, 
914, 97228.7, -39.9068, 158.815, 147.967, 8.22613e-07, -2.12128e-05, -1.76621e-05, 
915, 320598, 130.274, 110.684, -33.8119, -1.52939e-05, -1.41874e-05, 3.89249e-06, 
916, 7327.83, 173.484, 113.888, 177.047, -9.80692e-06, -1.56662e-05, -1.84258e-05, 
917, 35705, 42.8771, 122.127, 35.8091, -1.76407e-07, -2.14424e-05, -1.98494e-06, 
918, 342474, 21.2714, -116.133, 77.8293, 2.93462e-06, 6.25819e-06, -4.72095e-06, 
919, 66720.6, -130.819, -69.2713, 121.586, 1.96296e-05, 9.65291e-06, -2.83261e-05, 
920, 65542.4, 40.2339, 22.5561, 120.211, -4.26922e-06, -3.54444e-06, -1.80943e-05, 
921, 6241.52, -169.473, -80.9187, 166.384, 1.25091e-05, -3.21057e-07, -1.26832e-05, 
922, 618351, 51.7313, 34.5719, 36.5719, -5.40103e-06, -5.07015e-05, 5.02896e-05, 
923, 79778.9, -190.761, 173.213, -4.72613, 2.11195e-05, -1.24239e-05, 1.31907e-06, 
924, 45720.9, 155.17, -69.6867, 73.3175, -1.81199e-05, 6.17311e-06, -3.44217e-06, 
925, 8739.97, 89.2546, 114.086, 150.904, -7.37689e-06, -1.25708e-05, -2.21087e-05, 
926, 25700, -29.2414, -12.233, -32.8555, 5.75558e-06, -3.42145e-06, 3.58211e-06, 
927, 169457, -34.66, -16.4136, -2.33002, 1.21176e-05, 1.13258e-06, 6.28049e-06, 
928, 359465, -121.154, 158.448, -69.1585, 1.28339e-05, -1.72746e-05, 7.76321e-06, 
929, 271813, -158.627, 174.484, -43.5684, 2.01611e-05, -1.6748e-05, 2.73965e-06, 
930, 93145, -177.415, -114.155, -63.3482, 1.28656e-05, -5.17049e-06, 2.2699e-06, 
931, 1980.54, -199.858, -161.863, 124.085, 1.89107e-05, 1.45565e-05, -3.83812e-06, 
932, 105732, -153.435, -185.821, -161.523, 6.22359e-06, 1.6389e-05, 9.32533e-06, 
933, 72024.8, -99.1078, 78.946, 154.116, 6.26191e-06, -7.24889e-06, -2.6425e-05, 
934, 193279, -164.027, -150.943, -115.615, 7.94854e-06, 8.71745e-06, 4.28421e-06, 
935, 66304.2, 69.1144, 16.8622, 191.55, 3.19825e-07, -1.71789e-07, -2.64548e-05, 
936, 28554.2, -180.302, -132.901, 4.27845, 1.82429e-05, 9.48171e-06, -4.64947e-06, 
937, 146878, -126.157, -65.9394, 109.934, 1.2773e-05, 5.97673e-06, -9.31635e-06, 
938, 107389, 116.318, 113.272, 87.7867, -9.56941e-06, -1.00881e-05, -1.0532e-05, 
939, 254737, -170.436, 99.8236, -169.143, 1.7916e-05, -7.61312e-06, 1.35861e-05, 
940, 362900, 117.188, 25.4758, 25.6231, -1.68703e-05, -2.06507e-06, -1.96637e-06, 
941, 310219, -109.177, 190.965, -26.6682, 7.11045e-06, -2.13038e-05, -5.88524e-06, 
942, 89928.3, 103.342, 176.133, -32.6013, -1.21327e-05, -2.52368e-05, -7.90646e-07, 
943, 33545.9, 109.345, 90.801, -122.951, -1.36869e-05, -1.23459e-05, 1.63062e-05, 
944, 29356.3, 71.372, -165.022, -67.8512, -2.75772e-06, 3.67747e-05, 1.54906e-05, 
945, 2891.82, -124.638, 134.399, -94.5055, 1.69172e-05, -1.05648e-05, 1.60796e-05, 
946, 106908, 111.236, -176.078, 155.055, -1.39169e-05, 1.96949e-05, -2.32899e-05, 
947, 53758.8, 38.883, 133.711, -109.23, -4.15689e-06, -1.90647e-05, 4.12938e-06, 
948, 59548.6, 8.5853, -102.974, 9.6311, 4.62958e-06, 1.43813e-06, 2.24899e-07, 
949, 31224.3, 144.181, -32.6384, -60.0464, -2.07332e-05, -2.19421e-07, 3.98244e-06, 
950, 135293, 81.8266, 168.473, 137.113, -3.03166e-05, 5.4024e-06, -4.46549e-05, 
951, 83674.9, -114.38, 33.3481, 96.1856, 2.00773e-05, -8.18522e-06, -1.03957e-05, 
952, 149938, 186.037, 13.7858, -32.221, -2.63141e-05, -7.85501e-07, -3.50616e-07, 
953, 53489, -45.2014, 110.421, -70.9206, 3.82434e-06, -7.17719e-06, 3.35315e-06, 
954, 111690, 18.4151, -171.503, -168.127, 2.72957e-07, 2.6832e-05, 2.72879e-05, 
955, 16236.9, -164.657, 124.528, -170.169, 1.55748e-05, -9.38047e-06, 9.61689e-06, 
956, 91001.1, -22.6059, 198.166, 119.134, 2.57869e-06, -2.17438e-05, -1.19441e-05, 
957, 9403.74, -107.625, -122.62, -102.332, 9.94824e-06, 8.37122e-06, 9.08845e-06, 
958, 25399.8, 82.6149, 25.7819, -59.3439, -8.60168e-06, -7.15611e-06, 5.55221e-06, 
959, 62610.3, 186.996, 142.343, -11.9709, -2.3386e-05, -1.31763e-05, -8.67028e-07, 
960, 142089, -59.7019, -190.207, 139.074, 7.0534e-06, 2.17854e-05, -9.60997e-06, 
961, 74241.4, -58.8552, -195.855, -165.119, -1.06084e-05, 2.11779e-05, 1.33993e-05, 
962, 4867.39, -18.7069, -89.81, -38.8992, 1.01509e-05, 1.53834e-05, 7.14627e-07, 
963, 62376.8, -90.4679, 133.131, 145.131, 1.11583e-05, -1.56505e-05, -2.29369e-05, 
964, 84458.3, 32.521, 71.4332, 142.149, -2.89019e-06, -1.36628e-06, -2.34454e-05, 
965, 554298, -61.8753, 24.1463, 102.388, 3.84201e-06, -4.32054e-06, -5.78337e-06, 
966, 286819, -132.984, 91.8399, 131.579, 5.44239e-06, -2.25215e-05, -5.97084e-06, 
967, 190355, -152.594, 44.2584, 82.4431, 2.34262e-05, -1.89831e-06, -8.61273e-06, 
968, 59116.3, 137.479, -150.752, 29.1697, -1.46431e-05, 1.64842e-05, -2.26577e-06, 
969, 292484, 118.378, -2.65814, 190.414, -5.94271e-06, 1.20715e-06, -2.70254e-05, 
970, 9267.95, 8.38409, -192.264, -176.296, 4.31768e-06, 2.9159e-05, 2.06577e-05, 
971, 13799.8, -47.5422, -101.577, 118.383, 1.08655e-05, 7.10934e-06, -8.62168e-06, 
972, 36812.6, -11.9743, -111.819, -89.0484, 5.45022e-06, 1.32744e-05, 2.74297e-06, 
973, 8567.97, -87.8748, 66.968, 87.0409, 1.52532e-05, -6.59537e-06, 5.19284e-07, 
974, 15274.9, -59.3715, -125.616, -72.1719, 6.09789e-06, 1.47924e-05, 2.69677e-06, 
975, 16243.1, -48.6121, 11.1319, 112.248, 6.70159e-06, 0.000104166, -3.33226e-05, 
976, 36388.5, 26.4785, 135.993, -132.555, 4.39586e-06, -2.73033e-05, 1.53746e-05, 
977, 58456.9, -173.385, 179.666, -196.365, 1.30393e-05, -1.33672e-05, 1.43772e-05, 
978, 308042, 126.689, 67.0508, -76.2994, -7.27443e-06, -3.03147e-06, -2.24022e-06, 
979, 177518, 181.254, -0.323143, -88.1135, -1.61634e-05, -1.96943e-06, 5.67304e-06, 
980, 48173.2, 145.367, -142.249, 10.0781, -1.69891e-05, 1.36694e-05, 2.06597e-06, 
981, 16457, 160.452, -43.2108, -11.4597, -2.44491e-05, 2.19219e-06, -2.25944e-06, 
982, 24972.9, 71.0141, -184.006, -48.7668, -7.16492e-06, 2.90121e-05, 4.51437e-07, 
983, 180722, 176.498, 25.6325, 97.9179, -2.22469e-05, -2.68582e-06, -9.13778e-06, 
984, 15823.6, -71.0595, 1.63312, 18.7513, 1.91399e-05, -2.48847e-06, -6.4699e-06, 
985, 67737, 54.2583, -145.608, -68.0969, 1.91753e-06, 1.20302e-05, 4.76676e-06, 
986, 54113.7, 85.1131, -74.0042, -187.413, -2.0378e-05, 1.16846e-05, 4.02022e-05, 
987, 129911, -180.282, -120.436, -143.856, -3.28119e-05, 1.29393e-05, -1.48238e-05, 
988, 11482.3, -87.1227, -40.835, 123.568, 4.62882e-06, 5.74558e-06, -1.92455e-05, 
989, 187468, -153.019, -30.8839, -195.465, 1.64832e-05, 3.83066e-07, 1.8935e-05, 
990, 88037.8, -147.878, -81.8761, 50.7521, 1.35279e-05, 7.11833e-06, -2.94091e-06, 
991, 158223, -60.6451, 164.638, 29.9736, 4.54971e-06, -1.84447e-05, -1.07274e-06, 
992, 43448.3, 123.1, -52.8426, -61.0619, -1.79867e-05, 2.88346e-06, 8.33488e-06, 
993, 47459.5, -198.83, 5.87155, -40.6878, 2.40749e-05, 9.78106e-08, 1.53188e-06, 
994, 93004.3, 97.8737, 132.941, -184.309, -7.97194e-06, -1.30438e-05, 2.03046e-05, 
995, 31263, 12.4145, -14.9314, 76.7632, -1.10643e-05, -5.99724e-06, -3.83768e-06, 
996, 11694.1, 195.072, 178.925, -185.29, -1.16656e-05, -9.81763e-06, 1.70222e-05, 
997, 9620.06, 37.3399, -76.4632, 148.933, -5.85327e-06, 4.11609e-06, -2.26026e-05, 
998, 59369.4, -155.083, 176.61, -183.214, 8.83371e-06, -1.61988e-05, 1.33915e-05, 
999, 12369.9, -185.427, 2.19989, -15.7268, 2.26489e-05, -1.2348e-06, 3.57621e-07, 
