ID, Mass [kg], pos_0 [m], pos_1 [m], pos_2 [m], vel_0 [m/s], vel_1 [m/s], vel_2 [m/s], 
0, 5682.38, -36.6524, -20.0352, -10.4239, -0.00157362, -0.00302828, -0.00128287, 
1, 51291.5, -42.9072, -32.2199, 44.1523, -0.00404846, -0.00366743, 0.00491311, 
2, 73779.3, 6.60186, 2.74981, 0.106998, 0.00434299, 0.00181999, -0.00390626, 
3, 9731.99, -7.46976, 33.6189, 23.9015, -0.000457356, 0.00270678, 0.000193992, 
4, 104587, 1.71417, -1.91772, 2.5412, -0.00530836, -0.00844146, -0.00179403, 
5, 42215, 1.1235, 0.724954, 1.28204, 0.00261701, 0.0108107, -0.00137946, 
6, 57220.4, 33.9583, 29.6525, -36.0361, 0.00288864, 0.0041043, -0.0027307, 
7, 44855.5, 0.93373, -8.83762, 3.60768, -0.00121457, 0.00158715, 0.00197283, 
8, 276797, -1.43587, -2.4784, 3.76726, -0.00405361, -0.00388877, 0.00366337, 
9, 2643.18, -2.67662, 4.69776, 4.68336, 0.00326481, -0.00391588, 0.00328187, 
10, 33961.7, 5.04354, -12.2379, -1.7551, -0.00212724, 0.00325233, 0.0027849, 
11, 8691.35, -9.8281, 65.1573, -56.1689, -0.000376936, 0.00597418, -0.00583916, 
12, 141682, -6.11122, 4.97321, 6.76609, 0.00230618, -0.00194569, 0.000974882, 
13, 288611, -10.0385, -13.9026, 3.95614, 0.00375499, 0.000663783, 0.0012583, 
14, 512847, 1.30427, 0.190489, 3.48492, 0.00512225, 0.00135519, 0.00431607, 
15, 15651.7, 7.13205, 14.1832, -6.7178, 0.00131771, -0.000862618, 0.000288849, 
16, 182451, 28.773, -20.4732, 53.4786, 0.00340154, -0.00157623, 0.00418372, 
17, 62197.8, -13.3829, -6.93504, -0.958176, 0.00302636, 0.00157431, -0.00132647, 
18, 185440, -11.6559, -17.112, 2.76282, 0.00291783, 0.0015136, -0.000841481, 
19, 36701.4, 36.9277, 54.839, -51.8455, 0.00389265, 0.00543295, -0.00524059, 
20, 106936, -74.7419, -43.7684, 21.6099, -0.00752571, -0.00448403, 0.00215712, 
21, 161838, 1.10054, -4.16189, 1.46596, 0.000527532, -0.00233749, -0.00163598, 
22, 144875, 3.35595, 11.1544, 6.23194, 0.000545796, -0.00164526, 0.000411905, 
23, 100936, 1.75204, 20.2985, 6.34283, -0.000883644, -0.00214538, -0.00193307, 
24, 95186.1, 49.1548, 41.7181, 40.0865, 0.00495774, 0.00347544, 0.00347458, 
25, 151808, 38.0522, -28.6177, 59.0154, 0.00432429, -0.00244783, 0.00569075, 
26, 118354, -1.02005, 4.20957, 4.73681, 0.00117088, -0.000156595, -0.0068349, 
27, 149234, 5.34258, 4.35617, 3.15787, 0.00493108, 0.000298289, -0.00345521, 
28, 9985.68, 7.43134, 9.63875, -0.921015, -0.00373805, -0.000157497, 0.000981717, 
29, 180895, -9.81543, -4.97732, -5.34264, -0.000637747, 0.00170553, -0.000884997, 
30, 486.041, -5.80664, -3.83758, 3.63932, -0.0051317, 0.000564544, -0.00209995, 
31, 70262.9, 1.56776, -2.41671, 2.58619, 0.00412577, -0.00852578, 0.0069272, 
32, 45902.1, -5.23551, 14.1196, -1.25057, 0.00142525, -0.000535342, 0.0012117, 
33, 24444.7, -2.62286, 10.4544, -3.75679, 0.00371787, -0.00123316, -0.00191888, 
34, 65679.9, -1.29635, -13.679, 5.56194, -0.000953556, 0.00129713, 0.00191484, 
35, 3309.29, -12.0842, -33.4114, -7.63506, 0.00135989, -0.00302729, -2.42236e-05, 
36, 8280.38, -49.6652, 50.914, -23.7968, -0.00437853, 0.00486394, -0.00301889, 
37, 94538.9, -1.19298, 4.64076, 5.59223, -0.00129471, 0.00451141, 0.000682343, 
38, 30213.7, 73.2197, -16.0688, -11.5563, 0.0080428, -0.000898223, 5.22543e-06, 
39, 53471.9, 3.69192, 4.36736, 5.57015, 0.00396458, -0.00733131, 0.00546321, 
40, 43100.3, -20.0153, 27.4141, -28.3475, -0.000778148, 0.0015534, -0.00204638, 
41, 44746.6, 16.711, 39.3998, 4.83644, 0.00105028, 0.00241179, -0.0012107, 
42, 34053.9, 0.262589, 26.8127, 45.4977, -0.000390237, 0.00259972, 0.00352049, 
43, 54380.2, 4.16642, 3.24423, 0.82249, 0.00622792, -0.00459414, -0.000994319, 
44, 38723.2, 24.4285, -5.61783, -35.327, 0.00121643, 1.96215e-05, -0.00268436, 
45, 2321.23, -10.3911, -16.2046, 0.752448, 0.00197702, 0.000502264, 0.00169521, 
46, 241169, -5.03143, 1.28281, 1.89483, -0.00259682, 0.00362452, -0.00284, 
47, 344827, 3.88509, 2.68351, 0.373219, 0.00312255, -0.00245009, 4.01625e-05, 
48, 39271.1, -2.85444, 7.92853, 2.11122, 0.00482005, 0.00150867, 0.000623126, 
49, 19687.8, -61.0841, 55.1595, -26.0563, -0.00628591, 0.00591361, -0.0033979, 
50, 61216.8, -1.41771, 5.21958, -1.80446, -0.00113343, 0.00215957, -0.00825134, 
51, 19182.2, -44.8536, 64.1006, -41.3474, -0.00432691, 0.00671028, -0.00471164, 
52, 12420.5, 10.0075, 1.62892, 5.72921, 0.00257214, -0.000825943, -0.00424284, 
53, 85447.4, -75.2746, -7.33748, -32.5891, -0.00737775, -0.00075908, -0.00300541, 
54, 361436, 1.29636, 0.477426, 3.66283, -0.00411411, -0.00250804, -0.00657987, 
55, 158926, 22.639, 11.078, -30.5568, 0.00176592, 0.000750989, -0.00112395, 
56, 49282.6, -26.9104, 49.942, -54.051, -0.00177004, 0.00483758, -0.0059268, 
57, 218355, 3.62574, -1.3709, 1.49561, -0.00298037, 0.00162511, 0.00364373, 
58, 22371.5, 74.6546, -19.9423, -13.1992, 0.00835389, -0.00165369, -0.000853953, 
59, 55919.9, -16.2713, 32.7905, -45.0141, -0.000295849, 0.00202395, -0.0036281, 
60, 21598.8, 3.47427, 5.791, 6.65804, 0.00402511, 0.0037902, 0.00319576, 
61, 398.952, 0.378073, 4.4633, -0.504772, 0.00357729, -0.00837303, 0.00430336, 
62, 1108.92, 5.37883, -7.0327, 48.9721, 0.000730935, -0.000321874, 0.00322711, 
63, 108555, 9.52054, 3.23639, 6.34161, -0.0013289, 0.00383193, -0.00141288, 
64, 244863, 11.3998, -5.03626, 22.7495, -0.000554098, 0.000167766, -0.0012304, 
65, 220694, -25.5252, 47.6476, -41.4264, -0.0015981, 0.00445799, -0.00401831, 
66, 61700, -4.90987, 65.3612, 30.0869, 7.7524e-05, 0.00599578, 0.00258287, 
67, 55388.9, -41.2304, 12.0195, 32.0206, -0.00388319, 0.000998906, 0.0030627, 
68, 211156, 0.298086, 0.0522091, 3.1904, -0.000544684, 0.00486202, -0.00124552, 
69, 12720.6, 4.96157, 10.6541, 5.35221, 0.00161934, 0.00367754, 0.00260127, 
70, 25096, 0.79431, 18.6249, 11.4156, -0.00165748, 0.00196643, 0.00120711, 
71, 179870, -7.36481, -6.83836, -1.13913, -0.00129814, -0.00142671, -0.00251379, 
72, 79123.8, -59.3536, -16.7796, -4.04502, -0.00435386, -0.00127348, -0.000498189, 
73, 110870, -1.05192, -1.7365, 5.21838, 0.0038633, -0.00790616, -0.00266359, 
74, 43359.1, 22.8608, 39.325, 21.2378, 0.00102109, 0.00410485, 0.000453988, 
75, 140124, 1.50895, -3.04631, 5.75295, -0.000901704, 0.00364929, -0.00109734, 
76, 229268, -16.6642, 27.5164, -31.7706, -0.000625475, 0.00141507, -0.00167455, 
77, 302149, -1.31881, 4.95762, 3.64297, -0.000555195, 0.00547343, -0.00163929, 
78, 100708, -10.3634, -13.1054, 2.81314, 0.00119986, 4.479e-05, 0.00293898, 
79, 46633.4, 4.5583, 2.93185, 1.07574, -0.00033393, -7.82264e-05, -0.00949908, 
80, 143926, 3.14429, 13.6298, -0.0715935, -0.0030832, 0.00219901, 0.0026247, 
81, 270.261, -51.5134, 8.7013, 22.0172, -0.00365499, 0.000487837, 0.00138747, 
82, 159650, 7.03714, -5.97084, -1.21941, -0.00017307, -0.00117238, -0.00169172, 
83, 24756, -1.47964, 6.68258, 3.43809, 0.00582532, 0.0035742, -0.000338663, 
84, 18375.3, 3.33604, 10.3139, -0.271304, 0.00467535, -0.000529489, -0.0010966, 
85, 491877, 58.2974, -18.0873, -20.7635, 0.00562652, -0.00128273, -0.00158272, 
86, 194807, -1.82386, 0.851781, 0.0928273, -0.00578637, 0.00102474, -0.000832018, 
87, 8649.23, 6.96252, 12.5128, 0.981838, -0.00452659, -0.00110322, -0.00208173, 
88, 138901, -3.16645, 0.696902, -1.05149, 0.00693692, 0.00560063, -0.0034302, 
89, 50202.9, 1.48282, 5.41729, 5.87345, 0.00418112, 0.00185135, 0.00417041, 
90, 98321.9, 5.6303, 15.9867, -12.5752, 0.000148017, 0.000850491, -0.000461907, 
91, 384069, 1.54194, 3.61639, 2.72616, -0.00233563, -0.000205712, 0.00438166, 
92, 81279.9, -8.91475, -4.01158, -2.82771, 0.00305605, 0.00410019, 0.000294741, 
93, 91375.2, 2.33542, 3.51538, 1.0311, -0.000647464, -0.00159579, 0.00551989, 
94, 5476.7, -11.7207, -20.9823, 8.81691, 0.000572091, 0.000470902, -0.000436059, 
95, 33452.5, -11.111, -7.29393, 0.917385, -0.00149873, 0.0017856, 0.000492573, 
96, 25752.1, -53.572, -18.0864, -16.389, -0.0058066, -0.00231549, -0.00197426, 
97, 200797, -0.304697, -1.59652, 2.10704, 0.00154388, 0.000314608, -0.00380468, 
98, 298981, -0.0292036, -1.88138, 4.31353, 0.00445016, 0.00418349, -0.0037976, 
99, 93146, 2.78915, 3.74163, 1.31146, 0.00659265, -0.00958, 0.00251158, 
100, 8612.85, -15.4011, 12.7113, -18.1172, 0.000940966, -0.000104867, 0.000389417, 
101, 24343.5, 2.08035, -8.24374, 7.57572, -0.000684206, 0.000682983, 0.00202017, 
102, 10296.7, -1.3282, 4.89842, 1.0002, 0.00467585, -0.00840275, 0.00542572, 
103, 15719.8, -4.12156, 2.97959, 10.7752, 0.00314795, 0.00118101, -0.00559726, 
104, 230040, 0.4828, 1.21553, -2.91382, 0.000657, -0.00326681, -0.00118349, 
105, 17846.1, 11.6597, 16.0359, -4.92635, -0.00094288, 0.00350911, -9.40639e-05, 
106, 22216.6, -15.2494, -5.34483, 5.40793, 0.000104912, 0.000425273, 0.000869606, 
107, 98486.7, 2.60434, 15.8094, 7.40642, 0.000310713, -0.00190839, -0.00397318, 
108, 214214, -62.2934, 0.188673, -50.2193, -0.00640483, 7.94431e-05, -0.00527083, 
109, 131614, 1.94256, 3.2784, 3.44188, -0.00207657, 0.0058758, -0.00251077, 
110, 160023, 1.59072, 1.1284, 2.31574, 0.000734557, 0.00262098, 0.000824271, 
111, 115735, 1.75663, -3.53466, 1.70007, -0.00379612, 0.00529143, -0.00126595, 
112, 378585, 32.5398, 13.1548, -46.302, 0.00270532, 0.0018649, -0.00389714, 
113, 83295.8, -27.9265, 10.5337, -1.17715, 0.00041471, 0.000860246, 0.000770632, 
114, 148827, 12.9971, -0.580288, 3.25329, -0.00298126, -0.00169502, 0.000148232, 
115, 285284, -2.97078, -38.5744, 58.5112, -3.57723e-05, -0.00397757, 0.00547847, 
116, 515864, 1.32565, 1.50399, 1.23029, -0.000118441, -0.0012247, 0.00249885, 
117, 88363.5, 2.47698, -14.1132, 17.0144, -0.00133802, -0.000108824, -0.00201361, 
118, 155064, 21.8968, 18.1829, -4.81358, 1.57148e-05, 0.0014733, -0.00236267, 
119, 18098.3, 3.88401, -0.177936, 2.87798, 0.00012844, -0.00928493, -0.00441681, 
120, 34391.6, 62.2826, -26.0763, -10.0592, 0.00613821, -0.00190468, -5.01643e-05, 
121, 78154, -2.83244, 5.10863, -2.26302, -0.00086052, -0.00666204, 0.00303137, 
122, 10497, 2.00905, -3.18745, 0.897388, -0.00154163, -0.00412485, -0.00130784, 
123, 59058.1, 0.307462, 11.6994, 7.47857, 0.00209302, -0.00501545, -0.000610419, 
124, 5646.35, 6.68164, 5.69408, 4.38299, 0.00500446, -0.00420276, 0.00121631, 
125, 103346, 8.92193, -4.31089, 1.56703, 0.00125268, -0.002048, -0.00416028, 
126, 64702.5, -72.7042, 0.545322, 26.04, -0.00704301, 6.45242e-05, 0.0030554, 
127, 199056, 1.9676, 2.36261, 0.565065, 0.000809816, -0.00797631, 0.00692625, 
128, 192649, 0.906957, -2.33468, 0.103825, -0.000963386, 0.00174255, -0.00159181, 
129, 1707.71, 1.91802, -0.983913, -1.65138, 0.000192624, 0.00858662, -0.00198818, 
130, 19869.9, 0.14903, 2.44718, 3.49603, 0.00619132, 0.00308167, -0.00270147, 
131, 143979, 2.24044, -0.334605, -0.0219652, 0.00270319, 0.00229641, -0.00776864, 
132, 37850.6, -87.9692, 42.4032, -22.9449, -0.00956446, 0.00431267, -0.00225678, 
133, 50031.5, -0.314042, -0.465706, 0.103074, -0.00574396, 0.00129331, 0.00420348, 
134, 369068, -14.4922, 2.61355, -6.78732, 0.00356634, -0.000100261, 0.00152041, 
135, 3806.98, -3.08206, -7.4713, -0.358272, 0.000274418, 0.00657894, 0.00104097, 
136, 64591.7, -2.62654, 2.72699, 5.98271, -0.00237694, 0.00729796, -0.00432126, 
137, 1688.15, 1.41728, -22.045, 10.6261, 0.00235486, -1.61313e-05, 0.000319887, 
138, 439943, -0.21229, -1.83207, 0.71113, 0.00708427, -0.0032893, 0.00685317, 
139, 72054.1, 3.52935, 4.03454, 0.107347, -0.00486505, 0.00597472, 0.00383817, 
140, 10511.3, -4.6719, -22.97, 28.2996, -0.000134201, -0.00138658, 0.000557254, 
141, 28560.6, -6.73411, -12.11, 4.67664, -0.00313851, 0.000647648, 0.00178118, 
142, 92270.6, -0.966655, -5.88001, 4.95464, -0.00267025, 0.00517218, -0.000292211, 
143, 57507.6, -57.5652, 18.644, 35.4452, -0.00530209, 0.00179314, 0.00329762, 
144, 106955, 1.89761, 0.478561, 1.0249, -0.000375836, 0.00395983, -0.012868, 
145, 53021.1, 1.15082, 4.02375, 0.485402, 0.000611224, -0.00617503, -0.00433395, 
146, 127593, -3.72257, -7.00781, 7.06012, 0.00510086, -0.000982517, 0.000587678, 
147, 31386.3, 3.79785, -2.47169, 1.36993, -0.00302174, -0.000462245, 0.00272655, 
148, 89613.6, 2.51628, 5.70292, -19.046, 0.00229426, -0.00274748, 0.000765743, 
149, 251415, 11.8094, -2.14348, 13.6715, -0.00174493, 0.000331627, -0.00359673, 
150, 55890.6, 11.5236, -5.76119, 3.01431, 0.00087309, 0.00513658, 0.000788963, 
151, 174949, -0.135662, -0.772347, -0.0622654, 0.00847893, -0.00810629, 7.47121e-05, 
152, 66072.8, 0.232209, 1.24308, 3.46806, -0.0045612, 0.00341141, -0.012276, 
153, 19075.8, -6.57563, -6.03198, 20.3511, -0.000584719, 0.00035807, 0.00101736, 
154, 47261.5, 10.0091, 11.5287, -4.85006, -0.00149924, 0.000641645, -0.00169779, 
155, 102102, 4.66343, -0.366267, 0.32816, -0.00620136, -0.000828105, 2.8972e-05, 
156, 5375.03, -3.96168, -3.84984, 10.0741, 0.0040558, -0.000266317, -0.000671502, 
157, 3761.7, -8.92349, 8.76214, 8.84814, -0.00119999, 0.00360293, -0.000531801, 
158, 7652.65, -2.61436, -0.362481, -8.87507, -2.81529e-05, 0.00113096, -0.00179399, 
159, 47070.1, 0.925191, -2.31427, 1.51758, 0.00151964, -0.001813, -0.00164811, 
160, 17972.9, 1.50551, -1.24904, 2.73543, 0.00890898, 0.0064777, 0.00134678, 
161, 218629, 7.50388, 15.156, -0.468971, 0.00226613, 0.00297667, 0.000277682, 
162, 138887, 3.27334, 1.50013, -2.17727, 0.00231005, -0.00439725, 0.00198033, 
163, 33277.3, 5.77401, -10.4197, 10.2948, -0.00344127, 0.00246307, 0.00195215, 
164, 167891, 1.86282, -0.194486, -2.55374, 0.0051792, 0.00445599, 0.0024338, 
165, 62570.5, -2.41611, -68.9377, -16.8477, 0.000230351, -0.0066409, -0.00167563, 
166, 38130.4, 16.0316, 58.4425, 31.4156, 0.00202074, 0.00502152, 0.00254844, 
167, 22403.8, 11.1594, -26.4511, 47.1809, 0.00129256, -0.00250929, 0.00323381, 
168, 1479.59, 34.8994, 21.7061, -49.9934, 0.00357895, 0.00246161, -0.00452026, 
169, 20399.9, 1.91493, -44.9814, 52.4497, 0.000118724, -0.00496257, 0.00444391, 
170, 115854, 0.468119, -0.926799, 1.56302, -0.00403924, 0.00282794, 0.000700495, 
171, 27762.9, -0.0800888, -4.13674, 2.96821, 0.000607913, 0.00259045, 0.00301956, 
172, 250928, 0.173187, 0.094023, 5.58956, 0.000346821, -0.00399853, 0.00853759, 
173, 74469.2, -52.0359, 37.1715, -15.7134, -0.00465837, 0.00458494, -0.00157491, 
174, 143481, -68.0986, 47.8319, -32.6551, -0.00689174, 0.00500169, -0.0036367, 
175, 27145.1, -2.0243, 0.559924, 0.551957, -0.0036353, 0.00159383, 0.0045415, 
176, 32620.6, -3.93917, 3.0259, 0.550224, -0.000103781, 0.00503967, 0.002291, 
177, 52575.7, 0.0527266, -43.3138, 75.5579, -4.5132e-05, -0.00465561, 0.00813716, 
178, 19746.4, 1.0518, -1.70536, 2.1675, -0.00167437, -0.0090171, 0.006578, 
179, 33623.1, -15.703, 6.63178, 2.64162, 0.00331947, 1.37469e-05, 0.00215497, 
180, 50349.8, -59.0913, -39.0575, -30.655, -0.00560624, -0.00375094, -0.00283566, 
181, 89376.8, 10.5619, -8.6223, 2.42481, 0.00102088, -0.00416404, -0.00164774, 
182, 42160.2, 1.65727, -0.82804, 68.0942, -1.20645e-07, -5.16299e-05, 0.00663805, 
183, 100544, -23.9324, -18.2696, 3.49866, 0.000807809, -0.000729052, 0.00128126, 
184, 1446.88, -0.655109, -0.33009, 5.4737, 0.00543643, -0.0077358, 0.00218196, 
185, 119694, -4.65286, -3.18355, 4.6282, 0.00129424, 0.00502494, -0.00225586, 
186, 120999, -0.423377, 2.08844, 0.422443, -0.0107856, 0.00133218, 0.000772781, 
187, 52698.3, -6.68334, -0.0989625, 6.04791, 0.00529102, 0.00107428, 0.000632782, 
188, 105467, -5.77149, 4.2074, 0.931269, 0.000163956, 0.000556516, -0.00484533, 
189, 99748.4, -8.37445, -41.4197, 22.1074, -0.00086818, -0.00290622, 0.00139223, 
190, 77133, 0.354494, -1.06302, 4.8816, -0.000888246, 0.000905226, 0.000788107, 
191, 178804, -0.0133713, 4.56245, 0.648569, -0.00293231, -0.00126021, -0.00729233, 
192, 8685.6, 2.80048, -0.591407, 4.67987, 0.00430972, 5.07541e-05, 0.00423717, 
193, 256954, 20.8075, 4.66046, 29.4175, 0.00223658, -0.00145838, 0.00153054, 
194, 53540.6, -3.71794, -0.512537, -5.0361, 0.000817693, -0.00119617, -0.00187685, 
195, 220652, 5.53636, 1.62075, 3.02662, -0.00477264, 0.00209013, 0.00322694, 
196, 10258.1, -10.5688, 3.5449, 0.659965, 0.000917117, -0.00240863, 0.00126601, 
197, 6083.3, -22.8064, -9.91036, 19.9272, -0.000937197, 0.00057375, -0.000359962, 
198, 127562, -0.77006, -1.36359, 1.89815, -0.00627041, -0.0112544, 0.00218753, 
199, 34766.2, 3.88898, -0.17481, 10.8995, -0.00103903, -0.000948415, 0.00206522, 
