ID, Mass [kg], pos_0 [m], pos_1 [m], pos_2 [m], vel_0 [m/s], vel_1 [m/s], vel_2 [m/s], 
0, 97975.8, 26.9868, -37.1221, -20.2044, -0.000334308, 0.000397651, 3.44932e-05, 
1, 77894.7, -11.7767, -26.3382, -33.4428, 0.000295955, 0.000351574, 0.000363658, 
2, 11402, -34.1121, -29.2585, 42.5496, -0.000299429, 5.03126e-05, -6.06589e-05, 
3, 66098.7, 26.6916, 19.6074, 13.7254, -0.000361747, -0.000189708, -0.000115958, 
4, 44838.5, 46.38, 40.6689, 18.6662, -0.00046738, -0.000472625, 5.86262e-05, 
5, 294431, -24.2626, 12.351, 3.48427, -0.000360609, 0.000280842, 0.00108848, 
6, 45520.7, -16.4638, 27.3726, -46.3246, -4.28397e-05, -9.10406e-05, 0.000464632, 
7, 104607, -37.4038, -30.9976, 43.4895, 0.00056276, 0.000611961, -0.000949544, 
8, 18630.4, 31.6949, 32.6321, 20.7796, -0.000286687, -0.000383395, -0.000136179, 
9, 6880.78, 11.981, -39.9148, 31.5422, -0.000137979, 0.000418268, -0.000345825, 
10, 62559.5, 34.5324, 13.4813, 40.1878, -0.000223073, -0.000132517, -0.000388325, 
11, 25475.3, -22.5469, -15.023, -44.4321, 8.57181e-05, 5.36074e-05, 0.000660344, 
12, 71640.3, 30.1805, -2.72726, 10.7736, -0.000641577, 7.51922e-05, 0.000197911, 
13, 19375.1, 28.1898, -8.4276, -37.3779, 0.000530988, 0.00275018, 0.00140306, 
14, 192659, -34.9705, -29.9564, 40.3937, -0.000107349, 0.000154806, 0.0001201, 
15, 90493.3, 15.0574, 10.4925, 39.7547, -0.000382165, 3.49828e-05, -0.000942136, 
16, 55088.9, -14.7316, -11.6516, -24.7415, 0.000120596, 9.17679e-05, 0.000377738, 
17, 128599, -16.2002, -4.50272, 26.3192, -4.79788e-05, 6.72795e-05, -0.000436379, 
18, 2686.61, -13.0747, -2.01125, 24.6583, -0.000604623, -0.000324103, -0.000215118, 
19, 57797.8, -47.0661, 25.8135, 25.1043, 0.000826842, -0.000164846, -0.00020782, 
20, 50565.7, 38.1027, 25.5341, -16.1171, -0.000505303, -0.000144133, 9.89343e-05, 
21, 170562, -5.59953, -23.8832, -36.735, -0.000148285, 0.000117124, 0.000581609, 
22, 46366.2, 26.8923, 17.5584, -22.6463, -0.000227842, -0.000176294, 0.000140582, 
23, 48064, 43.6494, 36.7783, 21.1826, -0.000299187, -0.000209072, -0.000103558, 
24, 10737.9, 22.7746, 22.9628, 31.2784, -0.00020729, -0.000288801, -0.000293383, 
25, 6821.61, -34.5501, -18.356, -2.3961, 0.00029911, 0.000799762, 0.000548904, 
26, 85103.7, -18.91, -19.7631, 22.8707, 5.29553e-05, 0.000185229, -0.00014009, 
27, 20373.4, 7.49425, -39.8854, -21.2262, -0.000333216, 0.000809177, -0.000285458, 
28, 40858.5, -27.0592, -13.4138, 27.0429, 5.84398e-05, 2.31932e-05, 0.000158409, 
29, 20052.6, 23.5062, 2.75453, -28.2601, -0.000218085, -0.00022196, 0.000152165, 
30, 30553.1, 45.8636, -19.8634, -10.2084, -0.000594364, 0.000233526, 0.000167015, 
31, 162518, -29.7837, -48.133, 7.69693, 0.000213633, 0.000526597, -4.44908e-05, 
32, 65626.2, 13.6737, -13.5977, -0.318709, -0.000245181, 0.000241658, -2.83458e-05, 
33, 187658, -44.4422, -32.0504, 48.1387, 0.000651277, 0.000349159, -0.000574454, 
34, 143234, 12.0384, 45.0632, -49.097, -6.83616e-05, -0.000278441, 0.00036683, 
35, 251764, -39.911, 36.5625, -41.3248, -0.00157389, 0.000885896, 0.00138356, 
36, 188234, 4.82831, -48.902, 11.9232, -0.000156904, 0.000546734, -0.000106372, 
37, 145115, -17.0969, -30.187, 19.6518, 2.40984e-05, 0.000445066, -0.00012638, 
38, 97491.5, 42.8864, -5.7176, 0.317364, 0.00107197, 0.00168727, -0.000704449, 
39, 31783.6, -30.8949, 37.0508, -27.4721, -3.13876e-07, -0.000268978, -4.29356e-05, 
40, 3660.49, -16.7099, -30.119, 0.479048, 0.00030748, 0.000551824, -0.00010848, 
41, 6882.93, 20.2281, 32.712, 14.3534, -0.000145927, -0.000678041, -0.000131814, 
42, 15820.5, 27.7058, 9.10552, -35.0427, -0.000294347, -0.000269912, 0.000368876, 
43, 12851.8, 13.0568, 11.6693, 36.2989, -0.0016729, 0.000400221, -8.43116e-05, 
44, 207554, -46.3237, -43.2262, -28.7169, 0.000406079, 0.00056505, 0.000207064, 
45, 14218.7, 19.7518, 17.6724, -15.0025, -0.00026401, -0.000189119, 0.000187789, 
46, 94578.2, 39.496, 31.8962, 37.0831, 0.00118243, 0.000190045, 0.00126308, 
47, 139467, 49.1051, 32.9748, 48.6675, -0.000387234, -0.000212771, -0.000384931, 
48, 34799.6, 31.702, 27.6206, 8.3005, -0.000483719, -0.000363314, -2.87527e-05, 
49, 52524.3, -12.0153, 15.1653, -16.5429, 7.20208e-05, -5.83739e-05, 0.000479797, 
50, 168682, -47.7261, -26.9866, -29.9182, 0.000812421, 9.04535e-05, 0.000252121, 
51, 4879.07, -35.4438, -6.76431, -36.6606, 0.000350181, -0.000301575, 0.000575291, 
52, 127413, -27.6784, -45.337, 46.875, 3.77972e-05, 0.000491343, -0.000497856, 
53, 2820, -17.7429, 44.2229, 2.31501, 4.3103e-05, -0.000661618, 0.000240728, 
54, 67623.2, 13.7982, 11.2957, 36.2596, 3.72534e-05, -0.000327782, 7.11819e-05, 
55, 124781, -11.2373, 37.8537, -22.607, -0.000110551, 0.000125374, 0.000117491, 
56, 44370.6, 1.40575, 0.538739, -10.0941, -0.000116412, -0.000206839, 0.000632681, 
57, 51907.6, -7.65384, -33.6516, 2.98892, -1.51664e-05, 0.000628482, -0.000126072, 
58, 101111, -48.3966, 44.4307, 7.6077, 0.000537824, -0.000404772, 3.85539e-05, 
59, 12663.5, 38.3304, -6.42814, 21.4149, -0.000343227, 0.000253623, -0.000203851, 
60, 211734, -9.03224, 42.8872, 20.6737, -7.05406e-05, -0.000494956, -0.000285765, 
61, 14072.5, 35.4225, -24.6058, -16.0256, -0.000376642, 0.000179432, 0.000170822, 
62, 39936.1, 40.6298, -46.7159, -14.3299, -0.000296253, 0.000480289, 6.976e-05, 
63, 94816.2, -32.905, 14.6214, -2.84118, 0.000854195, -0.000115485, 0.000664714, 
64, 294722, 24.0151, -1.35676, 15.8473, -0.000194491, -3.47775e-05, -0.000308926, 
65, 115209, -38.413, -42.0938, -7.24779, 0.000375434, 0.000413434, 2.31063e-05, 
66, 297505, -3.69797, 48.1242, 13.0489, -0.000286445, -0.000682116, 0.000125109, 
67, 109371, 39.0541, -14.5008, 28.5967, -0.00034448, 0.000273796, -0.000218921, 
68, 50319.5, 14.3504, -24.2058, 14.5134, -0.000411764, 0.000345921, -0.000331417, 
69, 94497.4, -15.5608, 3.87548, -40.6973, 0.00010966, -8.81496e-05, 0.000518901, 
70, 28507.8, 18.7687, -3.78141, 40.5028, -0.000143183, 0.000142615, -0.000506347, 
71, 20301.8, -1.66118, -34.0314, -11.3768, -0.000207795, 0.000605595, 0.000106955, 
72, 5514.46, -25.0082, -10.9603, -44.4021, 0.000206589, -0.00014497, 0.000638647, 
73, 51713.3, 9.23966, -27.4395, 17.2333, -0.000106404, 0.000464832, -0.000396826, 
74, 54078.6, -29.2588, -14.9119, 29.2934, 0.000530225, 0.000395008, -0.000375837, 
75, 100331, -20.8318, -47.5881, -24.938, 0.000150995, 0.000599107, 0.000274231, 
76, 16592, -17.4813, 2.49649, 46.6304, -0.000100577, -4.37408e-06, -0.000619487, 
77, 214624, 1.38665, -6.70888, 7.74015, -2.91128e-08, 0.000315038, -0.000581739, 
78, 77042.2, -0.28739, -17.2541, -0.473695, -0.000297049, 0.000406357, -0.000152377, 
79, 131835, -39.2176, 34.3484, -36.2699, -2.63741e-05, 0.000619538, -0.00102199, 
80, 36841.1, 30.1508, 15.3406, -26.3109, -0.000472561, -6.55967e-05, 0.000371912, 
81, 30218.7, -39.7859, -45.9162, 22.971, 0.000419543, 0.000453445, -8.74328e-05, 
82, 5693.83, -24.782, -18.2751, -21.0269, 7.52374e-05, 0.000135137, 9.65144e-05, 
83, 46120.3, 47.0903, 15.6205, -37.363, -0.000421364, -0.000106438, 0.000260502, 
84, 20479.4, -24.5767, -46.0519, -7.65651, 0.000174067, 0.000588868, 1.74896e-05, 
85, 115679, -11.93, -46.1274, 23.7971, -9.66166e-05, 0.000559782, -0.000198969, 
86, 124413, -41.0411, -21.7432, 43.8838, 0.00050377, -0.000168141, -0.000404757, 
87, 14754.9, 32.9446, 4.72797, 26.4735, -0.000250278, -0.000175401, -0.00038685, 
88, 1562.9, 2.50413, 24.9022, -30.4616, -0.000126067, -0.000209118, 0.000384679, 
89, 213089, 46.0964, 1.97698, 22.7515, -0.000597994, -9.40235e-05, -0.00028802, 
90, 131961, 46.5368, 0.427071, 9.51641, -0.000691109, -0.000141099, 2.00773e-05, 
91, 25620.6, -48.0914, 2.84905, -12.6588, 0.0007705, -1.79991e-05, 0.000175614, 
92, 36643.2, -22.447, 23.7402, 27.6855, -0.00141963, 0.00030969, -0.00174786, 
93, 10124.3, -14.7771, -4.02058, 20.756, -0.000100301, 0.000101516, 9.98466e-05, 
94, 134912, 20.9637, -14.7571, -0.254919, -0.000549741, 0.000223504, 2.06751e-05, 
95, 352934, 3.86687, -1.04636, 1.01243, -0.00028675, -0.000291618, 0.000140299, 
96, 53519.9, -36.3851, -8.86603, 42.7136, 0.000317455, 0.000254585, -0.00039837, 
97, 179640, -28.4673, 20.8926, 5.11673, 0.000586108, -0.000976338, 0.000380537, 
98, 92275.8, 37.3473, -20.853, -29.6895, -0.000509024, 0.000208117, 0.000214273, 
99, 37250.3, -10.0453, -42.045, -40.5999, 0.000148414, 0.000381169, 0.000413837, 
100, 237086, -25.7968, -42.3748, 32.6644, 9.38991e-05, 0.000518876, -0.000194275, 
101, 89616.5, -40.2449, 3.53809, -12.2075, 0.000524815, -2.74234e-05, 0.000253637, 
102, 131392, -38.7012, -11.403, 24.1414, 0.00060421, 0.000105299, -8.37991e-05, 
103, 134711, 40.0383, 32.0664, 37.6878, -0.00132536, -0.000773231, -0.000928995, 
104, 108522, 20.6156, -17.8524, -36.3379, -8.02319e-05, 0.000271654, 0.000395329, 
105, 228291, 45.5261, -1.31529, 44.2829, -0.000405758, -0.000355326, -0.000548213, 
106, 233820, 28.5481, 47.1239, -16.2284, -0.000323618, -0.000615641, 4.21367e-05, 
107, 93778.3, -33.0116, -11.2532, -19.4311, 0.000360233, -0.000135855, 3.04854e-05, 
108, 109531, -7.40968, -6.04988, -4.43445, 0.000254686, -3.16438e-05, 0.000249547, 
109, 162559, -35.4101, -15.3903, 0.524387, 0.000505728, 0.000174543, -2.90277e-05, 
110, 104548, -19.1877, 46.5242, -45.0791, -8.43498e-05, -0.000392189, 0.000386583, 
111, 390486, -36.3657, 1.91373, 45.8552, 0.000301852, -8.32129e-05, -0.00052825, 
112, 17258.3, 3.54859, -27.3446, 25.1894, -0.000121587, 0.000334186, -0.000457993, 
113, 11495, 41.8286, 15.7469, -3.59063, -0.000496071, -0.000214839, 0.000115293, 
114, 198051, 27.2669, 37.7, -25.8401, -0.000609295, -0.00110317, 0.00148833, 
115, 43163.1, 11.2226, -30.0086, 4.87377, -0.000271523, 0.000687133, -2.67354e-05, 
116, 54122, -15.8412, 29.1221, 37.1717, -0.000254566, -0.000328436, -0.000883035, 
117, 7321.58, -16.9237, 12.7824, 24.1518, -0.000222553, 0.000212859, -0.000446316, 
118, 45671, 36.9896, 26.3947, -46.2868, -0.000296953, -0.000143474, 0.000374738, 
119, 335394, -27.0728, 37.8745, 20.5656, 0.000209343, -0.000787239, 3.6639e-05, 
120, 146744, -14.8396, -32.6161, -18.8898, 5.55508e-05, 0.000435919, 0.000312376, 
121, 144968, -22.2651, 23.791, 28.9209, -0.00111753, 0.000298143, -0.000781493, 
122, 58573.5, 8.72854, 17.7646, -5.45221, -0.000298953, -0.000410838, 0.000138049, 
123, 69771.2, -12.0349, -4.7727, -26.2738, 3.10361e-05, -0.00017147, 0.000454278, 
124, 73065.8, -35.5941, 40.0307, 2.68049, 0.000475348, -0.00053481, 0.000186002, 
125, 176383, 44.5618, -7.36834, 42.0289, -0.000276874, 0.000594189, -0.000238412, 
126, 46062, 39.0074, -15.6995, -4.68199, -0.000460053, 0.000331118, 0.000164261, 
127, 56478.2, 39.1082, 29.8819, 41.4752, 1.9031e-05, 0.000208486, -0.000984952, 
128, 73371.6, 7.41991, 8.82371, -47.1389, -8.69407e-05, -0.0001339, 0.0005558, 
129, 64320, -21.5227, 35.2294, 10.1388, -5.00388e-05, -0.000556346, 0.000348503, 
130, 34299.5, -41.7518, -23.5512, -33.1046, 0.000683208, 0.000191816, 0.000826596, 
131, 95466.1, -15.7702, -41.3277, -14.9878, 6.80885e-05, 0.000713271, 9.11459e-06, 
132, 38698.9, -42.86, -40.9086, 7.20231, 0.000491718, 0.000329386, -7.11308e-05, 
133, 99701.7, -13.1017, 14.7136, 8.73734, -0.000436052, -0.000157336, -0.000114832, 
134, 390402, -8.83693, -20.4092, -5.6933, 0.000139537, 0.000363593, 0.000112322, 
135, 51660.2, 2.28308, 13.1799, 39.9319, 0.000109666, -0.000135952, -0.000659904, 
136, 67734.6, 26.0623, 42.9045, -10.7931, -8.61182e-05, -0.00015073, -0.000413686, 
137, 2782.49, 5.79461, 3.18126, -37.0463, -0.000115929, -0.00112779, 0.00109654, 
138, 74344.9, 22.2808, 27.484, 14.2867, -0.000212115, -0.000397691, -0.000147477, 
139, 97141.8, 26.2261, -23.0823, -5.91775, -0.000433644, 0.000434409, 0.00012512, 
140, 210366, -8.83164, 25.74, -12.0872, -7.73055e-05, -0.000314731, 0.000253968, 
141, 40577, 4.72229, 29.9014, -5.85322, -0.000263613, -0.000430449, 9.90932e-05, 
142, 42182, 42.0408, 2.04296, 17.1408, -0.000161858, -0.000179942, 9.27887e-05, 
143, 43465.5, -37.2787, 20.4426, 29.118, 0.00104231, 0.000198333, -0.000542715, 
144, 15541.7, -26.9687, 25.6009, 15.7358, 0.000259166, -0.00036527, 0.000303543, 
145, 77758.8, 9.09273, -12.7207, -6.74021, -0.000297577, 0.000224675, 0.000420666, 
146, 59817.6, 6.01547, -18.1702, -20.4196, -0.000193235, 0.000211004, 0.000379892, 
147, 25797.1, -5.87271, -46.2396, -32.0963, 2.42027e-06, 0.000536433, 0.000230757, 
148, 56695.6, 10.7082, -23.0613, 6.54448, -0.000232691, 0.000424173, -0.000161636, 
149, 5675.67, -29.6862, 33.068, 27.0049, 0.000775673, -0.00108016, -0.000858535, 
150, 10058.9, 7.56076, -33.7375, 21.1479, -0.000162775, 0.000535099, -0.000384013, 
151, 109307, 39.3597, -34.5635, 31.5447, -0.000525783, 0.000400903, -0.000188533, 
152, 64680.1, 7.51731, 11.8281, 36.1995, 0.000110154, -9.24524e-05, -0.000332999, 
153, 355851, 20.0208, -39.3941, -35.2999, -0.000229698, 0.000365058, 0.000309663, 
154, 112081, 28.6671, -3.95625, -44.4722, -0.00028213, -0.000249088, 0.00101538, 
155, 136525, 48.5092, -40.3146, -44.3807, -0.000310683, 0.000205179, 0.000237598, 
156, 24618.5, -47.472, -18.6899, -16.4493, 0.000641127, 7.36356e-05, -3.50581e-05, 
157, 30278.3, -12.4831, 2.38302, -7.84433, 0.00017974, -0.000121247, 0.000386391, 
158, 74807.4, -37.0786, 46.3882, -35.0203, 6.04233e-05, -0.000882535, -3.03859e-05, 
159, 13757.2, -26.8135, -29.9512, 47.2385, -0.000231244, 0.000195967, -0.000714341, 
160, 30157.7, 11.4428, -8.45489, -16.9587, -0.000308398, -2.09579e-05, 0.000418313, 
161, 499913, -34.2829, -19.1955, -30.4811, 0.000228226, 3.70165e-05, 0.000404743, 
162, 243908, 3.0113, -47.0656, -48.1555, -1.85669e-05, 0.000358691, 0.000409908, 
163, 156234, -16.6945, -21.5883, 34.4834, -0.000149131, 0.000240293, -0.00053533, 
164, 180799, 27.6805, 38.7354, -27.1436, 0.000143593, 0.000769881, -0.0009296, 
165, 449860, -26.9545, 13.3003, 8.20699, 0.000684871, 0.0001582, -0.000672415, 
166, 12627.8, 9.97306, 38.746, 43.7913, -0.000133939, -0.000156705, -0.000258854, 
167, 72413.6, 45.3814, -39.2104, -11.3102, -0.00046458, 0.000311665, 3.52849e-05, 
168, 123248, -5.79366, 39.3452, 29.9061, -0.000319203, -0.00036889, -0.000632563, 
169, 19058.1, 39.9254, -35.0482, -7.18391, -0.00033272, 0.000300911, -9.10328e-05, 
170, 37240.7, 10.9593, -18.3981, 40.5861, -0.000114437, 0.000202315, -0.000482607, 
171, 10520.8, 37.9677, -26.6968, -15.5334, -0.000572751, 0.000347418, 0.00011778, 
172, 66867.4, -26.2028, -10.4797, 32.5032, 9.44353e-05, -7.37107e-05, -0.000567113, 
173, 286204, -34.8813, 45.2622, 29.3332, 0.000474225, -0.000691229, -0.000441902, 
174, 7121.25, -17.4865, -0.592151, 23.1881, 0.000181708, -0.000304536, -7.49258e-05, 
175, 44439.5, 8.32286, 10.8163, -6.09971, -0.000330324, -0.000240747, 0.000277081, 
176, 95063.2, -3.97212, 23.0677, 16.3302, -0.000353711, -0.000243933, -0.000192871, 
177, 172893, -12.0023, 42.6859, -24.3926, 2.99868e-05, -0.000854318, 0.000379322, 
178, 46650.2, 44.1952, -38.3981, 24.0152, -0.000445307, 0.000413765, 1.38161e-05, 
179, 38532.6, -38.9159, 41.6538, -24.4388, 0.000340752, -0.000431779, -0.000180151, 
180, 32991.6, -33.3216, -29.2862, 18.3342, 0.000448092, 0.000335399, -3.62682e-05, 
181, 177479, -36.7602, 35.526, -47.1457, -0.000291004, -1.4876e-05, 0.00148247, 
182, 87.2575, 29.9894, 43.514, -34.5264, -0.000409401, -0.000552004, 0.000660634, 
183, 128620, 5.67506, 1.11568, -35.6156, -6.24963e-05, -5.80617e-05, 0.000413712, 
184, 162169, 42.7498, -5.86017, 0.403209, -0.00150058, -0.00089666, 0.000734248, 
185, 20340.7, 2.96946, -1.00692, 13.3663, -0.000201533, -0.000274447, -0.000754054, 
186, 53688.5, 1.45017, 23.2509, -46.3912, -6.32516e-05, -0.000179283, 0.000450449, 
187, 29804.3, -23.2594, -23.7451, 9.60684, 0.000308937, 0.000311459, -2.15831e-05, 
188, 354857, 28.7077, -6.88995, -36.8628, -0.000409807, -0.000133434, 0.000154707, 
189, 50155.5, 24.9171, 43.5932, -45.1007, -0.000251676, -0.000278307, 0.000387011, 
190, 7112.4, -26.4411, 36.8525, 30.2732, -5.31297e-06, -0.000765324, -0.00100274, 
191, 126540, -42.3778, -33.4665, -28.6818, 0.000196293, 0.000452099, 0.000190289, 
192, 354318, -41.0183, 37.1765, -40.4389, 0.00201866, -0.0012114, -0.000473112, 
193, 107194, 11.2057, 44.3363, 49.249, -0.000127325, -0.000320264, -0.000385752, 
194, 224461, 30.5109, -31.7838, 34.2981, -8.91793e-05, 0.000301368, -0.000350622, 
195, 635832, -27.6999, 25.555, 26.6231, 0.000607961, -0.000170088, -0.000398731, 
196, 66151.1, 6.14826, -38.0062, -23.5909, -3.42927e-05, 0.000367115, 0.000257204, 
197, 47866.1, -17.8563, -26.6638, -14.9122, 0.000390979, 0.000187478, 0.000104912, 
198, 66662.6, 27.4812, 26.4348, -0.469279, -0.0003455, -0.000279111, 7.82861e-05, 
199, 70426.5, -27.7884, 37.7594, -3.6218, 0.000219283, -0.000528202, 0.000308658, 
