ID, Mass [kg], pos_0 [m], pos_1 [m], pos_2 [m], vel_0 [m/s], vel_1 [m/s], vel_2 [m/s], 
0, 10438.7, 14.1061, -4.45361, -5.88591, -0.00176345, 0.000168243, 8.15991e-05, 
1, 6654.64, -4.24653, 14.7576, 16.8329, 0.000838208, -0.000977693, -0.00128192, 
2, 188574, -9.9972, 10.9857, 2.22178, 0.000895003, -0.000372334, -0.000721263, 
3, 37.6105, 14.3916, 1.78079, 10.9959, -0.00254959, 0.000791719, -7.14187e-05, 
4, 156575, -14.2768, 9.24737, -11.0314, 0.00153027, -0.00065192, -9.07713e-05, 
5, 68600.3, -17.5991, -19.0885, -3.02598, 0.000957068, 0.00104239, 0.000125041, 
6, 25394.3, -10.8971, 16.0458, -11.3033, 0.00138496, -0.00194859, 8.38942e-05, 
7, 79727.6, -18.0545, -3.59443, 8.11161, 0.00128837, 0.00111817, -0.000311509, 
8, 20636.5, -14.5215, 1.19557, -6.08282, 0.000477453, -0.000771948, 0.00177612, 
9, 1631.49, 8.66905, -17.5629, 11.771, -0.000475513, 0.00117696, -0.000802501, 
10, 92118.6, -5.33788, 9.14821, -9.04659, 0.000100615, 0.000432168, -0.00114613, 
11, 22412.4, 6.36765, -6.49258, -18.0837, 0.000176545, 0.00139403, 0.00148853, 
12, 147192, 1.18081, 2.77412, -4.13956, -5.35107e-05, 0.000386436, 0.000175798, 
13, 68437, -6.51378, -17.1696, 13.5622, -0.00060636, 0.00207744, -0.000603605, 
14, 48261.5, -17.8692, -14.2061, -8.96054, 0.00120001, 0.000841997, 0.000294032, 
15, 4115.53, -9.59639, 13.2765, -15.0437, 0.00159241, -0.00190145, 0.000298555, 
16, 187519, -7.6514, -13.2198, 7.6278, 0.000128369, 0.000784031, -0.000146146, 
17, 41299.2, -13.0641, -6.34004, 11.1793, 0.000433504, -0.000179048, -0.00103807, 
18, 31312.4, 14.2004, 1.44984, -16.8088, -0.00193009, -0.00030487, 0.000774559, 
19, 20522.5, 12.5577, -12.2631, -0.0844998, -0.00140834, 0.000852793, -0.000166091, 
20, 107552, -14.5321, 1.25793, -6.3423, 0.000315634, -4.68516e-05, -0.00085253, 
21, 71003.2, -1.38132, 6.08941, -2.94608, 0.000448006, -0.000559914, -0.000459947, 
22, 113893, -16.482, 18.1595, 14.2471, 0.000435454, -0.00127589, -0.000577709, 
23, 377662, 9.33813, 5.71037, 12.1102, 0.00367908, 0.00135429, -0.00280638, 
24, 33818.9, -4.77572, -9.25936, -17.3168, -0.000625923, 0.00147832, 0.000336863, 
25, 72081.8, -16.8332, -17.362, 4.32384, 0.0010867, 0.00114584, -2.67472e-05, 
26, 42615.9, 0.889727, -7.55286, -1.29222, -0.000309156, 0.000446711, -7.04808e-05, 
27, 73029.4, 0.38008, -6.45403, 4.32708, 5.51741e-05, 0.000473054, -0.000394048, 
28, 278349, -4.4244, 12.4215, -12.767, 0.00367204, -0.00311399, -0.0012764, 
29, 119212, -10.4691, 12.3546, -17.0959, 0.00116295, -0.00168583, 0.00134217, 
30, 4323.1, 5.86462, -2.27119, -8.56587, -0.000440053, 1.93558e-06, 0.000270302, 
31, 250092, 15.5721, -14.8424, 17.6477, -0.000664138, 0.000706527, -0.000752659, 
32, 2919.37, -1.39337, 5.00623, 16.7033, 0.00105672, 4.25272e-05, -0.00147196, 
33, 15081.1, -6.45903, -6.99705, 5.45314, 0.00038206, -6.55564e-06, -0.000305454, 
34, 72653.2, 9.50218, 4.83185, 12.4376, 0.00226424, -0.00193918, 0.000433013, 
35, 227948, 9.24804, -13.3125, -16.3073, -0.000724301, 0.00128383, 0.0010367, 
36, 54512.8, -4.14674, 0.994549, -7.94219, 0.000311152, 0.000515796, -6.94855e-05, 
37, 132334, 16.3919, 17.8412, -15.8293, -0.000810416, -0.00115769, 0.000962134, 
38, 124410, -15.4007, -12.8481, 11.4066, 0.00176048, 0.000591733, -0.0015705, 
39, 233658, -14.1705, -15.0662, 13.3969, 0.00077945, 0.00138783, -0.00133665, 
40, 294451, -15.2387, 3.17788, -17.4371, 0.00112314, 0.00150912, 0.00151749, 
41, 18072.9, 3.2316, 2.89709, 8.50106, 0.00120567, 0.00028407, 6.85716e-08, 
42, 168697, -10.4146, 6.26555, -15.3826, 0.00120347, -0.000137684, -0.00026292, 
43, 58869.8, -14.3875, 8.82855, 16.8761, 0.000755332, -0.000659592, -0.000933438, 
44, 457733, 8.70048, 7.40325, 16.862, -0.000975628, -6.94195e-05, -0.00264888, 
45, 2111.71, 6.16441, -18.4942, 13.2304, -0.000373775, 0.00116468, -0.000772035, 
46, 30392.2, 7.10225, 0.518673, -13.4829, -0.00121797, 0.000285937, 0.000780711, 
47, 2286.25, -2.32278, -10.044, -7.61723, -4.4687e-05, 0.000232451, 0.000150139, 
48, 75203.2, -17.6553, -4.93216, -3.90488, -0.000222777, 0.000285342, 2.0994e-05, 
49, 166748, -1.93029, 17.8085, 4.25138, 0.000205926, -0.00140968, -0.000127352, 
50, 18376.9, 18.7655, 17.9228, -1.37098, -0.00101134, -0.00114978, -0.000451637, 
51, 8818.69, 16.7406, -14.1789, 3.84754, -0.001159, 0.000768914, -0.000154203, 
52, 46667.2, 6.48942, -12.4647, -0.566347, -0.00065044, 0.00060107, -0.000139711, 
53, 81946, 6.69467, 5.25287, 8.63328, 0.000949795, -0.00058856, 0.00113479, 
54, 258170, -7.61875, -12.4634, 12.4615, 1.12638e-05, 0.00023296, -0.00111304, 
55, 14387.8, -4.38232, -15.5685, -8.19934, -0.000732492, -0.00165361, -0.00205255, 
56, 72595.4, -12.9941, -7.98933, -15.1245, 0.00110876, 0.000638374, 0.00124078, 
57, 127861, 0.768702, 8.97698, 13.6677, 0.00137624, -0.000449895, -0.0011091, 
58, 99632, 13.3974, 11.8882, -13.1894, -0.000360765, -0.000536797, 0.000946516, 
59, 42252.2, 15.5698, 14.712, 11.0317, -0.00113738, -0.00123422, -0.000501535, 
60, 87983.4, 8.12256, -8.09805, -0.685712, -0.000932218, 0.000582893, -0.000438029, 
61, 196363, -1.66757, 7.97597, -14.8005, -0.00228347, 0.000147369, 0.00164954, 
62, 53625.6, -4.34691, 8.70374, -9.29275, 0.00103219, -4.54831e-05, -0.00142036, 
63, 36442.2, 12.2344, -2.38607, 5.36711, -0.00138322, 0.000770639, 0.00015039, 
64, 325076, 8.96705, 15.801, -2.49126, -0.00047007, -0.0012169, -0.000121363, 
65, 80050.7, -12.7948, 8.83809, -18.4595, 0.00370127, -0.00210102, 0.00213213, 
66, 111018, -18.2446, 6.69279, -5.11019, 0.00154413, -0.000620329, -0.000407323, 
67, 165997, -5.68542, -15.0771, 2.50619, 5.46014e-05, 0.00124871, -7.60126e-05, 
68, 55805.8, -5.78786, -15.358, -8.94416, 0.00160743, -0.000414365, 0.000303935, 
69, 31234.3, -9.78587, 11.5595, 1.59069, 0.000209453, -0.00256097, 0.0011199, 
70, 186090, 3.54942, 4.4632, -0.620572, -0.000790309, -0.000316604, -0.00015892, 
71, 28094, 4.76867, 2.88542, 4.34911, 0.00048828, 0.000503353, 0.000386648, 
72, 957885, 18.9337, 12.6255, -9.08364, -0.00122274, -0.000454332, 0.000162496, 
73, 4474.79, -14.9416, -16.3689, -0.316976, 0.00102755, 0.000899311, 0.000154143, 
74, 10808.5, 12.9561, -0.623773, -1.30921, -0.0013673, 0.000246531, 6.5463e-05, 
75, 1477.59, -13.2865, 0.532784, -8.76878, 0.000263095, 0.000344376, 0.000555506, 
76, 46803.5, -17.9825, -1.3655, -8.61545, -0.000275998, 0.00132443, -0.000249712, 
77, 163629, -6.07069, 17.0795, -16.5082, 0.000516774, -0.00227555, 0.00137926, 
78, 91417.6, -17.7951, 8.45513, 16.1328, 0.00152873, -0.000141657, -0.000945755, 
79, 969.187, 2.65123, 7.03941, 6.30782, 0.000439163, -0.000847269, 0.000597726, 
80, 26478.7, 8.80268, 7.89262, 16.7006, 0.00188571, -0.00218251, -0.0037877, 
81, 117213, -12.1514, 8.06019, 18.4457, 0.000261852, -0.000299118, -0.00142129, 
82, 437308, 5.52568, -1.97021, 12.0347, -7.33807e-05, 0.00121177, -0.00046678, 
83, 17332.5, -13.6934, 5.5595, 18.0267, 0.000921275, 0.000617928, -0.00118229, 
84, 24899.3, -4.34118, -13.6871, -8.10347, -0.000371362, 0.002072, -0.000276913, 
85, 98799.6, -9.11492, -16.5874, -13.6144, 0.00128534, 0.00149232, 0.00299496, 
86, 140967, -2.06132, 15.2915, 10.9609, 0.000476479, -0.0013668, -0.000476963, 
87, 3055.51, -1.05348, 4.56546, 5.5031, 0.000832894, -0.000106418, -0.000357868, 
88, 131508, -4.62459, -9.26273, -17.279, 0.00103766, 9.70586e-05, 0.0027295, 
89, 72894.3, -6.05359, -15.0414, -9.01272, 0.00147993, 0.00229309, 0.00132168, 
90, 57118, -4.45241, -10.013, -17.0056, 0.000111864, 0.00333222, 0.00105896, 
91, 2617.69, -5.74024, -3.56108, -17.8325, 0.000302336, 0.000355434, 0.00149949, 
92, 9206.39, -2.86607, 12.0562, 13.2515, 0.00130685, -0.00093914, -0.00155407, 
93, 216586, 8.07575, 18.5363, -18.3585, -0.00054366, -0.00124994, 0.000928894, 
94, 58892.3, 11.2374, -6.37662, -5.06844, -0.00185752, 0.000453492, -0.000267872, 
95, 81944.5, 1.31005, 14.1617, -17.8064, -0.000568044, -0.0018137, 0.00187504, 
96, 11783.7, -11.7454, -1.49254, -11.8412, 0.000655803, 0.000561563, 0.000450883, 
97, 99126, -17.2288, 0.89235, -7.001, 0.00189159, -0.000641842, -0.000266899, 
98, 151994, -17.3491, -1.55149, -8.34609, 0.00219553, 0.000508544, 0.00091787, 
99, 87258.7, -8.73679, -6.34462, -7.38673, 0.000550955, 0.000507461, -0.00012368, 
100, 48596.7, 1.20077, -15.1506, 14.4555, -0.000361791, 0.00105168, -0.000972284, 
101, 44096.9, -10.7142, 14.1443, -7.33828, 0.00163928, -0.00156344, -0.000697673, 
102, 8359.99, 9.58521, 4.66991, -6.60459, -0.00103179, -4.24813e-05, 9.94915e-05, 
103, 70351.6, 2.98764, 16.0305, 16.9888, -0.000223358, -0.00103416, 0.000472725, 
104, 45294.6, 15.9124, -15.6758, 12.6201, -0.000822367, 0.00088157, -3.50449e-05, 
105, 19504.5, 11.4451, 13.3752, 11.5338, -0.00130072, -0.00154359, -0.000462933, 
106, 54049.2, -15.9351, 8.59467, 14.8801, 0.000686487, -0.000265228, 8.10161e-05, 
107, 165846, -7.3438, 13.0983, -8.30715, 0.0010298, -0.00149827, -0.00124848, 
108, 334000, 8.37806, -3.88455, -18.0042, -0.000562083, 0.000440322, 0.00138686, 
109, 380350, 1.42925, -3.32786, 17.9591, 0.000435963, 0.000653223, -0.00156195, 
110, 169825, 12.2714, -1.06151, -17.2294, -0.00158048, 0.00010648, 0.000955707, 
111, 49417.8, 9.24724, 4.65203, 11.1827, -0.00554053, -0.00369161, 0.000165339, 
112, 22932.1, 6.11738, 4.31661, -11.9672, -0.00101572, -8.71329e-05, 0.000164092, 
113, 33159.4, -10.7211, -13.0215, 7.79225, 0.0011555, 0.000803805, 7.11221e-05, 
114, 329915, -17.9494, -2.39709, 8.31818, 0.00110601, -0.000439357, -0.000604504, 
115, 46014.7, -4.73227, 14.5634, 9.67265, 0.00126628, -0.000884813, -0.000263383, 
116, 70885.7, -5.4312, -6.65537, -15.0177, 0.000704636, -0.000246627, 0.000622197, 
117, 39878, 2.02995, 7.08052, 7.66487, 0.000889119, -0.00069077, 4.46019e-05, 
118, 7990.99, 2.8135, -7.16994, -2.50913, -0.000428112, 0.00039191, 5.75738e-05, 
119, 45208.6, 8.0014, 9.09322, 2.49217, -0.000678612, -0.000919186, 0.00022578, 
120, 21852.8, -12.1965, -18.441, 14.4981, 0.000395911, 0.00193553, -0.00105273, 
121, 39421.6, 7.87096, 4.88004, 16.3574, 0.00232011, 0.00244342, -0.00181058, 
122, 29750.7, 8.09099, -4.20696, -5.09701, -0.000894153, -0.000564834, -0.000476684, 
123, 92556.9, -15.3435, 3.29544, -17.3889, 0.00400336, -0.00259333, -0.000471225, 
124, 232939, 0.84313, -16.0324, 4.03365, -0.000286195, 0.00126106, -0.000493699, 
125, 64576, 6.78147, -7.9109, -13.2442, -0.000309833, 0.000726086, 0.000492496, 
126, 80969.1, -17.8066, 0.305372, -0.153859, 0.00126562, -0.000195982, -0.000518967, 
127, 69836.7, -8.32234, -14.3787, 1.43681, 0.00119503, 0.000738858, 0.000335953, 
128, 34136.6, -11.8141, -17.0043, 0.964215, 0.000924758, 0.00136097, 9.05129e-05, 
129, 80050.6, 9.59446, -16.6322, 6.92339, -0.00092454, 0.00116183, -0.000472715, 
130, 67728.8, 7.73251, 0.276618, -13.9528, -0.000430399, -9.63375e-05, 0.000155368, 
131, 150978, -18.2358, 14.9926, 13.9868, 0.00107585, -0.000467281, -0.000474377, 
132, 81625.8, -0.432079, 8.88348, 14.2589, 0.000350624, -0.000446632, -0.000703629, 
133, 2593.03, 9.79941, -11.8054, -4.65476, -0.00126629, 0.00119052, 3.45947e-05, 
134, 644361, 9.61002, 5.77829, 11.837, -0.00393272, -0.000813045, 0.00196665, 
135, 21866.9, -9.611, 11.8765, 10.4236, 0.000794104, -0.000633414, -0.000625442, 
136, 41691.7, -4.19834, 7.82212, -12.5726, 0.000721596, 0.00113627, -0.000269666, 
137, 91347.5, -7.66161, -15.9474, 14.3583, 0.000292558, 0.00131898, -0.00169066, 
138, 106353, -17.0148, -4.75901, -3.98533, 0.00228879, 0.00112706, -0.00052018, 
139, 48040.2, -10.7207, 5.70525, 15.2389, 0.000442197, 8.71183e-05, -0.000635663, 
140, 37577.6, -0.886928, -7.71848, -0.753879, 0.00055755, 0.000449444, -0.000238846, 
141, 18448.8, 0.915113, 12.7108, -13.3593, -0.00178813, -0.00278038, -0.000731616, 
142, 80498.5, -15.3663, -9.24665, 7.01583, 0.000995999, 8.33339e-05, 0.000346819, 
143, 7666.73, 5.92305, -17.3428, -9.83771, -0.000308017, -0.000293522, -0.00206397, 
144, 13225.3, -7.71164, 0.0573012, -5.6107, 0.000521988, 0.000288082, -0.00039631, 
145, 193634, 12.2658, -9.82706, -11.8509, -0.00148213, 0.000824568, 0.000327313, 
146, 240149, 7.79576, -6.67424, -6.87924, -0.000640617, 0.000560696, 0.000200321, 
147, 329761, 3.27034, 15.6058, 15.3456, 5.19648e-05, -0.00160961, -0.00133001, 
148, 44620.5, 17.2457, 10.9276, 1.69935, -0.00130577, -0.000481559, -0.000276568, 
149, 326998, 9.141, 4.97798, 17.2649, -0.000590794, -0.00151838, -0.0026135, 
150, 96085.7, -17.6609, 12.3308, -9.27392, 0.00170049, -0.0011213, -0.000113556, 
151, 156236, 0.220774, 10.833, -14.5071, -0.00178805, -0.00264927, 0.000260931, 
152, 21221.8, -0.869607, -4.98909, -8.2889, -1.9946e-05, 0.000445706, 0.000164694, 
153, 52477.7, 18.6412, 15.0606, 9.76706, -0.00140372, -0.000904429, -0.000298235, 
154, 23635, -12.9679, -8.91217, -13.7319, 0.00112444, 0.00125831, 0.00023347, 
155, 46830.7, 13.4569, 0.430993, 15.3988, -0.00196064, 0.00080124, -0.00138589, 
156, 92630.3, 6.65444, 3.47161, 6.03977, -0.000454422, 0.000495772, 0.000880266, 
157, 48406.4, -13.3065, 14.1801, 5.85308, 0.00103201, -0.00100059, -0.000467046, 
158, 196582, -8.69642, -16.4122, -12.6891, 0.000512545, 0.00127948, -2.38171e-05, 
159, 30074.5, -3.27466, 4.50402, 1.36146, 0.000702419, -8.85044e-05, -0.000587765, 
160, 33571.4, -12.4039, 5.10056, -18.1571, 0.00125821, 5.31475e-05, 0.00211184, 
161, 8737.73, 18.6279, -15.5123, 12.4392, -0.00131108, 0.000697756, -0.000114602, 
162, 508060, -7.82965, 4.63122, -18.1986, 0.000115405, 0.000589518, 0.00180813, 
163, 44193, -6.71433, -6.89621, -11.6671, 0.00052243, 0.000463293, 0.000157877, 
164, 29803.4, 7.74285, -15.3328, 8.66319, -0.000396621, 0.000859973, -0.000918509, 
165, 169235, 12.061, 6.27423, -16.5114, -0.00101692, -0.000212383, 0.00107837, 
166, 23700.2, -19.041, -5.48804, 15.4704, 0.00106673, 0.000105448, -0.00118808, 
167, 86765.8, -14.7606, -18.5152, -15.149, 0.00105816, 0.00108306, 0.000733048, 
168, 145148, -12.5554, 8.65928, -18.3004, 0.000445844, -0.000520502, 0.00148147, 
169, 52934.1, -5.2635, -17.8943, -4.91983, 0.000380867, 0.00205697, -0.000423123, 
170, 1922.37, -7.60011, -7.88113, -16.4568, 0.00151569, 0.000513754, 0.00123979, 
171, 22445.4, 13.4797, -5.6773, 15.6154, -0.00106673, 0.00128218, -0.00123549, 
172, 481411, 0.338463, 8.551, -15.3104, -0.000237723, 0.000730174, 0.00118995, 
173, 207195, 7.02551, -16.5008, 0.268509, -0.000905651, 0.00155838, -0.000137182, 
174, 59874.5, 4.88338, 12.2328, -18.0652, -0.00126959, -0.000829128, 0.00163958, 
175, 157715, 5.94884, -17.2855, -9.75225, -0.000583675, 0.00157431, 0.000542944, 
176, 23284.3, 9.69142, -9.08171, -15.6777, -0.00105553, 0.000647148, 0.00105341, 
177, 26682, -2.71062, 11.8142, 12.4259, 0.00115152, -0.00054588, -0.000512892, 
178, 2733.56, -3.4267, 16.0778, 7.90384, 0.000734164, -0.00135217, -1.92947e-05, 
179, 21708.5, 4.00014, 4.50516, -0.724405, 0.00250101, 7.65708e-05, 0.000205797, 
180, 35339, -13.5724, -5.89915, -10.4383, 0.00178558, 0.000847286, 0.000754709, 
181, 8547.22, 9.15068, 5.98947, 3.58983, -0.00119721, -0.000369509, 0.000730495, 
182, 35159.6, 10.4447, 14.6905, 11.0966, -0.000683048, -0.00191037, -0.000212155, 
183, 26059.5, 13.4585, 3.32578, 2.94542, -0.00155102, 0.000163011, 0.000372004, 
184, 170910, -15.3676, -11.9203, 9.91094, 0.00115831, 0.000190744, 0.000416463, 
185, 34629.4, 2.06423, 3.28059, -10.7875, -0.000601179, 0.000541555, 8.26674e-05, 
186, 176.156, -14.309, 13.3943, -5.4228, 0.00131856, -0.00114391, -0.000619006, 
187, 17432.8, 5.16751, -12.5477, -6.07002, -0.000712032, 0.00103338, 0.000173151, 
188, 38613.7, 13.5762, -3.59007, 14.2127, -0.00155813, 0.00127506, -0.00146831, 
189, 103423, 1.02752, -13.3654, -5.94984, -0.000415631, 0.000958239, 8.70263e-05, 
190, 29362.8, -8.17518, -13.0354, 17.6617, 0.000264991, 0.00044353, -0.00190553, 
191, 226096, -4.55999, -15.0634, -7.76027, -0.00054735, 0.00113624, -0.000117421, 
192, 449215, -4.41498, 12.4077, -12.7768, -0.00156941, -0.00078806, 0.00113182, 
193, 35466.9, -13.9207, -5.94114, -10.5904, 0.000263427, 0.000752028, 0.000149837, 
194, 130.538, 1.13983, 8.07285, -16.0282, -0.00375608, 0.00107699, 0.00429157, 
195, 95093.9, -4.03375, -8.75035, -15.7084, -0.000398848, 0.000462039, -0.000240264, 
196, 99101.5, 13.1978, -2.62528, 12.6131, -0.00157083, 0.000974883, -0.000175294, 
197, 92771.6, -16.8826, 18.9025, -14.4362, 0.00109362, -0.00123935, 0.000432062, 
198, 13109, 7.31845, -17.0609, 0.369997, 0.00037664, -0.00114758, 0.000432756, 
199, 168093, 0.845227, -9.06428, -17.4797, -0.000420377, 0.000829808, 0.00129861, 
