ID, Mass [kg], pos_0 [m], pos_1 [m], pos_2 [m], vel_0 [m/s], vel_1 [m/s], vel_2 [m/s], 
0, 4982.76, 3.27875, 0.387119, 15.5216, -0.000273835, -0.000113622, -0.000253963, 
1, 84564.5, 19.9365, 18.5338, 17.1576, -6.0592e-05, -5.95151e-05, -4.80919e-05, 
2, 143976, 0.207231, -14.5047, -10.2946, 1.50016e-05, 1.45627e-05, 0.000103191, 
3, 12096.4, 12.9905, -4.71445, 8.60056, -0.000173217, -6.90219e-05, 3.87078e-05, 
4, 108584, 1.83057, 11.2899, -16.6435, -9.19789e-05, -4.23108e-05, 0.000187966, 
5, 224267, -1.92564, -10.6713, -5.20962, -3.64486e-05, 1.96475e-05, 6.85011e-05, 
6, 6023.5, -14.7153, 8.52387, -5.62733, 0.000142587, -0.000115112, 2.23727e-05, 
7, 12734.1, -5.76072, -18.5938, -10.4174, 8.44003e-05, 0.000160876, 8.83753e-05, 
8, 29188.7, 11.3286, 6.65764, -4.74159, -0.000130923, -0.000132831, -3.00434e-05, 
9, 37892.9, -8.52413, 5.69869, 1.52089, 6.78012e-05, -8.03272e-05, -2.64732e-05, 
10, 282.759, -19.8417, 16.7464, -13.493, 0.000110549, -6.29163e-05, -1.08421e-06, 
11, 75028.9, 18.1115, 11.5657, -16.6535, -0.000120463, -1.88663e-05, 0.000107085, 
12, 29068.2, -14.7458, -1.2296, -18.1645, 9.43593e-05, -2.53312e-06, 0.000115632, 
13, 142762, -0.245116, 6.78683, 16.8984, 0.000185326, -0.000128685, -2.67272e-05, 
14, 289648, -10.7935, -4.61431, -3.41484, 0.000105542, -5.58438e-05, 3.92773e-05, 
15, 17335.1, -13.2891, -15.8926, -12.5092, 0.00015059, 0.000124675, 3.34538e-05, 
16, 37341.1, -19.3389, 17.1463, 6.54179, 7.4369e-05, -8.15939e-05, -1.22651e-05, 
17, 206687, -0.836462, -8.86941, -16.2512, -2.16162e-05, 1.38447e-05, 0.00013396, 
18, 253630, -6.08624, 11.6508, 11.8283, 5.35957e-05, -0.000109501, -6.53263e-05, 
19, 40480.6, 7.28307, 17.2825, -1.682, 0.000132541, -0.000170714, 2.01486e-05, 
20, 176293, -18.4286, -8.34964, 17.9858, 0.000134875, 2.95982e-05, -9.94469e-05, 
21, 17357.4, -13.3929, 4.24847, 3.06491, 0.000108023, -8.94646e-05, -3.19978e-05, 
22, 241662, 9.74894, 2.65602, -5.96462, 0.000234486, 0.000187202, -0.00024901, 
23, 144304, 10.1191, -18.9274, 3.94723, -5.4307e-05, 0.000235506, 2.89029e-05, 
24, 449735, -4.54651, -12.5898, 15.3882, 5.67684e-05, 0.000208649, -0.000212815, 
25, 31022.8, 11.4447, 4.93304, -7.43157, -0.0002458, -0.00015639, 0.000156391, 
26, 277840, 1.72491, 6.05492, 17.9027, -9.42371e-05, -3.34734e-05, -0.000177026, 
27, 22179, 17.4553, 1.21512, 17.76, -0.000140034, -2.53758e-05, -0.000107528, 
28, 7726.87, -12.5125, 6.36176, 15.8549, 5.81825e-05, -4.4872e-05, -7.3445e-05, 
29, 88891.4, 11.4046, 2.64307, 15.0892, -9.20811e-05, -6.99971e-05, -0.000107293, 
30, 193310, -19.7162, -12.5474, 6.16043, 0.000137113, 6.75728e-05, -2.49211e-05, 
31, 53721.6, -3.54829, 9.42856, -10.1537, 5.3202e-06, -6.7954e-05, -2.51593e-05, 
32, 149583, 10.2564, 2.8389, -6.37639, -0.00062626, -0.000116551, 0.000454396, 
33, 188997, 1.45434, -18.0236, -9.97361, -4.00357e-05, 0.000209671, 8.24118e-05, 
34, 147623, -8.89994, 3.59892, -11.4595, 0.000188277, -5.34583e-05, 0.000118209, 
35, 35433.4, 15.5274, 12.4861, -1.18951, -0.000122445, -5.43842e-05, -2.6143e-06, 
36, 379972, 12.2051, -2.50801, 14.9794, -0.000109014, -2.42432e-06, -0.000130693, 
37, 174579, -19.6302, 14.0897, -18.8771, 8.98686e-05, -3.36318e-05, 6.5227e-05, 
38, 31779.4, -16.3635, 4.60601, -2.63289, 0.000175667, -5.05266e-05, -4.87423e-06, 
39, 17933.7, 17.9828, -2.08474, -9.71695, -0.000130578, 2.00358e-05, 6.84911e-05, 
40, 9826.32, 5.78811, -19.1056, -3.98853, -2.41296e-05, 0.000185737, 4.66295e-05, 
41, 92983.9, -17.3253, -17.1178, 18.4199, 8.94133e-05, 9.12895e-05, -7.18221e-05, 
42, 36951.3, -3.36944, -0.219122, 6.95791, -8.94694e-06, 9.9723e-06, 3.963e-05, 
43, 6279.37, 4.7463, 3.835, -6.44385, 6.96306e-05, -1.58209e-05, 2.56969e-05, 
44, 18926.2, 13.5444, -13.322, 13.3531, -0.000146024, 0.000110914, -0.000130382, 
45, 13388.8, -17.0595, -3.31294, -17.1725, 0.000111796, 1.39499e-05, 9.38818e-05, 
46, 57039.7, 3.56014, 11.5373, 14.9395, -3.11987e-05, -0.000136152, -6.68684e-05, 
47, 165793, 3.30338, -14.1914, -14.1119, -7.04437e-05, 3.69187e-05, 0.000106278, 
48, 95584.4, 0.686865, 19.1541, -3.46162, 5.28232e-05, -0.000177379, -3.83361e-05, 
49, 49905.3, -18.6622, -2.53338, -5.67194, 0.000171948, -2.02263e-05, 3.94646e-05, 
50, 72486.3, 2.46117, -12.7201, 7.90413, -4.84591e-06, 0.000111737, 6.03905e-05, 
51, 332159, 11.0968, -15.2664, 5.51375, -2.0526e-05, 0.00011726, 5.8687e-06, 
52, 12900.8, -9.00267, -7.36909, -5.38386, 9.35941e-06, 6.91516e-05, 0.000212517, 
53, 159525, 8.37483, 4.71073, -7.21934, 8.28074e-05, -0.000164635, 0.000136462, 
54, 73837.4, -8.82552, -3.55767, 7.74139, 8.42664e-05, -6.69534e-05, 1.38021e-05, 
55, 125355, -8.03859, -7.353, -11.4618, 7.26494e-05, 3.21724e-05, 8.57707e-05, 
56, 28797.6, -7.03517, 10.781, -11.1384, 0.000110885, -0.000105117, -8.86832e-05, 
57, 91269.6, -3.61479, 13.1253, 4.09182, 4.70328e-05, -0.000150593, -3.57398e-05, 
58, 5483.02, -19.5202, -0.272791, -18.4661, 0.000100576, -5.57273e-06, 8.29821e-05, 
59, 142050, -13.2179, 1.69589, -6.31271, 0.000191242, -2.16084e-05, 5.14063e-05, 
60, 184526, 14.0906, -15.6092, -2.76336, -0.000144272, 7.52243e-05, 5.6474e-05, 
61, 58050.4, -2.95354, -10.7269, 11.1704, -0.000256899, 0.000337023, 0.000203088, 
62, 96236, -3.1944, 15.7209, -15.2425, 4.61778e-06, -0.000216677, 0.000136373, 
63, 23636.2, 15.7413, -7.65605, 8.75193, -0.000232606, 7.81833e-06, -1.09627e-05, 
64, 29280.4, 5.44691, 1.60241, -10.0825, -5.3432e-06, 1.69643e-05, 9.85262e-05, 
65, 161524, -6.68599, 10.5453, -14.6325, 3.86223e-05, -1.87668e-05, 0.000149864, 
66, 67938.3, -5.26252, 2.99248, 7.36067, 8.18069e-05, -0.000129682, -6.65425e-06, 
67, 267084, -17.6695, -10.4715, -3.38737, 0.000165889, 4.01638e-05, 6.98566e-05, 
68, 69388.9, 3.64193, 12.0934, -11.5265, -8.15735e-05, -9.00018e-05, 3.59012e-05, 
69, 47165.6, -17.9223, -8.42827, 13.3859, 0.000156656, 3.28752e-05, -2.96125e-05, 
70, 201127, 8.92318, -16.7141, -3.28551, -6.65143e-05, 0.000107873, 6.24866e-05, 
71, 105689, 11.3692, -13.9482, -14.9285, -9.04071e-05, 4.54076e-05, 6.68792e-05, 
72, 14582, -11.4948, -4.11248, 15.8438, 5.79455e-05, -2.7992e-05, -0.000110203, 
73, 76931.6, -8.2869, 10.4403, -14.662, 0.000359572, -1.78817e-05, 0.000137926, 
74, 237815, -10.3408, 4.9102, -4.86658, 7.85301e-05, -0.000111927, -2.09312e-05, 
75, 105565, -12.7299, 14.1496, 19.6948, 4.48005e-05, -9.1589e-05, -8.55429e-05, 
76, 170875, 17.1863, 6.2603, 5.67744, -0.000136736, -3.72675e-05, -2.11581e-05, 
77, 17853.6, 14.0382, -1.89419, 5.87376, -0.000135374, -1.71996e-05, 1.74343e-05, 
78, 24497.1, -15.784, -8.99973, -7.55521, 0.000123428, 4.7586e-05, 0.000117415, 
79, 101855, 0.55695, 17.3703, 2.60946, 2.46237e-05, -0.000147178, -4.63796e-05, 
80, 95013.6, -3.76087, 1.17671, 8.29383, 3.77499e-06, -7.36861e-05, -6.90677e-05, 
81, 141297, -15.9709, 17.802, -15.6402, 7.70879e-05, -9.15142e-05, 3.3865e-05, 
82, 151080, -14.3423, -3.66242, 16.9419, 0.00012237, -1.85205e-05, -0.000105045, 
83, 260791, -9.91676, -8.2155, -2.3656, 7.24151e-05, 0.000130635, -2.17684e-05, 
84, 100223, 13.8344, -0.147706, 10.7134, -0.000154345, -4.12437e-05, -1.7604e-06, 
85, 7966.28, -3.24154, 16.9689, -11.7418, 2.23725e-05, -0.000199792, -1.45612e-05, 
86, 58175.3, -7.58581, 8.86455, -11.8361, 0.000132593, 2.93503e-06, -7.30294e-06, 
87, 628317, 2.96616, -12.1725, 13.2721, -7.59308e-05, 9.13809e-05, -0.000136089, 
88, 82285.2, 9.40181, 19.2217, 7.9786, -4.12221e-05, -0.000114236, -7.25329e-05, 
89, 161291, -7.30118, -0.27669, -8.64151, 1.12613e-05, 3.9568e-05, 4.46423e-05, 
90, 79687.2, -5.65184, -8.30615, 15.3624, 0.000276859, 9.38989e-05, -0.000394389, 
91, 310528, 14.1505, 19.6532, -12.5234, -1.49429e-06, -0.000113058, 7.92515e-05, 
92, 30795.2, -11.7152, -1.88319, 4.17531, 7.12351e-05, -3.81683e-05, -4.32829e-05, 
93, 519908, 10.8911, -8.21519, 10.4447, -0.000118363, 2.20729e-05, -5.91121e-05, 
94, 101104, -8.75621, -0.519917, -13.6255, 8.74968e-05, 3.48408e-05, 0.000166625, 
95, 23620.3, -10.0286, -13.0718, -18.399, 0.000373502, -4.16987e-05, 0.000317243, 
96, 8104.4, -4.30831, 12.7398, 2.02266, 7.13092e-05, -0.000155682, 8.80527e-05, 
97, 234265, 3.6978, -9.46038, 5.65977, -3.81205e-05, 4.78318e-06, 5.62265e-05, 
98, 3741.53, -6.36097, 18.5004, -9.50369, 6.21671e-05, -0.000173049, -1.51503e-05, 
99, 5528.05, -17.8671, -7.5769, -1.49779, 0.000176555, -5.84164e-05, -3.81046e-05, 
100, 6655.21, 13.468, -13.1645, 15.2667, -0.000126554, 9.32091e-05, -0.00015435, 
101, 74442.9, 19.9381, 9.93625, -9.28494, -0.00014952, -2.0781e-05, 3.6506e-05, 
102, 271819, 11.4391, 9.9067, 19.053, -6.76246e-05, -7.94192e-05, -0.000110229, 
103, 173429, 13.3233, 12.0695, -14.3511, -7.77501e-05, -6.43899e-05, 0.000151421, 
104, 132164, -8.07592, -0.865933, 12.2756, 7.62563e-05, -9.16302e-05, -8.4849e-05, 
105, 293403, 5.50591, -2.96663, -15.2066, -5.74473e-05, 8.28673e-06, 0.000113738, 
106, 91810.3, -4.62248, -17.8154, -7.66281, 8.4402e-05, 0.000159196, 2.86277e-05, 
107, 203740, -6.90393, -12.1611, -15.9966, -1.05123e-05, 1.98938e-05, 6.30038e-05, 
108, 124900, 1.57589, 17.1886, -5.54002, 1.10157e-05, -9.34979e-05, 3.53772e-05, 
109, 153482, -4.17996, -11.5189, -2.86785, 7.17597e-05, 0.000104409, -3.6365e-05, 
110, 95805.7, -11.3911, -14.8079, -13.8419, 0.000117451, 0.000104234, 5.0828e-05, 
111, 47735.2, -0.00361199, -15.3162, -2.65565, -9.47467e-07, 0.000131712, -2.51555e-05, 
112, 24494.2, 7.64185, -11.1554, -0.459312, -6.22368e-05, 2.19621e-05, 5.44506e-05, 
113, 39205.1, 6.91554, 4.37197, -1.11784, -1.22086e-05, -2.75224e-05, -4.25923e-05, 
114, 24723, 12.0608, 11.6485, -8.34005, -6.84647e-05, -8.51085e-05, -1.70448e-05, 
115, 15671.3, -15.0589, -18.9179, -19.0345, 7.55224e-05, 7.90057e-05, 7.75004e-05, 
116, 320473, -1.8747, 11.9122, -14.046, -4.47926e-05, -8.30295e-05, 8.39937e-05, 
117, 54072.2, -2.51145, 8.30394, -15.3422, -1.33629e-05, 9.73535e-05, 0.000183456, 
118, 20992.2, -16.2791, -11.2399, -17.8667, 0.000110643, 3.34428e-05, 9.42552e-05, 
119, 68943.4, 19.2065, 18.6881, -2.7785, -0.000117574, -8.3658e-05, -1.21661e-05, 
120, 176775, -6.27865, 3.29361, -11.2354, -6.56133e-05, -1.7783e-05, 9.15313e-05, 
121, 28501.8, 4.56674, -9.69556, 11.4706, -0.000151859, -0.000124538, 9.22325e-06, 
122, 93263.7, 9.8684, 6.56395, 13.9686, -4.91115e-05, -8.20324e-05, -8.91756e-05, 
123, 54631.4, -10.8003, 9.16508, 17.4704, 3.87852e-05, -6.69638e-05, -9.7401e-05, 
124, 28486.7, 4.24369, 4.82325, 9.68064, -1.93722e-05, -8.71207e-05, -4.38801e-05, 
125, 45940.3, -2.68334, 10.2758, 8.56807, -3.10127e-06, -7.87505e-05, -4.2384e-05, 
126, 58147.3, -17.0658, -13.4932, -1.22248, 0.000128103, 0.000228408, -2.3597e-05, 
127, 314510, 4.74964, -19.2289, -18.0702, -3.2377e-05, 0.000123855, 0.000101352, 
128, 66689.7, -16.6509, -11.6695, -1.15319, 6.72578e-05, 8.93973e-05, -0.000108923, 
129, 293196, -18.9739, 7.8289, 11.2548, 0.000109911, -5.60552e-05, -2.4597e-05, 
130, 58957.4, -0.866798, 10.7352, 17.3181, 3.30654e-05, -0.000160438, -0.000113179, 
131, 26864.5, -15.297, 10.7077, 14.5304, 5.38157e-05, -0.000112629, -3.60206e-05, 
132, 14537.9, -19.0922, 2.59759, 7.19146, 0.000135175, -2.73016e-05, -1.706e-05, 
133, 59690.8, -9.96782, 1.44836, -6.47921, 5.89243e-05, 3.53003e-06, 2.34989e-05, 
134, 71873.2, -7.77683, 15.3186, -10.6811, 0.000123266, -0.00016703, -5.51009e-05, 
135, 9549.31, 3.47776, -16.0693, -11.8034, -0.000133845, 0.000111905, 6.23749e-05, 
136, 48774.7, 18.2706, 13.3687, 3.45672, -0.000111583, -3.07189e-05, -0.000127684, 
137, 177196, 5.36509, 19.7835, -16.184, -3.7096e-05, -0.000111126, 0.000110578, 
138, 29597.5, -14.1934, -17.05, 4.4116, 9.05843e-05, 0.000137225, -7.78446e-06, 
139, 32591.9, -4.32383, 10.3688, -14.2431, 3.29751e-05, 5.27639e-05, 0.000107985, 
140, 153581, 2.48315, 19.5247, -12.4592, 5.62904e-06, -0.000140074, 3.35552e-05, 
141, 131949, 4.80446, -17.5207, 8.17094, -5.94953e-05, 0.000202913, -1.21756e-05, 
142, 20789.6, -11.6215, 2.69416, 13.1772, 9.44263e-05, -7.74213e-05, -6.51483e-05, 
143, 36049, 5.49056, 5.0549, -16.6883, -5.36938e-05, -5.37696e-06, 0.000140056, 
144, 177733, -14.7176, -1.30252, 2.28596, 0.00014683, -3.71462e-05, -2.27633e-05, 
145, 143909, 17.0218, -14.13, -17.1745, -9.38205e-05, 4.26161e-05, 7.139e-05, 
146, 76057.7, 1.72556, -16.19, 8.91551, 3.13503e-05, 0.000185731, 2.85175e-05, 
147, 21460.3, 5.8247, -10.128, 16.4423, -0.000133416, 8.42271e-06, -0.000247753, 
148, 28241, 9.7879, 1.98453, 17.6299, -3.78571e-05, -3.83097e-05, -0.000186147, 
149, 77611.6, -7.3062, 14.8705, -19.323, 4.89876e-05, -9.55322e-05, 0.000165909, 
150, 42249.4, -1.17996, 13.204, 5.84154, -2.33167e-05, -0.000115253, -7.87975e-05, 
151, 30574.3, -15.5416, 6.22336, -2.7671, 0.000137806, -0.000126295, -6.80256e-06, 
152, 45197.8, 18.3439, 13.7766, 2.49957, -0.00012881, -0.00011141, 6.87447e-05, 
153, 71843.5, -13.1532, -16.7017, -6.85352, 9.00765e-05, 0.000126964, 4.0994e-05, 
154, 71612.1, -11.4384, 14.6056, -18.1155, 9.70943e-05, -7.38442e-05, 0.000108781, 
155, 53086.9, 2.0138, -17.0196, -6.6083, -0.000123918, 0.000172981, -6.25098e-05, 
156, 50912.6, -18.0998, -4.88078, -8.71767, 0.00015039, 1.20388e-05, 9.16848e-05, 
157, 422843, -10.698, -8.23618, 10.2969, 0.000167764, 3.26931e-05, -2.12499e-05, 
158, 35700.8, 19.4629, -9.19289, -11.5974, -0.000109498, 2.56003e-05, 5.01619e-05, 
159, 46045.4, -0.574593, -15.3571, -15.5176, 4.28031e-05, 0.000101812, 0.000142322, 
160, 152279, -16.698, 8.70912, 17.6952, 8.69526e-05, -5.46477e-05, -9.76125e-05, 
161, 142259, -12.864, 0.412275, 19.1868, 7.11579e-05, -5.69608e-05, -0.000136049, 
162, 22811, -9.04009, -7.39645, -3.93969, -9.56601e-05, 2.04909e-05, 0.000233096, 
163, 44215.6, 0.824943, 13.7587, 2.41328, -2.45125e-06, -7.37234e-05, -2.25955e-05, 
164, 78004.8, -6.3237, -10.4345, 4.86924, 5.02211e-05, 8.27247e-05, 5.17021e-05, 
165, 116840, 1.7277, 8.87161, -12.0807, -6.71726e-05, 1.4427e-05, 4.51693e-05, 
166, 26576.3, 16.031, 18.6021, -3.75698, -8.50617e-05, -9.76164e-05, 1.24749e-06, 
167, 178987, -11.8916, -12.1277, 18.573, 0.000100612, 8.30506e-05, -0.000144548, 
168, 105332, 7.43616, 15.9208, -2.6175, 5.43801e-06, -1.56732e-05, 9.72722e-05, 
169, 17416.3, -0.546011, -0.575677, -3.61484, -2.24491e-05, -2.03307e-05, 3.41306e-05, 
170, 188196, 12.874, 10.1553, -11.5564, -7.98694e-05, 1.48257e-06, 3.75409e-05, 
171, 154087, 0.401656, -18.4657, 11.8273, 2.0843e-05, 0.000235327, -7.69265e-05, 
172, 221417, 1.96488, -0.12184, 14.7626, -1.5938e-05, -2.81558e-05, -0.000101684, 
173, 30581.6, 12.1275, 3.1546, 10.2032, -9.64353e-05, -4.03063e-05, -1.72775e-05, 
174, 257561, -4.58799, -7.0089, 14.644, -1.32539e-05, -0.000227827, -0.000221421, 
175, 25785, 17.2317, 9.69615, -7.49969, -0.000126209, -2.85429e-05, 1.36439e-06, 
176, 48638.1, 5.16903, -15.6078, -19.6237, -2.0946e-05, -6.39712e-06, 0.000165929, 
177, 10067.2, -10.6668, -11.2239, 5.08434, 0.000122613, 0.000107569, 3.41571e-05, 
178, 44588.6, -3.68474, 8.04254, -9.01379, 5.49248e-06, 3.06143e-06, -6.73935e-05, 
179, 92749.3, -8.34597, -14.8108, 7.77495, 9.53342e-05, 0.000179697, 1.1994e-05, 
180, 92871.7, 4.39298, -16.9259, -0.42361, -6.21144e-06, 0.000132806, 1.18197e-05, 
181, 247270, 8.1201, 11.0154, 0.468685, -4.50888e-05, -4.53903e-05, -3.46175e-05, 
182, 486916, -4.33919, -9.34338, 11.9635, 4.86612e-05, 1.32652e-05, 4.47324e-05, 
183, 368942, 9.42034, 18.2147, -0.238816, -8.53266e-05, -0.000153012, -5.25395e-05, 
184, 177502, -1.42061, -2.0738, 2.37755, -1.13783e-05, -2.89497e-05, 2.11834e-05, 
185, 207343, -8.86554, -13.5431, -17.7087, 9.46109e-05, 0.000124261, 0.000168937, 
186, 187409, 11.4673, 7.41505, 9.80779, -8.28656e-05, -8.91444e-05, -3.06778e-05, 
187, 2227.5, -12.6302, 8.02421, -11.7635, 0.000163626, -6.37697e-05, 6.35056e-05, 
188, 123729, 0.178746, -15.943, -7.37932, 3.53372e-05, 9.67382e-05, -3.01979e-05, 
189, 104967, -4.99242, -5.4112, -15.8591, 3.24046e-05, -1.62807e-05, 0.000141304, 
190, 66861.3, 8.00159, -15.224, -19.9088, -0.00010254, 2.3493e-05, 0.000137054, 
191, 273746, 14.0705, -14.268, 6.24394, -0.000274837, 4.66625e-05, -4.7623e-05, 
192, 237580, 13.0606, -5.08192, -2.65528, -0.000114965, 3.43725e-05, 3.28865e-05, 
193, 172963, 17.0602, 19.2122, -11.4163, -0.000213263, -7.08166e-05, -4.87636e-06, 
194, 93590.7, 5.12159, 2.2975, 6.95772, -3.97817e-05, -4.56684e-05, -8.67212e-06, 
195, 163125, -6.24959, 14.147, -13.4844, 0.000103708, -0.000182557, 4.55682e-05, 
196, 160121, 13.7878, 2.07272, -3.65321, -0.000190714, 7.69409e-06, -2.34634e-05, 
197, 122511, -4.81851, 10.4337, 3.02233, 6.9203e-05, -5.41056e-05, 5.69716e-07, 
198, 16991.2, 19.6819, -5.52987, -18.8904, -8.22741e-05, 8.55139e-06, 7.3051e-05, 
199, 27557.8, -18.9211, 2.26249, 0.224353, 0.000164808, -5.11902e-05, -4.02539e-06, 
