ID, Mass [kg], pos_0 [m], pos_1 [m], pos_2 [m], vel_0 [m/s], vel_1 [m/s], vel_2 [m/s], 
0, 5682.38, -6.83617, -2.91378, 10.9292, 0.00127923, 0.000453775, -0.00528156, 
1, 51291.5, 11.868, 17.4584, -12.3867, -0.00180523, -0.00168907, 0.00150454, 
2, 73779.3, -0.826767, -8.17117, 3.41929, -0.000841137, 0.00380292, 0.000593939, 
3, 9731.99, -12.802, 10.5571, -8.6026, 0.00342539, -0.00476463, -0.000266055, 
4, 104587, 3.71946, 7.42271, -1.7562, -0.000926327, -0.0033747, 0.00158981, 
5, 42215, -12.9389, -3.35915, -8.99057, 0.0046964, 0.00168023, 0.00224186, 
6, 57220.4, -15.7784, 15.5471, 5.97214, 0.00121854, -0.00259695, 0.000935022, 
7, 44855.5, -0.498083, -1.30958, -7.48007, -0.00027779, 0.00217244, 0.00249257, 
8, 276797, -11.0453, 2.24089, -10.4368, 0.00266326, 0.00352893, -0.00268407, 
9, 2643.18, -3.31749, -1.14923, -7.45205, -4.58268e-05, 0.000835215, 0.00210395, 
10, 33961.7, -6.18827, 7.68924, 8.5136, -1.07327e-05, -0.000957318, -0.00195968, 
11, 8691.35, 10.4877, -12.1892, 3.38397, -0.0034268, 0.00145555, 0.000104417, 
12, 141682, -0.235566, -8.12897, 5.31229, 0.00206003, 0.00531371, -0.00447433, 
13, 288611, -12.1153, -4.48823, 0.457386, 0.00367996, 0.00131521, -0.00017512, 
14, 512847, -14.0721, 10.4811, 13.815, 0.00300459, -0.00118491, -0.00319639, 
15, 15651.7, -4.31066, -11.1277, 7.28608, 0.00181026, 0.00489794, -0.00462908, 
16, 182451, 1.3607, 12.8124, -15.0199, -0.000777873, -0.00279154, 0.00249994, 
17, 62197.8, -11.0351, 1.70715, -9.7489, 0.00405053, 0.00368047, 0.00822461, 
18, 185440, -6.41483, -6.78489, -1.76354, 0.00185605, 0.00171025, 0.0017686, 
19, 36701.4, -15.0106, -10.4754, 14.1462, 0.00208747, 0.00180482, -0.00219691, 
20, 106936, 13.1576, 15.4163, -3.13044, -0.0024377, -0.00230469, 0.000579367, 
21, 161838, -1.61708, -1.39247, 0.205898, 0.000700573, -0.000386467, 0.00154827, 
22, 144875, 2.84957, -9.81203, 12.3873, -0.00089148, 0.00358213, -0.00435291, 
23, 100936, -10.3936, 5.86717, -12.178, 0.000996068, 0.00140751, 0.00124531, 
24, 95186.1, -8.6303, -11.9227, -14.8223, 0.00072025, 0.00221162, 0.00327793, 
25, 151808, 0.0246461, 14.8533, -14.836, -0.00190867, -0.00113136, 0.00249558, 
26, 118354, -11.0104, 7.39621, -9.94164, 0.00404807, -0.00496483, -0.000188187, 
27, 149234, -6.44962, -7.28292, -6.41129, 0.000247554, 0.00268345, 0.00230811, 
28, 9985.68, -10.8906, 2.41448, 1.93558, 0.00330405, -0.000580562, -0.000527429, 
29, 180895, 6.1554, -3.98235, 10.3534, -0.00293228, -0.000228867, -0.00337265, 
30, 486.041, 9.38156, -9.21815, 4.38925, -0.00362627, 0.00122388, 0.000178254, 
31, 70262.9, -1.05991, -12.8964, -7.94056, -0.000733665, 0.00364024, 0.00206311, 
32, 45902.1, -0.943507, -3.27978, -8.92358, -0.00101538, 0.0021657, 0.00362661, 
33, 24444.7, 2.62511, 0.651891, -8.92669, -0.000902277, -0.000983301, 0.00407611, 
34, 65679.9, -14.9082, -0.395754, 10.2548, 0.00264634, 0.00163736, -0.00432639, 
35, 3309.29, -11.4019, -4.37606, -0.62409, 0.00236849, 0.0010432, 0.00168372, 
36, 8280.38, 14.1054, -10.9115, -4.87943, -0.00261582, 0.00155934, 0.00124417, 
37, 94538.9, -3.89459, -11.547, 2.59193, 0.000514493, 0.00568938, -0.00164883, 
38, 30213.7, -4.06827, 6.03265, 6.48686, -0.00153896, -0.00189231, -0.000175881, 
39, 53471.9, 4.91266, 13.4217, -7.1192, -0.00266535, -0.000848259, 0.00291233, 
40, 43100.3, 14.8001, -6.98219, 9.95664, -0.00160448, 0.00227, -6.04579e-05, 
41, 44746.6, -11.2749, 7.511, -10.5057, -3.47786e-05, 0.00238602, 0.00483175, 
42, 34053.9, -10.9501, 7.03411, -2.62167, 0.00237111, -0.00228193, -0.000636069, 
43, 54380.2, 5.34319, 0.276477, -10.245, -0.00244722, 4.84886e-05, 0.00270913, 
44, 38723.2, -7.33317, 5.17133, 10.4061, 5.68243e-05, 0.000863813, -0.00355274, 
45, 2321.23, -13.2914, -3.15108, -3.50046, 0.00445129, 0.0012268, 0.000893673, 
46, 241169, 4.34932, 13.7925, -3.89553, -0.00140115, -0.0037146, 0.000387067, 
47, 344827, 5.86073, -0.536721, -8.84398, -0.00231212, -8.61898e-05, 0.00288557, 
48, 39271.1, 4.03083, 7.92856, 8.91261, -0.00256697, -0.00510565, -0.00446122, 
49, 19687.8, 15.9679, -13.2705, -2.84786, -0.00254003, 0.00163406, 0.000852109, 
50, 61216.8, 2.28288, -9.26484, -0.210859, -0.00249903, 0.00283274, 0.00267642, 
51, 19182.2, 13.6091, -4.6344, 6.86349, -0.00338984, -5.53013e-05, 0.000635959, 
52, 12420.5, -0.716152, -1.07146, 7.05532, 0.00043488, -0.00112406, -0.00268695, 
53, 85447.4, 14.4819, 8.13249, 9.67162, -0.00267328, -0.000478127, 0.00380683, 
54, 361436, -10.1941, 9.16218, 9.28931, 0.0030873, -0.00453515, -0.00297424, 
55, 158926, -10.0217, 8.95371, 3.70609, 0.00183237, -0.00229201, 0.00126122, 
56, 49282.6, 12.7027, -5.1738, 9.2097, -0.00297083, 0.000668875, -0.00102909, 
57, 218355, 4.8104, 8.29501, 9.07061, -0.000839528, -0.00270292, -0.0024214, 
58, 22371.5, -8.37568, 8.35633, 8.6535, -0.00593412, 0.00122175, 0.000735346, 
59, 55919.9, 9.94195, -13.6837, 3.20522, -0.00408296, 0.00298434, 0.00162121, 
60, 21598.8, 2.49272, -9.69683, 12.0817, 0.000260563, -5.84921e-05, -0.00473443, 
61, 398.952, -5.76234, -8.50601, 7.52005, 0.00411182, 0.00222918, -0.00604632, 
62, 1108.92, -11.0168, 6.88953, -7.71276, 0.00227297, 0.00451611, 0.00350876, 
63, 108555, -13.4891, -2.18525, -0.118847, 0.00457756, -0.000926051, -0.000284849, 
64, 244863, -11.878, 7.1076, -8.55188, 0.00474588, -0.00240161, -0.00170979, 
65, 220694, 14.221, -7.45351, 9.62331, -0.00332041, 0.000532336, -0.00108023, 
66, 61700, 4.77319, -12.9193, -12.5265, -0.00138152, 0.00205337, 0.00233337, 
67, 55388.9, 16.9973, -8.45594, -14.5921, -0.00189306, 0.00100831, 0.00152261, 
68, 211156, -4.97385, -10.9652, 4.48326, 0.00137558, 0.00663578, 0.00159382, 
69, 12720.6, -11.5433, -6.22976, -6.81394, 0.00136466, 0.00257428, 0.000214855, 
70, 25096, -9.99855, 0.427065, 9.87724, 0.0018274, -0.000156069, -0.00308802, 
71, 179870, 0.309834, 1.37131, 0.638606, -0.0010796, -0.00166112, 0.000829092, 
72, 79123.8, 13.1152, 9.89427, -1.71481, -0.00298858, -0.00187731, 0.000600496, 
73, 110870, -11.4133, 10.7593, 10.5302, 0.000354837, -0.00360878, -0.00220597, 
74, 43359.1, -10.0275, 9.95984, -13.1829, -0.00417397, -0.00704736, 0.00133175, 
75, 140124, -6.57294, -5.23362, 6.33643, 0.0036416, 0.00113801, -0.00151863, 
76, 229268, 9.50195, -13.6332, 3.60681, -0.00227209, 0.0028697, -0.000314668, 
77, 302149, -14.2874, -1.20376, 12.1356, 0.00304251, 0.000525316, -0.00195484, 
78, 100708, -10.0276, -9.11266, 2.11354, 0.00447807, 0.00460209, 0.000840691, 
79, 46633.4, -5.07958, -7.99653, 6.10999, 0.00215811, 0.00263217, -0.00414037, 
80, 143926, -6.62182, -3.74796, 6.69545, 0.0026251, 0.00303072, 0.000191696, 
81, 270.261, 11.3197, -1.25745, -12.7231, -0.00226277, 0.000504823, 0.00296688, 
82, 159650, 1.15663, -7.61954, 7.57704, -0.00306282, -0.00229387, -0.00158898, 
83, 24756, 5.12109, 9.96743, 12.3957, -0.00108765, -0.0022992, -0.00410521, 
84, 18375.3, -0.27665, -3.05673, 5.8129, 0.00069082, -0.00186641, -0.00200269, 
85, 491877, -9.10322, 8.62786, 8.25258, -0.00160606, -0.000163898, 4.23131e-06, 
86, 194807, -7.81117, 9.67082, 9.24643, 0.00230098, -0.00256089, -0.00104019, 
87, 8649.23, -2.73609, 6.36927, -10.6255, -0.00357051, -0.00218929, 0.0051911, 
88, 138901, 3.33248, -7.75497, 9.44506, -0.00312887, 0.00201062, -0.00420779, 
89, 50202.9, 5.5179, 8.28389, 4.21793, -0.00221468, -0.00215445, -0.000379507, 
90, 98321.9, 0.100398, -5.63135, 2.15443, -0.00139667, 5.1809e-05, 0.00358805, 
91, 384069, 0.904124, -7.20161, 5.54433, -0.00174767, -0.000617856, 0.000998335, 
92, 81279.9, -13.213, -5.22545, -8.21589, 0.00259961, 0.00416268, 0.00102777, 
93, 91375.2, 6.02009, -3.55055, -7.10349, -0.00241654, 0.00251837, 0.00192811, 
94, 5476.7, -8.14933, -12.2207, 6.88806, 0.00333968, 0.00400774, -0.00298579, 
95, 33452.5, 0.621742, 1.68978, 11.47, -0.0015654, -0.00153514, -0.00509796, 
96, 25752.1, 17.4948, 16.2529, 14.7787, -0.00156949, -0.00179359, -0.00137415, 
97, 200797, 10.5162, -0.810639, -6.95079, -0.00373286, 0.000421943, 0.00127925, 
98, 298981, -2.84682, -8.19493, 1.9957, 0.000984056, 0.00205346, 0.00247059, 
99, 93146, 4.51354, 14.2014, -6.19884, -0.00154227, -0.00328278, 0.00285425, 
100, 8612.85, 12.3347, -11.3204, 7.63285, -0.00280538, 0.00245938, -0.00090422, 
101, 24343.5, -6.70941, 6.39196, -1.84477, 2.47034e-05, -0.00228474, 0.000277568, 
102, 10296.7, 6.55491, -10.2771, 11.3403, -0.00282726, 0.00313398, -0.00254885, 
103, 15719.8, -12.3927, 4.07156, -7.66356, 0.00201463, 0.00440615, 0.00478371, 
104, 230040, -8.14959, 7.43726, -10.643, 0.00237171, 0.000402278, 0.00271044, 
105, 17846.1, -6.46928, -3.03957, 6.88377, 0.000749907, 0.00409929, -0.00101639, 
106, 22216.6, -0.311671, -8.04312, 2.90842, -0.00362488, 0.00594556, 0.000399372, 
107, 98486.7, -10.2517, 5.91621, -10.1889, -0.00207113, 0.00314259, 0.00472321, 
108, 214214, 13.8379, 6.87212, 9.11333, -0.00284305, -0.00106545, 0.00234543, 
109, 131614, -12.5016, -6.35315, -7.83913, 0.00346009, 0.0020978, 0.00200174, 
110, 160023, -5.12727, -11.0635, 4.49078, -0.000211851, 0.0052209, -0.00227721, 
111, 115735, -2.03444, -9.43936, 6.50081, 0.000363489, 0.00400404, -0.00419909, 
112, 378585, -14.5312, 15.2757, 4.95527, 0.00242228, -0.0030374, -5.17686e-05, 
113, 83295.8, 4.09136, 9.26725, 9.78014, -0.00150243, -0.000563618, -0.000798363, 
114, 148827, 12.1266, 5.35386, -3.23339, -0.00315921, -0.000652974, 0.000403808, 
115, 285284, -10.5359, 2.54352, -8.9443, 0.00258866, 0.00112399, 0.00232391, 
116, 515864, 1.14009, -5.73918, 4.45603, -0.00273342, 0.00195433, -0.00380889, 
117, 88363.5, -7.73532, -10.8222, -10.3687, -0.000693461, 0.00276051, 0.00146021, 
118, 155064, -2.9173, 6.08485, -10.837, -0.00212429, -0.000931259, 0.00231614, 
119, 18098.3, -0.777908, -9.00417, 7.32014, 0.000279161, 0.00382217, -0.0015112, 
120, 34391.6, -7.68859, 8.24502, 8.29971, -0.00156184, -0.00292108, -0.00206655, 
121, 78154, -7.06145, -3.78352, 6.24241, 0.00134355, -0.000542921, -0.00707167, 
122, 10497, 6.0192, -2.62545, -7.56389, -0.00109525, 0.00249733, 0.00359414, 
123, 59058.1, 3.85703, 2.26606, 0.448896, -0.00327583, -0.000556675, 0.000662314, 
124, 5646.35, 1.0935, -2.83614, 12.1983, -0.000215604, -0.000697131, -0.00387468, 
125, 103346, -11.481, 8.66352, 11.6968, 0.00138339, 0.00131137, -0.00406956, 
126, 64702.5, 14.5784, 6.88193, 9.75529, 0.00219101, -0.00189635, -0.00536074, 
127, 199056, -6.72997, -4.19251, 6.88965, 0.00251398, -0.00240753, -0.00322482, 
128, 192649, 0.486261, 0.132087, -7.33529, -0.000998207, -0.000313955, 0.00196821, 
129, 1707.71, 6.05056, 9.66518, 4.63406, -0.00230537, -0.00341365, -0.00086018, 
130, 19869.9, -13.4397, 7.94929, 12.2406, 0.00414157, -0.0025581, -0.00449381, 
131, 143979, 3.08918, 7.59455, -1.84691, -0.00211867, 5.01e-05, 0.000446695, 
132, 37850.6, 11.2625, -13.1429, 15.155, -0.00153289, 0.00211351, -0.00228186, 
133, 50031.5, -10.5536, 14.1782, 14.2511, -0.000222426, -0.0034874, -0.0033506, 
134, 369068, 14.1156, 7.38037, 9.51993, -0.00326083, -0.000507638, -0.00417789, 
135, 3806.98, -12.5297, -6.1809, -8.16727, 0.00479113, 0.00473667, -0.000940991, 
136, 64591.7, 5.00742, -5.81051, -1.46736, -0.00473182, 0.00166897, 0.00278418, 
137, 1688.15, -9.3708, -7.49264, 1.52917, 0.00258232, 0.0013227, 0.000752271, 
138, 439943, -9.2735, 8.53527, -12.4004, 0.00117687, -0.00415496, 0.00346781, 
139, 72054.1, -5.54748, -8.66998, 7.34615, 0.00242663, 0.0029578, -0.00475226, 
140, 10511.3, -10.7547, 1.20101, -10.2252, 0.00157254, -0.000240554, 0.00489452, 
141, 28560.6, -11.8514, -7.39475, -11.8626, 0.00203547, 0.00240725, 0.00333839, 
142, 92270.6, -7.49738, -11.016, -10.8047, 0.00212711, 0.00360646, 0.00317914, 
143, 57507.6, 14.2604, -1.43485, -13.9716, -0.00244012, 0.000255431, 0.00225595, 
144, 106955, 3.23193, 11.9523, 1.36731, -0.000943232, -0.00283857, -0.00170634, 
145, 53021.1, 0.659366, -8.63365, 4.23488, 0.000116039, 0.00440776, 0.00179339, 
146, 127593, -7.21495, 3.39436, 2.46659, 0.00129725, -0.000796454, 6.46131e-05, 
147, 31386.3, -7.17276, -8.25868, 4.89907, 0.00193336, 0.000947696, -0.000619552, 
148, 89613.6, 4.0771, -11.3461, -4.12006, -0.00214346, 0.00304137, 0.00247964, 
149, 251415, -11.0293, 4.55215, -8.93809, 0.00320432, 0.00161565, 0.00221876, 
150, 55890.6, -6.91855, -3.96389, 5.88953, -0.00204412, -0.00078417, -0.00322457, 
151, 174949, -10.5906, 7.19334, -10.9655, 0.000480837, -0.00161359, 0.00311618, 
152, 66072.8, -7.79141, 6.01103, 12.5208, -0.000311803, -0.000197271, -0.0048044, 
153, 19075.8, -1.15588, -13.3631, -7.70604, -0.000368293, 0.00145126, 0.00273904, 
154, 47261.5, -2.94623, -1.35331, -1.1491, -0.000617679, -0.000341119, 0.000357261, 
155, 102102, -6.97071, -8.90872, 4.02308, 0.00379783, 0.00261855, -0.00039486, 
156, 5375.03, -4.29734, -11.8112, 3.95328, -0.00122568, 0.00144071, 0.00163904, 
157, 3761.7, 4.46353, -5.47848, -2.08955, -0.0052635, 0.00254598, 0.00316285, 
158, 7652.65, 7.30199, 5.96276, 7.68903, -0.00243578, -0.000586274, -0.00112311, 
159, 47070.1, -5.12995, -5.89802, 7.8297, 0.00213158, -0.00102628, -0.00245876, 
160, 17972.9, -8.04174, 8.65085, -12.8028, 0.00441887, -0.00754847, 0.00233457, 
161, 218629, -10.1702, -0.368726, -10.0927, 0.00235797, -0.000575647, 0.00240085, 
162, 138887, -3.71128, -11.8991, 3.51641, 0.00422444, 0.00355346, -0.000591196, 
163, 33277.3, 4.7256, -0.882016, -12.7596, -0.00123572, 0.000839319, 0.00454366, 
164, 167891, 0.450532, -1.53895, 10.4995, -0.000474117, -0.000163539, -0.00449144, 
165, 62570.5, 3.01787, 17.1547, -0.99776, -0.00142673, -0.00104536, 0.00162252, 
166, 38130.4, -0.718536, -13.7633, -13.5988, -0.000603892, 0.00230003, 0.00264333, 
167, 22403.8, -9.81032, 0.779125, -9.93342, 0.0030984, -2.21194e-05, 0.00485332, 
168, 1479.59, -9.31845, 7.69801, 2.70671, 0.00208428, -4.33667e-05, 0.000917067, 
169, 20399.9, -11.6999, 1.59581, -10.3534, 0.000394693, -0.00162421, -0.00370048, 
170, 115854, 0.0215026, -8.6425, 3.49101, -0.00304805, 0.00642945, 0.00326393, 
171, 27762.9, 3.3859, -9.43063, 11.6186, -0.000807429, 0.000237329, -0.0048533, 
172, 250928, 3.08308, 13.2156, -2.14347, -0.000395623, -0.00340951, -0.000206344, 
173, 74469.2, 12.7032, 9.62595, 8.24308, -0.00127451, -0.00398228, -0.000354947, 
174, 143481, 16.0113, -10.2394, 13.3027, -0.00245203, 0.00164872, -0.0020972, 
175, 27145.1, -7.69503, -8.29246, 5.20637, 0.00502487, 0.00302199, -0.00318974, 
176, 32620.6, 0.579659, 1.51708, 11.0006, 5.1636e-05, -0.00156921, -0.00376769, 
177, 52575.7, -11.03, 1.10576, -8.65298, 0.00521031, 0.00231475, 0.000658712, 
178, 19746.4, 1.81091, -6.75443, 5.81142, 0.000332708, -0.000745363, 0.00492106, 
179, 33623.1, 16.1339, 6.45974, 9.54654, -0.00213547, -0.00125579, -0.00374198, 
180, 50349.8, 15.5325, 6.99734, 10.313, -0.0048638, -0.00170734, 0.0015773, 
181, 89376.8, 12.187, 5.27538, -0.803153, -0.00314462, -0.000558893, 0.00168926, 
182, 42160.2, -10.3922, 5.30552, -3.71954, 0.00157214, -0.00114884, -0.00093175, 
183, 100544, -9.02765, 9.14384, -12.8361, -0.0019024, -0.00930485, 0.00258708, 
184, 1446.88, -3.23856, -11.8368, -6.45295, 0.000213654, 0.00358824, 0.00174773, 
185, 119694, -6.88907, -4.55919, -9.44797, -0.000237643, 0.0019439, 0.00337415, 
186, 120999, -10.2184, -10.442, 1.59129, 0.00338055, 0.00250475, 0.000178448, 
187, 52698.3, 0.335963, -7.32661, 4.73159, -0.000418737, 0.00488421, 0.00256612, 
188, 105467, 5.3743, -6.18702, -1.7703, -0.00251039, 0.00119575, 0.000801751, 
189, 99748.4, -8.3118, 1.63798, -11.5376, -0.00200259, 0.00210995, 0.0048706, 
190, 77133, 0.493587, -7.62124, 5.90483, -0.00671621, 0.00136143, -0.00260921, 
191, 178804, -10.196, 11.0346, -12.5866, 0.000279068, -0.00225887, 0.00339427, 
192, 8685.6, 0.702995, -1.11005, 3.51638, -0.00052685, -0.00121545, -0.000333487, 
193, 256954, 1.70424, 2.26617, 5.77123, -0.00224912, -0.00140752, -0.000403639, 
194, 53540.6, 2.08965, -12.1165, -1.04689, -0.001462, 0.00461154, 0.00200662, 
195, 220652, -8.86887, 6.48785, -10.9407, -0.00217044, -0.00507176, 0.00300917, 
196, 10258.1, 8.84288, 12.4423, -4.38698, -0.00287806, -0.0017147, 0.00139921, 
197, 6083.3, -13.2389, 2.85464, -9.41979, -0.000887604, 0.003107, 0.00309433, 
198, 127562, 1.23812, 2.58693, 6.69808, 2.88391e-05, -0.00185681, -0.00406803, 
199, 34766.2, 15.4425, 8.55705, 11.2691, -0.00192181, 0.000518869, -0.00157609, 
