ID, Mass [kg], pos_0 [m], pos_1 [m], pos_2 [m], vel_0 [m/s], vel_1 [m/s], vel_2 [m/s], 
0, 109623, 33.1924, 85.7103, 33.9561, 3.29822e-06, -1.50853e-05, 9.10437e-06, 
1, 11754, -80.3557, -83.9443, -163.047, 1.80359e-05, 9.951e-06, 2.49486e-05, 
2, 181331, 156.26, 73.3255, 116.761, -3.04604e-05, -4.83391e-06, -1.87399e-05, 
3, 82106, 136.499, 36.9178, -12.5999, -2.81922e-05, -4.45996e-06, 1.37448e-06, 
4, 51791.4, -197.402, 106.948, -32.154, 1.41043e-05, -3.45816e-05, -6.65261e-05, 
5, 29317.9, 66.1931, 51.1509, -92.8586, -1.48482e-05, -1.09366e-05, 9.98869e-06, 
6, 60314.3, 41.3967, -125.662, -175.258, -5.55733e-06, 1.22976e-05, 2.85711e-05, 
7, 23395.4, -81.8099, 198.765, -116.862, 6.86825e-06, -3.21814e-05, 6.37471e-06, 
8, 49579.7, -32.8872, 49.531, 83.898, 3.4211e-06, -1.41764e-05, -9.17838e-06, 
9, 205733, -13.7042, -25.1952, -168.017, 1.05604e-05, 3.6326e-06, 3.13588e-05, 
10, 313749, 107.198, -135.256, 137.194, -1.85686e-05, 1.74178e-05, -2.836e-05, 
11, 66035.7, -1.20362, 31.8776, 1.24982, 7.15169e-06, -1.2444e-05, -9.90003e-07, 
12, 97560.2, -70.5702, 18.5991, 117.713, 2.69287e-05, 1.37737e-05, -5.94211e-05, 
13, 440920, -69.0662, 42.8121, -133.024, 2.28292e-05, -4.77641e-06, 2.64691e-05, 
14, 12903.1, 93.2655, 91.9898, -165.473, -1.56012e-05, -1.36166e-05, 2.71604e-05, 
15, 33481.4, 35.4969, 26.916, -40.4628, -8.90584e-06, -2.73027e-06, 2.51435e-06, 
16, 103492, -4.2675, 131.049, 26.584, 8.21009e-06, -1.59167e-05, -1.12198e-05, 
17, 6887.22, -22.3783, 151.397, 91.6846, 4.55627e-07, -2.69038e-05, -1.27505e-05, 
18, 62117.2, 31.4998, -6.18589, 128.496, 2.86982e-06, 2.30031e-06, -3.44114e-05, 
19, 152356, 89.615, -73.5389, -30.5732, -5.78768e-06, 5.10562e-06, -2.36333e-06, 
20, 27978.3, 35.3173, 61.4031, -107.616, -2.03565e-05, -7.50463e-06, 8.69258e-06, 
21, 160789, 196.714, -166.213, 141.338, -5.06112e-05, 2.13868e-06, -7.89347e-06, 
22, 28637.4, 10.2531, -130.825, 85.3887, 1.62931e-05, 3.30284e-05, -1.94747e-05, 
23, 195679, -123.669, 63.6267, 79.1103, 2.62064e-05, -7.52463e-06, -1.35112e-05, 
24, 5662.03, -10.1896, -63.1374, -42.666, 2.95387e-05, -1.97292e-05, -4.3853e-05, 
25, 18507.4, -36.6185, 102.359, 138.33, 1.354e-06, -1.47449e-05, -1.83226e-05, 
26, 117169, 80.2662, -154.922, 153.773, -1.90554e-06, 2.13122e-05, -2.88851e-05, 
27, 89954.9, -2.77124, -79.8147, 67.6774, 1.11097e-05, 3.55993e-06, -9.8246e-06, 
28, 77937.8, -97.1488, 84.0252, -154.741, 1.43041e-05, -1.45276e-05, 2.66121e-05, 
29, 107706, -45.906, -172.758, -37.1276, 1.02983e-05, 2.76169e-05, 8.09901e-06, 
30, 12324.6, 97.1068, -69.0656, 197.989, -9.39537e-06, 7.78479e-06, -3.55598e-05, 
31, 7327.19, 86.3338, -60.7904, 56.8854, -1.6764e-05, 4.3182e-06, -1.05827e-05, 
32, 12493.6, 161.823, 39.4264, -111.246, -3.52694e-05, -1.13433e-05, 2.1674e-05, 
33, 38804.7, 152.335, 58.7712, -73.851, -3.92394e-05, -7.08011e-06, 8.82992e-06, 
34, 75486.7, -163.989, 4.37352, -97.7771, 2.64288e-05, -1.52821e-06, 6.12431e-06, 
35, 142305, -9.37881, -144.197, 75.3825, 2.39864e-05, 3.2028e-05, -9.06865e-06, 
36, 89784, 148.757, 22.1668, -146.233, -2.89797e-05, -1.01215e-05, 2.00171e-05, 
37, 57249.6, -7.55951, -41.5689, -112.758, 6.26414e-06, 6.56136e-06, 1.3282e-05, 
38, 268016, -157.673, 145.072, -180.207, 1.55282e-05, -1.63649e-05, 1.95286e-05, 
39, 204141, -44.6075, 17.6009, -139.96, 1.00976e-05, 6.27214e-06, 2.80745e-05, 
40, 5157.44, -98.5704, 111.471, 85.958, 1.78619e-05, -1.71071e-05, -1.44898e-05, 
41, 418420, -82.6585, -95.6592, -46.2517, 9.24914e-06, 1.33334e-05, 2.15811e-06, 
42, 89220.4, 193.909, -102.996, -119.37, -3.2143e-05, 1.2065e-05, 1.02028e-05, 
43, 27136.1, 179.932, -103.686, 66.2816, -3.02784e-05, 1.53345e-05, -4.49079e-06, 
44, 232939, -24.2676, 47.2234, -118.46, 7.77099e-06, -6.41392e-06, 8.35105e-06, 
45, 3207.32, 110.95, -183.684, -13.4711, -1.56438e-05, 3.01509e-05, -3.79773e-06, 
46, 101362, -80.131, -37.1422, -2.61905, 2.93925e-05, 4.51742e-06, -3.98345e-06, 
47, 4891.64, -36.1239, 136.568, 18.0785, 1.11892e-05, -1.7099e-05, -2.76721e-06, 
48, 158255, 20.8407, 92.5465, -111.51, -2.49194e-06, -3.94735e-05, 1.76376e-05, 
49, 93782.2, -169.65, 8.028, -117.894, 2.43561e-05, -4.22329e-06, 1.62767e-05, 
50, 364400, 167.313, -181.587, -101.154, -2.75426e-05, 2.45524e-05, 4.48599e-06, 
51, 42238.7, -186.612, -117.701, -82.6976, 2.65547e-05, -2.56928e-06, 1.47194e-05, 
52, 297864, 40.0211, -163.642, -169.461, -1.38733e-05, 2.07768e-05, 2.78382e-05, 
53, 25361.1, -115.524, -166.959, 90.8354, 1.58586e-05, 2.33944e-05, -7.44253e-06, 
54, 200908, -196.354, 28.6646, -142.481, 3.00296e-05, -1.97685e-06, 1.48776e-05, 
55, 41927.7, 3.34185, -103.289, -17.9237, 5.91998e-06, 1.02673e-05, 8.2069e-06, 
56, 6369.52, 129.282, -172.139, 15.1013, -2.22306e-05, 2.72548e-05, -1.40991e-06, 
57, 116022, 43.4035, -31.8005, 144.893, -2.85206e-06, 2.99132e-06, -2.72137e-05, 
58, 55518.4, -10.5241, 172.038, -147.718, -1.56804e-06, -2.80432e-05, 2.13811e-05, 
59, 13187.6, 54.8183, 147.549, 41.0805, -5.25423e-06, -3.14074e-05, -8.5641e-06, 
60, 57096.1, -15.2501, -164.67, -129.211, 1.41062e-05, 3.09526e-05, 1.10098e-05, 
61, 18724, -121.957, -107.492, 118.655, 1.86008e-05, 1.24656e-05, -1.53391e-05, 
62, 92782, -23.9322, 129.802, 75.6278, 3.87033e-06, -1.91407e-05, -1.22097e-05, 
63, 275212, 86.0786, 97.5242, 51.6489, -1.75157e-05, -1.28627e-05, -4.62542e-06, 
64, 2674.42, -173.253, -13.949, 169.465, 1.97395e-05, 2.96176e-06, -1.89167e-05, 
65, 189380, 6.41278, 0.532107, -196.893, 5.89951e-06, -4.85928e-07, 4.43488e-05, 
66, 58184.7, 8.68373, 57.0884, 132.555, 9.10919e-06, -2.65594e-05, -2.04657e-05, 
67, 32188.7, 196.013, -160.506, 192.521, -8.7736e-05, 7.70512e-05, -5.46517e-05, 
68, 19948.5, -45.0497, 64.1933, 159.132, 5.16695e-05, 5.01396e-06, -4.25131e-06, 
69, 75438.5, 132.253, 30.0171, 54.176, -3.37787e-05, -1.02057e-05, -8.08242e-06, 
70, 10040.5, 24.5064, 162.457, -102.334, 3.07233e-06, -2.53717e-05, 1.1372e-05, 
71, 193215, 58.854, -182.605, 150.634, -7.32134e-06, 3.25697e-05, -2.33809e-05, 
72, 32876, -181.051, 47.1596, -154.656, 2.51282e-05, 2.0277e-06, 2.07659e-05, 
73, 43783.5, 117.672, -168.802, -146.667, -8.05234e-06, 2.62678e-05, 1.77356e-05, 
74, 182069, -22.8369, 129.424, -100.444, -3.73864e-05, 9.57055e-06, -5.19305e-06, 
75, 27495.9, -193.164, 27.8076, -44.1424, 3.27878e-05, -3.37244e-06, 3.22308e-06, 
76, 108601, -87.53, 120.218, -39.5201, 1.18353e-05, -1.54996e-05, -2.71052e-06, 
77, 153650, 33.6199, 7.75483, -175.508, -1.37271e-05, 4.42341e-06, 4.8041e-05, 
78, 14303.2, -179.047, -77.8335, 109.405, 1.76608e-05, 3.16294e-06, -2.22798e-05, 
79, 86646.6, 137.118, 100.381, 16.7134, -2.54449e-05, -7.55268e-06, -4.0754e-06, 
80, 41854.8, 174.916, 33.6892, -25.4423, -3.37728e-05, -9.3819e-06, -2.37431e-06, 
81, 142481, -10.4286, 84.2888, -143.544, 4.48122e-06, -1.72796e-05, 2.85998e-05, 
82, 31400.6, -72.9512, 76.899, 148.572, 1.69865e-05, -7.95955e-07, -1.21597e-05, 
83, 167216, -139.95, 127.463, 67.9296, 1.71122e-05, -1.16376e-05, 4.96921e-08, 
84, 187783, 182.171, -64.9683, -166.163, -2.58684e-05, 4.59925e-06, 2.21477e-05, 
85, 78812.1, -103.217, 93.4973, -109.337, 2.29008e-05, -2.29355e-05, 1.10575e-05, 
86, 186529, -112.656, 194.038, 77.4517, 1.2938e-05, -3.92923e-05, -1.2647e-05, 
87, 19695.4, 195.992, 60.4863, -68.2979, -3.77251e-05, -1.24825e-05, 1.16772e-05, 
88, 47407.3, -106.966, 76.3861, 145.049, 1.41559e-05, -2.74829e-06, -2.37184e-05, 
89, 14137, 156.743, 125.658, 106.533, -2.16691e-05, -1.11255e-05, -2.32286e-05, 
90, 77387.2, -191.23, -17.5781, 1.44646, 3.35622e-05, 8.18056e-07, -6.00614e-07, 
91, 116346, 86.7086, -45.8498, 155.257, -9.50084e-06, 6.31374e-06, -2.77385e-05, 
92, 410907, -57.9331, -68.2769, -104.155, 1.53383e-05, 8.25853e-06, 1.33142e-05, 
93, 152117, 139.812, 0.0250796, 175.456, -2.39946e-05, -1.23291e-05, -2.34515e-05, 
94, 61888.2, -39.8408, -1.64229, 46.601, 1.63655e-05, -2.51155e-06, -1.27934e-05, 
95, 151281, 57.1991, -85.4424, -70.1187, 9.93164e-05, 3.24772e-05, 2.81324e-05, 
96, 40494, 40.6097, 131.15, 13.7606, -9.85438e-06, -2.24116e-05, -3.25913e-06, 
97, 342360, -6.65329, 173.961, 37.1394, 3.25539e-06, -3.09817e-05, -7.04459e-06, 
98, 150469, -148.93, 87.5791, -125.434, 2.43e-05, -1.12994e-05, 1.75504e-05, 
99, 242335, 64.7766, -120.864, -192.868, -9.8921e-06, 1.23443e-05, 3.48126e-05, 
100, 262351, -35.7277, 69.2866, 162.807, -1.25051e-06, -2.54497e-05, -2.41076e-05, 
101, 93002.8, 149.226, -135.596, 84.3247, -3.3441e-05, 1.93126e-05, -3.68657e-06, 
102, 122856, -50.9309, 35.4864, 146.052, 7.5238e-06, 1.16956e-06, -2.90094e-05, 
103, 13532.4, 79.9458, -186.929, -77.4244, -1.01867e-05, 3.98721e-05, 6.46948e-06, 
104, 2333.16, -130.892, -156.332, 21.6135, 2.77375e-05, 1.54363e-05, -1.4786e-05, 
105, 45335.6, -163.903, 66.3287, 141.878, 2.89115e-05, 1.11738e-07, -1.84291e-05, 
106, 10590.2, -13.0861, -21.7956, 162.698, 7.61451e-06, -8.70513e-08, -3.15041e-05, 
107, 28462.2, 48.8786, -94.7228, -2.72334, 2.39679e-06, 1.49317e-05, 6.81917e-06, 
108, 99334.9, -48.7044, 146.084, -101.895, 1.56062e-05, -2.89032e-05, 1.27952e-05, 
109, 15584.3, 15.6816, 172.336, 81.0503, -1.89598e-06, -2.55763e-05, -1.40968e-05, 
110, 84257.5, 173.107, 143.74, 92.4826, -1.89388e-05, -2.21486e-05, 8.10847e-06, 
111, 62015.7, 55.7411, 112.131, 34.2131, -9.06113e-06, -2.05989e-05, 3.80457e-07, 
112, 44203.7, -84.3546, 119.829, 139.453, 1.0234e-05, -1.0467e-05, -2.53767e-05, 
113, 152990, 79.588, -24.4798, -77.867, -1.40251e-05, 1.3477e-06, 7.85497e-06, 
114, 33256, 110.713, -177.887, 191.753, -8.10363e-07, 2.0714e-06, -2.45075e-05, 
115, 7843.39, -144.202, -164.272, 98.9097, 1.71541e-05, 2.25899e-05, -7.67609e-06, 
116, 149382, 140.737, 129.063, -76.8842, -2.20559e-05, -1.63019e-05, 1.82777e-05, 
117, 143240, -129.111, 21.4513, -125.011, 2.27552e-05, -3.2755e-07, 1.95721e-05, 
118, 46810.1, 34.8974, -68.5171, -25.4974, 2.00673e-06, 7.39188e-06, 3.59608e-06, 
119, 146635, -184.696, -139.253, 165.878, 4.81378e-05, 3.4394e-05, 8.78116e-06, 
120, 76701.3, 73.7891, 173.851, 111.105, 1.27134e-05, -4.81121e-05, 3.63362e-05, 
121, 179425, 135.495, -49.6486, -41.2932, -3.11967e-05, 3.71133e-06, -4.32725e-07, 
122, 103748, 132.852, 71.3566, -85.219, -5.00827e-05, -2.98876e-05, 5.38383e-05, 
123, 174357, -136.095, -68.42, -90.7146, 2.49306e-05, 1.01494e-05, 6.15154e-06, 
124, 61269.4, -26.8446, -75.4728, 5.44323, 1.0998e-05, 1.28672e-05, -4.71241e-06, 
125, 313865, 7.4181, 17.4797, -77.1762, 5.84851e-06, -3.52879e-06, 6.64722e-06, 
126, 13270.2, -153.122, 56.9923, -51.8825, 2.80865e-05, 8.46685e-07, 6.90501e-06, 
127, 18342.6, 156.358, -164.752, -112.5, -1.9385e-05, 4.6143e-06, 1.17392e-05, 
128, 21446.3, 101.119, -156.769, -178.48, -1.54023e-05, 1.88607e-05, 2.81908e-05, 
129, 32233.5, 10.5263, 92.9526, -28.5492, 2.85443e-06, -1.70717e-05, -1.59947e-07, 
130, 292909, 4.04004, 121.364, -181.174, -0.00012421, -8.58478e-05, 8.81982e-05, 
131, 30876.1, 171.57, -36.7232, -160.091, -2.63299e-05, -9.99185e-07, 2.42727e-05, 
132, 105714, -29.0337, 133.516, 173.904, 2.6228e-06, -2.19429e-05, -2.54754e-05, 
133, 216875, 104.327, -180.853, 135.394, -1.28971e-05, 4.2279e-05, -2.09001e-05, 
134, 417711, 127.869, -185.772, -53.953, -1.13997e-05, 9.15769e-05, 2.92688e-05, 
135, 64573.8, -8.53682, -120.803, 85.5004, 2.69921e-05, 1.09212e-05, -1.13112e-05, 
136, 51216.8, 81.3239, -113.309, 99.2078, -1.459e-05, -5.8513e-06, -2.32373e-05, 
137, 34305.5, -113.16, -128.166, -159.169, 1.07395e-05, 1.10176e-05, 2.2587e-05, 
138, 203758, -117.743, -155.595, -94.4092, 1.0497e-05, 1.87551e-05, 7.53331e-06, 
139, 69063.4, 10.6826, 48.1296, 134.265, 9.78165e-07, 8.48772e-06, -2.88054e-05, 
140, 5103.99, 193.505, 93.8502, -44.9729, -3.4827e-05, -1.13426e-05, 3.34238e-06, 
141, 22183.6, 79.6309, 73.0921, 159.094, -1.20085e-05, -3.36805e-05, -2.72199e-05, 
142, 36480.4, 13.2909, -163.099, 186.648, -1.92198e-06, 2.59881e-05, -3.37616e-05, 
143, 28382.9, -186.454, 181.198, 7.29984, 2.61019e-05, -2.55759e-05, -7.8529e-06, 
144, 152582, 3.49043, -147.622, 115.544, 9.9829e-06, 4.80112e-05, -1.58501e-05, 
145, 77463.5, -42.9566, -120.016, 126.114, 1.80574e-05, 1.54109e-05, -1.79179e-05, 
146, 21333.7, -72.2018, 31.0318, 11.8299, 1.945e-05, -1.02367e-05, -2.29027e-06, 
147, 129961, -185.958, 16.4363, 146.579, 2.41123e-05, 3.32637e-06, -1.31287e-05, 
148, 109185, 149.136, -180.876, -113.248, -4.59896e-06, 2.74008e-05, 1.79964e-05, 
149, 150108, -191.287, 78.7517, 179.086, 2.12518e-05, -1.02172e-05, -2.76677e-05, 
150, 13901.7, 170.079, 58.7686, -61.9728, -3.24626e-05, -1.13111e-05, 7.11784e-06, 
151, 163305, 130.416, 113.772, 53.7366, -2.26413e-05, -1.41628e-05, -4.23641e-06, 
152, 397702, 182.928, 144.756, 108.484, -3.03283e-05, -1.91317e-05, -1.87142e-05, 
153, 76159.3, 168.414, 179.38, -1.25357, -2.37064e-05, -2.65105e-05, -1.32027e-06, 
154, 17736.8, -165.517, -13.8532, -195.61, 2.6922e-05, -7.86255e-06, 2.43882e-05, 
155, 61927.3, -124.177, 86.4813, 1.43446, 1.62285e-05, -4.71589e-06, -2.35336e-06, 
156, 188225, -192.264, -101.484, 189.964, 2.15958e-05, -2.67909e-06, -2.11511e-05, 
157, 110989, 17.8814, 191.209, 107.385, -3.5041e-07, -3.01815e-05, -1.41832e-05, 
158, 57155.4, -147.762, 85.7447, -107.521, 2.46226e-05, -7.76072e-06, 4.43795e-06, 
159, 82469.9, -9.36135, 85.97, 4.36136, 9.70957e-06, -1.43561e-05, -2.34177e-06, 
160, 23045.7, 53.3259, -113.387, 77.1339, -1.16503e-07, -3.59585e-07, -1.18315e-05, 
161, 69662.9, 57.9977, 116.961, -59.577, -1.48816e-05, -1.88693e-05, 3.11727e-06, 
162, 96842.9, -45.4128, -187.522, -113.283, 1.07367e-05, 3.2187e-05, 7.96103e-06, 
163, 340528, -180.879, -138.889, -169.894, 1.62766e-05, 2.10205e-05, 3.28488e-05, 
164, 130077, 74.4449, 193.64, -80.0127, -1.43389e-05, -3.91295e-05, 6.60656e-06, 
165, 85822.3, 97.9759, -105.477, 134.405, -1.46176e-05, 3.47661e-06, -3.05767e-05, 
166, 58594.3, -128.088, -131.965, -18.3163, 2.10455e-05, 1.27115e-05, 1.01715e-06, 
167, 195490, -154.582, -43.6286, -135.637, 2.34663e-05, 3.88783e-06, 1.71055e-05, 
168, 36980.3, -149.24, 33.9592, 65.3782, 2.65168e-05, 5.13975e-06, 1.31671e-06, 
169, 217723, 80.1331, 169.184, 118.489, -3.00861e-05, -1.4444e-05, -2.38983e-06, 
170, 138347, 140.34, 44.4345, -42.0139, -2.63437e-05, -9.98492e-06, -7.22126e-07, 
171, 28244.7, 88.4025, 113.211, 20.9617, -1.25472e-05, -1.19862e-05, 4.04515e-06, 
172, 48018, 57.7483, -27.9187, -96.2104, -6.03131e-06, 5.4271e-06, 1.80299e-05, 
173, 11438.5, -174.834, -110.307, -33.4363, 2.20791e-05, 1.40345e-06, -6.91818e-06, 
174, 15431.9, -135.848, 183.067, -178.095, 8.20168e-06, -2.30172e-05, 1.92693e-05, 
175, 13385.8, 194.115, -199.464, -68.7687, -2.50936e-05, 2.36666e-05, 1.1418e-07, 
176, 11898.4, 4.49818, 66.0157, 89.1926, 9.44169e-06, -1.62218e-05, -1.59021e-05, 
177, 193023, 32.7116, -172.737, 142.366, 3.09918e-06, 2.91406e-05, -2.22154e-05, 
178, 153705, 128.79, -179.205, -50.9268, -4.50887e-05, -0.000141011, -7.76866e-05, 
179, 176940, 115.276, 9.79755, -156.256, -1.83116e-05, -7.8831e-06, 1.82807e-05, 
180, 82549.7, 78.3923, -143.004, -171.179, -1.5286e-05, 1.71398e-05, 2.40142e-05, 
181, 233590, 3.9993, -140.978, 176.654, 2.62699e-06, 1.68354e-05, -3.40935e-05, 
182, 6868.38, 10.6575, -17.7807, -132.882, 3.1139e-06, 8.83558e-06, 1.67005e-05, 
183, 45678.4, -46.0338, -43.7273, 127.939, 1.24296e-05, 4.24436e-06, -2.39106e-05, 
184, 354843, -189.733, 165.965, 83.6586, 2.63949e-05, -1.72122e-05, -1.06795e-05, 
185, 96398.2, 86.794, 2.17669, -118.563, -1.42899e-05, -8.08964e-06, 1.9575e-05, 
186, 131981, 144.034, 27.1485, -56.0985, -2.88734e-05, 7.08303e-07, 7.35686e-06, 
187, 197321, 8.8341, 197.567, 58.5858, -3.63088e-06, -3.68618e-05, -1.07594e-05, 
188, 1705.47, 183.854, 19.8423, 198.876, -2.48736e-05, -6.53273e-06, -2.40388e-05, 
189, 209.218, 0.812523, 197.914, -67.5844, -4.04133e-07, -3.87972e-05, 3.91528e-06, 
190, 211667, 66.3558, -179.355, 70.9729, -2.09763e-05, 4.67185e-05, -7.5948e-06, 
191, 93365.8, 76.7762, -86.806, 5.35253, -2.1465e-05, 2.42311e-06, -1.10559e-05, 
192, 124346, 169.972, -29.1431, -74.5407, -2.82622e-05, 1.71688e-06, 1.06297e-05, 
193, 63936, -28.5237, 189.862, 77.4816, 4.03922e-06, -3.15245e-05, -1.29467e-05, 
194, 27105.3, 63.8017, -117.124, 172.064, -3.34067e-06, 1.19957e-05, -3.40472e-05, 
195, 247781, 56.0403, 185.658, -116.618, -7.94203e-06, -3.85229e-05, 2.57096e-05, 
196, 236607, 184.916, -172.662, 140.894, -2.43581e-06, 2.99014e-05, -7.28263e-06, 
197, 47655.4, -186.305, -154.202, 112.756, 2.39934e-05, 2.13453e-05, -4.27267e-06, 
198, 43221.3, -159.704, -16.6525, -43.6846, 3.16127e-05, -2.1807e-06, -1.21449e-05, 
199, 118227, -106.76, -142.494, 37.3503, 1.43347e-05, 1.82049e-05, -1.27795e-05, 
200, 197493, -74.9621, 75.4156, 95.0004, 5.25867e-06, -1.84156e-05, -1.18925e-05, 
201, 4441.8, -32.312, 121.854, -108.056, 2.43477e-05, 8.44028e-07, 2.81965e-05, 
202, 282403, 44.8821, -163.271, -17.9731, -1.15855e-05, 3.03658e-05, 3.04327e-06, 
203, 6946.04, -102.461, 152.191, 196.6, 1.01304e-05, -1.51013e-05, -2.58779e-05, 
204, 101865, -128.09, 197.784, -58.5831, 2.17272e-05, -3.59638e-05, 1.23615e-05, 
205, 38562.2, -35.3376, 11.0452, 80.0991, 4.46282e-06, 7.38436e-07, -7.72247e-06, 
206, 11966.5, -128.058, 20.0995, -43.8827, 1.88658e-05, -1.45067e-07, -4.47995e-06, 
207, 110319, 177.33, -131.644, -24.0058, -2.99581e-05, 1.6896e-05, -3.19756e-07, 
208, 24749.5, 167.215, 131.367, -127.734, -2.39115e-05, -1.62252e-05, 1.6059e-05, 
209, 10845.2, 177.482, 135.96, 86.097, -3.99542e-05, -8.0386e-07, 1.38709e-05, 
210, 201011, 178.613, -64.5702, 152.63, -2.91068e-05, 5.21473e-07, -1.34473e-05, 
211, 35776.4, -121.596, -61.9548, -181.136, 1.40121e-05, 2.40964e-05, 1.8978e-05, 
212, 81218.8, -86.2305, 95.8273, -80.8893, 1.4061e-05, -1.22936e-05, 7.09719e-06, 
213, 90589.9, -83.3733, 55.2925, 101.753, 1.43502e-05, -9.59802e-06, -1.82609e-05, 
214, 27394.6, -82.8838, 42.5601, 172.019, 6.51365e-06, -8.48965e-06, -2.60305e-05, 
215, 92023.9, -113.015, 153.578, -47.696, 8.28201e-06, -1.52171e-05, -1.00831e-05, 
216, 32852.8, -130.93, 172.229, -104.793, 1.46333e-05, -3.25264e-05, 8.07289e-06, 
217, 25367.5, -126.639, 122.34, -43.1963, 1.87654e-05, -1.25063e-05, -2.65773e-06, 
218, 20480.3, 45.1626, -77.2787, -43.7946, -4.45517e-07, 1.09319e-05, 3.69105e-06, 
219, 37659.4, 95.196, 61.8888, 181.32, -1.16366e-05, -2.47774e-05, -3.60074e-05, 
220, 14327.5, 161.508, 26.6365, -8.69165, -3.44402e-05, -2.25631e-06, -4.24461e-06, 
221, 74839.7, 96.6224, -130.114, 67.2527, -7.99935e-05, 2.15831e-05, -2.77487e-07, 
222, 24267.3, 98.0047, 190.097, -51.317, -1.58472e-05, -3.89903e-05, 6.30891e-06, 
223, 771943, -3.80789, -140.11, 5.9073, 8.44074e-06, 8.50128e-06, -6.75701e-06, 
224, 246798, -1.05903, 118.668, -178.906, 0.000148675, 5.87516e-05, -3.31622e-05, 
225, 9457.74, -130.116, -157.917, -130.64, 2.07714e-06, 8.96794e-06, 2.32829e-05, 
226, 120301, -67.1062, 118.517, -68.4015, 1.23832e-05, -1.8143e-05, 4.76646e-06, 
227, 160315, -113.551, 171.545, 43.2718, 1.3831e-06, -1.35021e-05, 1.09356e-05, 
228, 32266.2, 124.28, 39.8307, 93.396, -1.98749e-05, -1.12456e-05, -2.23004e-05, 
229, 71719.9, -59.1228, 46.8106, -121.555, -6.5915e-06, -1.85027e-05, -1.7719e-05, 
230, 57463.5, 35.0145, 52.3913, -23.7652, -1.24307e-05, -1.13114e-05, -6.08416e-06, 
231, 238713, -35.7823, 52.738, 170.802, 2.75783e-06, 1.1268e-05, -4.23649e-05, 
232, 192767, -45.1819, 111.39, -138.489, 1.07513e-05, -2.04258e-05, 2.10294e-05, 
233, 40597.5, 32.6654, 40.2194, 130.987, -3.13022e-06, -5.22576e-06, -2.80771e-05, 
234, 313978, -156.109, -41.6792, 49.8848, 2.50374e-05, 3.63556e-06, -7.42217e-06, 
235, 237318, 62.9254, 171.176, -97.6281, -1.31858e-05, -2.33972e-05, 7.55418e-06, 
236, 129836, -138.061, -113.592, 61.4572, 1.61518e-05, 1.55354e-05, -6.37471e-06, 
237, 28728.8, -196.211, 90.2941, -75.2008, 3.25977e-05, -8.14674e-06, 1.47667e-05, 
238, 176349, 137.715, 128.548, 20.5246, -2.43081e-05, -2.4901e-05, -3.79928e-06, 
239, 315902, 76.865, 54.0354, 159.582, -5.22678e-06, -1.07328e-05, -2.4815e-05, 
240, 104427, -195.471, 74.2664, -53.3677, 3.23046e-05, 1.11134e-06, 5.92506e-06, 
241, 149492, -160.41, 49.0863, 10.1322, 2.55158e-05, -6.86517e-06, 1.25298e-06, 
242, 145615, 112.232, -122.331, 105.677, -6.56037e-05, 1.75853e-05, 3.12575e-06, 
243, 232356, 37.6241, 0.27072, -88.3865, -6.58091e-06, -1.3345e-06, 1.29785e-05, 
244, 485.703, 6.85149, 92.8531, 30.9716, 1.18524e-05, -1.57327e-05, -4.45579e-06, 
245, 95963.4, -133.719, 168.923, -21.2208, 2.00175e-05, -1.83794e-05, -6.47453e-06, 
246, 71851.1, -192.533, 40.9891, -189.596, 2.37729e-05, -2.095e-06, 2.3014e-05, 
247, 65097, 62.9882, 7.17244, 42.499, -2.18767e-05, 2.87027e-05, -8.14042e-06, 
248, 65285.7, 122.019, 181.81, 34.0779, -2.24878e-05, -3.09806e-05, -6.16214e-06, 
249, 30362.5, -179.131, 129.691, -191.324, 2.6009e-05, 3.96676e-07, 1.92318e-05, 
250, 45776.3, -57.9899, 127.105, -195.875, -4.82833e-06, -2.48734e-05, 9.52168e-05, 
251, 396.528, -184.537, -26.4071, -52.5504, 3.51227e-05, 1.88594e-06, 1.0586e-06, 
252, 85129.8, -121.968, 13.3587, 187.457, 1.53145e-05, -8.78507e-07, -2.88254e-05, 
253, 242932, -153.362, -22.7646, -69.6914, 2.48323e-05, 5.25417e-06, 9.07188e-06, 
254, 214691, 186.579, 186.77, 80.5754, -2.14632e-05, -2.52429e-05, -4.89836e-06, 
255, 98301.9, 134.088, -48.7352, 2.06939, -2.87748e-05, 5.10506e-06, -5.06556e-06, 
256, 15822.1, 192.03, 38.6802, -10.6063, -3.73473e-05, -7.68516e-06, -4.26844e-06, 
257, 40108.6, 13.5478, 103.981, 60.6733, 1.38571e-05, -2.1077e-05, -1.50497e-05, 
258, 62481.3, -122.482, 25.6761, -104.746, 1.91233e-05, -2.74796e-06, 8.86087e-06, 
259, 90040.5, 24.2686, 24.762, -193.36, 3.03844e-06, -1.10461e-05, 4.51353e-05, 
260, 83249.1, 36.58, 116.851, 55.9288, 3.26725e-06, -3.04384e-05, -1.1451e-05, 
261, 8872.54, -6.34011, -28.2132, -121.057, 5.57396e-06, 8.53064e-07, 1.74449e-05, 
262, 222931, 69.2359, -12.6915, -26.2567, -1.06798e-05, -7.9746e-07, 6.37158e-07, 
263, 200584, 92.7295, 134.462, 24.4999, -1.37715e-05, -2.7069e-05, -2.70396e-06, 
264, 24945.4, -93.0945, 170.508, -114.595, 7.87446e-06, -2.53417e-05, 1.25537e-05, 
265, 151700, -23.752, -19.8105, -47.3967, 7.18963e-06, 2.5676e-06, 1.32348e-05, 
266, 7993.93, -29.0211, 20.4695, -142.858, -7.41115e-06, 4.57813e-07, 3.15702e-05, 
267, 313514, 35.3105, 17.2308, -144.03, 4.56496e-07, -1.97176e-05, -3.07196e-05, 
268, 98849.4, 92.7534, -142.299, -88.6832, -1.8163e-05, 2.0405e-05, 1.45697e-05, 
269, 2040.06, 142.442, 100.437, 96.3232, -1.70822e-05, -1.30581e-05, -1.54243e-05, 
270, 155515, -111.648, 133.315, -80.3342, 1.21671e-05, -1.11969e-05, 1.32685e-05, 
271, 41846.4, 137.225, 76.4185, -168.926, -1.67196e-05, -8.39751e-06, 1.78036e-05, 
272, 74903.1, 78.0935, 113.166, 65.1964, -1.31334e-05, -2.87958e-05, -1.30744e-05, 
273, 19299, -178.046, 164.266, -97.3781, 2.64079e-05, -2.13224e-05, 1.0426e-05, 
274, 305737, 52.1712, 38.4279, -197.198, -1.05874e-05, -1.09663e-05, 3.94067e-05, 
275, 4152.18, -184.565, 84.025, 52.3836, 3.14494e-05, -1.04306e-05, -5.01538e-06, 
276, 360170, 36.3323, 97.102, -135.067, -1.14813e-05, -1.02317e-05, 2.66785e-05, 
277, 36187, 167.665, -182.842, 27.7424, -2.47626e-05, 2.49212e-05, -2.95466e-06, 
278, 21702, 73.9777, 16.8923, -135.498, -1.84911e-05, -3.57184e-06, 1.94887e-05, 
279, 46613.4, 86.0749, 131.021, 161.008, -9.01587e-06, -1.73551e-05, -2.96292e-05, 
280, 44509.3, -194.872, -154.684, 140.745, 2.55909e-05, 1.87672e-05, -5.13993e-06, 
281, 113079, 37.7643, 15.4683, -150.687, -6.84439e-05, 2.61252e-05, 0.00014587, 
282, 331326, -199.925, 103.611, -41.8627, 3.46825e-05, -8.97927e-06, 1.08576e-05, 
283, 173725, 193.847, -10.1378, 99.3624, -3.31057e-05, 6.25295e-07, -1.21985e-05, 
284, 174627, 126.213, 145.892, 100.286, -1.19171e-05, -2.87001e-05, -1.87151e-05, 
285, 151244, 129.664, 51.8506, 13.1391, -2.89671e-05, -1.45683e-05, -6.34476e-07, 
286, 45936.4, 71.7259, -128.357, -40.034, -1.19801e-05, 2.10886e-05, 3.34701e-06, 
287, 165785, -100.349, -155.717, 2.00009, -4.88891e-06, 2.26094e-05, -3.79566e-06, 
288, 178506, 47.631, -169.538, -95.3889, 9.1233e-07, 3.13951e-05, 1.50249e-05, 
289, 89652.8, -5.12468, -62.3387, -175.444, 3.84127e-06, 7.22378e-06, 3.43129e-05, 
290, 96168.5, 139.27, 63.6136, 110.158, -1.34805e-05, -9.1792e-07, -1.3993e-05, 
291, 146664, -60.9949, 197.273, -148.812, 7.40531e-06, -2.88309e-05, 1.85801e-05, 
292, 119886, 101.693, 132.587, -153.519, -1.5205e-05, -2.00103e-05, 2.10968e-05, 
293, 202643, 15.4372, 20.6585, 187.975, 3.50633e-06, -3.54048e-06, -3.52252e-05, 
294, 46475.7, -158.954, 115.338, 125.845, 3.68193e-05, -1.71321e-05, -2.32717e-05, 
295, 28487, -86.6044, -87.6316, 13.927, 1.95345e-05, 1.50384e-05, -7.90378e-06, 
296, 315174, 76.3176, -69.564, -174.419, -1.22224e-05, 8.29359e-06, 3.01382e-05, 
297, 259700, -76.8792, 176.418, 61.7138, 3.71536e-08, -3.04309e-05, -4.70882e-06, 
298, 4383.85, 130.654, 74.0853, -167.894, 3.43515e-06, -2.97399e-06, 1.77685e-05, 
299, 87965.1, 26.4789, -89.9735, 121.612, -7.65162e-06, 1.63416e-06, -2.16574e-05, 
300, 164214, 130.604, -8.34385, 156.504, -1.79244e-05, 1.51359e-06, -1.04287e-05, 
301, 52979.9, 136.616, 137.077, 72.1943, 2.70718e-06, -3.09115e-05, 1.04581e-05, 
302, 92427.9, 191.784, -167.704, -78.5905, -3.1187e-05, 1.57518e-05, 2.88868e-08, 
303, 5352.37, -111.191, -142.022, 133.595, 2.89012e-05, 1.55189e-05, -3.788e-06, 
304, 86445.1, 199.839, -94.9887, -23.6666, -3.39027e-05, 1.06341e-05, -4.25161e-07, 
305, 54286.4, 104.302, -166.582, 78.8855, -2.2233e-05, 3.7722e-05, -9.24063e-06, 
306, 14300.4, 155.217, -163.048, -124.022, -2.2392e-05, 1.48538e-05, 1.72978e-05, 
307, 50887.4, 138.037, 1.03966, 30.1854, -3.42784e-05, 6.2014e-06, -2.8638e-06, 
308, 38133.4, 101.067, -114.822, -188.354, -1.72257e-05, 1.24838e-05, 3.05658e-05, 
309, 1575.41, -14.4842, 135.104, 120.543, -3.43978e-06, -2.02208e-05, -1.90879e-05, 
310, 212635, 79.7205, -102.936, -7.3909, -2.11898e-05, 2.15158e-05, 3.94174e-06, 
311, 81899.1, 149.442, 147.545, -197.521, -1.31701e-05, -1.36136e-05, 2.5011e-05, 
312, 10060.6, 102.014, -32.7894, 65.4758, -1.15107e-05, 1.52759e-05, -1.59825e-05, 
313, 10426.9, -77.1656, -134.31, -32.1743, 1.321e-05, 2.18872e-05, 3.77191e-06, 
314, 260396, 57.0865, 119.726, 81.9686, -4.78194e-09, -2.88259e-05, -1.46896e-05, 
315, 30946.3, -80.0556, 21.5381, -122.731, 2.48759e-05, 8.99002e-06, 1.2365e-05, 
316, 35747.4, 168.259, -107.223, 17.6401, -3.09728e-05, 1.46705e-05, -3.13686e-06, 
317, 33092, -96.5241, 76.198, -112.889, 9.66105e-05, 3.1902e-06, -3.05662e-05, 
318, 240724, 16.5812, 49.8054, -124.547, -4.36771e-06, -7.09124e-06, 2.14222e-05, 
319, 246985, 134.012, -13.0566, -134.873, -2.52118e-05, 5.14301e-07, 1.96151e-05, 
320, 84677.5, -66.8378, -127.856, -88.815, 1.299e-05, 1.98521e-05, 1.09657e-05, 
321, 229396, -102.26, -192.654, 139.051, 1.4133e-05, 2.7421e-05, -1.1132e-05, 
322, 228651, 176.285, 74.9584, 84.7399, -3.37538e-05, -7.65394e-06, -5.7311e-06, 
323, 63463.2, 54.6249, -113.109, 8.03799, -9.81583e-06, 1.58853e-05, 1.87486e-05, 
324, 40876.7, -117.923, 11.2792, 102.281, 4.52835e-05, 1.8891e-05, -3.60035e-05, 
325, 9054.14, -7.78675, 35.8363, -119.885, -7.58742e-07, 6.66593e-06, 1.55087e-05, 
326, 193030, 118.398, 2.95366, -83.7586, -2.44925e-05, -6.43634e-06, 9.61208e-06, 
327, 296958, -121.067, -43.6101, -188.9, 1.2834e-05, 3.79215e-06, 2.7681e-05, 
328, 2174.88, -6.55714, -42.1277, -194.522, 9.23811e-06, 1.52881e-05, 4.28803e-05, 
329, 75602.9, 120.089, -193.298, 11.356, -1.83234e-05, 3.15172e-05, -2.50885e-06, 
330, 14909.2, 53.1469, -120.603, -10.6939, -6.5855e-06, 2.33666e-05, 1.25662e-05, 
331, 63487.7, 25.4988, -112.64, 104.564, -0.000117145, -9.01031e-05, -5.62935e-05, 
332, 145612, -127.689, -145.59, 169.321, 1.31984e-05, 1.25502e-05, -1.98489e-05, 
333, 169043, 194.538, -61.1687, -124.831, -3.59351e-05, 3.31418e-06, 1.48541e-05, 
334, 60182.6, -129.778, 100.116, -0.745359, 2.18078e-05, -1.86093e-05, -1.7754e-06, 
335, 37216, 7.96979, 47.4744, 46.7583, 1.41198e-05, -1.2548e-05, -7.33694e-06, 
336, 38278.1, -84.8952, -86.2555, 86.2482, 1.32939e-05, 1.30093e-05, -8.7117e-06, 
337, 48407.2, -82.7611, -187.056, -190.257, 1.1653e-05, 1.65284e-05, 3.59918e-05, 
338, 48078.9, -49.9315, -92.0441, -197.828, 1.02305e-05, 1.41704e-05, 3.46923e-05, 
339, 57706.6, 157.673, 130.619, -70.1714, -4.08398e-05, -1.35733e-05, 1.17221e-05, 
340, 23026.3, 63.2082, 31.7297, 57.1136, -4.0608e-05, -9.38256e-06, -5.20693e-05, 
341, 72639.7, 155.615, -135.64, -120.003, -2.59301e-05, 1.34674e-05, 8.07387e-06, 
342, 56156, -61.3787, -178.891, 130.706, 9.7384e-06, 1.26408e-05, -3.62508e-07, 
343, 155978, 47.4341, -61.7393, -98.8522, -4.13066e-06, 8.3468e-06, 1.67913e-05, 
344, 13251.2, -4.69507, 48.2123, -73.4063, 1.1866e-05, -1.15632e-05, 3.259e-06, 
345, 264253, -79.4035, -13.3362, -196.015, 1.10326e-05, 1.82024e-07, 3.17269e-05, 
346, 21755, -30.7576, 153.575, -182.093, 2.17378e-06, -2.66222e-05, 2.20195e-05, 
347, 90764.5, -80.3277, 86.2179, -55.6435, 1.17731e-05, -8.23592e-06, -6.12159e-07, 
348, 74264.3, 198.624, 166.033, -117.12, -2.46685e-05, -1.68649e-05, 1.08333e-05, 
349, 102460, -60.7025, -17.9606, 86.1465, 1.24936e-05, 1.03963e-05, -1.14035e-05, 
350, 60261.6, 0.545528, 52.6302, -36.8624, 2.47988e-05, -1.22612e-05, -4.92552e-06, 
351, 47450.9, 54.9698, -172.723, 71.5447, -2.25369e-06, 4.78835e-05, -2.89665e-05, 
352, 21819, 183.141, -99.8713, -38.8, -3.01664e-05, 1.257e-05, 3.77909e-06, 
353, 12264.1, -44.8626, 37.7981, -116.58, 1.0025e-05, 1.92687e-06, -7.13434e-07, 
354, 173334, -16.3758, 175.253, -71.2324, 3.51166e-06, -3.10576e-05, 4.05736e-06, 
355, 26411.5, 68.0215, 186.958, 169.173, -7.38295e-06, -2.33378e-05, -3.56393e-05, 
356, 202549, 68.5848, 40.5744, -147.718, -1.89389e-05, -1.34957e-05, 2.45679e-05, 
357, 47935.9, -89.5423, 177.353, -83.4182, 4.70562e-06, -3.03871e-05, 1.17047e-05, 
358, 23393.2, -44.4378, 40.8618, -133.995, 3.03744e-06, -5.52517e-06, 2.75064e-05, 
359, 73989.2, 113.88, -3.9855, 129.545, -2.13365e-05, -3.59406e-06, -1.25051e-05, 
360, 89323.1, -23.3213, -180, -148.348, 1.11223e-05, 3.57195e-05, 1.87135e-05, 
361, 9635.96, -121.435, -170.814, 14.8135, 3.29643e-05, 2.53097e-06, -9.93128e-05, 
362, 8105.03, 91.782, 26.756, -92.5542, -1.51125e-05, -1.09215e-05, 1.23875e-05, 
363, 21394.1, 64.643, -113.124, 83.8505, 1.05055e-05, -3.34775e-05, -1.85017e-05, 
364, 98011.6, -92.7133, -103.949, 108.259, 1.51121e-05, 1.32137e-05, -1.30194e-05, 
365, 4013.99, -167.924, 31.3387, 98.3345, 3.37639e-05, 2.39013e-06, -1.68266e-05, 
366, 45432.3, -65.0982, -70.1535, 3.12163, 1.23233e-05, 1.47551e-05, -5.9579e-06, 
367, 113760, 31.7902, 192.534, -92.7742, 3.54735e-07, -3.93524e-05, 3.5133e-06, 
368, 121607, -183.376, -57.1874, 32.2593, 3.32186e-05, 5.99814e-06, -5.83489e-08, 
369, 85848.4, 183.882, -56.4216, -33.1376, -3.53078e-05, 6.10556e-06, 2.62463e-07, 
370, 22652.5, 17.8424, -116.695, -78.6896, 1.21627e-06, 2.01654e-05, 7.80239e-06, 
371, 33829.6, -95.5813, 42.7665, 119.131, 2.18861e-05, -5.03586e-06, -2.95242e-05, 
372, 84427.9, -7.45317, -41.4618, 60.3161, 8.30485e-06, 1.11862e-05, -1.23211e-05, 
373, 173564, 164.27, -37.6425, -121.509, -2.89552e-05, 3.85492e-06, 1.59111e-05, 
374, 157432, 145.861, 93.0743, 126.618, -1.83192e-05, -1.66077e-05, -2.43629e-05, 
375, 51853.5, 56.1359, 80.2649, 149.091, -8.1211e-06, -1.74366e-05, -2.84342e-05, 
376, 84930.8, 119.435, -97.3354, -94.8514, -2.76648e-05, 1.48995e-05, 1.58718e-05, 
377, 167124, 149.547, 163.115, -174.123, -1.35259e-05, -1.97219e-05, 1.63494e-05, 
378, 181302, -189.619, -8.53718, -116.477, 3.30951e-05, 3.56621e-06, 1.16147e-05, 
379, 3797.2, 66.4002, 128.831, -115.831, -2.03161e-05, -2.09565e-05, 1.46298e-05, 
380, 19965.1, 95.4678, 140.526, 196.419, -8.33144e-06, -1.64552e-05, -2.74038e-05, 
381, 88752.7, -83.3703, 18.8642, 106.304, 4.05379e-05, 9.05346e-06, -2.03835e-05, 
382, 432671, -4.76874, -126.008, 128.815, 1.46347e-05, 1.50937e-05, -2.86965e-05, 
383, 92823.3, -27.7228, 133.084, -102.325, 8.50645e-05, -8.20274e-05, 4.28086e-05, 
384, 296296, -91.0223, -142.817, 143.791, 1.61027e-05, 1.56746e-05, -7.32344e-06, 
385, 9902.17, 32.6725, -8.05416, -49.8302, 8.35207e-06, -4.84877e-06, -1.5824e-06, 
386, 20574, 121.896, 123.904, -116.695, -1.62261e-05, -1.90004e-05, 2.03178e-05, 
387, 10469.5, 172.799, -33.2708, -70.8331, -6.73236e-05, 5.75853e-05, -3.91819e-05, 
388, 31898.5, 158.701, -140.401, 14.6761, -3.48033e-05, 1.63723e-05, -1.45661e-06, 
389, 15479.6, 39.2854, -166.136, -143.195, -1.17914e-05, 2.67665e-05, 6.80666e-06, 
390, 70945.5, -165.061, -36.0991, 8.54501, 2.6969e-05, 5.46087e-06, 1.8093e-06, 
391, 232052, 111.599, -72.277, 128.551, -1.88774e-05, 2.78514e-06, -1.85949e-05, 
392, 21818.5, -187.603, -0.0439449, 54.0929, 3.35441e-05, -1.04167e-06, -5.89733e-06, 
393, 29165.6, -89.6289, -129.429, -123.808, 1.31993e-05, 1.45954e-05, 1.60529e-05, 
394, 220711, -77.1924, 140.546, 120.815, 5.97246e-06, -2.0607e-05, -1.84236e-05, 
395, 108824, 43.7118, -130.844, 49.2277, 1.41258e-05, 4.51048e-05, -3.74702e-05, 
396, 55407.5, -43.81, 102.119, -199.663, 6.28817e-06, -7.06207e-06, 3.5337e-05, 
397, 13557.4, -77.878, 157.22, 179.141, 8.20555e-06, -1.93709e-05, -2.7424e-05, 
398, 23119.2, 180.268, -69.5427, -13.5616, -3.3014e-05, 8.93953e-06, -3.76866e-06, 
399, 72378, -175.881, -139.449, 123.143, 1.93794e-05, 1.52661e-05, -9.70911e-06, 
400, 20631.4, 26.0681, 108.605, -0.0477571, -3.31896e-06, -1.29819e-05, 1.37737e-06, 
401, 279098, 192.94, 104.51, 161.703, -2.60889e-05, -1.0313e-05, -1.70923e-05, 
402, 404707, -86.4546, 92.4155, 43.707, 1.14605e-05, -1.28823e-05, -5.40281e-07, 
403, 40082.5, 77.4734, 60.0033, 87.8435, -1.76409e-05, -9.5021e-06, -1.91327e-05, 
404, 84698.7, 36.5677, 68.0538, 49.6192, 2.72873e-06, -1.26678e-05, -1.03196e-05, 
405, 211367, 186.053, -33.0246, 57.0699, -3.33846e-05, 2.5296e-06, -3.02109e-06, 
406, 192170, -52.2428, 6.82017, -0.199604, 2.37114e-05, -1.47419e-05, -1.10918e-06, 
407, 258865, 163.828, 173.014, -94.476, -2.20179e-05, -2.54168e-05, 1.16062e-05, 
408, 43868.3, 107.731, -113.586, -30.9406, -2.59635e-05, 2.34575e-05, 1.08717e-06, 
409, 13264.7, 142.682, 121.976, -122.97, -2.16138e-05, -1.74559e-05, 2.13531e-05, 
410, 735.414, -164.749, -196.901, 81.4015, 1.63453e-05, 2.23545e-05, -6.67325e-06, 
411, 233418, -171.477, 38.2849, 34.7056, 3.14127e-05, -2.27549e-06, -5.57239e-06, 
412, 1566.07, -67.5587, -110.292, 194.518, 8.36358e-06, 6.98645e-06, -3.07444e-05, 
413, 22129.1, -73.726, 133.344, 22.8266, 1.08724e-05, -1.64878e-05, 9.01798e-07, 
414, 82444.4, -25.7186, 49.5255, -139.201, 5.24473e-06, -7.4662e-06, 3.92008e-05, 
415, 141128, -80.4901, 2.03469, -106.9, 1.80325e-05, 4.91703e-06, 8.81259e-06, 
416, 161128, 105.127, -169.731, 121.922, -1.7558e-05, 2.47884e-05, -5.98442e-07, 
417, 50305.6, 44.1187, -186.365, -38.3612, -8.45175e-06, 4.14115e-05, 9.16689e-06, 
418, 37044.1, -64.6526, 125.876, 53.2627, 4.99221e-06, -1.83976e-05, -6.55681e-06, 
419, 39387, -105.979, -157.812, 152.101, 2.38355e-05, 2.7659e-05, -1.86219e-05, 
420, 77315.6, -47.9138, 14.7814, 111.877, -2.70326e-05, -7.46606e-06, -3.42941e-05, 
421, 30242.5, -17.3755, 192.336, 190.888, 1.82456e-06, -2.24975e-05, -2.20875e-05, 
422, 22873.9, 31.1609, -183.067, -114.847, -2.96255e-06, 3.74634e-05, 1.29785e-05, 
423, 152402, -162.281, -191.09, -180.242, 1.46894e-05, 2.3153e-05, 2.38077e-05, 
424, 14353.8, 125.665, 22.5186, 56.2804, -1.68373e-05, 7.7667e-06, -1.16116e-05, 
425, 9521.26, 82.849, -90.2882, 68.2184, -1.96027e-05, -3.74074e-06, -7.89413e-06, 
426, 73056.4, 6.66976, 98.2479, -53.5125, 4.65013e-06, -1.96014e-05, 3.22534e-06, 
427, 57370.2, -95.4245, -123.73, 140.205, 1.90252e-05, -6.75348e-06, -1.30961e-05, 
428, 29001.7, -129.179, 56.4982, 55.4486, 2.99467e-05, 7.30238e-07, 7.55327e-06, 
429, 116936, 73.7238, -53.1589, -143.155, -1.24663e-05, 4.63752e-06, 1.9035e-05, 
430, 118917, -15.4787, 161.778, -110.237, 1.69152e-06, -3.20698e-05, 1.59299e-05, 
431, 78177.7, 8.50169, -83.1827, -68.956, -1.37851e-06, 1.909e-05, 1.52791e-05, 
432, 163775, 4.09698, 61.4753, -100.576, 7.30599e-06, -8.46521e-06, 2.6437e-06, 
433, 119818, -142.217, -197.002, -1.43994, 2.11182e-05, 3.21787e-05, -2.15453e-06, 
434, 26944.2, -60.1009, -91.355, 92.308, 1.33951e-05, 1.15855e-05, -1.08645e-05, 
435, 221089, 164.29, 150.531, -49.2577, -3.36785e-05, -2.61124e-05, 1.02434e-06, 
436, 8388.85, 51.0529, -182.277, 154.142, 5.12354e-05, 3.01893e-05, -5.36478e-05, 
437, 77130.6, 73.4905, -160.574, -59.0093, -3.46397e-07, 5.25177e-05, -1.78067e-05, 
438, 66095.4, 102.572, -44.654, -125.805, -1.96179e-05, 1.13358e-05, 2.15705e-05, 
439, 135426, 76.1218, -97.8191, 126.508, -4.74624e-06, 3.14372e-06, -2.5193e-05, 
440, 134384, 149.966, -83.8588, 102.348, -2.76641e-05, 7.64607e-06, -1.03637e-05, 
441, 153615, -119.01, -51.022, 88.766, 2.2177e-05, 7.4391e-06, -1.37036e-05, 
442, 28649.9, -95.4667, -47.6718, 99.1347, 8.85863e-06, 5.59506e-06, -1.81871e-05, 
443, 32485.4, -16.2362, 184.261, -182.888, -4.9008e-07, -3.17708e-05, 1.09773e-05, 
444, 80881.9, 104.14, 183.212, 33.2944, -1.05526e-05, -3.40684e-05, -6.26058e-06, 
445, 124277, -168.25, -116.692, -154.741, -1.36077e-05, -3.72632e-06, 2.8532e-05, 
446, 280062, 2.68431, -170.104, -110.132, 1.87158e-06, 3.20113e-05, 4.81282e-06, 
447, 82938.5, 38.9695, 9.79344, 177.366, -3.13271e-06, -1.07812e-07, -3.12637e-05, 
448, 951.923, 31.5841, -60.3649, -159.737, 4.43447e-06, 8.39978e-06, 2.59919e-05, 
449, 9745.64, -24.115, 75.7532, 196.772, -5.60162e-07, -1.0354e-05, -3.98422e-05, 
450, 59188.7, 25.3259, 186.831, -104.873, 9.42712e-06, -3.04407e-05, 2.2415e-05, 
451, 98668.3, 0.98261, -29.2547, -192.884, 1.9661e-06, 8.61533e-06, 4.2132e-05, 
452, 24361.2, -9.53331, 175.843, 185.139, -7.30346e-07, -2.05167e-05, -2.33543e-05, 
453, 53228.5, -170.958, 128.85, -92.5698, 2.96188e-05, -1.66486e-05, 1.21915e-05, 
454, 84245.4, -163.383, 178.041, 5.35617, 2.17952e-05, -2.31208e-05, -2.62174e-06, 
455, 13462.7, -166.054, 137.43, 84.8798, 3.56517e-05, -1.85193e-05, -1.60527e-05, 
456, 38190.5, 133.249, 117.826, 102.187, -1.7975e-05, -1.28439e-05, -2.27283e-05, 
457, 87795.5, -0.406114, -122.303, 35.6226, 1.4226e-05, 1.05545e-05, -1.30492e-05, 
458, 19146.2, -90.3127, -64.4886, 38.3432, 1.74919e-05, 9.65475e-06, -7.13246e-06, 
459, 8428.82, -172.756, -171.977, 108.715, 1.73608e-05, 2.35487e-05, -5.95586e-06, 
460, 54897.7, 103.716, -31.8401, 118.201, -1.83162e-05, 4.10515e-06, -1.16526e-05, 
461, 87806, -193.015, -20.6194, 189.298, 2.02555e-05, 2.0354e-06, -1.95816e-05, 
462, 219614, 118.956, -22.3389, -184.661, -9.41438e-06, 9.06307e-06, 3.17279e-05, 
463, 364379, 3.34091, -72.4034, 137.023, 5.83814e-06, 5.93074e-06, -2.69023e-05, 
464, 70706.8, 44.5414, 115.596, -66.2686, -1.72301e-06, -1.96547e-05, 9.08054e-06, 
465, 71405.7, 154.112, -153.098, 32.7015, -3.17883e-05, 2.30626e-05, -6.11355e-06, 
466, 106277, -104.385, -173.403, -67.6338, 9.73767e-06, 2.69603e-05, 2.93158e-06, 
467, 83615.9, 182.385, -31.1586, 157.851, -3.19667e-05, -1.19444e-06, -1.52605e-05, 
468, 14016.4, -157.979, -90.4111, 44.9646, 2.87011e-05, 1.68522e-05, 2.2472e-06, 
469, 13066.3, -51.2704, -171.706, -58.0223, 1.18028e-05, 2.72803e-05, 1.24176e-05, 
470, 10982.6, 124.438, -30.0362, 165.128, -1.28357e-05, 1.26631e-05, -2.27633e-05, 
471, 66296.1, -43.9431, 68.413, -131.253, 1.42698e-05, -2.11649e-05, 2.00343e-05, 
472, 134341, -155.58, 127.501, 77.0222, 3.66105e-05, -1.09017e-05, -1.1808e-05, 
473, 189167, 34.981, 92.3418, 52.6043, 2.21757e-06, -1.9243e-05, -1.40424e-05, 
474, 92831.2, -40.4061, -179.577, 36.0456, 3.04943e-05, 7.14716e-05, -8.57635e-05, 
475, 6779.32, -47.5928, 92.5154, 8.49693, 1.06993e-05, -1.3255e-05, -4.80885e-07, 
476, 235404, 86.2795, -129.256, 66.2111, -1.20021e-05, 1.80693e-05, 6.96378e-06, 
477, 47715.6, -35.2386, 122.287, 144.224, -2.09137e-06, -1.41917e-05, -2.33098e-05, 
478, 33611.2, 158.748, -14.8862, -121.806, -3.25031e-05, -6.26852e-06, 1.49981e-05, 
479, 35922.7, -2.99522, 181.737, 121.731, 1.23659e-06, -2.45386e-05, -1.97079e-05, 
480, 105434, -125.305, 79.1211, 134.393, -1.15448e-06, 2.00002e-05, -2.66391e-05, 
481, 34595, 98.3374, 79.2413, -106.583, -1.68943e-05, -1.77739e-05, 1.07846e-05, 
482, 94631.5, 25.8145, 81.7985, -67.2889, -6.31152e-06, -1.71536e-05, 4.58414e-06, 
483, 64805.2, 11.2608, -147.19, 71.5565, -9.57743e-08, 5.05082e-05, -9.04655e-07, 
484, 187728, 69.2406, 105.787, 97.144, -1.22731e-05, -1.32974e-05, -2.69516e-05, 
485, 276622, 181.51, -100.61, 178.863, -2.38911e-05, 7.64599e-06, -2.25576e-05, 
486, 243315, -79.4776, -144.958, 162.407, 1.45712e-06, 1.52797e-05, -3.49679e-05, 
487, 40125.4, 79.9315, -56.6737, 186.91, -9.29937e-06, 4.40307e-06, -3.55093e-05, 
488, 192965, 36.9786, -191.834, -191.8, -3.93667e-06, 3.0515e-05, 3.05813e-05, 
489, 10206.2, 181.454, -84.5074, 148.531, -3.83171e-05, 1.41191e-05, -1.74496e-06, 
490, 99717.1, -65.6559, -143.104, -0.476588, 1.41444e-05, 1.8174e-05, -1.70895e-06, 
491, 23792.7, 61.7768, 22.6514, 45.1532, -8.70723e-05, 5.15243e-05, -3.52128e-05, 
492, 185185, -153.387, 101.775, -67.9898, 3.60074e-05, -1.20107e-05, -5.67638e-06, 
493, 160653, 50.4044, -128.237, 38.9638, -5.1586e-06, 9.64582e-05, -3.19354e-05, 
494, 229389, -135.222, 72.9739, -185.979, 1.80626e-05, -1.68502e-05, 3.67267e-05, 
495, 248929, 70.4771, -123.381, 83.0093, -5.735e-06, 1.28424e-05, -1.2229e-05, 
496, 33504.3, -139.223, 56.0398, -77.2043, 2.42818e-05, -7.35087e-06, 8.96917e-06, 
497, 21766.6, 116.286, -167.367, 80.0106, -3.61507e-05, 3.51391e-05, -6.01764e-06, 
498, 23915.7, 193.871, 161.847, 190.822, -1.56685e-05, -1.54894e-05, -1.78961e-05, 
499, 75412.4, -83.5442, 183.417, 164.055, 7.03137e-06, -2.40896e-05, -2.17715e-05, 
500, 179598, -54.2962, 106.76, 190.86, 8.11699e-06, -1.45376e-05, -3.36835e-05, 
501, 325462, 19.2503, 53.5479, -42.1382, -2.88874e-06, -1.2115e-05, 3.94464e-06, 
502, 71476.9, 78.3166, -23.5061, 3.6604, -1.1224e-05, 1.57385e-06, -9.17399e-06, 
503, 9761.29, -165.825, 101.642, 172.155, 1.88504e-05, -1.52727e-05, -2.60233e-05, 
504, 212845, 162.696, -169.779, -178.46, -2.04496e-05, 2.12771e-05, 2.6272e-05, 
505, 60373.5, 105.599, -138.999, 23.2656, -2.53487e-05, 2.34295e-05, 1.20124e-06, 
506, 47826.2, 87.954, -6.11931, -31.7584, -2.96142e-05, -6.58854e-06, 5.89719e-06, 
507, 188249, 79.8096, -183.779, -168.51, -1.36975e-05, 2.84097e-05, 2.33099e-05, 
508, 71138.1, 161.048, -63.1317, 191.521, -2.47076e-05, 7.84364e-06, -3.05401e-05, 
509, 72333.7, -45.1634, 128.728, -65.0025, 6.05541e-06, -2.47702e-05, 4.07134e-07, 
510, 30891.9, 137.066, 142.66, -117.387, -1.86425e-05, -2.19007e-05, 1.96937e-05, 
511, 251412, -38.7249, -175.941, 28.7262, 7.48423e-06, 2.00893e-05, 1.87448e-05, 
512, 52781.2, 179.495, -70.7163, -191.456, -2.12675e-05, 5.7656e-06, 3.03736e-05, 
513, 242341, 128.124, -123.194, -138.103, -1.57549e-05, 1.12508e-05, 1.83726e-05, 
514, 53369, -132.635, 109.497, -180.01, 1.12433e-05, -1.57292e-05, 2.51875e-05, 
515, 7985.99, -27.1528, 193.468, 6.75956, 5.42996e-06, -3.71915e-05, 1.0458e-06, 
516, 139299, -46.4191, 138.405, 135.058, 2.02205e-06, -2.08354e-05, -1.92885e-05, 
517, 28622.2, -149.976, -102.055, -1.971, 2.35944e-05, 8.84458e-06, -1.7372e-06, 
518, 15175.5, 126.653, 190.481, 20.4242, -2.07326e-05, -3.52199e-05, 1.70436e-06, 
519, 89531.9, -132.207, -126.611, 28.2819, 2.20328e-05, 1.32961e-05, -4.82508e-06, 
520, 118061, -12.8139, -43.4775, -144.602, 6.96371e-06, 8.33409e-06, 2.02189e-05, 
521, 49662, 183.844, -125.611, 185.785, -1.99505e-05, 6.884e-06, -2.15752e-05, 
522, 1122.05, 2.41548, -67.7239, -127.488, 5.27858e-06, 7.91954e-06, 1.9271e-05, 
523, 10798.5, 162.04, -145.052, -150.863, -2.67082e-05, 1.66243e-05, 1.01393e-05, 
524, 26723.5, 11.7107, 15.8505, 93.742, -3.49904e-06, 4.62928e-06, -2.79818e-05, 
525, 5372.91, 101.155, -191.432, -96.6366, -2.56593e-05, 3.93985e-05, 7.54697e-06, 
526, 27640.3, -21.7782, -109.283, -113.384, 2.61714e-05, 1.97027e-05, -1.68965e-06, 
527, 674415, -177.35, -166.601, 198.507, 1.4576e-05, 1.72873e-05, -2.01471e-05, 
528, 35815.6, 167.843, -188.199, -146.599, -2.33342e-05, 2.79035e-05, 1.41589e-05, 
529, 450005, 110.638, 145.044, -56.1665, -1.78055e-05, -2.38756e-05, 7.55601e-06, 
530, 352452, 41.0442, 55.0471, 92.2863, -2.94442e-06, -1.09866e-05, -2.07737e-05, 
531, 3335.54, 198.576, -163.046, 29.7286, -2.69924e-05, 1.77042e-05, -2.82339e-06, 
532, 58929.6, 1.63589, 142.309, -35.4605, 6.46648e-06, -2.3205e-05, 1.33113e-05, 
533, 85345.4, 92.7416, 71.592, -118.645, -1.53973e-05, -1.11756e-05, 2.13207e-05, 
534, 8915.71, -147.539, -98.1987, -162.54, 9.00377e-06, 1.58698e-06, 2.37329e-05, 
535, 46907, 8.14179, -139.616, 75.4431, 1.26858e-05, 2.16219e-05, -1.29867e-05, 
536, 102952, 97.2431, -21.9222, -106.023, -0.000772399, -0.000551206, -0.000275053, 
537, 47345.7, 67.0833, 115.078, -163.437, -1.60197e-05, -1.87738e-05, 3.0831e-05, 
538, 40076.9, -95.8036, -65.289, 90.3007, 1.00024e-05, 1.33635e-05, -1.19057e-05, 
539, 161767, 4.46086, -22.1313, 83.116, 6.17968e-06, 7.73686e-06, -2.04324e-05, 
540, 48070.4, -157.87, 157.258, 29.7532, 2.51554e-05, -1.59918e-05, -1.11318e-06, 
541, 10865.6, -157.598, 1.23197, -5.05418, 2.68264e-05, -6.38327e-06, -5.96645e-08, 
542, 56397.1, -153.204, -117.951, -199.572, 1.0451e-05, 6.75048e-06, 2.91349e-05, 
543, 69453.3, 17.1265, -104.185, 141.015, -4.47148e-06, 1.07979e-05, -3.67719e-05, 
544, 1587.01, -167.53, -22.4435, -10.8588, 3.21249e-05, 5.33873e-06, 5.44244e-06, 
545, 17601.1, -69.7703, 111.007, 130.309, 4.87117e-06, -1.19993e-05, -1.88436e-05, 
546, 84768.6, 11.6498, -134.805, 115.77, -1.24297e-05, 2.52371e-05, -1.89452e-05, 
547, 190202, 145.581, 96.9142, -101.017, -2.68815e-05, -1.53343e-05, 1.87076e-05, 
548, 181496, -129.095, 186.83, 180.6, 1.21527e-05, -1.83032e-05, -1.94577e-05, 
549, 143315, 142.654, -53.0866, 189.2, -1.28811e-05, 5.71082e-06, -2.99597e-05, 
550, 54068.3, -66.8181, -71.5054, 169.35, 1.17314e-05, 6.19675e-06, -2.88646e-05, 
551, 263933, 93.4482, -97.2469, -85.7932, -1.67249e-05, 1.95124e-05, 1.81023e-05, 
552, 88304.6, 152.274, -35.7907, 73.7596, -2.5107e-05, 4.52683e-06, -9.87107e-06, 
553, 60114.1, 180.548, 73.4583, -116.066, -3.12337e-05, -9.37751e-06, 1.4943e-05, 
554, 331011, -192.222, -167.611, -53.3569, 3.25443e-05, 6.09795e-05, -1.12825e-05, 
555, 315007, 185.816, 28.6045, -184.529, -2.4355e-05, -4.34831e-06, 2.21452e-05, 
556, 262935, 1.03828, -9.85146, 5.82496, -1.20097e-05, -2.15009e-06, 1.3167e-06, 
557, 20051.8, 118.219, 47.2454, -93.259, -1.60523e-05, -2.25195e-06, 1.99832e-05, 
558, 112994, -109.275, -43.5894, 73.4811, 1.27273e-05, 2.85739e-06, -1.46129e-07, 
559, 46847.3, 51.0806, 179.045, -60.5746, -1.30991e-06, -3.14089e-05, 1.12965e-05, 
560, 96235.5, 45.7089, -51.7964, -165.814, -8.0732e-07, 2.65698e-06, 3.03724e-05, 
561, 60123.9, -173.928, -157.145, -193.732, 1.38106e-05, 1.76379e-05, 3.10121e-05, 
562, 81259.8, -23.883, 194.609, -85.4422, 6.18447e-06, -3.89526e-05, 1.07239e-05, 
563, 356964, -49.3259, -37.4119, -12.0751, 1.88064e-05, 1.36904e-05, 2.165e-06, 
564, 41893.1, 0.49484, -14.6473, -90.4378, 5.94568e-06, 6.0917e-06, 7.62026e-06, 
565, 75068.1, 161.847, -7.6927, 195.065, -3.13203e-05, -9.78746e-06, -4.56887e-05, 
566, 21457.1, 179.571, 57.9656, -57.2759, -3.41233e-05, -1.16589e-05, 3.3215e-06, 
567, 58224.2, 25.6086, -105.197, -131.502, -1.22235e-05, 1.07181e-05, 1.76667e-05, 
568, 50993.5, -47.9007, -161.146, -170.813, 1.01628e-05, 2.15759e-05, 2.88974e-05, 
569, 127801, 96.3601, -22.5708, -106.365, 0.000589475, 0.000449056, 0.00025305, 
570, 84358.5, 78.6517, -178.213, 24.0251, -1.53087e-05, 3.67035e-05, 5.53446e-07, 
571, 99801.4, 31.8399, -112.883, 52.3108, 1.14142e-05, 6.35607e-07, -1.02145e-05, 
572, 15485.3, -187.472, 60.2224, 45.1495, 3.54468e-05, -1.11509e-05, -6.5118e-06, 
573, 21562, 146.334, -119.091, 120.209, -3.35925e-05, 1.26872e-05, -1.57551e-05, 
574, 11356.2, 190.063, 143.252, -41.5171, -3.72293e-05, -1.63374e-05, 2.28249e-06, 
575, 21438.2, -79.9928, 46.8786, -163.957, 1.58213e-05, -5.96731e-06, 3.83767e-05, 
576, 35585, -60.4347, -54.7307, 103.045, 1.22353e-05, 8.23542e-06, -1.6153e-05, 
577, 24001.8, -53.8331, 17.4976, -118.951, 1.35402e-05, 8.15002e-06, 3.38015e-06, 
578, 81137.3, 180.715, -18.3169, -56.2476, -3.68647e-05, 8.37961e-07, -2.75256e-06, 
579, 25592.9, 191.389, 18.1005, -158.53, -3.04852e-05, -1.18851e-06, 1.12935e-05, 
580, 383540, -78.5465, -194.417, -165.46, 1.24153e-05, 2.64137e-05, 1.85059e-05, 
581, 16674.9, 96.2998, 97.3854, -71.0053, -1.06531e-05, -1.42868e-05, 1.01994e-05, 
582, 179917, 17.2408, 81.8075, -104.643, 3.23887e-06, -3.5369e-06, -3.63904e-06, 
583, 71917.1, -110.113, 143.335, 58.7155, 1.34884e-05, -1.2377e-05, -2.03771e-06, 
584, 185684, -1.30325, -76.2184, 178.715, 7.61811e-06, 7.14836e-06, -3.74152e-05, 
585, 43304, 108.598, -15.5641, -76.4171, -2.23022e-05, 3.66972e-06, 2.30615e-06, 
586, 345937, 17.7045, 8.83442, -156.578, 1.71043e-05, 5.1094e-06, 3.17254e-05, 
587, 31658.3, 186.8, -189.134, 91.0837, -2.16579e-05, 2.11844e-05, -3.37493e-06, 
588, 1998.67, -190.922, -174.669, 110.503, 2.13601e-05, 2.24051e-05, -5.51007e-06, 
589, 15011.1, 14.7112, 94.3355, 6.60385, 2.93692e-06, -1.41931e-05, -2.91334e-07, 
590, 127168, -44.3547, 145.012, -196.132, 4.79267e-06, -2.44498e-05, 3.06787e-05, 
591, 174572, -18.0779, -14.4617, 8.61016, 8.55543e-08, 6.27623e-06, -4.58909e-06, 
592, 85676.1, -114.346, -20.6095, -132.711, 1.76305e-05, 3.60476e-06, 1.8724e-05, 
593, 15989.9, 131.561, -130.743, -184.658, -1.38649e-05, 1.07217e-05, 3.10922e-05, 
594, 18882.1, -61.2396, 118.22, -187.742, 2.25848e-05, 3.29936e-05, 1.49241e-05, 
595, 70755.6, -48.9566, -197.761, 148.607, -9.0028e-07, 3.50438e-05, -2.24765e-05, 
596, 774340, -13.4107, -132.846, -152.928, 1.05594e-05, 1.70168e-05, 2.46225e-05, 
597, 60954.3, -25.9043, 70.3564, -138.633, 9.40999e-06, -1.70819e-05, 2.82581e-05, 
598, 133923, -68.167, 84.5317, 157.91, 1.02472e-05, -1.63977e-05, -3.06102e-05, 
599, 111675, -187.034, -168.377, -119.663, 5.5717e-05, 5.83735e-05, -6.63995e-05, 
600, 17636.8, 22.1926, -85.6494, -111.371, -2.25809e-06, 1.16863e-05, 1.26843e-05, 
601, 50047.7, 193.693, 52.7365, -55.9369, -3.85165e-05, -7.32975e-06, 2.7084e-06, 
602, 27978.5, -195, 153.267, -93.1059, 2.85577e-05, -1.70344e-05, 9.13024e-06, 
603, 204788, 69.0906, -176.177, -131.794, -1.14996e-05, 2.87612e-05, 1.45548e-05, 
604, 166169, -105.725, 153.608, 100.558, -1.35497e-05, -4.84251e-06, -1.29337e-05, 
605, 51839.5, 88.8696, -28.4417, -4.13263, -2.77955e-05, 5.92511e-06, 1.14479e-06, 
606, 42540.1, -105.043, 62.1218, -116.259, 2.90242e-05, 7.73823e-07, 1.32301e-05, 
607, 408.74, -2.6216, 101.4, 130.192, 3.52213e-06, -1.95424e-05, -1.83608e-05, 
608, 209274, -171.615, -117.533, 98.0612, 2.38261e-05, 1.41737e-05, -1.20624e-05, 
609, 19794.7, -191.05, -139.609, -26.8434, 2.47388e-05, 7.15757e-06, -2.65435e-05, 
610, 83633.3, -16.5952, 179.861, -193.952, 2.24061e-07, -2.3166e-05, 3.0089e-05, 
611, 94614.5, -155.828, -117.842, 79.0515, 1.86089e-05, 1.73731e-05, -6.25833e-06, 
612, 15097.7, -82.6025, 20.156, 90.2698, 2.7269e-05, 4.61552e-06, 7.74126e-06, 
613, 29211.7, -157.517, 123.087, 142.958, 2.5177e-05, -2.14114e-05, -2.60317e-05, 
614, 14883.6, -10.6554, 31.0814, 136.583, 3.29387e-06, -7.62805e-07, -2.60635e-05, 
615, 170057, 97.7756, -75.395, -68.1352, -2.36493e-05, 2.85136e-06, 1.06897e-05, 
616, 59825.1, 181.956, -108.873, -161.016, -2.64714e-05, 5.27961e-06, 1.85851e-05, 
617, 19442.2, 30.6336, 88.2942, -112.439, -4.79678e-05, -5.98633e-06, 1.18159e-05, 
618, 142645, 162.753, -131.369, -163.882, -2.11257e-05, 8.2885e-06, 2.18751e-05, 
619, 102576, 76.6982, 6.21131, 1.19279, -1.58072e-05, -3.81136e-06, 5.36862e-07, 
620, 32351.2, -144.07, 179.425, 94.3986, 2.76575e-05, -3.07362e-05, -1.57065e-05, 
621, 18863.3, 186.033, 179.208, -178.085, -1.06561e-05, -6.8137e-06, 1.63265e-05, 
622, 94220, 170.301, 1.91892, 60.6361, -3.23179e-05, -2.57167e-06, -4.64306e-06, 
623, 23438.9, 139.056, -188.303, -156.982, -1.08807e-05, 3.45806e-05, 1.79623e-05, 
624, 56755, -199.954, -125.646, 46.04, 2.8177e-05, 1.6814e-05, -4.32789e-06, 
625, 257995, 157.652, -15.7468, 179.22, -2.97336e-05, 4.38607e-06, -2.17759e-05, 
626, 93021.5, -190.434, 175.167, 51.7358, 2.61086e-05, -2.06823e-05, 1.23113e-06, 
627, 1011.75, 65.8176, -43.1929, -6.96817, -1.00209e-05, -5.11951e-08, -3.12436e-06, 
628, 49624.3, -87.7938, -179.115, 184.089, 7.41706e-06, 2.28058e-05, -2.54053e-05, 
629, 28707, -160.384, -32.3139, 126.935, 2.90223e-05, 2.54045e-07, -1.80445e-05, 
630, 33303.2, -95.3521, 68.9914, -52.2749, 1.64875e-05, -4.276e-06, 1.08606e-08, 
631, 76125.3, -120.655, -6.06656, 83.2908, 2.43697e-05, 5.81115e-06, -6.79286e-06, 
632, 109298, 29.8556, 103.651, -170.53, -1.21531e-05, -1.31374e-05, 3.61726e-05, 
633, 95538.9, 123.254, 97.9413, 182.049, -1.22838e-05, -1.51044e-05, -2.81542e-05, 
634, 117409, 5.27341, -111.315, -125.709, -1.10877e-05, 1.5582e-05, 1.1439e-05, 
635, 70684.6, -135.938, 165.982, -117.372, 1.82446e-05, -2.68808e-05, 1.85768e-05, 
636, 18793.5, -187.373, -192.726, 76.9938, 1.87581e-05, 1.99956e-05, -5.78966e-06, 
637, 5726.53, -189.083, -42.4084, -161.607, 2.69526e-05, 1.64369e-06, 1.88521e-05, 
638, 45709.4, -149.758, -28.8819, 34.504, 1.80222e-05, -7.86419e-06, 7.3292e-06, 
639, 134417, 198.061, -72.9103, 55.4751, -3.38985e-05, 1.02667e-05, -1.7787e-06, 
640, 14634.9, -93.4712, 27.7569, -132.281, 2.9057e-05, 3.67373e-06, 2.20397e-05, 
641, 116118, -146.101, 103.566, -77.6234, 6.00711e-06, -1.72311e-05, 3.23891e-05, 
642, 315138, -197.862, -79.2402, 93.7426, 3.00012e-05, 4.57698e-06, -1.11983e-05, 
643, 101158, -54.4868, -89.4747, 133.184, 1.47644e-05, 6.62451e-06, -2.27539e-05, 
644, 24037.5, 129.836, 8.61089, 3.51336, -3.05539e-05, 4.87139e-06, 5.04523e-06, 
645, 89848, -146.856, 156.26, -108.692, 2.8108e-05, -1.69626e-05, 1.14623e-05, 
646, 117972, 169.152, -86.7007, 157.529, -1.80827e-05, 1.11656e-05, -1.3859e-05, 
647, 45860.8, -155.621, -21.6458, -52.8135, 2.56146e-05, 6.56013e-06, -1.08185e-05, 
648, 9587.72, -94.1001, -164.406, 101.542, 1.35364e-05, 2.31359e-05, -5.95195e-06, 
649, 22203.1, -133.351, -48.4428, -170.803, 2.39054e-05, 7.76415e-06, 1.12807e-05, 
650, 44632.5, -90.0386, -181.759, -154.077, 2.31353e-05, 1.05353e-05, 4.95678e-06, 
651, 54137.5, -127.752, -22.2391, 107.685, 2.41792e-05, 2.34207e-06, -2.02994e-05, 
652, 8125.5, -98.534, -170.206, -110.35, 6.52087e-06, 2.6127e-05, 1.25405e-05, 
653, 75145.5, 58.2671, -57.493, -10.3651, -6.91328e-06, -2.56332e-06, 1.00037e-06, 
654, 52075, -104.091, 186.369, -144.428, 1.03554e-05, -1.46132e-05, 1.574e-05, 
655, 118668, -54.4626, 182.578, -21.3265, 5.51951e-06, -3.074e-05, 2.08458e-06, 
656, 23859.3, 49.0376, -17.1698, 134.084, -7.90828e-06, -1.33441e-06, -2.18278e-05, 
657, 29456, 55.6316, 81.9583, -13.0139, -6.8346e-06, -1.78285e-05, 3.91904e-06, 
658, 49905.7, -133.618, 84.6955, 162.007, 1.80725e-05, -8.38502e-06, -4.11451e-05, 
659, 331884, 61.4092, 174.538, 130.121, 1.63161e-05, -2.74752e-05, -1.99966e-05, 
660, 127706, -193.059, 82.8617, 158.595, 2.66093e-05, -1.19842e-05, -9.51055e-06, 
661, 293265, -198.592, -139.645, -52.1683, 6.97809e-05, -2.63545e-05, -2.47083e-05, 
662, 53949.4, -27.0867, 142.143, 105.534, 2.54447e-07, -2.21968e-05, -1.55286e-05, 
663, 61482.6, 86.912, -88.7098, -61.7608, -1.1654e-05, 2.26957e-05, -8.98443e-07, 
664, 58877.1, -118.42, -56.7983, -51.5374, 2.17631e-05, 3.18522e-06, 1.885e-06, 
665, 93743.5, 72.5287, -43.3584, -193.599, -8.97118e-06, -8.77809e-07, 4.02252e-05, 
666, 79667, 57.6117, -120.346, -116.128, -9.25328e-06, 1.69014e-05, 1.68052e-05, 
667, 84635.4, 20.8241, -62.3687, -121.506, 6.25735e-08, 7.31071e-06, 1.87609e-05, 
668, 1157.83, -142.623, -7.1261, 33.1836, 2.11445e-05, -3.12197e-06, -2.43119e-06, 
669, 14601.6, 82.6343, 54.2299, 109.024, -1.60209e-05, -7.77973e-06, -2.18573e-05, 
670, 55388.2, -188.988, 52.961, 177.152, 1.61197e-05, -1.81876e-05, -2.89321e-05, 
671, 67549.1, -151.63, 116.823, 116.247, 2.40207e-05, -1.90571e-05, -8.16129e-06, 
672, 177476, 111.784, -19.4413, 57.6776, -2.03509e-05, 7.86237e-06, -8.5366e-06, 
673, 245289, 108.246, -77.0856, -34.5306, -3.39953e-05, 1.30352e-05, 1.23782e-07, 
674, 206543, 168.76, 91.387, 184.192, -1.66133e-05, -7.86879e-06, -2.65987e-05, 
675, 108589, 115.115, -187.606, 193.471, -1.2579e-05, 2.84224e-05, -2.61097e-05, 
676, 261059, 41.6817, 120.994, -133.222, -1.46557e-05, -3.37159e-05, 2.14911e-05, 
677, 16455.5, 43.8715, -82.7316, 136.759, -1.03931e-05, 4.60902e-06, -2.76949e-05, 
678, 6864.09, 117.972, -85.4433, 43.4085, -2.59895e-05, 8.53603e-06, -5.3914e-06, 
679, 100264, -90.747, 170.465, 77.6963, 7.66957e-06, -2.40703e-05, -1.60321e-05, 
680, 52607.1, 144.206, -100.632, -114.347, -2.4753e-05, 1.09442e-05, 1.45313e-05, 
681, 25595, 69.3084, -69.2288, -159.776, -3.79952e-06, 9.66875e-06, 4.49642e-06, 
682, 174028, -23.4732, -194.945, 167.092, 2.09357e-06, 2.71197e-05, -2.23289e-05, 
683, 11541.7, 63.3566, 109.415, -26.7001, -9.56286e-06, -1.7429e-05, 3.02413e-06, 
684, 283854, 8.6643, -100.839, -174.667, -1.4358e-06, 6.23848e-06, 3.60169e-05, 
685, 119847, -53.3071, -14.2319, -34.1248, 2.35988e-05, -4.18765e-06, 1.35808e-05, 
686, 80709.6, -155.046, -15.0129, -4.06669, 2.35522e-05, 1.12416e-06, 5.06603e-07, 
687, 4596.96, -199.537, 187.173, 84.4047, 2.92016e-05, -3.26113e-05, -9.98267e-06, 
688, 3503.58, -22.5094, 43.9656, 44.3738, 1.14786e-05, -1.20277e-05, -5.80571e-06, 
689, 37715.9, 199.012, 120.847, -182.317, -2.49066e-05, -1.32507e-05, 3.27212e-05, 
690, 49534.8, -139.877, 174.719, 70.7319, 2.9341e-05, -2.50334e-05, -9.62671e-06, 
691, 46990.8, -139.358, -1.61976, 175.042, 1.93659e-05, 2.15695e-06, -2.29591e-05, 
692, 12613.9, 61.4308, 121.977, 26.6978, -1.13727e-05, -2.88101e-05, 4.36437e-06, 
693, 37646.6, -172.667, -195.289, -60.2266, 1.35242e-05, 3.51891e-05, 2.30644e-06, 
694, 106997, -188.635, -54.2722, -59.8295, 3.09815e-05, 4.62913e-06, 2.94838e-06, 
695, 24788.6, 169.727, 42.2341, -81.8688, -3.54394e-05, -7.35871e-06, 1.14075e-05, 
696, 16894.1, 179.928, 104.899, -116.944, -2.9994e-05, -1.31991e-05, 1.40829e-05, 
697, 2248.63, -155.431, -164.343, -33.0773, 1.20833e-05, 2.3158e-05, -5.66376e-06, 
698, 115041, -91.6837, 34.6396, 179.835, 1.53131e-05, 3.82923e-07, -3.3837e-05, 
699, 99640.7, 156.66, -79.0348, 16.7467, -2.97849e-05, 1.03372e-05, -3.6415e-06, 
700, 105761, 49.7615, 159.383, -118.551, -4.9949e-06, -2.05217e-05, 2.3914e-05, 
701, 67029.7, 74.9712, 5.88222, 65.2941, -1.78221e-05, 7.68041e-06, -1.98011e-05, 
702, 125289, -122.836, -58.3718, -104.134, 1.34731e-05, 2.95498e-06, 1.77418e-05, 
703, 373969, -5.78162, -68.9958, -52.16, 7.13285e-06, 1.03989e-05, 6.24901e-06, 
704, 13445.6, -123.463, 101.894, 147.638, 7.96291e-06, -2.83094e-05, -3.96492e-05, 
705, 78609.6, 42.5745, -78.8427, 25.3106, -1.26658e-06, -2.06627e-06, -7.88726e-06, 
706, 114096, 70.8955, 169.952, 31.7984, -7.57686e-06, -3.36088e-05, -6.95211e-06, 
707, 659687, -186.496, -148.931, -59.3073, 1.17411e-06, 1.28616e-05, 1.57527e-05, 
708, 1469.91, 145.155, -190.281, -195.346, -1.06894e-05, 2.31183e-05, 2.45599e-05, 
709, 148202, 106.008, -119.665, 108.138, 4.00489e-05, -2.16372e-05, -3.96891e-05, 
710, 46192.1, -97.8253, -37.7971, 119.733, 1.5928e-05, 4.30236e-06, -2.40067e-05, 
711, 2831.45, 98.3591, 86.544, 123.624, -9.51164e-06, 5.85594e-06, -1.4486e-05, 
712, 188591, 195.708, 118.528, -166.456, -2.24448e-05, -1.09623e-05, 1.19948e-05, 
713, 36742.7, -102.335, -154.541, -150.748, 1.19829e-05, 1.51059e-05, 1.88932e-05, 
714, 25948.2, 111.421, 48.5321, -197.672, -1.81067e-05, -2.03673e-05, 3.0856e-05, 
715, 22966.4, -3.63908, -16.3182, -99.1961, 1.23275e-05, 6.77623e-06, 2.20352e-05, 
716, 72690.4, 147.572, 142.183, -55.999, -2.09526e-05, -2.20538e-05, 5.50003e-06, 
717, 37324.3, -85.0767, 193.992, -130.534, 7.64977e-06, -2.81343e-05, 1.24918e-05, 
718, 390336, -175.161, -129.934, 172.266, 6.4804e-06, -4.73591e-06, -1.95798e-05, 
719, 25169.4, -72.4835, -174.231, -99.832, 1.0943e-05, 2.66761e-05, 7.98892e-06, 
720, 65520.3, 87.8485, 40.2525, 195.316, 3.22816e-06, -1.42709e-05, -4.89832e-05, 
721, 56199.3, 100.752, -164.99, 64.255, -2.32782e-05, 3.55452e-05, 4.33197e-06, 
722, 67903.7, -113.535, 162.178, -135.222, 1.4744e-05, -3.34272e-05, 6.28997e-06, 
723, 107326, 8.13319, -3.68795, 50.3057, -2.18952e-07, -2.1872e-06, -1.30482e-05, 
724, 163062, 120.68, -129.231, 102.502, -5.88676e-05, 3.68533e-05, 4.44138e-07, 
725, 141818, -192.829, -94.7448, 42.7258, 2.99872e-05, 1.04838e-05, -1.90467e-06, 
726, 17870.8, 74.453, -55.9509, 104.369, -9.55133e-06, 2.33674e-06, -1.33602e-05, 
727, 118439, 95.578, 149.288, -81.034, -9.91743e-06, -2.45386e-05, 2.12767e-05, 
728, 9178.77, -112.825, -26.1685, 198.539, 1.58427e-05, 7.47623e-07, -3.3418e-05, 
729, 134726, -48.5339, -17.346, -131.219, 1.41634e-05, 7.10864e-06, 1.92105e-05, 
730, 157217, -106.926, 196.098, -47.7393, 4.20936e-06, -3.7019e-05, 1.58751e-05, 
731, 137389, 62.5747, -84.4829, -69.14, -0.000113598, -6.4946e-06, -1.07798e-05, 
732, 641597, 13.5189, 145.846, -6.4793, -2.13e-06, -2.51503e-05, 1.72108e-06, 
733, 18617.2, 0.932081, -186.796, -164.609, 1.06689e-05, 4.45366e-05, 2.23619e-05, 
734, 47874.8, -64.653, 102.341, -154.078, 1.59264e-05, -1.52604e-05, 2.81713e-05, 
735, 48715.6, -171.557, -79.6573, 68.5356, 2.50135e-05, 7.52542e-06, -8.03645e-06, 
736, 39173.1, 92.5879, 68.0525, 68.7393, -2.07037e-05, -8.32782e-06, -1.35926e-05, 
737, 103307, 107.061, 34.1303, -198.987, -1.43148e-05, -7.46711e-06, 3.51745e-05, 
738, 14507, 185.749, 47.2057, 72.2115, -3.56893e-05, -3.91409e-06, -2.52554e-06, 
739, 341421, 13.4278, -186.341, -22.329, 2.1903e-06, 4.49887e-05, 5.87454e-06, 
740, 15771.6, 163.087, -64.8216, -133.583, -2.16276e-05, 9.57039e-06, 2.04526e-05, 
741, 165849, 2.61777, 24.5061, 83.9138, 7.72948e-06, -6.80704e-06, -1.51674e-05, 
742, 50923.5, -147.09, 91.9033, -20.0196, 2.36612e-05, -1.19041e-05, -3.51503e-06, 
743, 317554, -130.895, 55.7772, -172.365, 1.54402e-05, 3.78383e-06, 2.01633e-05, 
744, 12064.7, 126.483, -142.517, 184.61, -1.74748e-05, 1.42843e-05, -2.9853e-05, 
745, 20172.6, -27.9693, -117.352, 56.8129, 2.14994e-05, 1.32784e-05, -8.7331e-06, 
746, 244599, 60.4701, 176.718, -37.3251, -1.14521e-05, -2.90863e-05, 1.84882e-06, 
747, 12724.6, -63.6195, 87.6527, -194.534, 1.12545e-05, -6.74196e-06, 3.31494e-05, 
748, 25022.8, -27.8578, -169.091, 170.511, 6.3237e-06, 1.83176e-05, -2.68916e-05, 
749, 77817.5, -110.189, -151.113, -0.276329, 4.04357e-05, -2.59177e-06, 7.71665e-06, 
750, 61222.9, -80.7467, -70.4337, 3.97633, 2.39559e-05, 1.12907e-05, -5.38118e-06, 
751, 11195, 159.653, 98.1702, -168.847, -2.35365e-05, -1.54978e-05, 1.02248e-05, 
752, 58174, 100.451, 26.966, -51.0053, -1.73943e-05, -7.87524e-06, 3.95188e-06, 
753, 107906, 87.0672, 184.343, -1.85434, -1.22368e-05, -3.487e-05, -2.90252e-06, 
754, 335.438, -64.6211, 153.468, -141.745, 1.00315e-05, -2.30771e-05, 1.98975e-05, 
755, 178129, 112.29, 8.82813, -177.44, -1.55492e-05, -6.38087e-06, 3.7774e-05, 
756, 107862, 6.35176, -46.7074, 130.052, 3.51397e-07, -9.85572e-06, -2.1057e-05, 
757, 170636, -10.275, -103.931, -121.29, 1.1258e-05, 5.14444e-06, 8.88116e-06, 
758, 90028.5, 90.7401, -186.714, -100.161, -1.30171e-05, 3.34245e-05, 1.1961e-05, 
759, 36272.8, -43.7781, -191.248, -46.6193, 8.23421e-06, 3.855e-05, 9.53046e-06, 
760, 1426.25, -164.164, -82.2156, -140.907, 1.84937e-05, -1.13382e-06, 1.50626e-05, 
761, 236986, -192.614, 38.3271, 171.944, 2.414e-05, 3.65636e-06, -1.88661e-05, 
762, 100791, 52.6348, -78.4377, -154.685, -2.79767e-06, 1.41409e-05, 2.12543e-05, 
763, 343740, 107.68, 35.8948, 178.219, -2.79025e-05, -1.5251e-05, -2.29167e-05, 
764, 121281, -15.7267, 125.368, 191.349, -3.39634e-06, -1.61999e-05, -3.3167e-05, 
765, 18110.2, 102.234, 148.103, -50.6997, 6.52142e-05, -5.31918e-05, -4.71068e-05, 
766, 45710.3, -58.2982, 155.108, 8.40982, 8.61975e-06, -2.05463e-05, 5.102e-06, 
767, 188328, 36.5731, -194.857, 85.5056, 2.41207e-06, 4.18061e-05, -1.25449e-05, 
768, 36225.5, -179.101, 137.411, -194.97, 2.55308e-05, -2.00649e-05, 2.91317e-05, 
769, 72611.1, -64.1543, -147.888, -163.734, 1.6199e-05, 1.40511e-05, 2.33286e-05, 
770, 251088, -43.4378, -84.162, -156.709, 1.51932e-05, 7.89728e-06, 2.61593e-05, 
771, 185163, 146.105, -165.035, -157.203, -1.47984e-05, 2.20514e-05, 1.81413e-05, 
772, 251935, 12.9995, -163.616, -152.428, 8.37777e-07, 2.68979e-05, 1.19634e-05, 
773, 19412.7, -134.859, -103.707, -135.682, 1.01868e-05, 5.69587e-06, 1.58115e-05, 
774, 18151.1, -17.713, 70.4084, -2.62341, 1.36152e-05, -9.53339e-06, -1.61427e-08, 
775, 26502, 135.02, -142.26, -166.168, -1.07294e-05, 1.18467e-05, 2.86596e-05, 
776, 442442, 188.841, -153.99, 188.816, -1.43537e-05, 1.09134e-05, -1.7563e-05, 
777, 159754, 132.949, 92.8662, -23.3579, -2.57454e-05, 2.49063e-06, -6.21895e-06, 
778, 6374.99, -195.663, 32.7498, -6.68643, 3.38471e-05, -2.62724e-06, -5.11327e-07, 
779, 67820.9, -10.5867, 137.521, -55.64, 5.02994e-06, -2.24596e-05, 5.80935e-06, 
780, 45912.1, -187.499, -182.486, -110.742, 2.39942e-05, 4.06951e-05, -8.89531e-07, 
781, 19117.2, -22.1048, 16.2933, -121.491, 5.33782e-06, 6.58032e-06, 1.27643e-05, 
782, 73372, 72.1493, 70.0562, -10.3812, -1.40195e-05, -1.30408e-05, 4.14374e-06, 
783, 49985.3, 41.741, -197.627, -99.9974, -2.59253e-06, 4.22364e-05, 8.44284e-06, 
784, 223513, 156.671, -81.3365, -83.4253, -2.9639e-05, 1.13847e-05, 6.24059e-06, 
785, 71830, -11.2208, -54.9569, 128.706, 2.24993e-05, -4.3817e-06, -1.80223e-05, 
786, 271223, 50.4336, -18.0025, -56.7421, -4.8522e-06, 1.92968e-06, 5.04309e-06, 
787, 142564, -5.9529, -18.0123, 39.9321, 6.25863e-06, 7.40986e-06, -1.2848e-05, 
788, 43821.6, -18.5817, -129.638, 147.865, 2.08609e-05, 1.9195e-05, -4.06416e-05, 
789, 293571, 36.2397, -54.5449, 187.12, -1.23047e-06, 3.18159e-06, -3.60195e-05, 
790, 182068, -143.689, 86.1984, 136.904, 6.07544e-05, 5.26689e-06, -3.66798e-05, 
791, 3882.64, 159.34, -176.276, -37.5456, -3.1471e-05, 2.211e-05, -4.65032e-06, 
792, 106324, 181.601, -75.5812, -109.281, -3.00777e-05, 1.08265e-05, 7.67092e-06, 
793, 281720, 150.736, 89.5544, -188.613, -1.71533e-05, -1.08501e-05, 2.48609e-05, 
794, 124977, -59.7701, 126.109, -189.498, 1.87617e-05, -1.73418e-05, 6.15032e-06, 
795, 13842.1, 93.0363, -49.9131, 113.181, -1.1951e-05, 3.38283e-06, -1.19009e-05, 
796, 106517, 96.7177, 30.0907, 183.398, 2.42999e-05, 1.47729e-05, -4.70618e-05, 
797, 38496.1, 5.43297, -174.979, -172.035, 2.02033e-05, 3.61408e-05, 4.04419e-05, 
798, 104998, 58.1993, -164.356, -83.02, -1.07197e-05, 2.6757e-05, 4.14412e-06, 
799, 37540.4, -77.6141, 166.271, 103.862, -9.94424e-07, -3.09335e-05, -1.79173e-05, 
800, 72836.4, 193.131, -136.614, -126.221, -3.0758e-05, 1.38555e-05, 9.70322e-06, 
801, 117980, -179.413, 63.9665, -151.688, 2.7819e-05, -8.20391e-06, 1.50462e-05, 
802, 58093.9, 138.733, -133.572, -38.5134, -2.64302e-05, 1.77559e-05, 6.79489e-07, 
803, 152886, 34.7527, -1.37634, 112.075, -3.81715e-06, 1.14312e-06, -1.66428e-05, 
804, 6553.1, -88.7197, -96.4731, 147.441, 1.44542e-05, 4.53742e-06, -2.42486e-05, 
805, 139346, 55.063, -76.4779, -3.34322, -3.26997e-06, 5.46148e-06, -4.81645e-07, 
806, 101696, 44.5091, 25.191, 47.7188, 9.09513e-05, 5.92942e-05, -8.49945e-05, 
807, 73054.7, -115.013, -165.27, 199.827, 7.57414e-06, 1.60242e-05, -2.58679e-05, 
808, 39324.5, 161.279, -138.474, 192.933, -5.93952e-06, 1.03506e-05, -2.60213e-05, 
809, 134492, 15.8958, 97.2183, 156.24, 1.82476e-06, -1.96708e-05, -3.09534e-05, 
810, 143930, 156.13, 117.446, 0.508575, -3.54016e-05, -1.64458e-05, -5.12835e-07, 
811, 164362, -149.742, 80.1501, -51.9383, 2.26217e-05, -4.49136e-06, 3.86255e-07, 
812, 63296.4, -195.267, 54.1262, 85.1509, 3.29133e-05, -5.27291e-06, -9.24889e-06, 
813, 129107, -134.721, -170.492, -120.874, 4.62981e-06, 2.75232e-05, 9.52091e-06, 
814, 71605.3, -117.011, 195.76, 31.5958, 1.31466e-05, -3.87906e-05, 5.44849e-06, 
815, 150705, 41.2825, 189.824, -32.4423, 3.79005e-06, -4.16046e-05, -5.74829e-07, 
816, 14565.4, -20.1024, 24.9153, -155.22, 7.03967e-06, -3.67283e-06, 3.64327e-05, 
817, 350158, -120.176, -173.415, 5.85725, 1.96263e-05, 3.11231e-05, -2.92934e-06, 
818, 65973.3, -175.41, -10.8526, 74.9395, 3.08157e-05, -5.52939e-07, -1.16793e-05, 
819, 14620.8, 131.362, 17.7496, -150.349, -2.80532e-05, -1.44251e-05, 1.98528e-05, 
820, 99687, 121.33, 2.01074, 70.787, -2.36723e-05, 2.80308e-06, -1.47456e-05, 
821, 78813.5, -166.941, 190.93, -158.379, 1.80833e-05, -2.19963e-05, 1.15894e-05, 
822, 52670.6, -32.3135, 4.24263, -29.254, 1.07888e-05, -1.47387e-05, 8.84664e-06, 
823, 19096.8, 14.0902, -174.411, -22.405, -1.28084e-06, -1.66681e-05, 1.04922e-05, 
824, 166820, -147.884, 52.0566, -27.9406, 2.32321e-05, -2.85894e-06, -9.38396e-07, 
825, 26810.7, -24.6558, -73.0768, -116.168, 6.36433e-06, 7.16914e-06, 1.50518e-05, 
826, 28486, -147.868, -117.9, -137.655, 4.43056e-06, 6.79075e-06, 1.24158e-05, 
827, 103034, -25.0045, -157.471, -98.6619, 1.32227e-05, 2.42389e-05, 2.80305e-06, 
828, 14279.7, 166.845, -120.349, -60.9611, -2.98868e-05, 1.55995e-05, 3.5439e-06, 
829, 8741.97, -120.762, 17.0821, -66.3105, 3.55311e-06, 2.10789e-05, -8.89425e-06, 
830, 53313.4, 100.402, 93.7938, 126.611, -1.50447e-05, -1.27829e-05, -2.23891e-05, 
831, 117922, 73.3101, -131.925, 100.374, -4.1981e-06, 2.88669e-05, -3.44018e-05, 
832, 47162.9, -152.322, -175.946, -130.713, 1.46722e-05, 3.15252e-05, 1.68701e-05, 
833, 8286.71, -65.7253, 41.8441, 140.973, 1.98188e-05, -7.83185e-06, -2.78268e-05, 
834, 23512.6, 93.5888, -37.3987, -82.9852, -2.28074e-05, 1.23026e-05, 9.76236e-06, 
835, 48012.9, 98.6915, 131.89, -4.86588, -1.30857e-05, -2.26158e-05, 2.73903e-06, 
836, 244767, -127.296, 27.9556, -72.2541, 1.98762e-05, -3.80505e-06, 4.75719e-06, 
837, 11064.7, 172.552, 92.8981, -192.234, -3.10958e-05, -1.06489e-05, 2.48631e-05, 
838, 20634.6, 133.743, 165.998, -0.76907, -2.12188e-05, -3.01245e-05, -1.40286e-06, 
839, 57541, 152.957, 34.2489, -103.195, -2.77716e-05, -6.65543e-06, 1.5712e-05, 
840, 20463.4, 107.491, 182.127, 150.713, -1.52358e-05, -2.51033e-05, -2.5989e-05, 
841, 159860, -32.3985, -11.0338, 16.0025, 2.55714e-05, -5.72987e-06, -2.56854e-05, 
842, 62195.8, 104.857, -172.346, -62.0413, -7.63598e-06, 2.39023e-05, 7.96441e-06, 
843, 45687.8, 150.634, 94.3164, 90.5948, -2.4191e-05, -1.06585e-05, -8.14991e-06, 
844, 34083.5, 107.791, -33.8812, -147.101, -1.77437e-05, 6.78647e-06, 2.63765e-05, 
845, 167100, -99.4316, -33.178, 181.95, 1.27458e-05, 4.15538e-06, -2.72078e-05, 
846, 5197.57, 152.685, 111.207, 28.6126, -3.75602e-05, -1.12402e-05, -8.12675e-06, 
847, 136991, 186.73, -68.5712, 85.8784, -3.18052e-05, 8.11331e-06, -1.07372e-05, 
848, 76877.2, 78.6153, 173.219, 133.026, -3.14184e-06, -7.21733e-05, -8.34753e-06, 
849, 58225.5, -128.257, 154.544, -138.169, 2.51692e-05, -1.57714e-05, 1.93361e-05, 
850, 82478.8, 65.3894, -77.7552, 180.862, -7.47783e-06, 1.09455e-05, -3.33456e-05, 
851, 48702.7, -57.0445, -151.825, 193.682, 4.68055e-06, 1.46598e-05, -3.09889e-05, 
852, 115173, 195.168, 1.58366, -91.3085, -5.55885e-05, -6.23839e-06, 1.47695e-05, 
853, 307338, 149.501, 134.47, 80.4676, -2.71431e-05, -1.96643e-05, -7.11065e-06, 
854, 185629, -184.81, -165.625, -125.677, 9.13639e-06, 2.9791e-06, 5.98311e-05, 
855, 56299.4, -165.863, 134.917, -15.44, 2.56843e-05, -1.42968e-05, -2.99981e-06, 
856, 91465.5, -146.101, -35.6798, 198.791, 1.59424e-05, 3.15016e-06, -2.48697e-05, 
857, 130127, -34.1999, 188.117, -141.827, 1.97782e-06, -2.94097e-05, 1.67678e-05, 
858, 3417.81, -9.17489, -32.9298, -158.086, -3.53079e-06, 1.65408e-05, 1.29831e-05, 
859, 108190, 84.2385, -47.8848, 16.3971, -1.8356e-05, 5.92406e-06, -9.94008e-06, 
860, 123255, 94.7898, -138.876, 89.8835, -2.30423e-05, 3.36232e-05, -1.16902e-05, 
861, 28925, -92.386, 47.1526, 91.4665, 2.09689e-05, -4.6672e-06, -2.80768e-06, 
862, 23416.1, -7.60921, 41.6649, -44.638, 1.89688e-05, -4.01046e-06, 4.62155e-06, 
863, 17645.7, 121.938, -44.5273, -94.8041, -2.62449e-05, 7.70372e-06, 1.31237e-05, 
864, 10434.5, -177.845, 28.5739, -33.3241, 3.01993e-05, -1.73799e-06, 4.08562e-07, 
865, 50602.6, -158.191, -164.898, 32.1016, 2.4068e-05, 2.13868e-05, -8.58722e-06, 
866, 35549.3, -148.216, -38.6056, 129.656, 2.14557e-05, 3.7536e-06, -2.21547e-05, 
867, 21006.8, -86.3105, 21.0785, 77.6817, 1.8945e-05, 1.15419e-06, 6.98563e-06, 
868, 137997, 29.7985, 85.3261, 135.048, -1.17363e-07, -2.30618e-05, -1.86645e-05, 
869, 80183, 180.446, 141.445, 165.102, -1.76194e-05, -1.96222e-05, -2.02011e-05, 
870, 199490, -90.2709, 77.2587, -116.191, 9.93216e-07, -1.52048e-05, 2.11011e-05, 
871, 137961, -60.055, -182.325, -12.7149, 1.34536e-05, 3.38438e-05, 1.05185e-06, 
872, 152630, -115.289, 68.2954, 61.5471, 1.64437e-05, -1.06556e-05, 5.908e-06, 
873, 255954, 86.396, -13.465, 138.524, -8.96969e-06, -4.17864e-07, -2.0774e-05, 
874, 153344, 77.7301, -152.104, -63.3014, -2.24284e-05, 8.24864e-06, 9.42064e-06, 
875, 243212, -5.04467, -155.93, -3.09424, 1.24024e-05, 7.29738e-05, 2.78688e-05, 
876, 97858.1, -104.976, 198.82, -147.387, 1.23684e-05, -3.50316e-05, 1.91008e-05, 
877, 9197.93, 199.077, 175.27, -183.358, -2.69385e-05, -4.5183e-06, 1.46359e-05, 
878, 559028, 52.2625, -117.925, 32.8179, -1.67434e-05, -7.5253e-06, 1.45973e-05, 
879, 72394.2, 134.087, -155.06, -137.555, -1.28993e-05, 1.97966e-05, 1.1017e-05, 
880, 643448, -193.196, -117.9, -148.168, 4.6267e-05, -2.18928e-06, 1.61154e-05, 
881, 196113, -106.206, -95.2646, -51.8384, 3.38816e-05, 1.16354e-05, 7.34805e-06, 
882, 87696.5, -9.37683, 151.88, 4.66537, 2.30734e-05, -3.01566e-05, -6.02684e-06, 
883, 54149.7, 88.8841, 107.622, 135.503, -9.4908e-06, -1.83612e-05, -2.62272e-05, 
884, 12053.6, 126.503, -53.7353, 62.711, -2.258e-05, 8.54252e-06, -7.33651e-06, 
885, 91619.3, -55.0219, -71.9283, -199.113, 1.15167e-05, 5.02528e-06, 3.42448e-05, 
886, 57455.7, 42.5019, -8.44458, -126.027, -9.09283e-06, 9.18502e-06, 1.58009e-05, 
887, 35863.2, -89.5995, 108.483, 79.8543, 9.97793e-06, -1.73088e-05, -1.08471e-05, 
888, 141989, 60.8915, 190.894, 150.167, -1.83192e-07, -3.64845e-05, -3.14251e-05, 
889, 88802, -113.276, 75.348, 112.614, 1.44655e-05, -7.90681e-06, -1.24924e-05, 
890, 139498, 49.9557, -166.577, 66.3808, 9.15527e-06, 2.49642e-05, 1.97841e-06, 
891, 27006.8, 122.026, 114.369, 137.666, -1.45457e-05, -1.86489e-05, -2.59821e-05, 
892, 155547, 125.817, 26.9631, 79.4397, -2.36488e-05, -5.05843e-06, -1.59666e-05, 
893, 38489.7, 80.4585, 23.7787, 89.7011, -1.60401e-05, -2.20882e-06, -2.07714e-05, 
894, 47483.5, 121.337, 185.899, 142.214, -1.81396e-05, -2.64059e-05, -1.82567e-05, 
895, 161457, -110.293, 16.6698, 95.6562, 1.94223e-05, 5.27633e-06, -9.11903e-06, 
896, 36062.2, -134.439, 13.3363, -2.30614, 1.99884e-05, -9.70559e-07, -1.12818e-06, 
897, 77190.3, -129.385, -198.696, -71.5593, 1.22333e-05, 3.08747e-05, 3.94834e-06, 
898, 208617, 194.884, -137.333, -181.297, -2.56666e-05, 1.07724e-05, 2.07772e-05, 
899, 74295.9, -150.416, 4.72872, -65.1809, 2.65634e-05, -4.69095e-06, 2.39786e-06, 
900, 25043.3, -142.316, -164.419, -127.658, 1.79988e-05, 9.31391e-06, 2.66819e-05, 
901, 67224.6, 114.384, -82.4378, -181.03, -2.13552e-05, 9.59073e-06, 2.94457e-05, 
902, 88868.3, 122.639, -81.3754, 177.453, -1.24772e-05, 9.56026e-06, -2.91723e-05, 
903, 115188, 191.11, 192.763, -173.674, -1.59268e-05, -1.96998e-05, 1.14895e-05, 
904, 204594, -124.978, 179.042, 50.3861, 3.11236e-05, -3.34231e-05, -6.89247e-06, 
905, 201036, 98.469, -140.146, 177.616, -9.60709e-06, 1.37986e-05, -3.507e-05, 
906, 28556.6, 126.38, -19.7572, -186.219, -9.72744e-05, -2.15421e-05, 4.94857e-05, 
907, 12157.4, 139.895, 159.366, -95.6292, -1.48568e-05, -2.47767e-05, 1.72778e-05, 
908, 34602.5, 41.7404, 99.3235, 156.67, -7.59588e-06, -2.21941e-05, -3.2779e-05, 
909, 86744.5, -57.8717, -31.2819, 189.829, 7.56799e-06, 2.75133e-06, -3.13421e-05, 
910, 221669, 21.1832, -116.418, 103.375, 2.9114e-05, 3.76381e-05, -1.68568e-05, 
911, 97442.4, -109.431, 154.549, -142.788, 4.47909e-06, -1.06008e-05, 2.86724e-05, 
912, 298610, 51.924, 28.654, 43.4046, -2.87251e-05, 0.000100521, -0.000128818, 
913, 379606, -119.872, 161.403, 102.852, 2.98508e-05, -2.92606e-05, -2.16674e-05, 
914, 97228.7, -39.9066, 158.811, 147.963, 1.14416e-06, -2.95071e-05, -2.45681e-05, 
915, 320598, 130.271, 110.681, -33.8111, -2.12737e-05, -1.97355e-05, 5.41492e-06, 
916, 7327.83, 173.482, 113.885, 177.043, -1.36412e-05, -2.17919e-05, -2.56303e-05, 
917, 35705, 42.877, 122.123, 35.8087, -2.44984e-07, -2.98268e-05, -2.7607e-06, 
918, 342474, 21.272, -116.132, 77.8284, 4.08184e-06, 8.70496e-06, -6.56578e-06, 
919, 66720.6, -130.814, -69.2693, 121.58, 2.73064e-05, 1.34287e-05, -3.94054e-05, 
920, 65542.4, 40.233, 22.5554, 120.207, -5.93845e-06, -4.93036e-06, -2.51691e-05, 
921, 6241.52, -169.471, -80.9188, 166.382, 1.74001e-05, -4.46598e-07, -1.76422e-05, 
922, 618351, 51.7302, 34.5614, 36.5824, -7.51888e-06, -7.06993e-05, 7.01521e-05, 
923, 79778.9, -190.756, 173.21, -4.72585, 2.93772e-05, -1.72815e-05, 1.83501e-06, 
924, 45720.9, 155.166, -69.6854, 73.3168, -2.52047e-05, 8.58675e-06, -4.78808e-06, 
925, 8739.97, 89.253, 114.083, 150.899, -1.02612e-05, -1.7486e-05, -3.07532e-05, 
926, 25700, -29.2402, -12.2337, -32.8547, 8.00604e-06, -4.75924e-06, 4.98274e-06, 
927, 169457, -34.6575, -16.4134, -2.32871, 1.68569e-05, 1.57649e-06, 8.73792e-06, 
928, 359465, -121.151, 158.445, -69.1569, 1.7852e-05, -2.4029e-05, 1.0799e-05, 
929, 271813, -158.623, 174.481, -43.5678, 2.80442e-05, -2.32964e-05, 3.81083e-06, 
930, 93145, -177.412, -114.156, -63.3477, 1.78954e-05, -7.19322e-06, 3.15751e-06, 
931, 1980.54, -199.854, -161.86, 124.084, 2.63046e-05, 2.0248e-05, -5.33882e-06, 
932, 105732, -153.434, -185.818, -161.521, 8.65677e-06, 2.2797e-05, 1.29712e-05, 
933, 72024.8, -99.1065, 78.9444, 154.111, 8.70934e-06, -1.00831e-05, -3.67576e-05, 
934, 193279, -164.026, -150.941, -115.614, 1.10556e-05, 1.21254e-05, 5.95909e-06, 
935, 66304.2, 69.1145, 16.8621, 191.545, 4.44946e-07, -2.38933e-07, -3.67987e-05, 
936, 28554.2, -180.298, -132.899, 4.27748, 2.53758e-05, 1.31889e-05, -6.46747e-06, 
937, 146878, -126.154, -65.9382, 109.932, 1.77666e-05, 8.31299e-06, -1.29573e-05, 
938, 107389, 116.316, 113.27, 87.7845, -1.33108e-05, -1.40325e-05, -1.46499e-05, 
939, 254737, -170.432, 99.822, -169.14, 2.49211e-05, -1.05899e-05, 1.88982e-05, 
940, 362900, 117.185, 25.4754, 25.6227, -2.34667e-05, -2.8725e-06, -2.73515e-06, 
941, 310219, -109.176, 190.961, -26.6694, 9.89049e-06, -2.96335e-05, -8.18735e-06, 
942, 89928.3, 103.339, 176.127, -32.6015, -1.68765e-05, -3.51045e-05, -1.09989e-06, 
943, 33545.9, 109.342, 90.7985, -122.947, -1.90386e-05, -1.71733e-05, 2.2682e-05, 
944, 29356.3, 71.3714, -165.014, -67.848, -3.83143e-06, 5.11612e-05, 2.15534e-05, 
945, 2891.82, -124.635, 134.397, -94.5021, 2.35321e-05, -1.46954e-05, 2.23674e-05, 
946, 106908, 111.233, -176.074, 155.05, -1.93589e-05, 2.73961e-05, -3.23974e-05, 
947, 53758.8, 38.8821, 133.707, -109.229, -5.78248e-06, -2.65195e-05, 5.74384e-06, 
948, 59548.6, 8.58627, -102.974, 9.63115, 6.43992e-06, 2.00016e-06, 3.12972e-07, 
949, 31224.3, 144.177, -32.6384, -60.0456, -2.884e-05, -3.05227e-07, 5.53958e-06, 
950, 135293, 81.8202, 168.474, 137.104, -4.22023e-05, 7.54803e-06, -6.21533e-05, 
951, 83674.9, -114.376, 33.3464, 96.1835, 2.79279e-05, -1.1387e-05, -1.44602e-05, 
952, 149938, 186.032, 13.7857, -32.2211, -3.66029e-05, -1.09258e-06, -4.87708e-07, 
953, 53489, -45.2006, 110.42, -70.9199, 5.3196e-06, -9.98318e-06, 4.6642e-06, 
954, 111690, 18.4152, -171.497, -168.121, 3.78787e-07, 3.73245e-05, 3.7959e-05, 
955, 16236.9, -164.653, 124.526, -170.167, 2.16644e-05, -1.30479e-05, 1.33772e-05, 
956, 91001.1, -22.6054, 198.162, 119.131, 3.58693e-06, -3.02455e-05, -1.66143e-05, 
957, 9403.74, -107.623, -122.618, -102.33, 1.3838e-05, 1.16443e-05, 1.2642e-05, 
958, 25399.8, 82.6131, 25.7804, -59.3427, -1.1965e-05, -9.95421e-06, 7.72307e-06, 
959, 62610.3, 186.991, 142.341, -11.9711, -3.25299e-05, -1.83282e-05, -1.20604e-06, 
960, 142089, -59.7005, -190.203, 139.072, 9.81136e-06, 3.03039e-05, -1.33677e-05, 
961, 74241.4, -58.8575, -195.85, -165.116, -1.47594e-05, 2.94585e-05, 1.86382e-05, 
962, 4867.39, -18.7048, -89.8068, -38.899, 1.41202e-05, 2.13986e-05, 9.93785e-07, 
963, 62376.8, -90.4656, 133.128, 145.126, 1.55213e-05, -2.177e-05, -3.19055e-05, 
964, 84458.3, 32.5204, 71.4329, 142.144, -4.02062e-06, -1.89882e-06, -3.26132e-05, 
965, 554298, -61.8745, 24.1454, 102.387, 5.34327e-06, -6.01116e-06, -8.04243e-06, 
966, 286819, -132.983, 91.8352, 131.578, 7.56216e-06, -3.13349e-05, -8.29971e-06, 
967, 190355, -152.589, 44.258, 82.4413, 3.2586e-05, -2.6405e-06, -1.19804e-05, 
968, 59116.3, 137.476, -150.749, 29.1692, -2.03682e-05, 2.29294e-05, -3.15169e-06, 
969, 292484, 118.377, -2.65789, 190.408, -8.26592e-06, 1.67904e-06, -3.75926e-05, 
970, 9267.95, 8.38499, -192.258, -176.292, 6.00612e-06, 4.05605e-05, 2.87353e-05, 
971, 13799.8, -47.5399, -101.576, 118.382, 1.51141e-05, 9.88916e-06, -1.19928e-05, 
972, 36812.6, -11.9731, -111.816, -89.0478, 7.58135e-06, 1.84645e-05, 3.81528e-06, 
973, 8567.97, -87.8716, 66.9666, 87.041, 2.12186e-05, -9.17383e-06, 7.232e-07, 
974, 15274.9, -59.3702, -125.613, -72.1713, 8.48217e-06, 2.05762e-05, 3.75107e-06, 
975, 16243.1, -48.6107, 11.1537, 112.241, 9.3867e-06, 0.000145386, -4.64131e-05, 
976, 36388.5, 26.4794, 135.987, -132.552, 6.11483e-06, -3.79803e-05, 2.1386e-05, 
977, 58456.9, -173.383, 179.663, -196.362, 1.81376e-05, -1.85937e-05, 1.99987e-05, 
978, 308042, 126.687, 67.0501, -76.2999, -1.01128e-05, -4.21239e-06, -3.12482e-06, 
979, 177518, 181.25, -0.323554, -88.1123, -2.24805e-05, -2.73905e-06, 7.89052e-06, 
980, 48173.2, 145.363, -142.246, 10.0785, -2.36317e-05, 1.90141e-05, 2.87401e-06, 
981, 16457, 160.447, -43.2103, -11.4602, -3.40087e-05, 3.04936e-06, -3.14288e-06, 
982, 24972.9, 71.0126, -184, -48.7667, -9.96626e-06, 4.03558e-05, 6.2786e-07, 
983, 180722, 176.493, 25.6319, 97.916, -3.09456e-05, -3.73599e-06, -1.27108e-05, 
984, 15823.6, -71.0555, 1.6326, 18.75, 2.6624e-05, -3.46166e-06, -8.99984e-06, 
985, 67737, 54.2587, -145.606, -68.0959, 2.66789e-06, 1.67337e-05, 6.63056e-06, 
986, 54113.7, 85.1089, -74.0017, -187.404, -2.83488e-05, 1.6255e-05, 5.59253e-05, 
987, 129911, -180.289, -120.433, -143.859, -4.56936e-05, 1.80074e-05, -2.06366e-05, 
988, 11482.3, -87.1217, -40.8338, 123.564, 6.43809e-06, 7.99223e-06, -2.67707e-05, 
989, 187468, -153.015, -30.8838, -195.461, 2.29281e-05, 5.32819e-07, 2.63386e-05, 
990, 88037.8, -147.875, -81.8746, 50.7515, 1.88172e-05, 9.90152e-06, -4.09084e-06, 
991, 158223, -60.6442, 164.635, 29.9733, 6.3286e-06, -2.56566e-05, -1.49221e-06, 
992, 43448.3, 123.096, -52.842, -61.0602, -2.50195e-05, 4.01096e-06, 1.1594e-05, 
993, 47459.5, -198.825, 5.87157, -40.6875, 3.34881e-05, 1.36072e-07, 2.13081e-06, 
994, 93004.3, 97.8721, 132.939, -184.305, -1.10889e-05, -1.81439e-05, 2.82436e-05, 
995, 31263, 12.4122, -14.9327, 76.7624, -1.53938e-05, -8.34587e-06, -5.33521e-06, 
996, 11694.1, 195.07, 178.923, -185.286, -1.62258e-05, -1.36569e-05, 2.36784e-05, 
997, 9620.06, 37.3387, -76.4624, 148.928, -8.1421e-06, 5.72536e-06, -3.14403e-05, 
998, 59369.4, -155.082, 176.607, -183.212, 1.22877e-05, -2.25324e-05, 1.86275e-05, 
999, 12369.9, -185.422, 2.19963, -15.7267, 3.15046e-05, -1.71757e-06, 4.97468e-07, 
