ID, Mass [kg], pos_0 [m], pos_1 [m], pos_2 [m], vel_0 [m/s], vel_1 [m/s], vel_2 [m/s], 
0, 4982.76, -1.3687, -1.40707, -0.76937, 0.00607836, 0.0135622, -0.00368455, 
1, 84564.5, 12.4028, 11.1597, 10.9802, -0.00334707, -0.00327714, -0.00281413, 
2, 143976, 0.317906, -0.47411, 2.71725, 0.00963733, 0.0004288, 0.00518171, 
3, 12096.4, -0.199188, -2.04993, -1.17001, 0.000356261, -0.00482618, -0.00752871, 
4, 108584, -1.17181, 1.41604, -2.95439, 0.00597568, -0.00763244, 0.00973961, 
5, 224267, 2.91378, -2.24178, 2.98994, 0.00417162, -0.00233408, -0.00215654, 
6, 6023.5, 1.86027, -4.8233, 2.04996, -0.00325421, 0.00596092, 0.00856537, 
7, 12734.1, -1.42579, 0.823673, 1.98179, -0.00243029, -0.0045704, 0.00357566, 
8, 29188.7, -0.70974, -1.42826, 1.0304, -0.00213597, -0.0119837, 0.000601789, 
9, 37892.9, 2.39602, -5.27713, 1.80221, 0.00315851, 0.00660806, 0.00590327, 
10, 282.759, -5.9701, 6.63785, -11.1392, 0.00428859, -0.00481622, 0.00435377, 
11, 75028.9, 0.814816, 4.65525, -1.3116, -0.00637713, -0.0104056, 0.00453485, 
12, 29068.2, 1.7076, -1.95376, 2.66488, 0.0102485, 0.0021995, 0.0146988, 
13, 142762, 0.40874, -7.15757, -2.19663, 0.00211148, -0.00312583, -0.00762222, 
14, 289648, 2.3198, -1.95186, 3.25298, 0.00309558, -0.000718854, 0.00100671, 
15, 17335.1, 3.31625, -0.856491, 0.646916, -0.00460612, 0.0068126, 0.0153252, 
16, 37341.1, -8.72814, 6.01579, 4.43791, 0.00590687, -0.00586478, -0.00158215, 
17, 206687, 2.38776, 0.48171, 6.11396, 0.00194787, 0.0052689, 0.00566793, 
18, 253630, 0.283465, -7.31488, -3.1145, -0.00162591, -0.00199808, -0.00943585, 
19, 40480.6, -1.63639, -4.22018, 1.34314, -0.00335504, -0.00282754, 0.00966238, 
20, 176293, 3.64741, -0.378196, -4.76036, 0.00326286, 0.00649008, -0.0130136, 
21, 17357.4, 3.63264, -3.66399, -1.23414, 0.00150387, 0.00814459, 0.00432844, 
22, 241662, -1.76886, -1.60061, 0.24474, -0.000740628, -0.0100612, 0.00248688, 
23, 144304, -4.66934, -3.12053, -2.31032, 0.00483658, -3.1621e-05, -0.00781193, 
24, 449735, -1.42581, -1.41949, -0.996903, -0.00390307, 0.000595914, -0.000567257, 
25, 31022.8, -1.44239, 0.299766, -0.763719, -0.00365008, -0.00894141, 0.0014223, 
26, 277840, -2.64507, -5.06775, -3.30804, -0.00484977, 0.00481521, -0.00634335, 
27, 22179, -4.65151, -5.36919, -4.54602, -0.00421411, -0.00371239, -0.0115179, 
28, 7726.87, -4.76292, -0.0624158, 4.44302, 0.00693423, -0.00508893, -0.00727889, 
29, 88891.4, -5.64277, -2.24285, 0.916029, 0.00159596, 0.00746761, -0.00450077, 
30, 193310, 5.99401, 0.291492, -1.53342, 0.00950854, 0.00637135, -0.00914141, 
31, 53721.6, 2.90247, 5.63177, -3.0541, 0.00334503, -0.00916034, 0.00917926, 
32, 149583, -1.94495, -1.94799, 0.459409, 0.000271894, -0.0103907, 0.00266209, 
33, 188997, -0.35757, 0.183182, 2.37423, 0.00601852, 0.00502394, 0.0105115, 
34, 147623, 5.20932, -3.71136, 3.27162, 0.00885974, 0.00288432, -0.00205324, 
35, 35433.4, -1.58242, -2.33671, -4.08196, -0.00024219, -0.0112621, 0.00497813, 
36, 379972, -3.43414, -4.59429, -2.10214, 0.00342297, 0.00413762, -0.00709134, 
37, 174579, -7.14997, 8.5662, -9.71299, 0.00590505, -0.00403859, 0.00444331, 
38, 31779.4, 3.00729, -5.02596, 0.369927, -0.00192172, 0.00212194, 0.0096293, 
39, 17933.7, -3.83887, -0.0218433, 1.5337, -0.00739359, -0.00526855, 0.00497695, 
40, 9826.32, -6.02159, 2.99642, 0.967652, -0.0057291, 0.00823419, -0.00977694, 
41, 92983.9, -4.26505, -4.72339, 6.71052, 0.00728581, 0.00650588, -0.0076428, 
42, 36951.3, 3.11307, -3.71037, 2.18077, -0.00249208, 0.0116801, -0.00700179, 
43, 6279.37, -3.27101, -3.10009, 1.15051, -0.00664308, -0.00869584, -0.00350302, 
44, 18926.2, -2.24529, -0.767141, 0.949216, 0.00940053, 0.00541585, -0.0118757, 
45, 13388.8, 1.36283, -1.45626, 0.931043, 0.0100365, 0.00186265, 0.0161827, 
46, 57039.7, -1.07043, -5.01664, -4.48171, -0.000715475, 0.00663824, -0.0049837, 
47, 165793, 1.31054, -0.772342, 3.87666, 0.00431235, -0.00211158, 0.00466436, 
48, 95584.4, -0.470169, -1.60502, 0.79806, -0.00735749, -0.00997012, 0.00770802, 
49, 49905.3, 1.98923, -0.0779118, 4.23713, -0.00457606, 0.00559647, -0.00192774, 
50, 72486.3, -0.262431, -1.61489, -2.07361, -0.00573682, 0.0115657, -0.00516989, 
51, 332159, -2.88327, 1.23187, 0.288076, 0.00479027, -0.000880677, -0.00820153, 
52, 12900.8, 2.18944, -2.73093, 4.00654, 0.000610833, 0.00371521, 0.00440681, 
53, 159525, -1.16649, -1.95768, 1.57462, 0.00318325, -0.00577534, 0.00625561, 
54, 73837.4, 0.391144, 1.05606, -3.68338, -0.00840337, 0.00693263, 0.0021913, 
55, 125355, 0.757955, -0.571109, 3.93442, 0.00332315, 0.0140022, 0.00419856, 
56, 28797.6, 0.388432, -1.14576, 0.615997, -0.00779868, -0.0126025, 0.00080611, 
57, 91269.6, 0.851897, -5.64769, 1.47465, -0.00127895, -0.00295102, 0.000574852, 
58, 5483.02, -5.23679, -0.947842, -6.12279, 0.00792757, -0.000343014, 0.00775186, 
59, 142050, 1.93405, -3.49706, 4.84964, 0.000372299, 0.00602863, 0.00903977, 
60, 184526, -5.02832, 4.12006, 4.11022, -0.00237702, 0.00604642, -0.00525933, 
61, 58050.4, -0.0330771, -1.27527, -1.36919, 0.00654168, 0.00512492, -0.00260324, 
62, 96236, 2.88517, -0.668234, 0.8658, 0.00159939, -0.00782343, 0.00569015, 
63, 23636.2, -7.34463, 3.09307, 1.69604, 0.00418318, 0.00488363, -0.00491088, 
64, 29280.4, -0.775486, -2.33778, 2.96955, -0.00900292, -0.00846078, -0.00417908, 
65, 161524, 2.33535, -1.19435, -0.0242494, 0.000629211, -0.0112631, 0.00998287, 
66, 67938.3, 2.1294, -2.13695, 1.1276, -0.0041172, 0.0142453, -0.00915481, 
67, 267084, 1.80205, -1.94022, 2.59266, -0.00569874, 0.000458681, 0.00216976, 
68, 69388.9, -7.70256, 1.73443, -2.48857, 0.00258573, -0.00605312, 0.00606849, 
69, 47165.6, 2.69991, -0.999662, -2.06405, 0.00510438, 0.00761108, -0.0171369, 
70, 201127, -6.14332, 3.91779, 2.4585, -0.00539103, 0.00668545, -0.00585714, 
71, 105689, -3.64921, -3.11359, -1.47469, -0.0029498, 0.00953247, 0.0128278, 
72, 14582, 3.39015, -0.232249, -3.63448, 0.000942667, 0.00665965, -0.00509136, 
73, 76931.6, 3.21556, -0.956449, 1.68004, -0.00338544, -0.0128633, 0.0108019, 
74, 237815, 1.58204, -3.0731, 3.83241, -0.000384331, -0.000436686, 0.0109451, 
75, 105565, -5.558, 0.890355, 6.49164, 0.00553414, -0.00702665, -0.00845861, 
76, 170875, -3.69484, -5.04977, -0.302457, -0.00491312, -0.00755497, -0.00719702, 
77, 17853.6, -3.64301, -3.83659, -4.35581, 0.00382382, 0.000592586, -0.00879557, 
78, 24497.1, 3.51914, 0.0551369, 2.26186, -0.00174526, 0.00242205, -0.00524563, 
79, 101855, 1.20574, -0.971814, -3.17329, -0.00621658, -0.00523375, 0.00595331, 
80, 95013.6, -0.984156, 0.8807, -1.62205, -0.00734826, 0.00546204, -0.00569387, 
81, 141297, -7.65967, 6.88039, -10.343, 0.0032223, -0.00368342, 0.00337768, 
82, 151080, 2.57319, 1.00264, -2.27927, -0.00340665, 0.00484534, -0.00194716, 
83, 260791, 2.29688, -1.4557, 3.24448, -0.000906778, 0.00793981, -0.000746884, 
84, 100223, -5.14997, 0.0956807, -3.24522, 0.00327238, 0.00613072, -0.00357462, 
85, 7966.28, 2.67857, -4.91027, 6.0712, 0.00661002, 0.00574715, 0.0056438, 
86, 58175.3, 1.01426, -0.756536, 0.389608, 0.000633255, -0.0129879, 0.00469872, 
87, 628317, 1.0782, -1.32381, -0.861185, -0.00187355, 0.00700379, -0.00516821, 
88, 82285.2, 0.70318, -0.72249, -3.50601, -0.00903114, -0.0148277, -0.00160509, 
89, 161291, 2.3405, -5.19368, 4.67902, 0.00312982, 0.00372046, 0.00261584, 
90, 79687.2, -2.87881, 0.240068, -1.00905, -0.00232099, 0.00365738, -0.00990693, 
91, 310528, 0.939684, 2.88725, -2.08675, -0.00906597, -0.011277, 0.00862036, 
92, 30795.2, 1.76156, -1.81792, 2.44402, -0.00220558, 0.0102284, 0.00906122, 
93, 519908, 1.37679, -0.864457, -0.371124, 0.00542916, -0.00488308, -0.00928252, 
94, 101104, 4.23855, -5.57292, 3.85405, 0.00896496, -0.00132323, 0.0020444, 
95, 23620.3, 1.58745, 0.0978114, 7.62211, 0.000220956, 0.00467, 0.00689693, 
96, 8104.4, 1.04491, -5.16292, 1.71547, -0.00163248, -0.00312025, 0.00445152, 
97, 234265, 2.67807, -3.73905, 0.232449, 0.00103331, -0.00133139, -0.000383543, 
98, 3741.53, 0.992038, -5.85812, 3.75554, 4.20013e-05, -8.61436e-05, 0.0148492, 
99, 5528.05, 3.28688, 2.24611, 1.92808, 0.00242496, 0.0129318, -0.00179452, 
100, 6655.21, -0.876678, 0.158312, 1.7873, 0.00856939, 0.0035045, -0.0110602, 
101, 74442.9, -1.64781, 6.0587, -3.64331, -0.00655276, -0.0061782, 0.00459538, 
102, 271819, -0.966525, -3.42444, -0.853927, -0.0073263, -0.00367868, -0.0169297, 
103, 173429, -1.89052, -0.831228, -0.308148, -0.00404858, -0.0173115, 0.00351022, 
104, 132164, 5.61271, 0.589051, -0.718577, -0.00725313, 0.00615801, -0.00624916, 
105, 293403, -0.685827, -2.65643, 5.49228, 0.00514101, 0.00234438, 0.00734897, 
106, 91810.3, -1.60258, -0.823316, 3.63512, 0.00426018, -0.00151779, 0.00579333, 
107, 203740, 0.127548, 0.307637, 7.0496, -0.00126624, 0.00530343, 0.00337135, 
108, 124900, 0.644234, -2.8873, -0.878618, -0.0106622, -0.00693775, 0.0082422, 
109, 153482, 0.00791317, 0.0309389, 2.92492, 0.00828507, 0.00198032, 0.00971222, 
110, 95805.7, 1.09933, -0.456521, 5.2767, -0.00141235, 0.00776565, 0.0118121, 
111, 47735.2, 0.365474, -1.2485, 1.87827, 0.00601625, 0.012141, 0.0106899, 
112, 24494.2, -4.9503, 3.44006, -0.58302, -0.00275846, 0.00489202, -0.010105, 
113, 39205.1, -0.899946, 0.627837, -0.111345, -0.00930155, -0.00464998, 0.00969301, 
114, 24723, 3.51973, 7.34389, -1.33164, -0.00644756, -0.0067418, 0.00722434, 
115, 15671.3, -5.21781, -8.56579, -8.13669, 0.00467536, 0.00518998, 0.00582386, 
116, 320473, 2.18568, -1.15593, 0.723411, -0.00258271, -0.0143796, 0.00922969, 
117, 54072.2, 2.91829, 0.438028, 0.827607, -0.00452993, -0.0108245, 0.00495744, 
118, 20992.2, 0.56157, -3.94112, -1.20327, 0.00805142, 0.00831408, 0.0135752, 
119, 68943.4, 0.866066, 2.96267, -5.29129, -0.00914808, -0.0111724, 0.00215843, 
120, 176775, 2.75525, -4.40081, 4.6476, 0.00398947, 0.00238353, 0.00448972, 
121, 28501.8, -0.354088, -0.603514, -1.37972, -0.00258767, 0.0108903, -0.00860324, 
122, 93263.7, -5.60708, -5.76098, -2.90055, -0.00468234, 0.00228394, -0.0101183, 
123, 54631.4, -5.09503, -1.47247, 2.96324, 0.00768059, -0.00535764, -0.00907588, 
124, 28486.7, -3.00406, -2.20321, -2.53268, 0.0026111, 0.00913837, -0.00735877, 
125, 45940.3, 1.37198, -6.88054, -2.74734, 0.000762052, -0.00273255, -0.0151728, 
126, 58147.3, 3.21277, -3.33973, 3.8722, -0.00402794, -0.000938936, 0.00242073, 
127, 314510, -0.66598, -2.12559, 0.522766, -0.00343716, 0.0137603, 0.0143597, 
128, 66689.7, 3.1823, -1.11557, 2.10952, -0.00416192, -0.00134067, 0.00200709, 
129, 293196, -2.0048, -0.11061, 5.56688, 0.00921883, -0.00523247, -0.00838656, 
130, 58957.4, -3.09592, -3.32369, -1.80014, -0.00237111, 0.00874883, -0.00327325, 
131, 26864.5, -3.05251, -0.144317, 4.20661, 0.0114565, -0.00439562, -0.0105566, 
132, 14537.9, 4.28641, -3.13579, -0.901856, 0.0101144, 0.00126221, -0.0127248, 
133, 59690.8, 1.94692, -3.75704, 4.50142, 0.00359385, 0.00542746, 0.0125372, 
134, 71873.2, 3.6607, -1.95288, 2.85287, -0.0104953, -0.00479946, 0.00686819, 
135, 9549.31, 0.646775, -0.863103, 3.67466, 0.00664489, 0.00179982, 0.00567147, 
136, 48774.7, -1.63558, 0.264615, -3.14895, -0.00969684, -0.0139758, -0.00063615, 
137, 177196, 0.580127, -2.97812, 2.37852, -0.000413681, -0.0115257, 0.0104114, 
138, 29597.5, 4.59801, -1.80646, -1.09579, 0.000757756, 3.18832e-05, -0.00886452, 
139, 32591.9, 1.59696, -0.693107, 0.667499, -0.00139464, -0.0142614, 0.00595271, 
140, 153581, 2.06665, 1.01353, -0.603948, -0.00386009, -0.0141006, 0.0101231, 
141, 131949, 2.12788, -1.07052, -0.967307, 0.0132856, 0.00638388, -0.00474493, 
142, 20789.6, 2.57971, -0.326355, -2.70538, -0.00407627, 0.0127632, -0.00321961, 
143, 36049, 1.4353, 0.803606, -0.461392, 0.00368703, -0.0137828, 0.00433984, 
144, 177733, 1.43215, -0.885895, 1.02245, -0.00106913, 0.0104802, 0.00766093, 
145, 143909, 4.34512, -7.35902, -6.76933, -0.00620149, 0.00442261, 0.00612075, 
146, 76057.7, -0.379627, -1.89201, -0.712895, -0.00771649, 0.00592635, 0.000422166, 
147, 21460.3, -0.323337, -1.67804, -0.756346, -0.00569549, 0.00991319, 0.00126414, 
148, 28241, -7.88988, -2.53016, -0.243136, -0.00124626, 0.00623042, -0.00548149, 
149, 77611.6, 2.38829, -3.8611, 3.27864, -0.00781611, -0.00584237, 0.00690123, 
150, 42249.4, 1.63603, -7.24696, 1.98261, 0.0031498, 0.000140468, 0.00226163, 
151, 30574.3, 1.73051, -3.13713, 2.30119, -0.00391609, 0.00841504, 0.00891814, 
152, 45197.8, -1.8322, -0.12435, -2.79888, -0.00877931, -0.015055, 0.00204215, 
153, 71843.5, 4.26419, -1.25838, 4.14114, 0.000424647, -0.00156777, 0.00328888, 
154, 71612.1, 3.84316, -2.0537, 2.3927, -0.00136316, -0.0127177, 0.0109029, 
155, 53086.9, -0.423565, -0.0142057, 3.98595, 0.00571452, 0.00591924, 0.0103099, 
156, 50912.6, 1.47341, -0.912229, 2.81971, -0.00490491, 0.00461424, -0.00424928, 
157, 422843, -1.9565, -1.30545, -0.268269, 0.00374586, 0.00126934, -0.00995463, 
158, 35700.8, 3.07931, -4.42095, -3.42698, -0.0100737, 0.00462254, 0.00676094, 
159, 46045.4, 0.548364, 2.18279, 4.72179, 0.00749775, 0.00255308, 0.00337267, 
160, 152279, -2.62355, -1.99354, 2.81779, 0.0122235, -0.00493814, -0.00920898, 
161, 142259, 3.44427, 0.491724, -2.68831, 0.000423656, 0.0130997, -0.00438805, 
162, 22811, 3.27694, -0.700936, 0.690633, -0.000800434, -0.00480009, 0.00377288, 
163, 44215.6, 2.26979, -2.73708, -4.24952, -0.00570244, -0.00889212, 0.00406467, 
164, 78004.8, 2.42353, -1.12678, -1.7299, -0.0116944, 0.00546346, -0.0111453, 
165, 116840, -3.96672, -1.03611, -1.16032, 0.00735494, -0.00811018, 0.00915206, 
166, 26576.3, 1.23383, 3.92716, -5.13327, -0.0106325, -0.00970976, 0.00136683, 
167, 178987, 1.6502, -1.37588, -0.186806, -0.0123201, 0.00560507, -0.00253161, 
168, 105332, -1.28317, -1.74302, -2.15319, -0.0112696, -0.0126614, 0.00631588, 
169, 17416.3, 2.41861, -2.93014, 2.9582, 0.0100453, 0.00925923, 0.000579088, 
170, 188196, 2.64637, 5.2121, -3.27918, -0.00654447, -0.00852928, 0.00409062, 
171, 154087, 2.14923, 0.128864, -1.39914, -0.00147296, 0.00867473, -0.00360772, 
172, 221417, -0.344512, -0.136733, -1.01794, 0.00511648, 0.0149382, -0.00424912, 
173, 30581.6, -3.82554, -5.71572, -3.91095, -0.00234469, 0.00165997, -0.00795191, 
174, 257561, -3.33144, -0.39374, -1.0129, -0.00183927, 0.00460561, -0.00434383, 
175, 25785, 1.2228, 6.95851, -2.80659, -0.00484785, -0.00641528, 0.00550578, 
176, 48638.1, -0.607849, -0.506458, 1.21563, 0.00288626, 0.013954, 0.0131789, 
177, 10067.2, 2.86482, -1.39851, -1.93528, -0.01172, 0.00631922, -0.0069684, 
178, 44588.6, 3.1138, 5.42405, -2.71033, 0.00356795, -0.00887866, 0.00760121, 
179, 92749.3, -2.36515, -1.65828, -1.05507, -0.00761187, 0.00569249, 0.00160845, 
180, 92871.7, -4.34309, 1.87504, 0.443728, -0.00584484, 0.00596582, -0.0116558, 
181, 247270, -0.608199, -2.15815, -1.2387, -0.00331957, -0.0119514, 0.0127681, 
182, 486916, 0.452472, -0.993186, -0.659308, 0.00521749, 0.00626012, -0.00484491, 
183, 368942, -0.815314, -0.842794, -1.95625, -0.00342981, -0.00885514, 0.00792541, 
184, 177502, 2.95711, -3.50537, 2.08416, -0.00028915, 0.00863161, -0.0115939, 
185, 207343, 1.71481, 0.541655, 5.19445, 0.00474384, 0.00522021, 0.00189907, 
186, 187409, -4.72248, -4.73977, -4.44733, -0.00261411, 0.00343561, -0.0108085, 
187, 2227.5, 2.86054, 1.77867, 0.841172, -0.00387222, -0.00851659, 0.00602126, 
188, 123729, -0.781062, 0.481565, 4.09338, 0.00653493, 0.00529219, 0.0120425, 
189, 104967, 1.79882, 1.16254, 4.55067, 0.00314582, 0.0098042, 0.00631239, 
190, 66861.3, -2.42136, -3.02678, 1.21699, 0.0017333, 0.0157725, 0.00874358, 
191, 273746, -4.76116, 0.544017, 0.732035, 0.00529046, 0.00267814, -0.0075662, 
192, 237580, -3.17238, -3.77106, 3.64024, 0.000471813, 0.00136077, -0.00251067, 
193, 172963, 2.87416, 3.86528, -2.14823, -0.00924608, -0.00852649, 0.0065521, 
194, 93590.7, -2.34051, -2.50784, -3.23304, 0.000695098, 0.0082902, -0.0063007, 
195, 163125, 2.61012, -1.12181, 1.01895, -0.00189703, -0.0101626, 0.00613101, 
196, 160121, 0.780451, 0.490616, -1.54753, -0.000350455, -0.0136177, 0.0042761, 
197, 122511, -0.216209, -5.84958, 0.238637, -0.00625093, -0.00648712, -0.000767712, 
198, 16991.2, 8.27748, -3.95988, -8.71059, -0.00593888, 0.00112812, 0.00554037, 
199, 27557.8, 4.98254, -4.55786, 1.5142, 0.00129711, 0.00500479, 0.00414854, 
