ID, Mass [kg], pos_0 [m], pos_1 [m], pos_2 [m], vel_0 [m/s], vel_1 [m/s], vel_2 [m/s], 
0, 137312, 7.68092, 17.3246, -5.79919, -0.000540326, -0.000626714, -1.18091e-05, 
1, 55754.2, -8.49724, -1.79361, -17.572, 1.00223e-05, -1.0532e-05, 0.000119971, 
2, 79728.4, 3.79288, 13.6718, 2.13037, 2.03736e-05, -8.12924e-05, -1.73715e-05, 
3, 16593, 8.29239, 11.1174, -12.3685, -3.32577e-05, -3.81227e-05, 4.72403e-05, 
4, 44490.6, -2.68536, 13.1685, 13.6095, -4.33562e-05, -2.96243e-05, -9.8351e-05, 
5, 188588, -14.9588, -5.75725, -14.1773, 9.47838e-05, 1.56979e-05, 6.75205e-05, 
6, 44703.6, -8.70841, 15.6616, 7.54514, -4.15961e-06, -6.06738e-05, -3.36698e-05, 
7, 35735.5, -18.2815, 8.16319, 16.2125, 5.56877e-05, 0.000116956, -0.000106861, 
8, 123121, 3.76024, -2.00088, 5.23844, -2.08084e-05, -2.12641e-05, -6.7342e-05, 
9, 34968, 5.53972, -0.689178, 18.2677, -3.14033e-05, -1.0652e-05, -8.81892e-05, 
10, 14628.1, 1.72809, 11.2171, 19.3421, -2.82211e-05, -2.62825e-05, -8.55437e-05, 
11, 1978.1, 18.2369, 7.73435, -6.12251, -0.000107754, -7.77021e-06, 1.06312e-05, 
12, 40474, -0.434987, 0.810299, 12.7479, -2.19775e-05, -1.50441e-05, -9.26574e-05, 
13, 383935, -8.71052, -5.66461, -9.94449, 3.58251e-05, 5.73846e-05, 2.94861e-05, 
14, 194192, 16.6783, 19.9932, 4.07335, -6.11497e-05, -6.52702e-05, -2.40619e-05, 
15, 1674.31, -10.2329, 4.25936, -13.5594, 2.06778e-05, 4.35779e-05, 9.98791e-05, 
16, 38153.5, 17.2089, -4.12718, -6.44532, -0.000112535, 1.02787e-05, 9.69754e-07, 
17, 58543.7, 2.37653, 13.4725, 12.0914, -4.27093e-05, -4.60406e-05, -8.06264e-05, 
18, 243181, -13.3721, 16.4166, 7.92001, 7.9831e-05, -9.0127e-05, -3.70224e-05, 
19, 25807.2, -0.492997, 19.279, -18.6239, 1.3134e-06, -7.29031e-05, 6.86557e-05, 
20, 190454, -13.7235, 9.65568, 2.50141, 0.000100417, -8.79616e-05, 3.90621e-05, 
21, 252738, -11.5764, -15.6587, -12.0253, 5.87276e-05, 6.82072e-05, 2.75126e-05, 
22, 375639, -10.1282, 7.00421, 12.1478, 5.70102e-06, -1.70879e-06, -8.40854e-05, 
23, 157115, 1.06057, 14.2686, -8.1331, 1.939e-05, -6.50266e-05, 4.60475e-05, 
24, 72124.3, 16.7738, 15.2002, 15.3521, -7.3083e-05, -4.49965e-05, -3.29866e-05, 
25, 580829, 5.43592, -17.2014, -10.7959, -4.02098e-05, 6.95711e-05, 2.97034e-05, 
26, 30351.3, 9.73934, -7.936, 17.854, -4.2102e-05, 1.55378e-05, -8.8236e-05, 
27, 14371.3, 9.52649, 18.835, 13.2133, -2.52658e-05, -6.73298e-05, -5.82377e-05, 
28, 126879, -13.7063, 7.95633, 3.68325, 8.43816e-05, 0.000109772, -8.86999e-05, 
29, 110897, 5.04451, -13.0705, 8.74712, -2.76062e-05, 7.80147e-05, -6.86054e-05, 
30, 85578, -10.0185, -17.7965, 12.1936, 6.50113e-05, 6.64743e-05, -0.00011623, 
31, 29947.9, -9.49757, -14.8297, 0.40359, 4.9471e-05, 7.6879e-05, 9.42731e-06, 
32, 132455, -12.9224, -19.5032, -14.5101, 0.000112033, 0.00010284, -7.2479e-06, 
33, 130352, -10.1982, 16.2678, 15.6191, 6.35455e-06, -6.32074e-05, -5.20438e-05, 
34, 101577, 11.4601, 7.89518, -18.955, -2.74625e-05, 2.44767e-05, 9.75892e-05, 
35, 37120.7, 11.4591, -15.1215, -0.127969, -6.33366e-05, 0.00010971, -2.43324e-05, 
36, 111512, -19.5568, 12.1485, -14.3915, 9.03726e-05, -4.20065e-05, 5.74489e-05, 
37, 85576.8, 17.1121, -8.97789, 10.2953, -0.000117718, -2.85012e-06, -5.2491e-05, 
38, 37768.8, 18.9807, 14.5041, 10.9216, -7.07847e-05, -3.57351e-05, -3.07286e-05, 
39, 22057.8, 5.39971, -2.28971, -17.9324, -1.90539e-05, 1.63325e-05, 8.40441e-05, 
40, 27211.6, 8.07894, -19.0291, -10.8277, -0.000216931, 0.00019944, 3.37617e-05, 
41, 173428, 12.7267, 8.64214, 2.72318, -7.39115e-05, -2.30053e-05, -2.96592e-05, 
42, 253998, 13.8799, -12.868, 10.811, -6.0076e-05, 7.15321e-05, -6.40421e-05, 
43, 5109.09, -16.0441, 10.236, 8.22648, 0.000114066, -3.57783e-05, -3.92226e-05, 
44, 93787.3, 1.93855, -6.21574, -5.56787, -8.48276e-05, 6.14947e-05, 0.000128715, 
45, 18495.6, -1.41835, -14.5507, -2.72555, 3.29075e-06, 8.82177e-05, -3.29856e-06, 
46, 31956.3, -14.3932, -17.7248, -11.0778, 0.000127049, 0.000103506, -2.38745e-05, 
47, 62132.7, -7.56046, 9.14622, 19.4045, -1.16907e-05, -1.15774e-05, -0.000112684, 
48, 184868, -4.99133, 17.1118, 9.42678, -2.492e-05, -0.000138952, -2.44866e-05, 
49, 52292.7, -17.7912, -14.328, -8.37861, 0.000100066, 3.53799e-05, -3.41442e-06, 
50, 124482, 15.1895, -1.87371, -9.2802, -8.23321e-05, -1.08703e-05, 4.19724e-05, 
51, 8220.22, 17.2234, 18.8635, -9.94585, -6.59355e-05, -0.000120636, -7.50721e-06, 
52, 26263.4, -2.32892, -16.6224, -19.8811, -0.000129382, 0.00013623, 0.000192504, 
53, 94384.3, 2.05528, 3.01184, 4.04292, -1.59575e-05, -2.86e-05, -3.96279e-05, 
54, 13035.4, -3.17658, 3.86865, -8.09784, -1.4106e-05, -3.42823e-05, 5.11666e-05, 
55, 164166, -10.0539, 19.2144, 4.90051, 1.68656e-05, -0.000141501, 6.12487e-06, 
56, 110314, 15.0432, 1.88789, -1.77016, -8.87888e-05, -2.95609e-06, 5.52436e-07, 
57, 339723, 7.11378, 16.6798, -5.861, 0.000142761, 0.00015294, 6.31222e-05, 
58, 34786.1, -7.32091, 15.5098, 12.6297, -4.79021e-06, -5.59704e-05, -9.44196e-05, 
59, 278196, -19.6381, -6.62094, 13.2144, 0.000108448, 3.01108e-05, -5.7171e-05, 
60, 9642.68, 4.71506, -18.7018, -11.9678, 0.000128042, 0.000426839, 0.00030284, 
61, 63534, -14.3118, 18.2718, 0.293035, 7.90966e-05, -0.000116767, 3.05157e-05, 
62, 22547.5, -7.61582, -0.804315, 0.336558, 9.49876e-05, -3.72223e-05, 6.99777e-05, 
63, 6259.61, 17.9471, 10.1635, -8.02682, -9.99648e-05, -6.50916e-06, -6.58111e-07, 
64, 57968.1, 19.0433, -11.5483, -18.0687, -0.000121617, 2.85651e-05, 8.49568e-05, 
65, 409901, 17.2273, 14.7947, -12.3819, -7.82503e-05, -5.37988e-05, 2.44937e-05, 
66, 688.194, -1.60284, 14.2884, 15.4385, -4.86152e-05, -5.75507e-05, -0.000115571, 
67, 86979.8, -9.79646, 13.7498, -0.238867, -3.97611e-05, -9.1926e-05, 7.81389e-05, 
68, 60388, -15.724, -16.0246, -17.9968, 9.45287e-05, 2.06054e-05, 7.96841e-05, 
69, 63798.8, 7.32055, -8.73349, -9.03824, -3.99088e-05, 2.15057e-05, 5.72141e-05, 
70, 13257.1, -10.9948, 10.1614, -2.10715, -1.27355e-05, -2.5356e-05, 7.55485e-05, 
71, 28918.2, 9.71796, -19.9201, 11.1607, -3.66299e-05, 8.70048e-05, -4.65966e-05, 
72, 9942.01, 19.551, -11.4136, 14.2656, -0.000111526, 2.62069e-05, -3.9509e-05, 
73, 42475.2, -19.7414, -1.98872, 19.9671, 5.66722e-05, 1.53776e-05, -8.72266e-05, 
74, 94725.8, -10.6708, -5.11646, 7.02594, 5.6129e-05, 2.68048e-05, -2.90006e-05, 
75, 38096.4, -8.32648, -1.2043, 6.16149, 4.63102e-05, -1.44899e-05, -7.78141e-05, 
76, 137227, -11.9962, 12.3937, 0.130123, 6.91375e-05, -7.31281e-05, 4.80322e-05, 
77, 39314.1, -1.99656, 9.36453, -9.06379, 2.52753e-05, -5.1767e-05, 1.34691e-05, 
78, 251593, -15.4295, 3.09788, 7.32647, 9.1161e-05, 1.81843e-05, -3.48157e-05, 
79, 191231, 10.8081, -4.85255, 5.3296, -0.000139841, -4.86399e-05, -6.35425e-05, 
80, 34987.9, 18.3905, 18.7579, -4.4382, -7.57449e-05, -6.40417e-05, -1.87456e-06, 
81, 111447, -3.29723, -16.0137, -19.358, 3.92567e-05, 2.82252e-05, 9.61947e-05, 
82, 14833.6, 11.7977, -19.0406, 0.708437, -5.87553e-05, 0.000103865, -1.17018e-05, 
83, 15976.5, 7.23888, -11.4617, 8.57751, -7.20995e-05, 3.707e-05, -7.33055e-05, 
84, 47247.1, -17.349, -18.1402, 10.2913, 7.9065e-05, 6.69881e-05, -2.82816e-05, 
85, 244699, 7.03714, -4.33918, 0.973058, -4.61479e-05, -7.55079e-06, 2.24982e-05, 
86, 24608.6, 18.5059, 9.82292, 19.4272, -4.79735e-05, -7.52034e-06, -6.53395e-05, 
87, 89124.7, 15.4763, 10.2011, -15.8075, -0.000106059, -1.7661e-05, 2.95894e-05, 
88, 23424, -2.95254, -9.55027, -19.2432, -1.71125e-05, 3.35789e-06, 0.000104265, 
89, 4012.82, -5.99438, 2.85847, 0.0251731, 8.02505e-06, -4.55039e-05, 1.14118e-05, 
90, 61378, -4.5353, 15.5076, 10.3057, -7.86398e-05, 6.67334e-05, -0.000128822, 
91, 20792.7, 17.13, 1.98928, -15.5583, -8.42717e-05, 1.6564e-06, 4.90489e-05, 
92, 81507, 14.0825, 8.63475, -17.0466, -6.4268e-05, 4.18023e-05, 6.61727e-05, 
93, 267014, 4.94189, 7.31072, -18.9562, -4.36822e-06, -1.16747e-05, 9.17664e-05, 
94, 44901.8, 19.8931, 10.0447, 14.6016, -6.70093e-05, -8.60952e-06, -4.65567e-05, 
95, 65199.4, -8.4578, -19.1462, -6.95455, 1.49938e-05, 0.00010972, -1.9715e-05, 
96, 14008.6, -6.89089, 2.02534, -15.0132, 7.98141e-07, -1.95542e-05, 0.000100825, 
97, 23972.4, 4.04252, 6.57054, -9.97247, 4.96095e-05, -0.000307416, 0.000179657, 
98, 190441, 5.19933, 18.793, -1.95638, 3.44567e-06, -0.000129612, -5.82073e-05, 
99, 149937, 13.2874, -2.17219, -18.0711, -4.95551e-05, 1.02339e-05, 7.26241e-05, 
100, 82371.2, -13.4513, -12.3546, 12.3377, 7.07564e-05, 4.9031e-05, -6.49027e-05, 
101, 22664.8, -6.22373, -6.04332, -13.8916, -4.40749e-05, 2.2973e-05, 0.000141221, 
102, 49298.9, -1.00483, -18.2787, 13.2895, -2.93623e-05, 9.42787e-05, -7.13745e-05, 
103, 214780, 6.051, 8.36411, 4.12469, -3.84378e-05, -4.56432e-06, -5.20564e-05, 
104, 44282.6, -19.3682, -5.09218, 7.14922, 0.000121143, 1.75534e-05, -8.41086e-06, 
105, 23377.9, -5.69139, 17.8919, 3.75406, -4.01401e-05, -0.000108041, 1.49108e-05, 
106, 2871.08, 7.49213, 15.0075, 13.1626, -3.22755e-05, -5.01287e-05, -7.34039e-05, 
107, 22127.2, -3.26374, 18.0657, -15.5972, 1.46533e-05, -8.70834e-05, 6.20822e-05, 
108, 133441, -13.4935, -19.4259, -19.3013, 4.56546e-05, 7.37026e-05, 0.000107851, 
109, 71807.8, -11.7496, -19.833, -15.5354, -8.93368e-05, 0.000144285, 0.000142388, 
110, 32588.3, -7.70526, -14.7427, 16.967, 1.21388e-05, 3.66689e-05, -0.000104361, 
111, 86059.1, 0.819886, -13.1738, 18.6767, -2.24273e-05, 5.43601e-05, -9.91408e-05, 
112, 72597.4, 3.37138, 10.4202, 0.410824, 6.05002e-06, -2.11677e-05, 1.66117e-05, 
113, 26570.3, -14.9133, 15.4135, -5.59261, 6.65297e-05, -9.31958e-05, 3.76528e-05, 
114, 53183.2, -4.50284, 2.634, -7.11588, 8.50738e-06, -1.99652e-05, 2.31277e-05, 
115, 16624.4, 7.56717, -9.12369, 5.74401, -6.39812e-06, 0.000126388, -7.10039e-05, 
116, 182866, 6.82162, 13.6264, 4.47791, -5.76716e-05, -8.19912e-05, -6.7035e-05, 
117, 98035.5, -18.3446, 2.26894, 16.9682, 6.30464e-05, 9.87357e-06, -7.97321e-05, 
118, 3934.14, -10.7075, -12.3709, 8.99917, 9.63597e-05, 4.93207e-05, -2.70691e-05, 
119, 1502.43, 4.93176, -15.8643, 2.16069, 6.17437e-06, 0.000107958, 2.71292e-05, 
120, 13042.2, 5.93065, -9.42918, 18.4832, -4.25261e-05, 2.66437e-05, -9.30201e-05, 
121, 27390.1, 6.14179, -8.87637, 0.382306, -2.41588e-05, 8.97415e-05, 1.35738e-05, 
122, 23494.5, 14.927, -12.7727, -16.1692, -3.8484e-05, 6.94514e-05, 3.82538e-05, 
123, 131860, 17.0193, -11.2911, -8.35522, -7.07974e-05, 5.67147e-05, 5.49462e-05, 
124, 79067.5, -16.7277, -6.04327, 5.54426, 8.41831e-05, 4.12126e-05, 7.48926e-06, 
125, 4184.63, -17.9671, 15.8596, -17.3161, 5.68812e-05, -6.95631e-05, 7.91852e-05, 
126, 172604, 8.68022, -6.83735, 4.98119, -1.84026e-05, 7.86933e-05, -5.10631e-05, 
127, 69928.6, 19.5902, 4.43367, 8.11447, -8.2498e-05, -3.51837e-06, -4.43806e-05, 
128, 221692, -4.84888, -15.3918, 7.18206, -1.6444e-05, 0.00010676, 1.29187e-06, 
129, 129313, -13.2798, 8.00828, -3.75114, 5.51532e-05, -2.50487e-05, 4.94737e-05, 
130, 75586.8, -0.265786, 6.53948, -9.15722, 1.00516e-05, -1.17369e-05, 3.42194e-05, 
131, 150012, -9.34816, 10.1394, 4.89095, -2.95767e-05, -2.7227e-05, -3.70146e-05, 
132, 42750.8, -9.56725, 15.3974, 0.813131, -6.12915e-06, -0.000178956, 5.40552e-06, 
133, 20189.7, -15.0478, 0.896976, 0.814557, 9.29296e-05, 2.59102e-05, 8.68711e-06, 
134, 343428, -5.56008, -2.13382, 2.6327, 1.23196e-05, 5.68233e-06, -1.66839e-05, 
135, 55613.7, 1.03934, 18.5108, -5.42475, 5.03326e-05, -0.000119344, 2.32599e-05, 
136, 80631.2, 18.979, -10.4142, -6.44573, -0.000139869, 2.09452e-05, -2.05688e-05, 
137, 36216, 17.9896, -12.0525, -17.0521, -4.84923e-05, 8.4774e-05, -1.59856e-06, 
138, 118507, 0.00871327, -14.2574, -9.66434, 2.01134e-05, 4.36735e-05, 1.63031e-05, 
139, 31885.5, 12.0846, 16.116, 10.9005, -4.01829e-05, -5.54071e-05, -5.15256e-05, 
140, 277743, -18.9917, 10.7442, 15.6832, 0.000104889, -3.76137e-05, -7.16642e-05, 
141, 37283.6, -4.4594, 7.86927, -15.9105, 3.17108e-05, 9.45858e-06, 0.000123737, 
142, 70883.1, -14.6645, -8.4916, -17.7422, 6.72336e-05, 3.51456e-05, 0.000115774, 
143, 41522.8, -12.9837, -10.2197, 2.94602, 7.77649e-05, 5.85771e-05, 6.45732e-06, 
144, 135253, -6.67723, -2.88971, -10.0838, -7.4744e-05, -8.3458e-05, 5.74279e-05, 
145, 153936, -15.6966, 13.7795, 13.5957, 5.81316e-05, -7.53711e-05, -5.42609e-05, 
146, 238818, -2.97323, 10.6683, -13.7687, 1.21739e-05, -5.94844e-05, 7.55824e-05, 
147, 54.6429, 0.343858, 9.46121, -14.548, -5.08543e-05, -2.5362e-05, 9.49871e-05, 
148, 96925.5, -17.1265, 11.1197, -2.22018, 0.000130477, -5.79838e-05, 3.51761e-05, 
149, 84852.8, 1.26632, -7.67792, 17.9423, -2.69995e-05, 1.75994e-06, -0.000107521, 
150, 13545.7, 6.47855, 9.9987, -5.82106, -4.78607e-05, -1.14084e-05, 1.47069e-05, 
151, 95619.5, -18.3642, -19.3896, -7.67681, 7.8715e-05, 7.40043e-05, -6.53444e-06, 
152, 96639.7, 11.9365, -5.66518, -8.3254, -5.46662e-05, 1.31819e-05, 4.36689e-05, 
153, 133205, -1.94493, -9.53824, 13.7476, -2.51187e-05, 2.13612e-05, -0.000120856, 
154, 314952, -19.3542, 1.98066, -17.3332, 7.53015e-05, -1.05611e-05, 7.56572e-05, 
155, 170307, -9.06911, -13.3195, -9.74423, -1.75983e-07, 4.30787e-05, -2.33919e-05, 
156, 64387.5, -14.9167, 3.93448, -5.03747, 0.000109366, -1.05805e-05, 1.34166e-05, 
157, 62268, -0.668738, -11.2505, 3.31987, -1.51724e-05, 7.54541e-05, 1.20015e-05, 
158, 70314.2, -12.6624, -4.84436, 10.4294, 5.27581e-05, 1.52317e-05, -7.76233e-05, 
159, 262716, 12.1926, -11.4817, -3.0749, -7.30563e-05, 5.63674e-05, 5.63405e-06, 
160, 123640, 6.88062, -15.5015, 4.31598, -3.88949e-05, 0.000103508, -1.5455e-05, 
161, 32958.3, 0.050679, 0.663706, -3.76478, -1.82272e-05, -2.97396e-05, 1.92063e-05, 
162, 156472, -18.1377, 2.8367, -10.1479, 0.000104335, -1.6205e-05, 2.67487e-05, 
163, 238511, 0.490538, -5.38774, -3.51077, 1.23967e-05, 1.2705e-05, -8.95068e-06, 
164, 84660.5, 13.9433, -9.47068, 7.75305, -8.60047e-05, 1.9533e-05, -1.7299e-05, 
165, 177743, -12.2745, -1.29543, -9.00704, 0.000101596, 2.23682e-05, 2.26348e-05, 
166, 69979.6, 14.845, 15.0223, 17.1783, -1.43866e-05, -4.00807e-05, -8.81929e-05, 
167, 251405, 11.8911, 13.206, -19.0685, -2.62929e-05, -6.72872e-05, 8.82198e-05, 
168, 50070.4, 16.6461, -10.307, -17.7145, -4.73762e-05, -2.59117e-06, 6.12617e-05, 
169, 41049.8, -12.8451, 2.75163, -5.01551, 3.1815e-05, 8.86016e-06, 6.16838e-07, 
170, 68791, 13.927, -2.3843, 15.5099, -5.63265e-05, -7.64736e-06, -7.44745e-05, 
171, 200886, 4.36211, 5.54809, -9.51317, -5.50472e-05, 3.2485e-05, 2.6268e-05, 
172, 35484.5, 17.9122, -11.4164, 15.3496, -6.17784e-05, 2.02633e-05, -7.1204e-05, 
173, 148086, -10.5151, 17.2182, 18.7818, 1.74071e-05, -8.53059e-05, -0.000125249, 
174, 53140, -17.0247, -6.68234, 13.1043, -6.63871e-05, 3.4382e-05, -6.31228e-05, 
175, 24766.4, 18.9268, -12.5997, 17.0075, -7.14615e-05, 4.42834e-05, -8.3104e-05, 
176, 7733.58, -10.1478, 15.9532, 19.4572, -3.96752e-05, 0.000108994, -0.000212067, 
177, 13913.4, 12.446, 19.0241, 1.49717, -4.71526e-05, -7.8799e-05, -1.57831e-05, 
178, 114302, -9.62754, -18.8786, 17.4741, 2.70507e-05, 7.1557e-05, -8.91006e-05, 
179, 68069.5, 14.3651, 8.17364, -6.28811, -7.62525e-05, -1.3101e-05, 1.50165e-05, 
180, 51389.3, -11.6076, 0.431735, -8.90438, 2.67845e-07, -0.000173418, 2.36949e-05, 
181, 20597.4, -0.196246, 14.4645, 8.5742, -4.4456e-05, -5.63464e-05, -4.46769e-05, 
182, 34748.5, -11.1006, -8.2607, -12.7962, 6.73474e-05, 6.0566e-05, 8.79801e-05, 
183, 112126, 0.139054, -7.48371, 7.23453, -3.77254e-05, 1.26564e-05, -4.96741e-05, 
184, 177391, -6.17736, -10.9208, 9.34971, 0.000215223, 0.000141685, -9.30325e-05, 
185, 181759, -0.179052, -17.0078, -16.2736, -1.90894e-05, 7.07832e-05, 7.16713e-05, 
186, 19654.2, -16.3841, 9.29488, 15.8579, -4.23661e-05, 3.37818e-05, -9.72534e-05, 
187, 246285, -4.62082, -9.91186, 9.07203, -0.000111708, -5.91815e-05, -3.24729e-05, 
188, 138749, -10.5157, 6.57946, -13.108, 3.47293e-05, -3.62296e-05, 7.36511e-05, 
189, 281810, -14.3126, 14.2515, -12.4076, 4.43332e-05, -7.29271e-05, 5.00482e-05, 
190, 13844, -11.4896, 1.19747, 3.82795, 5.05888e-05, 1.26014e-05, -3.29386e-06, 
191, 74045, 13.3684, -10.0834, -18.6207, -2.23056e-05, 2.55461e-05, 8.02167e-05, 
192, 20388.3, -10.4882, -10.6009, 18.5579, 3.13405e-05, 2.32859e-05, -0.000102712, 
193, 313096, -8.98809, -18.9152, 8.64879, 4.43655e-05, 0.000116794, -1.09996e-05, 
194, 151155, -8.28892, -12.7255, -16.1496, 4.85458e-06, 2.90763e-05, 0.000103687, 
195, 8777.79, -11.8769, -4.24243, 14.8175, 2.34292e-05, 8.88292e-06, -0.000107322, 
196, 64134.7, -8.51979, 13.6559, -18.4967, 2.49976e-05, -5.89483e-05, 9.03415e-05, 
197, 147571, 18.2726, 8.78913, 1.89216, -0.000105683, -2.44198e-05, -1.54336e-05, 
198, 33645.9, -7.60252, 14.0998, 2.05089, -6.51385e-05, -7.46361e-05, -6.92284e-06, 
199, 45139.3, 13.0768, 11.5906, 15.3815, -2.714e-05, -8.30054e-06, -6.08902e-05, 
