ID, Mass [kg], pos_0 [m], pos_1 [m], pos_2 [m], vel_0 [m/s], vel_1 [m/s], vel_2 [m/s], 
0, 137312, 6.83589, 16.3045, -5.52304, 0.00120358, 0.0012871, 0.000757523, 
1, 55754.2, -8.42424, -1.87599, -16.6687, 0.000115402, -0.000140148, 0.00147862, 
2, 79728.4, 3.95831, 13.0542, 2.00831, 0.000292588, -0.00102148, -0.000182991, 
3, 16593, 8.04461, 10.8326, -12.0169, -0.000401716, -0.000462579, 0.000568678, 
4, 44490.6, -3.01448, 12.9467, 12.8745, -0.000544099, -0.00036057, -0.00119517, 
5, 188588, -14.246, -5.64119, -13.6699, 0.00116564, 0.000186627, 0.000829265, 
6, 44703.6, -8.74968, 15.2073, 7.29151, -8.65949e-05, -0.000738596, -0.000416741, 
7, 35735.5, -17.8865, 9.22302, 15.3757, 0.000587096, 0.00215953, -0.00144774, 
8, 123121, 3.61195, -2.16611, 4.73355, -0.000228287, -0.000279597, -0.000822614, 
9, 34968, 5.30508, -0.76875, 17.6089, -0.000381045, -0.00012925, -0.00106983, 
10, 14628.1, 1.51693, 11.0204, 18.7039, -0.0003434, -0.00032008, -0.00103499, 
11, 1978.1, 17.4309, 7.6765, -6.04328, -0.00131053, -9.36988e-05, 0.000128346, 
12, 40474, -0.599631, 0.697048, 12.0547, -0.000267987, -0.000185483, -0.00112759, 
13, 383935, -8.41867, -5.19059, -9.72294, 0.000531301, 0.000871842, 0.000365283, 
14, 194192, 16.2221, 19.5061, 3.89369, -0.000739562, -0.000790007, -0.000291606, 
15, 1674.31, -10.0821, 4.63279, -12.8119, 0.000238184, 0.000700838, 0.00121659, 
16, 38153.5, 16.365, -4.04935, -6.44004, -0.00137599, 0.000128274, 5.26069e-06, 
17, 58543.7, 2.05632, 13.1275, 11.4888, -0.000521882, -0.000562094, -0.000978496, 
18, 243181, -12.7674, 15.7397, 7.63602, 0.000996382, -0.00110489, -0.000474451, 
19, 25807.2, -0.48238, 18.735, -18.1113, 1.84855e-05, -0.000882485, 0.000831555, 
20, 190454, -12.9888, 8.81096, 2.95699, 0.0011223, -0.00140827, 0.000852623, 
21, 252738, -11.1338, -15.1441, -11.8199, 0.000724954, 0.000845738, 0.000334588, 
22, 375639, -10.0868, 6.99464, 11.5165, 6.52824e-05, -1.01534e-05, -0.00103042, 
23, 157115, 1.20974, 13.7863, -7.78518, 0.000250854, -0.000777722, 0.00057226, 
24, 72124.3, 16.2162, 14.863, 15.1185, -0.000927752, -0.000549806, -0.000354996, 
25, 580829, 5.14713, -16.6917, -10.5751, -0.000409036, 0.000850263, 0.000396465, 
26, 30351.3, 9.4252, -7.81971, 17.1942, -0.000509494, 0.00018929, -0.00107251, 
27, 14371.3, 9.33854, 18.3333, 12.7794, -0.000303787, -0.000812622, -0.00070278, 
28, 126879, -13.0238, 9.09403, 2.78177, 0.00126831, 0.00196685, -0.00161951, 
29, 110897, 4.83955, -12.4867, 8.23219, -0.000330253, 0.000950258, -0.000840489, 
30, 85578, -9.51585, -17.3029, 11.2829, 0.000849211, 0.000796864, -0.00156096, 
31, 29947.9, -9.12707, -14.2529, 0.477386, 0.000602762, 0.000940472, 0.000125476, 
32, 132455, -12.0278, -18.7774, -14.6681, 0.00114266, 0.00121369, -8.91303e-05, 
33, 130352, -10.1538, 15.7998, 15.247, 6.6551e-05, -0.000751128, -0.000572511, 
34, 101577, 11.2628, 8.09133, -18.2234, -0.000306279, 0.00034233, 0.00119233, 
35, 37120.7, 10.9861, -14.2952, -0.314514, -0.000767856, 0.00135307, -0.000311298, 
36, 111512, -18.8794, 11.8349, -13.9608, 0.00110367, -0.000508977, 0.00070197, 
37, 85576.8, 16.2232, -9.00614, 9.9016, -0.00146078, -5.82893e-05, -0.000641992, 
38, 37768.8, 18.4533, 14.2373, 10.6928, -0.000854221, -0.000432881, -0.000369989, 
39, 22057.8, 5.25675, -2.1682, -17.3047, -0.000233214, 0.000196398, 0.00101887, 
40, 27211.6, 6.13582, -17.3257, -10.5718, -0.00403573, 0.00333893, 0.00042168, 
41, 173428, 12.1723, 8.4716, 2.50026, -0.00090397, -0.000274802, -0.000364229, 
42, 253998, 13.4315, -12.3289, 10.3293, -0.000727451, 0.000883777, -0.000787756, 
43, 5109.09, -15.1848, 9.97052, 7.9274, 0.00140728, -0.0004278, -0.000495361, 
44, 93787.3, 1.20493, -5.68953, -4.4625, -0.0014385, 0.0010216, 0.00215088, 
45, 18495.6, -1.39293, -13.891, -2.74951, 4.27327e-05, 0.00107245, -3.76874e-05, 
46, 31956.3, -13.4157, -16.9313, -11.2655, 0.00163716, 0.0013241, -0.000321587, 
47, 62132.7, -7.64937, 9.06117, 18.5602, -0.000147042, -0.000135513, -0.00137517, 
48, 184868, -5.1514, 15.9694, 9.30923, -0.000269693, -0.00181925, -0.000184226, 
49, 52292.7, -17.0411, -14.0622, -8.40595, 0.00122241, 0.000433949, -4.7626e-05, 
50, 124482, 14.5748, -1.95721, -8.96486, -0.000997543, -0.000139556, 0.000515119, 
51, 8220.22, 16.7282, 17.95, -10.0117, -0.000808906, -0.00150495, -0.000124004, 
52, 26263.4, -3.38694, -15.5519, -18.4084, -0.00117119, 0.00138473, 0.00206416, 
53, 94384.3, 1.93337, 2.79641, 3.74567, -0.00020227, -0.000353089, -0.000484454, 
54, 13035.4, -3.29114, 3.60305, -7.71257, -0.000201707, -0.000447819, 0.000630728, 
55, 164166, -9.93144, 18.1438, 4.95378, 0.00019265, -0.0017619, 9.993e-05, 
56, 110314, 14.3796, 1.8657, -1.76649, -0.00107833, -3.63009e-05, 5.28599e-06, 
57, 339723, 6.87677, 16.3474, -5.5174, -0.0014503, -0.00171983, 0.000467182, 
58, 34786.1, -7.34755, 15.0932, 11.9042, -2.81665e-05, -0.000674771, -0.00121224, 
59, 278196, -18.7849, -6.3969, 12.7806, 0.0014919, 0.000361483, -0.000721358, 
60, 9642.68, 5.73671, -15.4714, -9.60899, 0.000292432, 0.00234348, 0.00160094, 
61, 63534, -13.7168, 17.3905, 0.527066, 0.000972999, -0.00144673, 0.000390611, 
62, 22547.5, -6.85918, -1.12024, 0.917863, 0.00132447, -0.000590802, 0.00106298, 
63, 6259.61, 17.2013, 10.1167, -8.03471, -0.00120923, -7.29575e-05, -1.79239e-05, 
64, 57968.1, 18.0784, -11.3357, -17.401, -0.00167687, 0.000355213, 0.00113932, 
65, 409901, 16.6414, 14.3921, -12.2002, -0.000953474, -0.00065488, 0.00029284, 
66, 688.194, -1.9723, 13.8591, 14.5711, -0.000610754, -0.000696291, -0.00141575, 
67, 86979.8, -10.1108, 13.0425, 0.372713, -0.000533135, -0.00119336, 0.00103812, 
68, 60388, -15.0078, -15.8787, -17.3951, 0.00118008, 0.000223082, 0.000988475, 
69, 63798.8, 7.0234, -8.57344, -8.61143, -0.000480721, 0.000258597, 0.000692124, 
70, 13257.1, -11.0822, 9.98149, -1.51137, -0.000125055, -0.000274269, 0.00102381, 
71, 28918.2, 9.44397, -19.2707, 10.8125, -0.000445441, 0.00105373, -0.000565625, 
72, 9942.01, 18.7094, -11.22, 13.9782, -0.00138203, 0.000310252, -0.000452327, 
73, 42475.2, -19.3171, -1.87489, 19.3165, 0.000690457, 0.000183224, -0.00105465, 
74, 94725.8, -10.2513, -4.91867, 6.80685, 0.000680043, 0.000317531, -0.000360038, 
75, 38096.4, -7.96888, -1.31569, 5.57203, 0.000601573, -0.000185614, -0.000971968, 
76, 137227, -11.4514, 11.8702, 0.500876, 0.000936102, -0.000801022, 0.000626097, 
77, 39314.1, -1.80647, 8.97565, -8.96404, 0.000311068, -0.000634757, 0.000160498, 
78, 251593, -14.748, 3.23697, 7.06767, 0.00110794, 0.000232264, -0.000418492, 
79, 191231, 9.67979, -5.27573, 4.83074, -0.00202891, -0.000828848, -0.000865795, 
80, 34987.9, 17.8251, 18.2793, -4.45156, -0.000917593, -0.000777041, -2.07861e-05, 
81, 111447, -2.9758, -15.8144, -18.6416, 0.000403017, 0.000409078, 0.0012502, 
82, 14833.6, 11.3582, -18.2646, 0.620864, -0.000714702, 0.00126048, -0.00014243, 
83, 15976.5, 6.68425, -11.1936, 8.03358, -0.000929874, 0.000419298, -0.000877078, 
84, 47247.1, -16.7577, -17.6388, 10.079, 0.000961182, 0.000816061, -0.000346224, 
85, 244699, 6.69966, -4.40086, 1.15309, -0.000534261, -0.000109412, 0.000313986, 
86, 24608.6, 18.1481, 9.76721, 18.9402, -0.000580064, -8.97077e-05, -0.000789111, 
87, 89124.7, 14.662, 10.0555, -15.6078, -0.00136518, -0.000263001, 0.000282818, 
88, 23424, -3.0804, -9.52613, -18.4625, -0.000207714, 3.76969e-05, 0.00127057, 
89, 4012.82, -5.93302, 2.5152, 0.113437, 0.000102584, -0.00056299, 0.000148546, 
90, 61378, -5.2371, 16.3084, 9.14306, -0.00117032, 0.00117386, -0.00191377, 
91, 20792.7, 16.5015, 2.00135, -15.1922, -0.00101892, 1.90368e-05, 0.000594062, 
92, 81507, 13.6132, 8.9694, -16.5422, -0.000739067, 0.00058541, 0.000839592, 
93, 267014, 4.90929, 7.22407, -18.2704, -5.29378e-05, -0.000139717, 0.00111401, 
94, 44901.8, 19.3931, 9.98109, 14.2554, -0.000810923, -0.000102099, -0.000559724, 
95, 65199.4, -8.3472, -18.3238, -7.1077, 0.000177057, 0.00133997, -0.000258685, 
96, 14008.6, -6.8879, 1.87494, -14.2589, 4.38522e-08, -0.000251446, 0.00122674, 
97, 23972.4, 4.25942, 4.79899, -8.86987, -0.000287226, -0.000809153, 0.000860525, 
98, 190441, 5.23932, 17.8087, -2.425, 9.02726e-05, -0.00162618, -0.000821702, 
99, 149937, 12.9171, -2.09602, -17.529, -0.000601461, 0.000123201, 0.000879688, 
100, 82371.2, -12.9208, -11.9902, 11.8514, 0.000866235, 0.000588527, -0.000792752, 
101, 22664.8, -6.57615, -5.8542, -12.801, -0.000615619, 0.000342307, 0.00183882, 
102, 49298.9, -1.22776, -17.5704, 12.7534, -0.000367899, 0.00115625, -0.000875086, 
103, 214780, 5.76328, 8.33991, 3.7324, -0.000468268, -2.19296e-05, -0.000643094, 
104, 44282.6, -18.4594, -4.96251, 7.08519, 0.00148201, 0.000208023, -0.000106154, 
105, 23377.9, -6.00195, 17.0796, 3.873, -0.00052279, -0.00132761, 0.000206455, 
106, 2871.08, 7.25154, 14.6332, 12.6154, -0.000389795, -0.000607465, -0.000886549, 
107, 22127.2, -3.15407, 17.4158, -15.1326, 0.000178393, -0.00105436, 0.000755919, 
108, 133441, -13.1517, -18.8658, -18.483, 0.000557273, 0.000926268, 0.00134827, 
109, 71807.8, -12.5184, -18.6619, -14.2785, -0.00066675, 0.00186012, 0.00173524, 
110, 32588.3, -7.61294, -14.4681, 16.1847, 0.000152095, 0.000446703, -0.00127503, 
111, 86059.1, 0.651706, -12.7676, 17.9342, -0.000273914, 0.000659842, -0.00120839, 
112, 72597.4, 3.42622, 10.2669, 0.542519, 0.000106438, -0.000240845, 0.000227344, 
113, 26570.3, -14.4157, 14.716, -5.30731, 0.000809084, -0.0011348, 0.000470114, 
114, 53183.2, -4.43947, 2.48728, -6.9409, 0.000103108, -0.000233942, 0.00028762, 
115, 16624.4, 7.54135, -8.1399, 5.1963, 5.9939e-07, 0.00167144, -0.000918714, 
116, 182866, 6.38327, 13.0067, 3.96769, -0.000725479, -0.00101916, -0.000845285, 
117, 98035.5, -17.8725, 2.34256, 16.3723, 0.000768592, 0.000119579, -0.000968161, 
118, 3934.14, -9.98541, -12.0082, 8.78777, 0.00118687, 0.000580013, -0.000356549, 
119, 1502.43, 4.9868, -15.0526, 2.37635, 0.000105485, 0.0013272, 0.000373731, 
120, 13042.2, 5.6125, -9.23066, 17.7874, -0.000517294, 0.000321587, -0.0011311, 
121, 27390.1, 5.96486, -8.19105, 0.492105, -0.000280504, 0.00113982, 0.000194042, 
122, 23494.5, 14.6434, -12.2489, -15.8919, -0.000453125, 0.000859082, 0.000435623, 
123, 131860, 16.5062, -10.8601, -7.92957, -0.00080118, 0.000714197, 0.000721381, 
124, 79067.5, -16.0997, -5.73597, 5.60193, 0.00101781, 0.000497793, 9.66094e-05, 
125, 4184.63, -17.5416, 15.3383, -16.7239, 0.000692146, -0.000849318, 0.000962488, 
126, 172604, 8.61228, -6.18118, 4.60727, 6.49336e-05, 0.00122583, -0.000579682, 
127, 69928.6, 18.9746, 4.4075, 7.78326, -0.000998591, -4.23772e-05, -0.000537189, 
128, 221692, -4.96717, -14.5774, 7.1972, -0.000186883, 0.00134809, 3.35083e-05, 
129, 129313, -12.8665, 7.82576, -3.37297, 0.000673426, -0.000287922, 0.000628455, 
130, 75586.8, -0.185455, 6.45419, -8.90292, 0.000138447, -0.000133464, 0.000410339, 
131, 150012, -9.59253, 9.93641, 4.59619, -0.000438796, -0.00032918, -0.000513649, 
132, 42750.8, -9.65708, 13.9785, 0.839099, -0.000249747, -0.00246045, 2.15899e-05, 
133, 20189.7, -14.3535, 1.09176, 0.880062, 0.00112764, 0.000318389, 0.000107683, 
134, 343428, -5.47245, -2.08924, 2.50544, 0.000134083, 7.70265e-05, -0.000212219, 
135, 55613.7, 1.43249, 17.6145, -5.25057, 0.000668382, -0.00146435, 0.000283542, 
136, 80631.2, 17.9047, -10.2672, -6.62238, -0.00180292, 0.000219416, -0.00033309, 
137, 36216, 17.6757, -11.3979, -17.1133, -0.000413696, 0.00108172, -0.000177681, 
138, 118507, 0.165026, -13.9365, -9.54448, 0.000264152, 0.000512148, 0.000191514, 
139, 31885.5, 11.7855, 15.7032, 10.5169, -0.000483883, -0.000668614, -0.000620667, 
140, 277743, -18.1894, 10.4383, 15.1466, 0.0013429, -0.000557768, -0.000871248, 
141, 37283.6, -4.21023, 7.95257, -14.9747, 0.000427448, 0.000158517, 0.00154042, 
142, 70883.1, -14.1568, -8.22547, -16.8721, 0.000833863, 0.000438263, 0.00142165, 
143, 41522.8, -12.3999, -9.78165, 2.99565, 0.000952549, 0.000711827, 8.33013e-05, 
144, 135253, -7.32369, -3.62493, -9.66773, -0.00124556, -0.00145352, 0.000643034, 
145, 153936, -15.2641, 13.2099, 13.193, 0.000698283, -0.000936118, -0.000648867, 
146, 238818, -2.88238, 10.2209, -13.2044, 0.000147291, -0.000731898, 0.000915516, 
147, 54.6429, -0.0588496, 9.27635, -13.8295, -0.000694938, -0.000292215, 0.00118182, 
148, 96925.5, -16.1447, 10.6832, -1.95024, 0.00160679, -0.00071433, 0.000451114, 
149, 84852.8, 1.06449, -7.66462, 17.1388, -0.000327707, 2.19832e-05, -0.00130519, 
150, 13545.7, 6.12043, 9.91773, -5.70817, -0.000583128, -0.000122601, 0.000188558, 
151, 95619.5, -17.7757, -18.8356, -7.72516, 0.000956475, 0.000901418, -7.80435e-05, 
152, 96639.7, 11.5292, -5.56695, -7.99815, -0.000659833, 0.000159028, 0.000533104, 
153, 133205, -2.14373, -9.38375, 12.8334, -0.000338153, 0.000244353, -0.00150482, 
154, 314952, -18.7903, 1.90181, -16.7677, 0.00091763, -0.000127931, 0.000918779, 
155, 170307, -9.07885, -13.0138, -9.93043, -3.09082e-05, 0.000467331, -0.000323073, 
156, 64387.5, -14.0941, 3.84589, -4.93382, 0.00134608, -0.000162083, 0.000173059, 
157, 62268, -0.785032, -10.6857, 3.41405, -0.000192971, 0.000920037, 0.000161362, 
158, 70314.2, -12.2628, -4.72969, 9.8466, 0.000657118, 0.000187285, -0.000950662, 
159, 262716, 11.6462, -11.0601, -3.03096, -0.000888414, 0.000685249, 7.46265e-05, 
160, 123640, 6.58835, -14.7254, 4.20121, -0.000477498, 0.00126499, -0.000185173, 
161, 32958.3, -0.0848035, 0.438629, -3.61957, -0.000218457, -0.000370532, 0.000238826, 
162, 156472, -17.3585, 2.71421, -9.94765, 0.00126448, -0.00020116, 0.000325829, 
163, 238511, 0.622274, -5.31827, -3.63142, 0.000311154, 4.84287e-05, -0.00033114, 
164, 84660.5, 13.3062, -9.33423, 7.62954, -0.00102475, 0.000204802, -0.000189844, 
165, 177743, -11.4914, -1.03722, -8.82193, 0.0012291, 0.000450381, 0.000336689, 
166, 69979.6, 14.7502, 14.7239, 16.5085, -0.000129815, -0.0004822, -0.00110875, 
167, 251405, 11.6976, 12.6963, -18.4038, -0.000308722, -0.000840226, 0.00108926, 
168, 50070.4, 16.3164, -10.3397, -17.2583, -0.000488291, -7.59733e-05, 0.000736124, 
169, 41049.8, -12.6204, 2.83048, -5.00283, 0.00034122, 0.000153636, 3.50451e-05, 
170, 68791, 13.5056, -2.44194, 14.9542, -0.000685058, -9.44891e-05, -0.000901297, 
171, 200886, 3.96666, 5.73074, -9.28779, -0.000570025, 5.37329e-05, 0.000478303, 
172, 35484.5, 17.4539, -11.2635, 14.8192, -0.000738369, 0.000251152, -0.000858841, 
173, 148086, -10.3816, 16.5616, 17.835, 0.000209991, -0.00105608, -0.00158014, 
174, 53140, -17.7438, -6.42008, 12.6623, -0.00172168, 0.000438595, -0.000637713, 
175, 24766.4, 18.3913, -12.2683, 16.3841, -0.000872333, 0.000539005, -0.00101645, 
176, 7733.58, -10.4964, 16.9516, 17.669, -0.000406635, 0.00108562, -0.00283748, 
177, 13913.4, 12.092, 18.4351, 1.37736, -0.000577393, -0.000956624, -0.000197844, 
178, 114302, -9.4233, -18.3427, 16.8083, 0.000334999, 0.000872487, -0.00108156, 
179, 68069.5, 13.7941, 8.07652, -6.17564, -0.000929566, -0.000156652, 0.000183145, 
180, 51389.3, -11.6481, -1.24286, -8.7983, 0.000153529, -0.00294366, 1.83168e-05, 
181, 20597.4, -0.533067, 14.0432, 8.24067, -0.000554322, -0.000685698, -0.00054096, 
182, 34748.5, -10.5933, -7.79457, -12.1383, 0.00083065, 0.000781584, 0.00106869, 
183, 112126, -0.141031, -7.39115, 6.86214, -0.000456882, 0.000144624, -0.000603946, 
184, 177391, -4.44641, -9.73218, 8.64532, 0.00138346, 0.00104823, -0.000874742, 
185, 181759, -0.325798, -16.4775, -15.7398, -0.000244716, 0.000863069, 0.000864211, 
186, 19654.2, -16.8322, 9.61463, 15.1419, -0.00103245, 0.00067803, -0.0011345, 
187, 246285, -5.54545, -10.4627, 8.83747, -0.000472833, -0.000284557, -0.000572905, 
188, 138749, -10.2566, 6.30644, -12.5579, 0.000420115, -0.00044744, 0.000892944, 
189, 281810, -13.9818, 13.7064, -12.0341, 0.000536584, -0.000885403, 0.000605732, 
190, 13844, -11.1129, 1.29356, 3.80224, 0.000609247, 0.000159985, -4.34096e-05, 
191, 74045, 13.2049, -9.89567, -18.0224, -0.000260371, 0.000299401, 0.000970038, 
192, 20388.3, -10.2528, -10.4266, 17.7892, 0.000384111, 0.000283244, -0.00125073, 
193, 313096, -8.65778, -18.0353, 8.57604, 0.000532874, 0.00144237, -9.92134e-05, 
194, 151155, -8.25878, -12.5116, -15.3671, 3.82916e-05, 0.000341012, 0.00128444, 
195, 8777.79, -11.6997, -4.17615, 14.0152, 0.000290998, 0.00010738, -0.00130338, 
196, 64134.7, -8.33359, 13.2152, -17.822, 0.000301443, -0.000715933, 0.00109507, 
197, 147571, 17.4821, 8.60695, 1.77589, -0.00128512, -0.000295466, -0.000190438, 
198, 33645.9, -8.12582, 13.5254, 1.99115, -0.000916472, -0.0009684, -0.000113047, 
199, 45139.3, 12.877, 11.5301, 14.9286, -0.000319178, -9.56523e-05, -0.000732273, 
