ID, Mass [kg], pos_0 [m], pos_1 [m], pos_2 [m], vel_0 [m/s], vel_1 [m/s], vel_2 [m/s], 
0, 5682.38, -3.77096, -3.00589, 2.81581, 0.0069196, -0.00192199, -0.00959967, 
1, 51291.5, 9.45677, 15.1555, -10.3618, -0.0026481, -0.00258367, 0.00223878, 
2, 73779.3, -1.86015, -3.83425, 4.69844, -0.00331238, 0.00171283, -0.00223986, 
3, 9731.99, -6.15187, 2.25295, -8.71474, 0.00743315, -0.00832173, 0.00225857, 
4, 104587, 1.32609, 3.96404, -0.0749447, -0.00317459, -0.00345682, 0.00158832, 
5, 42215, -6.83909, -0.840643, -5.81083, 0.00617746, 0.00343642, 0.00383844, 
6, 57220.4, -12.0477, 11.3087, 5.69548, 0.0061775, -0.00574614, -0.00165037, 
7, 44855.5, -0.0735824, 1.1683, -4.1941, 0.000186345, 0.000877928, 0.0036529, 
8, 276797, -6.79615, 7.03567, -8.11361, 0.00356724, 0.0015285, 0.00731773, 
9, 2643.18, -3.3317, 0.00483541, -4.39247, 0.000113992, 0.00119109, 0.00377976, 
10, 33961.7, -8.88124, 6.07419, 6.30251, -0.00300303, -0.00357972, -0.00237732, 
11, 8691.35, 5.1129, -10.8958, 3.60603, -0.00543941, 0.00309934, 0.000121598, 
12, 141682, -1.27545, -1.55955, 1.41434, -0.00519269, 0.00451625, -0.000957126, 
13, 288611, -6.7878, -2.58585, 0.146587, 0.00684077, 0.00161649, -0.000270728, 
14, 512847, -9.62776, 8.31937, 8.71819, 0.00492555, -0.00400287, -0.00681801, 
15, 15651.7, -1.71342, -2.57222, 1.4737, 0.00351924, 0.00776886, -0.000962171, 
16, 182451, -0.0936006, 9.45307, -11.4724, -0.00192992, -0.00355146, 0.00415102, 
17, 62197.8, -5.92241, 7.08266, -3.83081, 0.00431327, 0.00396242, 0.00312266, 
18, 185440, -3.33095, -4.31412, 1.94726, 0.00551491, 0.00248516, 0.00748124, 
19, 36701.4, -12.1092, -7.96832, 11.1157, 0.00332998, 0.00287893, -0.00344805, 
20, 106936, 9.78678, 12.2272, -2.32168, -0.0038414, -0.0036457, 0.000934561, 
21, 161838, -1.00818, -2.62749, 2.81715, -0.000855227, -0.00303513, 0.00369957, 
22, 144875, 0.972585, -4.95698, 5.31862, -0.00365871, 0.00612764, -0.0091477, 
23, 100936, -6.89464, 4.73485, -6.73072, 0.00256913, -0.00610554, 0.00432437, 
24, 95186.1, -7.5537, -8.72261, -10.2939, 0.00132579, 0.00383922, 0.00515416, 
25, 151808, -2.08485, 12.5234, -11.4541, -0.00201421, -0.00321759, 0.00381422, 
26, 118354, -7.63483, 4.21476, -8.04477, 0.00118981, 0.00122938, 0.00609321, 
27, 149234, -5.93374, -3.34951, -3.02727, 0.000903596, 0.00477988, 0.00417231, 
28, 9985.68, -6.07659, 1.46234, 1.36802, 0.00587955, -0.001428, -0.000320699, 
29, 180895, 1.31628, -4.32126, 5.36922, -0.00722571, -0.000422161, -0.00637922, 
30, 486.041, 4.13024, -7.40243, 4.43254, -0.00631444, 0.00240327, -0.000281947, 
31, 70262.9, -2.07378, -7.99112, -4.77729, -0.00115081, 0.00572874, 0.00399246, 
32, 45902.1, -2.00935, -0.0263058, -3.75599, -0.000350142, 0.00366101, 0.00581859, 
33, 24444.7, 1.37965, -0.779399, -3.64143, -0.00114373, -0.00134097, 0.00510556, 
34, 65679.9, -10.6416, 1.35707, 5.595, 0.00545178, 0.00176898, -0.00446511, 
35, 3309.29, -7.61357, -2.66444, 1.67031, 0.00666278, 0.00207652, 0.000412599, 
36, 8280.38, 10.4956, -8.74544, -3.16618, -0.00411801, 0.0024946, 0.00194131, 
37, 94538.9, -1.89855, -2.73672, 4.12278, 0.00402163, 0.00800956, 0.00280315, 
38, 30213.7, -6.32423, 3.742, 5.92298, -0.00283647, -0.00165215, -0.00112712, 
39, 53471.9, 1.49369, 10.91, -1.81021, -0.00323107, -0.00513379, 0.00607568, 
40, 43100.3, 10.8469, -5.42127, 8.76439, -0.00555501, 0.000746897, -0.00211423, 
41, 44746.6, -7.98111, 5.0312, -6.83664, 0.00496073, -0.00663891, 3.10223e-05, 
42, 34053.9, -7.56051, 3.66435, -4.39565, 0.00380589, -0.00400968, -0.0035016, 
43, 54380.2, 2.68512, -0.925916, -4.15366, -0.00298077, -0.00120214, 0.00754887, 
44, 38723.2, -8.04703, 7.33343, 5.34376, -0.00105766, 0.000881615, -0.00507204, 
45, 2321.23, -7.03997, -1.58002, -2.01469, 0.00731987, 0.00152339, 0.00197083, 
46, 241169, 2.11724, 8.7395, -2.34337, -0.00180572, -0.00556471, 0.00244099, 
47, 344827, 2.4326, -0.538547, -4.78157, -0.00404061, 0.00045268, 0.00506358, 
48, 39271.1, 1.62538, 2.40775, 3.893, -0.00284146, -0.00573242, -0.00508701, 
49, 19687.8, 12.5049, -11.0114, -1.69588, -0.00388707, 0.00257841, 0.00127418, 
50, 61216.8, -3.04278, -4.25216, 4.59217, -0.0083068, 0.00672984, 0.00408739, 
51, 19182.2, 8.90447, -4.89259, 7.84538, -0.00521661, -0.000563451, 0.00112738, 
52, 12420.5, -0.927908, -3.70479, 3.13115, -0.00353427, -0.00436878, -0.00442031, 
53, 85447.4, 10.2665, 5.49019, 10.3225, -0.00441652, -0.00227482, -0.0022097, 
54, 361436, -6.62047, 5.65683, 5.63718, 0.00123981, -0.00267813, -0.00213961, 
55, 158926, -7.23783, 5.69546, 6.60442, 0.00362049, -0.00394235, 0.00419806, 
56, 49282.6, 8.94439, -4.81745, 7.68655, -0.00393994, -8.30624e-05, -0.00183496, 
57, 218355, 3.08799, 4.75281, 5.80447, -0.00232349, -0.00391705, -0.00376811, 
58, 22371.5, -11.9743, 8.25246, 8.24447, 0.0012563, -0.0017243, 0.000122027, 
59, 55919.9, 5.19817, -9.38063, 4.11996, -0.0038824, 0.00496274, -0.000776841, 
60, 21598.8, 2.19591, -7.25299, 5.6331, -0.00199527, 0.00472858, -0.00755505, 
61, 398.952, -1.02201, -4.03989, 1.44618, 0.00208459, 0.0071353, 0.000845042, 
62, 1108.92, -7.88734, 9.12427, -6.32246, 0.00347278, -0.000969003, 0.000204871, 
63, 108555, -6.08589, -3.70141, 0.481375, 0.00934937, -0.000262004, 0.00201076, 
64, 244863, -6.38094, 3.54172, -10.3343, 0.00283954, -0.00261671, 0.0026188, 
65, 220694, 9.9272, -6.25528, 8.22326, -0.0047206, 0.00174294, -0.0016239, 
66, 61700, 2.85364, -10.038, -9.30583, -0.00220368, 0.00335052, 0.00367696, 
67, 55388.9, 14.4559, -7.11815, -12.5506, -0.00280514, 0.00145951, 0.00225005, 
68, 211156, -1.84945, -2.71959, 2.91499, 0.00585002, 0.00479827, -0.00378774, 
69, 12720.6, -9.12557, -2.67093, -6.61701, 0.00416911, 0.00444229, 0.00124188, 
70, 25096, -7.2418, 0.28606, 5.59516, 0.00359839, -0.000103418, -0.00495351, 
71, 179870, -1.40142, -1.90608, 2.23881, -0.00206098, -0.00622568, 0.00296553, 
72, 79123.8, 8.87922, 7.22886, -0.87861, -0.0049935, -0.00314503, 0.00096674, 
73, 110870, -8.20175, 6.03015, 7.11151, 0.00509183, -0.00343794, -0.00422987, 
74, 43359.1, -11.2617, 0.757713, -8.15039, 0.00234739, -0.00819379, 0.0072371, 
75, 140124, -1.68826, -4.52207, 2.80628, 0.00659355, -0.00147975, -0.00622912, 
76, 229268, 5.98804, -9.51056, 3.46676, -0.004651, 0.00487962, 0.000216418, 
77, 302149, -10.0745, -0.268098, 8.97394, 0.00489187, 0.00127297, -0.0040317, 
78, 100708, -2.23432, -3.57422, 3.30235, 0.0125944, 0.00437096, 0.00133112, 
79, 46633.4, -1.63629, -4.64104, 2.68092, 0.00223074, 0.00556014, 0.00121807, 
80, 143926, -2.47939, -3.14501, 4.31484, 0.00695097, -0.00215611, -0.00604696, 
81, 270.261, 8.05922, -0.589229, -8.65037, -0.00390329, 0.000740637, 0.00461676, 
82, 159650, -3.28734, -4.45572, 2.1907, -0.00408297, 0.0110376, -0.00412263, 
83, 24756, 3.20479, 6.46772, 6.49554, -0.00279558, -0.00440277, -0.00662909, 
84, 18375.3, -2.15142, -7.05738, 2.49287, -0.00689764, -0.000445631, -0.00260071, 
85, 491877, -10.2483, 7.17739, 8.7637, 0.000154541, -0.00115402, -0.000625993, 
86, 194807, -8.20513, 5.16286, 5.94367, -0.00091213, -0.00385498, -0.00543663, 
87, 8649.23, -8.44747, 3.56211, -6.39167, -0.0075283, -0.00293687, 0.00149125, 
88, 138901, -3.39822, -4.77705, 2.33573, -0.0108302, 0.00364704, -0.00820016, 
89, 50202.9, 2.39026, 5.13984, 3.71281, -0.00362071, -0.003902, -0.000536194, 
90, 98321.9, -2.05056, -5.78458, 5.72387, -0.00379899, 0.00225635, -0.00245793, 
91, 384069, -3.24087, -4.91744, 2.75669, -0.00390562, 0.00724621, -0.00810107, 
92, 81279.9, -8.53959, -0.0165234, -6.40838, 0.00637383, 0.00626918, 0.00247955, 
93, 91375.2, 2.41708, 0.485783, -5.29706, -0.00452029, 0.00320402, 0.00121007, 
94, 5476.7, -2.16263, -4.64649, 2.47298, 0.00843912, 0.0131513, -0.00383875, 
95, 33452.5, -1.07885, -1.09727, 3.80226, -0.00194857, -0.00433756, -0.009601, 
96, 25752.1, 15.373, 13.8823, 12.9434, -0.00235838, -0.00256612, -0.0020061, 
97, 200797, 4.92731, -0.251282, -5.04431, -0.0071148, 0.000611173, 0.00246892, 
98, 298981, -1.15114, -4.56117, 5.32415, 0.00022869, 0.00504351, -0.000934688, 
99, 93146, 1.93333, 8.38383, -1.5286, -0.0032368, -0.00825301, 0.00400608, 
100, 8612.85, 8.42214, -7.8522, 6.40498, -0.00448477, 0.00404999, -0.00136098, 
101, 24343.5, -6.56963, 3.15552, -1.79176, 0.000413605, -0.00377357, -0.000381896, 
102, 10296.7, 2.05231, -5.83672, 7.26466, -0.00591859, 0.00532685, -0.00570089, 
103, 15719.8, -7.84318, 7.96699, -4.76748, 0.00554557, 0.00151194, 0.000822635, 
104, 230040, -8.73613, 4.11783, -8.22658, 0.000512557, -0.0065034, 0.00332246, 
105, 17846.1, -4.04969, -1.73975, 4.29412, 0.00504964, -0.00135707, -0.00409305, 
106, 22216.6, -2.56525, -3.66998, 4.67358, -0.000230708, 0.000756378, -0.00223725, 
107, 98486.7, -9.21423, 6.8479, -7.09489, 0.00454482, -0.00305363, 0.00148498, 
108, 214214, 10.9785, 6.95714, 10.0412, -0.00356709, -0.000611208, -0.000403424, 
109, 131614, -7.71445, -2.62768, -5.19723, 0.00570669, 0.00507816, 0.00306976, 
110, 160023, -1.46697, -2.57969, 3.6705, 0.00665236, 0.00618386, -0.000573014, 
111, 115735, -2.03954, -3.12383, 1.44249, -0.00207462, 0.00485094, -0.000890922, 
112, 378585, -11.371, 10.9499, 5.19058, 0.00351984, -0.00517111, 0.000604398, 
113, 83295.8, 2.57715, 7.05818, 7.62281, -0.00149897, -0.00341819, -0.00320472, 
114, 148827, 7.65334, 4.41184, -2.23227, -0.00528032, -0.00112289, 0.00147999, 
115, 285284, -7.86615, 5.63947, -8.77665, 0.00213988, 0.0035311, -0.00131436, 
116, 515864, -3.53972, -5.62219, 3.24476, -0.00269296, 0.00199657, 0.00211836, 
117, 88363.5, -7.34102, -6.80421, -8.02937, 0.00119313, 0.00487457, 0.00324352, 
118, 155064, -7.36006, 4.60061, -7.54743, -0.00793307, -0.00202866, 0.00322219, 
119, 18098.3, -1.84187, -3.98249, 1.87281, -0.00620718, 0.00383429, -0.00435132, 
120, 34391.6, -10.5758, 7.48327, 8.5789, 0.00014568, 0.000449955, 0.00396059, 
121, 78154, -2.8475, -5.65838, 0.766261, 0.0069764, -0.000586514, -0.00107923, 
122, 10497, 3.04137, 0.293032, -4.3438, -0.00538562, 0.00199481, 0.00144737, 
123, 59058.1, -0.963927, 0.735955, 1.63347, -0.00562612, -0.00339895, 0.001888, 
124, 5646.35, 0.106945, -3.65937, 5.32414, -0.00273064, -0.00127457, -0.0100404, 
125, 103346, -8.778, 8.11191, 5.69598, 0.00335364, -0.00385289, -0.00514346, 
126, 64702.5, 13.3243, 5.74593, 4.37932, -0.00329777, -0.001096, -0.00438421, 
127, 199056, -0.852693, -5.84783, 2.11349, 0.00705469, 0.00320032, -0.00321375, 
128, 192649, -1.14908, -0.3379, -4.31753, -0.00197474, -0.000306345, 0.00398629, 
129, 1707.71, 2.52279, 4.69475, 3.5069, -0.00444762, -0.00563762, -0.0010539, 
130, 19869.9, -7.29584, 6.96723, 5.93824, 0.00634786, -0.000682513, -0.00713234, 
131, 143979, 0.945678, 6.80106, -0.994728, -0.00198688, -0.00120902, 0.000862966, 
132, 37850.6, 9.18765, -10.2446, 12.0076, -0.00231552, 0.00328753, -0.00357561, 
133, 50031.5, -10.7575, 8.15586, 9.06559, 0.00163588, -0.00933976, -0.00764018, 
134, 369068, 10.072, 5.89162, 6.24019, -0.00411143, -0.00184345, -0.00242203, 
135, 3806.98, -6.90021, 0.00349816, -7.3287, 0.00540118, 0.00754598, 0.00285481, 
136, 64591.7, -1.64563, -3.94545, 2.53013, -0.00975168, 0.00200914, 0.00654527, 
137, 1688.15, -4.0237, -5.39443, 3.18705, 0.0103404, 0.00409004, 0.00128696, 
138, 439943, -8.41171, 2.03188, -6.02889, 0.00216902, -0.00503426, 0.00638906, 
139, 72054.1, -1.25535, -4.25726, 1.84604, 0.00391903, 0.00582853, 0.00093357, 
140, 10511.3, -7.52635, 4.18364, -5.70663, 0.00312141, 0.00411854, 0.000833836, 
141, 28560.6, -8.79855, -3.7789, -7.02099, 0.00387076, 0.004586, 0.00580202, 
142, 92270.6, -5.78294, -6.02993, -6.41913, 0.00140928, 0.0057293, 0.00491467, 
143, 57507.6, 10.9319, -1.07447, -10.9153, -0.00374328, 0.00042143, 0.00341011, 
144, 106955, 1.86168, 7.9778, -1.40161, -0.0016499, -0.00438223, -0.00391245, 
145, 53021.1, -2.90951, -2.65126, 5.07038, -0.00435951, 0.00347677, -0.00429599, 
146, 127593, -5.28661, 1.95404, 2.53324, 0.00247868, -0.00221987, 2.16094e-05, 
147, 31386.3, -0.63952, -4.38886, 2.74548, 0.0076153, 0.00890878, -0.00294488, 
148, 89613.6, 0.833859, -6.75312, -0.376141, -0.00428468, 0.00599133, 0.00484391, 
149, 251415, -7.31004, 5.46655, -9.61044, 0.00243916, -0.00135976, 0.000619297, 
150, 55890.6, -5.08427, -5.2719, 2.57079, 0.00695358, -0.000790259, -0.00391615, 
151, 174949, -7.27364, 2.59797, -7.79046, 0.00243512, -0.00413498, 0.00234205, 
152, 66072.8, -8.07957, 6.78089, 4.99733, 0.00111727, 0.000777124, -0.00787288, 
153, 19075.8, -1.71722, -9.9972, -4.22439, -0.000722217, 0.00483331, 0.00392378, 
154, 47261.5, -2.96215, -2.31631, 0.716589, 0.000996767, -0.002208, 0.00422968, 
155, 102102, -0.320681, -4.03784, 3.5697, 0.00455023, 0.00730011, -0.0020264, 
156, 5375.03, -4.01858, -5.43421, 4.63249, 0.00363446, 0.0104201, -0.00226297, 
157, 3761.7, -2.22037, -3.25408, 3.23435, -0.00823036, 0.00104091, 0.00763375, 
158, 7652.65, 3.2466, 5.22345, 6.10219, -0.00601389, -0.00126238, -0.00221238, 
159, 47070.1, -1.55604, -5.19937, 1.3933, 0.00451047, 0.00557973, -0.00582533, 
160, 17972.9, -7.55744, 1.09248, -6.90121, -0.00282925, -0.00428065, 0.00845805, 
161, 218629, -7.33806, 1.34317, -6.54681, 0.00229916, 0.00419533, 0.00413122, 
162, 138887, -0.972159, -3.26952, 3.76512, -0.00302695, 0.0119341, 0.000926235, 
163, 33277.3, 2.81935, 0.119843, -5.6127, -0.00272905, 0.000516787, 0.00981704, 
164, 167891, -0.80348, -2.43586, 3.61373, -0.003627, -0.00280958, -0.00903578, 
165, 62570.5, 1.28002, 14.6637, 0.572062, -0.00181116, -0.00358984, 0.00126337, 
166, 38130.4, -1.53215, -10.5162, -9.94958, -0.000895953, 0.00379911, 0.00416284, 
167, 22403.8, -7.51041, 2.72122, -5.58237, 0.000834218, 0.00324283, 0.00158234, 
168, 1479.59, -7.22151, 6.99776, 5.44513, 0.00157803, -0.00273623, 0.00489324, 
169, 20399.9, -8.76912, 2.09999, -11.9575, 0.00412773, 0.0019324, 0.00120509, 
170, 115854, -2.36704, -2.2157, 5.51208, -0.00152034, 0.00271553, -0.0031605, 
171, 27762.9, 0.875849, -7.25171, 5.57285, -0.00382672, 0.00474304, -0.00704506, 
172, 250928, 2.58294, 9.00953, -3.39527, -0.00189908, -0.00451171, -0.000746613, 
173, 74469.2, 11.6281, 3.47051, 7.40046, -0.00189455, -0.00542057, -0.00189579, 
174, 143481, 12.5625, -7.95827, 10.409, -0.00401175, 0.00259708, -0.00326922, 
175, 27145.1, -0.160254, -4.46876, 3.08368, 0.00351707, 0.00624566, 0.0010494, 
176, 32620.6, -0.240671, -1.05882, 4.89884, -0.00260913, -0.00384708, -0.00877047, 
177, 52575.7, -7.82296, 7.00446, -8.87702, -0.000579717, 0.00442309, -0.000301739, 
178, 19746.4, -0.968819, -6.84958, 7.65707, -0.00366706, 0.00200651, -0.00193264, 
179, 33623.1, 10.4872, 6.03279, 5.5801, -0.00831697, -0.000154179, -0.00260185, 
180, 50349.8, 8.80736, 6.48772, 9.14954, -0.00568875, 0.000111911, -0.00267716, 
181, 89376.8, 7.73468, 4.48858, 0.823024, -0.00522381, -0.00095567, 0.00134152, 
182, 42160.2, -7.94807, 3.67593, -6.40628, 0.00283275, -0.0022601, -0.00555777, 
183, 100544, -8.92764, 0.836468, -4.73466, 0.00331426, -0.00395183, 0.00785809, 
184, 1446.88, -2.9325, -6.76343, -3.7323, 0.00035633, 0.00602132, 0.00361528, 
185, 119694, -7.22567, -1.59593, -4.7923, -0.000327421, 0.00368536, 0.00504034, 
186, 120999, -4.42102, -5.5337, 2.32303, 0.0091637, 0.00765122, 0.00166732, 
187, 52698.3, -2.22866, -4.89521, 4.19708, -0.00550641, 0.00125061, -0.00644478, 
188, 105467, 0.692285, -4.13571, 0.396395, -0.00683117, 0.0026765, 0.00379964, 
189, 99748.4, -9.74757, 6.24744, -5.88849, 0.00224329, 0.00442748, 0.002815, 
190, 77133, -2.9304, -4.87633, 2.5969, 0.00156043, 0.00321151, 0.00221808, 
191, 178804, -8.40593, 4.58872, -7.5137, 0.00485515, -0.0106709, 0.00533897, 
192, 8685.6, -1.38533, -3.92801, 2.99582, -0.00551784, -0.00437029, -0.000421522, 
193, 256954, -1.18137, -0.220765, 4.50629, -0.00319757, -0.00473977, -0.00281136, 
194, 53540.6, -0.816283, -4.91821, 2.4713, -0.00616614, 0.00987632, 0.00558861, 
195, 220652, -8.69038, 3.52574, -7.02677, 0.00644939, -0.00135348, 0.00380539, 
196, 10258.1, 4.38586, 9.85885, -2.47633, -0.00586973, -0.00347284, 0.00210328, 
197, 6083.3, -10.2616, 6.33833, -6.39542, 0.00701845, 0.00211582, 0.0021767, 
198, 127562, -0.130697, -1.09039, 1.93169, -0.00400952, -0.00554531, -0.00377265, 
199, 34766.2, 11.3136, 7.28822, 8.19417, -0.0056632, -0.0028894, -0.00328447, 
