ID, Mass [kg], pos_0 [m], pos_1 [m], pos_2 [m], vel_0 [m/s], vel_1 [m/s], vel_2 [m/s], 
0, 83183.7, 21.2193, 46.8759, 0.918759, -0.000209527, -0.000430706, -5.43574e-05, 
1, 128657, 2.42864, -40.9369, 43.8727, -4.44441e-05, 0.000295705, -0.000352104, 
2, 47972.7, -44.5365, 39.1554, -32.5, 0.000263366, -0.000321754, 0.000254349, 
3, 33292.3, -11.3269, 36.1736, 4.48153, 1.65823e-05, -0.00042632, -0.000113933, 
4, 53679.7, 7.38224, -19.4519, 14.7016, -0.000162437, 0.000199785, -0.00034246, 
5, 235.298, -43.3569, -31.3688, 13.9796, 0.000417906, 9.75318e-05, 5.99395e-06, 
6, 51642.8, -23.1659, -47.2507, -23.8394, 0.000147364, 0.000653319, 7.19849e-05, 
7, 18172.4, -10.7693, 42.4537, 44.8579, -3.55643e-05, -0.000280351, -0.00030077, 
8, 49899.2, 8.6861, -34.8337, 27.8395, -6.40405e-05, 0.000381808, -0.000246212, 
9, 177450, -16.4868, 16.34, 31.5405, -1.30678e-05, -0.000266906, -0.000323735, 
10, 101538, -38.706, -37.9637, -16.7473, 0.000568858, 0.000280361, 3.7611e-05, 
11, 173078, -44.6171, 7.85938, 24.031, 0.000425075, -5.51855e-05, -0.00022713, 
12, 235982, -42.7922, -19.4595, 35.4536, -0.000277187, 0.000161282, -0.000232487, 
13, 70247.8, 41.4051, 48.2036, -36.2942, -0.000207112, -0.000244502, 0.000184737, 
14, 39201.1, 5.1322, -44.0027, -22.2241, -8.05935e-05, 0.00100451, 3.72595e-05, 
15, 57565.2, 4.63324, 44.3783, 12.08, 9.46561e-05, -0.000429972, -6.10278e-05, 
16, 390951, 13.0854, -16.8515, -2.85386, -7.1902e-05, 0.000338079, -3.30978e-05, 
17, 141386, -32.6102, -41.0667, -21.4248, 0.000271189, 0.00044784, 0.000171245, 
18, 126243, -43.5881, -3.50156, -8.24932, 0.000387841, -0.000171828, 0.000139714, 
19, 237835, -19.4559, 27.9683, -2.9057, 0.00012413, -0.000324885, 6.31886e-06, 
20, 33312.9, 23.3999, 43.6589, 19.0438, -0.000369317, -0.000339072, -0.000173236, 
21, 218860, 11.3183, 2.90243, -1.18949, 0.000447281, -0.000681602, -0.000299898, 
22, 75238.4, -20.8261, -1.62799, 14.0493, 0.000268077, -4.33811e-05, 1.29709e-05, 
23, 52869.6, 34.2116, -7.50195, -33.865, -0.000267798, 0.000138166, 0.000444582, 
24, 184404, -39.1253, 31.7211, 45.7908, 0.000250044, -0.000254653, -0.000303855, 
25, 40067.7, 46.7364, 12.5168, 15.8147, -0.000479644, -0.000160836, -5.5129e-05, 
26, 36311.1, -20.974, 44.8176, -6.00958, 0.000206162, -0.00058175, -3.88851e-05, 
27, 61313.8, 31.2029, -12.3093, 18.7788, -0.000244898, 8.7736e-05, -0.000293047, 
28, 165565, 21.8603, -27.3372, -6.6148, -0.000321233, 0.000512485, 0.000149033, 
29, 12545.8, -35.0074, 30.4133, 48.7706, -0.000297124, -8.31339e-05, -0.000690177, 
30, 120708, 3.24046, 6.18417, 35.5934, -0.000151446, 3.17604e-05, -0.000376404, 
31, 188330, 3.93606, 18.6155, 35.8408, -8.44148e-05, 9.86628e-05, 0.000107367, 
32, 168542, 13.2083, 32.723, 17.4383, -7.65315e-05, -0.000360067, -0.000149842, 
33, 21895.1, -29.7364, 28.6845, -26.1769, 0.000276139, -0.000372032, 0.000237434, 
34, 54309.5, 5.48935, -41.3863, -22.7165, -0.000221946, 0.000153879, 0.000229346, 
35, 114158, -44.4897, -43.8329, 47.6666, 0.00048497, 0.00014397, -0.00043327, 
36, 17002.8, 28.442, 8.63184, -4.38704, -0.000111416, 4.97274e-05, -0.000120201, 
37, 13778.1, -17.3934, -28.8173, -29.6693, 0.000342118, -0.000423182, 0.000135525, 
38, 145485, -6.93263, -13.8392, -43.3187, 2.22315e-05, -5.15434e-05, 0.000502532, 
39, 22080.7, 32.8523, -42.8465, -18.0897, -0.000239111, 0.000414874, 0.000106974, 
40, 76098.9, -46.8284, 19.3204, 11.3057, 0.000559708, -0.00017783, -3.60567e-05, 
41, 152709, 34.5558, 4.04216, 5.05833, -0.0002618, -0.000165641, -0.00025455, 
42, 185115, -37.0506, 25.0308, 9.62956, 0.000293886, -0.000232017, 0.000157493, 
43, 268899, -33.823, -47.5364, 44.9179, -0.000168788, 0.000384319, -0.000353786, 
44, 16945.9, -16.8298, -14.8605, -4.93552, 0.000269887, 4.11451e-05, 6.30932e-05, 
45, 86302.2, 39.3051, 48.8942, -9.56382, -0.000264213, -0.000347779, 0.000126046, 
46, 8704.85, -5.19185, -36.7642, -9.1464, -4.26527e-05, 0.000592789, 7.16898e-05, 
47, 5070.43, -41.0842, -20.1555, 36.0979, -0.00218192, 0.00145035, -0.00114315, 
48, 165598, -1.14324, -8.8282, -5.00889, 0.000198331, -2.82072e-05, 1.5839e-05, 
49, 61598.2, -47.7859, 24.3304, -14.6831, 0.000424639, -0.00022334, 8.21584e-05, 
50, 49162.5, 10.6336, -27.8345, 30.4402, -0.000193236, 0.000163765, -0.000367019, 
51, 64917.6, -26.2344, -8.16714, -37.7371, 0.000194975, -9.29095e-05, 0.000450328, 
52, 167901, 18.9398, -9.20631, -1.50447, -0.000499327, -9.27048e-05, -0.000235722, 
53, 12321.9, -21.4415, -16.7009, 18.0174, 0.000305085, 0.000179612, -8.14179e-05, 
54, 33262.7, -23.3825, 33.9875, -22.6231, 0.000170544, -0.000424142, 0.000174703, 
55, 207078, -10.2074, 0.746782, -16.4484, 7.96519e-05, 8.85363e-06, 0.000174303, 
56, 27724.5, 14.4202, -37.8008, 14.3147, -0.000131498, 0.000435355, -0.00017138, 
57, 17609.8, 25.0051, -44.4824, 15.2114, -0.000170166, 0.00045154, 2.14748e-06, 
58, 12328.7, -31.9743, 20.5141, 36.3387, 0.00026068, -0.000202735, -0.000398578, 
59, 43139.2, -40.0476, -24.1094, 5.88157, 0.000395532, 0.000172623, -6.68292e-05, 
60, 106846, -39.1338, -45.8079, 42.0021, 0.00055767, 0.00018642, 0.000162982, 
61, 72802.7, 40.938, -21.3712, 18.2905, -0.000396244, 0.000131025, -0.000260828, 
62, 46181.4, -27.2074, 22.8808, -41.2182, 0.000226158, -0.000198438, 0.000425148, 
63, 4752.12, -33.413, -30.2934, -45.5661, 0.000750104, -0.000545983, -6.97708e-05, 
64, 32357.5, 17.2446, -33.5539, -13.5427, -0.000183055, 0.000570928, 0.000253203, 
65, 5018.35, -36.6772, -6.80518, -12.9775, 0.000254641, 0.000146655, 0.000212479, 
66, 117960, 20.3397, -2.01513, -30.472, -0.000157053, 1.04574e-05, 0.00037696, 
67, 203303, 41.61, -2.55483, 1.09466, -0.000564347, 0.000113201, -9.8993e-05, 
68, 33578.2, -38.0262, 45.6897, 8.30749, 0.000238599, -0.000468492, -1.67564e-06, 
69, 69966.1, -2.25805, -30.6281, -47.2395, -0.000107303, 0.000208724, 0.000560988, 
70, 82804.5, 28.6123, 20.601, -48.9306, -0.000199729, -0.000149108, 0.000388804, 
71, 105137, 37.0747, -11.7022, 31.4194, -0.000267288, 0.000114959, -0.000356251, 
72, 182238, -42.4428, -39.3074, 21.9684, 0.000328994, 0.000220631, -0.000165153, 
73, 48300.2, 43.8755, -31.404, 15.77, -0.000404461, 0.000328383, -0.000238176, 
74, 83811.3, 46.3176, 16.9352, 29.4507, -0.000435899, -0.000515762, -0.000190666, 
75, 182626, -27.331, -0.414821, -14.9274, 0.000285806, -0.000338149, 0.00038836, 
76, 51722.9, -25.652, -17.0612, 34.0407, 0.000190646, 0.000255124, -0.000211568, 
77, 79504.8, -25.7609, 0.0627868, 30.4568, 0.000279647, -3.10456e-05, -0.000286701, 
78, 158424, 48.5681, -8.12627, -28.2489, -0.000455348, 7.94465e-05, 0.000263553, 
79, 47214.5, 46.6795, -2.51393, 44.9406, -0.000309188, 8.23528e-05, -0.000412973, 
80, 219522, -7.43286, 23.5979, -41.158, 6.30743e-05, -0.000193675, 0.000445895, 
81, 19106.9, -35.7474, -45.6207, 10.044, -0.000200173, 0.000394377, 0.000223897, 
82, 39951.1, 41.9367, 2.66445, -29.8127, -0.000457652, -0.000142178, 0.000398491, 
83, 78693.6, 15.532, -46.8088, 25.6953, -3.06684e-05, 0.000455049, -0.000177945, 
84, 69951.7, 30.4667, 12.2153, -5.55879, -0.000262032, -0.000385438, -3.07156e-06, 
85, 121505, -22.8826, 6.8899, 23.9669, 0.000174068, -0.000164669, -9.59731e-05, 
86, 33226.7, 26.2428, 8.56831, -10.0916, -0.000194087, -0.000123073, 0.000315585, 
87, 5700.47, 22.919, 32.8056, -43.9036, -0.000225435, -0.000268667, 0.0003628, 
88, 145508, 2.66837, -24.7551, -35.9325, -0.000176707, 0.00014552, 0.00042034, 
89, 311726, -5.53922, -29.3467, 2.58681, -0.000202907, 0.000709654, -1.77212e-05, 
90, 111004, 32.7863, 1.49262, -28.8672, -0.000259065, -0.000100763, 0.000353469, 
91, 189341, 14.289, 48.7864, 20.3373, -8.32558e-05, -0.000467373, -0.000209751, 
92, 110340, 41.8268, -33.3102, -5.29533, -0.000398922, 0.00042394, 8.51182e-05, 
93, 227786, 33.5217, -40.3032, 28.0214, -0.000412033, 0.000168854, -0.000251814, 
94, 45429.1, -35.0577, -30.2461, -29.6214, 0.00044131, 0.000128566, 0.000244897, 
95, 79096.9, 15.1329, 24.2361, 20.5593, -0.000156657, -0.000140762, -0.000272803, 
96, 172391, 5.694, -21.3174, -18.2335, -9.99571e-05, 0.000333207, 0.000318127, 
97, 40891.5, -34.5978, 25.9406, 15.0033, -6.48694e-05, -0.000173717, -0.000405645, 
98, 44851.2, 45.3097, -45.6048, 40.6082, -0.000267465, 0.000221426, -0.000260298, 
99, 41855.3, 47.3634, -31.4395, -10.7421, -0.000548626, 0.000234926, 0.000233342, 
100, 55364.7, -35.1923, -34.1027, -10.2324, 0.000316332, 0.000193086, -7.11661e-05, 
101, 133489, 44.2564, 12.1279, 41.3527, -0.000258385, -0.000105565, -0.000508061, 
102, 116718, -30.558, -38.9195, 3.14073, 0.000236945, 0.000404763, -1.99574e-05, 
103, 41489.7, -45.9537, 19.2184, 23.3042, 0.000490094, -0.000249303, -0.000248479, 
104, 25317.1, -4.02488, -7.8405, 17.1712, -0.000112512, -8.20351e-05, -9.7785e-05, 
105, 122915, -27.411, 1.66873, -16.5777, 0.000267173, 0.00042815, -0.000211556, 
106, 22003.9, 11.883, -8.79096, 5.25866, -1.38092e-05, -6.54824e-05, -0.00058696, 
107, 44393.1, 31.7783, 18.5866, 45.7894, -0.000114001, -0.000177535, -0.000408332, 
108, 27861.9, 16.4048, -39.7413, -31.8876, -0.000184527, 0.000341046, 0.000251551, 
109, 3915.15, -42.4647, 2.02487, -31.6156, 0.000352313, -7.10199e-05, 0.000265515, 
110, 44656.7, -45.235, 37.0898, -17.5005, 0.000309894, -0.000423131, 2.41472e-05, 
111, 64096.1, 42.9008, -47.2491, -44.1448, -0.0003218, 0.000568606, 0.000244496, 
112, 92587, -44.7051, 30.6455, -24.0035, 0.000329463, -0.000255763, 0.0002184, 
113, 11750, -21.4289, -15.8238, 45.2839, -0.000167741, 0.000345423, -0.000517293, 
114, 261549, 9.19437, 30.614, -35.2185, -0.000138043, -0.000244621, 0.000320796, 
115, 10260.2, -25.9263, 30.8704, -30.9131, 0.000184026, -0.000369957, 0.000334462, 
116, 9883.83, 48.9329, -27.7019, -3.87462, -0.00062578, 0.000131337, 3.03132e-06, 
117, 420908, 38.3002, -35.9432, -43.0278, -7.10057e-05, -0.000121686, 0.000544096, 
118, 43656.3, 19.8685, -36.8728, 37.5325, -0.00013785, 0.000215266, -0.000412969, 
119, 5442.94, 41.929, 2.1593, 34.5596, -0.00015979, 0.00024215, -0.000439376, 
120, 64753.8, -6.87743, 38.1444, -18.89, 0.000102696, -0.000389564, 0.000137739, 
121, 5238.72, 13.0746, 34.3677, 10.813, -8.39003e-05, -0.000392739, 0.000252395, 
122, 36292.8, -12.2622, 17.8652, -32.2346, 0.000129353, -0.000170985, 0.000354372, 
123, 239246, -1.11332, -13.0594, 33.4216, -0.000279687, 0.000106257, -0.000499684, 
124, 35916.3, -18.9133, 41.1754, -9.34989, 0.000103834, -0.000428421, 0.000163062, 
125, 59978.1, 46.8086, -28.6968, 8.97187, -0.000553403, 0.000230353, -8.31377e-05, 
126, 68914.6, -17.1244, 1.59625, 43.7003, -0.000176674, -0.000327198, -0.000371334, 
127, 139141, 4.1127, 21.1992, 38.8554, -0.000151315, -0.000798366, -0.000965783, 
128, 48573.4, 39.4917, 47.3524, -1.42726, -0.000285975, -0.000316504, -0.00012915, 
129, 16414.7, -0.76465, 20.5328, -13.417, -1.56302e-05, -0.000357332, 7.22373e-05, 
130, 33001.4, 11.3106, 2.85434, -1.20623, -0.00317415, 0.00191138, 0.000273848, 
131, 8395.87, 10.5794, -9.25828, -10.2614, -3.74e-05, -7.67535e-05, 0.000502115, 
132, 60106.1, 29.1573, -22.8703, -0.0981255, -0.000284212, 0.000150573, -6.99147e-05, 
133, 207157, 15.3039, 15.3788, -8.98284, -0.00010554, -0.000380441, 0.000144906, 
134, 73184.1, -18.8015, 48.1265, 42.7183, 6.59168e-05, -0.000334279, -0.000227881, 
135, 36373.7, 13.3831, -35.2313, 5.79562, -0.000159006, 0.00052813, -0.000120273, 
136, 129576, 22.6943, 13.2761, 17.7741, -0.000196, -0.000158281, -0.000255808, 
137, 29531.3, 32.5571, 22.1615, -36.2929, -0.00027027, -0.000230342, 0.000305393, 
138, 56000.4, -13.3873, -1.67083, 15.5449, -3.40551e-05, -0.000126922, -7.17219e-05, 
139, 168899, 4.79022, 48.5134, -35.257, -2.5014e-05, -0.000420003, 0.000267128, 
140, 86223.5, -27.8038, -17.369, -32.7577, 0.000280671, 3.04992e-05, 0.000304142, 
141, 203477, -47.2572, -12.9957, -9.5266, 0.000513538, 0.000233468, 6.84932e-05, 
142, 27856.9, -8.73298, 44.0037, 9.49815, 8.52029e-05, -0.00046713, -0.000119923, 
143, 84533.1, 20.683, -5.77167, -7.78471, -0.000464345, -0.000142134, 0.000472923, 
144, 350304, -16.2558, -35.166, -34.4263, 6.73362e-05, 0.000226546, 0.000418873, 
145, 72268.6, 4.38906, -13.7251, -19.3433, -3.44749e-07, -0.000168353, 0.000437997, 
146, 15177.3, -48.2677, -9.92653, -20.4567, 0.000531351, -0.000337446, 0.000278934, 
147, 210355, -48.9713, 2.1748, 5.02435, 0.00049962, -5.72292e-05, -9.03969e-05, 
148, 79347.4, 38.5835, -37.9011, -41.2499, -0.000409248, 0.00186123, -0.001357, 
149, 348165, 10.9675, 44.5948, -13.8711, -7.96293e-05, -0.000423877, 9.13703e-05, 
150, 39793.7, 42.7266, 22.0853, 34.6284, -0.000189055, -0.00043779, -0.000372171, 
151, 141654, -42.3266, -19.4863, 35.5135, 0.00169164, 4.85227e-05, 2.82939e-05, 
152, 17705.2, 42.9894, -5.45267, 40.2329, -0.000231571, 0.000151768, -0.000335674, 
153, 8128.89, -35.7986, -8.11796, 29.4935, 0.000355268, -5.84391e-05, -0.000130685, 
154, 60076.2, -22.911, -4.22735, 44.4686, 0.000434751, 7.03643e-05, 0.000396436, 
155, 211378, -21.264, -41.9975, -42.2914, 0.000173009, 0.000546107, 0.000512774, 
156, 141972, 12.7829, 4.61304, -39.4172, -8.28918e-05, -9.56201e-05, 0.00048316, 
157, 74665, -10.8056, -27.1504, 14.9553, 0.00012399, 0.000369356, -0.000386898, 
158, 517293, 43.7146, 15.0833, -13.032, -0.000442482, -0.00025765, 0.000160951, 
159, 172971, -40.1373, -46.5741, 13.1154, 0.000301313, 0.000467473, -1.19765e-05, 
160, 51121.1, 14.6632, 33.6502, -4.57862, -0.000143364, -0.000278341, -4.30079e-05, 
161, 91130.1, -22.698, 22.0741, 25.6616, 0.000138104, -0.000411175, -0.000123723, 
162, 149283, -37.2932, 32.8947, 16.9731, 0.000286984, -0.000579494, -0.000154166, 
163, 83452.9, -45.654, 13.1013, -5.85088, 0.000422452, -0.00022908, 0.000109553, 
164, 64226.9, 10.7492, -0.936871, -6.03851, 5.37749e-05, 3.44281e-05, 0.000545838, 
165, 7853.04, 14.7082, -25.1587, -31.4555, -0.000281889, 0.000205738, 0.000373212, 
166, 42725.7, -0.501721, 20.0155, 47.7193, 3.79565e-05, -0.000206452, -0.000660892, 
167, 80232.7, -41.5877, 15.0521, -31.4186, 0.00037674, -0.000153396, 0.000318271, 
168, 56861.4, -27.4657, -14.2537, 45.6217, -2.96126e-05, 0.00019608, -0.000496312, 
169, 3283.8, -10.3794, -12.9031, 24.8631, 4.75103e-05, -0.000220465, 0.000690685, 
170, 2064.05, 40.7602, 40.3505, 40.923, -0.000191978, -0.00026391, -0.000240744, 
171, 92729.6, 28.3398, -44.1176, 27.3791, 0.000154277, 0.00063378, -0.000163997, 
172, 92313.6, -47.7311, -14.4673, -21.6131, 0.000448549, 0.000180921, 0.000344626, 
173, 134604, -8.56682, -25.1384, 3.44979, 0.00051333, -0.00041706, -0.000197416, 
174, 167355, -20.9652, -28.6356, 2.04808, 0.000336245, 0.000272131, -3.45883e-05, 
175, 333184, -12.5511, -34.499, -23.3889, -1.98474e-05, 0.000326422, -6.25918e-05, 
176, 109996, 42.2008, 29.7417, 20.0506, -0.000305403, -0.000347514, -0.000134532, 
177, 116129, -36.4635, 28.1743, 28.3362, 0.000263098, -0.000316292, -0.000328482, 
178, 23919, -2.54735, -31.0568, 30.603, -1.40922e-06, 0.000385346, -0.000324798, 
179, 157841, -20.1566, 45.2261, -43.783, 0.000130454, -0.000305913, 0.000271182, 
180, 123810, 43.1963, -5.40938, -11.078, -0.000494711, 0.000146345, 0.000200164, 
181, 16634.9, -20.6367, -10.1121, 36.5426, 0.000100678, 3.51395e-05, -0.000325752, 
182, 156081, 35.7764, -26.6481, 1.96451, -0.000428695, 0.000305344, -0.000117875, 
183, 3124.3, -38.7635, 31.5374, 22.6988, 0.000499453, -0.000452754, -0.000414349, 
184, 53389.1, -17.2454, -16.0402, 33.0028, 0.000182076, 0.000314158, -0.000449633, 
185, 210128, -25.8892, 15.8677, -23.9351, 0.000256099, -0.000257988, 0.00027784, 
186, 42801, -24.4955, 14.9147, 38.9863, 0.000244532, -0.00022854, -0.000513632, 
187, 235088, -31.3742, -33.5402, -47.9841, 0.000319901, 0.000131918, 0.000468541, 
188, 202835, -21.805, -3.69508, 48.0106, 1.7478e-05, -7.12009e-05, -0.00085833, 
189, 89831.3, 47.2954, -31.3566, -43.4854, -0.000675842, -8.88991e-05, 0.000261471, 
190, 200924, -36.2202, -15.5047, 45.9557, 0.00027493, 4.58346e-05, -0.000569358, 
191, 201667, -8.67455, 11.6312, -20.7824, -5.20802e-06, -0.000299239, 0.000267123, 
192, 39680.8, 12.7087, -48.7703, -36.8851, -0.000109045, 0.000410917, 0.000263983, 
193, 266396, 45.2119, 8.85417, 28.8419, -0.000342804, 6.87373e-05, -0.000187879, 
194, 596.634, -36.0334, 44.9476, 9.86084, -9.33289e-05, -0.000396957, -0.000248331, 
195, 210775, -47.8341, -3.01073, -44.106, 0.000312375, -2.85293e-05, 0.000323898, 
196, 63484.8, -41.5196, -7.56145, -0.569036, 0.00024941, 0.000138923, -0.000213058, 
197, 43718.9, 42.2937, 16.6503, 6.69337, -0.000418342, -0.000317898, -0.000127667, 
198, 265739, -10.4347, -13.5933, 26.6314, 7.93539e-05, 0.000134827, -0.000176173, 
199, 27023.6, -31.298, -6.50127, 22.511, 0.000346267, 6.51908e-05, -6.7173e-05, 
