ID, Mass [kg], pos_0 [m], pos_1 [m], pos_2 [m], vel_0 [m/s], vel_1 [m/s], vel_2 [m/s], 
0, 86447, -6.77652, 33.315, -12.8442, 0.000658583, -0.00252199, 0.00115339, 
1, 189575, -36.5893, -16.4478, 0.412161, 0.00187951, 0.00147652, -0.000996342, 
2, 31834.7, 8.93017, -19.5002, -30.7004, 0.00190227, 0.00370693, 0.00250628, 
3, 198333, 24.9918, 24.9698, 9.79879, -0.00191751, -0.00265681, 0.000453821, 
4, 26595.9, -10.178, 18.1457, -2.40629, 0.000731617, -0.000212658, -0.00104796, 
5, 74974.9, -22.2272, -17.5877, -23.21, 0.00133577, 0.00101441, 0.000650588, 
6, 97542.7, 41.9841, -30.4711, 39.1674, -0.000900622, 0.000903566, -0.00127408, 
7, 2615.97, 2.59275, 33.7562, -29.4136, 0.000328003, -0.00185175, 0.00156934, 
8, 21192.8, 30.8909, -26.368, -7.8146, 0.000661033, 0.00307476, -0.00148935, 
9, 81679.8, 24.0895, 25.6734, 9.10377, 0.000603402, -0.000622066, -0.00382422, 
10, 127647, -28.4393, -21.7779, 30.5638, 0.000519646, 0.00145179, -0.00126227, 
11, 16957.3, -8.63475, -15.0518, 2.21762, 0.0013723, 0.00121453, -0.00234366, 
12, 46224.1, 39.3779, 39.2531, -22.6434, -0.00127485, -0.0015625, 0.0013544, 
13, 23966.4, 21.6703, 25.7073, 4.17131, 0.000540852, -0.00172902, 0.000597497, 
14, 11985.5, -7.76342, -10.039, 37.5881, -0.00146579, 0.000881212, -0.00133505, 
15, 3133.43, -9.90775, -2.9507, 20.1102, 0.000274118, 0.000741004, -0.000538596, 
16, 16899.7, 0.0815617, -10.6785, 31.9926, -0.000721706, 0.00104408, -0.00137239, 
17, 19424.5, 2.84196, 29.0864, -6.25581, 0.000413389, -0.00386549, 0.000854462, 
18, 130822, 29.8739, -30.7998, 4.59097, -0.0013657, 0.00139993, -0.000943533, 
19, 25233.8, -20.4163, 11.625, -20.2805, 0.0012784, -0.000726739, 0.00199839, 
20, 47646.9, 39.7671, -34.768, -22.3783, -0.00144904, 0.00150578, 0.000824908, 
21, 165666, 4.94982, 1.27967, -21.5713, -0.0011727, 0.00044101, -0.00070429, 
22, 68385.5, 0.945517, -2.89506, -23.9055, -0.00294439, 0.000419252, -0.00186176, 
23, 221148, 39.3833, -32.6732, 23.526, -0.000984288, 0.00120499, -0.000723029, 
24, 74530.5, 18.8493, -6.71604, -20.7047, -0.00204347, -0.000508979, 0.00104337, 
25, 43250.2, 31.0185, 18.5869, 39.004, -0.000646458, -0.000356176, -0.00181841, 
26, 16449.5, -37.2044, -42.2453, -23.6639, 0.000960556, 0.0012648, 0.00041802, 
27, 30641.9, -20.6511, 22.44, -3.23931, 0.00201211, -0.00174876, 3.50694e-05, 
28, 85788.3, 0.59104, -1.37816, -25.157, -0.00163732, 0.00180557, -0.000141725, 
29, 18634, -29.9566, 34.6594, 6.43866, 0.00170991, -0.00202028, 0.000825458, 
30, 2394.47, 31.0071, -21.1476, -6.20558, -0.000960483, -0.0011658, -0.00115367, 
31, 128472, 32.9394, 12.8316, 19.7057, -0.00169267, -5.2965e-05, -0.00207871, 
32, 63731.5, 7.99198, 6.48709, -28.4412, -0.00132966, -0.00049955, 0.00286564, 
33, 1929.75, -12.6177, -1.68488, 30.797, 0.00023963, -0.000295978, -0.00220291, 
34, 137164, -11.7009, -3.50023, 16.538, 0.000497187, -0.00030555, -0.000613461, 
35, 50524.2, 1.90376, -1.3507, -17.5823, 0.00234571, 0.000366039, 0.00221564, 
36, 6629.78, 28.1338, -15.5335, -16.8688, -0.00232829, 0.000456172, 0.00113152, 
37, 38240.2, 24.6875, -17.4151, -34.7295, -0.00236917, 0.00113052, 0.00248625, 
38, 18423.8, -1.40745, 1.91847, -24.0986, -2.18909e-05, -0.00166429, 0.00385061, 
39, 194740, 31.8156, -24.7589, -5.68194, -0.000730928, 0.00335919, -0.00133127, 
40, 166672, 13.8815, -15.5415, -29.0133, -0.000143709, 0.00306302, 0.00263923, 
41, 63465.7, 19.601, 20.7019, -9.94637, -0.00187218, 0.00136424, 0.00052492, 
42, 21989.4, 18.9343, 23.6673, -6.63007, -0.000403058, -0.0032064, 0.000220438, 
43, 7506.47, 32.2007, -26.0138, -3.70613, -0.00265924, -0.000592442, 0.00110164, 
44, 1030.15, 28.9484, 8.22838, -10.9003, -0.00190869, 0.000716225, 0.00122438, 
45, 60141.1, 2.18868, 22.7526, -4.91581, 0.00103395, -0.000387568, -0.00111052, 
46, 69136.8, -26.6394, -1.85247, 19.0563, 0.000828109, 0.00125908, -0.00116626, 
47, 4636.02, 24.2125, -40.6351, 32.0508, -0.000180178, 0.00148189, -0.000926356, 
48, 148424, -19.0775, 10.4325, 32.8344, -5.71358e-05, -0.000515164, -0.00218215, 
49, 101751, 27.8667, 29.3734, -0.774771, -0.00142844, -0.00299414, 0.000597848, 
50, 113749, -13.1203, -26.631, -36.8182, 0.00154246, 0.000984167, 0.000890625, 
51, 14312.6, 11.1677, 14.0405, -31.3689, 0.000103111, 0.000528764, 0.00217337, 
52, 115787, 36.3787, -5.47469, 33.6873, -0.000817344, -6.58071e-05, -0.00175702, 
53, 10116, 39.0637, 38.7314, -20.5102, -0.00134646, -0.00119191, 0.000451651, 
54, 33789.7, 12.8565, 24.662, -14.8373, 0.00149229, -0.00187543, -0.00180452, 
55, 186460, 24.5157, 25.7742, 6.54844, -0.00144097, -0.00223628, -0.00201703, 
56, 245187, 30.7842, -25.1398, -6.44566, -0.00173498, -0.000366275, 0.00153021, 
57, 290437, -13.0137, 1.65679, 15.6748, 0.000193819, 0.000702678, -0.00094172, 
58, 80698.8, -12.1528, 9.37663, 19.2067, 5.51037e-06, -0.00102122, -0.00163783, 
59, 117814, 23.7613, 19.1385, -8.65939, -0.000314976, -0.00111024, 0.000186323, 
60, 74301.5, -26.0079, 23.4552, 13.6051, 0.00159627, -0.000888903, -0.00157381, 
61, 87026.1, 1.99079, -23.722, -35.9478, -0.000374687, 0.00306013, 0.00118009, 
62, 54123.3, 19.5773, 17.8549, -11.9542, -0.00177769, -0.00190469, 0.00290245, 
63, 142469, 10.2555, 12.4129, -30.9886, -0.000677058, -0.00192496, 0.00301089, 
64, 25240.3, 21.0045, -4.08645, 21.6284, -0.000884784, 0.000864593, -0.00175037, 
65, 84495.7, -37.6949, 13.2491, 33.2493, -0.00130961, -0.000824348, -0.00268161, 
66, 190154, 20.7201, 23.2853, -22.6776, -0.000553838, -0.00079156, 0.00131293, 
67, 106916, -15.7971, 20.6423, -7.78705, 0.000973264, -0.001059, 0.00203501, 
68, 142208, 34.5049, 13.1638, -4.21169, -0.00242977, -0.0026621, -0.000545497, 
69, 222966, -31.6332, 15.1074, 15.5477, 3.70495e-05, -0.00153413, 6.28405e-05, 
70, 23261.8, -7.20679, -23.8666, -13.1849, 0.000786784, 0.00190776, -0.00011676, 
71, 37181.8, -22.2502, 21.6305, 3.87444, 0.00062588, -0.00113912, -0.00109902, 
72, 387724, 20.05, 12.4831, 10.2166, -0.000548491, 0.000185419, -0.00113201, 
73, 94415, 27.4591, -14.324, -20.5207, -0.00345676, 7.98115e-05, 0.000507335, 
74, 92650.1, 3.18202, 21.2621, -2.87682, 0.00377553, -0.00196124, 0.00032081, 
75, 18296.3, -37.648, 7.67623, 34.9859, 0.00128658, 0.00299605, -0.000725992, 
76, 120001, -34.327, -15.4604, -2.86233, 0.00126775, 0.00101012, 0.000789277, 
77, 272530, 15.1824, -0.120986, 7.24199, -0.000221311, 0.00134109, -0.00104891, 
78, 17526.5, -24.9993, -27.1666, 30.9728, 0.00194207, -0.000498996, 4.67804e-05, 
79, 64817.7, 8.1778, -16.3753, -19.943, 0.000760311, 0.00202422, -0.000727001, 
80, 92249, 34.8935, 9.8703, 10.1606, -0.00235983, 0.000885416, -0.00129526, 
81, 18467.1, -33.3565, 10.1488, 12.3235, 0.00283256, 0.00176222, -0.000845298, 
82, 36826.6, 16.6878, 32.6369, 12.3237, 0.000310036, -0.00318049, -0.00128352, 
83, 11297.7, 32.0813, -25.3473, -1.89852, 5.38799e-06, 0.003589, 0.00120246, 
84, 79293, 12.8971, -18.2676, -32.1929, 0.000275282, 0.00382098, 0.00290042, 
85, 99758.2, 17.7007, 12.4605, 14.0822, 0.000594917, -0.000502689, -0.00330258, 
86, 23343, -27.5833, -1.07245, 18.8657, 0.00241387, 0.000705867, -0.000111078, 
87, 148233, 28.9465, 22.5854, 7.24263, -0.00401901, 2.83821e-05, 0.00183003, 
88, 11527.8, -33.3004, 11.2224, 35.2125, -0.00059455, 0.00185062, -0.00166172, 
89, 14718.3, 29.9129, 18.767, -2.59935, -0.000787548, -0.00232931, 0.00114299, 
90, 46494.3, -1.21046, 4.90036, -34.234, 0.000919103, 0.000779464, 0.00043093, 
91, 34379.9, -18.0891, -15.6698, -24.5183, 0.00126196, 0.000849304, 0.000598997, 
92, 23079.1, 24.4203, -11.4335, -1.8038, -0.000932199, 0.00081458, -0.000711023, 
93, 79660.5, -35.4475, 3.72947, 13.7518, 0.00237156, 0.00123946, -0.000280801, 
94, 77532.3, -39.3181, -34.3513, 42.4194, 0.000966956, 0.00116578, -0.000983915, 
95, 85363.6, 30.3899, 19.2176, 5.37828, -0.00192318, 0.000297475, -0.00216418, 
96, 11260.4, -12.5692, 15.3141, 17.5088, 0.000115612, -0.00181808, -0.00115475, 
97, 31876, 21.9291, 14.392, -11.562, -0.00200888, 0.000852282, 0.00163679, 
98, 49282.2, 36.5427, 12.3231, -12.2293, -0.00245909, 0.00010087, 0.0019151, 
99, 38415.4, -0.57312, 25.8046, -5.48979, 0.00121988, -0.000563828, 0.000309712, 
100, 8080.94, -22.9806, 5.62189, -14.9655, 0.00208384, 0.000347735, 0.00200895, 
101, 70282.6, 41.636, 36.4811, 35.875, -0.000701131, -0.00340297, -0.000306558, 
102, 317827, 5.47025, -28.7835, -34.793, 0.000662533, 0.0019467, 0.00131369, 
103, 237904, -41.0547, 38.2779, 16.5223, 0.00125668, -0.00176944, -0.000335664, 
104, 119615, -16.3902, 22.0289, -5.10495, 0.000651648, -0.00238601, 0.000565124, 
105, 31893.4, 6.97837, -30.277, -4.65111, 0.000264472, 0.00194461, -0.000610457, 
106, 173086, -31.0617, 14.8059, 14.6387, 0.00293097, -0.00138986, -0.00227057, 
107, 486074, -33.7565, 11.9777, 35.0912, 0.000936511, -0.00127582, -0.00169627, 
108, 40410.8, -28.2191, -22.5391, 30.1422, -0.000554118, 0.0026959, -0.00406837, 
109, 28247.2, -40.9571, 43.3331, 14.7682, 0.00108428, -0.0023264, -5.66813e-05, 
110, 23910.7, -20.8733, 27.6649, -22.6693, 0.00107601, -0.00196301, 0.00161887, 
111, 40242.6, -6.35846, -39.1765, 24.455, 0.000144764, 0.00154138, -0.000629724, 
112, 24016.7, -34.6325, 4.03504, 12.3418, 0.00170957, 6.77248e-05, 0.000576055, 
113, 129600, 9.20585, -33.3169, -20.1408, 7.98971e-05, 0.00238655, -0.000192515, 
114, 114317, 21.0268, 25.3476, 12.0867, 0.00148476, -0.00197103, -0.00172846, 
115, 174934, -35.6399, 10.2023, 35.3433, 0.00322465, 0.00215591, -0.00159594, 
116, 143212, 2.82634, 0.833085, -22.1514, 0.00282221, -0.00210746, 0.00398632, 
117, 8073.33, -33.3486, 15.3428, 27.2183, 7.22349e-05, -0.000788551, -0.000910676, 
118, 37893.5, -8.83664, 12.3755, 20.0996, -0.000711696, -0.00151932, -0.00182034, 
119, 62400.5, 21.3898, 31.3285, 20.4464, -0.000319893, -0.00195425, -0.00227038, 
120, 242481, 0.316251, 3.14677, -24.5596, 0.00115359, -3.14985e-05, 0.00175304, 
121, 220498, 12.718, -15.875, -26.8289, -0.000956904, 0.000131695, 0.00112073, 
122, 32681.3, 7.21455, 3.30827, 23.7243, 0.000164137, 0.000200625, -0.0020061, 
123, 348699, 35.2812, 17.5687, -1.73551, -0.00187701, -0.000973292, -0.00046645, 
124, 49173.7, 39.9756, -25.3805, 40.2082, -0.000518377, -0.000137736, -0.00151415, 
125, 91676.5, 19.6201, -7.96976, -21.9917, -0.00159547, -0.000352195, -0.000982076, 
126, 613.996, 36.2719, -21.3537, 1.58314, -0.00219512, -0.000326363, -0.000960622, 
127, 36070, 10.6033, -34.9915, 32.1596, 6.66905e-05, 0.00147497, -0.00103239, 
128, 60243.7, 37.9967, -8.27237, 31.9102, -0.00166883, 0.000856975, -0.000696829, 
129, 66572.3, 6.42273, -25.2128, -31.9591, 0.000703186, 0.00307211, 0.00232473, 
130, 41874.2, -32.655, 23.0336, -25.8825, 0.00128966, -0.000747979, 0.00220235, 
131, 116662, -34.9654, 7.90693, 15.7156, 0.00228047, 0.000388421, -0.000294301, 
132, 109779, -10.0088, -6.38793, 30.9109, 0.000164736, 0.000454987, -0.00174945, 
133, 456997, -24.9571, 13.1052, -4.50831, 0.00187382, -0.000298521, 0.000451523, 
134, 2780.32, 3.5266, 25.2806, -3.82598, 0.00231761, -0.00417067, 0.00105579, 
135, 102119, 4.8397, -4.89219, -21.5939, 0.00265029, -0.00175847, 0.00216808, 
136, 164662, -26.5854, 3.79384, -19.2858, 0.00178324, 0.00012242, 0.00158287, 
137, 84084.3, 21.178, 23.4278, -21.5051, -0.00204397, -0.00394761, 0.00309997, 
138, 245299, -33.2192, -14.102, -10.2652, 0.00168512, 0.00103325, 0.000606907, 
139, 102038, -5.74044, -9.62111, 36.05, -0.000267623, 0.000850162, -0.00229796, 
140, 146704, -26.5582, -22.4346, 36.3196, 0.000845988, 0.000655986, -0.00117547, 
141, 170925, 41.6084, 35.5676, 36.0329, -0.00104118, 0.000147832, -0.00150564, 
142, 107951, 29.1711, -12.6096, -20.0212, -0.00211477, 0.00105042, 0.000930204, 
143, 64717.1, -6.13603, -14.5352, 0.628769, -6.94643e-05, 0.00155519, -1.79877e-05, 
144, 28582.1, 15.9311, 27.7821, 9.39494, 0.000111727, -0.00176727, -0.00177224, 
145, 18763.1, -40.3504, -22.1053, -27.5021, 0.00157769, 0.000851636, 0.00102079, 
146, 44368.5, 3.14284, 28.0568, -10.2902, 0.000208622, -0.00259677, 0.00186027, 
147, 247503, 2.43868, 1.29844, -23.675, 0.00112596, 0.000692419, 0.000765766, 
148, 54470.7, -11.3614, -10.6541, 24.2814, 2.25531e-05, 0.00175149, -0.00113527, 
149, 158577, 18.6326, 19.3109, -11.459, -5.94544e-05, -0.00109115, -0.000115275, 
150, 59031.2, 13.8275, -3.49214, 13.4809, -0.000460784, 0.000854427, -0.000297546, 
151, 120654, 18.0613, -12.7115, -26.7574, -0.00250975, -8.15182e-06, -6.41479e-05, 
152, 33810.4, 21.8595, 26.8661, -26.5594, -0.00121143, -0.00241496, 0.00235131, 
153, 52884.6, -14.1414, 7.16328, 15.6313, -0.000239125, 0.00284696, -0.000802228, 
154, 76725.2, 44.1032, -33.5014, 42.9847, -0.000936055, 0.00100279, -0.00137367, 
155, 2384.17, -33.9293, -11.5715, -8.96098, 0.00103391, 0.00306733, 0.00123957, 
156, 54252.8, 1.08473, -6.9728, -26.0618, 0.00214034, -0.00339614, 0.00184007, 
157, 18995.8, 36.7683, 18.0927, -2.08313, -0.0024813, 0.00262037, 0.0013264, 
158, 133837, -20.7484, 0.833934, -6.39627, 0.000881222, 0.00101287, 0.000369531, 
159, 166899, 18.7497, -14.5004, -28.78, -0.00145073, 0.000800015, 0.00247128, 
160, 192252, 34.3952, 15.2156, -3.33349, -0.0029516, 0.00136978, 0.000646507, 
161, 17027.9, -19.5494, 9.83238, 32.9934, -0.00289219, -6.48443e-05, -0.000746512, 
162, 130287, -39.35, -12.4138, 34.9616, 0.00156655, 0.000701361, -0.00112296, 
163, 72430.1, 12.0821, -9.04724, -21.1039, -0.000230097, 0.00147212, -0.000956863, 
164, 60583, -19.3452, 5.78782, 1.26282, 0.000557493, 0.000520711, -0.000439718, 
165, 38146.6, -29.5297, 34.5168, 7.52739, 0.000613148, -0.00222669, -0.000585216, 
166, 1307.56, -31.951, -12.9248, 38.0808, 0.000658263, 0.000360652, -0.00198809, 
167, 124087, -3.59716, 20.3615, -4.76079, 0.00136134, -0.000545121, 0.000722217, 
168, 30066.1, 5.08117, 22.8538, -2.82279, -0.0002182, -0.00281502, -0.000320255, 
169, 177463, -19.42, 25.0194, -1.24736, 0.00117129, -0.00256279, -0.00060692, 
170, 1123.4, 20.9975, -32.3342, -12.3074, -0.000128525, 0.00255733, 4.36569e-05, 
171, 71647.5, 39.6979, 37.2766, -13.6001, -0.00161364, -0.00173204, 0.000511167, 
172, 73299.5, 13.6921, 4.13387, 23.435, -0.000480108, 0.000347395, -0.00232986, 
173, 120519, 9.7028, -18.9566, -34.1588, -0.000301358, -3.97176e-05, 0.000993261, 
174, 243541, -16.7999, -23.054, -31.8564, 0.00111718, 0.00134602, 0.00156542, 
175, 232847, 2.83325, 20.8086, -2.98613, -0.00152525, -0.000785033, -0.000355295, 
176, 50296.6, -30.5901, -1.92082, -1.9785, 0.00198369, 0.000528191, 2.37893e-05, 
177, 17627.5, 1.40479, 2.69919, -15.142, 0.00138029, -0.000253542, 0.00377678, 
178, 115556, 8.14975, 3.18277, -22.2052, -0.00150465, 0.000695325, -0.000543222, 
179, 21083.5, -18.7534, 26.0406, -22.4138, 0.000524994, -0.00129485, 0.00190363, 
180, 120384, 11.4104, 16.3169, -34.9017, -7.27858e-05, -0.000998365, 0.00204825, 
181, 104093, -9.17091, -14.9685, 3.32999, 0.000568401, 0.00183952, -0.000308891, 
182, 90014.4, 9.80088, 6.29511, -21.9279, 0.00191184, -0.000257528, 0.00199829, 
183, 39510.6, -30.0392, -10.9759, -14.6225, 0.00143277, 0.000252343, 0.00171037, 
184, 37719.2, -30.0853, -21.1718, -11.8317, 0.000791389, 0.0023386, 0.000449702, 
185, 182373, 4.17383, 25.7853, -2.71178, -0.000404927, -0.00305991, -0.000316341, 
186, 153608, 10.6046, -18.4111, -29.8938, -0.000713188, -0.000396024, 0.0026163, 
187, 201002, 19.0729, -23.221, 28.8054, -0.000248161, 0.0010439, -0.00124722, 
188, 658.569, 33.4112, -8.89471, 33.9573, -6.64345e-05, 0.000950771, -0.00163528, 
189, 143642, -26.7337, -23.9621, 33.0959, 0.000536536, 0.00154609, 0.000191935, 
190, 250454, -32.9376, 23.7342, -17.9205, 0.00179761, -0.00121546, 0.00111556, 
191, 55591.1, 18.5454, 26.3156, 8.12354, 0.000739458, -0.00183878, -0.00233149, 
192, 141084, 25.4996, -21.7244, -13.9594, -0.000410547, 0.00173765, 0.000513914, 
193, 52387.2, 22.5174, -12.2355, -26.3906, -0.00126892, 0.00086147, 0.00240384, 
194, 39745, 40.3301, -30.2132, 33.128, -0.000772582, 0.000362688, -0.000796586, 
195, 89443.4, 26.5466, 9.56306, 0.55179, -0.00113493, 0.00125456, -0.000173971, 
196, 196180, 21.1935, 23.6193, -15.4122, -0.000999881, -0.00162235, 0.00207084, 
197, 56906.6, -14.4842, 17.3373, -8.84525, 0.00065521, -0.000257644, 0.00165011, 
198, 249087, 36.1311, -27.5724, 0.721845, -0.00138288, 0.00155846, -0.00132198, 
199, 137680, -32.3726, 21.2384, 24.4897, 0.000920434, -0.000597158, 0.000809868, 
