ID, Mass [kg], pos_0 [m], pos_1 [m], pos_2 [m], vel_0 [m/s], vel_1 [m/s], vel_2 [m/s], 
0, 5682.38, 0.926153, -3.87083, -0.964938, 0.00635084, 0.00141, -0.00235645, 
1, 51291.5, 7.63236, 13.3477, -8.81431, -0.00328228, -0.00330204, 0.00279316, 
2, 73779.3, -2.47434, -2.01897, 1.10339, 0.00106731, 0.00510265, -0.00655745, 
3, 9731.99, -2.26771, -2.20616, -6.1768, 0.00550202, -0.0061845, 0.00614207, 
4, 104587, -1.13693, 1.15051, 0.961056, -0.00511214, -0.00664771, 0.00176956, 
5, 42215, -3.72298, 1.67309, -2.85594, 0.00358387, 0.00346178, 0.00606102, 
6, 57220.4, -7.54105, 6.39888, 4.77369, 0.00724716, -0.0100012, -0.000584798, 
7, 44855.5, -0.272239, 0.880098, -1.36301, -0.00144917, -0.00260741, 0.0059945, 
8, 276797, -4.93114, 6.6756, -3.49943, 0.00292474, -0.00248576, 0.00771978, 
9, 2643.18, -3.23147, 0.477514, -1.31209, -4.67846e-05, -0.000503049, 0.00710136, 
10, 33961.7, -9.36054, 3.94398, 4.79989, 0.00188501, -0.00322319, -0.00283437, 
11, 8691.35, 1.54344, -7.8911, 3.56422, -0.00620713, 0.00680679, -0.000394375, 
12, 141682, -4.08375, -0.950562, 1.99626, -0.00227738, -0.00172795, 0.000850134, 
13, 288611, -1.24193, -1.54781, 1.06953, 0.00933428, 0.00253711, 0.0042215, 
14, 512847, -6.85082, 4.80519, 4.14733, 0.00496688, -0.00737876, -0.00825794, 
15, 15651.7, -0.350764, 0.0952054, 2.65982, 0.000465786, 0.000374375, 0.00219322, 
16, 182451, -1.57602, 6.9477, -8.41679, -0.00295843, -0.00469885, 0.00594169, 
17, 62197.8, -3.30042, 8.68476, -2.02919, 0.00417427, 0.000904859, 0.00288059, 
18, 185440, 0.106049, -1.71783, 5.28769, 0.00420617, 0.00613358, 0.000945053, 
19, 36701.4, -9.72664, -5.89363, 8.65525, 0.00446327, 0.0039309, -0.00461602, 
20, 106936, 7.05395, 9.62196, -1.6464, -0.00509409, -0.00487758, 0.00128222, 
21, 161838, -2.74224, -3.50002, 3.70884, -0.0037226, 0.00254568, -0.00285317, 
22, 144875, -3.66453, -0.331718, -0.506259, -0.00967832, 0.0074977, -0.00785245, 
23, 100936, -6.56003, 0.180815, -4.65107, 0.000803909, -0.00701056, 0.00373888, 
24, 95186.1, -6.53552, -5.84086, -6.63162, 0.00207219, 0.00569681, 0.00684736, 
25, 151808, -3.38422, 10.017, -8.72813, -0.00219925, -0.00505427, 0.00513231, 
26, 118354, -6.79513, 3.53005, -3.63333, 0.00349211, -0.00346978, 0.00706846, 
27, 149234, -4.52015, 0.079204, 0.249954, 0.00538971, 0.00576682, 0.00611591, 
28, 9985.68, -1.83741, -0.550099, 1.48123, 0.00710354, -0.00667268, 0.000497167, 
29, 180895, -4.62206, -2.29877, 0.260745, -0.00858689, 0.00770878, -0.00802473, 
30, 486.041, -0.534119, -5.01916, 3.75443, -0.0087324, 0.00612195, -0.00237977, 
31, 70262.9, -2.85888, -3.52882, -1.53958, -0.00138412, 0.0094903, 0.00723961, 
32, 45902.1, -2.17589, 1.47713, 0.216098, -0.000573873, 0.00011742, 0.00728465, 
33, 24444.7, 0.210539, -1.00293, -0.443423, -0.00430235, 0.00100847, 0.0064231, 
34, 65679.9, -6.38432, 2.72694, 2.73372, 0.00837093, 0.00289416, -0.00454977, 
35, 3309.29, -1.2992, -1.40559, 1.50793, 0.0127041, 0.00205822, -0.000611603, 
36, 8280.38, 7.55178, -6.933, -1.79717, -0.00552401, 0.00347458, 0.00252104, 
37, 94538.9, -0.045092, 0.247969, 2.87612, 0.000992656, 0.00173394, -0.00590833, 
38, 30213.7, -7.81444, 3.56277, 4.64433, -0.000675709, 0.000967727, -0.00357662, 
39, 53471.9, -0.596572, 6.66987, 1.74248, -0.00371831, -0.00873002, 0.00523977, 
40, 43100.3, 6.40509, -5.17449, 6.86634, -0.00870317, 0.000818864, -0.0040435, 
41, 44746.6, -5.49713, -0.197129, -5.95582, 0.003431, -0.00801033, 0.00500123, 
42, 34053.9, -5.7798, 0.801658, -7.14447, 0.00241758, -0.00423727, -0.00245098, 
43, 54380.2, -0.401295, -0.886012, 0.254689, -0.00764062, 0.000891597, 0.00798872, 
44, 38723.2, -8.32661, 6.84819, 2.85665, 0.000677739, -0.00268041, -0.00297864, 
45, 2321.23, -2.02524, -0.938287, 0.109598, 0.00802908, 0.000836881, 0.00638207, 
46, 241169, 0.43303, 4.44779, -0.865165, -0.00404553, -0.00810963, 0.002413, 
47, 344827, -0.581247, -0.064817, -0.933937, -0.00646816, 0.000737973, 0.00788653, 
48, 39271.1, -1.21309, -2.20288, 0.764658, -0.00720962, -0.00843571, -0.00378856, 
49, 19687.8, 9.78266, -9.17085, -0.822097, -0.0049821, 0.00344256, 0.00155825, 
50, 61216.8, -6.33972, 0.0293083, 4.96153, -0.00312735, 0.00732608, -0.00177528, 
51, 19182.2, 5.78953, -5.30492, 7.95882, -0.00476138, -0.000335678, -0.00125077, 
52, 12420.5, -3.54978, -3.29512, 1.22012, -0.00266426, 0.00636301, -0.00172308, 
53, 85447.4, 7.33168, 4.29137, 8.45374, -0.00522454, -0.00175453, -0.00383611, 
54, 361436, -6.37348, 3.79048, 4.45521, 1.04561e-05, -0.00303766, -0.00255842, 
55, 158926, -5.38966, 3.28106, 7.77136, 0.00266139, -0.00410027, -0.000463317, 
56, 49282.6, 6.41262, -5.08857, 6.64281, -0.00403609, -0.000427825, -0.00115101, 
57, 218355, 1.04614, 1.92837, 2.95552, -0.00489638, -0.00574756, -0.00579662, 
58, 22371.5, -9.24842, 6.40895, 7.74839, 0.00791428, -0.0039486, -0.00319589, 
59, 55919.9, 2.81702, -5.81834, 3.12583, -0.00490392, 0.00688326, -0.00162515, 
60, 21598.8, -0.328097, -2.78926, 0.349594, -0.00631649, 0.0109113, -0.00900629, 
61, 398.952, -1.28721, -0.377551, 3.6806, -0.00194169, 0.00325451, 0.00197735, 
62, 1108.92, -5.42887, 7.16942, -6.05063, 0.00444893, -0.00533874, 0.00120592, 
63, 108555, 0.761347, -2.28818, 2.90306, 0.00986269, 0.00552597, 0.00421776, 
64, 244863, -5.11671, 2.20527, -7.1772, 0.0014747, -0.00186761, 0.00770739, 
65, 220694, 6.60775, -4.82698, 6.98679, -0.00623448, 0.00277595, -0.00259327, 
66, 61700, 1.2735, -7.59015, -6.67283, -0.00297374, 0.00471162, 0.00495743, 
67, 55388.9, 12.5204, -6.11803, -10.9997, -0.00348549, 0.00178976, 0.00279056, 
68, 211156, 0.44541, -1.34139, 1.96211, -0.000227234, 0.00175227, -0.000510752, 
69, 12720.6, -5.7717, 1.13066, -4.85224, 0.00624278, 0.00818381, 0.00558508, 
70, 25096, -3.9951, -0.0278537, 1.87018, 0.00804006, -0.00177251, -0.00761789, 
71, 179870, -2.39062, -5.02287, 4.28535, -0.00177416, -0.000421955, 0.00105781, 
72, 79123.8, 5.1466, 4.88703, -0.176063, -0.00741552, -0.00461421, 0.00135124, 
73, 110870, -5.04617, 3.51314, 3.50339, 0.00363601, -0.00478491, -0.00681176, 
74, 43359.1, -8.72322, -3.71716, -3.14844, 0.00590498, -0.0060436, 0.00886456, 
75, 140124, 0.966309, -2.94462, 0.265181, 0.00176106, 0.00632183, -0.00179634, 
76, 229268, 2.38546, -5.80572, 3.57761, -0.00698131, 0.00746164, -0.000303756, 
77, 302149, -6.46239, 0.768215, 5.78189, 0.00706889, 0.00216108, -0.00680806, 
78, 100708, 3.22648, -0.62182, 2.83889, 0.00446243, 0.0049003, -0.00239905, 
79, 46633.4, -1.40235, -0.474927, 3.08099, -0.00141319, 0.00517263, -0.00230826, 
80, 143926, 1.11952, -3.22443, -0.134793, 0.00291356, 0.00291202, -0.0060992, 
81, 270.261, 5.14632, -0.0599673, -5.37417, -0.00571773, 0.000998224, 0.00612518, 
82, 159650, -3.65121, 0.58486, 0.541776, 0.00208316, 0.00498331, -0.00283851, 
83, 24756, 0.98812, 2.77359, 2.05036, -0.00483269, -0.00813323, -0.00764694, 
84, 18375.3, -5.87477, -4.72479, 1.24003, -0.00407838, 0.00725504, -0.00180663, 
85, 491877, -9.19626, 6.63857, 7.27229, 0.00296581, -0.0013781, -0.00417971, 
86, 194807, -7.67822, 3.13994, 2.8824, 0.00303396, -0.00302933, -0.00432131, 
87, 8649.23, -10.8957, 1.78951, -5.83614, -0.00124332, -0.00229159, 0.00174791, 
88, 138901, -7.20922, -1.1237, -1.40908, -0.00241349, 0.00803042, -0.00552314, 
89, 50202.9, -0.0915488, 2.00048, 3.24673, -0.00437026, -0.00687194, -0.00167796, 
90, 98321.9, -3.77664, -1.89989, 1.79314, -0.000137901, 0.0107107, -0.00871069, 
91, 384069, -3.84707, 0.373902, -0.847577, 0.0012963, 0.00843574, -0.00335731, 
92, 81279.9, -4.73802, 4.95511, -4.50901, 0.00502974, 0.00716531, 0.00322142, 
93, 91375.2, -0.778441, 1.66652, -3.29331, -0.00618193, 0.000717482, 0.00560491, 
94, 5476.7, 1.50105, 2.71951, 1.84385, 0.00318576, 0.00947076, -1.24842e-05, 
95, 33452.5, -2.81018, -5.04177, -0.654647, -0.00370716, -0.00375898, -0.00379497, 
96, 25752.1, 13.7373, 12.1447, 11.5743, -0.00295835, -0.00306438, -0.00243445, 
97, 200797, -0.764379, 0.167273, -2.57844, -0.0114199, 0.000760002, 0.00665509, 
98, 298981, -2.04234, -0.943576, 1.45661, -0.00330672, 0.00518653, -0.0100905, 
99, 93146, -0.451589, 2.98939, 0.185126, -0.00463208, -0.00959887, 0.00219332, 
100, 8612.85, 5.25655, -4.90865, 5.48181, -0.0058035, 0.00554454, -0.00162672, 
101, 24343.5, -5.97212, 0.1993, -2.44937, 0.00201568, -0.00647163, -0.00184485, 
102, 10296.7, -2.9821, -1.40133, 1.85515, -0.0103321, 0.00964624, -0.0122454, 
103, 15719.8, -4.25517, 7.67241, -4.50762, 0.00573724, -0.00303159, 0.000601567, 
104, 230040, -6.22992, 0.454874, -4.39238, 0.00739036, -0.00521815, 0.00857296, 
105, 17846.1, 0.19903, -3.39295, 1.23775, 0.00554072, -0.000906521, -0.00515314, 
106, 22216.6, -1.64994, -2.19391, 1.1143, 0.000390104, 0.00587852, -0.00669989, 
107, 98486.7, -5.49385, 3.64283, -5.9781, 0.00694736, -0.00698151, 0.00293053, 
108, 214214, 8.3558, 6.23893, 9.3568, -0.00494068, -0.00169725, -0.00183426, 
109, 131614, -4.142, 1.46883, -2.67618, 0.00527349, 0.00702282, 0.00518581, 
110, 160023, 0.265913, -1.06478, 1.8551, -0.00146704, 0.000104124, -0.00479083, 
111, 115735, -2.73136, -1.3787, 2.65761, -7.17538e-06, 0.000631696, 0.00192649, 
112, 378585, -8.63337, 6.94564, 5.63671, 0.00569018, -0.00830694, 0.000644642, 
113, 83295.8, 1.38426, 4.34992, 5.03586, -0.00260403, -0.00554872, -0.0053893, 
114, 148827, 3.68526, 3.55711, -1.03348, -0.00794883, -0.00178705, 0.00252657, 
115, 285284, -5.98379, 6.49783, -8.61789, 0.00359694, -0.00034706, 0.00193308, 
116, 515864, -3.06612, -1.85796, 3.05318, 0.00404684, 0.00915546, -0.00354467, 
117, 88363.5, -6.28446, -3.16884, -5.44042, 0.00239987, 0.00721754, 0.00548421, 
118, 155064, -11.0062, 2.19859, -5.20692, -0.00346913, -0.00462257, 0.00455867, 
119, 18098.3, -4.90755, -0.91187, 0.858643, -0.00102137, 0.00631683, -0.00133069, 
120, 34391.6, -8.96254, 6.62339, 8.89486, 0.00354313, -0.00256678, -0.00313646, 
121, 78154, 1.16129, -3.33238, 1.6912, 0.0045774, 0.00856019, 0.0021277, 
122, 10497, -1.05861, 0.451358, -2.75553, -0.0072691, -0.00100651, 0.00517152, 
123, 59058.1, -3.94756, -3.37548, 2.81453, -0.00168908, -0.00736245, 0.00100925, 
124, 5646.35, -3.35417, -2.72914, -1.06579, -0.00721503, 0.00499409, -0.00746722, 
125, 103346, -6.4683, 4.74318, 2.97229, 0.00401238, -0.00727593, -0.00296261, 
126, 64702.5, 10.6871, 4.93446, 1.74205, -0.00530126, -0.00157434, -0.00415622, 
127, 199056, 1.17541, -1.82838, 0.929365, -0.00136353, 0.00850072, -0.00102816, 
128, 192649, -2.55403, -0.479609, -0.87017, -0.00287868, -0.000207602, 0.00810044, 
129, 1707.71, -0.698699, 0.687873, 2.72152, -0.00624529, -0.00840704, -0.00229513, 
130, 19869.9, -3.89924, 5.24792, 1.74232, 0.00484633, -0.00476319, -0.00656647, 
131, 143979, 0.0770734, 5.63207, -0.801813, -0.000981133, -0.00381246, -0.000248374, 
132, 37850.6, 7.56256, -7.89444, 9.47293, -0.0030044, 0.00441739, -0.00470252, 
133, 50031.5, -7.78107, 2.53104, 4.20654, 0.00742232, -0.00809405, -0.0087776, 
134, 369068, 7.07951, 4.61844, 4.59665, -0.00582417, -0.00236285, -0.0028702, 
135, 3806.98, -5.03906, 5.15996, -4.51833, 0.00091453, 0.00693933, 0.00597416, 
136, 64591.7, -5.91423, -2.5495, 5.10186, -0.00366766, 0.00318354, 0.00104895, 
137, 1688.15, 1.59445, -0.251636, 2.62498, 0.00491455, 0.0108375, -0.00322504, 
138, 439943, -5.896, -0.526591, -2.46338, 0.00620146, -0.003106, 0.00601791, 
139, 72054.1, -0.942966, -0.41172, 3.53004, -0.00234437, 0.00539281, 0.000451343, 
140, 10511.3, -5.80966, 5.29869, -6.05063, 0.00287031, -0.000584002, -0.000297137, 
141, 28560.6, -5.70857, 0.15119, -2.6723, 0.00630305, 0.00840555, 0.00896212, 
142, 92270.6, -4.74009, -1.63871, -2.69867, 0.00209881, 0.00928838, 0.00759584, 
143, 57507.6, 8.29567, -0.765021, -8.52984, -0.00486614, 0.00059566, 0.00437563, 
144, 106955, 0.792164, 5.45293, -3.40662, -0.00198215, -0.00440168, -0.00155019, 
145, 53021.1, -3.05399, -1.52136, 0.76527, 0.00381138, 0.00106512, -0.00776039, 
146, 127593, -3.06265, -0.468938, 2.22585, 0.00521961, -0.00668095, -0.00193077, 
147, 31386.3, 0.49781, 0.88795, 1.95336, -0.00291934, 0.00630147, -0.000538481, 
148, 89613.6, -2.93991, -0.97204, 3.60837, -0.00801487, 0.0119943, 0.00513031, 
149, 251415, -6.04683, 4.3803, -7.52242, 0.00233272, -0.00228131, 0.00551933, 
150, 55890.6, 0.719895, -2.81267, 1.23266, 0.00852229, 0.0091584, -0.0012077, 
151, 174949, -6.29857, 1.16097, -4.46556, 0.00171992, -0.00192367, 0.00824013, 
152, 66072.8, -7.09573, 6.53579, 0.99658, 0.00223801, -0.00197205, -0.00541748, 
153, 19075.8, -2.24453, -6.04728, -1.33231, -0.00101332, 0.00857889, 0.00568963, 
154, 47261.5, -1.56683, -3.43305, 4.26462, 0.00142897, 0.00128454, 0.00365884, 
155, 102102, -0.830325, 0.00141114, 1.84723, -0.0042447, 0.00388486, -0.0033393, 
156, 5375.03, -0.0662186, 0.541046, 1.17589, 0.00635807, 0.00653105, -0.00648124, 
157, 3761.7, -5.2294, -2.79417, 5.69497, -0.00265563, 0.00165697, 9.90096e-05, 
158, 7652.65, -0.648074, 3.48108, 3.89251, -0.00666741, -0.00455915, -0.00508466, 
159, 47070.1, 0.0868867, -0.6182, 0.474284, -0.000119573, 0.0079366, 0.00174719, 
160, 17972.9, -7.77024, 0.178458, -1.12918, 0.0036802, -0.000354698, 0.00914859, 
161, 218629, -6.26526, 4.00966, -4.37478, 0.00259912, 0.0029678, 0.00303624, 
162, 138887, -3.27749, 2.14433, 2.6578, -0.00368146, 0.00532746, -0.00378262, 
163, 33277.3, -0.334098, -0.394468, 0.905878, -0.00804891, -0.00230345, 0.0108372, 
164, 167891, -3.58015, -3.65593, -0.278212, -0.00355043, 0.00135517, -0.00267718, 
165, 62570.5, 0.0307599, 11.8621, 1.29274, -0.00228276, -0.00562832, 0.00105432, 
166, 38130.4, -2.14311, -7.7273, -6.97517, -0.00108456, 0.00539556, 0.0055902, 
167, 22403.8, -6.45273, 3.51172, -5.61794, 0.00384367, -0.000505416, 0.000766817, 
168, 1479.59, -6.65944, 4.24778, 7.80095, 0.000669445, -0.00539742, 0.00161811, 
169, 20399.9, -5.82406, 3.50553, -9.95575, 0.0052806, 0.00240245, 0.00548735, 
170, 115854, -2.14355, -1.9936, 0.908861, 0.00142748, -0.000533748, -0.00926512, 
171, 27762.9, -2.62134, -1.85704, 0.494901, -0.00746364, 0.0137184, -0.0077826, 
172, 250928, 0.756557, 5.36192, -2.87401, -0.00421596, -0.00758823, 0.0022031, 
173, 74469.2, 9.90403, 0.27443, 6.0164, -0.00376555, -0.00500905, -0.00259974, 
174, 143481, 9.65557, -6.12057, 8.1285, -0.00550434, 0.00339207, -0.00413683, 
175, 27145.1, -1.2407, 0.00773442, 2.72881, -0.00512807, 0.00590961, -0.00379355, 
176, 32620.6, -3.41302, -4.50607, -0.631132, -0.00625238, -0.00350132, -0.00649692, 
177, 52575.7, -7.5009, 8.07678, -8.24092, 0.00162374, -0.000217969, 0.0020786, 
178, 19746.4, -3.2904, -4.42505, 5.02107, -0.00353586, 0.00628636, -0.00688913, 
179, 33623.1, 5.33784, 5.1163, 4.80428, -0.00794165, -0.00269491, -0.00112364, 
180, 50349.8, 5.28518, 6.22046, 7.08415, -0.00590606, -0.00114764, -0.00411933, 
181, 89376.8, 3.85344, 3.69389, 1.57587, -0.00768778, -0.00186507, 0.00101289, 
182, 42160.2, -6.21996, 2.22213, -8.72308, 0.00387006, -0.00223604, -0.000824644, 
183, 100544, -5.59317, -0.994291, -0.732968, 0.00818561, -0.00170114, 0.00557383, 
184, 1446.88, -2.67865, -2.06526, -0.474565, 0.000376498, 0.0099251, 0.00806861, 
185, 119694, -6.70713, 1.21442, -2.02491, 0.00326443, 0.0043652, 0.00342152, 
186, 120999, 1.8442, 0.622852, 3.50134, 0.00741266, 0.00996604, -0.000326193, 
187, 52698.3, -4.32768, -1.84959, -0.246487, 0.000349709, 0.00802821, -0.0056077, 
188, 105467, -4.38111, -1.85963, 4.10036, -0.00633599, 0.0038493, 0.00428351, 
189, 99748.4, -7.40524, 7.99305, -4.41271, 0.0051223, 0.00118927, 0.00251101, 
190, 77133, -1.57674, -1.04091, 3.03612, 0.00222753, 0.00751758, -0.00342456, 
191, 178804, -4.96526, -1.39408, -3.56135, 0.00553491, -0.00754421, 0.00860374, 
192, 8685.6, -4.61153, -3.46702, 2.77426, -0.00227658, 0.0063138, -0.000845609, 
193, 256954, -2.94227, -4.64316, 1.41054, -0.0026997, -0.00508152, -0.00634302, 
194, 53540.6, -4.3893, 1.43081, 4.64144, -0.00433163, 0.00894237, 0.000208983, 
195, 220652, -4.43646, 2.06297, -4.65125, 0.00577875, -0.00374112, 0.00524119, 
196, 10258.1, -0.0648112, 6.58803, -1.18751, -0.00818806, -0.00781307, 0.00210378, 
197, 6083.3, -4.84082, 6.6037, -4.9819, 0.00984502, -0.00139886, 0.00312799, 
198, 127562, -3.82286, -4.72063, 1.75011, -0.00538361, -0.00204648, 0.00198278, 
199, 34766.2, 7.21459, 5.01726, 5.85213, -0.00771194, -0.00452824, -0.0048487, 
