ID, Mass [kg], pos_0 [m], pos_1 [m], pos_2 [m], vel_0 [m/s], vel_1 [m/s], vel_2 [m/s], 
0, 5682.38, -6.65881, -2.85523, 10.2044, 0.00140445, 0.000427994, -0.00567433, 
1, 51291.5, 11.623, 17.2288, -12.1823, -0.00189613, -0.00178107, 0.00158281, 
2, 73779.3, -0.909269, -7.64807, 3.52825, -0.000395939, 0.00412936, 0.00109582, 
3, 9731.99, -12.3257, 9.89652, -8.64451, 0.00378209, -0.0052292, -0.000373522, 
4, 104587, 3.56436, 6.98199, -1.54762, -0.00138996, -0.00326915, 0.00155813, 
5, 42215, -12.3005, -3.13052, -8.68384, 0.00494545, 0.00177277, 0.00239317, 
6, 57220.4, -15.5815, 15.186, 6.0746, 0.00174534, -0.00285753, 0.000622283, 
7, 44855.5, -0.528741, -1.00643, -7.13926, -0.000174881, 0.00241541, 0.00265707, 
8, 276797, -10.6689, 2.7197, -10.7429, 0.00302088, 0.00373031, -0.00196728, 
9, 2643.18, -3.32372, -1.03498, -7.16466, -4.8076e-05, 0.000891179, 0.00223898, 
10, 33961.7, -6.22009, 7.56773, 8.24985, -0.00047012, -0.000879542, -0.00201715, 
11, 8691.35, 10.0083, -12.0085, 3.40062, -0.00382542, 0.00126468, 0.000149368, 
12, 141682, 0.0805359, -7.36908, 4.71914, 0.00263492, 0.00610285, -0.00436216, 
13, 288611, -11.6121, -4.30745, 0.434013, 0.00392378, 0.00141803, -0.000178084, 
14, 512847, -13.6602, 10.3164, 13.3753, 0.00321924, -0.00130393, -0.00344887, 
15, 15651.7, -4.06363, -10.4478, 6.63796, 0.00191918, 0.0053908, -0.0051817, 
16, 182451, 1.24872, 12.4411, -14.6785, -0.000912326, -0.00282159, 0.00265857, 
17, 62197.8, -10.4633, 2.25079, -8.66367, 0.0046261, 0.00455027, 0.00815723, 
18, 185440, -6.1611, -6.55121, -1.51702, 0.00197875, 0.00182145, 0.00196066, 
19, 36701.4, -14.7263, -10.2297, 13.8472, 0.00220805, 0.00190888, -0.00232129, 
20, 106936, 12.8257, 15.1025, -3.05153, -0.00257701, -0.00243574, 0.000613068, 
21, 161838, -1.52479, -1.44793, 0.418042, 0.000695192, -0.000454164, 0.00166194, 
22, 144875, 2.72476, -9.3237, 11.7821, -0.000992601, 0.00378112, -0.00479655, 
23, 100936, -10.2358, 6.08003, -11.9506, 0.0014064, 0.00180825, 0.00222219, 
24, 95186.1, -8.53146, -11.6205, -14.3759, 0.000773449, 0.00235642, 0.00346555, 
25, 151808, -0.227179, 14.6873, -14.4974, -0.00189807, -0.00137303, 0.00262128, 
26, 118354, -10.4424, 6.70502, -9.99303, 0.00450951, -0.00544871, -0.000547151, 
27, 149234, -6.41488, -6.91575, -6.09563, 0.000278103, 0.00286527, 0.00246219, 
28, 9985.68, -10.4391, 2.33479, 1.86478, 0.00351869, -0.000624218, -0.000541782, 
29, 180895, 5.7516, -4.01397, 9.89239, -0.00317186, -0.00024891, -0.00359419, 
30, 486.041, 8.88588, -9.05108, 4.41209, -0.00386418, 0.00130095, 0.000166106, 
31, 70262.9, -1.16017, -12.405, -7.65613, -0.000780078, 0.00378693, 0.00223443, 
32, 45902.1, -1.08078, -2.98255, -8.42811, -0.00105771, 0.00232673, 0.00386069, 
33, 24444.7, 2.50118, 0.515883, -8.37186, -0.000971265, -0.00107213, 0.00430564, 
34, 65679.9, -14.5393, -0.182603, 9.68883, 0.0029242, 0.00158764, -0.00423549, 
35, 3309.29, -11.0961, -4.2357, -0.364956, 0.00223845, 0.00107833, 0.00225736, 
36, 8280.38, 13.7495, -10.6992, -4.71009, -0.00276292, 0.00164857, 0.0013144, 
37, 94538.9, -3.82103, -10.7631, 2.41425, 0.000614397, 0.00616592, -0.00105562, 
38, 30213.7, -4.2776, 5.77599, 6.46, -0.00162449, -0.00198488, -0.000230791, 
39, 53471.9, 4.54764, 13.3072, -6.70819, -0.00284882, -0.000888536, 0.00331314, 
40, 43100.3, 14.5481, -6.701, 9.92839, -0.00218277, 0.00199037, -0.000355952, 
41, 44746.6, -11.2066, 7.76648, -9.85869, 0.00103019, 0.00139082, 0.00489418, 
42, 34053.9, -10.6259, 6.72075, -2.71391, 0.00252689, -0.00245398, -0.000761413, 
43, 54380.2, 5.01843, 0.267208, -9.84872, -0.00246055, -0.000188044, 0.00327801, 
44, 38723.2, -7.33086, 5.29732, 9.92165, -2.77631e-05, 0.00104704, -0.00376596, 
45, 2321.23, -12.685, -2.98452, -3.37689, 0.00471059, 0.00128952, 0.000974997, 
46, 241169, 4.15043, 13.2861, -3.83472, -0.00160527, -0.00393578, 0.000532443, 
47, 344827, 5.54338, -0.54703, -8.45331, -0.00248341, -7.04674e-05, 0.00301922, 
48, 39271.1, 3.71662, 7.26497, 8.32481, -0.00221707, -0.00493467, -0.00442045, 
49, 19687.8, 15.6225, -13.0481, -2.73205, -0.00267795, 0.00172696, 0.000897721, 
50, 61216.8, 1.9368, -8.87296, 0.160689, -0.00273508, 0.00309356, 0.00294308, 
51, 19182.2, 13.1471, -4.64315, 6.95069, -0.00359003, -7.75193e-05, 0.000681953, 
52, 12420.5, -0.657212, -1.23046, 6.68721, 0.000453819, -0.00128201, -0.00287671, 
53, 85447.4, 14.0905, 7.98973, 10.1336, -0.0031841, -0.00155327, 0.00310874, 
54, 361436, -9.73114, 8.54451, 8.85071, 0.00399121, -0.00474158, -0.00378401, 
55, 158926, -9.77126, 8.64152, 3.88453, 0.0019509, -0.00242485, 0.00143952, 
56, 49282.6, 12.3027, -5.09059, 9.06922, -0.00307298, 0.000588876, -0.00109449, 
57, 218355, 4.68416, 7.93095, 8.74398, -0.00105791, -0.00280135, -0.00251803, 
58, 22371.5, -9.24921, 8.56297, 8.70149, -0.00727311, 0.00182992, -0.000110717, 
59, 55919.9, 9.35642, -13.2719, 3.45043, -0.00473267, 0.00323933, 0.00204062, 
60, 21598.8, 2.54444, -9.68568, 11.4503, 0.000484575, 0.000304531, -0.00480957, 
61, 398.952, -5.19471, -8.19925, 6.6812, 0.00444698, 0.00241396, -0.00662598, 
62, 1108.92, -10.7163, 7.46219, -7.30598, 0.00231181, 0.00408694, 0.00265897, 
63, 108555, -12.8604, -2.31583, -0.15456, 0.00492719, -0.00105116, -0.000251484, 
64, 244863, -11.207, 6.76462, -8.81476, 0.00543157, -0.00280508, -0.00230983, 
65, 220694, 13.7748, -7.37378, 9.47917, -0.00342603, 0.00067012, -0.00110021, 
66, 61700, 4.58505, -12.6395, -12.209, -0.00146134, 0.00217514, 0.00246456, 
67, 55388.9, 16.7403, -8.3192, -14.3854, -0.0019902, 0.00105756, 0.00160043, 
68, 211156, -4.78976, -10.0728, 4.66876, 0.00140086, 0.00685997, 0.00114958, 
69, 12720.6, -11.3638, -5.87721, -6.7944, 0.00134153, 0.00274976, 6.98084e-05, 
70, 25096, -9.74859, 0.40643, 9.457, 0.00195034, -0.000155123, -0.00326192, 
71, 179870, 0.160826, 1.14061, 0.753234, -0.00117307, -0.0018284, 0.000904489, 
72, 79123.8, 12.7076, 9.63818, -1.63307, -0.00317065, -0.00199256, 0.000634597, 
73, 110870, -11.3461, 10.2491, 10.2232, 0.000664979, -0.00409907, -0.00242365, 
74, 43359.1, -10.5468, 8.98678, -12.9523, -0.00364447, -0.00763936, 0.00214707, 
75, 140124, -6.08596, -5.03597, 6.13787, 0.00367735, 0.00184039, -0.00148435, 
76, 229268, 9.19898, -13.2418, 3.55787, -0.00231386, 0.00304411, -0.000414433, 
77, 302149, -13.8741, -1.12947, 11.8631, 0.00320448, 0.000596725, -0.00216138, 
78, 100708, -9.41421, -8.49956, 2.22344, 0.00479638, 0.00467078, 0.000824807, 
79, 46633.4, -4.78308, -7.64373, 5.547, 0.00232686, 0.00268618, -0.00436711, 
80, 143926, -6.27718, -3.40506, 6.69192, 0.00262359, 0.00218577, -0.000279976, 
81, 270.261, 11.0107, -1.1891, -12.3196, -0.00240729, 0.000527827, 0.0031302, 
82, 159650, 0.73398, -7.90255, 7.30472, -0.00331986, -0.00194754, -0.00253816, 
83, 24756, 4.97148, 9.65138, 11.8344, -0.00117464, -0.00247758, -0.00437833, 
84, 18375.3, -0.183998, -3.33052, 5.53224, 0.000703124, -0.00228902, -0.00225084, 
85, 491877, -9.32896, 8.61442, 8.29195, -0.0018642, -8.62842e-05, 0.000684874, 
86, 194807, -7.55348, 9.29621, 9.0834, 0.00157903, -0.00307966, -0.00141256, 
87, 8649.23, -3.23212, 6.05784, -9.95304, -0.00389148, -0.00247425, 0.00492881, 
88, 138901, 2.89689, -7.4802, 8.86338, -0.00346088, 0.00213914, -0.00458893, 
89, 50202.9, 5.21571, 7.98981, 4.1663, -0.0023516, -0.00228994, -0.000400532, 
90, 98321.9, -0.0830251, -5.63961, 2.67729, -0.00133921, -0.000187418, 0.00438116, 
91, 384069, 0.629293, -7.2732, 5.63785, -0.0024336, -0.000442623, 0.000351259, 
92, 81279.9, -12.8458, -4.67255, -8.07022, 0.00294732, 0.00420138, 0.00117094, 
93, 91375.2, 5.68979, -3.20199, -6.84351, -0.00257446, 0.00275236, 0.0019983, 
94, 5476.7, -7.68762, -11.6662, 6.47705, 0.00364168, 0.00437779, -0.003227, 
95, 33452.5, 0.411585, 1.47508, 10.7688, -0.0016011, -0.00171269, -0.00549503, 
96, 25752.1, 17.2816, 16.0097, 14.5921, -0.0016523, -0.00188093, -0.0014444, 
97, 200797, 10.0052, -0.753401, -6.77588, -0.00398895, 0.000442798, 0.00136408, 
98, 298981, -2.70434, -7.91385, 2.34721, 0.00117593, 0.00220015, 0.0028531, 
99, 93146, 4.30359, 13.7484, -5.80451, -0.00163218, -0.00356563, 0.00310721, 
100, 8612.85, 11.9524, -10.9851, 7.50989, -0.00297119, 0.00260779, -0.000953704, 
101, 24343.5, -6.70574, 6.08011, -1.80945, 3.11872e-05, -0.00242772, 0.000254634, 
102, 10296.7, 6.16563, -9.84977, 10.9901, -0.00305771, 0.00332243, -0.00274578, 
103, 15719.8, -12.0825, 4.657, -7.06332, 0.00266189, 0.00443355, 0.00428041, 
104, 230040, -7.88995, 7.46494, -10.3012, 0.00155619, 2.56871e-05, 0.00245674, 
105, 17846.1, -6.36921, -2.56782, 6.72061, 0.0008157, 0.00308396, -0.00142546, 
106, 22216.6, -0.794232, -7.24764, 3.02229, -0.00362947, 0.00606183, 0.00132863, 
107, 98486.7, -10.5163, 6.35545, -9.57629, -0.00191243, 0.00348946, 0.00447268, 
108, 214214, 13.5004, 6.80128, 9.44045, -0.00229038, -1.75936e-05, 0.00230887, 
109, 131614, -12.0335, -6.05549, -7.56973, 0.00361868, 0.00239615, 0.00207181, 
110, 160023, -5.1095, -10.3273, 4.19438, 0.000480666, 0.00592669, -0.0021064, 
111, 115735, -1.97364, -8.87752, 5.91563, 0.00056494, 0.00449994, -0.00464685, 
112, 378585, -14.2053, 14.8618, 4.95229, 0.00250443, -0.00321731, 5.62017e-06, 
113, 83295.8, 3.89933, 9.16425, 9.65222, -0.00141011, -0.000978315, -0.00112421, 
114, 148827, 11.6958, 5.26456, -3.17182, -0.00334942, -0.000696408, 0.000525368, 
115, 285284, -10.1987, 2.70023, -8.66788, 0.00251597, 0.0012436, 0.00187963, 
116, 515864, 0.751006, -5.51929, 3.96755, -0.00315732, 0.0013792, -0.00358327, 
117, 88363.5, -7.81106, -10.4494, -10.1784, -0.000426522, 0.00288507, 0.00144344, 
118, 155064, -3.21335, 5.95816, -10.519, -0.00235618, -0.000985938, 0.00249285, 
119, 18098.3, -0.732401, -8.46301, 7.07102, 0.000440159, 0.00437033, -0.00227243, 
120, 34391.6, -7.9584, 7.88676, 8.03967, -0.00249044, -0.00246676, -0.00183156, 
121, 78154, -6.83667, -3.88903, 5.34139, 0.00197022, -0.00102573, -0.00654057, 
122, 10497, 5.86198, -2.28906, -7.08246, -0.0012922, 0.0025829, 0.00366508, 
123, 59058.1, 3.40801, 2.18648, 0.540192, -0.00351033, -0.00064875, 0.000718084, 
124, 5646.35, 1.05905, -2.92559, 11.6559, -0.000305626, -0.000657095, -0.00432224, 
125, 103346, -11.2837, 8.84306, 11.1294, 0.00160568, 0.0013934, -0.00451156, 
126, 64702.5, 14.7826, 6.68077, 9.02309, 0.000908198, -0.00123412, -0.00554324, 
127, 199056, -6.37927, -4.49833, 6.41875, 0.00280216, -0.00226503, -0.00384146, 
128, 192649, 0.348406, 0.0866938, -7.06618, -0.00108731, -0.000374301, 0.0020991, 
129, 1707.71, 5.73468, 9.19791, 4.51703, -0.00246889, -0.00364842, -0.000908134, 
130, 19869.9, -12.8708, 7.62645, 11.6348, 0.00445941, -0.00231894, -0.00466927, 
131, 143979, 2.82094, 7.58762, -1.78097, -0.00195427, -0.000165817, 0.000551696, 
132, 37850.6, 11.0543, -12.8555, 14.8444, -0.00161367, 0.00222978, -0.0024112, 
133, 50031.5, -10.584, 13.6989, 13.7936, -0.000238188, -0.00375833, -0.00356408, 
134, 369068, 13.6746, 7.2768, 8.9659, -0.00340776, -0.00106096, -0.00403989, 
135, 3806.98, -11.89, -5.54666, -8.26123, 0.00485969, 0.00483736, -0.000482332, 
136, 64591.7, 4.37719, -5.59612, -1.10025, -0.0047983, 0.00158493, 0.00276926, 
137, 1688.15, -9.0132, -7.31706, 1.63605, 0.00282538, 0.00132409, 0.000870017, 
138, 439943, -9.11967, 7.9652, -11.9164, 0.0010983, -0.00452542, 0.00383979, 
139, 72054.1, -5.20904, -8.26113, 6.68289, 0.00269399, 0.00321888, -0.005283, 
140, 10511.3, -10.533, 1.22551, -9.55391, 0.00183306, 0.000562943, 0.00521269, 
141, 28560.6, -11.5728, -7.06487, -11.4061, 0.00217583, 0.00257821, 0.00356035, 
142, 92270.6, -7.22551, -10.5208, -10.3617, 0.00195777, 0.00386396, 0.00348952, 
143, 57507.6, 13.9286, -1.40002, -13.6651, -0.00257243, 0.000270842, 0.0023757, 
144, 106955, 3.10285, 11.5656, 1.13232, -0.00100728, -0.00300532, -0.00184599, 
145, 53021.1, 0.62781, -7.97509, 4.49884, -0.000646352, 0.00560312, 0.00224798, 
146, 127593, -7.03765, 3.28365, 2.47524, 0.00138227, -0.000878022, 6.5823e-05, 
147, 31386.3, -6.88789, -8.12994, 4.802, 0.00240689, 0.00101568, -0.000862115, 
148, 89613.6, 3.7837, -10.9298, -3.78044, -0.00229071, 0.00325142, 0.00265315, 
149, 251415, -10.5851, 4.76514, -8.66614, 0.00350032, 0.00163861, 0.00186208, 
150, 55890.6, -7.14708, -4.07802, 5.5124, -0.00132359, -0.000931111, -0.00259882, 
151, 174949, -10.4915, 6.95845, -10.5201, 0.00103893, -0.00199338, 0.00365207, 
152, 66072.8, -7.83607, 5.99008, 11.8599, -0.000365253, -0.000113316, -0.0051869, 
153, 19075.8, -1.20503, -13.1444, -7.34038, -0.000379149, 0.00185154, 0.00278961, 
154, 47261.5, -3.01816, -1.4023, -1.08523, -0.000472446, -0.000400716, 0.000606277, 
155, 102102, -6.44018, -8.55142, 3.97754, 0.00423326, 0.00277657, -0.000284561, 
156, 5375.03, -4.45294, -11.5498, 4.16467, -0.00110569, 0.00252979, 0.00154777, 
157, 3761.7, 3.76942, -5.14919, -1.65014, -0.0052339, 0.00243268, 0.00346712, 
158, 7652.65, 6.96785, 5.88354, 7.53616, -0.00261585, -0.000610016, -0.00118682, 
159, 47070.1, -4.84921, -6.0236, 7.46784, 0.00211916, -0.000873468, -0.00301933, 
160, 17972.9, -7.53281, 7.63419, -12.4419, 0.00331913, -0.00778252, 0.00311915, 
161, 218629, -9.8556, -0.406765, -9.76129, 0.00240299, -1.30609e-05, 0.00260419, 
162, 138887, -3.16706, -11.3764, 3.43971, 0.00400864, 0.00434489, -0.000566617, 
163, 33277.3, 4.55639, -0.767747, -12.1361, -0.00132165, 0.000887045, 0.004881, 
164, 167891, 0.384507, -1.56452, 9.88382, -0.000525225, -0.000224667, -0.00481344, 
165, 62570.5, 2.827, 16.9964, -0.786328, -0.00145747, -0.00134301, 0.00157292, 
166, 38130.4, -0.8006, -13.4496, -13.239, -0.000635986, 0.00243913, 0.00279255, 
167, 22403.8, -9.42693, 0.799483, -9.28667, 0.00271595, 0.000338361, 0.004893, 
168, 1479.59, -9.04185, 7.69373, 2.84258, 0.00208939, -2.39596e-05, 0.00114378, 
169, 20399.9, -11.5816, 1.42924, -10.8105, 0.00131032, -0.000930741, -0.00320932, 
170, 115854, -0.392378, -7.73865, 3.96126, -0.00314579, 0.00723038, 0.00385307, 
171, 27762.9, 3.25346, -9.39007, 10.9732, -0.00119929, 0.000404951, -0.00489225, 
172, 250928, 3.03507, 12.7551, -2.17972, -0.000329216, -0.00354842, -0.000345021, 
173, 74469.2, 12.5391, 9.07065, 8.20377, -0.00119258, -0.00442371, -0.00023, 
174, 143481, 15.677, -10.0149, 13.0171, -0.00259913, 0.00174364, -0.00221821, 
175, 27145.1, -6.99026, -7.88622, 4.76635, 0.0056312, 0.00309089, -0.00344617, 
176, 32620.6, 0.582471, 1.30201, 10.4875, -1.95254e-05, -0.00168133, -0.00399315, 
177, 52575.7, -10.3178, 1.46513, -8.59996, 0.00551891, 0.00315357, 0.000177361, 
178, 19746.4, 1.76125, -6.86779, 6.41188, -0.00101132, -0.000955069, 0.00415646, 
179, 33623.1, 15.7971, 6.31044, 9.05228, -0.0029494, -0.00100656, -0.00372184, 
180, 50349.8, 14.8336, 6.78153, 10.4767, -0.00564726, -0.00154264, 0.000875895, 
181, 89376.8, 11.758, 5.19948, -0.584128, -0.00333798, -0.000588148, 0.0016224, 
182, 42160.2, -10.1764, 5.14877, -3.85423, 0.00168869, -0.00121984, -0.00110897, 
183, 100544, -9.2996, 7.83879, -12.3889, -0.00204195, -0.0101919, 0.00431415, 
184, 1446.88, -3.20934, -11.3479, -6.2129, 0.000227915, 0.00380035, 0.00188057, 
185, 119694, -6.92174, -4.29212, -8.98795, -0.000255789, 0.00209261, 0.00357662, 
186, 120999, -9.74983, -10.0838, 1.62207, 0.00370338, 0.00290334, 0.000284793, 
187, 52698.3, 0.305459, -6.68667, 5.11285, -0.000112195, 0.00457092, 0.00302732, 
188, 105467, 5.01718, -6.01546, -1.64801, -0.0028852, 0.00138796, 0.00104698, 
189, 99748.4, -8.60164, 1.93318, -10.8622, -0.00239481, 0.00236897, 0.00533837, 
190, 77133, -0.344174, -7.39451, 5.48541, -0.00581185, 0.00197392, -0.00364698, 
191, 178804, -10.1447, 10.6846, -12.1226, 0.000486208, -0.00301546, 0.00362326, 
192, 8685.6, 0.624537, -1.28217, 3.4718, -0.000663717, -0.00139181, -0.00034082, 
193, 256954, 1.38974, 2.07802, 5.73018, -0.00250235, -0.00141978, -0.000205118, 
194, 53540.6, 1.88756, -11.484, -0.770706, -0.00159406, 0.00494752, 0.00216936, 
195, 220652, -9.18509, 5.84593, -10.5296, -0.00263762, -0.00462631, 0.00320876, 
196, 10258.1, 8.44802, 12.208, -4.19669, -0.00309015, -0.00182615, 0.00147585, 
197, 6083.3, -13.3008, 3.27343, -9.00905, -6.54093e-05, 0.00322542, 0.00310645, 
198, 127562, 1.25393, 2.31574, 6.11294, 0.000205623, -0.00228036, -0.00479927, 
199, 34766.2, 15.1616, 8.60194, 11.0282, -0.00232533, 0.000158358, -0.00205032, 
