ID, Mass [kg], pos_0 [m], pos_1 [m], pos_2 [m], vel_0 [m/s], vel_1 [m/s], vel_2 [m/s], 
0, 86447, -7.6931, 36.8591, -14.468, 0.000530625, -0.00206989, 0.000950236, 
1, 189575, -39.1592, -18.5057, 1.69897, 0.00147212, 0.00119609, -0.00069988, 
2, 31834.7, 6.74191, -24.5374, -34.4834, 0.00114571, 0.0030128, 0.00239153, 
3, 198333, 26.3699, 29.116, 8.26136, -0.000332665, -0.00236901, 0.000430615, 
4, 26595.9, -11.237, 18.462, -0.943666, 0.000626165, -0.000196698, -0.000842981, 
5, 74974.9, -24.0449, -19.0063, -24.1433, 0.00101957, 0.000819351, 0.000556614, 
6, 97542.7, 43.2943, -31.7973, 41.0511, -0.000796435, 0.000815848, -0.0011627, 
7, 2615.97, 2.13166, 36.3702, -31.6289, 0.000269212, -0.0015331, 0.00129925, 
8, 21192.8, 31.2174, -28.9304, -4.35294, -0.00189959, 0.000807209, -0.00206323, 
9, 81679.8, 24.5852, 26.2721, 13.8438, -0.000526423, -0.000445616, -0.00239539, 
10, 127647, -28.4358, -24.8979, 33.0896, -0.000853344, 0.00287414, -0.0018358, 
11, 16957.3, -10.8796, -17.2888, 5.81, 0.00113424, 0.00155777, -0.00157365, 
12, 46224.1, 41.1829, 41.4625, -24.5307, -0.00106286, -0.00129852, 0.00109624, 
13, 23966.4, 21.1663, 28.051, 3.66406, 0.000189892, -0.0013244, 0.00016139, 
14, 11985.5, -4.69077, -10.7823, 38.76, -0.00197353, -0.000125222, -0.00063656, 
15, 3133.43, -10.6435, -3.80055, 20.314, 0.000694212, 0.000288613, 0.000280555, 
16, 16899.7, 1.06759, -12.1599, 33.9423, -0.000560423, 0.000873194, -0.00115063, 
17, 19424.5, 2.29306, 34.3295, -7.37993, 0.000297408, -0.0029792, 0.00062198, 
18, 130822, 32.0423, -32.6494, 5.79287, -0.00144306, 0.000996551, -0.00061158, 
19, 25233.8, -22.2456, 12.6554, -23.0969, 0.00108652, -0.000606518, 0.00164962, 
20, 47646.9, 41.8222, -36.9078, -23.5483, -0.00121043, 0.00126284, 0.000689204, 
21, 165666, 5.93782, 0.573038, -21.2564, -0.000339367, 0.000503685, 0.000174844, 
22, 68385.5, 5.54466, -2.56229, -21.7088, -0.00260741, -0.000762041, -0.000875031, 
23, 221148, 40.79, -34.3978, 24.5737, -0.000834787, 0.00102484, -0.000630297, 
24, 74530.5, 22.0687, -7.14464, -22.2484, -0.00188698, 0.0007898, 0.00036323, 
25, 43250.2, 31.9333, 19.0936, 41.5976, -0.000537796, -0.000299373, -0.00153624, 
26, 16449.5, -38.5784, -44.0596, -24.2589, 0.000816075, 0.00108071, 0.000351785, 
27, 30641.9, -23.2282, 25.1303, -3.11427, 0.00136213, -0.0017057, -0.000175964, 
28, 85788.3, 3.58468, -2.97337, -23.49, -0.001718, 0.000169614, -0.00172762, 
29, 18634, -32.2692, 37.4945, 5.5305, 0.00131905, -0.00166461, 0.000449218, 
30, 2394.47, 32.3764, -20.0986, -4.57285, -0.000817631, -0.000367129, -0.000921584, 
31, 128472, 35.3072, 12.9196, 22.5961, -0.00137828, -5.76849e-05, -0.00167175, 
32, 63731.5, 9.85256, 7.06045, -32.3194, -0.00107353, -0.000274658, 0.00219085, 
33, 1929.75, -12.9251, -1.29771, 33.9249, 0.000164367, -0.000210215, -0.00184263, 
34, 137164, -12.5981, -2.29408, 17.2969, 0.00070713, -0.00144954, -0.000356366, 
35, 50524.2, -1.15857, -1.4946, -21.9941, 0.00147325, -0.000266828, 0.00351348, 
36, 6629.78, 31.4615, -15.875, -19.0711, -0.00202218, -8.21671e-05, 0.00179459, 
37, 38240.2, 27.9681, -18.9907, -38.1753, -0.00189111, 0.00091454, 0.00198823, 
38, 18423.8, 1.70399, 3.43781, -27.4288, -0.00208999, 0.000866751, 0.000275156, 
39, 194740, 31.9642, -29.1506, -5.2495, 6.58742e-05, 0.00237915, 3.2048e-05, 
40, 166672, 13.298, -19.9421, -32.341, 0.000889195, 0.00228505, 0.0020845, 
41, 63465.7, 21.7753, 18.3427, -11.4188, -0.00102569, 0.0012382, 0.0010413, 
42, 21989.4, 19.5792, 28.1177, -7.09516, -0.000412782, -0.00256905, 0.000340536, 
43, 7506.47, 34.261, -25.0019, -7.4045, 0.000849463, -0.000414254, 0.00377567, 
44, 1030.15, 31.6682, 7.30164, -12.593, -0.00160831, 0.000499332, 0.000976694, 
45, 60141.1, 1.1085, 22.2021, -2.00963, 0.000538418, 0.000644949, -0.00189391, 
46, 69136.8, -27.9502, -3.49784, 20.662, 0.000819528, 0.000916891, -0.000920628, 
47, 4636.02, 24.4698, -42.7551, 33.3714, -0.000152603, 0.00125938, -0.000781847, 
48, 148424, -18.9308, 10.9696, 35.8606, -0.000142468, -0.00029369, -0.00174453, 
49, 101751, 29.8549, 33.5033, -1.56187, -0.00115543, -0.0023713, 0.000435575, 
50, 113749, -15.4679, -27.8618, -37.8429, 0.00151316, 0.000592692, 0.000417043, 
51, 14312.6, 9.9144, 12.9039, -34.8298, 0.000799538, 7.46515e-05, 0.00238035, 
52, 115787, 37.5754, -5.44579, 36.1558, -0.000722416, 1.08191e-05, -0.00144465, 
53, 10116, 41.0089, 40.4368, -21.2997, -0.00116152, -0.0010099, 0.000532127, 
54, 33789.7, 10.6848, 27.1966, -11.8374, 0.00135628, -0.00142254, -0.00206178, 
55, 186460, 27.3113, 28.414, 10.6012, -0.00198448, -0.00148188, -0.00201321, 
56, 245187, 33.9387, -25.1257, -7.39881, -0.00192036, 0.000285077, 0.000205637, 
57, 290437, -13.2529, 0.532438, 17.0552, 0.000115716, 0.000741429, -0.000836556, 
58, 80698.8, -12.1693, 10.7742, 21.4723, 9.02134e-06, -0.00080056, -0.00131492, 
59, 117814, 23.7414, 20.7486, -9.08482, 0.000335579, -0.0009358, 0.000399485, 
60, 74301.5, -28.4618, 24.4721, 15.966, 0.00158977, -0.000420874, -0.00148614, 
61, 87026.1, 3.11125, -28.6353, -37.3008, -0.00119355, 0.00349424, 0.000502921, 
62, 54123.3, 21.7864, 21.4404, -15.5134, -0.00123539, -0.00242163, 0.00186491, 
63, 142469, 11.3562, 15.3175, -35.3775, -0.000680654, -0.00181846, 0.00272678, 
64, 25240.3, 22.2527, -5.28823, 24.0894, -0.000731918, 0.000694222, -0.00143807, 
65, 84495.7, -33.8867, 12.6465, 38.237, -0.00168185, 0.00160701, -0.00297449, 
66, 190154, 21.9631, 24.9408, -23.915, -0.000870037, -0.00119855, 0.000547506, 
67, 106916, -17.2162, 22.1317, -10.4607, 0.000837885, -0.000851491, 0.00148627, 
68, 142208, 38.254, 18.4798, -1.56197, -0.000906208, -0.00377268, -0.003303, 
69, 222966, -32.6968, 16.6423, 15.4907, 0.00115039, -0.00103898, -0.000606203, 
70, 23261.8, -8.30867, -26.5645, -13.0334, 0.000641991, 0.00158525, -8.11075e-05, 
71, 37181.8, -23.0464, 23.2141, 5.34369, 0.000423077, -0.000919105, -0.000818358, 
72, 387724, 20.8141, 12.2761, 11.845, -0.000447979, 9.19954e-05, -0.000961911, 
73, 94415, 32.8335, -13.5333, -21.1325, -0.00283599, -0.000470132, 0.000476564, 
74, 92650.1, -0.450392, 22.9735, -3.72623, 0.0013059, -0.001094, 0.000476376, 
75, 18296.3, -38.9593, 4.0762, 36.0663, 0.000599949, 0.00177212, -0.000696351, 
76, 120001, -36.24, -16.9117, -3.98142, 0.00117319, 0.000853444, 0.000707448, 
77, 272530, 15.4925, -2.01869, 8.79047, -0.000176851, 0.00112543, -0.000963456, 
78, 17526.5, -28.3179, -25.3844, 31.5618, 0.00229273, -0.00199482, -0.00162428, 
79, 64817.7, 7.16862, -19.1914, -19.056, 0.000563132, 0.00162829, -0.000454074, 
80, 92249, 38.1788, 8.65908, 11.9469, -0.00190339, 0.000687635, -0.00102374, 
81, 18467.1, -37.5339, 7.41505, 14.0835, 0.00264024, 0.00183188, -0.00154501, 
82, 36826.6, 16.3204, 37.0535, 14.0757, 0.000178364, -0.00254917, -0.000999111, 
83, 11297.7, 32.0048, -30.1015, -5.18818, 0.000175454, 0.00156971, 0.00324541, 
84, 79293, 11.8333, -23.3091, -35.7309, 0.000908267, 0.00264777, 0.00179317, 
85, 99758.2, 17.0666, 13.2241, 18.4168, 0.000285654, -0.000468283, -0.00240248, 
86, 23343, -30.5951, -2.35328, 19.1209, 0.00162372, 0.000833233, -0.000199859, 
87, 148233, 34.665, 22.2315, 4.27655, -0.00345617, 0.000460625, 0.00199574, 
88, 11527.8, -36.1107, 14.7337, 37.4095, 0.00203576, -0.00327135, -0.00158429, 
89, 14718.3, 31.3085, 22.0008, -4.177, -0.000949935, -0.00186441, 0.000885379, 
90, 46494.3, -2.378, 3.53826, -34.2516, 0.00057611, 0.00098503, -0.000450167, 
91, 34379.9, -19.9769, -16.9581, -25.3282, 0.00118481, 0.000815417, 0.00044922, 
92, 23079.1, 25.7376, -12.5964, -0.816444, -0.000773781, 0.000689594, -0.000569577, 
93, 79660.5, -38.6883, 2.21453, 14.081, 0.00184673, 0.000737216, -0.000170307, 
94, 77532.3, -40.7052, -36.0209, 43.8271, 0.000826146, 0.00099259, -0.000836113, 
95, 85363.6, 32.9851, 19.1289, 8.4474, -0.00150564, -0.000116977, -0.00171159, 
96, 11260.4, -12.7316, 17.8399, 19.1486, 9.48221e-05, -0.0014639, -0.000968233, 
97, 31876, 24.7786, 13.4381, -13.8784, -0.00168146, 0.000438623, 0.00135812, 
98, 49282.2, 39.9629, 12.2345, -14.8483, -0.00198116, 2.39375e-05, 0.00149593, 
99, 38415.4, -1.97743, 26.0289, -5.68664, 0.000643142, 0.000244114, -5.66059e-05, 
100, 8080.94, -26.1338, 5.06195, -17.9949, 0.00200778, 0.000386707, 0.00193462, 
101, 70282.6, 42.6604, 40.0802, 36.613, -0.000626646, -0.00181026, -0.000532686, 
102, 317827, 4.52162, -31.1322, -36.483, 0.000495668, 0.000899001, 0.000812539, 
103, 237904, -42.8393, 40.8257, 16.9899, 0.0010522, -0.0015255, -0.000269331, 
104, 119615, -17.3649, 25.348, -6.0612, 0.000606103, -0.00192655, 0.000623541, 
105, 31893.4, 6.60864, -33.0263, -3.79546, 0.00021496, 0.00161537, -0.000498673, 
106, 173086, -33.8932, 17.7364, 18.0331, 0.00096775, -0.00169195, -0.00134705, 
107, 486074, -35.5951, 13.6285, 37.3371, 0.00105891, -0.00104721, -0.00131577, 
108, 40410.8, -27.1837, -25.873, 36.0728, -0.000755721, 0.00191558, -0.0030736, 
109, 28247.2, -42.513, 46.4301, 14.9307, 0.00093077, -0.00169234, -0.000150313, 
110, 23910.7, -22.3614, 30.4204, -24.9421, 0.00085877, -0.0016091, 0.00132784, 
111, 40242.6, -6.56458, -41.3783, 25.3486, 0.000121918, 0.00130623, -0.000526579, 
112, 24016.7, -37.3255, 3.98384, 12.1149, 0.00172151, 9.60094e-06, -0.000173853, 
113, 129600, 9.09083, -36.6582, -19.8778, 6.88251e-05, 0.0019455, -0.00014933, 
114, 114317, 19.0731, 28.1519, 14.0322, 0.00113446, -0.00168061, -0.000847339, 
115, 174934, -39.5079, 7.99481, 37.4328, 0.00204596, 0.00100677, -0.00117956, 
116, 143212, -1.49201, 2.96419, -28.1698, 0.00239414, -0.000780231, 0.00179977, 
117, 8073.33, -33.342, 16.4166, 28.6224, -6.22512e-05, -0.00060567, -0.000880525, 
118, 37893.5, -7.90028, 14.4789, 22.6507, -0.000515482, -0.00121471, -0.00148859, 
119, 62400.5, 21.8389, 34.0619, 23.6056, -0.000260801, -0.00159103, -0.00182755, 
120, 242481, 0.243267, 1.5646, -26.6916, -0.000695863, 0.00175275, 0.00110851, 
121, 220498, 14.3915, -16.1996, -29.4444, -0.0010752, 0.000346816, 0.00206568, 
122, 32681.3, 7.00352, 3.03632, 26.5495, 0.000112739, 0.000153343, -0.00165334, 
123, 348699, 37.8332, 18.0504, -1.68648, -0.00199158, 0.000370054, 0.000726218, 
124, 49173.7, 40.7381, -25.2447, 42.3656, -0.000463294, -4.92835e-05, -0.0012771, 
125, 91676.5, 21.4975, -6.67689, -20.6474, -0.00105004, -0.00112372, -0.000296984, 
126, 613.996, 39.3511, -21.0365, 2.86046, -0.00179595, -0.000116861, -0.00071521, 
127, 36070, 10.5073, -37.0997, 33.6272, 5.72249e-05, 0.00125135, -0.000866568, 
128, 60243.7, 40.3131, -9.36516, 32.9682, -0.00134366, 0.000590736, -0.00065533, 
129, 66572.3, 5.076, -30.3341, -36.0784, 0.00154425, 0.00425883, 0.00343495, 
130, 41874.2, -34.4704, 24.0877, -28.9589, 0.00106276, -0.000617842, 0.00178775, 
131, 116662, -38.1218, 7.37641, 15.998, 0.00180702, 0.000314282, -5.45437e-05, 
132, 109779, -10.2445, -7.03256, 33.3973, 0.000140096, 0.00037877, -0.00146801, 
133, 456997, -27.5855, 13.5405, -5.14123, 0.00153334, -0.000262145, 0.000369073, 
134, 2780.32, 0.878961, 30.9518, -4.44267, 0.00130491, -0.00315949, 0.000130533, 
135, 102119, 0.601984, -0.679752, -25.213, 0.00256031, -0.00389384, 0.00243751, 
136, 164662, -29.1033, 3.63401, -21.5039, 0.00147506, 8.5859e-05, 0.00128961, 
137, 84084.3, 23.0272, 27.8575, -26.6007, -0.00078816, -0.0021493, 0.00290393, 
138, 245299, -35.6121, -15.5708, -11.0256, 0.00140786, 0.000883547, 0.000381437, 
139, 102038, -5.4924, -10.8719, 39.379, -0.000118332, 0.000794676, -0.0019596, 
140, 146704, -27.8706, -23.4995, 37.402, 0.000836044, 0.000759132, -0.000217754, 
141, 170925, 43.0894, 35.8766, 38.067, -0.000872567, -0.00031753, -0.00117142, 
142, 107951, 31.6651, -14.9118, -21.4558, -0.00170665, 0.00138048, 0.000741288, 
143, 64717.1, -6.19392, -16.7606, 0.773876, 0.0001282, 0.00132474, -0.000155223, 
144, 28582.1, 16.3508, 29.9686, 11.9107, -0.000716999, -0.00100502, -0.00151529, 
145, 18763.1, -42.6023, -23.317, -28.959, 0.00133486, 0.000716006, 0.000863468, 
146, 44368.5, 2.86173, 31.6405, -12.8186, 0.000152662, -0.00206328, 0.00144025, 
147, 247503, 0.187188, 1.31285, -24.6672, 0.0016146, -0.000297463, 0.00159116, 
148, 54470.7, -11.3814, -13.119, 25.9024, 5.57334e-06, 0.00144202, -0.000963141, 
149, 158577, 19.4415, 20.8399, -11.1348, -0.000883396, -0.000838384, -0.000248038, 
150, 59031.2, 14.5565, -4.50937, 13.5437, -0.000487312, 0.000448914, 0.000243079, 
151, 120654, 21.6148, -13.0341, -26.9642, -0.00209392, 0.00031146, 0.000281123, 
152, 33810.4, 23.5407, 30.1288, -29.626, -0.000968365, -0.00180908, 0.00161809, 
153, 52884.6, -13.5538, 2.01701, 16.8451, -0.000634631, 0.0044214, -0.000824697, 
154, 76725.2, 45.3891, -34.8607, 44.8589, -0.000727319, 0.000755034, -0.00105, 
155, 2384.17, -35.1769, -17.3113, -12.2012, 0.00105589, 0.00274653, 0.00227622, 
156, 54252.8, -1.68422, -0.903598, -28.1883, 0.00129191, -0.00455734, 0.000746794, 
157, 18995.8, 36.9791, 14.1809, -3.57665, 0.000446263, 0.00217748, 0.00130764, 
158, 133837, -21.9932, -0.568316, -6.89991, 0.000730022, 0.000808006, 0.000285767, 
159, 166899, 20.3295, -15.4869, -31.932, -0.000678249, 0.000535221, 0.00166646, 
160, 192252, 38.4001, 14.0241, -4.19372, -0.00219565, -0.000174964, 0.00011196, 
161, 17027.9, -16.2253, 11.6622, 34.6249, -0.00136171, -0.00130464, -0.00127259, 
162, 130287, -41.5754, -13.4189, 36.5586, 0.00131321, 0.000597724, -0.000944005, 
163, 72430.1, 12.4153, -11.2279, -19.8198, -0.000200251, 0.0013235, -0.000707305, 
164, 60583, -20.151, 5.08994, 1.84867, 0.000482548, 0.000391126, -0.000325618, 
165, 38146.6, -30.4421, 37.6935, 8.23342, 0.000552151, -0.00187667, -0.000376654, 
166, 1307.56, -32.8869, -13.457, 40.9069, 0.000551201, 0.000326753, -0.00166831, 
167, 124087, -5.32169, 21.1766, -5.78396, 0.00089982, -0.000514463, 0.000591655, 
168, 30066.1, 4.40326, 26.7657, -2.51788, 0.00076028, -0.00230126, -0.000112517, 
169, 177463, -21.0643, 28.5128, -0.479601, 0.000963175, -0.00198436, -0.000403092, 
170, 1123.4, 21.1839, -35.9361, -12.3693, -0.000111513, 0.00210897, 3.77958e-05, 
171, 71647.5, 41.9847, 39.7322, -14.3254, -0.00134606, -0.00144595, 0.000427614, 
172, 73299.5, 14.3824, 3.6443, 26.7154, -0.000411763, 0.000286269, -0.00191906, 
173, 120519, 10.7501, -18.7069, -34.4834, -0.00129463, -0.000347093, -0.000616877, 
174, 243541, -18.3033, -25.0273, -34.1853, 0.000821402, 0.00121757, 0.0014583, 
175, 232847, 4.32069, 23.1224, -2.6994, -0.000541777, -0.00169331, -6.93917e-05, 
176, 50296.6, -33.3951, -2.65128, -2.0135, 0.00164771, 0.000420419, 2.13851e-05, 
177, 17627.5, -0.36892, 2.78204, -21.7453, 0.000829487, 0.000290168, 0.00492039, 
178, 115556, 9.54658, 1.91948, -21.3961, -0.000312986, 0.000952386, -0.000467039, 
179, 21083.5, -19.54, 27.9017, -25.1193, 0.000482983, -0.00110884, 0.00159504, 
180, 120384, 11.4298, 17.4496, -37.4887, 4.38369e-05, -0.000404184, 0.00124395, 
181, 104093, -9.83087, -17.4718, 3.63086, 0.000361236, 0.00142151, -0.000210884, 
182, 90014.4, 6.39378, 5.93836, -24.8734, 0.00243066, 0.000683843, 0.00176327, 
183, 39510.6, -32.1535, -11.3762, -16.9767, 0.00128648, 0.000257108, 0.00135034, 
184, 37719.2, -31.2176, -24.441, -12.427, 0.000671743, 0.00190244, 0.000328963, 
185, 182373, 4.66894, 29.6095, -2.40112, -0.000266771, -0.00194811, -0.000119285, 
186, 153608, 12.4122, -17.6095, -33.6946, -0.0014795, -0.000227474, 0.00214377, 
187, 201002, 19.424, -24.7107, 30.5804, -0.000206555, 0.00088299, -0.00104921, 
188, 658.569, 33.6014, -10.1683, 36.2646, -0.000156324, 0.000714352, -0.00135552, 
189, 143642, -28.051, -25.3641, 32.6544, 0.00147541, -8.86428e-05, 0.000171357, 
190, 250454, -35.4807, 25.4545, -19.5029, 0.00149465, -0.00101151, 0.000932, 
191, 55591.1, 17.8381, 28.8207, 11.8197, 0.000230904, -0.0014301, -0.00251542, 
192, 141084, 26.0727, -24.1945, -14.6828, -0.000337139, 0.00145611, 0.000422235, 
193, 52387.2, 23.5187, -13.6555, -29.8878, -1.99856e-05, 0.000966755, 0.00205357, 
194, 39745, 41.444, -30.6982, 34.2992, -0.000666628, 0.000270053, -0.000712713, 
195, 89443.4, 28.1827, 7.88651, 0.809112, -0.000976251, 0.000931009, -0.00016035, 
196, 196180, 22.5321, 25.6991, -18.4623, -0.000740511, -0.00108631, 0.00191037, 
197, 56906.6, -15.5462, 17.9517, -11.0916, 0.000699219, -0.000510685, 0.00128139, 
198, 249087, 37.8953, -29.7924, 2.56758, -0.000913728, 0.00132679, -0.00108179, 
199, 137680, -33.6442, 21.8439, 23.025, 0.000720393, -0.000178574, 0.0011138, 
