ID, Mass [kg], pos_0 [m], pos_1 [m], pos_2 [m], vel_0 [m/s], vel_1 [m/s], vel_2 [m/s], 
0, 5682.38, -27.1787, -6.18209, -4.10598, -0.00322172, -0.00353151, -0.00176862, 
1, 51291.5, -24.913, -16.0998, 22.5404, -0.00460301, -0.00405609, 0.00544336, 
2, 73779.3, -0.238097, -0.554031, 0.201541, -0.00915678, -0.00546227, -0.000244051, 
3, 9731.99, -4.84682, 19.6255, 21.0462, -0.000837394, 0.0040813, 0.00137349, 
4, 104587, -0.0548423, -3.45519, 4.15529, 0.00117203, 0.00277357, -0.00403021, 
5, 42215, -2.40179, 2.08053, -1.61144, -0.00176889, 0.00547794, -0.00323054, 
6, 57220.4, 20.6865, 11.5323, -23.2633, 0.00352269, 0.00452519, -0.00347321, 
7, 44855.5, -3.7257, 3.9149, 5.15044, -0.00319467, 0.00605358, -0.00243323, 
8, 276797, -1.52025, 4.46315, 0.451837, 0.0014788, 0.0076449, -0.00572343, 
9, 2643.18, 4.03921, -0.563395, 2.2461, 0.00241684, -0.000683432, -0.00549583, 
10, 33961.7, 9.29909, -14.9659, -8.27666, -2.23475e-05, -0.00127583, 0.000445153, 
11, 8691.35, -8.12926, 39.3391, -30.9939, -0.000442922, 0.00633162, -0.00615046, 
12, 141682, 6.04267, -2.8805, 3.66184, -0.000128427, 0.00202936, -0.00308249, 
13, 288611, -16.0875, -10.1215, -2.06167, -9.27225e-05, -0.00201774, 0.000315117, 
14, 512847, -1.43346, 3.08654, 4.44276, 0.000139393, -0.00373384, 4.81618e-05, 
15, 15651.7, -1.65185, 0.0921848, 0.714279, 0.00126815, 0.0103597, -0.00513411, 
16, 182451, 13.7584, -13.3046, 34.5299, 0.00376119, -0.00187728, 0.00492019, 
17, 62197.8, -14.1599, -11.6783, 4.19969, -0.00167778, 0.000673836, -0.000304033, 
18, 185440, -17.3732, -12.422, 3.82403, -0.000223153, -0.003037, 0.000595961, 
19, 36701.4, 20.119, 31.3423, -29.1617, 0.00411886, 0.00576927, -0.00557915, 
20, 106936, -42.2939, -24.4475, 12.3239, -0.0079373, -0.00472385, 0.00226748, 
21, 161838, -4.35233, -2.88348, 6.81531, 0.00118747, 7.24775e-05, -0.00195396, 
22, 144875, -3.44466, -5.76309, 1.36082, 0.000447, 0.00305582, -0.00313365, 
23, 100936, 4.5635, 20.1217, 12.0249, -0.000305956, 0.00188072, -0.000603985, 
24, 95186.1, 27.5193, 26.4296, 24.8441, 0.00536866, 0.00383797, 0.00381255, 
25, 151808, 19.2365, -17.8297, 34.1163, 0.00465111, -0.00272479, 0.0062079, 
26, 118354, -1.32264, 0.0834414, -3.97199, 0.00260569, -0.00446566, -0.000690496, 
27, 149234, 2.23102, -3.1905, -0.737607, -0.000437876, -0.00545993, -0.00333232, 
28, 9985.68, 4.28714, 0.482007, 1.1039, 0.00797616, 0.00266283, -0.00209239, 
29, 180895, 4.61994, 4.66385, 5.31729, -0.00129864, -0.00749092, 0.00174937, 
30, 486.041, 9.16813, 11.1444, -5.64394, 0.00125887, -0.00193894, 0.00246931, 
31, 70262.9, -0.208284, 0.256277, 2.64411, 0.00428313, 0.00924618, -0.00221157, 
32, 45902.1, 1.02622, -0.825155, 1.55657, -0.00492773, 0.00605154, -0.00375184, 
33, 24444.7, 3.48355, -2.51194, 2.27391, -0.00588112, 0.00171771, 0.00397999, 
34, 65679.9, 0.091165, 2.72391, 0.0933798, 0.00478065, -0.0100678, -0.00317205, 
35, 3309.29, -16.1969, -16.7863, -5.99744, 0.000367945, -0.00513414, -0.000951144, 
36, 8280.38, -30.4525, 29.6618, -10.711, -0.00481478, 0.00529082, -0.00321458, 
37, 94538.9, 0.714189, 2.47856, -2.96251, 0.00269533, -0.00334526, -0.00669051, 
38, 30213.7, 38.2311, -12.0058, -11.3359, 0.00865371, -0.00107192, -0.000153588, 
39, 53471.9, -9.04494, 0.570363, -12.1921, 0.000849639, 0.00307232, 0.000526156, 
40, 43100.3, -15.4403, 19.2613, -17.9605, -0.00150247, 0.00243568, -0.00300085, 
41, 44746.6, 11.0708, 26.3517, 9.48657, 0.00170548, 0.00395835, -0.000895542, 
42, 34053.9, 1.8797, 14.7116, 28.646, -0.000356008, 0.0032315, 0.00468803, 
43, 54380.2, -4.17723, 3.82352, 5.99888, -0.00223768, 0.00585561, 0.000721671, 
44, 38723.2, 17.7739, -5.24383, -21.7444, 0.00206251, -0.000252834, -0.00389993, 
45, 2321.23, -16.9086, -7.75744, -0.530219, 0.000363999, -0.0019642, 0.00123417, 
46, 241169, 12.4638, 4.06141, -0.795761, 0.00114028, -0.00223984, 0.000892198, 
47, 344827, -3.93054, 4.14799, 5.75748, -0.00167396, 0.00309297, -0.000995187, 
48, 39271.1, 7.77983, -1.79948, 4.51288, -0.00184854, -0.003113, -0.00176913, 
49, 19687.8, -33.9394, 29.66, -11.4528, -0.00666475, 0.00624473, -0.00355441, 
50, 61216.8, 9.93706, -9.96058, 1.88419, 0.000329701, 0.000201303, 0.0027156, 
51, 19182.2, -26.174, 35.2064, -21.0788, -0.00458297, 0.00705848, -0.00494264, 
52, 12420.5, -0.0832045, 0.0194482, -4.5656, -0.00393393, -0.00164273, -0.000653781, 
53, 85447.4, -43.3251, -4.05958, -19.5222, -0.00785723, -0.000803557, -0.00323548, 
54, 361436, -2.70038, 4.24991, 6.94222, 0.000343599, -0.00311352, 0.00129739, 
55, 158926, 13.4858, 7.17134, -23.1459, 0.00265034, 0.00112664, -0.00257204, 
56, 49282.6, -19.0689, 28.9038, -28.349, -0.00199826, 0.00520771, -0.00633285, 
57, 218355, -1.43626, 3.29125, -0.00579804, 0.00323406, -0.000422254, 0.0020934, 
58, 22371.5, 38.4103, -12.6683, -9.36859, 0.00894315, -0.00184027, -0.000997941, 
59, 55919.9, -14.5186, 23.3645, -28.4506, -0.000583775, 0.00251456, -0.00431546, 
60, 21598.8, 3.51817, -2.17464, -2.51572, 0.00173711, -0.00362845, -0.00439594, 
61, 398.952, 0.151136, -0.332573, 1.7069, -0.00263595, 0.00925991, -0.00148632, 
62, 1108.92, 2.06988, -5.31229, 32.958, 0.000848643, -0.00053491, 0.00453853, 
63, 108555, -8.03232, -0.595714, -1.1783, 0.00254662, -0.00591042, 0.00135542, 
64, 244863, 10.6426, -4.50686, 21.9766, 0.000944236, -0.000412682, 0.00160232, 
65, 220694, -18.2653, 27.9671, -23.6725, -0.00190596, 0.00496018, -0.00447987, 
66, 61700, -5.12219, 38.9494, 18.6937, 5.57764e-06, 0.00663854, 0.00287034, 
67, 55388.9, -23.0798, 7.27006, 17.8117, -0.0049331, 0.00131798, 0.0038276, 
68, 211156, -0.473909, -1.43683, -0.0477945, -0.00225792, -0.00143834, 0.00145887, 
69, 12720.6, -2.01896, -13.7736, 4.34774, 0.000287665, 0.000920813, -0.00130059, 
70, 25096, -0.618216, -1.99942, -1.03665, 0.00934991, 0.00414777, 0.00132977, 
71, 179870, 6.44072, 11.4688, -4.12342, 0.000678689, -0.00198822, 0.00248317, 
72, 79123.8, -39.5185, -11.0214, -1.80015, -0.00517378, -0.00148914, -0.000575321, 
73, 110870, 2.66758, 0.52731, -1.3581, 0.00334746, 0.00226318, -0.00535087, 
74, 43359.1, 17.335, 20.1681, 18.1973, 0.00173632, 0.00509283, 0.00112451, 
75, 140124, 1.60612, 5.96636, 3.34092, 0.000272763, 0.00524759, -0.00243573, 
76, 229268, -13.0637, 20.1091, -22.9016, -0.00113677, 0.0021866, -0.00266033, 
77, 302149, -1.37293, 2.07728, 0.360849, 0.00527922, -0.00525306, -0.00609228, 
78, 100708, -17.3705, -9.76291, -3.77139, -0.000775398, -0.00243177, 0.00213543, 
79, 46633.4, 0.20688, 1.14879, -1.639, -0.00623291, -0.00508581, -0.00211615, 
80, 143926, -1.2333, -5.35966, 2.80958, 0.00793857, 0.000695517, -0.00286469, 
81, 270.261, -34.4567, 6.34291, 15.5083, -0.00455705, 0.000654835, 0.00175468, 
82, 159650, -2.53578, 1.41072, -1.94084, -0.00701477, 0.00387227, -0.000746549, 
83, 24756, 7.45918, -4.29513, 0.334076, -0.00190498, -0.00365833, -0.00050764, 
84, 18375.3, 6.81223, -5.30748, 3.66164, -0.00429867, -0.00105752, 8.20686e-05, 
85, 491877, 33.2803, -12.2371, -13.558, 0.00634906, -0.00154341, -0.0018898, 
86, 194807, -0.370543, 2.76894, 1.11532, -5.5414e-05, -0.000243086, -0.00314007, 
87, 8649.23, 15.1154, 6.8857, 6.44186, 0.000232568, 0.00274737, -0.00011286, 
88, 138901, -1.06152, -8.05576, 12.6449, -0.00273817, -0.00110037, -0.00023479, 
89, 50202.9, 9.05151, -5.33943, 4.79622, 0.000597267, -0.0019639, -0.00236109, 
90, 98321.9, 1.21696, 2.59612, -0.0343035, 0.00381719, 0.00812116, -0.00827457, 
91, 384069, -1.66346, 1.63924, -1.58167, 0.000391396, 0.00303909, 0.000892622, 
92, 81279.9, -9.33768, -13.3337, 0.234233, -0.0013027, -5.53041e-05, -0.00172078, 
93, 91375.2, -1.25344, 0.202968, 5.06062, -0.00353584, -0.000665829, 0.00176386, 
94, 5476.7, -11.5117, -16.0445, 6.91295, -0.000674081, -0.00289986, 0.00131901, 
95, 33452.5, 3.48914, 5.10859, 3.81247, 0.000940787, -0.00772677, -0.00257761, 
96, 25752.1, -27.2924, -7.79187, -7.42928, -0.00693553, -0.00262539, -0.00238184, 
97, 200797, -0.571292, 3.28475, 3.09106, -0.000155241, 0.00230157, 0.00127174, 
98, 298981, 2.48629, 4.81046, -1.91397, 0.00404548, 0.000706354, -0.00309965, 
99, 93146, -2.51047, 0.0350426, 1.20432, -0.00998722, 0.00371083, -0.00205085, 
100, 8612.85, -16.1928, 10.9991, -16.1166, -0.000660381, 0.000931274, -0.0014057, 
101, 24343.5, -3.24196, 13.3181, 4.69575, 0.000168217, -0.0023737, -0.00212425, 
102, 10296.7, -6.99992, 17.2562, -10.6229, 4.93998e-05, -0.000374805, 0.00113569, 
103, 15719.8, -9.26129, -4.05755, 19.7809, -0.000267832, 0.00160411, 0.000479525, 
104, 230040, -1.02043, -1.45435, -0.378957, 0.00424243, -0.00850296, 0.00529594, 
105, 17846.1, 1.50359, -4.83672, 2.53016, 0.00815736, 0.00266087, -0.003036, 
106, 22216.6, 1.21981, 0.244066, 0.043476, -0.00766306, -0.00783392, -0.00140995, 
107, 98486.7, 0.0817556, 13.8733, 17.4846, 0.000718984, 0.0021673, -0.000745919, 
108, 214214, -34.5224, -0.147255, -27.3512, -0.00684891, 7.76705e-05, -0.00564809, 
109, 131614, -2.36118, 1.48134, 1.62773, -0.00193465, 0.000347579, 0.00577931, 
110, 160023, -0.549744, -1.00384, -0.415849, -0.00539896, -0.00381794, 0.00258612, 
111, 115735, -2.02503, 5.31037, -2.22225, -0.00237458, 0.00446101, -0.00193905, 
112, 378585, 20.1904, 4.98779, -28.4575, 0.00323669, 0.00201158, -0.00469215, 
113, 83295.8, -25.1095, 5.40282, -3.79506, -0.00191175, 0.00156102, 0.000403269, 
114, 148827, 3.65995, 3.63489, 0.735469, 0.00947824, 0.00120781, 0.00127728, 
115, 285284, -2.75462, -21.0505, 34.2791, -7.37927e-05, -0.00440852, 0.00612706, 
116, 515864, -2.07378, 0.698411, 3.15704, 0.00120886, 0.00120839, 0.00331464, 
117, 88363.5, 6.60777, -8.53094, 18.6725, -0.000479571, -0.00238677, 0.0012612, 
118, 155064, 16.154, 8.15952, 5.69946, 0.00322233, 0.00341411, -0.00229471, 
119, 18098.3, 0.107652, -1.2599, 0.757472, -0.00721817, 0.00326561, -0.00159541, 
120, 34391.6, 35.2215, -17.5121, -9.57835, 0.00679099, -0.00221488, -0.000216457, 
121, 78154, 2.83583, 2.80301, 2.12977, 0.00391236, 0.0086903, -0.00223097, 
122, 10497, -0.80775, 3.42307, 4.24214, -0.0058418, 0.000946, -4.3996e-05, 
123, 59058.1, -4.63608, 19.4803, 4.42078, 0.000534861, 0.000790816, 0.00145542, 
124, 5646.35, -3.60674, -5.421, -0.0994122, -0.00497355, 0.00107486, -0.00333171, 
125, 103346, 0.271441, 1.03028, 0.558845, -0.00343157, -0.00149051, -0.00450472, 
126, 64702.5, -41.9548, 0.256866, 12.8215, -0.00765619, 7.36805e-05, 0.00324374, 
127, 199056, -1.24554, 3.27346, 1.43565, -0.00438985, -0.00418324, 0.00447492, 
128, 192649, -2.3387, 0.153639, 0.664382, -0.00208705, 0.00334023, -0.00653526, 
129, 1707.71, -1.32976, 3.82675, -0.169911, -0.000415689, 0.00373718, 0.0089365, 
130, 19869.9, -0.084099, 0.744876, 3.70701, -0.00476626, 0.00352314, 0.00354964, 
131, 143979, 3.33878, 2.70829, -2.65923, 0.000319219, -0.00153415, 0.000634862, 
132, 37850.6, -47.0525, 23.9334, -13.2598, -0.00990147, 0.00447825, -0.00235694, 
133, 50031.5, -2.47702, 2.50851, 5.23763, 0.000319617, 0.000733633, 0.000895315, 
134, 369068, -21.4021, 1.63136, -8.65402, -4.9965e-05, 0.000440814, -0.000456945, 
135, 3806.98, -0.189077, -16.8649, 0.854023, -0.00086838, -0.00107678, -0.00083029, 
136, 64591.7, 8.90437, -8.3421, -6.13428, -7.66366e-05, -0.00176287, 0.00297882, 
137, 1688.15, -8.10739, -14.1628, 6.16834, 0.00180539, -0.00401918, 0.00191732, 
138, 439943, 1.89652, -0.542126, 4.10103, 0.0035415, 0.0067601, 0.00074435, 
139, 72054.1, 0.65744, 7.1604, 0.767973, -0.00455564, 0.000128901, 0.00428573, 
140, 10511.3, -3.53783, -14.5855, 22.7197, -0.000414412, -0.00269337, 0.00224874, 
141, 28560.6, 3.24097, 5.39537, 1.12859, 0.00466343, -0.0069566, -0.00147529, 
142, 92270.6, -1.77599, 5.8752, 1.69096, 0.00780104, -0.00278105, 0.000910771, 
143, 57507.6, -34.125, 10.7328, 20.9099, -0.00592508, 0.00199228, 0.00366041, 
144, 106955, -7.76912, -3.93311, 17.7866, 0.00132785, 2.3868e-05, -1.97956e-06, 
145, 53021.1, -2.36421, 0.406521, -0.119201, -0.00162425, -0.00672262, -0.00463452, 
146, 127593, 2.29764, 5.35, -0.615971, -0.00706067, 0.00179349, -0.0015551, 
147, 31386.3, -2.58591, 4.27483, 0.959381, -0.000851337, 0.00225138, 0.00200677, 
148, 89613.6, -6.58837, 14.52, -14.5943, 0.00179002, -0.00115867, -0.0027442, 
149, 251415, 12.5852, -2.27566, 20.5689, 0.00100528, -0.000191419, -2.69747e-05, 
150, 55890.6, -5.17503, -9.87236, 0.442354, 0.0045332, -0.00389703, 9.83254e-05, 
151, 174949, 2.05528, -0.0210359, 0.284635, 0.00423275, 0.00484815, 0.000823391, 
152, 66072.8, 10.8321, -9.64787, 10.9452, -0.00033698, 0.000726071, 0.00140407, 
153, 19075.8, -0.25456, -1.52781, 3.6139, -0.00209009, -0.00567919, 0.00995738, 
154, 47261.5, -1.76357, -0.741615, 4.25556, 0.0100409, 0.000921264, 0.0019706, 
155, 102102, 0.501091, 1.92849, 0.818844, -0.0072619, -0.00114272, -2.60795e-05, 
156, 5375.03, 3.84048, 3.79141, -0.815096, -0.00578373, -0.00155411, -0.00168387, 
157, 3761.7, 7.63446, -2.12589, -5.53988, -0.00158229, -0.00203419, 0.00358359, 
158, 7652.65, 2.17864, 6.85442, 11.659, 0.00107971, -0.00166521, 0.000106313, 
159, 47070.1, 1.67616, 3.38063, 2.9054, -0.00273063, -0.00085107, 0.0046395, 
160, 17972.9, 2.35528, 1.70514, 4.53458, 0.00581142, -0.000934164, 0.00157993, 
161, 218629, -1.49633, -10.2357, 7.13426, -0.000535966, 0.00260073, -0.0013571, 
162, 138887, -0.411088, 0.857105, -1.30777, 0.00382773, -0.00643772, 0.000885918, 
163, 33277.3, 11.7113, -9.08982, -2.79168, 0.000975128, -0.00284179, 0.00313406, 
164, 167891, -0.260192, 2.88187, -1.26889, 0.00588483, 0.00144224, 0.00313378, 
165, 62570.5, -3.34439, -39.7384, -9.44743, 0.000204165, -0.00731976, -0.00186514, 
166, 38130.4, 7.21472, 36.074, 20.0467, 0.00218017, 0.00569963, 0.00290375, 
167, 22403.8, 5.31589, -14.9014, 31.7861, 0.00150097, -0.00303822, 0.00421047, 
168, 1479.59, 19.0475, 10.8882, -29.7584, 0.00401186, 0.00269937, -0.00520157, 
169, 20399.9, 1.3674, -23.1609, 32.6482, 0.000150131, -0.00546515, 0.00505716, 
170, 115854, -2.30701, 1.98964, 3.68256, -0.00654567, -0.00403481, 0.00208543, 
171, 27762.9, -1.62524, -2.86738, 3.15932, -0.00339506, 0.00362023, -0.00112506, 
172, 250928, 5.13056, 3.64891, -4.29156, 0.00277896, 3.55115e-05, -0.00488374, 
173, 74469.2, -31.2086, 17.0656, -8.68321, -0.00536776, 0.00502092, -0.00180622, 
174, 143481, -38.4135, 26.3104, -17.01, -0.00725524, 0.00525031, -0.00381537, 
175, 27145.1, -0.208235, 1.14004, -0.79771, -0.00588526, -0.00276101, -0.000750334, 
176, 32620.6, 9.42377, 5.62929, 9.26311, 0.00128029, -0.00187571, -0.000745767, 
177, 52575.7, 0.239566, -23.2115, 40.4447, -4.02261e-05, -0.00493347, 0.00860288, 
178, 19746.4, -4.76215, -3.12297, 6.7647, 0.000586406, -0.00139719, -0.00347178, 
179, 33623.1, -20.2564, 3.46311, -5.62357, -0.000978005, 0.00126019, 0.00148705, 
180, 50349.8, -34.6556, -22.7186, -18.2436, -0.00605841, -0.00405162, -0.00310006, 
181, 89376.8, -12.692, 2.93171, -3.65453, 0.00264104, 0.00170239, 0.00236459, 
182, 42160.2, 1.61771, -0.588025, 38.647, 2.97562e-05, -7.13954e-05, 0.00748418, 
183, 100544, -21.6495, -12.1846, -1.75617, -0.0022921, -0.0022763, 0.00107701, 
184, 1446.88, 4.49213, 2.9341, 0.872238, 0.00234597, 0.000680816, -0.00543435, 
185, 119694, 1.85343, 4.13163, 0.00215578, 0.00407076, -0.00825271, 0.00333995, 
186, 120999, -2.72906, -1.32392, 2.20811, 0.00741724, -0.00544781, 0.0047364, 
187, 52698.3, 1.24477, -0.45907, 0.543224, -0.00658096, -0.00490619, -0.00272184, 
188, 105467, 9.84877, -5.47668, -2.11996, -7.55273e-06, 0.0001756, 0.00308693, 
189, 99748.4, -4.32632, -26.8233, 15.0559, -0.00105429, -0.00418154, 0.00203475, 
190, 77133, -0.385263, 1.15272, -1.80328, -0.00286659, -0.00244448, 0.00335565, 
191, 178804, -1.95879, -2.27456, -1.63039, 0.00267405, -0.00792894, 0.000380571, 
192, 8685.6, -0.0185917, 2.20459, 6.48041, 0.00307535, 0.0012571, -0.0055758, 
193, 256954, 8.89318, 9.82691, 19.1583, 0.00353519, -0.000793914, 0.00364505, 
194, 53540.6, 10.218, -4.21632, 5.62701, 0.000197423, 0.00171609, 0.00129496, 
195, 220652, 0.587283, 2.16528, 3.27747, -0.000563182, 0.00365501, 0.00742665, 
196, 10258.1, 6.02164, 0.279657, 3.97816, -0.00140525, 0.00557348, -0.00377849, 
197, 6083.3, -15.4154, -10.7938, 18.217, -0.0026041, -0.000295869, 0.00132233, 
198, 127562, 9.27609, 15.082, -4.7944, 0.000543029, -0.000310571, 0.000429396, 
199, 34766.2, -12.0847, -0.583398, -6.72904, 0.00295037, 0.00025012, -0.000384293, 
