ID, Mass [kg], pos_0 [m], pos_1 [m], pos_2 [m], vel_0 [m/s], vel_1 [m/s], vel_2 [m/s], 
0, 4982.76, 1.75227, 7.26997, -7.62691, -0.00230749, 0.000688807, -0.00302793, 
1, 84564.5, -12.0204, -6.03459, -17.3932, -0.00342092, -0.000249246, -0.00640907, 
2, 143976, 2.67014, 6.01276, -6.05983, 0.00204909, -0.00197742, 0.00225905, 
3, 12096.4, -0.407399, 8.10109, -6.04259, 0.00021491, 0.00637666, -0.00339664, 
4, 108584, 3.51364, -31.2668, 30.9513, -0.00047068, -0.00554261, 0.00551026, 
5, 224267, 2.61225, -0.517705, 2.00924, -0.00157519, -0.00133301, 0.00282678, 
6, 6023.5, -1.74271, 1.8715, -8.3833, -0.00323944, -0.00267286, -0.00915245, 
7, 12734.1, 6.60718, -8.5682, -2.08783, 5.29369e-05, 0.00349982, -0.000533972, 
8, 29188.7, -2.48742, 5.28419, -6.52724, -0.00522771, -0.00583673, -0.00189053, 
9, 37892.9, -3.94105, 7.65888, 1.33417, 0.00210173, -0.00371761, -0.00581919, 
10, 282.759, 14.1493, -13.9251, 20.7154, 0.00360657, -0.00406503, 0.00470858, 
11, 75028.9, -10.1895, -43.0671, 25.024, -0.00196217, -0.00788077, 0.00623436, 
12, 29068.2, 4.13597, 10.0255, 13.7557, -0.00163085, 0.00172087, -0.00191171, 
13, 142762, 1.73145, 5.93309, -0.0941242, 0.001268, -0.0068601, 0.00230304, 
14, 289648, 3.49187, 5.8837, -2.61558, 0.000850365, -0.0094464, 0.000612121, 
15, 17335.1, -24.1268, 7.89997, 35.5746, -0.00492249, 0.0013724, 0.00558596, 
16, 37341.1, 29.3187, -16.8954, -20.4378, 0.0068744, -0.00291145, -0.00534426, 
17, 206687, 1.01733, 5.13152, -4.15561, -0.000816435, 0.00263138, 0.00826907, 
18, 253630, 0.574415, 7.38324, 1.27901, 0.00308822, -0.0058, 0.00605722, 
19, 40480.6, -1.95379, 7.67142, -0.897247, 0.00275435, -0.00150309, -3.84537e-05, 
20, 176293, 1.90428, 19.7223, -32.1903, -0.00100175, 0.0033141, -0.00379142, 
21, 17357.4, -14.472, 9.28764, 9.73785, -0.00111045, 5.69666e-05, -0.000370743, 
22, 241662, -0.293104, 2.8894, -7.10017, 0.00293094, -0.00122467, -0.000423623, 
23, 144304, 0.19452, 7.09423, 7.99721, -0.00504223, -0.00154183, -0.000756692, 
24, 449735, 1.57048, 6.28104, -3.62774, 0.000337322, 0.00579363, -0.0056965, 
25, 31022.8, -3.11802, -15.9656, 17.6469, -0.000989138, -0.000684651, 0.000723213, 
26, 277840, 4.76507, -3.23925, 5.22622, -0.00279233, -0.00234854, -0.00271863, 
27, 22179, -4.86687, 0.70022, -25.1877, 0.0011857, 0.00262886, -0.00127566, 
28, 7726.87, 27.7724, -8.98108, -36.2897, 0.00541025, -0.000822391, -0.00808994, 
29, 88891.4, 2.73525, -1.7273, -1.59883, -0.00766977, 0.00489524, 0.000869318, 
30, 193310, 20.209, 18.1998, -28.2258, 0.00149019, 0.00295749, -0.00449467, 
31, 53721.6, -29.2215, -38.2231, 23.1856, -0.00837189, -0.00740693, 0.00410315, 
32, 149583, -0.466064, 3.20674, -7.1748, 0.00138217, -0.00189756, -0.00079296, 
33, 188997, -1.19362, 4.7514, -5.71454, -0.00646884, 0.0079754, -0.00615646, 
34, 147623, -4.55414, -1.25379, -1.13493, 0.00383873, -0.000485675, 0.000897372, 
35, 35433.4, -1.70917, -12.6757, 36.4577, -0.000104438, -0.0012116, 0.00678465, 
36, 379972, 0.142702, -1.34043, 1.50372, -0.00192621, -0.000110326, -0.00561216, 
37, 174579, 8.89438, -16.9852, 26.5161, 0.0016499, -0.0036595, 0.00676127, 
38, 31779.4, -9.83873, 19.0598, 3.21202, -0.000277406, 0.00247255, -0.00264253, 
39, 17933.7, 11.8672, -14.7813, 7.77038, 0.00313698, -0.000285651, 0.00112211, 
40, 9826.32, -5.87481, 14.7085, -26.7785, 0.00151767, 0.000500114, -0.00360067, 
41, 92983.9, 11.5084, 13.8588, -39.1424, 0.00148177, 0.002855, -0.00803169, 
42, 36951.3, -18.1753, 10.5911, -21.8211, -0.0022409, 0.000901028, -0.00242892, 
43, 6279.37, -4.36734, 7.06592, -2.1861, -0.000611573, -0.00289783, -0.00248611, 
44, 18926.2, 3.88643, -0.112754, -1.60524, -0.0067057, 0.00297496, 0.00632853, 
45, 13388.8, 4.03624, 7.2252, 25.3559, -0.000704381, 0.00172322, 0.00178424, 
46, 57039.7, 7.3117, -1.50764, 1.97778, 0.000180575, -0.000845944, -0.00535757, 
47, 165793, 4.42031, 7.39589, -0.917637, -0.000749647, -0.00467118, 0.00125453, 
48, 95584.4, 3.56497, -8.95851, 10.1972, 0.000930233, 0.00116883, 0.000405639, 
49, 49905.3, -1.2934, 8.53216, -5.25825, -0.00374121, 0.000884442, -0.00260253, 
50, 72486.3, 1.98601, 10.2549, -0.140211, 0.00106364, 0.000288047, -0.000244964, 
51, 332159, 4.13223, 1.28216, -0.223586, -0.00704126, 0.0066035, 0.00185899, 
52, 12900.8, 1.84194, 4.68827, -3.782, 0.00378528, 0.00689721, 0.0060809, 
53, 159525, 0.913321, 3.48613, -6.51881, -0.00519668, 0.00150154, 0.00158185, 
54, 73837.4, 7.59885, 2.46385, -4.0452, -0.00311589, 0.00430701, -0.00381411, 
55, 125355, -1.93881, 2.46676, -9.55599, 0.00247436, 0.00499908, -0.00293032, 
56, 28797.6, 0.252651, -6.90894, 14.5158, 0.00189363, 0.0011433, 0.00193, 
57, 91269.6, 1.08454, 1.42851, -3.94054, -0.000555699, 0.00291068, 0.00690851, 
58, 5483.02, 22.7617, 4.68429, 38.3495, 0.00424606, 0.00161686, 0.00805256, 
59, 142050, -2.10769, 0.479568, -5.4416, 0.000723625, 0.0052759, 0.00122727, 
60, 184526, 2.24196, -2.84936, -7.36591, -0.000208393, 0.000776592, 0.00524959, 
61, 58050.4, 1.45122, 10.317, -5.20818, -0.00394139, 0.000424384, -0.00326967, 
62, 96236, -14.4732, -26.8919, 16.1915, -0.00268041, -0.00411912, 0.00222293, 
63, 23636.2, 13.3976, -13.2327, -2.96598, 0.000539768, -0.00273822, 0.000974448, 
64, 29280.4, 0.541845, 3.10344, -1.23377, 0.00155333, -0.00203246, -0.00551246, 
65, 161524, -15.8222, -16.8154, 5.11132, -0.00214507, -0.00113609, -0.00129147, 
66, 67938.3, -11.7945, 4.73465, -8.85356, 0.00172471, -0.0011014, 0.00183625, 
67, 267084, 3.25943, 2.3478, -1.40087, -0.0024739, 0.000403264, 6.83202e-05, 
68, 69388.9, 33.3531, -17.5682, 12.8123, 0.00792498, -0.00258923, 0.00214059, 
69, 47165.6, 7.42003, 19.5762, -39.6781, 0.000554559, 0.00338813, -0.00589457, 
70, 201127, 1.47253, 2.21672, -13.473, 0.00427195, -0.00335448, 0.00306456, 
71, 105689, 23.7303, 19.8441, 27.4192, 0.00571943, 0.00324151, 0.00427044, 
72, 14582, -0.957003, -4.30006, -3.67528, 0.00371373, 0.00406053, -0.00109919, 
73, 76931.6, -15.8585, -16.1051, 4.29551, -0.00116222, -0.00024015, 0.000111552, 
74, 237815, -0.938334, 0.193283, -7.26514, -0.000956336, 0.000158515, 0.00286276, 
75, 105565, 34.2236, -9.25667, -43.0008, 0.00762018, -0.000383412, -0.0100809, 
76, 170875, 2.40122, 5.37473, -6.85475, -0.000890502, 0.00703088, 0.00958946, 
77, 17853.6, 2.52871, 8.7392, 10.6852, -0.00136238, -0.00108647, -1.54659e-05, 
78, 24497.1, 6.6575, 1.54353, 1.8031, 0.00170543, -0.00466994, 0.00243704, 
79, 101855, -5.14993, -19.7985, 22.9714, 0.000182294, -0.0040115, 0.00227935, 
80, 95013.6, 1.05696, 3.12587, -2.23446, 0.00381062, 0.00474544, -0.000573156, 
81, 141297, 14.7064, -14.2608, 25.7162, 0.00356506, -0.00379318, 0.00680877, 
82, 151080, -1.4187, 6.10433, -4.11364, -0.00702563, -0.0015707, -0.00624319, 
83, 260791, -0.207783, 3.87986, -4.48637, -0.00343272, -0.00308052, -0.00335281, 
84, 100223, 0.369593, 0.441103, 3.22091, -0.003303, 0.0051634, -0.00565962, 
85, 7966.28, 1.97278, -0.762776, -8.35677, 0.00414487, -0.00122741, 2.59608e-05, 
86, 58175.3, -19.8547, -21.2487, 21.3761, -0.00343252, -0.00335237, 0.00314122, 
87, 628317, -0.27304, 5.04326, -4.15596, 0.000133833, -0.00420961, -0.00412334, 
88, 82285.2, -21.4592, -31.1889, 24.1509, -0.00283219, -0.0044847, 0.00628559, 
89, 161291, 1.58768, 1.24335, -5.41251, 0.00643301, 0.00379646, 0.00545429, 
90, 79687.2, -1.48737, 5.5154, 1.70553, -0.00396086, -0.00351782, -0.00544679, 
91, 310528, -4.72545, -34.2942, 25.8662, -0.000274172, -0.00492251, 0.00479558, 
92, 30795.2, -0.291832, 3.39065, -10.5604, -0.00397416, 0.00191901, -0.00850711, 
93, 519908, 0.517119, 2.75, 0.60599, 0.00589282, -0.000555795, -0.00656714, 
94, 101104, -4.50555, 4.31279, -9.86896, 0.000414864, -0.00203718, -0.00664063, 
95, 23620.3, -3.89635, 0.0217243, -8.9387, 0.000482868, 0.00342874, 0.00286636, 
96, 8104.4, 1.19884, 1.22297, -4.38698, 0.00136377, 0.00121517, 0.00572554, 
97, 234265, 0.895849, 3.67944, -3.23968, -0.00576591, 0.00101283, 0.00590946, 
98, 3741.53, -0.00781708, 14.7476, 27.0121, -0.000236696, 0.00430415, 0.00203998, 
99, 5528.05, -3.28327, 5.43875, -6.43018, 0.00304941, -0.00909936, 0.00156052, 
100, 6655.21, -1.83, 4.86533, -3.05166, 0.0057775, 0.00941526, 0.00435431, 
101, 74442.9, 8.8529, -32.8719, 22.808, 0.00342525, -0.00614222, 0.00567006, 
102, 271819, -18.1783, 10.3313, -31.5372, -0.00219759, 0.00339533, -0.00413373, 
103, 173429, -3.29892, -14.0467, 18.7871, -0.00196975, -0.000362676, 0.00297499, 
104, 132164, -18.5966, -6.23791, 1.4172, -0.000503651, -0.00141142, 0.00133265, 
105, 293403, -3.71074, 0.587634, -1.92985, 0.000950513, -0.00094335, 0.00138291, 
106, 91810.3, -2.88701, 7.61247, -2.84723, 0.000789521, 0.00335384, 0.00373052, 
107, 203740, -0.479298, 4.94891, -5.40868, 0.00905136, 0.00396548, 0.00526074, 
108, 124900, 4.57914, -0.418358, 3.27144, 0.00279014, 0.00330072, -0.00685788, 
109, 153482, -3.47012, 5.77879, -10.0177, -0.00134911, -0.00066737, -0.00124753, 
110, 95805.7, -0.883513, -0.191693, -9.8975, -0.00287828, -0.00436416, -0.00591388, 
111, 47735.2, 4.31659, 9.80487, 17.4434, -0.000464476, 0.00027092, -0.000300305, 
112, 24494.2, 2.33111, -0.0710243, -5.48569, 0.000110252, 0.00464484, 0.00727973, 
113, 39205.1, 4.35668, -25.7107, 15.2973, 0.00102678, -0.00259984, 0.0020962, 
114, 24723, -18.159, -53.1625, 20.4111, -0.00377872, -0.0127932, 0.00472567, 
115, 15671.3, 11.1404, 32.4364, 25.0855, 0.00215243, 0.00777349, 0.00586489, 
116, 320473, -16.0905, -25.6373, 12.6165, -0.00215156, -0.00415139, 0.00197803, 
117, 54072.2, -12.2998, -22.8448, 17.4162, -0.00158402, -0.00281965, 0.00233258, 
118, 20992.2, 4.03314, 29.6307, 44.7007, -0.000117211, 0.00631284, 0.00823437, 
119, 68943.4, -2.90858, -34.5581, 33.2694, 0.00109896, -0.00626179, 0.00729046, 
120, 176775, -1.2787, 0.180086, -8.72187, 0.00570255, -0.0005148, 0.00563537, 
121, 28501.8, -0.648545, 7.31158, -3.63471, 0.000678644, 0.00054305, -0.000808297, 
122, 93263.7, 5.47628, 14.2509, -18.1026, 0.002888, 0.0028962, 0.00132561, 
123, 54631.4, 31.9598, 1.44174, -27.623, 0.00558175, 0.00153244, -0.00535349, 
124, 28486.7, 1.18805, 9.26496, -7.25708, 0.00327844, 0.00615461, -0.00491924, 
125, 45940.3, -5.52094, 0.781862, -39.355, -0.00149123, 0.00246077, -0.00566193, 
126, 58147.3, -0.65674, 5.05117, -7.29132, 0.00424824, 0.00567546, -0.0054582, 
127, 314510, 6.21549, 26.4738, 29.0515, 0.00186202, 0.0043221, 0.00424741, 
128, 66689.7, -4.44294, -0.625646, -5.65981, 0.00541973, 0.00549634, -0.000732608, 
129, 293196, 17.9192, -10.7051, -36.7261, 0.0027888, -0.000891041, -0.00742438, 
130, 58957.4, -1.19305, 8.63948, -2.70994, 0.0060228, 0.00187293, -0.00163886, 
131, 26864.5, 24.3218, -12.7962, -35.0929, 0.0035635, -0.00193321, -0.00694132, 
132, 14537.9, 16.3395, 9.41577, -33.6294, 0.00102891, 0.0025798, -0.00509047, 
133, 59690.8, 0.900586, 1.65116, -7.24193, 0.00443132, -0.00833564, 0.00185166, 
134, 71873.2, -9.75246, -7.23441, -8.90851, 0.0017568, 0.00198635, -0.00225414, 
135, 9549.31, 2.14697, 5.57357, -1.32442, -0.0015462, -0.00378809, 0.00236329, 
136, 48774.7, -7.86448, -35.2762, 23.3084, -0.000223511, -0.00489335, 0.00625119, 
137, 177196, -10.701, -7.79911, 4.16073, -0.00120841, 0.00133734, -0.00197269, 
138, 29597.5, 5.91147, 3.73563, -7.03664, -0.000133603, 0.00162391, -0.00287994, 
139, 32591.9, -17.3355, -19.3074, 15.9749, -0.00210017, -0.00334168, 0.00191461, 
140, 153581, -16.348, -19.6219, 16.048, -0.00321213, -0.000644579, 0.00250936, 
141, 131949, -1.52354, 2.13666, -4.92778, 0.00545021, 0.00682296, -0.00113425, 
142, 20789.6, 6.01503, 3.99267, -3.86299, 0.00265069, 0.00730149, -0.00217548, 
143, 36049, -19.7997, -20.2335, 21.401, -0.00369656, -0.000759047, 0.00335185, 
144, 177733, -4.05495, 6.46745, -6.9466, -0.00391705, 0.00265908, -0.00163583, 
145, 143909, -10.0837, 28.0007, 24.1944, -0.00116258, 0.00662171, 0.0048926, 
146, 76057.7, -0.25404, 8.31016, -6.85146, 0.00313561, -0.00107147, -0.00489263, 
147, 21460.3, -0.201102, 3.05845, 0.152742, -0.00564694, -0.00283733, 0.000497691, 
148, 28241, 15.1982, -3.01649, 6.66004, 0.000650702, -0.00268086, 0.00336868, 
149, 77611.6, 2.64555, 7.98847, -5.6293, 0.000650313, 0.00246604, 0.00536438, 
150, 42249.4, 1.55881, 1.4933, -5.33115, 0.00181915, -0.00533898, 0.0055231, 
151, 30574.3, -0.303627, 2.34201, -8.78961, -0.00376758, 0.000173939, -0.00900093, 
152, 45197.8, -3.12486, -25.6395, 29.4293, 0.000420999, -0.00213199, 0.00661719, 
153, 71843.5, 2.76378, 10.4104, -10.791, 0.00522865, 0.0010773, 0.00235204, 
154, 71612.1, -13.7929, -16.5332, 1.959, -0.00129233, -0.000854847, -0.000252597, 
155, 53086.9, -1.23182, 4.01139, -5.04355, -0.00636254, 0.0113509, -0.00764714, 
156, 50912.6, 0.0133424, 9.79061, -4.86074, -0.00135582, 0.00331687, -0.0015526, 
157, 422843, 0.0454026, 6.78362, -7.43181, 0.00039177, 0.00234682, -0.00168143, 
158, 35700.8, -23.2243, 25.1642, 26.6944, -0.00376295, 0.00544957, 0.00514153, 
159, 46045.4, 3.09609, 9.2438, -5.52926, 0.00604753, -7.61321e-05, -2.05581e-05, 
160, 152279, 20.1712, -0.840903, -23.4089, 0.00204364, 0.000912713, -0.00334268, 
161, 142259, -7.07931, 1.63845, 0.353562, 0.00403966, -0.00483071, -0.000469148, 
162, 22811, -10.3393, -22.1474, 18.4983, -0.000585325, -0.00149093, 0.00273185, 
163, 44215.6, -9.93826, -13.4009, 32.7159, -0.000648902, -0.00199896, 0.00616138, 
164, 78004.8, -9.71129, 5.23839, 2.64195, 0.0045067, -0.000232975, 0.000205087, 
165, 116840, 25.3837, -12.2461, 21.2947, 0.00410332, -0.000982861, 0.00337482, 
166, 26576.3, -1.95089, -37.8496, 35.311, 0.00180656, -0.00720476, 0.00863017, 
167, 178987, 3.03146, 2.08851, 0.0325222, -0.00271405, -6.92468e-05, -0.00346155, 
168, 105332, 5.06985, -18.4587, 10.944, 0.00125917, -0.00122922, -0.000910586, 
169, 17416.3, 1.05383, -3.25761, -3.91178, 0.00384286, -0.000491646, 0.000740101, 
170, 188196, -15.7206, -41.3167, 31.2912, -0.00281509, -0.00820952, 0.00789261, 
171, 154087, -2.23871, 6.00796, -2.14228, -0.00112491, -0.0021805, -0.0023481, 
172, 221417, -3.56886, 5.1971, -0.589953, 0.00392156, 0.00549133, -0.00402274, 
173, 30581.6, 0.199853, 0.0237906, -0.309165, -0.00297214, -0.00547285, -0.00417353, 
174, 257561, 3.01367, 6.5896, -3.71923, 0.00193362, 0.00435612, -1.20729e-05, 
175, 25785, -3.43893, -40.9586, 17.0492, -0.000305695, -0.0084534, 0.00437406, 
176, 48638.1, 13.238, 11.7753, 23.3243, 0.00179035, 0.000971177, 0.00191746, 
177, 10067.2, -15.8194, 5.25907, 6.02622, 0.00106604, 9.84347e-05, 0.000384891, 
178, 44588.6, -27.5298, -40.6013, 27.0137, -0.00765172, -0.00846596, 0.0055257, 
179, 92749.3, -2.28589, 7.78619, -3.70276, 0.00468243, 0.00107286, -0.00450934, 
180, 92871.7, 4.4438, 1.3982, -20.3514, 0.00261551, -0.000721312, 0.000638907, 
181, 247270, -0.438391, -20.1711, 8.0101, -4.64236e-05, -0.00204328, 0.00057296, 
182, 486916, -0.169465, 6.63721, -3.7918, 0.00140771, -0.00138508, -0.00539482, 
183, 368942, -1.75952, -18.0114, 13.1666, 0.000384546, -0.000811839, 0.000196349, 
184, 177502, -24.2721, 15.0907, -12.8365, -0.00369708, 0.00159428, -0.00102069, 
185, 207343, 0.736353, 5.35979, -4.93006, 0.000580588, 0.00770738, 0.00773248, 
186, 187409, 1.02181, 3.08708, 3.6633, 0.000238171, -0.00259896, 0.00497548, 
187, 2227.5, -13.9838, -31.7971, 17.2935, -0.00172602, -0.00426129, 0.00320586, 
188, 123729, -0.760756, 5.01877, -5.42597, -0.00268482, 0.00959573, -0.0100573, 
189, 104967, 1.24481, 6.77374, -9.06701, 0.0010952, 0.00537831, 0.00162557, 
190, 66861.3, 24.5899, 34.5187, 19.2625, 0.00521271, 0.00608695, 0.00302124, 
191, 273746, 5.52037, 1.85969, 0.637148, -0.00544484, 0.00313723, 0.00225601, 
192, 237580, 0.173145, 0.0479818, 0.219272, 0.00248584, -0.0043517, 0.00191881, 
193, 172963, -11.2574, -40.923, 23.4324, -0.000946683, -0.00740726, 0.00558147, 
194, 93590.7, 0.456146, 5.93061, -5.15731, -0.00152584, 0.0103903, -0.00419385, 
195, 163125, -10.6765, -25.1016, 16.0254, -6.5241e-05, -0.0028998, 0.00216241, 
196, 160121, -16.1518, -14.5101, 20.9797, -0.00288711, -0.00131497, 0.0021656, 
197, 122511, 2.02662, 4.07969, -6.8931, -0.00657588, -0.00529585, -0.00126135, 
198, 16991.2, -28.496, 22.2766, 16.7475, -0.00628607, 0.0059517, 0.00388091, 
199, 27557.8, -12.9148, 12.7728, 1.46677, -0.0005558, 0.000578882, -0.00261825, 
