ID, Mass [kg], pos_0 [m], pos_1 [m], pos_2 [m], vel_0 [m/s], vel_1 [m/s], vel_2 [m/s], 
0, 280921, 56.2779, 172.616, 51.8291, -0.000351452, -0.000410824, 5.86395e-05, 
1, 149137, 137.791, -186.104, 196.676, -0.000113487, 0.000170927, -0.000191613, 
2, 50446.3, -111.44, 24.1125, -22.5119, 0.000175904, 3.52787e-06, -0.000128667, 
3, 41485.9, 59.0214, -65.7251, 151.844, -4.91696e-05, 0.000115927, -0.000285348, 
4, 9933.15, -38.5144, -27.3607, -80.7028, 5.96483e-05, -4.0177e-05, 0.000146645, 
5, 66967.5, 120.238, -9.43615, 7.73642, -0.000236949, 2.38659e-05, -1.22805e-05, 
6, 46662.8, -80.5293, 58.5808, -180.248, 6.3728e-05, 9.80021e-06, 0.000343537, 
7, 97754.2, 82.1143, -21.7005, -178.718, -2.92879e-05, -9.52648e-05, 0.000326166, 
8, 255643, 18.8581, 167.773, -124.874, 3.52515e-06, -0.000225345, 0.000191208, 
9, 417487, -84.3285, -146.651, -17.7522, 4.27976e-05, 0.000244743, 2.2596e-05, 
10, 142825, 168.76, 150.395, 22.4909, -0.000229402, -0.000116585, -1.71727e-05, 
11, 100784, 84.3127, -68.9795, -47.385, -0.000206161, 9.88094e-05, 0.000148691, 
12, 103879, -37.4915, 169.52, 175.197, 4.74705e-05, -0.000215443, -0.000225508, 
13, 18497, 113.462, -51.4142, 115.451, 0.000935962, -0.000451674, 0.000955754, 
14, 142719, 80.188, -39.5108, -118.107, -0.000180985, 8.47689e-05, 0.000145586, 
15, 24734, 40.7246, 16.888, 66.5803, -0.000179949, -0.000191358, -1.31044e-05, 
16, 60638.9, 25.9847, -28.7332, -54.073, 3.15711e-05, 3.85407e-05, 0.000146842, 
17, 156413, 35.8866, -57.4343, 141.681, 2.92697e-05, 5.7339e-05, -0.000306452, 
18, 40614.3, 81.4358, 40.5965, 71.724, -0.000169847, -1.14113e-05, -0.00012611, 
19, 80054.7, 39.124, -39.1893, -32.9855, 8.9823e-05, 0.000207799, 9.7152e-05, 
20, 20188.5, 79.5002, 157.176, -164.955, -2.58242e-05, -0.000106292, 0.000258438, 
21, 52898.6, 112.996, 15.594, -133.216, -0.000160725, -4.02483e-06, 0.000239153, 
22, 70476.7, -187.158, -83.4455, -102.431, 0.000222583, -9.8953e-05, 0.000135597, 
23, 97799.1, -100.537, 86.7046, -70.6789, 0.000117178, -0.000164015, 4.71942e-05, 
24, 31591, 150.216, 134.326, -190.366, -0.00024618, -0.000251505, 0.000337304, 
25, 362159, -48.2929, -175.749, -169.145, 7.55904e-06, 0.000281906, 0.000137554, 
26, 54079.9, -135.717, 57.6037, 157.506, 0.000143333, -1.39366e-05, -0.000198097, 
27, 71083.6, 173.023, 197.541, 9.4591, -0.000202308, -0.000275549, -5.93474e-06, 
28, 49965.9, 57.0173, 26.5803, 65.6283, -6.90851e-05, -8.45403e-05, -0.000161961, 
29, 13380.9, -59.8286, -156.736, 79.8452, -8.42696e-05, 0.000205206, -0.000246648, 
30, 295051, 166.853, -41.2779, 22.0787, -0.000269675, -8.3746e-06, 5.28113e-05, 
31, 167525, -59.5143, -136.499, 135.538, 4.46735e-05, 0.000194846, -0.00014909, 
32, 9620.01, -80.7876, 115.756, -132.007, 9.41427e-05, -0.00018803, 9.66351e-05, 
33, 72411.2, 15.2529, -86.9603, -158.786, 3.24072e-06, 0.000140595, 0.000174565, 
34, 19982.7, -103.488, -36.8749, 141.777, 0.000131938, 3.45159e-05, -0.000170361, 
35, 40945.2, -11.6866, 184.879, 180.423, 2.74948e-05, -0.000228587, -0.000232719, 
36, 88463.2, 116.787, -39.0995, 157.543, -0.000119425, -1.06803e-05, -0.000265793, 
37, 37051.3, -88.9701, -117.747, -13.4424, -0.000275299, 8.95551e-05, -0.000103687, 
38, 18264.2, -157.923, 124.656, 0.686516, 0.000169526, -0.00016995, 1.18264e-05, 
39, 113580, 108.971, -182.17, -175.972, -0.000124281, 0.00019221, 0.000203584, 
40, 4383.14, 124.866, 80.0288, 24.0258, -0.000194171, -5.96667e-05, -3.12807e-05, 
41, 99803.5, -3.90112, -130.137, 120.369, 8.35232e-05, 0.000214339, -7.7909e-05, 
42, 19049.6, 74.9327, -182.45, 76.2397, -5.8068e-06, 0.000251574, -3.3066e-05, 
43, 59175.5, 144.926, 180.85, 23.5993, -0.000117715, -0.000279022, 1.51293e-05, 
44, 106282, 137.626, 1.27118, -100.94, -0.00027021, 4.81344e-05, 0.000159156, 
45, 85925.5, 138.295, 88.9854, -81.3056, -0.00022963, -6.02077e-05, 0.000132247, 
46, 75101.4, -37.9857, -13.0695, -23.0267, 8.78258e-05, 7.88663e-05, 2.19611e-05, 
47, 112110, 133.718, 6.25386, -64.029, -0.000281304, 6.67673e-05, 9.54572e-05, 
48, 15845.1, -156.353, 7.38432, 18.235, 0.000253974, 2.16155e-05, -4.73127e-05, 
49, 578756, -95.0154, 186.775, -142.985, 8.31646e-05, -0.000249646, 0.00011239, 
50, 236989, -174.004, -177.444, -176.311, 0.000262568, 0.000161445, 0.000337556, 
51, 42192.7, -39.6018, -44.666, 128.287, 8.9152e-05, 9.89771e-05, -0.00019791, 
52, 2833.87, 57.2973, -126.022, 185.012, -1.80144e-05, 0.000109021, -0.000336876, 
53, 20885.3, -102.725, -148.132, 163.161, 0.000131958, 0.00015561, -0.00025165, 
54, 59239.7, 91.8922, 22.366, 16.7392, -0.000211087, -3.91019e-05, 2.7907e-05, 
55, 68616.1, -106.28, -147.562, -180.825, 9.69426e-05, 0.00014898, 0.000348197, 
56, 140806, 179.151, -91.0924, 97.9221, -0.000255733, 0.000262272, -2.66501e-05, 
57, 47680.3, -43.7909, -55.225, -181.304, 0.000401263, 0.000250446, 0.000264555, 
58, 142649, 41.5066, 173.69, 46.8692, 0.000177392, -0.000384797, 0.000157479, 
59, 121601, 110.263, -116.754, -124.122, -0.000159458, 0.000138815, 0.000139902, 
60, 48784.1, -181.83, 188.74, 190.737, 0.000135878, -0.000259696, -0.000207376, 
61, 212902, 14.3325, -69.6803, -179.408, 4.41468e-05, 4.08344e-06, 0.000333614, 
62, 33750, -191.542, -124.36, -129.573, -0.000248117, 1.90363e-05, 0.0004154, 
63, 103881, 165.852, -187.61, 140.548, -0.000166638, 0.000258009, -0.000165352, 
64, 144035, 73.7649, 132.269, 36.4603, -0.000156613, -0.000152442, 5.44387e-06, 
65, 255917, -179.781, -80.8324, -153.178, 0.000308791, -1.13539e-05, 0.000180551, 
66, 45051.8, 168.259, -70.0975, 42.6189, -0.000317178, 0.000192619, -4.04667e-05, 
67, 211462, 80.0759, -69.3428, -15.9766, -0.00018667, 0.00010946, -2.83419e-05, 
68, 84771.9, 185.177, -181.475, 129.649, -0.00025769, 0.000199899, -8.65728e-05, 
69, 71798.4, -96.2837, -48.6273, 154.111, 0.0001165, 3.01177e-05, -0.000254665, 
70, 1322.42, -142.588, 158.455, 99.3085, 0.000104955, -0.000290147, -0.000165422, 
71, 75224.8, -44.5298, 150.467, 90.7718, 0.000212158, -0.000155418, -0.000232525, 
72, 52782.9, -40.574, -191.558, -84.6305, 2.4607e-05, 0.000318999, 2.25034e-05, 
73, 79840.9, -173.774, 151.992, -169.79, 0.00016215, -0.000179891, 0.000141645, 
74, 104228, 96.2456, 87.9377, 95.2761, -0.000155367, -7.90282e-05, -6.0988e-05, 
75, 2482.41, 91.367, -17.7732, 65.8703, -0.000222213, 4.39977e-05, -5.17406e-05, 
76, 154427, -67.366, 138.033, 188.958, 3.85576e-05, -0.000182544, -0.000274741, 
77, 8290.76, -121.75, -33.1716, 35.3995, 0.000163909, 7.54027e-05, -6.39026e-05, 
78, 331032, -72.9942, -114.121, 179.515, -0.000118067, 9.31768e-05, -0.000547388, 
79, 124.402, 189.566, -177.309, -8.69276, -0.000282684, 0.00019796, 1.21029e-06, 
80, 282082, 115.379, 92.6795, -153.117, -0.000243538, 0.000948035, 0.000415079, 
81, 84879.9, -65.5598, -198.631, -174.73, 9.63535e-05, 0.000357521, 0.000201854, 
82, 17833.5, -142.641, -34.6996, 54.6598, 0.000161086, 6.26311e-05, -9.38665e-05, 
83, 107049, 101.444, 43.2237, -38.6848, -0.000167664, 6.63691e-05, -1.0985e-05, 
84, 82132.9, -142.428, 161.723, -55.279, 0.000321738, -0.000361552, -6.28387e-05, 
85, 30550, 164.225, -29.2682, 114.095, -0.000266041, -1.39889e-05, -0.000117763, 
86, 86214.3, -113.462, 28.1739, -36.2109, 0.000204712, -1.93887e-05, -7.43344e-05, 
87, 208788, -173.309, 86.2492, 194.349, 0.000146188, -3.48963e-06, -0.000244418, 
88, 27619.9, -110.948, 185.207, 167.585, 6.94319e-05, -0.000736399, -0.000254189, 
89, 15196.8, -65.7478, 169.296, 70.5253, 9.93383e-05, -0.000265252, -2.85312e-05, 
90, 17206.4, 58.4084, 65.7065, -17.6509, -6.43549e-05, -9.21092e-05, -1.78159e-05, 
91, 238697, -155.367, -90.8856, -180.219, 0.000191314, -2.36036e-05, 0.000313481, 
92, 21618, 144.164, 83.3649, 11.8152, -0.000238748, -6.57845e-05, -5.79661e-05, 
93, 93343.4, 131.615, -64.0183, 131.982, -0.000309951, 0.000197562, -0.000244643, 
94, 71437.8, -134.355, -178.52, -20.5002, 6.23684e-05, 0.000385602, 2.18153e-05, 
95, 66240.3, 153.04, -69.3548, -109.005, -0.000269831, 0.000120474, 0.000174085, 
96, 77123.1, -76.8271, 131.377, 44.2415, 0.000177745, -0.000167216, -6.30486e-05, 
97, 7278.21, -193.302, -69.7484, 187.908, 0.000198964, 9.03768e-05, -0.00017777, 
98, 42026.4, 52.3007, -153.92, -179.267, -8.95647e-05, 0.000186852, 0.000279618, 
99, 52939.5, 120.362, 142.487, 7.42069, -0.000178613, -0.000247449, -2.13916e-05, 
100, 38590.4, 45.2438, 125.223, 187.988, 5.15261e-05, -0.000183692, -0.000326226, 
101, 63474.3, -187.063, 163.957, -193.379, 0.000171921, -0.000213071, 0.000181934, 
102, 124280, 3.82103, -161.837, -127.306, -9.19531e-06, 0.000257277, 0.000133692, 
103, 80739.6, -174.38, -103.043, -198.11, 0.000255505, 7.72893e-05, 0.000316958, 
104, 8869.04, 97.6117, 174.538, -78.4453, -3.99709e-05, -0.000319003, 7.75603e-05, 
105, 125612, 188.943, 161.412, 15.7656, -0.00033056, -0.000173368, 5.54304e-06, 
106, 19753.6, -1.68372, -196.002, 139.406, 4.36804e-05, 0.000266551, -0.000135743, 
107, 95859.1, 112.071, -123.534, 82.6499, -0.000147904, 0.000139832, 8.49954e-06, 
108, 21407, 117.803, -106.755, 184.958, -0.00011656, 0.000149187, -0.000282998, 
109, 355183, -77.0215, 187.801, -195.835, 2.85276e-06, -0.000197983, 0.000240743, 
110, 12025, -11.9954, -119.852, 65.4315, 5.81564e-05, 0.000197719, -6.93813e-05, 
111, 175878, 180.042, 190.152, 157.639, -0.000207012, -0.000255415, -8.69777e-05, 
112, 23630.5, 68.0482, 170.857, -61.5083, -6.45055e-05, -0.000315568, 0.000159293, 
113, 6031.1, 182.727, 164.527, -16.7272, -0.000286315, -0.000163354, -1.49272e-06, 
114, 207555, 192.491, 78.2698, 181.939, -0.000300809, 1.033e-05, -0.000226472, 
115, 304955, 48.7524, -169.771, 157.804, 3.49263e-05, 0.000238474, -0.000253182, 
116, 32538.4, 100.526, 178.745, 104.919, -9.20329e-05, -0.000263477, -8.58389e-05, 
117, 75178.7, 163.675, 145.723, 178.006, -0.000182027, -0.000270021, -0.000221022, 
118, 115149, 58.517, -158.078, 5.4678, -4.93914e-05, 0.000269554, -1.75037e-05, 
119, 39187.2, -175.997, -47.0966, -133.093, 0.000257447, -1.52576e-05, 0.000167986, 
120, 260132, 182.013, 151.944, -114.057, -0.000231728, -0.000249672, 7.09295e-05, 
121, 164.449, 146.708, -85.7217, 84.1208, -2.99404e-05, 0.00014046, 1.2872e-05, 
122, 72328.1, 52.6655, -124.434, -22.4163, -0.00016097, 0.000182931, 1.1193e-05, 
123, 191160, 32.1806, -184.281, -198.539, -5.12171e-05, 0.000198111, 0.000243547, 
124, 335649, 41.0117, -113.932, 96.6173, 2.77135e-05, 5.71369e-05, -3.12101e-05, 
125, 42189.1, -198.75, -102.952, -136.452, 0.000349636, 4.95934e-05, 0.000142567, 
126, 135736, 109.704, -39.437, 14.96, -0.000201888, 6.99651e-05, -1.88062e-05, 
127, 3895.45, 191.688, 162.247, 171.592, -0.000482613, -0.000267309, -1.03608e-05, 
128, 3162.09, -127.66, -10.4565, -136.259, 0.000216213, 1.12784e-05, 0.000120171, 
129, 14972.2, -70.3845, 65.468, -112.22, 1.69534e-05, -2.35386e-05, 0.000109684, 
130, 2204.3, 93.3483, -52.1092, -175.686, -0.0001763, 0.000197412, 0.000295076, 
131, 53467.8, -31.1037, -185.902, -121.94, 1.71885e-05, 0.000315174, 8.65209e-05, 
132, 9019.17, -191.071, 82.9432, 54.9881, 0.000384855, 1.50955e-05, -5.21297e-05, 
133, 75971.7, -55.5713, 57.8128, 86.602, 8.24348e-05, -3.82179e-05, -0.000171417, 
134, 53116.9, 182.152, -55.173, 4.36641, -0.000390765, 2.70202e-05, 9.94116e-05, 
135, 59974, 192.264, -44.4031, -172.44, -0.000237595, 1.31976e-05, 0.000184831, 
136, 59642.4, -183.661, -41.611, -58.993, 0.00034842, 2.32558e-05, 3.7582e-05, 
137, 26631.6, -44.6303, 108.311, -127.119, -4.65805e-05, -0.000207648, 8.57303e-05, 
138, 52317.3, -30.8213, 171.26, 17.7402, 4.08544e-05, -0.000277763, 1.22647e-05, 
139, 15542.6, -119.107, 49.5961, 193.28, 0.000116376, -2.73672e-05, -0.000279205, 
140, 36217, 30.5657, -43.7724, -154.375, 0.000424529, 0.000529555, 0.0010313, 
141, 14570.2, 144.432, 87.8386, 173.393, 8.20286e-05, 0.000243251, -0.00019994, 
142, 134592, 86.8434, 101.936, 140.245, -7.99493e-05, -5.01508e-05, -8.64678e-05, 
143, 1851.55, 23.4536, 6.0337, 129.335, 4.13292e-06, 6.76343e-06, -0.000266661, 
144, 43063.4, -146.386, 10.2285, 60.2103, 0.000202013, 8.28706e-06, -8.13015e-05, 
145, 18286.9, 149.928, 37.8626, -15.6633, -0.000274835, 3.09259e-06, -2.64745e-05, 
146, 26541.1, -116.335, 173.377, -118.341, 0.000205001, -0.000212713, 5.91331e-05, 
147, 8663.67, -66.1313, -145.666, -74.0728, 5.28123e-05, 0.000230432, -5.04163e-05, 
148, 163581, 147.86, 122.6, -181.102, -0.000219957, -5.58215e-05, 0.000186455, 
149, 107209, 32.2963, -91.7682, -15.0498, -0.000113676, 0.000270245, -2.18248e-06, 
150, 50934.3, -53.5546, -82.8752, 140.069, 4.09633e-05, 0.000105393, -0.000198409, 
151, 164542, -40.2166, 24.0613, -55.6881, 8.3192e-05, 6.0777e-06, 0.000113624, 
152, 122136, -164.549, -29.3709, 42.7404, 0.000233613, 7.59682e-05, -0.000121301, 
153, 160436, 90.7504, 6.41488, 101.913, -0.000166475, -1.33763e-05, -0.000159099, 
154, 69121.8, -68.0136, 104.161, 113.594, 0.000117815, -0.000101302, -0.000143535, 
155, 76747.4, 144.753, 104.993, 150.398, -0.000151895, 1.95952e-05, 3.37759e-05, 
156, 31683.4, 194.852, -193.096, 63.1854, -0.000234199, 0.000220633, -5.05098e-05, 
157, 27956.6, -148.741, -113.916, -48.4012, 0.000153539, 0.00023999, 8.93099e-05, 
158, 95642.5, -42.5931, 102.757, 116.388, 5.67359e-05, -9.88664e-05, -0.000141827, 
159, 32134.9, -117.674, -4.60981, 126.589, 0.000764774, 0.00310794, 0.00140377, 
160, 98272.6, -2.3221, -95.5009, 168.367, 3.45112e-05, 0.000108957, -0.000286552, 
161, 21117.1, -27.4303, 27.2774, -182.662, -1.34123e-05, -2.21174e-05, 0.000349961, 
162, 5265.15, 51.2066, -26.8894, -32.9265, 0.000340035, -1.80295e-05, 0.000209093, 
163, 24911.8, -109.352, -175.075, -123.849, 9.92275e-05, 0.000628048, 2.52098e-05, 
164, 2675.35, -170.189, -187.62, -179.872, 6.97124e-05, 0.000584236, 0.00034953, 
165, 188114, 77.3273, 117.688, 168.424, 5.46262e-05, -0.000300518, -0.000288019, 
166, 218499, -166.364, -80.8309, 114.408, 0.00021841, 9.51616e-05, -0.000133037, 
167, 3366.32, -82.5593, -51.7653, 25.5434, 0.000113908, 8.16092e-05, -1.67596e-05, 
168, 171467, -20.9042, 137.151, 76.1582, 3.55642e-05, -0.000132688, -7.84073e-05, 
169, 29402.8, -173.982, -6.52004, -183.803, 0.000144729, -4.55023e-05, 0.000183397, 
170, 9574.81, 118.524, -11.698, -20.82, -0.000235113, 5.02206e-05, 4.37828e-05, 
171, 404502, 157.844, -57.4605, 190.138, -0.000205796, 8.58064e-05, -0.000269295, 
172, 230768, -110.793, 176.201, 165.937, 6.53104e-05, -0.000147239, -0.000155488, 
173, 76261.3, 146.882, -176.769, 31.2736, -0.000162683, 0.000274239, -1.78844e-05, 
174, 150683, -115.778, 194.457, -191.025, 0.000140014, -0.000225624, 0.000228559, 
175, 27057.9, 126.801, -62.2023, 169.73, -0.000156682, 7.79011e-05, -0.00027289, 
176, 27548.3, 129.471, 16.2846, 24.3186, -0.000249891, -6.64342e-06, -3.85208e-05, 
177, 54278.4, 77.8861, 102.469, -97.1924, -0.000119461, -0.000189059, 0.000175584, 
178, 45486, -61.9914, 105.19, 77.2652, 9.48278e-05, -0.000120255, -9.37972e-05, 
179, 171.788, 7.27846, 190.516, -140.572, 2.60796e-05, -0.00029428, 0.000201875, 
180, 65953.7, 126.932, -84.6603, 18.0567, -0.000269964, -3.85125e-05, 0.000196835, 
181, 21018.2, -175.018, 135.155, -77.8677, 0.000223116, -0.000182537, 7.34473e-05, 
182, 13595.7, 81.3735, -93.0344, -197.115, -0.000137478, 0.000114177, 0.000323452, 
183, 993.895, 73.2511, -169.913, -154.912, -9.25019e-05, 0.000220589, 0.000233993, 
184, 8606.48, 82.3338, 15.7774, -58.703, -0.000105231, 1.33435e-05, 0.000115854, 
185, 150226, -196.808, 41.8881, -173.355, 0.000374172, -1.23547e-05, 0.000400292, 
186, 429178, -188.396, 34.4309, 127.903, -0.00103603, 0.000110202, -0.00017538, 
187, 117798, -48.2348, -108.708, -76.9666, 6.35072e-05, 0.000139147, 3.97754e-05, 
188, 203405, 67.7877, -57.1246, -170.021, -3.97573e-05, 0.000204973, 0.000370741, 
189, 139725, -117.453, -151.947, 73.2998, 0.000147097, 0.000159071, -0.00011361, 
190, 115574, -170.246, 172.251, 32.4763, 0.000231179, -0.000247417, -2.85374e-05, 
191, 187198, 125.401, -117.483, -8.51925, -0.00017027, 9.84475e-05, -1.90419e-05, 
192, 13633.8, -47.1974, 132.673, 59.9894, 0.00010211, -0.000161197, -2.76446e-05, 
193, 162929, -118.988, -99.0994, 43.0258, 0.000176534, 0.000101907, -5.76772e-05, 
194, 5831.63, 111.552, 11.6919, -143.063, -0.000162862, 1.65155e-05, 0.000332565, 
195, 266424, 34.678, -84.0243, -178.724, -0.000109305, 0.000138756, 0.000319448, 
196, 302030, -104.818, 115.34, -31.804, 0.000165962, -0.000131673, -5.45809e-05, 
197, 99224.4, -157.554, 124.205, -124.492, 0.000189286, -0.000156447, 0.000122013, 
198, 144330, -111.742, 28.035, -49.5196, 0.000135274, 4.41532e-05, 0.00016749, 
199, 173484, -171.58, -129.306, 192.569, 0.000156401, 9.93032e-05, -0.000191185, 
200, 52902.4, -91.7523, 192.201, -165.814, 3.53498e-05, -0.000295942, 0.000306621, 
201, 131523, 73.4381, -10.8207, -3.4735, -0.000201193, -2.96977e-05, -0.000109149, 
202, 33478.7, 109.43, 138.546, 140.565, -0.000131717, -0.000237837, -9.70944e-05, 
203, 38116.5, -34.8061, -151.505, 41.3581, -2.28319e-05, 0.000236844, -6.64488e-05, 
204, 49684.2, 42.8082, -54.5445, -31.6926, -1.8039e-05, 0.000178344, 4.9383e-05, 
205, 23451.3, 108.093, 58.8797, -31.2462, -0.000229658, -6.99495e-05, -7.33136e-05, 
206, 272815, -163.704, 184.772, 145.608, 0.000145727, -0.000233575, -0.000124598, 
207, 108283, -50.2346, 70.7089, -54.0756, 3.54329e-05, -7.73968e-05, 7.16849e-05, 
208, 47217.4, -57.3047, 41.9885, -181.058, 4.79189e-05, -9.10195e-06, 0.000381175, 
209, 57941.2, 26.823, 174.001, 88.8629, 7.66786e-07, -0.000311444, -0.000299424, 
210, 45766, -197.719, 42.1618, -74.0887, 0.000321191, -2.9202e-05, 7.5343e-05, 
211, 171964, -145.762, 67.0303, 43.2213, 0.000217118, -2.34502e-05, -6.90818e-05, 
212, 55787.4, -82.2011, 41.0898, 120.067, 0.000101737, -6.72401e-06, -0.000181011, 
213, 8131.2, -127.542, -119.003, -117.957, 0.000113294, 6.01616e-05, 1.44124e-05, 
214, 118657, 151.395, -151.58, 47.4074, -0.000138139, 0.000203798, 2.16388e-05, 
215, 44021.9, 180.993, -174.507, 148.218, -0.000231503, 0.000131866, -0.000215076, 
216, 19352.3, -123.97, -105.517, -168.283, 5.23914e-05, 8.36562e-05, 0.000140576, 
217, 5382.32, -156.515, 153.28, 69.2319, 0.000268133, -0.000229084, 0.000161924, 
218, 27041.9, 41.4164, -182.544, -145.306, -0.000121351, 0.000287093, 0.000154725, 
219, 270870, -153.089, -174.908, -161.966, 0.000117448, 0.00024251, 0.000131647, 
220, 170672, -69.1607, -158.821, 69.0983, 4.4358e-05, 0.00023666, -8.94904e-05, 
221, 2772.51, 41.6393, 197.168, 66.0367, -6.95782e-05, -0.000527166, -6.07713e-05, 
222, 80847.1, 64.7262, -53.3897, 82.5865, -0.000104989, 7.73163e-05, 3.01664e-06, 
223, 150861, -19.2212, 36.0245, -29.4956, 7.52267e-05, 1.3878e-06, 9.93524e-05, 
224, 92156.8, -131.357, -192.711, -65.0465, 0.000125844, 0.000297347, 4.68026e-05, 
225, 314743, 71.1672, 20.1281, 38.9671, -0.000162638, 1.23316e-05, 0.000109543, 
226, 63068.6, 79.6536, -54.7669, -154.35, -0.000204533, 8.71067e-05, 0.000100018, 
227, 58921.6, 101.505, -131.427, 107.128, -0.000251809, 9.46476e-05, -0.00016916, 
228, 4673.13, -183.519, -147.771, -91.8479, 0.000264043, 0.00021299, 3.95544e-05, 
229, 36281.7, -82.7885, 148.751, -41.6397, 8.3433e-05, -0.00024802, 8.79305e-05, 
230, 138196, 16.8344, 129.351, 138.851, 1.2462e-05, -0.000163441, -0.000188962, 
231, 119501, -65.7707, -27.8119, 100.656, 0.000113261, 5.47798e-05, -0.000144019, 
232, 69872.3, 125.834, 11.8333, -5.4167, -0.000238557, -1.22976e-06, 2.20631e-06, 
233, 89685.4, 76.126, -115.516, 88.508, -0.00010697, 0.000128821, -2.47237e-05, 
234, 64918, 164.336, -148.946, 53.7856, -0.00032578, 0.000152682, -2.09777e-05, 
235, 69504.8, 129.947, 47.5261, 157.949, -0.000162628, -1.21766e-05, -0.00015268, 
236, 175029, 103.554, -91.4592, -147.779, -0.000174442, 0.000112325, 0.000211303, 
237, 26898, -104.771, -167.347, 90.5658, 8.066e-05, 0.000250881, -0.000169914, 
238, 225724, -156.613, 175.545, -9.11068, 0.00016375, -0.000241778, -1.67883e-05, 
239, 44642.4, 54.899, -160.384, 39.3229, -0.000127988, 0.0002536, -5.96864e-05, 
240, 193826, 138.249, 0.0982559, 194.88, -5.73021e-05, -2.69856e-05, -0.000278369, 
241, 213589, 122.958, 193.958, 177.627, 4.53959e-05, -0.000221975, -0.000195188, 
242, 127263, -116.4, -5.54846, -161.695, 0.000196392, -4.58861e-05, 0.000315997, 
243, 90266.2, 140.27, 197.092, -167.636, -0.000120846, -0.000230602, 0.000198845, 
244, 315041, -15.248, -94.7317, -90.0908, 4.74978e-05, 0.000135523, 6.92712e-05, 
245, 52538.4, -34.919, 48.7014, 118.616, 7.90864e-05, 6.25618e-06, -0.000205523, 
246, 141819, 42.2074, -59.0254, 56.6053, -8.94393e-05, 6.32312e-05, -9.97029e-05, 
247, 53031.2, 3.90314, -122.403, -30.8953, 0.000244856, 0.000310749, 0.000289598, 
248, 35007.8, 46.6591, 9.69192, -15.6417, -3.46895e-05, -9.10001e-05, -3.79413e-07, 
249, 52844.5, 185.742, 41.9076, 163.657, -0.00030512, -6.64639e-05, -0.000143141, 
250, 214260, 143.999, 188.204, -50.9571, -0.000104851, -0.000296979, 3.08072e-05, 
251, 113390, 181.809, -173.272, -119.239, -0.000261962, 0.000194676, 0.000215298, 
252, 37387.7, -25.5769, 45.5321, -137.586, 2.26233e-05, -0.000108667, 0.000222306, 
253, 201829, -84.8308, 131.421, -156.33, 9.50931e-05, -0.000207966, 0.00017825, 
254, 139433, 136.646, -150.218, -163.19, -0.000129367, 0.000227992, 0.000244973, 
255, 46242.4, -10.5386, -36.4152, -17.8018, 8.17016e-05, 8.03544e-05, -3.02589e-06, 
256, 133342, 186.787, 110.601, -91.9389, -0.000292177, -2.68505e-05, 5.341e-05, 
257, 129388, 63.582, -5.96876, 82.3785, -0.0001556, -6.85898e-05, -0.00012769, 
258, 41797.5, -164.517, -62.9032, 32.4061, 0.000242394, 3.83333e-05, 5.15766e-05, 
259, 54857.3, 37.9214, 81.7932, -73.6917, 0.000106897, -0.000178951, 0.000127978, 
260, 5084.41, -182.475, 168.833, 56.6329, 0.00027086, -0.000229811, -3.62034e-05, 
261, 34826.8, 176.602, -5.60303, -50.3843, -0.000306813, 7.72884e-05, 5.3934e-05, 
262, 68038.2, 104.429, -153.075, 176.826, -0.000110083, 0.000171647, -0.000243224, 
263, 36773.2, -163.176, 78.5092, -86.5737, 0.000262236, -5.18125e-05, 8.17362e-05, 
264, 13184.5, 191.339, 144.335, -69.2581, -0.000307309, -0.000123925, 3.34699e-05, 
265, 24925.3, -24.5991, -45.3403, 142.276, 4.60702e-05, 9.82773e-05, -0.000284162, 
266, 7671.15, 130.461, -58.9277, -188.83, -0.00019866, 9.65099e-05, 0.000271836, 
267, 61253.8, -74.2542, -66.0285, 150.797, 3.03369e-05, 7.12855e-05, -0.000245147, 
268, 87022.4, 184.6, 49.4541, -121.675, -0.000282923, -4.11045e-05, 0.000162638, 
269, 53710.3, 137.512, 78.4038, -176.387, -0.000193809, -2.24221e-05, 0.000285142, 
270, 10208.5, -132.73, 160.539, -95.3075, 0.000180708, -0.000217263, 9.53734e-05, 
271, 6683.29, 52.604, -151.747, -148.439, -0.000109898, 0.000262138, 0.000204862, 
272, 82443.5, -117.327, -99.006, 39.5364, 0.00014066, 9.80715e-05, 1.12381e-05, 
273, 27007.5, 7.146, 71.9672, -31.9381, -1.84617e-05, -0.000149261, 9.40564e-05, 
274, 38723.4, 82.4902, 51.3938, -9.21105, -0.000106987, -5.12056e-05, -2.2418e-05, 
275, 67654.6, -175.358, 120.303, -142.178, 0.000228971, -0.000114404, 0.000172417, 
276, 111157, 164.721, 59.569, 159.103, -0.000232685, 3.57391e-05, -0.00014872, 
277, 343894, 8.20127, -86.7073, -20.7548, 9.95724e-05, 0.000111122, 2.46557e-06, 
278, 26553.4, 125.923, -86.4958, 20.4837, 3.63872e-05, 0.000515553, -0.000531338, 
279, 10699.9, -105.734, 108.138, 97.5573, 7.47863e-05, -0.000149149, -0.000100622, 
280, 69822.8, -98.5765, 114.128, 159.558, 9.97878e-05, -0.000127917, -0.000169398, 
281, 19659.4, 79.0454, -29.5682, -1.65174, -0.000208902, 0.000127099, -8.65961e-05, 
282, 369297, 76.149, 86.9724, 190.906, 1.36153e-05, -4.25721e-06, -0.000346539, 
283, 277629, -171.856, -31.0043, -96.602, 0.000210816, 1.32809e-05, 8.45019e-05, 
284, 494302, -117.275, -158.32, -127.333, 0.000219615, 0.000229665, 7.31371e-05, 
285, 72800.7, -138.56, -194.669, 149.306, 0.000109307, 0.000224428, -0.000156727, 
286, 197564, -112.928, 62.3611, -154.74, 0.000258662, -4.10517e-05, 0.000334154, 
287, 222227, 84.5792, 114.07, -15.9355, -0.000137445, -0.000141447, -8.80126e-05, 
288, 39907.7, -190.671, 21.9879, -127.511, 0.00027159, -0.00011581, -2.04822e-05, 
289, 419562, -113.207, 102.62, -196.572, 0.000165256, -8.87023e-05, 0.000295853, 
290, 49170.9, -60.8133, -8.18489, -13.1422, 0.000110209, 7.23544e-05, 8.50514e-07, 
291, 132942, 101.531, 137.265, -65.9436, -8.98142e-05, -0.000223084, 0.00012313, 
292, 167985, 110.83, 105.414, 187.983, -8.73821e-05, -7.00927e-05, -0.0003521, 
293, 67155.7, 146.441, 156.242, -37.3965, -0.000199197, -0.000214541, 3.18879e-05, 
294, 116726, -42.9326, 180.888, -33.9138, 2.71408e-05, -0.000302805, 4.85303e-05, 
295, 149447, -109.453, 67.3752, -64.9736, 7.08904e-05, -0.00012986, -5.28439e-05, 
296, 16834.6, 134.697, 140.632, 136.812, -0.00013598, -0.000239239, -1.87308e-05, 
297, 179961, -36.169, -85.9677, -145.943, 2.90646e-05, 2.81036e-05, 0.000209135, 
298, 13780.1, 71.4276, -107.033, 69.324, -9.77499e-05, 0.000157574, 2.89742e-05, 
299, 187672, 81.1106, -147.932, 103.552, 5.64894e-05, 0.000529578, -9.27554e-05, 
300, 10887.5, -197.257, -62.6309, -85.111, 0.000339961, 3.51535e-05, 2.18737e-05, 
301, 263463, -58.557, 10.472, 58.2665, 0.000108163, 3.16067e-05, -8.67545e-05, 
302, 12877.3, -59.283, 182.889, 117.173, 6.00913e-05, -0.000228365, -0.000256626, 
303, 59146.2, -181.009, -16.0567, -190.984, 0.000132491, 4.11039e-05, 0.00015172, 
304, 279112, -45.5937, 88.2784, -146.075, -8.93661e-05, -5.8171e-05, 0.000182055, 
305, 74380.8, -7.60715, 112.625, 71.8121, -1.31181e-05, -0.000107085, -0.000102018, 
306, 132468, -151.9, -196.133, 110.212, 0.000131261, 0.000275431, -0.000111088, 
307, 132117, 186.145, 15.0888, -93.6382, -0.000314317, 3.88756e-05, 0.000121003, 
308, 44929.8, -190.067, -12.8356, 62.6958, 0.000375923, 9.38025e-05, -5.74122e-05, 
309, 270948, 124.965, 42.3894, -106.282, -0.000197578, -3.59621e-05, 0.000163963, 
310, 71405.4, -190.602, -17.3562, 29.056, 0.000341176, 2.54291e-05, -1.83991e-05, 
311, 41519.4, 2.2517, 95.432, -104.601, 2.65651e-05, -0.000138747, 0.000168083, 
312, 203220, -39.6594, -123.741, -184.899, 2.98935e-06, 7.05037e-05, 0.000378036, 
313, 53012.5, 42.5342, -134.253, -116.576, -0.000114286, 0.000193953, 0.000101251, 
314, 424.869, 24.2974, 168.659, -126.764, -0.000978168, -0.000389288, 0.000522332, 
315, 40877, -173.695, -179.624, -169.557, 0.000280248, 0.000464846, -0.000514345, 
316, 80699.9, -111.016, 96.1435, 13.7788, 0.000155054, -0.000135967, -4.78728e-05, 
317, 99129.3, -131.99, -148.087, 1.8469, 0.000108052, 0.000142914, -7.7947e-05, 
318, 47055, 38.209, -19.1865, 96.5251, -1.20486e-06, -1.85645e-05, -0.000234744, 
319, 135206, 80.8334, 106.897, 193.023, -2.4837e-05, -0.0002739, -0.000420866, 
320, 188584, -197.267, -125.925, -126.252, 0.000404841, 0.000191033, 2.57537e-05, 
321, 348359, 88.7266, 131.979, 75.6166, -0.000171152, -0.000189018, -8.14393e-05, 
322, 120461, -140.134, -138.157, 155.106, 8.74367e-05, 9.15586e-05, -8.29514e-05, 
323, 85535.7, -194.9, -88.4507, -99.1954, 0.000491299, 0.00012155, -2.85118e-06, 
324, 128865, -77.0307, -114.75, 173.507, 0.000578144, 0.000204478, 0.000478077, 
325, 87028.9, 138.999, 114.049, 187.538, 0.000120462, 1.62425e-05, -0.000529617, 
326, 112887, 188.916, -156.918, 93.4516, -0.00028579, 0.000189115, -6.33259e-05, 
327, 34724, 190.417, -113.581, 67.9741, -0.0002918, 0.000162141, 4.5777e-05, 
328, 7478.08, -104.418, -159.858, -0.454859, 0.000119021, 0.000344231, 1.9739e-05, 
329, 11001.2, -82.9183, 170.086, 170.893, 1.06703e-05, -0.00020786, -0.000200097, 
330, 53537.7, 45.8245, 190.69, 90.856, -8.94452e-05, -0.000376526, -0.00019848, 
331, 77543, -125.982, 56.5843, 9.29078, 9.07318e-05, -5.20764e-05, -0.000141399, 
332, 108007, -176.093, -146.682, -7.12389, 0.00046468, 8.53198e-05, -9.46203e-05, 
333, 8301.85, 79.908, -103.264, 88.6976, -0.000159605, 1.21775e-05, -6.31402e-05, 
334, 25697.4, -161.493, 159.168, 24.8513, 0.000164549, -0.000154977, 7.04906e-06, 
335, 183814, 138.304, -149.688, 102.295, 0.000610513, 0.000756299, 0.00041718, 
336, 58716.6, -119.595, -146.696, 109.998, 0.000128076, 0.000163747, -0.000162068, 
337, 199351, 16.6331, 140.177, 46.0284, 8.37683e-05, -0.000135401, -1.17773e-05, 
338, 113453, 163.764, -161.546, -100.991, -4.2197e-05, -0.000136068, 0.000309595, 
339, 76288.6, 183.878, 160.345, 70.8427, -0.000353375, -0.000111969, -4.23798e-05, 
340, 113867, 147.304, 121.38, 38.5889, -0.000236447, -0.000110133, -4.47525e-05, 
341, 102255, 15.0277, 45.9037, -151.68, -6.05601e-05, -0.000142087, 0.000299952, 
342, 628320, -154.626, -154.859, -15.5408, 0.000201162, 0.000199961, 2.25792e-05, 
343, 176675, 124.199, 23.7618, -56.097, -0.00020144, -2.11504e-05, 5.54648e-05, 
344, 284783, -151.032, 82.6201, 108.253, 0.000216219, -3.60701e-05, -0.000126081, 
345, 60922.6, 39.7855, -29.98, -30.8328, 0.000120718, -0.000107288, 6.59098e-06, 
346, 8108.01, 3.65597, 59.4654, 55.1644, 4.05489e-05, -4.53922e-05, -0.000102942, 
347, 93275.2, 62.2648, -122.782, -63.2889, -8.92413e-05, 0.000185674, 0.000104089, 
348, 29799.9, 123.876, -20.9773, -67.1726, -0.000684876, -2.26759e-05, -0.000601253, 
349, 5827.31, -154.759, 181.854, -42.768, 0.000149316, -0.000286227, 8.29065e-05, 
350, 34948.1, 124.858, -90.3216, 50.9438, -0.000167285, 0.000136384, -3.11208e-05, 
351, 291282, -59.4095, -136.719, -166.555, 8.20908e-05, 0.000119024, 0.000220237, 
352, 133.717, -57.3321, 38.9553, -138.838, 0.000117979, -2.24044e-05, 5.35567e-05, 
353, 125850, -163.835, -25.5689, 93.2379, 0.000227171, 5.90061e-05, -0.000104383, 
354, 126712, -26.546, 72.895, -8.98399, 3.05654e-05, -0.000135314, 3.76733e-05, 
355, 208238, 40.679, -129.407, 104.222, 5.55642e-05, 0.000407855, -0.00020066, 
356, 78434.8, -99.5928, -114.264, -89.9496, 0.000146762, 8.61047e-05, 4.79122e-05, 
357, 110190, -153.805, -173.488, -45.3495, 0.000200284, 0.000297582, 0.000117715, 
358, 81910.5, 16.4553, 15.0492, -164.662, -6.13183e-05, -4.41585e-05, 0.000507749, 
359, 317125, -108.515, 154.811, 84.0536, 0.000146696, -0.000183481, -6.80387e-05, 
360, 113031, 74.0748, 113.884, -25.6643, 0.000124106, -0.000137927, 0.000167425, 
361, 19420.3, 192.415, 65.0589, -22.3344, -0.000497892, 4.06439e-05, 5.47897e-05, 
362, 301195, 177.463, 191.242, -40.9008, -0.000236776, -0.000237621, -1.11192e-05, 
363, 51710.6, -51.1902, 186.439, 73.1984, 6.83151e-05, -0.00033732, -3.3279e-05, 
364, 303711, 32.8193, 197.555, 168.263, 4.18688e-05, -0.000302627, -0.00029362, 
365, 220519, -165.871, -57.8085, -45.1391, 0.000310346, 0.000150841, 1.30925e-05, 
366, 163145, -140.357, 11.1084, 195.077, 9.20265e-05, -0.000157156, -0.000281308, 
367, 47791.6, -15.9827, 103.204, 66.3109, 8.93273e-05, -2.25991e-05, -3.29092e-05, 
368, 32052.1, -172.124, -27.8736, 149.564, 0.000249486, 7.91138e-05, -0.000109582, 
369, 41859.6, 87.7863, -192.747, -173.314, -6.48716e-05, 0.000236124, 0.000191666, 
370, 233595, 186.979, -44.4584, 87.3486, -0.000309955, 4.23206e-07, -7.20132e-05, 
371, 549232, -158.147, 75.9232, -31.2905, 0.000244292, -0.000149844, 1.89407e-05, 
372, 65728, 95.7844, 148.854, 142.176, -4.8002e-05, -0.000290773, -0.000139941, 
373, 51437.8, -189.564, -98.9268, 59.8668, 0.000281391, 5.83355e-05, -7.39229e-05, 
374, 222051, 75.4804, 63.2655, 63.7396, -9.86562e-05, -8.82169e-05, -5.77111e-05, 
375, 32453.8, 8.71899, 109.831, 32.2947, 4.06166e-05, -9.65924e-05, 1.65784e-05, 
376, 73170.4, -85.6761, 177.099, -0.537116, 5.5694e-05, -0.000376252, -0.000194778, 
377, 122513, -45.2638, -141.379, -49.9799, 2.55047e-05, 0.000234445, 8.34952e-06, 
378, 785387, 138.566, 161.978, -97.0096, -0.000135322, -0.000214704, 0.000114939, 
379, 268661, 137.415, 114.573, 164.205, -7.8682e-06, -0.000118931, -7.10441e-05, 
380, 87319.3, -91.0502, -184.973, 195.942, 5.71374e-05, 0.000180796, -0.000197025, 
381, 150662, 125.034, -44.6165, 132.414, -0.000288783, -0.000140657, -0.000336172, 
382, 60534.7, -81.1989, -188.763, 122.84, 9.20086e-05, 0.000250549, -0.000110439, 
383, 338543, 173.477, -167.297, -91.5798, -0.000340489, 0.000192507, -1.71476e-05, 
384, 9163.94, -157.684, -157.659, -9.75325, 0.000878571, 0.00085591, -0.00128274, 
385, 55549.5, 62.6826, -55.0942, 126.307, -6.41512e-05, 5.00218e-05, -0.000281548, 
386, 59462.3, 103.594, 113.618, -60.9047, -0.000102647, -0.000111086, 0.000180947, 
387, 29394.8, 64.4829, 130.423, -14.4827, 2.31359e-05, -0.000260321, 4.07474e-06, 
388, 138128, -198.238, 145.273, -121.833, 0.000255737, -8.05991e-05, 0.000105167, 
389, 136150, 179.189, -34.0437, 164.617, -0.000283378, 2.58968e-05, -0.000158942, 
390, 391641, -145.844, -94.9859, -142.323, 0.000169833, 2.33977e-05, 8.72676e-05, 
391, 151123, 19.8082, -187.633, -155.766, -2.02076e-05, 0.000299968, 0.000189127, 
392, 180346, 179.389, -143.551, -184.961, -0.000181925, 0.000103031, 0.00018292, 
393, 140171, 0.688771, -185.045, -106.625, -2.28654e-06, 0.000318166, 4.931e-05, 
394, 195461, 158.606, -40.0368, -111.594, -0.00026964, 3.35873e-05, 0.000153407, 
395, 183895, -148.985, 7.15892, -91.6654, 0.000200553, 2.13092e-05, 0.000116617, 
396, 76191.8, 85.4568, 195.313, 25.9589, -0.00011844, -0.000347242, -3.53836e-06, 
397, 126112, -59.1191, -193.006, 126.326, 6.361e-06, 0.000263824, -0.000132918, 
398, 10011, -180.876, 109.077, 186.603, 0.000146655, -0.000275678, -0.000141075, 
399, 138128, -93.808, -156.898, 146.612, 9.06756e-05, 0.000205601, -0.000171776, 
400, 152408, 145.239, 167.776, 158.465, -0.00012075, -0.000271156, -0.000102219, 
401, 24763, -2.65064, 33.9029, -34.2346, -8.72872e-05, -2.44407e-05, 0.000108366, 
402, 196109, -98.1592, 8.52912, -29.712, 8.56963e-05, 9.65137e-05, 3.12317e-05, 
403, 12605.8, 132.489, -14.5539, -54.6006, -0.000294355, 7.73827e-05, -2.9682e-05, 
404, 55047.7, 151.219, 140.864, 155.313, -0.000174897, -0.0002712, -1.50847e-05, 
405, 219619, 50.5922, 176.764, 0.464711, -3.54086e-05, -0.000313822, 6.33174e-05, 
406, 31684.6, 65.0354, 109.72, -129.213, -4.43455e-05, -0.00020787, 0.000271028, 
407, 79032.8, -78.0743, -97.1994, 134.5, 0.000102754, 0.000130192, -0.000154715, 
408, 42180.6, 133.098, 12.0149, 177.405, -0.000184228, 5.92224e-05, -0.000154727, 
409, 65291.3, -130.558, -93.3432, -149.807, -0.000156174, -2.84361e-05, 0.000243383, 
410, 218703, 195.387, -102.735, 92.4304, -0.000384743, 0.000170642, -5.36644e-05, 
411, 127238, -40.2454, 76.1691, 14.3837, 2.28533e-05, -0.00012775, -2.0464e-05, 
412, 17242.5, 186.956, -77.241, -176.005, -0.000212601, 8.95648e-05, 0.000190238, 
413, 106921, 141.371, 50.4709, -186.081, -0.000176662, 5.69293e-06, 0.000273095, 
414, 33744.1, -75.4412, -192.754, -26.6885, 4.65055e-05, 0.000330373, 7.89616e-06, 
415, 37127.3, 99.2512, 185.478, 7.14449, -0.000131972, -0.00030776, 1.71939e-05, 
416, 424857, -71.378, 105.298, -195.126, -1.43478e-07, -9.84343e-05, 0.000333793, 
417, 169269, -97.8628, -116.356, -15.4219, 0.000206587, 3.98671e-05, 1.19205e-05, 
418, 27884.3, 45.8873, 118.311, -20.8832, 5.17646e-05, -0.000159884, 3.13537e-05, 
419, 124465, 72.52, 65.0166, 192.004, 2.09794e-05, 0.000155751, -0.00033132, 
420, 889.535, 169.138, -127.301, -119.282, -0.000270506, 6.25146e-05, 0.00015862, 
421, 152003, 33.1474, 58.2734, 145.056, 2.21237e-05, -1.21652e-05, -0.000216552, 
422, 287637, 174.876, 73.7455, -19.5557, -0.000281915, -6.8599e-05, 6.22157e-05, 
423, 10212.2, 62.0151, -148.44, -29.2096, -2.03531e-05, 0.000160543, 7.42863e-05, 
424, 191450, -117.548, -4.27892, 126.716, -0.000122306, -0.000562236, -0.000366617, 
425, 194684, -150.692, -99.7293, -42.4336, 0.000199743, 6.51196e-05, -5.48494e-06, 
426, 337230, 72.6801, -182.34, -98.0359, 9.46881e-05, 0.000108724, 0.000304116, 
427, 161376, 55.8297, 114.402, 77.3928, -6.73303e-05, 7.84872e-06, -0.000271853, 
428, 48721.2, 32.0267, -74.499, -42.2506, -5.90497e-07, 0.000100456, 0.000134079, 
429, 121832, -189.084, 34.4957, 127.883, 0.00495134, -0.00045787, 8.48875e-05, 
430, 91417.9, -147.203, 151.027, 78.8064, 4.97664e-05, -0.000159914, 5.79959e-05, 
431, 19725.2, 183.084, -145.034, 175.77, -0.000189413, 0.000121699, -0.000186671, 
432, 97068.7, 117.934, 147.579, 194.163, -4.24263e-05, -0.000250944, -0.000321896, 
433, 57588.1, 176.91, 67.7443, -59.9933, -0.000307958, -5.22821e-05, 0.000112794, 
434, 28234.9, -49.7451, 44.543, -159.352, 0.000325267, -0.000462964, 0.000405908, 
435, 52475.1, 188.974, 139.378, -39.5925, -0.000317303, -0.000118465, 2.83126e-05, 
436, 403.401, -187.92, -86.3093, 71.7733, 0.00027321, 4.73491e-05, -0.000106655, 
437, 9884.78, 129.369, -165.628, -113.093, -0.000140084, 0.000192076, 0.000168496, 
438, 33822.2, -5.46942, -108.771, 198.411, 2.32369e-05, 0.000116607, -0.000301579, 
439, 68024.1, -82.1004, -8.82198, 79.2479, 0.000160839, 4.04682e-05, -0.000113858, 
440, 37290.3, 17.61, 185.789, 61.9326, 0.000149621, -0.000557185, -8.90689e-06, 
441, 34126.8, 142.565, 23.8251, -21.311, -0.000267999, 2.29178e-05, 3.03669e-06, 
442, 254816, -14.9584, 164.504, 124.204, 3.73989e-05, -0.000247786, -0.000166652, 
443, 27430.2, -127.904, 70.1387, -57.8575, 0.000271198, -0.000129672, -2.59433e-06, 
444, 66825.5, 42.3834, 7.40601, 157.131, 1.359e-05, 1.95317e-05, -0.000264144, 
445, 108676, -94.7196, 169.487, 39.6019, 0.00011437, -0.000272467, -1.95262e-05, 
446, 50118.4, 171.623, -68.9916, -77.9435, -0.000295234, 7.81648e-05, 7.05621e-05, 
447, 21046.6, 139.983, 167.983, -4.93753, -0.000152787, -0.000260109, -1.28999e-05, 
448, 8600.64, 140.943, -11.0182, -37.0851, -0.000279106, 6.86356e-05, 1.15909e-05, 
449, 22030, 10.6467, 125.433, -121.928, 2.33953e-05, -0.00016497, 0.000200777, 
450, 98140.7, -23.4153, 4.80576, 81.2901, 9.59024e-05, -7.42722e-06, -0.000119773, 
451, 105432, 127.859, -27.6083, -188.124, -0.000232616, 8.32829e-06, 0.000293025, 
452, 84531.1, 65.3901, -158.913, -23.7124, -4.00748e-05, 0.000277999, -4.14298e-06, 
453, 44206.7, -94.4142, 34.7612, 165.551, 7.64612e-05, 1.26283e-05, -0.000217058, 
454, 78620.3, 75.4797, 122.932, 114.244, -2.93192e-05, -0.000207439, -0.000111325, 
455, 10908.5, 144.498, 67.0595, -139.038, -0.00024012, -3.57687e-05, 0.000215562, 
456, 36272.2, -91.9437, -193.355, 142.126, 8.50771e-05, 0.000258635, -0.000173588, 
457, 60472.5, 70.0894, -50.3315, -166.557, -0.000206502, -0.000426097, 5.59152e-05, 
458, 166504, -198.021, 0.3214, 170.723, 0.000260315, 5.82036e-05, -6.18839e-05, 
459, 77798.7, 89.7555, -104.716, -22.09, -0.000172577, 0.000186461, 1.56149e-05, 
460, 160849, -155.45, -45.1879, -41.9599, 0.000101081, -6.93426e-05, -3.09112e-05, 
461, 126579, 45.3068, 91.9417, -113.931, 4.94126e-05, -0.000136859, 0.00023156, 
462, 67990.7, -176.356, -14.7962, -55.7747, 0.000283035, -5.94279e-06, 2.16985e-05, 
463, 30789.6, 119.64, 161.177, -189.175, -7.06096e-05, -0.000164185, 0.000260978, 
464, 8537.62, -155.599, -96.8932, -114.689, 0.000112552, 1.71859e-05, 2.70751e-05, 
465, 300607, -170.866, 98.4395, 51.9786, 0.000268207, -6.44042e-05, -1.59433e-05, 
466, 83619.2, 29.1175, -115.197, -121.267, -0.000187383, 0.000122118, 0.00018941, 
467, 127334, -67.8087, -148.711, -101.256, 0.00081324, -0.000102381, 0.000150973, 
468, 27335.2, 55.7844, 37.345, 58.8368, 7.55169e-07, -0.000173235, -6.11695e-05, 
469, 5427.37, -62.5973, 32.9338, -99.5533, 6.93572e-05, 1.31688e-05, 0.000125182, 
470, 38507.8, -74.9191, -64.99, 43.3535, 7.59519e-05, 8.33271e-05, -1.95253e-05, 
471, 286762, 67.0425, -52.2024, 184.803, -8.90907e-06, 7.29997e-05, -0.000318467, 
472, 289067, 88.3705, -198.59, -79.5004, -0.000205777, 0.000445123, -3.66632e-05, 
473, 91260.8, 56.8481, -155.919, -123.624, -8.65322e-05, 0.000200012, 0.00016095, 
474, 230104, 181.544, 157.876, 180.05, -0.000285446, -0.000224016, -0.000232501, 
475, 249653, 24.8646, -66.7594, 43.5693, 9.52999e-05, 0.000139291, -5.13105e-05, 
476, 110883, -42.1267, 143.58, -179.829, -5.6716e-05, -0.000199139, 0.000246577, 
477, 307850, 98.9567, 189.867, -152.699, -0.000236329, -0.000270735, 0.000286514, 
478, 289870, 60.3179, -89.6354, -34.1798, -9.67901e-05, 0.000175655, 7.90665e-05, 
479, 95605.8, -180.224, -3.13407, 65.5397, 0.000248915, -2.53905e-05, -8.29352e-05, 
480, 103972, -127.896, -9.34591, 129.567, 0.000416695, 0.000164351, -0.00021742, 
481, 2495.31, -151.906, -11.6311, -4.51536, 0.000255187, 5.31959e-05, -3.91195e-06, 
482, 137920, 85.7173, -196.223, 79.345, -7.78042e-05, 0.000325975, -5.50253e-05, 
483, 71322, -191.996, -109.33, 35.3701, 0.000284329, 9.85798e-05, -1.89634e-05, 
484, 39705.1, -85.9407, -55.3649, 128.142, 0.00010809, 6.06425e-05, -0.000135055, 
485, 71694.5, -177.655, -184.761, 42.7196, 0.000233588, 0.000239161, -4.56453e-05, 
486, 162701, -103.639, -63.379, 75.7655, 0.000197361, -3.96026e-05, -0.000103313, 
487, 5282.93, -0.165602, 62.1984, -94.1145, 3.32685e-05, -0.000144604, 0.000134102, 
488, 109392, -57.3388, 149.873, -36.685, 1.14595e-05, -0.000224045, 6.19683e-05, 
489, 124532, 138.643, 191.385, 84.3307, -2.4177e-05, -0.000325, -8.3897e-05, 
490, 14863.1, -145.67, -171.493, 149.627, 0.000141865, 0.000180276, -0.00016683, 
491, 249103, -117.118, -102.291, -185.087, 3.9657e-05, 4.65235e-05, 0.000318435, 
492, 4436.33, 111.393, -28.9534, -134.359, -0.000208671, 3.0671e-05, 0.000167003, 
493, 95135.7, 85.9024, -177.024, 191.175, -7.07168e-05, 0.000202199, -0.000257528, 
494, 394850, 115.915, 105.911, -37.1849, -0.000190709, -8.45693e-05, 3.87975e-05, 
495, 211980, 0.790898, 172.984, 41.9184, 0.000108084, -0.000319694, 3.44748e-05, 
496, 76482.3, 152.38, 157.7, -141.36, -0.000137349, -0.000172055, 0.000230738, 
497, 4117.21, 175.571, 175.362, 16.4467, -0.000224095, -0.000271346, 1.37255e-05, 
498, 61022.7, -120.394, 84.5782, 178.783, 5.7389e-05, 7.02293e-05, -0.000259129, 
499, 192540, 14.7476, 182.292, -95.1195, 1.13447e-05, -0.000293965, 8.90508e-05, 
500, 182748, -190.327, 86.1994, -122.031, 0.000299284, -4.78198e-05, 0.000136481, 
501, 136526, -83.0335, 191.41, 96.146, 0.000103116, -0.000315584, -9.00767e-05, 
502, 37670.7, 59.3139, -139.253, 96.0306, -2.49957e-05, 0.000308082, -1.53374e-05, 
503, 50503.4, 190.817, 13.5166, -34.1805, -0.00034368, 5.48146e-05, -1.70011e-06, 
504, 27270.2, 60.0935, -40.4475, -107.888, -8.44301e-05, 6.24252e-05, 0.000106673, 
505, 130665, 39.7678, -151.594, 41.7464, 7.90719e-05, 0.000229488, -0.000101181, 
506, 20617.5, -187.58, 120.087, -170.93, 0.000242435, -7.54113e-05, 0.000175808, 
507, 82100, 35.2407, 184.796, 74.3596, -7.57746e-05, -0.000469437, -0.000181222, 
508, 146869, -168.813, -130.786, -64.5197, 0.000258358, 0.000167741, 5.16271e-05, 
509, 11124.4, -70.3463, 113.705, 94.1061, 0.000109538, -0.000148303, -0.000107909, 
510, 176557, 16.982, 12.4139, -149.926, -0.000158187, 6.4255e-05, 0.000222681, 
511, 45629, 73.1722, 78.8747, 151.075, 3.03183e-05, 0.000131819, -0.000187773, 
512, 97255.2, -10.522, -156.337, -3.25154, 2.22725e-05, 0.000273392, -2.45285e-05, 
513, 100409, 6.0001, 120.656, 180.229, 2.14472e-05, -0.000166021, -0.000286309, 
514, 78203.3, 167.918, -175.018, -11.2602, -0.000276366, 0.000240821, -5.31819e-06, 
515, 13266.1, 44.161, -79.4494, 182.861, 2.30679e-05, 0.000125443, -0.000316518, 
516, 55109.6, 24.6148, 158.651, -159.206, -3.14327e-05, -0.000181576, 0.000196761, 
517, 469975, 64.1035, -26.7106, -30.6348, -0.000155079, 6.08555e-05, 0.000112964, 
518, 147412, 23.4084, 174.275, 66.8313, 7.57342e-05, -0.00033924, -7.66175e-05, 
519, 132240, -111.871, -171.924, 61.9055, 0.000101509, 0.000307235, -5.3435e-05, 
520, 58689.1, 117.969, -13.3109, -158.794, -0.000232927, -2.2492e-05, 0.000221446, 
521, 2244.75, 16.7796, -0.764699, -133.904, -5.71363e-05, 9.04085e-05, 0.000144218, 
522, 190685, -113.258, 83.3941, 96.6782, 0.000113653, -8.16652e-05, -0.000146722, 
523, 13150.8, -148.236, 73.9727, -166.095, 0.000265355, -0.000101313, 0.00024013, 
524, 462814, 147.345, 51.255, 65.627, -0.000259569, -1.15608e-05, -4.76538e-05, 
525, 110229, 155.524, 143.872, -20.5078, -0.000256394, -0.000159341, -1.97356e-05, 
526, 175564, 11.5175, -2.32596, -25.9598, 4.91176e-05, 2.95837e-05, 5.26942e-06, 
527, 268137, -196.913, 4.82019, 192.518, 0.000227936, -1.68827e-06, -0.000269105, 
528, 30521.3, -165.725, -86.7545, -78.2457, 0.000194743, 3.41641e-05, -4.30695e-05, 
529, 33462.6, -124.167, -106.109, 84.3928, 0.000208325, 0.000123766, -0.000140793, 
530, 5167.6, -106.634, 189.406, 40.1073, 0.000139998, -0.000334712, -2.15177e-05, 
531, 1123.93, 63.7289, 86.6856, 138.127, 0.000141835, 6.85284e-05, -6.04129e-05, 
532, 39413.6, 11.0367, 179.385, 140.28, 9.4138e-06, -0.000262738, -0.000167816, 
533, 326080, -185.709, 165.35, 182.971, 0.000186268, -0.000111645, -0.000178202, 
534, 47704.1, -148.567, -110.5, 55.7817, 0.00023238, 0.000116609, -8.09587e-05, 
535, 149816, 107.127, 75.6982, 146.387, -0.000146151, 5.28327e-05, -0.000143101, 
536, 39855.1, -19.1358, -11.6577, 159.512, 4.78476e-06, 1.31498e-05, -0.000313339, 
537, 42951.3, -132.867, -72.9953, -99.7322, 0.000114806, 2.45224e-05, 6.6039e-05, 
538, 175271, -50.5155, 37.296, -2.41792, 9.17304e-05, 4.29796e-06, 5.04303e-06, 
539, 110928, 186.295, 194.726, -65.7685, -0.000267425, -0.000244592, 0.000131369, 
540, 71591.8, -69.1773, -71.0652, 90.2798, 4.16885e-05, 9.31339e-05, -0.000135557, 
541, 12299.9, 50.4061, -99.1565, 132.417, -4.63991e-05, 0.000128684, -0.000266878, 
542, 201561, -135.116, 50.3481, -5.83697, 0.000201136, 7.54941e-06, -1.85211e-05, 
543, 62476.4, -115.039, -58.9737, -190.549, 9.98925e-05, -1.26385e-05, 0.000284893, 
544, 58275.2, -56.7215, 75, 42.6445, 4.62049e-05, -0.000295886, -3.46351e-05, 
545, 70010.3, 183.693, 24.5203, -122.232, -0.000279326, 2.61428e-05, 0.000188479, 
546, 168033, -168.507, -154.269, 81.48, 0.000216971, 0.000140389, -5.00217e-05, 
547, 18791.9, 49.1257, 56.4438, -20.1322, -4.29293e-05, -5.90527e-05, -9.78167e-06, 
548, 69087.4, 11.1482, -183.557, 15.1466, 1.76679e-05, 0.00031184, -3.0076e-05, 
549, 94696.6, 81.1813, 28.6027, 193.437, 1.08215e-05, 3.32294e-06, -0.000352429, 
550, 34082.4, -89.2233, -173.225, 79.5895, 5.22046e-05, 0.000301291, -0.0001255, 
551, 258743, -59.4055, 60.7839, 51.54, 9.20461e-05, -3.51781e-05, -0.000175865, 
552, 380030, 36.589, -142.052, 150.918, 7.67667e-05, 0.000144535, -0.000233325, 
553, 439446, -97.1606, 60.7021, -140.716, 5.46832e-05, -3.99846e-06, 0.000128862, 
554, 116953, -55.476, -27.2369, 157.647, 8.96965e-05, 6.82265e-05, -0.000301597, 
555, 76292.8, -13.8651, 182.495, -55.6002, 5.61281e-05, -0.000258728, 8.13948e-05, 
556, 38856.1, 20.7059, 91.496, 167.111, 1.11707e-05, -5.87998e-05, -0.000256498, 
557, 67304.3, -73.3762, 102.514, -91.693, -0.000233694, -0.00025377, 0.000168599, 
558, 206551, 28.1098, -49.9424, 106.358, 4.44577e-05, 9.68311e-05, -0.000240838, 
559, 60.3054, 175.743, -156.015, 39.8975, -0.000303501, 0.000196589, 3.73986e-05, 
560, 61783, 5.19474, 42.9651, -89.9292, 3.83625e-06, -7.71137e-05, 8.59396e-05, 
561, 271167, -94.9202, -83.4097, 74.4824, 9.01e-05, 0.000150175, -9.22128e-05, 
562, 66961.2, -14.534, 5.30364, 55.7232, 5.5158e-05, 3.59676e-06, -2.63893e-05, 
563, 6224.97, -102.656, 163.046, 65.9372, 8.95747e-05, -0.000298228, 9.82665e-05, 
564, 22220.7, 51.2807, 41.5426, 121.634, -3.59956e-05, -1.25532e-05, -0.000176703, 
565, 112721, -186.271, 98.6831, 189.397, 0.000303458, -0.00013653, -0.000166105, 
566, 113163, -191.385, 42.1536, -165.836, 4.37781e-05, -3.1228e-05, -6.26827e-05, 
567, 27127.4, 163.88, 62.4135, 128.005, -0.000260506, 2.91071e-05, -6.1828e-05, 
568, 82881.2, 59.0035, -133.085, 152.575, -0.000147765, 7.80706e-05, -0.000264174, 
569, 5364.68, 143.459, -159.384, -61.1904, -0.000213762, 0.000157581, 6.74712e-05, 
570, 9189.82, 83.2531, 171.146, -86.8777, -2.8805e-05, -0.000305604, 0.00011629, 
571, 38545.9, 147.074, -93.5193, 124.658, -0.000230123, 0.000171327, -0.000241507, 
572, 226228, 100.24, -35.2297, -180.306, -0.000190538, 4.92475e-05, 0.000330496, 
573, 1357.14, -57.9173, 131.371, 19.8623, 3.59924e-05, -0.000281336, -4.29153e-05, 
574, 163025, -86.0334, 163.056, -102.984, 6.89233e-05, -0.000200382, 6.47824e-05, 
575, 147455, -119.214, 175.196, 195.044, 9.87264e-05, -0.000171711, -0.000268733, 
576, 42769.3, 183.127, -59.6361, -167.88, -0.000205873, 7.77901e-05, 0.000169521, 
577, 41037.1, -161.671, -105.933, -117.767, 0.000212301, 0.000154564, 7.10646e-05, 
578, 64331.8, 181.363, -188.624, 49.5187, -0.000203538, 0.000229757, -6.65267e-06, 
579, 104982, 91.4698, -15.9308, 184.193, -3.74278e-05, 6.98519e-05, -0.000306182, 
580, 66014.3, 31.6041, -43.7333, 90.123, -4.52419e-05, 6.64742e-05, -5.04524e-05, 
581, 29538.2, -188.495, -20.2119, -104.784, 0.000374559, -9.25126e-05, 0.000145926, 
582, 12653.6, -17.2143, -171.823, -44.0049, 9.37188e-06, 0.000300527, 9.51655e-06, 
583, 61818, 1.88976, -141.221, -69.5778, -1.54959e-06, 0.000257913, 2.89936e-05, 
584, 41156.7, 178.279, -92.5135, -122.223, -0.000263729, 8.80413e-05, 0.000142302, 
585, 84107.6, 16.0136, 26.6653, -119.898, -0.000197621, -8.22563e-06, 0.000171637, 
586, 135622, 56.3073, -178.171, 38.3978, -5.04532e-05, 0.00035924, -3.7501e-05, 
587, 27825, -18.8367, 12.005, 102.077, 0.000104477, -3.46828e-05, -0.000220125, 
588, 56460.2, 89.4021, 71.5941, 102.721, -9.24233e-05, 2.45352e-05, -0.000126876, 
589, 200299, -107.39, -15.6639, -148.811, 9.00081e-05, 6.17501e-05, 0.000146238, 
590, 32595.8, 82.3328, -171.253, -143.842, -0.000124345, 0.000217748, 0.00020555, 
591, 154369, 188.925, 107.836, 156.754, -0.000468917, 1.12038e-05, -0.000102164, 
592, 26963.6, -34.7861, -197.375, -49.1113, 2.21917e-05, 0.000311372, 4.81871e-06, 
593, 178753, -184.035, 115.593, -51.4507, 0.000246496, -0.000115434, 8.76028e-05, 
594, 138590, -59.1281, -35.603, -106.676, 0.000112489, 2.91298e-05, 0.000142375, 
595, 3062.38, 150.325, -5.06809, 32.128, -0.00026123, -1.86988e-05, -3.51845e-05, 
596, 64803.3, 20.6843, 157.596, -173.63, -2.29324e-06, -0.000165708, 0.000298763, 
597, 257021, 162.68, 102.583, 136.23, -0.000274003, -5.21077e-05, 1.12037e-05, 
598, 156466, 161.864, 174.869, 42.1719, -0.00020334, -0.000237686, -1.52893e-05, 
599, 112285, -89.8623, 162.079, -8.26585, 0.000141505, -7.57294e-05, -9.76828e-05, 
600, 56885.3, 9.69724, -3.13691, 94.3292, 3.07719e-05, -5.36443e-06, -0.000191635, 
601, 186502, -9.26126, 93.3808, 186.98, 4.43177e-05, -5.3769e-05, -0.000325409, 
602, 128120, 163.803, 117.335, -131.068, -0.000163108, -4.2507e-05, 0.000255233, 
603, 53190.4, -147.23, 173.023, 55.1583, 0.000161371, -0.000281141, -5.02357e-06, 
604, 70303.8, 150.959, 124.094, 180.754, -0.00094049, 0.000558779, -0.000528513, 
605, 144477, 161.283, 105.719, -32.0233, -0.000294937, -0.000119814, 3.83821e-05, 
606, 15154.7, 41.3396, 10.874, 23.3684, 2.01071e-05, -2.31127e-05, 2.61656e-05, 
607, 169831, 153.017, -87.7741, 102.062, -0.000190769, 0.000113013, -0.0001029, 
608, 86922.5, 5.83718, 18.0928, -148.606, 0.000195103, -9.89959e-05, 0.000251373, 
609, 1346.3, -51.5872, -174.671, 78.462, -8.40365e-06, 0.000318717, -0.0001347, 
610, 162022, -148.759, -169.11, 36.1076, 0.000189939, 0.000242047, -7.06912e-05, 
611, 67567.6, 165.531, 179.771, -166.818, -0.000160817, -0.000205135, 0.000222899, 
612, 11770.8, -150.318, -114.465, -156.949, 0.000223953, 8.67975e-05, 3.25921e-05, 
613, 43665.8, 62.7513, -168.064, 128.86, -5.64577e-05, 0.000297527, -6.47296e-05, 
614, 28256, -149.911, 32.6059, 15.8108, 0.000264791, 3.81312e-05, -9.03998e-05, 
615, 10832.6, 93.145, -0.726366, -120.026, -0.00011392, 1.25554e-06, 0.000173422, 
616, 47599.5, 92.8143, -30.4959, -163.55, -0.000128597, -1.25061e-05, 0.000120834, 
617, 34963.7, 97.1992, 172.069, -13.7052, -0.000107454, -0.000295759, 2.57551e-05, 
618, 75906.7, 134.748, 2.3645, 193.873, -0.000478132, 0.000251401, -0.000407565, 
619, 135055, 31.4795, 14.9564, 71.4743, 7.3401e-05, -0.000147731, -0.00018773, 
620, 15909.4, 102.344, 135.393, 112.296, -0.00015237, -0.000231311, -8.92074e-05, 
621, 18897.6, -160.25, 68.7145, 121.455, 0.000259604, 1.71796e-05, -0.000216484, 
622, 192385, -71.3369, -147.521, -101.933, -0.000596011, 0.00033954, -0.000140746, 
623, 98713.7, 78.2769, -190.382, -91.7399, -0.000224229, 0.000554628, 0.00010255, 
624, 30737.8, 80.7712, 35.3274, 92.2446, -0.000118564, -3.95007e-05, -0.000168389, 
625, 185704, 131.891, 125.947, -193.986, -3.37818e-05, -0.000108065, 0.000324851, 
626, 19962.7, -88.9512, -105.988, -45.726, 0.000128707, 9.9746e-05, 1.3995e-05, 
627, 4837.93, 70.0943, 131.26, 28.1898, -8.85382e-06, -0.000104184, 0.000336475, 
628, 132553, 17.1913, 71.6699, 39.1165, -1.83038e-07, -7.6352e-05, -4.07397e-05, 
629, 28978.5, 90.1193, -142.914, 27.3748, -0.000117132, 0.000216956, -3.86632e-05, 
630, 110156, 62.247, -11.7372, -16.5416, -3.10696e-05, -0.000157119, -6.19311e-05, 
631, 63598.4, 36.5738, 193.356, 159.696, -0.000188984, -5.90778e-05, 0.000259631, 
632, 10602.5, -60.5793, -106.153, -121.836, 7.75638e-05, 6.92055e-05, 0.000143486, 
633, 472419, -118.35, 53.4704, -80.8166, 0.000189547, 2.18624e-05, 0.000162913, 
634, 151851, -139.858, -138.067, -131.032, 0.000246839, 0.00012109, 7.28784e-05, 
635, 64570.3, -136.607, 121.659, -108.429, 0.000158783, -0.000178121, 0.000100174, 
636, 1694.42, 197.384, -8.3128, -102.861, -0.000314966, 6.53671e-05, 0.000127274, 
637, 147783, 86.0208, 105.58, 157.001, -0.000142566, -0.000128392, -0.000283999, 
638, 26998, -140.189, 159.395, -57.2872, -0.00020654, 0.000201929, 0.000413772, 
639, 26813.9, 124.09, -55.9582, 184.128, -0.000106146, 6.27642e-05, -0.000359598, 
640, 193664, 98.8259, -187.484, -37.536, -5.31967e-05, 0.000345481, -7.73389e-05, 
641, 24473.3, 73.0806, -31.1533, -120.413, -1.3675e-05, -0.000117914, 0.00024295, 
642, 106270, 66.2998, 84.4432, -117.283, -3.11487e-05, -0.000109539, 0.000193494, 
643, 125117, -69.1924, 94.5682, -147.661, 0.000138527, -8.64323e-05, 0.000155778, 
644, 164004, -93.55, -120.611, 89.3837, 9.0922e-05, 0.000164132, -0.00013879, 
645, 45091.5, 133.847, 44.6389, -134.798, -0.000216772, -1.42141e-05, 0.000265474, 
646, 21516.8, -184.73, -15.5036, -195.364, 0.000404808, -1.74257e-05, 0.000473213, 
647, 229066, 10.1733, -34.7094, 81.5173, 9.07689e-05, 6.86747e-05, -8.20105e-05, 
648, 164679, -25.1612, -127.631, -163.351, -6.66811e-05, 0.000152618, 0.000227992, 
649, 106804, -88.2302, 117.398, -88.1837, 0.000132933, -0.000322731, 9.97626e-05, 
650, 56075, -119.52, -151.63, 14.7639, 0.000177681, 0.000219382, -8.04994e-05, 
651, 57915.4, -96.8124, 163.231, 85.3691, -0.000141399, -0.000405469, -0.000107696, 
652, 108474, -190.523, 15.078, -136.123, 0.000257235, 5.4935e-05, 0.000192303, 
653, 44.987, -69.9393, -151.213, 176.719, 4.24994e-05, 0.000232192, -0.000239731, 
654, 160957, 118.532, 139.431, -38.9987, -0.000158774, -0.00026064, 2.29814e-05, 
655, 223360, 27.3974, 121.017, -74.7186, 6.11807e-05, -0.000180269, 9.93701e-05, 
656, 145628, -84.7032, 110.302, 185.631, 0.000196779, -1.798e-05, -0.000299358, 
657, 38072.4, 147.4, -197.143, -6.49346, -0.000172452, 0.000303069, -2.28564e-05, 
658, 143122, 53.3879, 120.221, 67.8893, 2.86853e-05, -0.00021889, 0.000114151, 
659, 53718.8, -16.2713, -30.6799, 132.242, 3.08924e-05, 4.2969e-05, -0.000258407, 
660, 37852.6, -0.395896, 11.0116, 94.9908, 6.78399e-05, -4.63911e-05, -0.000152311, 
661, 234721, -84.8021, 96.7969, -90.8826, 0.000136069, -6.8299e-05, 0.000142077, 
662, 27863.9, -3.55471, -73.5482, -158.488, 4.58417e-05, 4.90836e-05, 0.000210425, 
663, 443946, -87.8902, -160.034, -117.942, 3.09519e-05, 0.00028424, 7.02757e-05, 
664, 13863.9, 88.9821, 52.7513, -111.401, -0.000109714, 1.46226e-05, 0.000177089, 
665, 42886.3, -1.51542, 190.808, -5.60045, 3.61913e-05, -0.000322162, 3.49935e-05, 
666, 22733.8, 171.351, -116.74, -13.6243, -0.000293564, 0.000136009, -9.58952e-06, 
667, 132350, -165.305, -168.377, 109.707, 0.000197913, 0.000209379, -0.00014702, 
668, 57423.6, -90.8899, -148.966, -155.64, -1.85292e-05, 6.11401e-05, 0.00024164, 
669, 59302.6, -121.87, 196.299, 117.283, 0.000105526, -0.000289069, -9.71238e-05, 
670, 59734.6, 36.1726, 44.6803, 186.362, 4.7229e-05, 2.2271e-05, -0.000304496, 
671, 29039.9, 92.8504, 51.7429, -55.7548, -6.60077e-05, 9.08943e-05, 0.000257362, 
672, 65416.6, 77.9114, -137.893, -171.993, -0.000147554, 0.000159264, 0.000266416, 
673, 92652.2, 173.426, -70.2446, 4.31993, -0.000297211, 0.00011377, 9.61228e-05, 
674, 115334, 62.1683, -19.8667, 90.2157, -0.000115627, 9.95079e-05, -0.000212624, 
675, 230841, -115.903, -12.3014, 3.15707, 0.000180918, 8.45346e-05, -3.01252e-05, 
676, 16036.9, 61.982, -49.152, 98.4589, 3.37475e-05, -8.78691e-05, -0.000148785, 
677, 77826.8, -95.8067, 121.987, -44.0463, -4.53206e-05, -0.000273697, 0.000203305, 
678, 400222, 117.078, -53.04, 118.967, -0.000146719, 9.65321e-05, -8.42742e-05, 
679, 186924, 9.93992, -120.662, -22.7119, -1.7666e-05, 0.000257808, -7.94887e-05, 
680, 119290, -103.643, 10.9199, 27.5047, 0.000155393, 1.95666e-05, -8.41602e-05, 
681, 52832.4, 36.4879, 120.245, -128.326, -4.42979e-06, -0.000174155, 0.000248082, 
682, 165602, -109.487, 66.947, 78.4447, 0.000133313, 6.00831e-06, -5.79731e-05, 
683, 42844.3, -45.0437, -92.1883, -139.263, 0.000239971, 0.00016462, 4.50058e-05, 
684, 197768, -56.4365, 110.117, -158.091, -4.17003e-05, -0.000224676, 0.000243071, 
685, 19898.4, 150.864, 120.053, 102.602, -0.000214355, -0.000186452, -2.613e-05, 
686, 183.149, 66.3048, 111.633, -37.7083, 6.68234e-05, -0.000121476, 0.000159934, 
687, 20731.6, -3.12471, -34.725, -132.6, -1.51859e-05, 5.94591e-05, 0.000222054, 
688, 118318, 97.1021, -138.848, 140.575, -0.000127828, 0.000177228, -0.00024144, 
689, 122043, 107.233, -61.1471, 171.142, -5.27466e-05, 0.000114894, -0.000296394, 
690, 48278.3, 136.029, -86.2977, 110.282, -9.32933e-05, 0.000133904, -0.000129003, 
691, 59443.7, -71.6719, -71.2039, -32.2882, 0.000103701, 6.97447e-05, -5.17879e-06, 
692, 62879.1, 64.9309, -20.3614, -114.575, -7.05345e-05, -6.36304e-05, 0.000149994, 
693, 37237.6, 196.43, 32.1243, -171.465, -0.000223933, -1.67999e-06, 0.000190514, 
694, 86402.7, 142.043, -134.022, -157.168, -0.000295272, -8.04026e-05, 0.000398563, 
695, 64244.5, 94.2041, -9.97046, -151.867, -0.000131623, -4.26412e-05, 0.000205214, 
696, 3020.88, -123.939, 135.792, -182.284, 0.000166692, -0.000183458, 0.000220888, 
697, 32412.2, 26.6135, -70.5157, 31.4213, -1.17072e-06, 0.000256067, 0.000281834, 
698, 28675.2, 176.375, -48.5933, -119.52, -0.000357035, 8.47178e-05, 0.000183419, 
699, 40601.3, 76.6094, 32.6334, -172.298, -8.11399e-05, -4.89143e-05, 0.00030771, 
700, 77211.7, 83.6907, -127.643, 178.821, -7.8909e-05, 0.000119787, -0.00029889, 
701, 9178.1, 183.028, -190.035, -165.939, -0.000160451, 0.000165133, 0.000142184, 
702, 29771.2, -198.485, 145.18, -129.35, 0.00026838, -0.000131723, 0.000611199, 
703, 92409.8, -14.8378, -24.4775, -130.638, 6.64811e-05, 5.81018e-06, 0.000192026, 
704, 190003, -34.4438, 156.198, 80.6493, 6.80002e-05, -0.000303455, -5.36339e-05, 
705, 254476, -88.1772, 175.24, -18.239, 0.000100035, -0.00035811, 0.000108474, 
706, 34546.2, -32.2815, -161.273, 79.2112, -2.44378e-06, 0.000250002, -0.00010644, 
707, 200117, -149.131, 131.853, 111.279, 0.000183258, -0.000156113, -0.000151394, 
708, 81819.8, 29.7146, -44.7634, -155.837, -0.000237998, -0.000252112, -0.000109529, 
709, 8603.61, 37.4432, -152.108, 137.68, 6.5744e-05, 0.000375892, 7.97109e-05, 
710, 14405.4, -34.1788, -81.9118, 127.796, 6.06094e-05, 0.00012508, -0.000169141, 
711, 158127, -10.8437, 90.332, 153.256, 3.72643e-05, -5.83128e-05, -0.000219518, 
712, 31163.6, -145.197, 121.571, -143.755, 0.000151541, -0.000141344, 0.000198165, 
713, 22434.4, -33.1068, 62.1763, 107.932, 7.16988e-05, -4.79605e-05, -0.000129563, 
714, 128585, -171.295, 119.964, 72.8913, 0.000235526, -9.70696e-05, 2.37905e-05, 
715, 26803.9, 58.1309, -16.329, 54.5235, -0.00021266, 0.000153447, 3.39458e-05, 
716, 141477, 136.097, -78.8203, 162.839, -0.000185588, 0.000177651, -0.000244573, 
717, 29940.8, -49.0879, -58.4368, -40.0841, 9.55746e-05, 8.13846e-05, 2.40088e-06, 
718, 18917.2, 88.9399, -80.028, 150.819, -6.20039e-05, 0.000151993, -0.000247928, 
719, 281873, 80.3781, 75.6998, -133.037, -9.04761e-05, -3.75744e-05, 0.000278984, 
720, 11308.4, 22.7937, 71.2235, 5.34728, -3.46149e-05, -9.90919e-05, -5.9144e-06, 
721, 157756, -44.3, -172.126, -189.143, -3.22489e-05, 0.000199848, 0.000440327, 
722, 25025.7, -156.26, 31.84, -21.1064, 0.000223892, 7.82867e-05, 4.56681e-07, 
723, 92716.1, 144.354, -173.812, 96.4907, -0.00017659, 0.000402137, -1.64495e-05, 
724, 188554, -17.8333, -28.9843, 98.3591, 0.000117751, 6.76185e-05, -0.000167517, 
725, 41532.6, -130.933, 84.4062, -115.265, 0.000208564, -0.000102122, 0.000154488, 
726, 99632.2, 160.088, -56.7413, 45.0978, -0.000183075, 9.15825e-05, -9.20315e-05, 
727, 160690, 114.935, -184.036, -54.2772, -0.000229828, 0.000277158, 6.94626e-05, 
728, 131702, -58.9647, 113.001, 5.71207, -0.000217447, -0.000274445, 0.00020253, 
729, 54358.5, -159.892, 160.694, -117.332, 0.000161808, -0.000224822, 9.61707e-05, 
730, 83331.7, -47.7469, -37.2517, -69.041, 0.000170815, 8.01277e-06, 6.69097e-05, 
731, 107531, -94.523, -69.6024, 147.562, 0.000157058, 0.000120631, -0.00020257, 
732, 367160, -187.049, 33.6634, -23.2227, 0.000337166, 2.30975e-05, -1.30014e-06, 
733, 111899, 178.744, 116.612, 156.201, -0.000256882, -0.00023664, -7.60221e-05, 
734, 56183.8, 111.818, -52.2719, 54.1899, -0.000180817, 6.93333e-05, -4.64884e-05, 
735, 20282.6, 152.891, 26.8114, -138.465, -0.00024728, 1.70015e-05, 0.000233503, 
736, 96352.5, -189.802, 93.2965, -161.701, 0.000241592, -5.91446e-05, 0.000195253, 
737, 73231.5, -8.8059, 90.1352, 114.839, 5.73518e-06, -0.000105232, -0.000137056, 
738, 23543.7, -32.1763, 73.798, 131.605, 9.95289e-05, -2.36458e-05, -0.000224949, 
739, 138290, 138.195, 70.4321, -21.02, -0.000213853, -2.21928e-05, -8.08097e-06, 
740, 59663.6, -50.3844, -171.655, 57.4177, -1.47498e-05, 0.000313841, -5.1994e-05, 
741, 89601.2, -137.646, -170.575, 181.995, 0.000114665, 0.000170115, -0.00020182, 
742, 74577, -190.907, -39.5769, -107.635, 0.00037147, 5.24143e-05, 0.000146889, 
743, 29122.6, -40.345, -94.0502, -167.374, 6.8129e-05, 5.08141e-05, 0.00031425, 
744, 146113, 142.272, -176.826, 133.28, -0.000118673, 0.000261833, -0.000184645, 
745, 18437.7, -0.477579, -80.9411, 131.773, 3.10009e-05, 0.000141469, -0.00016551, 
746, 157720, -134.777, 56.6712, -163.625, 0.000265996, 6.81389e-06, 0.000276828, 
747, 171116, -58.309, 103.851, -67.344, -1.85501e-05, -0.000167044, 5.08232e-05, 
748, 71541.6, 2.16766, 192.527, -51.7903, -1.77899e-05, -0.000328694, 5.50522e-05, 
749, 165593, -33.2087, -41.1799, -192.991, -6.51986e-06, -3.28135e-05, 0.000403258, 
750, 10327.8, 177.251, 185.817, 175.27, -0.000176879, -0.000261596, -0.000255279, 
751, 131840, 34.108, -80.3738, 119.315, 3.17593e-05, 0.000151853, -0.000213213, 
752, 129408, -42.0257, -16.5001, -193.349, 6.19949e-05, -6.12638e-05, 0.000313881, 
753, 65338.1, 132.501, 197.767, 176.778, -0.000440605, -0.000413743, -0.000144466, 
754, 60879, -41.0107, 128.959, -103.526, -1.44034e-05, -0.000215576, 0.00012247, 
755, 141658, 131.113, 29.3509, 175.111, -0.000175717, -3.4576e-05, -0.000237514, 
756, 5539.73, 132.737, 116.127, -51.4914, -0.0003176, -0.000150179, 0.00015993, 
757, 224575, -77.5711, 67.1351, 190.062, 5.85486e-05, 1.32851e-05, -0.00032238, 
758, 171954, -44.7073, -9.23848, 143.632, 6.4359e-05, -1.90976e-05, -0.000231577, 
759, 31820.8, -107.176, 123.725, -42.1904, 0.000325431, -0.00041901, 0.000268845, 
760, 40038.3, -70.0599, -108.388, -106.309, 8.85412e-05, 5.41605e-05, 0.000112522, 
761, 7701.21, -184.811, -172.181, -124.705, 0.000249636, 0.000227064, 4.26226e-05, 
762, 196357, -197.41, 155.566, -107.422, 0.000235193, -0.000235233, -9.52997e-06, 
763, 6336.31, 189.475, -92.5326, -13.5422, -0.000328133, 9.29923e-05, 2.67696e-05, 
764, 1709.39, -170.081, -71.8683, 106.557, 0.0003148, -0.000120511, 6.48915e-05, 
765, 11542.5, 117.504, 182.823, 47.028, -0.000121825, -0.000284042, -2.73025e-05, 
766, 72041.4, 180.743, 69.6654, -8.48514, -0.000466131, 6.48006e-05, -0.000312592, 
767, 165037, -181.078, 129.453, 93.782, 0.000152835, -0.000280367, -0.000124002, 
768, 34708.8, 120.481, 55.7087, 53.4313, -0.000130007, -4.94267e-05, 2.20456e-06, 
769, 42470.9, 46.9565, -150.261, 32.7818, -0.000109326, 0.000166032, 0.0001295, 
770, 121723, 46.9632, -81.5199, -123.036, -0.000114509, 0.000113503, 0.000154071, 
771, 26102.7, -142.944, 39.1755, -147.476, 0.000236549, 5.14679e-05, 0.000166321, 
772, 7787.3, -68.0122, -142.762, 78.0149, 2.51976e-05, 0.000102424, -0.00015433, 
773, 57754.5, 112.157, -51.1125, -149.859, -0.000229374, 7.89062e-05, 0.00018686, 
774, 183930, -187.965, 139.737, -194.632, 0.00019199, -8.89444e-05, 0.000212335, 
775, 13828.6, -10.5502, 194.809, -76.7638, 4.7346e-05, -0.000315346, 0.000108677, 
776, 108453, -75.7524, 76.466, 170.12, 5.64532e-05, -4.45777e-05, -0.000153815, 
777, 14144.5, -100.717, -20.4472, -11.7577, 8.41878e-05, 0.000142272, 4.8685e-05, 
778, 285205, 97.5364, 14.5314, 175.033, -5.36304e-05, 2.22283e-05, -0.000233798, 
779, 259617, 61.8481, -188.533, 153.445, -9.70488e-05, 0.000384244, -0.000152983, 
780, 32292.8, -144.462, 98.1066, -98.2498, 0.000203299, -0.000131236, 9.82421e-05, 
781, 111122, -32.8509, -45.8427, -68.5127, 3.45413e-05, 7.2689e-05, 5.82423e-05, 
782, 236248, -171.376, -97.609, -96.9858, 0.000210731, 0.000115882, 2.00032e-05, 
783, 111757, -198.394, 124.68, -39.4669, 0.000383237, -0.0001611, -3.44889e-05, 
784, 101701, 50.401, 168.346, 57.5974, 0.000153871, 9.89208e-06, -0.000482043, 
785, 2229.58, 185.577, 91.1227, 81.6722, -0.000312589, -4.78402e-05, -1.52157e-05, 
786, 55331, -163.822, 62.9877, -32.3993, 0.000488183, 0.00040446, 8.19175e-05, 
787, 53331.2, -181.44, -174.997, 88.4337, 0.000272803, 0.000244074, -5.38756e-05, 
788, 62281.1, 30.7212, -0.501437, -198.338, -4.74732e-05, -2.57912e-05, 0.000336412, 
789, 234380, -51.4103, 113.733, 149.859, 6.17676e-05, -0.000127732, -0.000209519, 
790, 19217.9, -21.1205, 108.198, 84.5752, 7.85318e-05, -7.25621e-05, -0.000162104, 
791, 140594, -159.545, 29.5246, 122.22, 9.55198e-05, 2.21477e-05, -9.90811e-05, 
792, 100843, -165.271, -70.9476, 44.4581, 0.000250899, 0.000103963, -8.77669e-05, 
793, 422432, 143.313, -146.089, 105.551, -0.000533489, -6.00292e-05, -0.000330924, 
794, 20487.2, -174.044, -93.6809, 151.388, 0.000208492, 9.78638e-05, -0.000177265, 
795, 185369, 86.5397, -138.288, 103.482, -0.00020468, -4.32083e-06, -9.6056e-05, 
796, 206092, 178.049, 32.6726, -51.5881, -0.000310859, 5.90764e-06, 6.53747e-05, 
797, 123508, 142.951, -108.8, -45.4033, -0.000220627, 9.17372e-05, 9.53275e-05, 
798, 1376.47, -56.4484, -29.4361, -71.9453, 0.000222993, -5.60527e-05, 0.000105273, 
799, 260281, 42.4143, 137.728, 30.0651, -2.50817e-05, -0.000143195, 7.13904e-05, 
800, 6882.78, 182.451, 22.1477, -88.1983, -0.000197133, -0.000197061, -4.32944e-05, 
801, 49264.1, -24.4545, 158.525, 149.112, 6.16888e-05, -0.000198726, -0.000247466, 
802, 20497.8, -20.1826, -64.4117, -82.9657, 9.66158e-05, 2.77994e-05, 5.50187e-05, 
803, 23348.4, 198.73, 118.125, 169.958, -0.00042335, -0.000139477, -0.000223937, 
804, 7627.29, -146.483, -58.6935, 121.799, 0.000169474, 6.79942e-05, -0.000145329, 
805, 15368.3, 172.133, -93.3947, 5.18354, -0.000299905, 0.000183474, 4.74566e-05, 
806, 28579.3, -140.937, -138.578, 156.478, 0.000385946, 0.00024802, -0.000593738, 
807, 122719, -3.43691, -69.4668, -96.1646, 1.71448e-05, 3.6595e-05, 0.000120973, 
808, 48207.6, -156.992, -44.1054, -138.967, 0.000162876, -2.86988e-05, 0.000181239, 
809, 107008, 55.4651, 177.322, 152.128, -6.89952e-05, -0.000217881, -0.000156367, 
810, 18833.8, 62.0124, 155.354, -190.654, -1.98596e-05, -0.000117305, 0.000277947, 
811, 57604.9, 83.2322, 14.9061, -148.46, -9.06271e-05, -4.27761e-05, 0.000244053, 
812, 42206.3, -147.908, 180.29, 124.822, 0.000112105, -0.000238206, -5.74869e-05, 
813, 206861, 120.083, -66.8796, -95.7566, -0.000178931, 0.00010231, 0.000117404, 
814, 181820, 183.846, 24.2046, 166.197, -0.000267446, 6.69371e-05, -0.000175583, 
815, 52374.7, 44.7948, -129.671, -21.4202, 8.7452e-05, 0.000344669, -1.61054e-05, 
816, 58335.8, 102.921, 103.401, -111.876, -0.000149029, -0.000134755, 0.000167774, 
817, 10924.7, 144.155, -46.8761, -105.223, -0.00013826, 8.35466e-05, 0.000100114, 
818, 233079, -127.396, 122.193, 125.005, 9.10159e-05, -0.000118184, -0.00019367, 
819, 285093, 43.6058, -5.21035, 60.3013, -2.05757e-05, 4.66927e-05, -2.04858e-05, 
820, 142762, 112.168, 120.127, 13.3446, -0.000175194, -0.000129358, -4.94712e-05, 
821, 368984, 193.053, 133.736, -124.979, -0.000335785, -3.42008e-05, 0.000190264, 
822, 21311.2, -160.642, 27.157, -82.2523, 0.000290647, -3.13106e-05, 8.48417e-05, 
823, 9538.85, 12.307, -123.767, -47.9595, -1.54414e-05, 0.00024172, 0.000121292, 
824, 66198.4, 22.5217, 30.805, -59.2975, 1.54677e-07, -6.23701e-06, 0.000113907, 
825, 92104.2, -55.3899, -142.323, 35.6229, 2.3748e-05, 0.000182919, -5.24965e-05, 
826, 42347.6, 7.0663, 27.4272, -8.54034, -1.82359e-05, -3.06566e-05, -4.75745e-05, 
827, 32190.1, 195.89, 101.629, 84.9157, -0.000319442, -8.06217e-05, -2.97709e-05, 
828, 41709.3, 41.7593, 122.111, 168.092, 5.93116e-05, -0.000173808, -0.000237117, 
829, 47823.2, 42.4077, -170.08, 76.4699, 2.33475e-05, 0.000313687, -7.14913e-05, 
830, 3506.43, -110.043, -50.5118, 136.054, 0.000184759, 8.61384e-05, -0.000140627, 
831, 88237.2, 166.018, -81.5594, 19.0224, -0.000252654, 0.000169599, -1.40397e-05, 
832, 3309.83, 74.0369, 135.113, -170.038, -3.032e-05, -0.000119412, 0.000266124, 
833, 57350.1, 67.9174, -92.6987, -172.533, -0.000148945, 0.000149884, 0.000277485, 
834, 13883.6, 191.274, -135.542, -148.773, -0.000235495, 8.7695e-05, 0.000134681, 
835, 89249.6, 1.92746, -137.078, -109.302, 3.76222e-05, 0.000297535, 5.82544e-05, 
836, 41456.9, 178.945, 153.346, 163.617, -0.000280715, -0.000181519, 4.80819e-05, 
837, 1768.98, 71.9452, -10.0198, 46.8354, -0.00020371, 9.07905e-05, -1.04499e-05, 
838, 164552, -129.55, 104.114, 179.345, 2.0357e-05, -0.00036737, -0.000428583, 
839, 76215.5, -10.3159, -77.4182, 142.121, 7.33363e-05, 9.90706e-05, -0.000246707, 
840, 42834.4, -4.72379, -128.665, 131.927, 9.08273e-05, 0.000171417, -0.00032063, 
841, 315284, -149.978, -123.154, -170.485, 0.000193239, 0.000176882, 0.000261193, 
842, 70649.2, 139.743, -136.874, -151.71, -7.19733e-05, 0.000209339, -0.000142766, 
843, 18007.5, -143.186, -82.5859, -9.73143, 0.000194095, 6.61965e-05, -4.31178e-05, 
844, 72124.9, -14.2291, 44.7814, -19.4873, -2.65628e-05, -0.000135115, -8.29834e-05, 
845, 527644, 136.074, -151.389, -18.5891, -0.000208334, 0.000206565, -1.10499e-06, 
846, 170939, 192.797, 21.6676, 107.121, -0.000293467, 4.51155e-06, -7.40879e-05, 
847, 131368, 69.3744, -195.148, -83.0104, 0.000249725, 0.000436176, -0.000107518, 
848, 68263.8, 35.1856, -51.8932, 19.8706, -2.77123e-05, 5.12564e-05, 2.904e-05, 
849, 4253.48, -58.5412, 47.5323, 141.408, 7.26538e-05, -1.0768e-06, -0.000222303, 
850, 62132, -46.1604, 41.0935, -158.44, -0.00024165, -0.000226116, 0.000401218, 
851, 187780, 52.1079, -130.435, -154.288, -0.000106644, 0.000153228, 0.000229228, 
852, 46555, -78.5734, 114.581, 184.99, -0.00029593, -0.000347551, -0.000238224, 
853, 52138.4, 69.2159, 22.9942, 46.236, 4.69761e-05, -0.000318719, -0.000708946, 
854, 105525, 26.0253, 7.15181, -42.9528, -3.9497e-05, -3.12017e-05, 0.000120331, 
855, 94645.3, -0.38865, 68.7139, -15.2966, -3.28505e-05, -0.000130697, 8.03083e-06, 
856, 33015.8, 73.4578, -162.005, -50.6143, -1.43453e-05, 0.000203436, 3.19027e-05, 
857, 153036, -188.59, -153.535, 134.366, 0.000243601, 0.000128361, -0.000171216, 
858, 175048, 120.924, -21.7383, -71.455, -0.000113395, 0.000101399, 0.000216058, 
859, 3732.86, 188.109, -1.36585, 20.2763, -0.000318798, -1.67793e-05, -5.61679e-06, 
860, 102960, -165.208, -24.631, 26.4714, 0.000242239, 2.95038e-05, 5.6143e-05, 
861, 1943.71, -186.816, 26.7956, -101.422, 0.000272775, -1.84281e-05, 0.000111901, 
862, 37579.4, -108.873, 32.4547, 187.891, 7.23065e-05, -1.25359e-06, -0.000265002, 
863, 75596.7, -125.133, 179.203, -174.695, 0.00019468, -0.000155693, 0.000170875, 
864, 72914.4, 164.997, 158.469, -175.067, -0.000181502, -0.000131648, 0.000243895, 
865, 40058.9, -197.736, -61.3221, 105.287, 0.000283735, 6.3613e-05, -9.84654e-05, 
866, 2443.56, 161.89, 141.847, 192.706, -0.000207711, -0.000269384, -0.000453113, 
867, 228494, 158.354, 184.102, 82.4125, -0.000198631, -0.000349999, -0.00012572, 
868, 144972, 20.532, 158.965, 75.997, 5.91309e-05, -0.000129054, -0.000201299, 
869, 240247, 60.6478, 136.495, -70.1673, -4.62506e-05, -0.000226185, 9.2335e-05, 
870, 23085.4, 154.284, -62.8665, -176.585, -0.0001999, 7.27393e-05, 0.000223045, 
871, 37939.5, 104.605, 39.7687, -73.9568, -0.000135301, -1.01304e-05, 0.0001489, 
872, 5296.39, -158.126, -165.821, -141.294, 0.000254965, 0.00022854, 8.79134e-06, 
873, 39944.8, -66.5182, 134.307, 42.2213, -3.36419e-05, -0.000240114, -1.94337e-05, 
874, 87785.1, 22.613, -148.232, -152.997, -3.66482e-05, 0.000191419, 0.00023609, 
875, 31832.4, 27.4082, 7.51113, 65.9108, 0.00024711, 9.35619e-05, 4.76832e-05, 
876, 438661, 154.344, 120.339, 181.769, -0.000167701, -0.00028314, -0.000298035, 
877, 66176.8, -63.1716, -15.9502, 21.9098, 9.88663e-05, 8.71596e-05, -3.24463e-05, 
878, 62483.6, -150.261, -166.657, 100.428, 6.05735e-05, 0.000185113, -8.03791e-05, 
879, 144637, 94.8164, 105.571, 131.912, -0.000267804, -0.00018806, 8.90498e-05, 
880, 97243.1, -30.0313, -132.189, 164.046, 2.35073e-05, 0.000184591, -0.00023689, 
881, 74869.6, 44.819, 99.5986, 95.1694, 3.11654e-05, -4.71855e-05, -0.000169283, 
882, 76207.2, -15.4975, 71.443, 120.48, 3.07329e-05, -1.26552e-05, -0.000175315, 
883, 3864.62, 152.228, -194.505, 54.9267, -0.000146864, 0.000288926, -3.66285e-05, 
884, 90040.9, -59.819, 188.999, 105.072, 3.63723e-05, -0.000306036, -0.000130644, 
885, 43910, -168.686, 126.889, -173.854, 0.00015114, -8.90692e-05, 0.000194903, 
886, 18767.4, -185.405, 38.325, -142.397, 0.000223039, -4.40953e-05, 0.000119654, 
887, 16072.5, -86.4241, -81.0608, -36.9031, 0.000148074, 7.05596e-05, 1.35709e-05, 
888, 88055, 64.4026, -72.7714, 51.3827, -0.000177762, 0.000161829, -2.18904e-05, 
889, 124105, -36.6525, -51.1199, -181.139, -3.54084e-05, 5.11704e-05, 0.000180233, 
890, 81550.8, 103.391, 190.398, 120.721, -8.55387e-05, -0.000299891, -0.000122204, 
891, 207409, -149.856, -42.7661, 168.209, 0.000176235, 0.000149629, -0.00016047, 
892, 17292.2, -198.261, 150.516, 132.71, 0.000281003, -0.000125881, -0.000124899, 
893, 29477.8, 66.393, 168.175, -182.179, -1.58861e-05, -0.000169237, 0.000261731, 
894, 7475.22, -13.8721, -157.373, -141.859, 1.30236e-05, 0.000234959, 0.000173712, 
895, 61370.8, -119.407, -196.224, 89.3148, 9.12305e-05, 0.000294277, -9.27802e-05, 
896, 308324, 84.1926, 186.486, -144.575, 0.000145281, -0.000192935, 7.54941e-05, 
897, 110445, -184.745, -123.466, 68.3787, 0.000263803, 0.00011275, -7.71579e-05, 
898, 109736, 179.073, -82.3924, 101.939, -0.000314472, -0.000216605, -0.000257999, 
899, 82634.2, -78.5331, -41.8939, -171.087, 0.000102188, 2.46858e-05, 0.000245169, 
900, 15369.9, 106.881, 128.324, 46.0548, -0.000206803, -0.000157022, -2.43316e-05, 
901, 19852.3, 30.7242, 48.9499, -23.0921, -3.42401e-05, -6.57535e-05, -4.06417e-06, 
902, 30159.8, 153.418, 95.1403, -197.304, -0.000188064, -1.21377e-05, 0.000282589, 
903, 406168, 24.0883, -46.4849, -103.889, -4.00971e-05, 3.04844e-05, 0.000137685, 
904, 283206, -98.3235, -151.809, 22.3358, 6.07446e-05, 0.000228962, -8.35467e-05, 
905, 74862.1, 126.052, 21.8653, 141.47, -0.000174357, 2.45136e-05, -0.000104282, 
906, 29928.4, 129.904, -121.671, 119.808, -0.000142528, 8.94319e-05, -0.000221547, 
907, 56321.9, -33.6111, -92.6955, 94.618, 6.35506e-05, 0.000153843, -0.000110074, 
908, 70579.5, -174.457, -152.011, 118.33, 0.000199427, 7.35324e-05, -0.000126533, 
909, 2374.24, -23.2005, -29.5705, -4.5613, 9.27554e-05, 7.99385e-05, -4.45086e-05, 
910, 257749, 10.9462, -117.448, -114.141, -1.19811e-05, 0.000144475, 0.000120354, 
911, 52870.8, -182.074, 175.467, 143.565, 0.000322199, -0.00013283, -8.49924e-05, 
912, 73734.5, 17.2154, 172.468, -26.9512, 2.22583e-05, -0.000266038, 5.87169e-05, 
913, 154890, -65.7438, 110.766, 10.7036, 0.000323599, -9.09144e-05, -0.000186994, 
914, 34503.2, 28.7924, -172.958, -149.051, -8.74961e-05, 0.000197767, 0.000162057, 
915, 302313, -3.69624, 30.9613, -116.353, -1.16982e-05, -5.48283e-05, 0.000102065, 
916, 48269, -22.3175, -121.724, -147.922, -3.2296e-05, 0.000104307, 7.22919e-05, 
917, 71440.3, 45.3077, 142.704, -88.4185, 1.42905e-05, -0.000268328, 0.000206025, 
918, 37656.2, 165.356, 113.159, -120.938, -0.000213402, 7.69466e-05, -3.35032e-05, 
919, 214827, -49.2906, 32.3215, -154.111, 8.50275e-05, 0.000136431, 0.000183869, 
920, 37174.1, 146.992, -72.5687, -94.6977, -0.000256641, 0.000131575, 5.60787e-05, 
921, 188731, 162.854, 169.344, 76.0201, -0.000246814, -4.51096e-05, -1.86747e-05, 
922, 85920.2, 118.84, 9.29636, -108.494, -0.000139008, 3.37105e-05, 0.000186015, 
923, 30814.5, 160.997, -25.8148, -179.558, -0.000222271, 1.47911e-05, 0.000222504, 
924, 546352, -143.9, -14.3186, 191.189, 0.000123482, 7.80191e-05, -0.000252563, 
925, 11079.1, -92.6715, -75.199, 174.044, 0.000117196, 7.6468e-05, -0.000295765, 
926, 117668, 115.2, 94.3703, -152.847, 0.000153899, -0.00255453, -0.000151864, 
927, 65187.6, -40.8895, -162.938, 8.91765, 1.91671e-05, 0.000281347, -3.04781e-05, 
928, 12481, -191.983, 191.867, -29.8139, 0.000276717, -0.000264322, 2.6455e-05, 
929, 7076.11, 61.7255, -158.168, 141.098, -0.000132798, 0.000194528, -0.000117167, 
930, 113044, 149.454, -134.43, -107.593, -0.000188627, 7.83203e-05, 0.000130741, 
931, 30277.5, 119.757, 60.8602, -172.756, -0.000110897, 1.00758e-05, 0.00029034, 
932, 19134.3, 152.892, 88.7861, 117.239, -0.00019718, 1.58885e-05, -5.59996e-05, 
933, 33956, 132.155, -85.405, 138.516, -0.000167322, 0.000206624, -0.000213493, 
934, 41452.5, -24.3845, -44.363, 44.1336, 0.000107313, 9.77712e-05, -3.76522e-05, 
935, 88960.2, 170.976, -41.7048, 42.6782, -0.000343248, -3.85327e-05, -0.000148106, 
936, 41976, -170.143, 182.469, -141.916, 0.000173548, -0.000227141, 0.000120054, 
937, 217216, -103.554, -161.563, -156.499, 9.99325e-05, 0.000272654, 0.000290358, 
938, 23265.7, 119.936, -151.414, 182.212, -0.000179167, 0.000144745, -0.000256534, 
939, 50930.9, 94.2586, 153.426, -98.9102, -2.82305e-05, -0.000216591, 0.000164677, 
940, 156684, -77.2475, -100.097, -67.6309, 0.000117147, 7.91194e-05, 3.53176e-05, 
941, 20818.4, -42.3077, 172.342, 13.9862, 0.000126507, -0.00029164, 2.56712e-05, 
942, 128535, -132.599, 98.1834, 175.123, 0.000340163, 0.000229938, 1.42885e-05, 
943, 123191, -77.5269, 187.386, -107.628, 1.46848e-06, -0.000318624, 4.25215e-05, 
944, 30204, -198.086, 28.0004, -89.8765, 0.000311368, -2.63526e-06, 9.63686e-05, 
945, 14151, 101.384, 41.9435, -153.349, -0.000122783, -1.36301e-05, 0.000278459, 
946, 636.499, 74.974, -7.74378, -163.652, -4.3219e-05, -7.82742e-05, 0.000254463, 
947, 210578, -177.423, 132.556, 94.1232, 0.000460883, -2.00177e-05, -9.07296e-05, 
948, 151705, 63.1561, 173.265, -43.5321, -3.67166e-05, -0.00031335, 5.3317e-05, 
949, 85668.2, -15.9876, 29.3084, -124.49, 0.000276312, 1.02419e-05, 0.000308209, 
950, 8067.9, 27.4383, 40.0665, 130.838, 1.40364e-05, 1.28951e-05, -0.000199107, 
951, 10259.9, -52.636, 110.224, -10.2301, -1.64239e-05, -0.000159058, 0.000151004, 
952, 248973, 71.645, -60.3301, 102.121, -0.000128535, 0.000124005, -0.00015792, 
953, 22777, 152.16, 58.1895, -125.487, -0.000265605, -4.39129e-05, 0.000186805, 
954, 221946, 36.5922, 58.4512, -61.197, 6.99221e-05, -1.25261e-05, 6.32808e-05, 
955, 4167.21, -38.7604, 60.4334, 39.1809, -9.6396e-05, -4.24557e-05, -6.86112e-05, 
956, 63225.3, 52.7081, 62.3311, -60.6711, -0.000232675, 3.75241e-05, -3.87881e-05, 
957, 76883, 177.523, 182.672, -149.394, -0.000218235, -0.000225154, 0.000151271, 
958, 16714.9, -42.9721, 173.598, 194.975, 4.93319e-05, -0.000208588, -0.000287493, 
959, 142125, 153.339, 92.0978, 175.396, -0.00024387, 0.00013443, -0.000266397, 
960, 50927.3, 140.007, 86.8374, 59.3514, -0.000221251, -0.00012097, -2.03159e-05, 
961, 23374, 82.7175, 85.9644, 18.6832, -0.000106989, -6.47472e-05, -2.48393e-05, 
962, 186842, 73.2824, 99.0054, 145.755, 0.000213355, -2.7375e-05, -0.000132023, 
963, 186016, -179.686, 124.472, 12.2334, 0.000276899, -0.000149471, -8.28418e-06, 
964, 150017, -117.867, 175.865, -72.1546, 0.000132274, -0.000277577, 6.48699e-05, 
965, 12351.6, -8.92703, 66.4426, 173.053, 4.38175e-05, 4.35716e-05, -0.000283761, 
966, 18040.7, -121.508, 183.18, 152.286, 0.000163875, -0.000279443, -4.40249e-05, 
967, 365471, 64.2386, 78.7585, -79.1923, -0.000100917, -9.28882e-05, 0.000142031, 
968, 141398, 7.42941, 26.4263, 110.996, 2.47568e-05, -5.01244e-05, -0.000216408, 
969, 39913.5, 5.73791, -59.8378, 35.171, 0.000190381, 8.20925e-05, 6.63159e-06, 
970, 4957.12, -176.3, -40.3514, 90.0169, 0.000296166, 0.000112784, -8.66384e-05, 
971, 56588.8, -112.12, 102.923, -153.749, 0.000180926, -0.000148021, 0.000173413, 
972, 33212.9, -168.504, -152.335, -135.021, 0.000279699, 0.000209491, 6.34045e-05, 
973, 27703.4, 169.133, -153.619, 66.0897, -0.000286894, 0.000223759, -7.5897e-05, 
974, 77007.2, 41.4235, -78.9476, 47.9987, -9.51238e-05, 0.000302521, -4.01836e-05, 
975, 56906.5, -20.1067, 7.9773, -20.2014, 6.78118e-05, 5.12489e-05, -2.54435e-06, 
976, 40865.7, -135.455, 69.3574, 12.7943, 0.000222736, -0.000150342, -9.1314e-05, 
977, 5817.58, -152.036, 142.48, 78.3099, 0.000221604, 2.93795e-05, 4.47535e-05, 
978, 76162.7, 155.959, -82.1812, 80.1564, -0.000200929, 7.44265e-05, 4.6293e-05, 
979, 43151.2, -178.48, 151.783, 109.637, 0.000285069, -0.000269143, -0.000174755, 
980, 38264.6, 47.9325, 67.9488, -64.8721, -1.31819e-05, -0.000237702, 0.000137622, 
981, 32246, 162.824, -166.679, -100.624, 0.000167258, 0.000734859, 0.000292486, 
982, 205630, 91.7896, -176.109, -89.0889, -0.000287988, 4.94805e-05, 0.000100296, 
983, 152053, -175.005, 178.732, -30.4899, 0.000244981, -0.00023479, 6.31246e-05, 
984, 176833, 155.984, 93.859, 96.8289, -0.000254215, -7.93548e-05, -2.01532e-05, 
985, 35522.5, -157.227, -137.994, -36.1054, 0.000235554, 5.79813e-05, 0.000139482, 
986, 12347.6, 60.2987, -26.5617, -193.421, -3.70292e-05, -2.24672e-05, 0.000362486, 
987, 141252, 152.135, -186.362, -81.4523, -0.00015157, 0.000292721, 4.3416e-05, 
988, 32501.8, -26.7642, -63.0286, -152.464, 3.5045e-05, -7.55666e-06, 0.00020645, 
989, 118945, -173.053, 92.6848, -103.872, 0.000240001, -9.74107e-05, 7.68391e-05, 
990, 26452.4, 98.5202, 173.434, 86.1663, -0.000119843, -0.000285991, -7.42317e-05, 
991, 155703, 95.8401, 59.8302, -46.5317, -0.000125566, -0.000104393, 5.50345e-05, 
992, 137638, 103.258, -162.98, -40.2213, -9.48585e-05, 0.000141457, 1.75741e-05, 
993, 25517.8, 30.58, -86.8857, -11.8123, 4.31852e-05, -0.000234765, -0.000337114, 
994, 35546.1, 113.183, 134.836, 181.424, -7.05778e-06, -0.000236814, -0.000240145, 
995, 199466, -62.058, 57.3681, 28.1705, 0.000132412, -1.83686e-05, 3.35758e-05, 
996, 168949, 179.998, -105.826, -39.1218, -0.000300889, 9.63234e-05, 6.23944e-05, 
997, 137066, -156.403, 157.809, 85.3893, 0.000260702, -0.000338011, -9.34748e-05, 
998, 21868.6, -189.772, 129.875, -44.0268, 0.000171844, -0.000358878, 5.8711e-05, 
999, 1415.09, -22.222, -61.3146, -49.583, 6.52535e-05, 9.16501e-05, 9.98291e-06, 
