ID, Mass [kg], pos_0 [m], pos_1 [m], pos_2 [m], vel_0 [m/s], vel_1 [m/s], vel_2 [m/s], 
0, 97975.8, 23.8825, -33.4937, -19.9237, -0.000880617, 0.00101021, 6.76899e-05, 
1, 77894.7, -7.50695, -22.757, -31.0039, 0.00262241, 0.000939613, -0.00028828, 
2, 11402, -37.0748, -27.5908, 40.5069, 0.000626652, 0.000539113, -0.0022111, 
3, 66098.7, 23.3345, 17.9209, 12.636, -0.000953405, -0.000451574, -0.000313279, 
4, 44838.5, 41.7525, 35.8703, 19.5269, -0.00156708, -0.00168882, 0.000485471, 
5, 294431, -24.4878, 17.5185, 7.58336, 0.00129308, -0.000120921, -0.00101709, 
6, 45520.7, -16.8891, 26.571, -42.0496, -0.000129252, -0.000215181, 0.00119805, 
7, 104607, -31.5972, -27.0751, 37.1401, 0.000587257, 0.000792448, -0.00071428, 
8, 18630.4, 29.0386, 29.1224, 19.5066, -0.000750963, -0.000981034, -0.000362703, 
9, 6880.78, 10.6995, -36.088, 28.3776, -0.000363556, 0.00106936, -0.000884289, 
10, 62559.5, 32.4846, 12.2467, 36.6236, -0.000572839, -0.000351257, -0.000994977, 
11, 25475.3, -21.7934, -14.525, -38.3283, 0.000197516, 0.000145813, 0.00172268, 
12, 71640.3, 21.1332, -1.48599, 13.5096, -0.00326494, 0.00037167, -0.000165009, 
13, 19375.1, 26.8732, -2.4984, -34.4219, -0.00119554, -0.000794673, 0.000211274, 
14, 192659, -36.945, -27.4042, 40.9627, -0.000562694, 0.000866358, 0.000212579, 
15, 90493.3, 9.77767, 10.4932, 32.0448, -0.00169648, -1.64695e-05, -0.000905024, 
16, 55088.9, -13.5093, -10.6912, -21.2485, 0.000384945, 0.000320959, 0.000985109, 
17, 128599, -16.4689, -3.62605, 22.0558, -2.82301e-05, 0.000245419, -0.00111243, 
18, 2686.61, -18.7365, -6.0738, 24.189, -0.000498788, -0.000375447, -0.000586897, 
19, 57797.8, -39.1383, 24.3596, 23.0457, 0.00234907, -0.000376949, -0.000637643, 
20, 50565.7, 33.461, 24.2568, -15.2218, -0.00130152, -0.000343523, 0.00024717, 
21, 170562, -7.70136, -22.9439, -30.9386, -0.00124961, 0.000300291, 0.00208319, 
22, 46366.2, 25.0512, 15.6959, -21.6674, -0.000363345, -0.000699663, 5.39412e-05, 
23, 48064, 41.2763, 35.3043, 19.9344, -0.000396828, -8.77415e-05, -0.00057271, 
24, 10737.9, 20.8181, 20.291, 28.5676, -0.000564896, -0.000754207, -0.000766874, 
25, 6821.61, -31.3366, -10.8152, 3.57739, 0.0012424, 0.000989011, 0.000574461, 
26, 85103.7, -18.4578, -18.0842, 21.6871, 0.00011457, 0.000462916, -0.000293959, 
27, 20373.4, 4.27497, -32.5915, -23.8412, -0.000494642, 0.0014541, 1.37691e-05, 
28, 40858.5, -26.2575, -12.0412, 28.3932, 0.00111651, 0.00104054, -0.000555866, 
29, 20052.6, 21.5201, 0.633296, -26.9704, -0.000548875, -0.000623346, 0.000327323, 
30, 30553.1, 40.4298, -17.7128, -8.6735, -0.001516, 0.000604675, 0.000430291, 
31, 162518, -27.8269, -43.2835, 7.29022, 0.000547162, 0.00136395, -0.000113581, 
32, 65626.2, 11.3659, -11.4084, -0.52417, -0.000641197, 0.000585832, -1.96092e-05, 
33, 187658, -37.8086, -28.3687, 42.1149, 0.00242348, 0.00148215, -0.00232862, 
34, 143234, 11.419, 42.5233, -45.7469, -0.000171073, -0.00070698, 0.000933524, 
35, 251764, -34.3679, 32.9447, -37.6143, 0.00151187, -0.00065329, 3.34169e-05, 
36, 188234, 3.39048, -43.875, 10.9344, -0.000402296, 0.0014116, -0.000280782, 
37, 145115, -16.9031, -26.0027, 18.5217, 4.45087e-05, 0.00120518, -0.000304793, 
38, 97491.5, 38.462, -4.54905, 1.96028, -0.000540676, 0.000985073, 0.000205213, 
39, 31783.6, -31.1041, 34.7574, -28.2582, -0.000158622, -0.000607071, -0.000358796, 
40, 3660.49, -13.7567, -24.9293, -0.576968, 0.000872277, 0.00149404, -0.000310447, 
41, 6882.93, 19.1508, 25.9867, 13.0882, -0.000170617, -0.00211867, -0.000382499, 
42, 15820.5, 24.9722, 6.51415, -31.7055, -0.000774771, -0.000761457, 0.000921672, 
43, 12851.8, 10.0158, 10.0875, 33.7605, -0.000438424, -0.000110373, -0.00226376, 
44, 207554, -42.555, -37.9047, -26.8004, 0.00107036, 0.00152962, 0.000542341, 
45, 14218.7, 17.3211, 15.9147, -13.2554, -0.00068386, -0.00049997, 0.000496564, 
46, 94578.2, 36.9931, 28.7122, 36.3829, -0.000562485, -0.000193733, -0.00174257, 
47, 139467, 45.5332, 31.0171, 45.1035, -0.00100594, -0.000552103, -0.00100428, 
48, 34799.6, 27.214, 24.2361, 8.04949, -0.00127407, -0.000964261, -6.46515e-05, 
49, 52524.3, -11.3566, 14.7458, -12.0357, 0.000182325, -7.6016e-05, 0.00129726, 
50, 168682, -39.8535, -26.8694, -27.2883, 0.00211739, -0.000652811, 0.000916921, 
51, 4879.07, -32.2306, -9.7872, -31.235, 0.000897483, -0.000935134, 0.00157048, 
52, 127413, -27.3356, -40.7181, 42.2588, 9.62402e-05, 0.0013271, -0.00130699, 
53, 2820, -17.348, 38.0458, 4.67227, 0.000107234, -0.00176746, 0.000710059, 
54, 67623.2, 12.6639, 10.0402, 35.7965, -0.000831122, -0.000122979, -0.001134, 
55, 124781, -12.4788, 39.1954, -22.9075, -0.000174644, -0.000719662, 0.000327038, 
56, 44370.6, 0.309184, -1.79506, -3.62789, -0.000284391, -0.000846015, 0.00215425, 
57, 51907.6, -7.75717, -27.7307, 1.74496, -1.52889e-05, 0.00170937, -0.000374549, 
58, 101111, -43.4194, 40.6467, 7.99976, 0.0014095, -0.00108384, 0.000121653, 
59, 12663.5, 35.3871, -3.92543, 19.457, -0.000740418, 0.000762392, -0.000572713, 
60, 211734, -9.50446, 38.4121, 17.9311, -3.91132e-05, -0.00119339, -0.000831429, 
61, 14072.5, 32.2806, -23.1973, -14.4704, -0.000721544, 0.000280963, 0.000421426, 
62, 39936.1, 37.9322, -42.2908, -13.6574, -0.000749269, 0.00124712, 0.000199419, 
63, 94816.2, -21.9692, 14.4617, 6.59424, 0.00388847, 0.00192542, 0.00313775, 
64, 294722, 22.9772, -1.82909, 12.7738, -0.000118291, -0.000143663, -0.000638747, 
65, 115209, -34.9604, -38.2618, -7.0445, 0.000969789, 0.0010856, 5.39075e-05, 
66, 297505, -6.62638, 41.5225, 14.4728, -0.000944967, -0.00199361, 0.000516728, 
67, 109371, 35.9056, -11.9532, 26.5259, -0.000876446, 0.000723364, -0.000594685, 
68, 50319.5, 10.3783, -21.0715, 11.4365, -0.00118687, 0.000849348, -0.000854697, 
69, 94497.4, -14.5486, 3.04712, -35.9308, 0.000285739, -0.000237793, 0.00133733, 
70, 28507.8, 17.4284, -2.47578, 35.8414, -0.000384199, 0.000362916, -0.00130914, 
71, 20301.8, -3.62788, -28.3593, -10.329, -0.000568304, 0.00162408, 0.000314195, 
72, 5514.46, -23.0244, -12.5003, -38.4748, 0.000596769, -0.00051846, 0.00168476, 
73, 51713.3, 8.37054, -22.955, 13.3515, -0.00019915, 0.00134659, -0.00118704, 
74, 54078.6, -24.5069, -10.9866, 27.0587, 0.000210972, 0.000558978, 0.000133314, 
75, 100331, -19.4523, -42.0332, -22.4133, 0.000383717, 0.00157395, 0.000708733, 
76, 16592, -18.4499, 2.42987, 40.9189, -0.000284492, -2.68416e-05, -0.00160902, 
77, 214624, 1.7425, -2.16212, 0.0764464, -0.000280588, 0.000691993, -0.00162006, 
78, 77042.2, -3.33137, -13.5534, -2.07333, -0.00098252, 0.000974746, -0.000516627, 
79, 131835, -36.2956, 36.1942, -44.7704, 0.00148429, -0.000863825, 0.000100768, 
80, 36841.1, 25.5337, 15.0427, -22.4601, -0.00147673, 0.000138927, 0.00137076, 
81, 30218.7, -35.9304, -41.7042, 22.2096, 0.00108195, 0.00119592, -0.000201149, 
82, 5693.83, -24.3378, -17.0421, -20.2096, 3.56351e-05, 0.000340057, 0.000208308, 
83, 46120.3, 43.2515, 14.6508, -34.9755, -0.00106714, -0.000269383, 0.000668048, 
84, 20479.4, -23.001, -40.6159, -7.51185, 0.000434882, 0.00153252, 3.59166e-05, 
85, 115679, -12.8212, -40.9718, 21.9809, -0.000250841, 0.0014505, -0.000506155, 
86, 124413, -36.2118, -24.5609, 40.1449, 0.00131786, -0.00149282, -0.000946138, 
87, 14754.9, 30.7341, 3.06608, 22.8582, -0.000591606, -0.000482205, -0.00103518, 
88, 1562.9, 1.34066, 22.9761, -26.9225, -0.000328187, -0.000542846, 0.000995337, 
89, 213089, 40.4629, 0.931428, 19.4773, -0.00137751, -0.000456047, -0.00109268, 
90, 131961, 40.1957, -0.879292, 9.69119, -0.00177353, -0.00037067, 3.45121e-05, 
91, 25620.6, -40.8837, 2.68436, -10.9453, 0.00206631, -4.45923e-05, 0.000514012, 
92, 36643.2, -29.0055, 28.4174, 20.44, 0.00126244, 0.000509535, -0.00106858, 
93, 10124.3, -17.3282, -4.1668, 23.7843, -0.00114255, -0.000600375, 0.000339861, 
94, 134912, 15.5712, -12.6076, -0.0520164, -0.00163866, 0.000639987, 5.74627e-05, 
95, 352934, 0.871714, -4.92317, 3.58287, -0.000657284, -0.000734719, 0.000410915, 
96, 53519.9, -33.432, -6.14069, 39.0893, 0.000834941, 0.000908614, -0.000998695, 
97, 179640, -21.7451, 8.85911, 8.61554, 0.00167461, -0.00186265, 3.12214e-05, 
98, 92275.8, 32.6367, -18.9063, -27.7567, -0.00133326, 0.000558161, 0.000531345, 
99, 37250.3, -8.70305, -38.5366, -36.7805, 0.000369856, 0.000986141, 0.00107745, 
100, 237086, -24.9791, -37.5993, 30.9132, 0.000216033, 0.00134462, -0.000481575, 
101, 89616.5, -35.4723, 3.27019, -9.84843, 0.001322, -8.04091e-05, 0.000665076, 
102, 131392, -33.0435, -10.4425, 23.4094, 0.00162564, 0.000265429, -0.000193076, 
103, 134711, 37.6073, 28.6385, 37.7679, -0.000519481, -0.00107149, 0.000648215, 
104, 108522, 19.9756, -15.1674, -32.7921, -0.000140717, 0.00082163, 0.000964793, 
105, 228291, 41.3959, -5.54983, 38.4119, -0.00103893, -0.000351816, -0.00135604, 
106, 233820, 25.3111, 41.1634, -15.1801, -0.000839234, -0.00147036, 0.000216425, 
107, 93778.3, -29.795, -12.7177, -19.3191, 0.000864872, -0.00048485, -2.44236e-05, 
108, 109531, -4.54833, -6.38041, -1.85524, 0.00100773, -8.46824e-05, 0.000831863, 
109, 162559, -30.7616, -13.792, 0.234913, 0.00129698, 0.000495522, -2.91586e-05, 
110, 104548, -20.0619, 42.8979, -41.5143, -0.000270622, -0.00102327, 0.00100009, 
111, 390486, -33.5707, 1.09062, 40.9785, 0.000791185, -0.000252653, -0.00137597, 
112, 17258.3, 2.42026, -24.2274, 20.9591, -0.000320443, 0.000890245, -0.0011943, 
113, 11495, 37.2676, 13.7559, -2.51072, -0.00128098, -0.00056398, 0.000309076, 
114, 198051, 24.8687, 35.6286, -22.1264, -0.000400257, 0.000123361, 0.000240673, 
115, 43163.1, 8.70612, -23.3857, 4.6376, -0.000713501, 0.00197212, -6.14779e-05, 
116, 54122, -18.741, 26.1659, 28.4246, -0.00104411, -0.0008511, -0.0027589, 
117, 7321.58, -19.2121, 15.1816, 19.7457, -0.000708215, 0.000843882, -0.00131004, 
118, 45671, 34.2823, 25.0861, -42.8709, -0.000753179, -0.000364286, 0.000950143, 
119, 335394, -25.1521, 29.3921, 21.1323, 0.000427923, -0.0029937, 0.000115234, 
120, 146744, -14.349, -28.558, -15.9195, 0.000137599, 0.00117332, 0.000873844, 
121, 144968, -28.7084, 28.0955, 18.8511, 0.000865746, 0.000610103, -0.00159902, 
122, 58573.5, 5.91518, 13.8837, -4.10263, -0.000810189, -0.0011254, 0.000404161, 
123, 69771.2, -11.7788, -6.51641, -22.0281, 5.92392e-05, -0.000551268, 0.00121561, 
124, 73065.8, -31.1121, 34.986, 4.50016, 0.00129533, -0.00146647, 0.000551037, 
125, 176383, 42.5312, -0.682876, 40.931, -0.000729451, 0.000784564, -0.000680534, 
126, 46062, 34.7993, -12.606, -3.05968, -0.001175, 0.000883331, 0.0004915, 
127, 56478.2, 38.5647, 31.4422, 32.6631, -0.000729349, -0.000421226, -0.00133442, 
128, 73371.6, 6.62779, 7.57068, -42.0377, -0.000220445, -0.000358133, 0.00142983, 
129, 64320, -22.094, 29.7716, 13.9529, -0.0002347, -0.00167104, 0.00131467, 
130, 34299.5, -34.075, -20.8007, -25.9987, 0.00310276, 0.00164771, 0.00157812, 
131, 95466.1, -15.0957, -34.5165, -14.9072, 0.000207489, 0.0020092, 2.82079e-05, 
132, 38698.9, -38.3226, -37.8698, 6.55877, 0.00127976, 0.000856132, -0.000177307, 
133, 99701.7, -18.7155, 13.5379, 7.53832, -0.00228349, -0.000231913, -0.000450305, 
134, 390402, -7.37152, -16.8803, -4.53384, 0.000479349, 0.00106398, 0.000373701, 
135, 51660.2, 3.59262, 11.8584, 33.941, 0.000451722, -0.00039186, -0.00164875, 
136, 67734.6, 26.1763, 42.0348, -17.7424, -0.000209541, -0.00115238, -0.00201662, 
137, 2782.49, 4.85046, -2.89562, -29.0697, -0.000184878, -0.00035519, 0.00127147, 
138, 74344.9, 20.3306, 23.7969, 12.9121, -0.000550183, -0.0010401, -0.000391186, 
139, 97141.8, 22.1256, -19.0757, -4.71123, -0.00118555, 0.00112652, 0.000354333, 
140, 210366, -9.56624, 22.765, -9.62493, -0.000214638, -0.000859577, 0.000726221, 
141, 40577, 2.20532, 25.9317, -4.88862, -0.000735388, -0.00111908, 0.000286686, 
142, 42182, 40.9557, 1.14532, 20.8327, -0.00143975, 0.000516843, 0.00181695, 
143, 43465.5, -25.8266, 23.3947, 23.2344, 0.0044748, 0.00151743, -0.00217524, 
144, 15541.7, -24.2639, 23.4222, 21.0902, 0.00122592, 0.000349098, 0.00329405, 
145, 77758.8, 6.21328, -10.4739, -2.62793, -0.00086632, 0.00070543, 0.00121287, 
146, 59817.6, 4.15921, -16.1941, -16.8182, -0.000545857, 0.000567407, 0.00104655, 
147, 25797.1, -5.84995, -41.3051, -29.9766, 5.79353e-06, 0.00138665, 0.000594038, 
148, 56695.6, 8.55453, -19.1724, 5.01185, -0.000613513, 0.00107946, -0.000443364, 
149, 5675.67, -21.601, 22.1884, 26.3908, 0.00136696, 0.000316345, 0.00115764, 
150, 10058.9, 6.04822, -28.7926, 17.5945, -0.000430733, 0.00139693, -0.0010042, 
151, 109307, 34.0869, -30.7073, 29.9328, -0.00169302, 0.00116956, -0.000395967, 
152, 64680.1, 9.77525, 10.6465, 33.2595, 0.00129007, -0.000611379, -0.00125786, 
153, 355851, 17.9141, -36.0404, -32.4444, -0.000589491, 0.000940926, 0.000803985, 
154, 112081, 24.5307, -8.83269, -32.7661, -0.00162745, -0.00138904, 0.00213001, 
155, 136525, 45.6946, -38.4507, -42.2264, -0.000777738, 0.0005165, 0.000595916, 
156, 24618.5, -41.4639, -18.0824, -16.8986, 0.00172812, 0.00014618, -0.000171634, 
157, 30278.3, -10.6548, 1.17437, -4.28229, 0.000567419, -0.000368305, 0.0010044, 
158, 74807.4, -37.0475, 36.0763, -36.5986, -0.000886418, -0.00409577, -0.00125691, 
159, 13757.2, -29.6309, -28.0707, 40.4614, -0.00104858, 0.000593059, -0.00198923, 
160, 30157.7, 8.50679, -8.64309, -12.9502, -0.000857425, -4.931e-05, 0.00117844, 
161, 499913, -32.357, -19.0053, -26.7435, 0.000456267, -3.18342e-05, 0.00106996, 
162, 243908, 2.83902, -43.776, -44.4033, -4.88084e-05, 0.000921057, 0.00104835, 
163, 156234, -18.086, -19.3142, 29.476, -0.000395132, 0.000660706, -0.00143729, 
164, 180799, 25.5351, 37.2099, -24.4667, -0.000886307, -0.00111067, 0.00174881, 
165, 449860, -23.5403, 14.3271, 5.56328, 0.00013306, 0.000375443, 0.00108434, 
166, 12627.8, 8.80899, 37.3897, 41.5376, -0.000305481, -0.00035208, -0.000590279, 
167, 72413.6, 41.1191, -36.3803, -10.9938, -0.0011941, 0.000783646, 8.60596e-05, 
168, 123248, -8.93443, 35.9909, 23.6466, -0.000934523, -0.000919748, -0.00192513, 
169, 19058.1, 36.9144, -32.3754, -8.0127, -0.000830934, 0.000721108, -0.000230556, 
170, 37240.7, 9.89878, -16.5237, 36.1558, -0.000300753, 0.000530403, -0.00124235, 
171, 10520.8, 32.2827, -23.1737, -14.5266, -0.00180696, 0.00114415, 0.000274181, 
172, 66867.4, -25.4104, -12.1725, 26.1639, 0.000576857, -0.00046594, -0.00189078, 
173, 286204, -30.3203, 38.5105, 25.1405, 0.00133646, -0.00203445, -0.0012206, 
174, 7121.25, -16.6087, -5.97855, 23.4748, -0.000402552, -0.000970493, -0.000537023, 
175, 44439.5, 5.2725, 8.59632, -3.59113, -0.000861224, -0.000631306, 0.000690911, 
176, 95063.2, -7.49314, 20.8962, 14.5532, -0.001075, -0.00058512, -0.000493047, 
177, 172893, -11.5745, 34.7478, -19.9259, -5.79303e-06, -0.00142618, 0.000960015, 
178, 46650.2, 40.0405, -34.568, 24.1341, -0.00118529, 0.00108351, 2.91059e-05, 
179, 38532.6, -35.8057, 37.6692, -26.515, 0.000854833, -0.00114784, -0.000735366, 
180, 32991.6, -29.1714, -26.1584, 18.0325, 0.00117701, 0.00089359, -7.34746e-05, 
181, 177479, -38.433, 35.8619, -35.0092, 0.000456996, 0.000589763, -0.000369346, 
182, 87.2575, 25.9755, 37.9586, -27.044, -0.00124933, -0.00177508, 0.00285, 
183, 128620, 5.10976, 0.470081, -31.7621, -0.00015779, -0.000215746, 0.00110456, 
184, 162169, 37.5413, -5.42448, 2.38379, -0.00188429, -0.000254525, 0.000747971, 
185, 20340.7, 1.0565, -4.19597, 3.73225, -0.000791339, -0.00226756, -0.0049797, 
186, 53688.5, 0.869992, 21.6108, -42.2597, -0.000162392, -0.000458337, 0.00115632, 
187, 29804.3, -20.4287, -20.8512, 9.44115, 0.000791044, 0.000822114, -3.52514e-05, 
188, 354857, 25.7333, -6.30393, -35.6085, -0.000655118, 0.00028315, 0.000763972, 
189, 50155.5, 22.6105, 41.0606, -41.5831, -0.000645306, -0.000703233, 0.000975084, 
190, 7112.4, -24.6221, 30.4483, 18.7832, 0.00177815, -0.000680203, -0.00187961, 
191, 126540, -40.6838, -28.0528, -27.108, 0.00071925, 0.00253899, 0.000291312, 
192, 354318, -38.2426, 36.0823, -37.6743, 0.000293224, -3.23006e-05, 0.00264333, 
193, 107194, 10.0414, 41.3995, 45.7195, -0.000325552, -0.0008232, -0.000986383, 
194, 224461, 29.9274, -29.1123, 31.036, -5.31352e-05, 0.000703768, -0.000936795, 
195, 635832, -23.3866, 24.1348, 22.6857, 0.000425738, 2.11595e-05, -0.00153067, 
196, 66151.1, 5.87187, -34.5936, -21.2135, -0.000207657, 0.00113762, 0.000443541, 
197, 47866.1, -14.3189, -25.4775, -14.2575, 0.000946267, 6.86919e-05, 3.98697e-05, 
198, 66662.6, 24.3109, 23.8301, 0.289155, -0.000888932, -0.000742919, 0.000224965, 
199, 70426.5, -25.7324, 32.8404, -0.597162, 0.000586621, -0.00140671, 0.000915692, 
