ID, Mass [kg], pos_0 [m], pos_1 [m], pos_2 [m], vel_0 [m/s], vel_1 [m/s], vel_2 [m/s], 
0, 10438.7, 15.468, -4.58537, -5.95555, -0.000309882, 3.03755e-05, 1.72527e-05, 
1, 6654.64, -4.88634, 15.5135, 17.8243, 0.000143813, -0.000172234, -0.000225758, 
2, 188574, -10.6739, 11.3185, 2.72752, 0.000152116, -8.22987e-05, -0.00010811, 
3, 37.6105, 16.3073, 1.18774, 11.088, -0.000425643, 0.000131047, -2.7992e-05, 
4, 156575, -15.4435, 9.74877, -10.9796, 0.000262533, -0.00011366, -7.99408e-06, 
5, 68600.3, -18.344, -19.8998, -3.12368, 0.000170725, 0.000185969, 2.24972e-05, 
6, 25394.3, -11.9471, 17.5286, -11.3745, 0.000235357, -0.000333227, 1.74778e-05, 
7, 79727.6, -18.7603, -1.58446, 8.87515, 5.94968e-05, -0.00135959, -0.000341687, 
8, 20636.5, -14.9296, 1.75099, -7.46909, 9.88048e-05, -9.97074e-05, 0.000245246, 
9, 1631.49, 9.0373, -18.4801, 12.3952, -8.40194e-05, 0.000210553, -0.000142972, 
10, 92118.6, -4.88549, 8.65362, -8.36773, -0.000137911, 0.000108982, -0.000132628, 
11, 22412.4, 6.27576, -7.52733, -19.2383, 1.19024e-05, 0.000227398, 0.000263785, 
12, 147192, 1.21992, 2.4788, -4.27384, -8.67256e-06, 6.63614e-05, 3.01791e-05, 
13, 68437, -6.09848, -18.7116, 14.0366, -8.48516e-05, 0.00033992, -0.00010972, 
14, 48261.5, -18.8004, -14.8597, -9.1893, 0.0002128, 0.000149426, 5.24359e-05, 
15, 4115.53, -10.8257, 14.706, -15.2783, 0.000279159, -0.000317227, 5.56969e-05, 
16, 187519, -7.76576, -13.829, 7.76328, 2.91388e-05, 0.000139373, -3.54444e-05, 
17, 41299.2, -13.4025, -6.21418, 11.986, 7.79293e-05, -2.62823e-05, -0.000184549, 
18, 31312.4, 15.6892, 1.66871, -17.4053, -0.000338486, -4.63337e-05, 0.000135392, 
19, 20522.5, 13.6487, -12.9259, 0.0426141, -0.000248934, 0.000151705, -2.86515e-05, 
20, 107552, -14.8197, 1.28026, -5.70676, 7.44628e-05, -6.67272e-06, -0.00012618, 
21, 71003.2, -1.72138, 6.51795, -2.59321, 7.60982e-05, -9.69519e-05, -7.9668e-05, 
22, 113893, -16.8284, 19.1356, 14.6972, 8.0974e-05, -0.000220428, -0.000103317, 
23, 377662, 7.91536, 4.87915, 13.2022, 0.000196381, 0.000124149, -0.000162011, 
24, 33818.9, -4.17518, -10.3405, -17.7316, -0.000113022, 0.000225737, 0.000148333, 
25, 72081.8, -17.6751, -18.251, 4.35104, 0.000192185, 0.000203194, -7.59831e-06, 
26, 42615.9, 1.1128, -7.90354, -1.23342, -4.77887e-05, 8.09187e-05, -1.41583e-05, 
27, 73029.4, 0.33487, -6.82159, 4.62998, 1.08545e-05, 8.40881e-05, -6.85574e-05, 
28, 278349, -4.13958, 13.4106, -13.2166, -0.00143256, 0.000362873, 0.000719289, 
29, 119212, -11.3509, 13.6215, -18.1236, 0.000197189, -0.000281239, 0.000232154, 
30, 4323.1, 6.20862, -2.28152, -8.77628, -7.91725e-05, 4.21435e-06, 4.82415e-05, 
31, 250092, 16.0903, -15.3939, 18.2336, -0.000119079, 0.000126801, -0.000134322, 
32, 2919.37, -2.18873, 4.97747, 17.8385, 0.000175785, 5.84961e-06, -0.000258061, 
33, 15081.1, -6.76035, -6.99593, 5.69223, 6.99217e-05, 5.86151e-07, -5.51235e-05, 
34, 72653.2, 7.9989, 7.92793, 11.7014, 0.000218665, -0.00059089, 8.95313e-05, 
35, 227948, 9.80925, -14.3025, -17.1067, -0.00012808, 0.000224988, 0.000181619, 
36, 54512.8, -4.39267, 0.604325, -7.89916, 5.70655e-05, 8.71089e-05, -7.64358e-06, 
37, 132334, 17.0241, 18.7367, -16.57, -0.000145286, -0.000204118, 0.000168037, 
38, 124410, -16.7625, -13.2281, 12.5376, 0.000308162, 7.60315e-05, -0.000244389, 
39, 233658, -14.7713, -16.1186, 14.3977, 0.000136733, 0.000235447, -0.000221556, 
40, 294451, -16.2492, 2.26067, -18.5013, 0.000245483, 0.000174789, 0.000227478, 
41, 18072.9, 2.33731, 2.69138, 8.53624, 0.000195912, 4.38606e-05, -1.50309e-05, 
42, 168697, -11.3155, 6.36062, -15.2376, 0.000200214, -2.01379e-05, -2.15983e-05, 
43, 58869.8, -14.9772, 9.33919, 17.603, 0.000135422, -0.000116326, -0.000166656, 
44, 457733, 9.50844, 6.01457, 19.1959, -0.000116242, 0.000367094, -0.000572936, 
45, 2111.71, 6.45505, -19.4017, 13.8314, -6.65641e-05, 0.00020826, -0.000137808, 
46, 30392.2, 8.62789, 0.101676, -14.5014, -0.000385708, 9.68654e-05, 0.000252382, 
47, 2286.25, -2.29363, -10.2318, -7.74016, -5.82034e-06, 4.44225e-05, 2.94e-05, 
48, 75203.2, -17.1744, -5.10932, -3.90018, -4.46397e-05, 6.60729e-05, -2.17732e-05, 
49, 166748, -2.08658, 18.9025, 4.35221, 3.49768e-05, -0.000250089, -2.34663e-05, 
50, 18376.9, 19.5501, 18.8172, -1.02421, -0.000179294, -0.000204917, -7.84685e-05, 
51, 8818.69, 17.6439, -14.7764, 3.96738, -0.000207309, 0.000136744, -2.74257e-05, 
52, 46667.2, 6.99467, -12.9396, -0.45475, -0.000115823, 0.000109936, -2.60822e-05, 
53, 81946, 6.06502, 5.7349, 7.91447, 0.000123083, -0.000113161, 0.000135057, 
54, 258170, -7.63998, -12.6583, 13.3216, 7.55563e-06, 4.75107e-05, -0.0001958, 
55, 14387.8, -4.48864, -14.0597, -6.43259, 8.17132e-05, -0.000206833, -0.000293141, 
56, 72595.4, -13.8486, -8.4933, -16.0697, 0.000194059, 0.000116733, 0.000212622, 
57, 127861, -0.933119, 9.23578, 14.8983, 0.00041098, -4.37044e-05, -0.000310703, 
58, 99632, 13.6938, 12.3127, -13.9148, -7.13457e-05, -9.87231e-05, 0.000163776, 
59, 42252.2, 16.4458, 15.6713, 11.4269, -0.000199086, -0.000219633, -9.14938e-05, 
60, 87983.4, 8.84807, -8.55041, -0.350483, -0.000166321, 0.000103397, -7.56145e-05, 
61, 196363, 2.08567, 8.56966, -16.6183, -0.000765744, -0.000140514, 0.000400356, 
62, 53625.6, -6.03096, 9.15897, -8.08956, 0.000438649, -0.00012699, -0.000262657, 
63, 36442.2, 13.304, -2.97546, 5.26595, -0.000243625, 0.000132789, 1.9878e-05, 
64, 325076, 9.33019, 16.7486, -2.39793, -8.26094e-05, -0.000217252, -2.11531e-05, 
65, 80050.7, -15.2327, 10.1809, -19.8852, 0.000487131, -0.000265536, 0.000297168, 
66, 111018, -19.4376, 7.17072, -4.79897, 0.000271571, -0.000108477, -7.01032e-05, 
67, 165997, -5.74569, -16.0483, 2.56105, 1.72185e-05, 0.000222509, -1.18152e-05, 
68, 55805.8, -7.06059, -14.9287, -9.11863, 0.000271332, -5.81312e-05, 3.83575e-05, 
69, 31234.3, -10.0538, 13.2706, 1.04534, 7.59964e-05, -0.000350967, 7.95741e-05, 
70, 186090, 4.16026, 4.71067, -0.557191, -0.000123444, -5.56402e-05, -6.53958e-06, 
71, 28094, 4.38741, 2.48997, 4.11355, 8.6832e-05, 9.11598e-05, 4.03193e-05, 
72, 957885, 19.8821, 12.9785, -9.21155, -0.000216738, -8.07647e-05, 2.96066e-05, 
73, 4474.79, -15.7393, -17.0636, -0.434563, 0.000182389, 0.000158072, 2.64591e-05, 
74, 10808.5, 14.0188, -0.815627, -1.36066, -0.000243176, 4.39785e-05, 1.19001e-05, 
75, 1477.59, -13.5241, 0.26091, -9.17379, 6.06197e-05, 6.28041e-05, 8.74737e-05, 
76, 46803.5, -17.358, -2.43093, -8.28111, -5.95735e-05, 0.000201652, -3.48124e-05, 
77, 163629, -6.45962, 18.797, -17.5625, 8.59543e-05, -0.000382171, 0.00023744, 
78, 91417.6, -18.9505, 8.56484, 16.8613, 0.000258295, -2.50974e-05, -0.000165565, 
79, 969.187, 2.32322, 7.70581, 5.89775, 7.24546e-05, -0.000153887, 8.29595e-05, 
80, 26478.7, 10.7541, 5.41353, 18.6216, -0.00153897, 0.000759871, 0.000136596, 
81, 117213, -12.3703, 8.29037, 19.543, 5.32686e-05, -5.22382e-05, -0.000249696, 
82, 437308, 5.60273, -2.88317, 12.4043, -2.15763e-05, 0.000203106, -8.57426e-05, 
83, 17332.5, -14.402, 5.11299, 18.9422, 0.000160679, 9.55721e-05, -0.000208986, 
84, 24899.3, -4.40374, -17.3166, -7.43656, 4.93613e-05, 0.000915363, -0.000161284, 
85, 98799.6, -9.93273, -17.6648, -15.5843, 0.000163182, 0.000235662, 0.000399829, 
86, 140967, -2.42726, 16.3445, 11.3337, 8.29571e-05, -0.000238957, -8.6184e-05, 
87, 3055.51, -1.69325, 4.64678, 5.79234, 0.000144658, -1.82964e-05, -6.86826e-05, 
88, 131508, -5.36479, -9.47132, -19.1808, 0.000149757, 6.93934e-05, 0.000394676, 
89, 72894.3, -6.85599, -16.8457, -9.7571, 0.000139929, 0.000377088, 0.000118625, 
90, 57118, -4.62615, -12.1647, -17.9086, 4.80901e-05, 0.000429301, 0.000215242, 
91, 2617.69, -5.96971, -3.84638, -18.9947, 5.12063e-05, 6.74083e-05, 0.000265172, 
92, 9206.39, -3.85129, 12.7867, 14.419, 0.000218311, -0.000167502, -0.000259068, 
93, 216586, 8.49736, 19.5096, -19.0785, -9.62825e-05, -0.000223334, 0.000164447, 
94, 58892.3, 12.6527, -6.73087, -4.87786, -0.000318372, 8.14684e-05, -4.01721e-05, 
95, 81944.5, 1.70261, 15.5152, -19.237, -7.93414e-05, -0.000298421, 0.000321763, 
96, 11783.7, -12.2552, -1.91518, -12.1911, 0.000116893, 9.38476e-05, 8.01033e-05, 
97, 99126, -18.6648, 1.33676, -6.8171, 0.000321468, -9.08761e-05, -3.7338e-05, 
98, 151994, -19.1565, -1.88541, -9.07037, 0.000383127, 8.0071e-05, 0.000146478, 
99, 87258.7, -9.16443, -6.7366, -7.29463, 9.77148e-05, 8.91923e-05, -2.02094e-05, 
100, 48596.7, 1.48069, -15.969, 15.2106, -6.37881e-05, 0.0001876, -0.000172746, 
101, 44096.9, -11.9704, 15.3423, -6.83183, 0.000283814, -0.000270712, -0.000108803, 
102, 8359.99, 10.3829, 4.70166, -6.68398, -0.000181635, -6.957e-06, 1.86149e-05, 
103, 70351.6, 3.53197, 16.4446, 14.7129, -0.000128334, -0.000134134, 0.000476873, 
104, 45294.6, 16.5575, -16.362, 12.6557, -0.000149046, 0.000157266, -9.95163e-06, 
105, 19504.5, 12.4203, 14.56, 11.906, -0.00021624, -0.000268238, -8.68683e-05, 
106, 54049.2, -16.4869, 8.79673, 14.8515, 0.000129457, -4.55961e-05, -6.63672e-07, 
107, 165846, -8.10682, 14.2314, -7.39622, 0.000167163, -0.000253409, -0.000197506, 
108, 334000, 8.81593, -4.22339, -19.0786, -0.000100352, 7.68759e-05, 0.000245158, 
109, 380350, 1.10111, -3.82178, 19.1651, 7.30856e-05, 0.000110149, -0.000274327, 
110, 169825, 13.4851, -1.15847, -17.9676, -0.000274843, 2.51731e-05, 0.000168063, 
111, 49417.8, 12.5218, 8.83456, 12.617, -0.00048743, -0.000706045, -0.000281879, 
112, 22932.1, 6.89754, 4.3924, -12.0859, -0.00017607, -1.90556e-05, 2.52267e-05, 
113, 33159.4, -11.5861, -13.6581, 7.75062, 0.000191448, 0.00014814, 6.62258e-06, 
114, 329915, -18.8789, -2.75366, 8.66532, 0.000237282, 0.000299471, -3.97374e-05, 
115, 46014.7, -5.68505, 15.2506, 9.89219, 0.000211585, -0.00015729, -5.32879e-05, 
116, 70885.7, -5.95548, -6.52771, -15.5375, 0.000115292, -1.69569e-05, 0.000125261, 
117, 39878, 1.36297, 7.61266, 7.65825, 0.000147782, -0.000120496, -4.1758e-06, 
118, 7990.99, 3.14369, -7.47508, -2.55512, -7.50451e-05, 6.99238e-05, 1.0786e-05, 
119, 45208.6, 8.5231, 9.80521, 2.33103, -0.000118203, -0.000162152, 3.35924e-05, 
120, 21852.8, -12.4999, -19.927, 15.2932, 6.86288e-05, 0.000336177, -0.000177207, 
121, 39421.6, 6.5206, 3.32202, 17.8964, 0.00025416, 0.000281997, -0.00035234, 
122, 29750.7, 8.79158, -3.81919, -4.76518, -0.00016144, -7.88776e-05, -6.85085e-05, 
123, 92556.9, -17.8563, 4.6046, -17.3514, 0.000497417, -0.000209381, 3.50579e-05, 
124, 232939, 1.06567, -17.0128, 4.41698, -5.09552e-05, 0.000224499, -8.76253e-05, 
125, 64576, 7.02716, -8.47457, -13.63, -5.72186e-05, 0.000128834, 8.89762e-05, 
126, 80969.1, -18.7884, 0.456956, 0.237249, 0.00022441, -3.43928e-05, -8.6935e-05, 
127, 69836.7, -9.21686, -14.9561, 1.19575, 0.000198295, 0.00013279, 5.13479e-05, 
128, 34136.6, -12.528, -18.0641, 0.899321, 0.000162289, 0.000243053, 1.3707e-05, 
129, 80050.6, 10.3092, -17.5319, 7.29258, -0.000162822, 0.000205309, -8.48408e-05, 
130, 67728.8, 7.8161, 0.42052, -13.8927, -4.31502e-06, -2.97369e-05, -2.19361e-05, 
131, 150978, -19.0689, 15.3691, 14.3579, 0.000190112, -8.88752e-05, -8.54868e-05, 
132, 81625.8, 0.358246, 9.36124, 14.2325, -0.000229718, -0.000132076, 5.02867e-05, 
133, 2593.03, 10.7827, -12.7241, -4.68515, -0.000224889, 0.000208915, 7.65469e-06, 
134, 644361, 11.8078, 6.00538, 11.0221, -0.000421691, -4.80222e-05, 0.000107467, 
135, 21866.9, -10.2266, 12.3667, 10.9119, 0.000140532, -0.000111814, -0.000112265, 
136, 41691.7, -4.71401, 7.04948, -12.3961, 0.000113402, 0.000155878, -3.78535e-05, 
137, 91347.5, -7.86388, -16.977, 15.6331, 4.20054e-05, 0.000235503, -0.000284051, 
138, 106353, -19.0035, -5.64454, -3.61477, 0.000407404, 0.000179711, -6.59496e-05, 
139, 48040.2, -11.073, 5.6422, 15.74, 8.2422e-05, 1.35022e-05, -0.00011627, 
140, 37577.6, -1.30128, -8.06349, -0.578985, 9.11759e-05, 7.81366e-05, -3.79512e-05, 
141, 18448.8, 2.17132, 14.7293, -12.8197, -0.000261086, -0.000435501, -0.000116635, 
142, 80498.5, -16.1311, -9.31879, 6.75359, 0.000172857, 1.83665e-05, 5.84101e-05, 
143, 7666.73, 6.26822, -17.3222, -8.51717, -9.51318e-05, 5.97822e-05, -0.000211973, 
144, 13225.3, -8.11743, -0.161142, -5.30983, 9.28251e-05, 4.87873e-05, -6.73751e-05, 
145, 193634, 13.4104, -10.4654, -12.1088, -0.000260418, 0.000145564, 5.97644e-05, 
146, 240149, 8.29892, -7.10445, -7.03098, -0.000116213, 9.73824e-05, 3.40888e-05, 
147, 329761, 3.15645, 16.9182, 16.7751, 2.64719e-05, -0.000287577, -0.000315094, 
148, 44620.5, 18.2613, 11.3035, 1.91356, -0.00023264, -8.64301e-05, -4.88764e-05, 
149, 326998, 9.24563, 8.41564, 18.6146, -3.13477e-05, -0.000848282, -0.000224621, 
150, 96085.7, -18.9696, 13.1957, -9.19238, 0.000296856, -0.000196554, -1.72372e-05, 
151, 156236, 1.50302, 12.5952, -14.7635, -0.000267179, -0.000354501, 6.5258e-05, 
152, 21221.8, -0.855322, -5.33595, -8.42164, -3.09642e-06, 7.94292e-05, 3.1438e-05, 
153, 52477.7, 19.7294, 15.7614, 10.0012, -0.000248565, -0.000159906, -5.40938e-05, 
154, 23635, -13.8375, -9.85537, -13.9543, 0.000198028, 0.000209406, 5.82722e-05, 
155, 46830.7, 14.9265, -0.145789, 16.4521, -0.00032672, 0.000123251, -0.000235299, 
156, 92630.3, 7.03979, 3.09009, 5.43145, -9.44265e-05, 8.56558e-05, 0.000123129, 
157, 48406.4, -14.1082, 14.9595, 6.21286, 0.00018343, -0.000178813, -8.16423e-05, 
158, 196582, -9.17919, -17.4391, -12.8511, 0.000120993, 0.000238214, 6.25732e-05, 
159, 30074.5, -3.81812, 4.57044, 1.814, 0.000123855, -1.47253e-05, -0.000102762, 
160, 33571.4, -13.3751, 5.09113, -19.7817, 0.000221556, -3.78814e-06, 0.000367482, 
161, 8737.73, 19.6434, -16.0529, 12.5344, -0.000231756, 0.000123386, -2.3103e-05, 
162, 508060, -7.94654, 4.20906, -19.575, 3.19563e-05, 8.97294e-05, 0.000309823, 
163, 44193, -7.11508, -7.26253, -11.8014, 9.06244e-05, 8.50342e-05, 3.34094e-05, 
164, 29803.4, 8.05736, -16.0078, 9.36799, -7.32545e-05, 0.000155891, -0.000159471, 
165, 169235, 12.8505, 6.43743, -17.3513, -0.00018077, -3.67762e-05, 0.000192584, 
166, 23700.2, -19.8665, -5.57162, 16.3926, 0.000188193, 1.93603e-05, -0.000210743, 
167, 86765.8, -15.5868, -19.3551, -15.7146, 0.000189857, 0.000191819, 0.00012847, 
168, 145148, -13.0692, 9.16476, -19.5283, 0.000141951, -0.000127174, 0.000286659, 
169, 52934.1, -5.56112, -19.4729, -4.62363, 6.86272e-05, 0.000357094, -6.24321e-05, 
170, 1922.37, -8.70684, -8.30233, -17.4022, 0.00023971, 0.000100455, 0.000212861, 
171, 22445.4, 14.2858, -6.64949, 16.5684, -0.000179816, 0.000217371, -0.000216333, 
172, 481411, -0.344953, 7.84579, -15.9582, 0.000128245, 0.000138743, 0.000144771, 
173, 207195, 7.74041, -17.7254, 0.373448, -0.000159531, 0.000271075, -2.149e-05, 
174, 59874.5, 5.83084, 12.8659, -19.3365, -0.000209174, -0.000144285, 0.000291441, 
175, 157715, 6.39554, -18.4952, -10.1612, -0.000101069, 0.000272974, 8.93817e-05, 
176, 23284.3, 10.5163, -9.58685, -16.4858, -0.000189687, 0.000116068, 0.000182728, 
177, 26682, -3.5907, 12.2491, 12.8334, 0.000197044, -0.000101522, -9.48392e-05, 
178, 2733.56, -3.99769, 17.117, 7.93685, 0.000130942, -0.000235472, -1.12246e-05, 
179, 21708.5, 2.01567, 4.47486, -0.497555, 0.000328747, -1.00938e-05, -9.32741e-05, 
180, 35339, -15.1087, -6.57974, -11.0973, 0.000335573, 0.000156426, 0.000146583, 
181, 8547.22, 10.0758, 6.27089, 3.04855, -0.000210316, -6.32037e-05, 0.000117943, 
182, 35159.6, 10.9631, 16.1393, 11.2729, -0.000116593, -0.00032462, -4.21813e-05, 
183, 26059.5, 14.6575, 3.19383, 2.66368, -0.000272901, 3.13181e-05, 6.29216e-05, 
184, 170910, -16.2502, -12.1582, 9.69299, 0.000199609, 6.89753e-05, 3.14492e-05, 
185, 34629.4, 2.51371, 2.88042, -10.8599, -9.91936e-05, 8.65521e-05, 1.90846e-05, 
186, 176.156, -15.3336, 14.2735, -4.95167, 0.00023462, -0.000199094, -0.000105808, 
187, 17432.8, 5.72375, -13.3495, -6.2079, -0.000127944, 0.000183234, 3.22925e-05, 
188, 38613.7, 14.749, -4.50823, 15.3049, -0.000261596, 0.000196575, -0.000240406, 
189, 103423, 1.35257, -14.1072, -6.02077, -7.46612e-05, 0.000169326, 1.69411e-05, 
190, 29362.8, -8.38672, -13.3828, 19.1199, 4.96428e-05, 8.01325e-05, -0.000329098, 
191, 226096, -4.15852, -15.7579, -7.83347, -8.05367e-05, 0.000142938, 2.78412e-05, 
192, 449215, -5.10254, 13.8269, -12.7802, 0.000997661, -0.00067607, -0.000377794, 
193, 35466.9, -13.9729, -6.49302, -10.6358, 2.76761e-05, 0.000123447, 1.52838e-05, 
194, 130.538, 3.31288, 7.51899, -18.8954, -0.00038989, 0.000114944, 0.000611575, 
195, 95093.9, -3.79882, -9.16368, -15.6712, -4.15536e-05, 0.000101155, 1.34641e-05, 
196, 99101.5, 14.4022, -3.36415, 12.7701, -0.000272206, 0.000164887, -3.97193e-05, 
197, 92771.6, -17.7299, 19.8619, -14.7711, 0.0001934, -0.000218812, 7.65301e-05, 
198, 13109, 6.81498, -15.9085, 0.0271203, 5.95092e-05, -0.000126072, 4.58018e-05, 
199, 168093, 1.15429, -9.70917, -18.4852, -6.70541e-05, 0.000147601, 0.000229446, 
