ID, Mass [kg], pos_0 [m], pos_1 [m], pos_2 [m], vel_0 [m/s], vel_1 [m/s], vel_2 [m/s], 
0, 97975.8, 19.7734, -28.9145, -19.6989, -0.00140775, 0.00151732, 4.0927e-05, 
1, 77894.7, -4.1652, -20.5556, -27.2221, 0.0003965, 0.00069899, 0.00174826, 
2, 11402, -31.8067, -27.1194, 35.6953, 0.00303472, 0.00149932, -0.00139561, 
3, 66098.7, 18.8357, 16.2143, 11.1211, -0.00153772, -0.000330875, -0.000574078, 
4, 44838.5, 35.9011, 30.1705, 20.5743, -0.00164494, -0.00153133, 0.000114663, 
5, 294431, -20.6384, 13.2025, 10.7295, 0.00114251, 0.000498108, 0.00151098, 
6, 45520.7, -17.5763, 25.6558, -36.6006, -0.000265234, -0.00028043, 0.00180744, 
7, 104607, -32.101, -22.9292, 35.452, -0.000555001, 0.00175338, -0.000715912, 
8, 18630.4, 25.5652, 24.6466, 17.8164, -0.00117671, -0.00149602, -0.000575713, 
9, 6880.78, 9.00338, -31.201, 24.3439, -0.000580203, 0.00163785, -0.00134698, 
10, 62559.5, 29.8731, 10.5982, 32.1189, -0.000872979, -0.0005692, -0.00149207, 
11, 25475.3, -21.0083, -13.8349, -30.4222, 0.000285406, 0.000111189, 0.00268257, 
12, 71640.3, 13.0421, -1.05505, 10.9608, -0.00193878, -2.23929e-05, -0.0010165, 
13, 19375.1, 21.8948, -10.4101, -30.6604, -0.00135515, -0.00113371, 0.0021861, 
14, 192659, -32.2444, -27.0008, 36.4586, 0.00171043, 1.16308e-05, -0.00207324, 
15, 90493.3, 6.01403, 9.8715, 29.2315, -0.000482626, -0.000348938, -0.00166608, 
16, 55088.9, -11.0203, -8.14238, -16.5314, 0.000853917, 0.000597897, 0.00184038, 
17, 128599, -16.7624, -2.74607, 17.3157, -9.89473e-05, 0.000273677, -0.00154127, 
18, 2686.61, -19.6086, -6.46322, 20.6563, -0.0001398, 1.30832e-05, -0.00119461, 
19, 57797.8, -26.7003, 22.9912, 19.4034, 0.00531665, -0.000189463, -0.00167292, 
20, 50565.7, 27.5102, 22.7965, -14.1118, -0.00199203, -0.000444688, 0.000366518, 
21, 170562, -9.53699, -20.5557, -23.6011, -0.000315256, 0.000838477, 0.0022959, 
22, 46366.2, 22.038, 12.7848, -20.3195, -0.00123192, -0.000738336, 0.000789593, 
23, 48064, 38.3192, 33.0352, 18.4873, -0.00125215, -0.00110326, -0.000231748, 
24, 10737.9, 18.1175, 16.803, 24.9994, -0.000946889, -0.00118275, -0.00121865, 
25, 6821.61, -25.2838, -7.71183, 4.62588, 0.00211278, 0.000772689, 6.2888e-05, 
26, 85103.7, -18.2774, -16.0588, 20.941, -0.000315407, 0.000653298, 0.000178002, 
27, 20373.4, 2.58764, -26.7803, -22.5868, -0.000459505, 0.00177403, 0.000681134, 
28, 40858.5, -21.4088, -8.50348, 23.2294, 0.000967423, 0.000592669, -0.00181814, 
29, 20052.6, 19.0803, -2.47581, -25.6951, -0.000773103, -0.0011516, 0.000325883, 
30, 30553.1, 33.5349, -14.935, -6.70706, -0.00229531, 0.000933451, 0.00065753, 
31, 162518, -25.3329, -37.0009, 6.77135, 0.000830654, 0.00212104, -0.000174639, 
32, 65626.2, 8.99949, -10.3662, 0.750309, -0.00184844, 0.000238597, 0.000653794, 
33, 187658, -29.3317, -21.7949, 33.1152, 0.0022993, 0.000743984, -0.00213173, 
34, 143234, 10.6515, 39.3179, -41.5091, -0.000251532, -0.0010636, 0.00140788, 
35, 251764, -32.3871, 32.797, -36.0779, -0.00131669, -7.33492e-05, 0.000490208, 
36, 188234, 1.54992, -37.3869, 9.62442, -0.000617213, 0.00218533, -0.000448109, 
37, 145115, -16.8191, -20.1969, 17.2809, -3.76128e-05, 0.00206739, -0.000335546, 
38, 97491.5, 30.7393, -4.69875, 5.21368, -0.0016396, 0.000889402, 0.000847609, 
39, 31783.6, -33.6484, 33.013, -31.0751, -0.00198096, 0.000290613, -0.00141662, 
40, 3660.49, -9.33499, -17.7818, -1.94396, 0.00167833, 0.00251635, -0.000380863, 
41, 6882.93, 19.6782, 15.8515, 10.7509, -0.000604566, -0.00306101, -0.000446408, 
42, 15820.5, 21.3694, 2.81489, -27.5908, -0.00122577, -0.00132473, 0.00133734, 
43, 12851.8, 7.52457, 10.6529, 25.13, -0.000967268, -0.000321239, -0.00162864, 
44, 207554, -37.4001, -30.6088, -24.2362, 0.0018716, 0.00259118, 0.000910229, 
45, 14218.7, 14.1665, 13.5673, -10.9382, -0.00106573, -0.000806872, 0.000791784, 
46, 94578.2, 35.3729, 26.9376, 32.7994, -0.000573773, -0.000768557, -0.000731112, 
47, 139467, 40.8673, 28.4265, 40.4848, -0.00159012, -0.000896159, -0.00155722, 
48, 34799.6, 21.2235, 19.6858, 7.84913, -0.00207898, -0.00159024, -9.49187e-06, 
49, 52524.3, -10.5377, 14.956, -5.90554, 0.000248633, 0.000403482, 0.00210007, 
50, 168682, -34.6245, -26.3228, -23.6352, 0.00175019, 0.000798066, 0.00118157, 
51, 4879.07, -28.2722, -15.1894, -23.5482, 0.00117418, -0.00245205, 0.00276441, 
52, 127413, -26.8837, -34.3617, 36.1671, 0.000153001, 0.00224956, -0.00208225, 
53, 2820, -16.9524, 29.5345, 8.48471, 7.88921e-05, -0.00306523, 0.00156734, 
54, 67623.2, 7.40848, 9.53976, 28.0816, -0.00237278, -0.000111505, -0.00312036, 
55, 124781, -13.0163, 34.6581, -20.5045, -0.000130431, -0.00174048, 0.000981392, 
56, 44370.6, 1.11494, -5.76376, 5.63316, -0.000702795, -0.00226794, 0.00135991, 
57, 51907.6, -7.64995, -19.4685, -0.114256, 0.000127244, 0.00295422, -0.000667659, 
58, 101111, -36.8325, 35.504, 8.61731, 0.00226266, -0.00179617, 0.000224663, 
59, 12663.5, 33.8746, 0.0280725, 16.1726, 0.0011176, 0.000643563, -0.00204472, 
60, 211734, -9.58302, 34.3875, 15.1763, -0.00108488, -0.00241859, -0.000167006, 
61, 14072.5, 27.8011, -20.9336, -12.8479, -0.00168017, 0.000902344, 0.000496343, 
62, 39936.1, 34.5485, -36.4802, -12.6372, -0.00111844, 0.00200262, 0.000392687, 
63, 94816.2, -15.4402, 19.7213, 14.1304, 0.000468532, 0.00141289, 0.00191957, 
64, 294722, 20.7952, -2.20971, 10.2661, -0.000899416, -9.8455e-05, -0.000806973, 
65, 115209, -30.5014, -33.2024, -6.82895, 0.00150209, 0.00173096, 5.79076e-05, 
66, 297505, -12.9473, 30.1895, 16.5551, -0.00236866, -0.00339091, -0.000359573, 
67, 109371, 31.9535, -8.59133, 23.7399, -0.00130413, 0.00114326, -0.000959531, 
68, 50319.5, 5.74245, -17.4413, 8.36525, -0.00101226, 0.0016383, -0.00128219, 
69, 94497.4, -13.2222, 1.91984, -29.7938, 0.000451812, -0.000392686, 0.00206463, 
70, 28507.8, 15.5982, -0.847543, 29.8254, -0.000640876, 0.00053213, -0.00202762, 
71, 20301.8, -6.30188, -20.7395, -8.75876, -0.000902537, 0.00260224, 0.000571609, 
72, 5514.46, -20.0201, -15.4446, -30.2084, 0.000751062, -0.000628123, 0.00289912, 
73, 51713.3, 6.35493, -15.7912, 6.23609, -0.00138474, 0.00239172, -0.0025066, 
74, 54078.6, -24.0022, -10.0415, 25.4474, 0.00043822, 0.000358701, -0.00137424, 
75, 100331, -17.7364, -34.7033, -19.1769, 0.000556664, 0.00250342, 0.00108116, 
76, 16592, -19.8597, 2.22534, 33.4875, -0.000517523, -0.000105626, -0.00251309, 
77, 214624, -1.20787, -2.86209, -3.54873, -0.00108325, -0.00096878, -0.000238268, 
78, 77042.2, -5.33582, -13.9235, -2.87633, 0.00180789, 0.000114892, 0.00115617, 
79, 131835, -30.7852, 32.308, -40.6716, 0.00144322, -0.00121994, 0.00233878, 
80, 36841.1, 20.5132, 15.2938, -17.4803, -0.00139167, -0.000223727, 0.0012729, 
81, 30218.7, -30.9666, -36.1043, 21.3836, 0.00166654, 0.00192655, -0.000239635, 
82, 5693.83, -25.4942, -15.5465, -19.4837, -0.00143038, 0.000402306, -1.16514e-05, 
83, 46120.3, 38.4225, 13.4361, -31.9278, -0.00159893, -0.000400668, 0.00101726, 
84, 20479.4, -21.0566, -33.5378, -7.38126, 0.00063542, 0.00239534, 2.90561e-05, 
85, 115679, -13.9745, -34.2835, 19.6802, -0.000387524, 0.00226044, -0.000766175, 
86, 124413, -34.8183, -26.4836, 39.4723, 0.00125792, 0.00115766, -0.000876466, 
87, 14754.9, 28.2818, 0.7366, 17.9668, -0.000705647, -0.00082931, -0.00170075, 
88, 1562.9, -0.173691, 20.4615, -22.3378, -0.000511476, -0.00085475, 0.0015468, 
89, 213089, 34.046, -0.85009, 15.7629, -0.00233153, -0.00053146, -0.00111826, 
90, 131961, 32.0758, -2.59636, 9.60419, -0.00271743, -0.000577071, -0.00017746, 
91, 25620.6, -30.8382, 2.55991, -8.11806, 0.00371812, 2.81166e-05, 0.00129636, 
92, 36643.2, -21.123, 25.1036, 17.4243, 0.00231994, -0.00384266, 0.00237086, 
93, 10124.3, -20.3526, -6.01099, 21.8125, -0.000729825, -0.000638931, -0.00107937, 
94, 134912, 6.85354, -8.83938, -0.160102, -0.00280091, 0.00130494, -7.29403e-06, 
95, 352934, -1.01774, -6.8404, 1.23373, 0.000365305, -0.000370125, -0.00128948, 
96, 53519.9, -30.0551, 1.38688, 34.8844, 0.000623353, 0.00294359, -0.0017987, 
97, 179640, -15.7519, 5.12697, 8.20554, 0.00161826, -0.000445553, -0.000125815, 
98, 92275.8, 26.3791, -16.2224, -25.3823, -0.00216491, 0.00095492, 0.000775501, 
99, 37250.3, -7.05611, -34.0102, -31.7831, 0.000535687, 0.00152086, 0.00170336, 
100, 237086, -24.1096, -31.3849, 28.7933, 0.000241392, 0.00210296, -0.00067439, 
101, 89616.5, -29.6039, 2.86365, -6.84799, 0.00186491, -0.000160059, 0.000941392, 
102, 131392, -25.1413, -9.38325, 22.5707, 0.00285271, 0.000249864, -0.000262432, 
103, 134711, 34.8154, 24.9904, 36.7747, -0.000858057, -0.000949135, -0.000848257, 
104, 108522, 19.9484, -10.4792, -27.4291, -8.47113e-05, 0.00149743, 0.0024327, 
105, 228291, 36.9126, -5.81817, 32.8883, -0.00146344, 0.000152475, -0.00173125, 
106, 233820, 21.914, 33.7261, -16.7418, -0.00100955, -0.00313661, -0.000770284, 
107, 93778.3, -26.4123, -15.7454, -19.915, 0.000794388, -0.0014162, -0.000375311, 
108, 109531, -0.344176, -6.56053, 4.50038, -0.000435707, -0.000326466, 0.00182963, 
109, 162559, -24.7696, -11.4642, 0.227196, 0.00203297, 0.000792158, 3.30964e-05, 
110, 104548, -21.482, 38.1412, -36.9509, -0.000554897, -0.00162626, 0.00152147, 
111, 390486, -29.8153, -0.541917, 34.5684, 0.00135787, -0.000610521, -0.00212011, 
112, 17258.3, 0.913743, -19.9961, 15.4047, -0.000519014, 0.00148456, -0.00190022, 
113, 11495, 31.3787, 11.1261, -1.04881, -0.00198412, -0.000900201, 0.000508269, 
114, 198051, 23.2446, 35.8777, -20.5128, -0.000636055, -0.000563654, 0.00132551, 
115, 43163.1, 5.44325, -12.9534, 3.46938, -0.0010798, 0.0033533, -0.00110843, 
116, 54122, -28.6623, 24.8161, 13.7756, -0.00286007, 0.000761517, -0.00282903, 
117, 7321.58, -22.1044, 21.1496, 14.0039, -0.000326236, 0.00278097, -0.00121867, 
118, 45671, 30.8684, 23.4329, -38.5684, -0.00113272, -0.000548769, 0.00142548, 
119, 335394, -17.5685, 20.1921, 15.3596, 0.0019017, -0.000930874, -0.00280082, 
120, 146744, -12.5101, -23.5541, -12.5962, 0.000497144, 0.00108026, 0.000504927, 
121, 144968, -20.6501, 24.2668, 17.6879, 0.00112723, -0.00346832, 0.000126267, 
122, 58573.5, 2.03818, 8.36771, -2.05018, -0.00136449, -0.00200003, 0.00077153, 
123, 69771.2, -11.8948, -10.0188, -16.3862, 2.42468e-05, -0.00100986, 0.00178419, 
124, 73065.8, -24.7645, 27.6973, 7.45676, 0.0023155, -0.00274002, 0.00119602, 
125, 176383, 38.765, 1.12825, 36.929, -0.00134318, 0.000280676, -0.00149796, 
126, 46062, 29.4402, -8.45177, -0.489367, -0.001793, 0.0014287, 0.000995408, 
127, 56478.2, 34.9733, 28.4043, 28.8263, -0.00119952, -0.00122314, -0.000777028, 
128, 73371.6, 5.62824, 5.88493, -35.49, -0.000331982, -0.000582053, 0.00219611, 
129, 64320, -27.8599, 22.683, 22.037, -0.00255024, -0.000854749, 0.000542365, 
130, 34299.5, -28.9576, -15.3489, -26.1557, 0.00055753, 0.000204945, 0.00102637, 
131, 95466.1, -13.6445, -23.9143, -13.8734, 0.000873746, 0.00392573, 0.0012483, 
132, 38698.9, -32.3816, -33.9213, 5.77533, 0.00202961, 0.00133324, -0.000250093, 
133, 99701.7, -25.2073, 22.5687, 7.51428, 0.000336081, 0.00322889, 0.000824969, 
134, 390402, -5.1256, -10.6203, -2.69095, 0.000553888, 0.00220204, 0.000501698, 
135, 51660.2, 7.06985, 9.65968, 27.3325, 0.00172402, -0.000906488, -0.00117887, 
136, 67734.6, 21.9421, 33.0887, -21.8586, -0.00232151, -0.0030568, 0.000833068, 
137, 2782.49, 4.09334, -3.07047, -24.4047, -0.000229338, 0.000304486, 0.00126549, 
138, 74344.9, 17.8056, 18.724, 11.1098, -0.000745242, -0.00194839, -0.000635981, 
139, 97141.8, 16.4528, -13.9291, -3.00297, -0.0019917, 0.00171591, 0.000602641, 
140, 210366, -10.5912, 18.6355, -6.04903, -0.000351072, -0.00148119, 0.00130068, 
141, 40577, -1.3887, 20.7608, -3.44814, -0.00129332, -0.0017501, 0.000535068, 
142, 42182, 33.5889, 1.3789, 21.7918, -0.00239329, -0.000248809, -0.000487377, 
143, 43465.5, -14.0763, 27.0523, 13.0017, 0.00162756, 0.000325099, -0.00245734, 
144, 15541.7, -18.7042, 29.0687, 18.6114, 0.00023802, 0.000143717, -0.00280911, 
145, 77758.8, 0.475081, -6.46974, 2.77896, -0.0035859, 0.00157852, 0.00153388, 
146, 59817.6, 1.47334, -13.4515, -11.6992, -0.000975536, 0.000989553, 0.00186052, 
147, 25797.1, -5.83849, -34.9325, -27.2662, -3.25986e-06, 0.00214311, 0.000900967, 
148, 56695.6, 5.43565, -14.6324, 3.63396, -0.00121721, 0.00189555, 5.44386e-05, 
149, 5675.67, -18.7448, 25.1034, 23.6809, 0.000267917, 0.00077593, -0.00251181, 
150, 10058.9, 3.98875, -22.2832, 12.9357, -0.000731323, 0.00223611, -0.0015878, 
151, 109307, 25.6348, -23.811, 27.5097, -0.00172955, 0.00196099, -0.00114577, 
152, 64680.1, 10.2873, 8.53142, 27.0764, -0.000810008, -0.0003843, -0.00163026, 
153, 355851, 15.2266, -31.7168, -28.7325, -0.000896089, 0.00145747, 0.00125711, 
154, 112081, 18.2854, -12.7599, -27.0321, -0.00164775, -0.000623033, 0.000753069, 
155, 136525, 42.2062, -36.1256, -39.5476, -0.00114388, 0.000765308, 0.000880657, 
156, 24618.5, -32.9747, -17.6955, -18.2923, 0.00321755, -5.61918e-05, -0.00085057, 
157, 30278.3, -7.54329, -0.86747, 0.204743, 0.0012565, -0.000867507, 0.00140055, 
158, 74807.4, -41.0706, 29.8743, -36.9245, -0.000131098, -0.00108527, 0.000568818, 
159, 13757.2, -33.8093, -21.8559, 32.5763, -2.57283e-05, 0.00256181, -0.00134367, 
160, 30157.7, 4.24409, -8.76529, -7.06842, -0.00159408, 1.87739e-05, 0.00219051, 
161, 499913, -29.7924, -19.2123, -21.4952, 0.000838126, -7.86963e-05, 0.00145581, 
162, 243908, 2.61368, -39.5651, -39.6274, -7.59667e-05, 0.00140967, 0.00159223, 
163, 156234, -19.765, -16.0431, 22.4091, -0.000373536, 0.00120944, -0.00268343, 
164, 180799, 21.9653, 34.7948, -15.6567, -0.000903078, 0.000765329, 0.00157774, 
165, 449860, -19.5304, 16.0431, 7.56499, 0.00131481, -0.000543582, 0.000748218, 
166, 12627.8, 7.6311, 36.101, 39.289, -0.000266547, -0.000251192, -0.000500822, 
167, 72413.6, 35.6486, -32.8701, -10.6344, -0.00183584, 0.00114246, 0.000101442, 
168, 123248, -10.3882, 32.4901, 13.6739, 0.00105248, -0.00136828, -0.00219005, 
169, 19058.1, 33.2004, -29.2954, -9.06384, -0.00121149, 0.00094208, -0.000352119, 
170, 37240.7, 8.48882, -14.0593, 30.452, -0.0004855, 0.00083982, -0.00191973, 
171, 10520.8, 25.5715, -19.2091, -13.044, -0.00201698, 0.00114903, 0.000496353, 
172, 66867.4, -22.5065, -12.4147, 20.4239, 0.00102762, 0.000190673, -0.00138204, 
173, 286204, -23.6335, 27.6284, 18.8913, 0.00253189, -0.00464979, -0.00255321, 
174, 7121.25, -18.4228, -7.48307, 19.8327, -0.000629977, -0.000128757, -0.00129881, 
175, 44439.5, 1.28441, 5.50673, -0.657651, -0.00133527, -0.00108815, 0.000857984, 
176, 95063.2, -13.5262, 18.4444, 12.3716, -0.00274202, -0.000653165, -0.000586672, 
177, 172893, -11.7738, 29.1529, -16.0946, -9.50186e-05, -0.00170076, 0.00119323, 
178, 46650.2, 34.4299, -29.4985, 24.2469, -0.00198045, 0.00176678, 5.61075e-05, 
179, 38532.6, -33.1995, 32.6701, -31.704, -7.26382e-05, -0.00110421, -0.00174564, 
180, 32991.6, -23.6258, -21.8605, 17.7961, 0.00193467, 0.00155246, -3.72412e-05, 
181, 177479, -32.2642, 32.3056, -36.1912, 0.00417814, -0.00110009, 0.00117019, 
182, 87.2575, 21.5233, 33.7094, -10.7606, -0.00104816, -0.000230443, 0.00333434, 
183, 128620, 4.3867, -0.584483, -26.6424, -0.000245237, -0.000374045, 0.00173821, 
184, 162169, 31.9923, -3.62022, 4.86438, -0.0024702, 0.000111755, 0.00120602, 
185, 20340.7, -5.08467, -13.6279, -4.90229, -0.00308904, -0.00166741, -0.000754595, 
186, 53688.5, 0.128082, 19.5188, -36.981, -0.000248016, -0.000699542, 0.00176371, 
187, 29804.3, -16.8504, -16.9926, 9.37702, 0.00117345, 0.00133263, 1.4011e-05, 
188, 354857, 22.1298, -5.8419, -31.2424, -0.00134467, -0.000131526, 0.00160426, 
189, 50155.5, 19.6611, 37.8819, -37.1961, -0.000985967, -0.00105183, 0.00144459, 
190, 7112.4, -22.3452, 20.6792, 18.0976, -0.000988957, -0.00246211, 0.00107401, 
191, 126540, -30.4669, -20.0334, -23.8864, 0.0039949, 0.0025086, 0.00225374, 
192, 354318, -34.6778, 34.328, -29.0852, 0.00163821, -0.000971951, 0.00162583, 
193, 107194, 8.54277, 37.6092, 41.1996, -0.000511453, -0.0012866, -0.00152743, 
194, 224461, 30.0702, -26.6541, 27.0727, -0.000467255, 0.000983181, -0.00116234, 
195, 635832, -23.6543, 23.8462, 17.2853, 0.000964755, -0.00049826, -0.00184473, 
196, 66151.1, 4.70269, -29.1359, -19.4821, -0.000439826, 0.00187822, 0.000526868, 
197, 47866.1, -14.7985, -26.5227, -14.0007, -0.000605125, 0.000869354, 5.33441e-05, 
198, 66662.6, 20.2236, 20.34, 1.41304, -0.00137959, -0.00120408, 0.000412884, 
199, 70426.5, -22.9497, 26.0941, 4.34267, 0.000971222, -0.00240237, 0.00203657, 
