ID, Mass [kg], pos_0 [m], pos_1 [m], pos_2 [m], vel_0 [m/s], vel_1 [m/s], vel_2 [m/s], 
0, 97975.8, 13.2847, -22.5517, -19.9502, -0.00236713, 0.00195584, -0.000318734, 
1, 77894.7, -3.48245, -17.3777, -18.7801, 2.30663e-05, 0.00112942, 0.00301978, 
2, 11402, -23.7245, -24.2655, 27.3719, 0.00177026, 0.00255011, -0.00253797, 
3, 66098.7, 12.9342, 14.1787, 7.64755, -0.00176668, -0.00173456, -0.00129549, 
4, 44838.5, 29.3145, 24.0044, 20.9131, -0.0020601, -0.00196234, 0.000103297, 
5, 294431, -14.9976, 17.9763, 12.3835, 0.00061988, -0.000683496, 0.00191705, 
6, 45520.7, -19.0699, 24.6805, -28.8932, -0.000654504, -0.000223412, 0.00252981, 
7, 104607, -31.442, -18.0797, 31.2518, 0.000996907, 0.00109193, -0.00163724, 
8, 18630.4, 20.3123, 18.1224, 15.2421, -0.00181829, -0.0022006, -0.000890574, 
9, 6880.78, 6.37344, -24.0083, 18.4916, -0.000926083, 0.00244989, -0.00196721, 
10, 62559.5, 26.0386, 7.96148, 25.721, -0.00130966, -0.000949651, -0.00211588, 
11, 25475.3, -20.0678, -14.2834, -18.1155, 7.46763e-05, -0.000647261, 0.00432569, 
12, 71640.3, 5.33808, -1.64193, 6.12628, -0.00263343, -0.000365829, -0.00179856, 
13, 19375.1, 15.4705, -11.6683, -20.7355, -0.00178397, 0.000234776, 0.00258949, 
14, 192659, -24.4816, -24.9047, 26.8805, 0.00255249, 0.00177296, -0.00413025, 
15, 90493.3, 5.74551, 7.42072, 18.8635, -0.000269187, -0.000936753, -0.00309228, 
16, 55088.9, -7.823, -7.67918, -7.71196, 0.00114204, -0.00014827, 0.00339141, 
17, 128599, -16.6503, -1.43249, 10.8859, 0.000320264, 0.000501762, -0.00204744, 
18, 2686.61, -19.7989, -9.89933, 17.3174, 0.0011064, -0.0027133, -0.00134324, 
19, 57797.8, -11.8599, 19.3066, 4.75994, 0.0023771, -0.00332946, -0.00232461, 
20, 50565.7, 18.8288, 21.2451, -12.7037, -0.00291731, -0.000365921, 0.00034892, 
21, 170562, -10.8617, -16.6794, -13.1615, -0.000666994, 0.00155021, 0.00394885, 
22, 46366.2, 16.4365, 9.91762, -16.3526, -0.00193701, -0.000902756, 0.00145279, 
23, 48064, 32.5875, 27.8384, 17.8612, -0.00196357, -0.00181365, -0.000127791, 
24, 10737.9, 13.6639, 11.5261, 19.4878, -0.00162115, -0.00182664, -0.0019346, 
25, 6821.61, -15.731, -5.03482, 4.25199, 0.00331303, 0.000748006, -0.000283946, 
26, 85103.7, -22.3188, -10.3606, 16.6331, 0.00018638, 0.00238311, -0.00240236, 
27, 20373.4, 0.882122, -19.6178, -18.5717, -0.000457893, 0.00223334, 0.00169536, 
28, 40858.5, -19.6444, -9.58056, 16.8512, 0.00105235, -0.00138515, -0.00266153, 
29, 20052.6, 18.263, -8.07031, -25.9154, -0.000223932, -0.000906794, 0.000988585, 
30, 30553.1, 23.5967, -10.8424, -3.84531, -0.00333269, 0.00139155, 0.000967738, 
31, 162518, -21.8847, -27.5943, 5.91912, 0.00097472, 0.00319246, -0.000431842, 
32, 65626.2, -3.87468, -7.14199, 1.28527, -0.00401932, 0.00192716, -0.00205871, 
33, 187658, -21.2894, -20.01, 24.867, 0.00201734, -2.42224e-06, -0.00248009, 
34, 143234, 9.59104, 34.738, -35.4449, -0.000344383, -0.00152242, 0.00201474, 
35, 251764, -30.2632, 29.4781, -32.0624, 0.00186954, -0.0010467, 0.0017762, 
36, 188234, -1.16135, -27.7387, 7.59236, -0.000923533, 0.00330382, -0.000715129, 
37, 145115, -19.3254, -9.64606, 15.8037, -0.00117524, 0.00355352, -0.00145971, 
38, 97491.5, 21.0385, -3.63717, 11.7489, -0.00307139, -0.000127721, 0.0017605, 
39, 31783.6, -35.6348, 32.2526, -34.9646, 0.000690823, -0.000893081, -0.000714702, 
40, 3660.49, -0.941289, -3.8158, -0.98603, 0.00268444, 0.00633447, 0.00168645, 
41, 6882.93, 14.4827, 6.68093, 9.01498, -0.00199071, -0.00244238, -0.000676249, 
42, 15820.5, 15.992, -4.21974, -22.1455, -0.00169319, -0.00322976, 0.00171451, 
43, 12851.8, 4.23861, 7.07345, 21.7363, -8.0093e-05, -0.000888316, -0.00165661, 
44, 207554, -25.74, -19.5466, -18.0408, 0.00473113, 0.00309903, 0.00280197, 
45, 14218.7, 9.42482, 9.88299, -7.36318, -0.00164588, -0.0013155, 0.00125979, 
46, 94578.2, 32.182, 22.7289, 31.0623, -0.00141427, -0.00195657, 0.000448725, 
47, 139467, 33.5739, 24.1372, 33.403, -0.00268375, -0.00170629, -0.00263614, 
48, 34799.6, 11.5653, 12.203, 9.44217, -0.00296986, -0.00233624, 0.000689879, 
49, 52524.3, -13.027, 16.2378, -0.591875, -0.00112553, -0.00103203, 0.00192287, 
50, 168682, -28.6957, -20.1339, -19.5473, 0.00264527, 0.00394807, 0.00152727, 
51, 4879.07, -29.1014, -22.9709, -16.0464, -5.55439e-05, -5.07051e-05, 0.00040772, 
52, 127413, -25.8795, -22.3495, 27.8819, 0.00157548, 0.00412856, -0.00212929, 
53, 2820, -17.4656, 13.8947, 18.5729, 0.000950528, -0.00463372, 0.00111503, 
54, 67623.2, 1.02805, 8.56165, 17.7429, -0.00139664, -0.000528139, -0.00293549, 
55, 124781, -13.4381, 26.616, -15.6895, -9.75256e-05, -0.00279328, 0.00176819, 
56, 44370.6, -3.75729, -9.16299, 3.24882, -0.00044288, 0.000977291, -0.00237279, 
57, 51907.6, -4.45148, -4.52601, -2.59187, 0.00290728, 0.00588578, 0.000271031, 
58, 101111, -26.3953, 26.8309, 9.61725, 0.00372417, -0.003229, 0.000307685, 
59, 12663.5, 29.8204, -3.6675, 8.07183, -0.0027853, -0.00121946, -0.00215312, 
60, 211734, -16.1333, 18.5559, 11.7528, -0.00223326, -0.00864953, -0.000958243, 
61, 14072.5, 20.1353, -16.713, -10.8788, -0.00266273, 0.00149668, 0.000601811, 
62, 39936.1, 28.4974, -26.7795, -9.80491, -0.00303077, 0.00301321, 0.00100914, 
63, 94816.2, -19.2592, 18.9296, 8.70409, 0.00196015, -0.00384882, -0.00345421, 
64, 294722, 17.3317, -2.62055, 6.97219, -0.000760281, -0.000133101, -0.000909957, 
65, 115209, -23.8629, -25.3062, -6.76976, 0.00227553, 0.00281019, -7.21914e-05, 
66, 297505, -20.5135, 10.0667, 9.48128, 0.000611327, -0.00630925, -0.0037865, 
67, 109371, 26.2632, -3.58824, 19.2608, -0.0019884, 0.00164445, -0.00162115, 
68, 50319.5, -0.267627, -7.32851, 0.753261, -0.00380907, 0.00472581, -0.00300344, 
69, 94497.4, -11.1798, 0.0830202, -20.6612, 0.000717841, -0.000667271, 0.00314109, 
70, 28507.8, 12.5731, 1.35672, 20.8653, -0.0011079, 0.00069226, -0.00306838, 
71, 20301.8, -9.73893, -9.56236, -6.05828, -0.000722964, 0.00348364, 0.000901485, 
72, 5514.46, -18.1532, -17.1321, -17.248, 6.31666e-05, -0.000427364, 0.00445713, 
73, 51713.3, -4.34129, -1.93278, -2.58227, -0.00482278, 0.00336223, -0.000973537, 
74, 54078.6, -17.8418, -8.67155, 15.4897, 0.00258637, -0.000753426, -0.00340119, 
75, 100331, -15.5301, -23.2393, -14.4052, 0.00062554, 0.00413223, 0.00164802, 
76, 16592, -22.4717, 1.16881, 22.6643, -0.000928556, -0.000742043, -0.00339266, 
77, 214624, -0.507373, -8.30989, 2.16771, 0.00230175, 0.000717687, 0.00205775, 
78, 77042.2, 0.0406146, -4.23288, 0.469034, -0.00058603, 0.0046177, -0.000943349, 
79, 131835, -26.5169, 31.0076, -27.3362, 0.00106322, 0.00013001, 0.00391019, 
80, 36841.1, 14.7571, 13.8224, -12.4674, -0.00187616, -0.000602428, 0.0015703, 
81, 30218.7, -23.7498, -27.1548, 20.7419, 0.00236598, 0.00326794, -2.7083e-05, 
82, 5693.83, -26.3816, -25.0115, -17.572, 0.00127435, -0.0023281, 0.00167773, 
83, 46120.3, 31.5689, 11.7362, -27.5135, -0.00226569, -0.000554458, 0.00147855, 
84, 20479.4, -18.3888, -22.8911, -7.50155, 0.000867194, 0.00366891, -0.000170906, 
85, 115679, -15.6633, -24.2486, 16.379, -0.000559297, 0.00344965, -0.00109095, 
86, 124413, -27.7313, -21.535, 32.4829, 0.00256903, 0.0016379, -0.00307701, 
87, 14754.9, 26.0395, -4.06196, 8.57789, -0.00241633, -0.00151185, -0.00329145, 
88, 1562.9, -2.43486, 16.6232, -15.5023, -0.000774043, -0.00134071, 0.00233996, 
89, 213089, 22.602, -2.93992, 9.90045, -0.00559399, -0.000547932, -0.0020958, 
90, 131961, 21.0038, -2.71369, 6.94314, -0.00348958, 0.000858004, 0.00017071, 
91, 25620.6, -18.3176, 2.90776, 0.422766, 0.00348576, 4.07989e-05, 0.002557, 
92, 36643.2, -16.9064, 15.9599, 8.19621, 0.0045935, 0.000244534, -0.00418489, 
93, 10124.3, -20.1321, -11.4915, 18.2864, 0.00147251, -0.00153812, -0.00191895, 
94, 134912, -6.72539, -6.34819, -3.52335, -0.00194017, -8.09238e-05, -0.00192404, 
95, 352934, -3.4952, -5.0176, -1.11361, -0.000998792, 0.00195085, 0.00138053, 
96, 53519.9, -25.6118, 6.01437, 25.874, 0.00181454, 0.0006121, -0.00320268, 
97, 179640, -10.0391, 4.88028, 7.81861, 0.00149944, 0.000290035, -0.000171756, 
98, 92275.8, 16.2352, -11.2537, -22.1771, -0.0037594, 0.00211083, 0.00103663, 
99, 37250.3, -4.91247, -27.1636, -23.9036, 0.00056817, 0.00251717, 0.00282512, 
100, 237086, -23.8807, -21.962, 26.5972, -0.000352122, 0.0030591, -0.000350176, 
101, 89616.5, -20.2875, 2.10309, -3.21727, 0.00342925, -0.000218066, 0.00148073, 
102, 131392, -14.4024, -9.0664, 19.6029, 0.00256859, -2.7055e-05, -0.00195768, 
103, 134711, 31.8762, 22.1945, 31.7729, -0.000544335, -0.000203804, -0.00228974, 
104, 108522, 18.0704, -5.07115, -20.7574, -0.00140164, 0.00119672, 0.000942537, 
105, 228291, 30.4927, -4.55251, 25.5988, -0.00219933, 0.000568046, -0.0023915, 
106, 233820, 17.4667, 25.0323, -18.3877, -0.00171475, -0.00234782, 6.95887e-05, 
107, 93778.3, -29.4052, -19.8126, -15.9011, 0.000200954, -0.000115707, 0.00168415, 
108, 109531, -1.53571, -8.98371, 5.23442, -0.000643261, -0.000452368, -0.00192523, 
109, 162559, -15.647, -7.92189, 0.581494, 0.0032025, 0.00124431, 0.000178711, 
110, 104548, -25.4076, 30.3276, -30.3379, -0.00246027, -0.00315557, 0.00222654, 
111, 390486, -23.836, -2.08506, 25.2357, 0.00208336, -0.000378794, -0.00322477, 
112, 17258.3, -1.44297, -12.6667, 6.63219, -0.000842293, 0.00299583, -0.00324594, 
113, 11495, 22.5914, 7.01624, 1.34527, -0.00302505, -0.00146544, 0.000880591, 
114, 198051, 18.2004, 31.8223, -12.5938, -0.00200334, -0.000512812, 0.00195528, 
115, 43163.1, -4.50857, -4.5195, -2.78577, -0.00434563, -0.00207179, -0.000664002, 
116, 54122, -33.7522, 25.8671, 4.56756, -0.000380281, -0.00011169, -0.00239165, 
117, 7321.58, -16.1775, 23.1253, 18.0991, 0.00329585, -0.00239828, 0.000138148, 
118, 45671, 25.9862, 21.0698, -32.4461, -0.00162539, -0.000785788, 0.00202933, 
119, 335394, -16.7963, 15.2535, 9.85348, -0.000681117, -0.00142893, 0.00231825, 
120, 146744, -11.895, -15.3867, -11.8108, 0.000517727, 0.00297475, 0.000159433, 
121, 144968, -14.4224, 17.4345, 9.58364, 0.0054429, -0.00450625, -6.30691e-05, 
122, 58573.5, -4.46281, -1.62892, 2.42116, -0.00193426, -0.00359965, 0.00114022, 
123, 69771.2, -10.5179, -13.1783, -8.31293, 0.000920325, -0.0010084, 0.00281662, 
124, 73065.8, -13.63, 13.8956, 16.2685, 0.0042898, -0.00234639, 0.00242136, 
125, 176383, 32.6588, 1.53214, 30.043, -0.00212499, -5.4333e-05, -0.00239441, 
126, 46062, 21.3627, -2.18269, 5.60134, -0.00305252, 0.00190255, 0.00327446, 
127, 56478.2, 30.2904, 22.8444, 27.1002, -0.00136319, -0.00185703, -0.000137438, 
128, 73371.6, 4.19088, 3.20924, -25.8602, -0.000484027, -0.000953604, 0.00326989, 
129, 64320, -32.737, 19.1104, 20.4485, -0.000437688, -0.00127386, -0.00108718, 
130, 34299.5, -23.7674, -19.4027, -16.5014, 0.00471076, -0.00256485, 0.00279927, 
131, 95466.1, -8.42653, -12.8095, -7.43713, 0.00122391, 0.00326404, 0.00172349, 
132, 38698.9, -22.5929, -28.0373, 5.0918, 0.00417588, 0.00217899, 0.000379125, 
133, 99701.7, -18.9829, 30.1749, 13.2112, 0.00268147, 0.000473971, 0.00179541, 
134, 390402, 0.237198, -5.73702, -0.999616, 0.000158263, -0.00106142, 0.000730536, 
135, 51660.2, 8.68793, 6.25155, 20.773, -0.000674441, -0.000898606, -0.00285786, 
136, 67734.6, 16.5225, 24.5415, -14.8256, -0.00038467, -0.00174863, 0.00201388, 
137, 2782.49, 3.74862, -0.587073, -21.0449, -0.000134101, -4.57129e-05, 0.00173805, 
138, 74344.9, 14.0622, 10.3415, 8.18958, -0.00168604, -0.00216009, -0.00101947, 
139, 97141.8, 6.87437, -6.57537, -0.179239, -0.00370995, 0.00242359, 0.00099281, 
140, 210366, -11.3547, 12.3623, 1.78943, -0.00026926, -0.00164869, 0.00318893, 
141, 40577, -8.04496, 13.0247, -0.393964, -0.00272166, -0.00261915, 0.00148504, 
142, 42182, 23.7617, -0.612637, 18.242, -0.00308801, -0.0009485, -0.00153059, 
143, 43465.5, -10.7957, 25.1575, 8.59684, 0.000349646, -0.00211689, 0.00052088, 
144, 15541.7, -16.5548, 17.7328, 8.99294, 0.00210677, -0.00783328, -0.000290784, 
145, 77758.8, -10.712, -3.98442, 3.17001, -0.00212533, 0.000431432, -0.000770207, 
146, 59817.6, -3.33696, -6.91631, -0.853606, -0.0015095, 0.00446393, 0.00515926, 
147, 25797.1, -5.80506, -25.7901, -23.6557, 0.000148613, 0.00280647, 0.0011011, 
148, 56695.6, -1.60429, -4.99246, -0.807373, -0.00358861, 0.00312378, -0.00420145, 
149, 5675.67, -17.4504, 18.5842, 6.69474, 0.00169462, -0.0061749, -0.00434149, 
150, 10058.9, 0.226312, -11.7693, 5.64657, -0.00162787, 0.00401448, -0.00271156, 
151, 109307, 19.8349, -16.4069, 22.3518, -0.00162336, 0.00227843, -0.00177341, 
152, 64680.1, 3.45674, 8.25209, 20.6853, -0.00253979, -0.000161122, -0.00292616, 
153, 355851, 11.3788, -25.2039, -23.0936, -0.00125668, 0.00228758, 0.00198001, 
154, 112081, 13.1692, -12.9203, -23.3166, -0.0012028, 0.000528224, 0.0015021, 
155, 136525, 37.3909, -32.885, -35.8247, -0.00155856, 0.00105559, 0.00121061, 
156, 24618.5, -22.1985, -22.1075, -19.6451, 0.0015479, 0.000170606, 0.00163404, 
157, 30278.3, -0.544672, -7.33971, 1.9583, 0.00249894, -0.00352064, -0.00224791, 
158, 74807.4, -39.038, 26.2811, -33.6546, 0.00124291, -0.000943738, 0.00125617, 
159, 13757.2, -30.6178, -13.8919, 28.3179, 0.00163971, 0.00192373, -0.00130274, 
160, 30157.7, -7.29906, -3.54159, 0.688511, -0.00329035, 0.00259177, -0.000262977, 
161, 499913, -23.3467, -18.3356, -17.9899, 0.00169508, -7.49047e-06, 0.00114944, 
162, 243908, 2.27806, -33.4149, -32.7387, -0.000115469, 0.00207151, 0.00229757, 
163, 156234, -17.6818, -11.0277, 15.4261, 0.0011551, 0.00176636, 0.000169717, 
164, 180799, 18.9458, 31.6805, -14.5551, -0.000891024, -0.00314666, 0.000521005, 
165, 449860, -15.3057, 21.148, 13.6261, 0.00188732, 0.00299148, -0.00187026, 
166, 12627.8, 8.32673, 33.723, 37.5003, -4.46194e-05, -0.00148722, -0.00135632, 
167, 72413.6, 28.3009, -28.2882, -10.7465, -0.00194439, 0.00181031, -7.64325e-05, 
168, 123248, -10.803, 24.37, 9.80258, -0.00150884, -0.00394342, -0.000946516, 
169, 19058.1, 28.1856, -26.3444, -10.5893, -0.00151224, 0.000280458, -0.000385296, 
170, 37240.7, 6.25546, -10.2705, 21.9865, -0.000800173, 0.00132748, -0.00289345, 
171, 10520.8, 17.1224, -14.4318, -11.0532, -0.00278428, 0.00157889, 0.000606866, 
172, 66867.4, -16.3844, -12.9161, 14.3119, 0.00155685, 0.00110685, -0.0025118, 
173, 286204, -13.6558, 14.7265, 8.67531, 0.00394283, 0.000846876, -6.44593e-05, 
174, 7121.25, -20.4274, -9.3009, 16.7341, 0.000858475, -0.00165434, -0.000179206, 
175, 44439.5, -3.74786, -0.371453, 0.872807, -0.00150807, -0.0034148, 0.000142725, 
176, 95063.2, -20.975, 19.242, 13.0076, 0.0018791, -0.000335162, -8.46627e-05, 
177, 172893, -12.2113, 22.1749, -10.9492, -0.000139067, -0.00225431, 0.00175786, 
178, 46650.2, 24.3957, -19.1848, 22.8581, -0.00268374, 0.00341286, -0.00156867, 
179, 38532.6, -27.9705, 30.3128, -36.1607, 0.00247253, -0.00084971, 0.000909979, 
180, 32991.6, -15.202, -12.0413, 17.1418, 0.00202183, 0.00455254, -0.000923198, 
181, 177479, -26.5519, 29.5645, -31.2208, 0.000463401, -0.00120295, 0.00252946, 
182, 87.2575, 17.1036, 31.7939, -0.473409, -0.00147672, -0.000928995, 0.0026433, 
183, 128620, 3.23951, -2.32784, -18.8594, -0.000419711, -0.000596477, 0.00267501, 
184, 162169, 22.5314, -2.42333, 11.144, -0.00187862, 8.71178e-05, 0.00109693, 
185, 20340.7, -14.3727, -16.4458, -5.73631, -0.00208982, -7.63846e-05, -0.000408734, 
186, 53688.5, -0.94584, 16.469, -29.3093, -0.000357312, -0.00102888, 0.00257849, 
187, 29804.3, -12.2278, -10.7751, 9.56818, 0.00134521, 0.00225658, 2.36308e-05, 
188, 354857, 15.9671, -7.23954, -22.985, -0.00201277, -0.000648769, 0.00312635, 
189, 50155.5, 15.3638, 33.3578, -31.1004, -0.00144619, -0.00150337, 0.00197026, 
190, 7112.4, -17.9208, 18.6981, 11.742, 0.00534887, -0.000698877, -0.00501019, 
191, 126540, -21.0609, -15.5182, -10.048, 0.00229189, 0.000534798, 0.00336935, 
192, 354318, -27.5763, 29.6504, -25.3193, 0.00240121, -0.0015167, 0.000336705, 
193, 107194, 6.13839, 32.1739, 34.6076, -0.000759088, -0.00173941, -0.00208913, 
194, 224461, 27.4598, -22.3275, 22.4408, -0.00119494, 0.00158053, -0.0013126, 
195, 635832, -15.0349, 16.257, 10.9673, -0.000105785, -0.00276125, -0.00383743, 
196, 66151.1, 2.55529, -20.8, -17.2669, -0.000817222, 0.00284753, 0.000743601, 
197, 47866.1, -15.4851, -19.9074, -13.0042, 7.78797e-05, 0.00266247, 0.000405773, 
198, 66662.6, 14.0448, 14.746, 3.53035, -0.00216158, -0.00202743, 0.000838842, 
199, 70426.5, -13.9822, 14.1585, 17.9453, 0.00495368, -0.00380595, 0.00211414, 
