ID, Mass [kg], pos_0 [m], pos_1 [m], pos_2 [m], vel_0 [m/s], vel_1 [m/s], vel_2 [m/s], 
0, 5682.38, -33.9969, -15.3396, -8.39411, -0.0019728, -0.00320853, -0.00141777, 
1, 51291.5, -36.7215, -26.6326, 36.666, -0.00417191, -0.00375593, 0.00503353, 
2, 73779.3, -5.15732, -2.24327, 3.08353, 0.00410058, 0.00290801, 0.00124002, 
3, 9731.99, -6.70357, 29.2522, 23.404, -0.000562998, 0.0031019, 0.000481578, 
4, 104587, 0.264234, 8.43839, 1.11202, 0.00285931, -0.00206607, 0.00216127, 
5, 42215, -0.148589, -3.94143, 4.97991, -0.000531644, -0.00290491, -0.00040021, 
6, 57220.4, 29.4998, 23.3802, -31.8, 0.00303939, 0.00422756, -0.00290331, 
7, 44855.5, 2.25362, -6.37664, 0.900187, -0.000362327, -0.00516077, 0.00111831, 
8, 276797, 3.5167, 6.08201, -3.4247, 0.000306497, -0.00330801, 0.00292714, 
9, 2643.18, -2.77456, 5.1247, -1.70468, -0.00245581, 0.0028933, 0.0050089, 
10, 33961.7, 7.57357, -15.3246, -5.20324, -0.00127303, 0.00109333, 0.00183952, 
11, 8691.35, -9.25005, 56.097, -47.3187, -0.000391462, 0.00605978, -0.00591519, 
12, 141682, -6.23135, 5.72508, 3.36268, -0.00241538, 0.000899673, 0.00339594, 
13, 288611, -14.5951, -13.7893, 1.17799, 0.00213321, -0.000627642, 0.00206397, 
14, 512847, 2.06683, 1.47536, 1.28343, 0.00017941, -0.00328642, -0.00334903, 
15, 15651.7, 4.6391, 14.0962, -6.17949, 0.00200921, 0.00109405, -0.00098196, 
16, 182451, 23.5773, -18.0462, 47.0427, 0.00350057, -0.00164969, 0.00437007, 
17, 62197.8, -16.1515, -8.85802, 1.31911, 0.000749255, 0.00110457, -0.0016183, 
18, 185440, -15.0828, -17.6187, 3.9294, 0.00173141, -0.000683195, -0.000540597, 
19, 36701.4, 31.026, 46.598, -43.8949, 0.00394607, 0.00551303, -0.00531992, 
20, 106936, -63.3371, -36.9746, 18.3425, -0.0076219, -0.00453928, 0.00218245, 
21, 161838, 1.33966, 5.25157, 1.72016, -0.000426823, -0.00155848, 0.00129073, 
22, 144875, 1.9657, 10.8064, 4.36441, 0.00128232, 0.00227892, 0.00215439, 
23, 100936, 3.04486, 22.1619, 8.99405, -0.000786541, -0.000420536, -0.00156808, 
24, 95186.1, 41.6129, 36.4194, 34.7937, 0.00506064, 0.00356406, 0.00355692, 
25, 151808, 31.4802, -24.8857, 50.354, 0.00440553, -0.00251081, 0.0058156, 
26, 118354, 0.0803301, 0.171197, 8.71898, -0.00171871, 0.00405188, 0.00165553, 
27, 149234, -2.84395, -2.69564, 1.21076, 0.000565271, 0.0059621, 0.00457013, 
28, 9985.68, 10.9814, 8.07337, -1.65823, -0.000873537, 0.00183702, 0.000102018, 
29, 180895, -7.28783, -6.6184, -2.17572, -0.00273405, 0.000321337, -0.00315706, 
30, 486.041, 5.52538, 1.05279, 3.71611, -0.00629637, -0.00604613, 0.00371051, 
31, 70262.9, -0.0499354, 9.15682, -1.7934, -0.00126576, -0.00364571, 0.000420975, 
32, 45902.1, -6.36658, 13.0893, -2.58406, -3.38709e-06, 0.00197776, 0.000507429, 
33, 24444.7, -6.72145, 9.79676, 0.296668, 0.00131168, 0.00224544, -0.00310059, 
34, 65679.9, 0.162945, -13.335, 2.29011, -0.000959452, -0.00181639, 0.00230805, 
35, 3309.29, -13.9784, -28.4289, -7.45102, 0.00114128, -0.00360698, -0.000233162, 
36, 8280.38, -42.9968, 43.5143, -19.213, -0.00448094, 0.00496618, -0.00306937, 
37, 94538.9, 3.18559, -3.04225, -2.28475, -0.00154066, 0.000778768, 0.00545718, 
38, 30213.7, 60.9982, -14.6911, -11.5432, 0.00819155, -0.000933532, -2.50697e-05, 
39, 53471.9, -3.15905, 7.88882, -4.69992, 0.00389068, 0.00145923, 0.00567593, 
40, 43100.3, -18.7077, 24.9025, -25.0745, -0.000966137, 0.00179043, -0.00230872, 
41, 44746.6, 14.9979, 35.4482, 6.62702, 0.00123123, 0.00284813, -0.00116026, 
42, 34053.9, 0.852022, 22.776, 39.9916, -0.000391195, 0.00276663, 0.00380379, 
43, 54380.2, 0.853985, -2.75679, 1.96848, -0.00519488, 0.00230352, -0.000703285, 
44, 38723.2, 22.4341, -5.60354, -31.033, 0.00144047, -4.25524e-05, -0.00302719, 
45, 2321.23, -13.0126, -15.3053, -0.318918, 0.00156361, -0.00188848, -0.000245006, 
46, 241169, 6.1562, -1.78781, 2.98278, -0.00696914, -0.0013878, 0.00204868, 
47, 344827, 0.353926, -2.48396, 1.64901, -0.00313206, 0.00219204, 0.000998565, 
48, 39271.1, -5.76972, 1.66225, 1.06169, -0.00178012, 0.00582698, 0.000712774, 
49, 19687.8, -51.5558, 46.1987, -20.9113, -0.00637009, 0.00598826, -0.00343513, 
50, 61216.8, 5.23834, -3.68901, 7.09051, -0.00470466, 0.00520132, -0.00038223, 
51, 19182.2, -38.2951, 53.9358, -34.2118, -0.00438437, 0.00679015, -0.00476537, 
52, 12420.5, 3.33558, 2.41942, 8.92858, 0.00615034, 0.000518488, 0.000718249, 
53, 85447.4, -64.079, -6.18661, -28.0241, -0.0074929, -0.000769519, -0.00305863, 
54, 361436, 0.543856, 0.897971, 0.248627, 0.00263321, 0.00222964, 0.00823999, 
55, 158926, 19.784, 9.85861, -28.5708, 0.00203135, 0.000869575, -0.00152594, 
56, 49282.6, -24.2088, 42.5929, -45.0535, -0.00182007, 0.00492479, -0.00602437, 
57, 218355, -1.25086, 1.56256, 1.524, 0.00464671, -0.000658241, -0.00417246, 
58, 22371.5, 61.9721, -17.4239, -11.8921, 0.00849231, -0.0016926, -0.000883598, 
59, 55919.9, -15.7744, 29.6474, -39.4133, -0.00036757, 0.00215461, -0.00381529, 
60, 21598.8, 0.848016, -3.17557, -3.24112, -0.00211366, 0.00322609, 0.00444004, 
61, 398.952, -2.81369, 10.7551, -2.86929, 0.00112813, -0.00125747, 6.54498e-06, 
62, 1108.92, 4.25223, -6.51062, 43.8511, 0.000765737, -0.000373664, 0.00358521, 
63, 108555, 7.79185, -2.94847, 6.09416, 0.00388289, 0.00365186, 0.00197629, 
64, 244863, 11.8387, -5.11845, 23.8205, -3.3376e-05, -5.29717e-05, -0.000208443, 
65, 220694, -23.0675, 40.8435, -35.2923, -0.00166923, 0.00458199, -0.00413186, 
66, 61700, -5.01594, 56.2162, 26.1465, 6.23453e-05, 0.00615402, 0.00265254, 
67, 55388.9, -35.206, 10.4624, 27.2804, -0.00412858, 0.00107266, 0.00324072, 
68, 211156, 1.04481, 1.50879, 0.2749, -0.00166659, 0.000806925, -0.00407118, 
69, 12720.6, 0.146241, -0.20589, 0.469465, 0.00288277, 0.0129752, 0.00191997, 
70, 25096, 3.52574, 14.2752, 8.63673, -0.00173841, 0.00376164, 0.00233824, 
71, 179870, -2.28913, -1.94088, 3.19904, -0.00704344, -0.00643525, -0.00193303, 
72, 79123.8, -52.6412, -14.8206, -3.27907, -0.00456761, -0.00132981, -0.000519591, 
73, 110870, 0.0109913, 7.09765, 1.31045, -0.00333344, -0.00198515, 0.00508645, 
74, 43359.1, 21.2015, 32.9375, 20.4447, 0.0011915, 0.00438497, 0.000608074, 
75, 140124, 0.394836, -0.710691, 0.964649, 0.00326867, -0.00822182, 0.00655305, 
76, 229268, -15.6166, 25.2254, -29.0501, -0.000770378, 0.00163363, -0.0019467, 
77, 302149, 3.57271, -4.53615, 0.248376, -0.00213626, 0.00182783, 0.00404861, 
78, 100708, -12.1651, -13.4321, 0.598035, 0.00163315, -7.83822e-05, 0.000643439, 
79, 46633.4, -2.14867, -0.652984, 7.89169, 0.0050384, 0.00296862, 0.000769236, 
80, 143926, 7.31736, 8.22711, -2.47941, -0.00148644, 0.00498584, -0.000113536, 
81, 270.261, -45.8325, 7.9348, 19.8586, -0.00389709, 0.000531759, 0.00148279, 
82, 159650, 3.16434, -0.223938, 3.06399, 0.00674769, -0.00654815, -0.00346464, 
83, 24756, -4.55932, -2.80831, 2.24999, -0.00321232, 0.00653148, 0.00157684, 
84, 18375.3, -3.41359, 6.22153, 1.97923, 0.00325259, 0.00616968, -0.00159703, 
85, 491877, 49.6891, -16.112, -18.3262, 0.00581128, -0.00134324, -0.00165714, 
86, 194807, 3.7867, 0.421394, 5.19416, 0.00215162, -0.000300712, -0.00145288, 
87, 8649.23, 12.2564, 12.5828, 3.70864, -0.00254198, 0.000956375, -0.00158598, 
88, 138901, -6.58618, -6.00932, 6.15519, -0.000380122, 0.00291655, -0.00452596, 
89, 50202.9, 2.6642, -3.54802, -1.4803, -0.0059669, 0.00466421, -0.000275646, 
90, 98321.9, 5.15672, 13.8633, -11.0122, 0.000523107, 0.00202513, -0.00167603, 
91, 384069, -0.443957, -1.42678, 1.9878, 0.00110337, 2.8394e-05, -0.00796685, 
92, 81279.9, -11.2123, -9.24051, -3.05203, 0.000170927, 0.00273889, -0.00028934, 
93, 91375.2, -0.857961, -1.96076, 2.45215, 0.00179082, 0.000103479, -0.000781236, 
94, 5476.7, -12.2008, -20.7882, 8.98165, 0.000101892, -0.000706497, 0.000216428, 
95, 33452.5, -7.16729, -8.80573, 0.274553, -0.00362834, -9.46586e-05, 0.000383847, 
96, 25752.1, -44.6609, -14.547, -13.3583, -0.00604002, -0.00238805, -0.00205526, 
97, 200797, 1.4989, 1.96587, 0.174001, 0.00340702, 0.0027501, 0.00238547, 
98, 298981, -1.38596, -0.817673, 2.47864, -0.00377866, -0.00391503, 0.00563667, 
99, 93146, -5.9483, 8.04984, -0.684567, 0.00373827, 0.000545199, 0.000648941, 
100, 8612.85, -16.4363, 12.5909, -18.2502, 0.000428021, 0.000260536, -0.000212996, 
101, 24343.5, 1.88975, -5.28742, 2.15712, 0.00103002, -0.0054801, 0.00479877, 
102, 10296.7, -5.19145, 12.7137, -5.28378, 0.00152264, -0.00332753, 0.00308887, 
103, 15719.8, -7.49497, 0.645674, 16.7433, 0.00155, 0.00172731, -0.0027156, 
104, 230040, 2.3888, -0.751302, 6.20384, -0.00194988, 0.00496082, -0.00365635, 
105, 17846.1, 11.9618, 9.58048, -4.1056, 0.000732491, 0.00508409, -0.00110401, 
106, 22216.6, -13.6991, -5.72265, 3.62802, -0.00219667, 5.09805e-05, 0.00148714, 
107, 98486.7, 1.9084, 17.055, 12.5746, 0.000582412, 7.88605e-05, -0.00281817, 
108, 214214, -52.5721, 0.0685247, -42.2184, -0.00650805, 8.00007e-05, -0.00535703, 
109, 131614, -1.09942, -3.15084, -0.114445, 0.00230533, -0.00282948, 0.00209788, 
110, 160023, 1.48625, 1.13287, 0.87539, -0.00476059, -0.0053096, -0.000897132, 
111, 115735, 2.77552, -1.67806, 3.14465, 0.00187222, -0.00708125, 0.000249243, 
112, 378585, 28.3686, 10.3097, -40.2864, 0.00283933, 0.00191345, -0.00409906, 
113, 83295.8, -28.005, 9.03738, -2.27504, -0.000318162, 0.00112154, 0.000682202, 
114, 148827, 14.6027, 1.97032, 2.79858, 0.000675185, -0.00158549, 0.000416083, 
115, 285284, -2.91035, -32.508, 50.1466, -4.49364e-05, -0.00408222, 0.00563566, 
116, 515864, 0.311797, -0.595047, 0.953914, 0.00144076, 0.00173364, 0.000756867, 
117, 88363.5, 4.3394, -13.2272, 19.1611, -0.0011227, -0.00103339, -0.000857533, 
118, 155064, 21.2763, 15.5144, -1.10888, 0.000841103, 0.00208141, -0.00253728, 
119, 18098.3, -2.6474, 7.68372, 3.18086, 0.00450488, -0.000465663, 0.00271542, 
120, 34391.6, 52.9147, -23.1546, -9.95863, 0.0063072, -0.00197841, -8.57946e-05, 
121, 78154, 0.489218, 11.3235, -3.7176, -0.00273105, -0.00175576, -0.000648181, 
122, 10497, -0.471155, 3.97652, 1.79725, -0.00113198, 0.00106054, 0.00127289, 
123, 59058.1, -2.16274, 17.225, 7.35493, 0.00128979, -0.00251042, 0.000564255, 
124, 5646.35, -3.31846, 5.95826, 0.734888, 0.00588877, 0.00387916, 0.002835, 
125, 103346, 2.04023, 1.04971, 5.64009, 0.00806677, -0.00385269, 0.00110753, 
126, 64702.5, -61.9935, 0.446491, 21.4043, -0.00718579, 6.6818e-05, 0.00310181, 
127, 199056, 0.480973, 4.7109, -1.15244, 0.000974543, 0.00305538, -0.00257006, 
128, 192649, 1.25121, 5.45767, 3.31396, -0.000585998, -0.0042324, 0.00289909, 
129, 1707.71, -0.0680344, -5.22023, 6.60236, 0.00116504, -0.00208525, -0.00492202, 
130, 19869.9, 0.681307, -4.02621, 1.25383, -0.00407506, -0.0010375, 0.00307967, 
131, 143979, -3.9505, -0.110305, 7.13057, 0.00148341, -0.00087678, -0.000132732, 
132, 37850.6, -73.5071, 35.8805, -19.5299, -0.00964143, 0.00434983, -0.00227866, 
133, 50031.5, 1.75084, 1.86099, 3.16299, 0.00558141, -0.00130462, -0.00152934, 
134, 369068, -18.6695, 2.50869, -8.39245, 0.00207076, 0.000192899, 0.000671479, 
135, 3806.98, -2.52945, -14.4013, -0.811342, -0.000682083, 0.00304997, -0.000227749, 
136, 64591.7, 3.93862, -7.14766, 4.85443, -0.00428528, 0.00391146, 0.00418663, 
137, 1688.15, -2.17861, -21.0756, 9.7696, 0.00238595, -0.00127515, 0.000820284, 
138, 439943, -3.11728, 5.52889, -2.25695, -0.00155814, -0.00381935, -0.00119057, 
139, 72054.1, 1.16079, -4.70256, 2.09437, 0.00542995, 0.000876227, -0.00401578, 
140, 10511.3, -4.40295, -20.5839, 27.0899, -0.000224803, -0.00178801, 0.00106007, 
141, 28560.6, -1.41965, -11.0414, 1.69314, -0.00398845, -0.002354, 0.00200415, 
142, 92270.6, 3.40775, -8.18355, 3.52495, -0.00255037, -0.00171575, 0.00170963, 
143, 57507.6, -49.4709, 15.9079, 30.4156, -0.00545257, 0.00184214, 0.00338486, 
144, 106955, -2.41437, -2.53152, 12.9392, 0.00274991, 0.00106325, -0.00417056, 
145, 53021.1, 1.40809, 1.49442, 5.21406, 2.44756e-05, 0.00696118, 0.00135333, 
146, 127593, -8.59636, -3.0611, 4.1406, 0.00120967, -0.00378431, 0.00287732, 
147, 31386.3, -1.35079, 1.17043, 1.37106, 0.00248484, 0.00254225, -0.00392612, 
148, 89613.6, -0.95534, 9.57078, -19.1776, 0.00227958, -0.0023616, -0.000573664, 
149, 251415, 13.4094, -2.42284, 17.8427, -0.000478983, 7.08165e-05, -0.00204357, 
150, 55890.6, 7.49155, -11.5609, 1.7264, 0.00390021, 0.00242951, 0.000795786, 
151, 174949, -3.60151, 7.00473, 3.45112, -0.00165708, -0.00234353, -0.00179058, 
152, 66072.8, 6.63397, -4.78394, 11.2392, -0.00300316, 0.00298699, -0.00187247, 
153, 19075.8, -5.26517, -6.23013, 17.6507, -0.00117674, -0.000147709, 0.00262958, 
154, 47261.5, 10.7755, 9.29285, -1.38481, 0.00069235, 0.00245602, -0.00278038, 
155, 102102, 4.47453, 1.11243, 2.84407, 0.00622444, 0.000623918, -0.00190716, 
156, 5375.03, -7.94547, -2.52172, 8.00629, 0.00106919, -0.00140649, 0.00308506, 
157, 3761.7, -5.21812, 2.06469, 8.17049, -0.00411519, 0.00534041, 0.00192877, 
158, 7652.65, -1.17385, -1.26283, -1.8198, -0.0025749, -0.000581874, -0.00874861, 
159, 47070.1, 2.21957, 2.05521, 1.11227, -0.000322665, 0.00513164, 0.00352453, 
160, 17972.9, -5.47364, -0.801477, 0.938555, -0.000681599, -0.00253435, 0.000455983, 
161, 218629, 3.22365, 8.43357, -0.278727, 0.00379459, 0.00667664, -0.000643334, 
162, 138887, -1.30274, 2.10654, 4.41278, -2.46659e-05, 0.00456149, -0.00540121, 
163, 33277.3, 10.0012, -12.5287, 6.27776, -0.00212054, 0.000372047, 0.00318538, 
164, 167891, -3.83232, -2.00786, 2.08166, -0.000515156, -0.00195855, -0.00607687, 
165, 62570.5, -2.75879, -58.8144, -14.2901, 0.000224331, -0.00680843, -0.00172257, 
166, 38130.4, 12.9566, 50.7572, 27.5143, 0.00206375, 0.0051905, 0.00263579, 
167, 22403.8, 9.1694, -22.5674, 42.1254, 0.00135166, -0.00265261, 0.00348948, 
168, 1479.59, 29.4323, 17.952, -43.0684, 0.00368527, 0.00252546, -0.00468282, 
169, 20399.9, 1.73235, -37.4152, 45.6507, 0.000124249, -0.00508914, 0.00459115, 
170, 115854, 0.0538582, 3.43117, 2.07106, -0.000409697, -0.00209599, 0.00250905, 
171, 27762.9, 1.62107, 3.77117, 0.447655, -0.00175196, -0.00517311, -0.00172314, 
172, 250928, 4.32547, 2.20381, -6.41215, -0.00254317, -0.00075833, 0.00297524, 
173, 74469.2, -44.9063, 30.1874, -13.3038, -0.00481743, 0.0046934, -0.0016275, 
174, 143481, -57.6581, 40.2565, -27.1474, -0.006975, 0.00505939, -0.00367828, 
175, 27145.1, 4.74658, 1.14466, 3.37968, 0.000970265, -0.000986698, -0.00404398, 
176, 32620.6, 4.71625, -1.65383, 1.63304, -0.00628935, -0.00278645, -0.00415383, 
177, 52575.7, 0.12092, -36.2566, 63.2244, -4.52701e-05, -0.00471808, 0.00824432, 
178, 19746.4, 1.54236, 7.52932, 0.180792, 0.000533704, -0.000943777, -0.00067394, 
179, 33623.1, -19.3732, 6.09793, -0.602843, 0.00162666, 0.000633505, 0.00210887, 
180, 50349.8, -50.5674, -33.3561, -26.3395, -0.00571675, -0.00382269, -0.00289758, 
181, 89376.8, 6.09252, 0.0406502, 4.20057, 0.0063734, -0.00699249, -8.59411e-05, 
182, 42160.2, 1.65485, -0.748801, 57.9515, 3.89172e-06, -5.38328e-05, 0.00683926, 
183, 100544, -24.5251, -16.8041, 1.5493, -4.90059e-05, -0.00121708, 0.00129522, 
184, 1446.88, -0.903327, 5.65789, -2.90843, -0.00242272, -0.000171944, 0.00489225, 
185, 119694, -3.05638, -7.67637, 6.14414, -0.00247731, 0.000887839, 0.000201085, 
186, 120999, 8.99803, -1.49919, 3.65718, -0.00108717, 0.00209698, -0.00194205, 
187, 52698.3, -10.7666, -1.74014, 3.53509, 0.000468229, 0.00108703, 0.00222844, 
188, 105467, -0.0144062, 0.363917, 6.26388, -0.00725691, 0.00411523, -0.0002475, 
189, 99748.4, -7.01905, -36.789, 19.8829, -0.000931781, -0.00325496, 0.00156808, 
190, 77133, 1.29838, 1.45362, -0.842838, 1.17475e-05, -0.000801935, -0.00500436, 
191, 178804, 4.19834, -2.79228, 5.90302, -7.90108e-05, 0.00622822, 0.00181297, 
192, 8685.6, -3.01166, 0.442366, -4.48625, 6.63712e-05, -0.00105834, 0.00268413, 
193, 256954, 17.1544, 6.78032, 26.7031, 0.00262319, -0.00134279, 0.00209449, 
194, 53540.6, 0.97478, 2.02475, 3.20161, -0.0086424, -8.59894e-06, -0.00613812, 
195, 220652, 3.2524, -1.23308, -1.22106, 0.00685371, 0.000708033, -0.000102304, 
196, 10258.1, -9.04002, 6.0962, -0.84348, -0.00299771, -0.000932983, 0.000691481, 
197, 6083.3, -20.9597, -10.6111, 20.0972, -0.00151318, 0.000348837, 0.000145465, 
198, 127562, 7.32276, 9.53548, -1.78066, -0.00252687, -0.00411897, 0.00189562, 
199, 34766.2, 2.56678, 0.713727, 1.76853, 0.00456452, 0.000757619, 0.0108913, 
