ID, Mass [kg], pos_0 [m], pos_1 [m], pos_2 [m], vel_0 [m/s], vel_1 [m/s], vel_2 [m/s], 
0, 5682.38, 3.15362, -0.611111, -1.19957, -0.000637307, 0.0068301, 0.00119689, 
1, 51291.5, 4.9385, 10.5764, -6.50463, -0.00438596, -0.00461584, 0.00379975, 
2, 73779.3, -2.8127, 3.78686, -0.832109, -0.0016031, 0.00398801, 0.00285775, 
3, 9731.99, 0.736663, -4.98053, -0.00782735, 0.0024292, -0.000708662, 0.0103427, 
4, 104587, -4.33857, -1.1263, 0.845805, -0.000103092, 0.00504167, -0.0019668, 
5, 42215, -2.20635, 0.676896, 2.20238, 0.000492164, -0.00555074, 0.0024842, 
6, 57220.4, -1.80238, -2.12374, 1.27956, 0.008686, -0.00905499, -0.0113341, 
7, 44855.5, -4.25613, -0.23026, 3.20646, -0.00603762, 0.00306234, 0.000980755, 
8, 276797, -2.3577, 1.40969, 1.97039, 0.00414221, -0.0149644, 0.0047922, 
9, 2643.18, -2.4538, 0.253526, 3.18391, 0.00164006, 0.0020524, -0.000456814, 
10, 33961.7, -4.61421, 1.31742, 1.67693, 0.0130675, -0.0051118, -0.0067179, 
11, 8691.35, -3.4117, -0.362023, 2.15169, -0.00727206, 0.0163219, -0.00570164, 
12, 141682, -2.11077, 0.960742, 0.0540704, 0.00450045, 0.00944321, -0.0061698, 
13, 288611, 1.96171, 2.26026, 2.49941, -0.00129298, 0.00692817, -0.000266499, 
14, 512847, -1.15358, -1.43981, -1.47429, 0.00960587, -0.00447045, -0.00472194, 
15, 15651.7, -3.3088, 0.640579, -0.42556, -0.00900643, 0.00424014, -0.00850303, 
16, 182451, -4.22425, 2.50439, -2.2673, -0.00294453, -0.00863609, 0.0141313, 
17, 62197.8, -0.699385, 7.12857, 0.194601, 0.00264881, -0.00600094, 0.00325696, 
18, 185440, 1.55846, 2.90972, 3.0068, -0.000717257, 0.00550355, -0.00794972, 
19, 36701.4, -5.70818, -2.20817, 4.39426, 0.00750314, 0.00727334, -0.00819674, 
20, 106936, 2.47207, 5.23118, -0.435354, -0.00852038, -0.00813015, 0.00240171, 
21, 161838, -3.20603, 2.34194, -0.866356, 0.00599787, 0.0118664, -0.00745541, 
22, 144875, -7.36602, 4.24793, -4.1252, -0.000338498, 0.00476926, -0.00225125, 
23, 100936, -3.15545, -2.52091, 0.640612, 0.00799815, 0.00211683, 0.0100566, 
24, 95186.1, -3.84582, 0.0116538, 0.038872, 0.00785416, 0.0127927, 0.0134121, 
25, 151808, -4.87307, 4.91213, -4.08728, -0.0011751, -0.00991449, 0.00853419, 
26, 118354, -1.04691, -0.500793, 2.45095, 0.0108678, -0.00485541, 0.00784385, 
27, 149234, 0.0226082, 1.52345, 1.37206, 0.00163188, -0.00136498, -0.00349801, 
28, 9985.68, 0.904741, -1.89427, 0.924045, -0.00102533, 0.00330976, -0.00126069, 
29, 180895, -6.62097, 4.77537, -4.47218, 0.00144303, 0.00986509, -0.00375019, 
30, 486.041, -5.5104, 3.00034, -0.292397, 0.000752522, 0.0142811, -0.00809089, 
31, 70262.9, -3.0638, 5.05533, 3.4281, 0.000817478, 0.00892001, 0.00246312, 
32, 45902.1, -3.13894, -0.698647, 1.70194, -0.00155491, 5.20536e-05, -0.00566067, 
33, 24444.7, -5.41795, 1.63316, 3.01845, -0.00772801, 0.00382514, -0.000856772, 
34, 65679.9, -0.802311, 1.20809, -0.826336, 0.00298198, -0.00876012, -0.00582792, 
35, 3309.29, 3.4099, 1.79005, 0.986997, 0.00058666, 0.00605983, 6.03744e-05, 
36, 8280.38, 2.60684, -3.61136, 0.309171, -0.00894593, 0.00647525, 0.00343465, 
37, 94538.9, -3.90378, 1.04615, -1.05229, -0.010456, 0.00410029, 0.0013173, 
38, 30213.7, -4.61363, 2.86992, 0.863267, 0.0101846, -0.0049347, -0.00702254, 
39, 53471.9, -4.06623, -1.79954, 2.81768, -0.00492247, -0.0116793, -0.00547811, 
40, 43100.3, 0.118551, -2.93057, 3.65983, -0.0097144, 0.00620486, -0.00557371, 
41, 44746.6, -2.71177, -3.70144, 0.564005, 0.0041305, 0.000421052, 0.0120331, 
42, 34053.9, -3.5058, -1.37783, -6.52115, 0.0037755, -0.00187875, 0.00415506, 
43, 54380.2, -5.60926, 1.63073, 2.68213, -0.00260291, 0.00391754, -0.00266473, 
44, 38723.2, -5.80804, 2.86538, 0.887406, 0.00832099, -0.00892803, -0.0028256, 
45, 2321.23, 1.26772, 1.49191, 3.33254, 0.000426869, 0.00552352, -0.000103781, 
46, 241169, -4.38876, -1.90751, 1.52844, -0.00695575, -0.0038504, 0.00252184, 
47, 344827, -5.45343, 0.895389, 3.77841, -0.00333947, 0.0029521, 0.00108784, 
48, 39271.1, -6.38269, -3.90676, -1.32933, -0.00506288, 0.00225012, -0.00208165, 
49, 19687.8, 5.5783, -6.13505, 0.415741, -0.0070598, 0.00534126, 0.00192868, 
50, 61216.8, -5.67086, 5.55343, 1.88219, 0.00460858, 0.00518067, -0.00562883, 
51, 19182.2, 2.05626, -4.42831, 5.63978, -0.0061106, 0.00326212, -0.00523567, 
52, 12420.5, -2.41203, 3.67354, -0.251515, 0.00563324, 0.00555741, -0.00216647, 
53, 85447.4, 2.71349, 2.84683, 4.70146, -0.00851949, -0.00275121, -0.0074729, 
54, 361436, -3.57602, 0.633167, -0.211724, 0.011587, -0.00549406, -0.00927307, 
55, 158926, -3.42361, 0.240106, 4.57657, 0.00225962, -0.00360825, -0.0103086, 
56, 49282.6, 2.41838, -3.73658, 5.31571, -0.00739203, 0.00408952, -0.00334431, 
57, 218355, -5.09025, -1.43805, -1.40212, -0.00839028, 0.00168448, -0.00270489, 
58, 22371.5, -3.64634, 2.76821, 2.19566, 0.00854192, -0.00866187, -0.0120733, 
59, 55919.9, -3.40059, 1.64505, 1.19052, -0.0125853, 0.014306, -0.00723629, 
60, 21598.8, -6.07631, 5.76361, -1.87888, -0.00558761, 0.00882546, 0.00135501, 
61, 398.952, -3.59662, 1.4354, -0.990538, -0.00248953, 0.00176227, -0.0126878, 
62, 1108.92, -2.21482, 1.88761, -3.38666, 0.00371959, -0.00872668, 0.00934457, 
63, 108555, 5.07951, 2.69241, 4.1302, 0.0024716, 0.00749905, -0.000133394, 
64, 244863, -2.66587, 1.05217, 1.7151, 0.0071204, -0.00148511, 0.0162938, 
65, 220694, 1.14252, -2.46981, 4.26546, -0.00959769, 0.00478994, -0.00553306, 
66, 61700, -1.47182, -2.98575, -2.09618, -0.00519363, 0.00958559, 0.00878354, 
67, 55388.9, 9.66871, -4.6621, -8.71859, -0.00460436, 0.00234259, 0.00367961, 
68, 211156, -4.16302, 1.99292, -0.602552, -0.00952926, 0.00474934, -0.00399825, 
69, 12720.6, -1.05537, 3.91232, 1.68376, 0.00491139, -0.00414258, 0.0103686, 
70, 25096, 0.548483, 0.25398, -2.26222, 0.0010358, 0.00387685, -0.00124542, 
71, 179870, -3.53682, -2.61365, 3.05762, -0.00103351, 0.00799023, -0.00500782, 
72, 79123.8, -3.27746, 0.260354, 0.94477, -0.0185121, -0.00718687, 0.000256158, 
73, 110870, -2.09138, -0.795079, -1.19966, 0.00577628, -0.00412806, -0.00194466, 
74, 43359.1, -2.93172, -5.99101, 3.4431, 0.00949577, 0.000534054, 0.00875448, 
75, 140124, -2.27746, 3.27533, 0.440354, -0.01299, 0.00684083, 0.000508493, 
76, 229268, -3.77938, 1.8618, 1.13368, -0.00909251, 0.0133647, -0.0100591, 
77, 302149, -0.966251, 1.70621, -2.23895, 0.00433804, -0.000969225, -0.0120158, 
78, 100708, 3.45262, 2.99301, 0.863998, -0.00433917, 0.00482225, -0.00232719, 
79, 46633.4, -3.31659, 1.74924, -1.69978, -0.00179932, 0.00203728, -0.00286497, 
80, 143926, 0.345377, 0.996185, -2.32039, -0.00608694, 0.0079462, 0.00060737, 
81, 270.261, -1.09147, 0.897196, 0.409754, -0.0149391, 0.00218123, 0.0105608, 
82, 159650, -2.08978, 1.39281, -0.383056, -0.000564276, -0.00063159, 0.0037974, 
83, 24756, -5.15617, -2.60252, -0.948296, -0.00908761, -0.00110532, 0.000506002, 
84, 18375.3, -5.23473, 2.63817, -0.17223, 0.00917791, 0.0116025, -0.00125044, 
85, 491877, -5.41562, 3.99041, 2.76121, 0.00794435, -0.00682904, -0.00870766, 
86, 194807, -1.07809, 0.297447, -0.247415, 0.0120403, -0.00474673, -0.00564343, 
87, 8649.23, -10.4875, 0.251935, -3.25743, 0.0026812, -0.00203677, 0.00520248, 
88, 138901, -5.14828, 4.6218, -3.77185, 0.00682118, 0.00642123, 8.84659e-05, 
89, 50202.9, -4.59213, -1.58256, -1.59377, -0.0056546, 0.00267083, -0.00786727, 
90, 98321.9, -2.07531, 4.93798, -2.95057, 0.00163277, 0.00451959, -0.00119359, 
91, 384069, -2.24124, 2.69896, -0.481506, 0.00210548, -0.00425503, 0.00453388, 
92, 81279.9, -1.47692, 7.85894, -0.993039, 0.00395104, 0.000116176, 0.00622768, 
93, 91375.2, -5.26395, 0.659456, 3.10793, -0.00118062, -0.00246742, 0.00892335, 
94, 5476.7, 2.11647, 7.3101, 1.3839, -0.0012039, 0.00330985, -0.00112216, 
95, 33452.5, -4.95329, -4.65164, -1.76756, -0.0011692, 0.00430334, -7.54857e-05, 
96, 25752.1, 11.3087, 9.72835, 9.62518, -0.00392841, -0.00374721, -0.00308025, 
97, 200797, -6.98106, 1.40862, 4.08959, -0.00163311, 0.00285626, 0.0083756, 
98, 298981, -4.17321, 3.08619, -2.59532, -0.000127328, 0.00499214, 0.0017493, 
99, 93146, -5.02839, -3.32528, 1.71214, -0.00532348, -0.0025219, 0.000557567, 
100, 8612.85, 0.028073, -0.126229, 3.57005, -0.0104764, 0.00854648, -0.00537095, 
101, 24343.5, -2.07703, -2.25128, -0.744453, 0.0065416, 0.0029245, 0.00701302, 
102, 10296.7, -6.85859, 5.06964, -5.89394, -0.0018252, 0.00746042, -0.00736731, 
103, 15719.8, -0.944881, 3.2326, -2.502, 0.00188091, -0.0101634, 0.00724906, 
104, 230040, 0.0355019, -0.306552, 4.27724, 0.00706894, 0.00536094, 0.0103735, 
105, 17846.1, 1.83168, -0.872762, -1.93516, -0.00178475, 0.00679623, -0.00285302, 
106, 22216.6, -3.36139, 3.89507, -0.84308, -0.00152613, 0.00407126, 0.00190165, 
107, 98486.7, -1.27386, -1.29763, -0.585908, 0.00319993, -0.0036991, 0.0142151, 
108, 214214, 4.11068, 4.54074, 7.27953, -0.00720803, -0.00318228, -0.00431375, 
109, 131614, -1.53465, 1.56511, 1.93782, -0.000591003, -0.00798481, 0.00366663, 
110, 160023, -4.16158, 1.81043, -0.115354, -0.00732862, 0.00745819, -4.62593e-05, 
111, 115735, -2.89354, 1.89312, -0.764458, -0.00219361, 0.00620733, -0.0100005, 
112, 378585, -3.8108, 0.171146, 4.61709, 0.00858339, -0.0102035, -0.00638894, 
113, 83295.8, -3.03304, -0.723502, -0.948389, -0.0120228, -0.00495313, -0.00971773, 
114, 148827, -5.04005, 0.478557, 0.88158, -0.0131011, -0.00679504, -0.000299629, 
115, 285284, -3.06445, 5.30278, -5.51634, 0.00429288, -0.00327561, 0.00753145, 
116, 515864, -1.54238, 3.43231, -1.89736, -0.00396956, 0.00156088, -0.00500071, 
117, 88363.5, -2.2843, 3.25176, 1.31055, 0.0101178, 0.0062073, 0.0119009, 
118, 155064, -11.9186, -1.03358, -1.36378, 0.000983297, -0.00419857, 0.00609369, 
119, 18098.3, -1.56501, 2.54171, -0.337573, 0.0060573, -0.000280291, -0.000834936, 
120, 34391.6, -5.60371, 3.87137, 3.78651, 0.00669401, -0.00589623, -0.012091, 
121, 78154, 0.523691, 4.02999, 2.07024, -0.00562873, 0.00804844, -0.000971506, 
122, 10497, -5.53899, 0.894525, 3.77557, -0.000255163, 0.00353136, 0.00858494, 
123, 59058.1, -4.16265, -5.6277, 1.92664, 0.000503439, 0.00100089, -0.00278017, 
124, 5646.35, -6.6272, 3.4792, -3.33871, -0.000362739, 0.0103745, 0.000797082, 
125, 103346, -1.89624, -1.38432, -0.151132, 0.0100226, -0.00446747, -0.0080873, 
126, 64702.5, 5.71465, 3.48071, -1.0431, -0.00921257, -0.00261673, -0.00342853, 
127, 199056, -4.66867, 3.04393, 0.270751, -0.00942437, 0.000529198, -0.00368723, 
128, 192649, -3.17706, 1.28918, 3.14812, 0.000347353, 0.00366155, -0.00197688, 
129, 1707.71, -5.19806, -1.9906, -1.13987, -0.00271018, 0.00396235, -0.00543597, 
130, 19869.9, -1.77154, -1.2466, -1.50257, -0.000875269, -0.00990463, 0.00252611, 
131, 143979, -3.12803, -0.0889038, 0.204624, -0.0104384, -0.00878145, 0.00525635, 
132, 37850.6, 4.86636, -3.93975, 5.4003, -0.00495638, 0.0070822, -0.00705667, 
133, 50031.5, 0.0920421, -0.637142, -1.93562, 0.00955193, 0.00121567, -0.00457539, 
134, 369068, 1.19417, 2.19185, 2.08733, -0.0119598, -0.00543854, -0.00447559, 
135, 3806.98, -3.63832, 7.62817, 0.66077, 0.00299351, -0.000836246, 0.00766075, 
136, 64591.7, -6.32865, 1.3297, 3.6804, 0.00394391, 0.00751029, -0.00563315, 
137, 1688.15, 2.04992, 6.2688, -0.145826, -0.00265914, 0.00629964, -0.00383447, 
138, 439943, -0.33778, 0.521751, 2.65449, 0.00391835, 0.00672569, 0.00553075, 
139, 72054.1, -3.63357, 1.80201, -1.40998, -0.00146088, -0.000632973, -0.00895612, 
140, 10511.3, -3.16791, 3.24155, -4.37086, 0.00455789, -0.00460397, 0.00705942, 
141, 28560.6, 0.0852768, 2.43797, 3.01047, 0.00616831, -0.00323089, 0.00328555, 
142, 92270.6, -1.78413, 3.62346, 3.12244, 0.00516164, 0.00126351, 0.0041695, 
143, 57507.6, 4.03377, -0.193615, -4.73082, -0.00756587, 0.00114286, 0.00667842, 
144, 106955, -2.68175, 0.689957, -1.31095, -0.00877522, -0.00709034, 0.0106077, 
145, 53021.1, -2.13442, 2.50185, -0.708526, -0.00486607, 0.00772436, 0.00592557, 
146, 127593, -0.586996, -1.27471, -0.169041, -0.00146233, 0.00631562, -0.0035454, 
147, 31386.3, -3.96392, 1.10648, -0.530189, -0.00611483, -0.00574217, -0.00655925, 
148, 89613.6, -7.77978, 6.63885, 3.69103, -0.00440232, 0.00838921, -0.00302987, 
149, 251415, -3.17915, 1.8035, -0.851791, 0.00680703, -0.00524206, 0.0158151, 
150, 55890.6, 2.70382, 4.8029, 0.595069, -0.00205585, 0.00946426, -2.27178e-05, 
151, 174949, -1.34485, 0.3633, 3.12747, 0.0112542, 0.00176648, 0.00765433, 
152, 66072.8, -3.52916, 2.53557, -2.3248, 0.00941462, -0.0105286, -0.00206151, 
153, 19075.8, -3.30279, 3.67898, 1.97656, -0.000240633, 0.014395, -0.00112506, 
154, 47261.5, -1.27465, -0.271401, 3.73474, -0.000983731, 0.00775518, -0.00667764, 
155, 102102, -4.04293, 1.07189, -0.262521, 0.00194897, 0.00213256, -1.76776e-05, 
156, 5375.03, 0.4634, 3.42645, -1.92553, -0.00542961, 0.00154082, -0.00130349, 
157, 3761.7, -5.68564, 0.324458, 3.25717, 0.0032073, 0.00807021, -0.0071516, 
158, 7652.65, -4.66828, -1.35147, -1.83361, -0.000223263, -0.00432666, -0.00703903, 
159, 47070.1, -3.98655, 1.96565, 0.477591, -0.00743364, -0.0024799, -0.0064479, 
160, 17972.9, -1.20931, 0.913275, 3.61114, 0.011905, 0.00179126, -0.000408469, 
161, 218629, -2.87711, 3.62803, -0.661859, 0.00737802, -0.00737098, 0.00788239, 
162, 138887, -4.75174, 2.20073, -0.713304, 0.00450369, -0.00601937, -0.00416411, 
163, 33277.3, -6.57999, -0.281392, 4.62626, -0.00626131, 0.00384058, -0.000781624, 
164, 167891, -3.69195, 1.37415, -0.477125, 0.006233, 0.0128875, 0.00464983, 
165, 62570.5, -1.97145, 6.23788, 1.76149, -0.00347591, -0.0114608, -0.000232671, 
166, 38130.4, -3.04094, -2.39709, -1.68787, -0.00130116, 0.0111111, 0.0104878, 
167, 22403.8, -2.69426, 2.49413, -2.57353, 0.00521947, -0.00254307, 0.0114291, 
168, 1479.59, -5.31575, 0.257805, 6.41839, 0.00364989, -0.00536027, -0.0064525, 
169, 20399.9, -2.07208, 4.97709, -3.73416, 0.00452021, 0.000614881, 0.012615, 
170, 115854, -2.77561, 1.92332, -1.83814, -0.00307032, 0.00979158, 0.00559715, 
171, 27762.9, -5.25462, 6.82887, -2.95864, -2.255e-05, 0.00801218, -0.00235113, 
172, 250928, -4.17261, -1.02521, 1.36834, -0.00772039, -0.0063841, 0.00993265, 
173, 74469.2, 6.07826, -3.11422, 3.82122, -0.00739486, -0.00426387, -0.00350246, 
174, 143481, 4.78537, -3.20318, 4.72081, -0.00849044, 0.00502851, -0.00559189, 
175, 27145.1, -3.73844, 1.06297, -1.08735, 0.00221285, 0.000278853, -0.000325592, 
176, 32620.6, -6.7273, -4.1188, -3.69443, -0.00260274, 0.00350001, -0.00211796, 
177, 52575.7, -5.3344, 6.71039, -5.72667, 0.00453161, -0.00392704, 0.00549651, 
178, 19746.4, -2.82421, 3.12968, -1.85899, 0.00750512, 0.0117713, -0.00719022, 
179, 33623.1, -1.08182, 1.86925, 2.6578, -0.0112737, -0.00753265, -0.00687485, 
180, 50349.8, 0.405415, 4.16917, 3.04835, -0.00845203, -0.00585205, -0.00795399, 
181, 89376.8, -4.32441, 0.414563, 0.709368, -0.0139868, -0.00680353, -0.00674869, 
182, 42160.2, -3.00033, 0.868896, -7.10724, 0.00488698, -0.00155289, 0.00555033, 
183, 100544, 0.533524, 1.18998, 2.08091, 0.00244088, 0.00673465, 0.0010171, 
184, 1446.88, -2.00096, 4.3165, 2.97306, -0.000209518, 0.0035673, -0.00140457, 
185, 119694, -0.965892, 1.6273, 1.027, 0.00900272, -0.00528231, 0.00428434, 
186, 120999, 5.18307, 6.59163, 2.33743, 0.00232929, 0.00627381, -0.00216837, 
187, 52698.3, -2.08955, 3.96237, -1.0321, 0.00482897, 0.00257108, 0.00534139, 
188, 105467, -6.77868, 2.1082, 4.2905, 0.000741461, 0.00584116, -0.00412296, 
189, 99748.4, -2.89189, 6.89715, -1.9739, 0.00724106, -0.00531277, 0.00463502, 
190, 77133, -2.94553, 2.68666, -1.67945, -0.00493352, 0.00121487, -0.00320573, 
191, 178804, -1.03196, -2.46419, 4.2256, 0.00476688, 0.00525781, 0.00968131, 
192, 8685.6, -2.33751, 3.12678, -0.351908, 0.00834027, 0.00690903, -0.00881164, 
193, 256954, -4.6613, -4.91606, -2.80116, -0.0017834, 0.00379467, -0.00459216, 
194, 53540.6, -7.21228, 5.96779, 2.63929, -0.00178895, 0.00240346, -0.00382962, 
195, 220652, -1.78064, 0.0945791, 2.90949, -0.000195236, 0.00134309, 0.0129744, 
196, 10258.1, -4.85907, -2.23405, 0.898682, -0.000394429, -0.0125489, 0.00419346, 
197, 6083.3, 1.11015, 3.44339, -1.09739, 0.00483761, -0.0080825, 0.00818394, 
198, 127562, -5.93522, -3.19575, 2.14005, -9.14019e-05, 0.00626389, -0.000952349, 
199, 34766.2, 0.683932, 1.53079, 0.807432, -0.0124702, -0.00513985, -0.00704689, 
