ID, Mass [kg], pos_0 [m], pos_1 [m], pos_2 [m], vel_0 [m/s], vel_1 [m/s], vel_2 [m/s], 
0, 266668, 6.1052, -12.4356, -9.48862, -5.05866e-05, 0.000372334, 0.000116949, 
1, 88936.2, 11.4623, -16.2646, -18.9713, -0.000231852, 0.000322423, 0.000329734, 
2, 157943, -11.3861, -14.158, 12.4847, -0.000156104, 0.00069268, 0.000473086, 
3, 169378, -5.1731, -3.71627, -18.3902, 0.000121756, -3.06892e-05, 0.000464774, 
4, 52366.8, -19.3538, -3.51999, 18.9706, 0.00043377, -0.000140026, -0.000371931, 
5, 13155.9, -13.4419, -17.2666, 12.1764, 0.000306622, 0.000645419, 0.000114954, 
6, 92017.3, 2.99064, -12.3247, -1.63434, -0.000700417, 0.000480885, 0.00067825, 
7, 28783.3, -6.5798, 17.7368, 5.5922, 0.000154027, -0.00052947, -3.62688e-06, 
8, 28069.8, -10.0522, 17.492, -11.6179, 2.57099e-05, -0.000469877, 0.000254953, 
9, 332411, 16.1405, -16.1674, 17.6643, -0.000222596, 0.000157306, -0.000184858, 
10, 147602, -10.5371, -6.22966, 7.44012, -6.47639e-05, 0.000270047, -0.000223904, 
11, 126955, -16.2079, 15.7626, 7.09425, 0.000291566, -0.000318018, -1.19748e-05, 
12, 8145.24, 8.5947, 3.07862, 16.2294, -0.000426548, -0.000166489, -0.000329802, 
13, 75407.3, -12.6257, -9.85303, 16.8127, -0.000190886, 8.42188e-05, -0.000306809, 
14, 60007.4, -19.8294, 11.1586, 1.82148, 0.000401131, -0.000190199, 3.69618e-05, 
15, 37540.7, -17.158, 19.5087, -14.0568, 6.07951e-06, -0.00071266, 0.000190958, 
16, 22790, 8.85027, 0.478104, -13.5604, -0.000234043, -0.00025208, 0.000316313, 
17, 20769.2, -2.59614, 1.55163, -7.04013, -7.26343e-05, 0.000106568, 0.000409877, 
18, 211002, -17.1722, -15.4184, 2.78286, 0.000298088, 0.000321415, 0.000107138, 
19, 150055, -12.0185, -13.5273, 13.8043, 0.000378752, 0.000156803, -0.000662027, 
20, 5236, -8.32501, 13.5518, 0.088675, 0.000262348, -0.000313662, -9.51959e-06, 
21, 271282, -6.15921, -0.474265, 13.174, 7.53359e-05, 9.64803e-05, -0.000288013, 
22, 49300.1, 7.58373, 17.8059, -10.8129, -0.000304316, -0.000215695, 0.00016424, 
23, 117718, 19.2316, 4.16292, -3.4059, -0.000598229, 0.000150686, -7.162e-05, 
24, 83176.3, 13.6588, -16.8704, 1.36285, -0.000392473, 0.000362205, -0.000124746, 
25, 16921.9, -12.8593, -5.51783, 11.6198, 7.97644e-05, -7.44479e-05, -0.00033544, 
26, 8127.9, -6.62124, -3.83213, -17.2786, 0.000682802, 1.66499e-05, 1.25179e-05, 
27, 117537, -2.34974, -3.90971, -12.8195, 0.000133274, -0.00011811, 0.000145462, 
28, 74393.9, -4.87719, 2.81203, -5.2453, 0.000288692, 0.000180371, 0.000406031, 
29, 57188.8, 0.944411, -10.5295, -1.33862, 0.000587684, -0.000421751, 0.000886605, 
30, 27579, 2.07082, -12.7183, 11.3646, -0.000242909, 0.000270586, -0.000247972, 
31, 8833.03, -5.03298, 3.17147, 15.5141, 1.91057e-05, -0.000213461, -0.000454096, 
32, 127385, 5.21934, 19.6575, -12.0553, -9.41001e-05, -0.00037851, 0.000313808, 
33, 26112.7, -8.52418, 7.18105, 1.91712, 0.000366888, -0.000236082, 0.000120113, 
34, 25816.1, -19.9092, 8.42167, -12.9951, 0.00037396, 5.45206e-05, 0.000179915, 
35, 196477, -0.0605753, 0.515818, 7.98475, -0.000337739, 0.000165249, -0.000123149, 
36, 134895, 7.23345, -5.61267, 16.2967, -0.000323041, 0.000191918, -0.000389005, 
37, 90647, -2.19824, 12.4053, 4.89427, -3.31211e-05, -0.00056659, 7.45548e-05, 
38, 70759, -2.18803, 7.01422, 14.3996, -0.000271782, -0.000221881, -0.00045277, 
39, 13187.3, -0.0806416, 12.1347, 2.83223, -0.000290469, -0.000395894, 0.000138103, 
40, 33368, 13.5731, -14.0833, -4.22075, -0.000421191, 0.000166581, -5.29395e-05, 
41, 134346, 2.72453, -6.94243, -0.821247, -5.40687e-05, -0.00017466, -6.99412e-05, 
42, 105929, 3.31199, 7.80446, 1.07728, -0.000357047, -0.000203645, 8.59875e-05, 
43, 83973.3, -18.0622, 3.01778, 8.32444, 0.000654142, -0.000429643, 3.49789e-05, 
44, 3121.57, -12.3115, -5.07373, 15.9963, 0.00019677, -0.000229748, -0.000225522, 
45, 27466.3, -19.3087, -17.0688, 5.27192, 0.000473347, 0.000428668, -0.000116704, 
46, 38628.7, 12.2604, -17.7346, 12.7577, -0.000153126, 0.000284595, -7.96838e-05, 
47, 41308, 6.33082, -6.31295, -5.35094, -0.000333995, 0.000277066, 0.000667029, 
48, 127460, -2.10384, -16.0076, 8.28791, -0.000167887, 0.000676532, -0.000338948, 
49, 499917, -18.631, 15.7551, -13.9771, 0.000268773, -0.000179821, 0.000198973, 
50, 18781.7, -1.7807, 11.6373, 5.68896, -0.000374384, -0.000149433, -0.000455014, 
51, 41104.5, 1.52054, -3.73341, -16.3918, -2.34447e-05, -0.000198027, 0.000403109, 
52, 171754, -7.30702, 14.0749, 11.1962, 0.000340277, -0.000326865, -0.000162743, 
53, 188750, 10.9258, -10.1834, -14.2731, -0.00060004, 0.000236833, 0.000458544, 
54, 188123, -11.3143, -10.1304, -13.7797, 0.000238777, 0.000130223, 0.000328729, 
55, 5496, -2.8858, 16.9894, -8.89063, 0.000147215, -0.000384884, 0.000351156, 
56, 314149, 1.61898, 17.0554, -6.84684, -0.000135212, -0.000339779, 0.000226306, 
57, 286386, -1.25182, -16.2327, 19.6369, -0.000122426, 0.000273489, -0.000324943, 
58, 3262.44, -19.1363, 3.48853, 16.8792, 0.00043475, -0.00017397, -0.00034972, 
59, 498.907, 18.9686, 17.7223, -16.5332, -0.000281806, -0.000116867, 0.000196039, 
60, 10715.1, -19.294, -6.12204, 10.6665, 0.000944557, -3.36648e-05, -0.00011229, 
61, 28147, 19.6808, -6.40986, -16.4686, -0.000368713, 4.00672e-06, 0.000213423, 
62, 126417, 13.5839, -16.4429, -7.07048, -0.000360496, 0.000368389, 0.00012265, 
63, 304337, -14.2579, -19.3279, 16.9538, 0.000185388, 0.000463811, -0.000242207, 
64, 73901.1, 4.28899, 4.09171, 14.0757, -0.000428616, -0.000203474, -0.000219414, 
65, 141050, 8.87875, -4.84274, -11.9954, -0.000251649, -0.000326252, 0.000243778, 
66, 71538.3, -1.42261, 6.77145, -9.20754, -0.000107324, -0.000174395, 0.000395266, 
67, 43197.3, 11.5603, -4.78541, -7.90521, -0.00047976, -0.000155272, 3.40521e-05, 
68, 292601, 6.50819, -7.53572, -18.3889, -0.00035836, -0.000268518, 0.000461498, 
69, 23084.1, 11.676, 7.60598, -5.52258, -0.000301303, -0.000258199, 0.000122028, 
70, 7607.71, -16.984, 1.86721, 8.13821, 0.000366005, 0.000108633, -0.000120727, 
71, 13540.8, 1.43176, -6.78497, 13.9097, -0.000186422, 0.000216816, -0.000168433, 
72, 72502.9, 8.50649, 13.7773, 8.01882, -0.000342982, -0.000265761, -0.00020814, 
73, 55178.4, -11.5351, -5.98389, 17.3464, -8.36552e-06, -0.000127336, -0.000463428, 
74, 138200, 7.2644, 15.4945, 1.64029, -0.000372595, -0.000236541, -0.0001089, 
75, 441048, -2.71823, 6.23599, 5.73433, -0.000162757, -0.00036932, 1.42256e-05, 
76, 104741, 1.6099, 18.2339, 7.60477, -0.000200447, -0.000468723, -0.000139564, 
77, 235448, -4.05133, 15.9758, 11.159, -0.000169486, -0.000556041, -0.000209873, 
78, 56549.9, -7.77185, -9.69526, 6.37833, -9.07259e-05, 0.000361509, 5.73194e-05, 
79, 18431.9, 4.44738, -18.8823, 0.361805, -0.000112398, 0.000602266, -2.86397e-05, 
80, 174616, -7.40244, -11.1018, 15.0567, -0.000206791, 0.000181022, -0.00033392, 
81, 162861, -4.522, 2.80109, 4.9989, 9.20263e-05, 0.000640974, 5.78021e-07, 
82, 32822.2, 17.6342, 19.7892, 19.703, -0.000155722, -0.000144699, -0.000130873, 
83, 36038, 6.37542, -11.2788, 2.03069, -5.52365e-06, -3.8737e-05, -0.000215253, 
84, 151751, -6.25605, 9.09689, -4.52282, 0.000163471, -0.000267305, 0.000224741, 
85, 1755.34, 19.7543, 6.19548, 6.39633, -0.000361192, -0.000111603, -0.000102644, 
86, 125093, -19.6906, -12.3785, -18.4035, 0.00024979, 0.000140039, 0.000253927, 
87, 62753.9, -13.7069, 4.22819, 18.4391, 0.000524458, -0.000158906, -0.000396093, 
88, 104089, -3.54027, 0.965598, 17.1765, -0.000102783, 1.82771e-05, -0.00061349, 
89, 74659.5, -12.2019, -8.73466, 5.30091, 0.000294143, 0.000485475, 0.000251397, 
90, 54457.8, -1.05445, 16.8654, -3.8554, 9.50411e-05, -0.00037857, 8.93171e-05, 
91, 250388, -18.0888, 0.689673, 11.3362, 0.000502237, -9.3784e-05, -0.000276577, 
92, 9592.63, 4.161, 10.4866, -15.096, -0.000127912, -0.000177977, 0.0003366, 
93, 51769.5, 10.319, 4.10121, -17.5059, -0.000216796, -0.000163934, 0.000325946, 
94, 88315.6, 17.8975, -19.3094, -3.71115, -0.000353375, 0.000298929, 1.46759e-05, 
95, 44569.9, -5.03344, 5.12308, 8.68465, 0.000486816, -5.16832e-05, -0.000339406, 
96, 55054.8, 1.18428, -10.5856, -0.789756, 0.000124143, -0.000567275, -0.000362618, 
97, 6549.1, 12.1598, -5.03621, -2.30771, -0.000492637, 1.2579e-05, -9.47424e-05, 
98, 176773, 5.9609, -5.47843, -3.85085, -0.000210939, -0.000157967, -4.39617e-05, 
99, 4096.57, -15.5267, -4.93203, -9.57806, 0.000328379, -0.000173256, 0.000335645, 
100, 283032, -16.3603, -7.23704, 10.201, 0.000503087, 0.000137301, -5.13495e-05, 
101, 15065.6, -12.2504, -2.49014, -17.5063, 0.000257667, -3.58811e-05, 0.000335213, 
102, 33276.8, 16.4381, 14.8958, -8.61962, -0.000375508, -0.00021149, 5.00576e-05, 
103, 12989.8, 17.2516, -7.96039, -19.4349, -0.000334533, 3.75234e-05, 0.000312482, 
104, 26736.4, -1.06267, -3.61402, 10.5225, -0.000180113, 0.000287403, -0.000202996, 
105, 201331, 10.2878, -9.03661, -10.3674, -0.000470559, 7.23557e-05, -2.81362e-05, 
106, 153368, 9.0024, 2.96182, -5.80576, -0.00025826, -0.000237855, 0.000219382, 
107, 15450.3, -4.94241, 15.0599, -10.8909, -1.29044e-05, -0.000322414, 0.000345912, 
108, 669.306, 2.47632, -12.1789, 5.77319, -0.000164277, 0.0002555, -0.000326018, 
109, 16366.5, 11.0194, -12.7672, 11.9761, -0.000246221, 0.000172394, -0.000170324, 
110, 76031.2, 8.62615, 19.6619, 2.19429, -0.00030555, -0.000501355, -9.53459e-05, 
111, 6213.7, -16.5272, -9.84351, -6.2054, 0.00113928, 0.000675388, -0.000864629, 
112, 161030, 14.4895, -0.811615, 11.1336, -0.000373692, -4.16917e-05, -0.000131338, 
113, 103552, 2.63454, 5.32468, 17.9074, -0.00028816, -0.000278411, -0.000517919, 
114, 105761, -2.50014, -14.563, 7.044, 3.9334e-05, 6.22717e-05, 0.00017392, 
115, 3988.7, -3.17254, -19.5632, 13.6359, -8.18289e-05, 0.000476928, -0.000168013, 
116, 95735.7, -16.1397, 2.17032, 6.8633, 0.000248661, -0.000175741, 0.000258673, 
117, 112453, -13.5455, -3.86382, -1.14126, 0.000606786, 0.000135326, 0.000108452, 
118, 30694.8, -15.462, -18.6798, -5.31353, 0.000219381, 0.000364073, 0.000108514, 
119, 36195, 5.43231, 15.0879, 0.787379, 0.000140488, -0.000195883, 0.000171548, 
120, 18641.6, -0.651166, 15.8803, -1.97074, -0.000158762, -0.000161032, -9.97707e-05, 
121, 9923.13, -1.01394, 4.40573, 10.6991, -0.000461455, -3.85572e-05, -0.000395318, 
122, 10388.6, -17.4963, 2.81051, -2.47699, 0.000433124, -0.000105902, 0.000159, 
123, 6088.92, 6.07756, 10.2812, -18.7221, -0.000125822, -0.000166958, 0.000338173, 
124, 57978.1, -17.5548, -5.97327, -16.6163, 0.000291574, -1.13725e-05, 0.000296576, 
125, 28974.4, 9.46324, -16.5277, -8.59082, -0.000217785, 0.000558849, 0.000137818, 
126, 149499, 17.6827, 6.01979, -4.1388, -0.000220526, -0.00033345, 0.000124147, 
127, 156428, -13.0105, 9.98339, -12.5459, 0.000219823, -7.56014e-06, 0.00029642, 
128, 11817, -0.787855, 5.75592, 3.96375, -0.000885885, -4.61438e-05, 0.00062486, 
129, 241608, -9.95571, 3.8418, 18.9374, 0.000142953, -0.000102105, -0.000527115, 
130, 83899.8, 16.648, -5.79295, -6.52881, -0.000507929, 4.73784e-06, 5.08428e-05, 
131, 161283, -11.1984, -2.89685, -2.11199, 4.95378e-05, -5.73112e-05, 0.000305158, 
132, 170745, -5.6415, 16.7777, -0.716766, 0.000163194, -0.000450805, 3.9123e-05, 
133, 354581, -15.5554, -9.23186, -7.46856, 0.000321756, 0.00014825, 0.000181878, 
134, 115421, 18.3104, -2.83467, 17.0537, -0.000318808, -1.07068e-06, -0.000222281, 
135, 65429.1, 7.82624, 6.37024, 6.98702, -0.000416374, -0.000164758, -0.00012915, 
136, 868.309, 11.7211, -9.41119, -12.4172, -0.00102434, -1.05149e-06, 0.000110916, 
137, 4759.2, -16.729, 0.141233, -2.12216, 0.000481451, -0.000108098, 0.000181157, 
138, 8998.31, -4.78011, 14.1198, 15.3465, -6.21235e-05, -0.000412045, -0.000549207, 
139, 37395.4, -10.5479, -17.0484, -9.26435, 0.000205632, 0.000411776, 0.000112589, 
140, 181316, 12.2932, 14.606, -11.3507, -0.000253074, -0.000182656, 0.00020243, 
141, 139423, -2.37711, 5.62067, -17.1615, -2.23717e-05, -0.000154163, 0.000389582, 
142, 47155.6, 3.73139, -15.5272, -8.92678, 0.000110453, 0.000663814, 0.000136742, 
143, 320658, -4.37519, -14.1051, -13.1465, 0.000718134, -4.4813e-05, 0.000286209, 
144, 22569.4, 18.5571, -10.4631, -3.38493, -0.000468875, 0.00010487, -1.9618e-05, 
145, 17996.4, 17.9232, 6.72679, 16.6025, -0.000276927, -0.000133264, -0.000186466, 
146, 85832.2, 7.72354, -10.5395, -13.8483, 2.60877e-05, 0.000379565, 0.000343994, 
147, 187866, -12.7079, 11.4529, -2.84062, 0.000336685, -0.000240796, 6.75771e-05, 
148, 48707.3, -4.82274, 3.45317, 4.66722, 0.000928198, -0.000810737, 0.000822912, 
149, 31339.9, 0.947791, -7.06128, 15.6765, -0.000129716, 0.000221775, -0.000403552, 
150, 43750.7, -12.6908, -10.6295, 10.1771, 0.000189404, 0.000299969, 6.39634e-05, 
151, 243138, -11.7201, -4.09932, 5.28449, 0.000271324, -0.000106116, 0.000211395, 
152, 14872.6, -6.0218, 10.6655, 16.014, 3.12308e-05, -0.000682395, -0.000592088, 
153, 28768.5, -15.5271, 7.41314, -15.044, 0.000299086, 8.12849e-05, 0.000372164, 
154, 44811.9, -11.5694, 6.75878, 7.24314, 0.000366071, -0.000262807, -2.98263e-05, 
155, 235285, 4.4836, -9.54738, -19.1782, 0.000302972, 0.000457974, 0.000633796, 
156, 118566, -12.725, 11.39, 15.5053, 0.000226691, -0.000372932, -0.000340172, 
157, 1429.46, -5.78965, -15.7117, -13.5357, 0.000866466, 0.00131576, 0.000476333, 
158, 61874.8, -9.09835, 7.09499, -15.5902, 8.90547e-05, -5.99296e-05, 0.000398044, 
159, 547423, -16.4202, -9.90708, 18.6072, 0.000383364, 0.000127003, -0.000437723, 
160, 16024.9, 12.2931, -16.6268, -1.06778, -0.000263689, 0.000408111, 8.35116e-05, 
161, 59294.4, -6.85956, -18.4929, 8.66239, 6.79933e-05, 0.000535574, -1.98023e-05, 
162, 34022.8, -15.2465, -1.7287, 8.71893, 0.00033061, -3.79239e-05, -2.79556e-05, 
163, 51310.5, -1.34597, 18.0026, -1.37477, -7.12693e-05, -0.000591291, -9.98998e-05, 
164, 125646, -19.2962, 16.9877, 12.8982, 0.000316404, -0.000254295, -0.000132187, 
165, 38198.4, 8.10997, 17.4297, -0.147468, -0.000385266, -0.000473961, 0.000255461, 
166, 175587, -10.3653, 13.1151, -10.4104, 5.2554e-05, -0.000294009, 0.000200546, 
167, 33247.4, -18.5393, -16.8992, -11.9653, 0.000268814, 0.000281125, 0.000168041, 
168, 39322.1, -14.2047, 10.0774, 14.93, 0.00061813, -2.57624e-05, -0.000154639, 
169, 42408.8, 6.72191, -7.67189, -14.2488, 3.51483e-05, -0.00014598, 0.000173822, 
170, 165238, -6.36095, 8.35437, 15.3338, 0.000132308, -0.000257214, -0.000422743, 
171, 133165, 2.52689, -11.9117, 0.429231, -0.00058367, 0.000155856, -0.000761159, 
172, 17222.9, -13.2585, 19.3545, -8.57572, 0.000143059, -0.000424663, 5.15863e-05, 
173, 19550, -2.94305, 13.0886, -7.38941, 1.50207e-05, -0.000240853, 0.000307414, 
174, 2321.65, 15.2466, 0.943268, -2.43237, -0.000410681, -6.43623e-06, -4.79193e-05, 
175, 266285, 8.8462, -12.6055, 2.58807, -0.000350767, 0.00031158, -0.000395541, 
176, 51769.7, -17.37, 19.5923, 16.3183, 0.000180412, -0.000330462, -0.00024716, 
177, 2547.76, 9.91467, 14.1019, -6.64385, -0.000264419, -0.000205705, 5.24619e-05, 
178, 33600.1, 7.06691, -0.898943, 18.341, -0.000364595, -5.6652e-05, -0.000491622, 
179, 95862, 4.90679, -2.38547, 14.581, -0.000250729, 5.10318e-05, -0.00025504, 
180, 231629, 0.969093, -12.7372, -0.5902, 0.000561305, 0.000849654, 6.37587e-05, 
181, 48845.6, -1.2701, -5.3033, -14.4189, -4.32525e-05, 0.000159389, 0.000445587, 
182, 63218.1, 9.47863, -12.2888, 0.789598, -0.000713081, 8.96662e-05, 0.000705466, 
183, 250917, -2.88979, 4.94293, -3.49582, -0.000100863, -0.000112106, 0.000177384, 
184, 4676.91, -6.07264, 0.447822, -1.43369, 0.000138068, 9.79693e-05, 0.000165935, 
185, 14.7536, -9.90161, 17.2702, -15.6222, -7.38975e-06, -0.000316258, 0.00036313, 
186, 1700.44, -17.106, 8.60981, -8.46646, 0.000388858, -2.05795e-05, 8.9149e-05, 
187, 132400, -4.66414, -13.9343, -13.161, -0.00140039, 0.00119966, 0.000180281, 
188, 31027.4, 7.00739, -5.88633, 13.0263, -0.000320436, 0.000229409, -2.7326e-05, 
189, 137319, 9.62383, 0.121616, -2.64678, -0.000366471, -6.81971e-05, -8.44269e-05, 
190, 22200.4, -9.62163, -0.783553, -19.4939, 0.000222015, -8.76822e-05, 0.000406545, 
191, 36036.5, 16.8966, 18.8549, -15.666, -0.000215662, -0.000196856, 0.000182945, 
192, 105589, -7.99825, 19.0916, 17.6784, 6.69829e-05, -0.000386464, -0.000318208, 
193, 42408.1, 7.39468, -1.0686, 11.7404, -0.000416247, -3.87625e-05, -9.68839e-05, 
194, 8889.27, 0.0838994, -10.4918, 11.1802, -0.000166881, 0.000184325, -0.000224877, 
195, 67618.7, -2.08148, 10.3922, 16.1084, -0.000255977, -0.000419709, -0.000504295, 
196, 139645, 1.77523, 0.897559, 17.0681, -0.000218284, 3.11072e-05, -0.000483758, 
197, 16526.9, -16.3933, -2.26711, -7.90981, 0.00038032, -0.000103059, 0.000244659, 
198, 18896.2, 16.4453, 8.48501, 5.28289, -0.000358083, -0.000165023, -0.000104453, 
199, 122718, -3.41712, 6.18268, 10.6549, -7.19867e-05, -0.000264457, -0.000437084, 
