ID, Mass [kg], pos_0 [m], pos_1 [m], pos_2 [m], vel_0 [m/s], vel_1 [m/s], vel_2 [m/s], 
0, 5682.38, -38.7381, -24.3605, -12.2276, -0.00128126, -0.00286818, -0.00117844, 
1, 51291.5, -48.783, -37.5545, 51.2984, -0.00396194, -0.00360434, 0.00482813, 
2, 73779.3, 7.40396, 3.2282, -2.52833, -0.0023844, -0.00106528, 0.000282926, 
3, 9731.99, -8.07524, 37.3433, 24.0246, -0.000370153, 0.00237623, -1.66485e-05, 
4, 104587, -3.57462, -4.45694, 0.255962, -0.00101031, 0.00199004, -8.20912e-05, 
5, 42215, 3.57684, 7.21564, 3.87872, 0.000388568, -0.000704468, 0.00182971, 
6, 57220.4, 38.1148, 35.6017, -39.949, 0.00277997, 0.00400507, -0.00260682, 
7, 44855.5, -0.637411, -0.811932, 5.32808, -0.000355021, 0.00868067, -0.00148032, 
8, 276797, -0.314207, -3.17108, 5.06607, 0.00444798, 0.00276055, -0.00132574, 
9, 2643.18, 3.34753, -3.61947, -0.39436, -0.000507452, -0.00269763, -0.00785241, 
10, 33961.7, 1.21104, -3.776, 3.27191, -0.00295123, 0.0099166, 0.00390109, 
11, 8691.35, -10.3736, 73.8786, -64.697, -0.000366844, 0.00591202, -0.00578338, 
12, 141682, 1.23177, -0.324827, 4.14434, 0.00778935, -0.00595488, -0.00651259, 
13, 288611, -4.70795, -11.4067, 5.28864, 0.00416442, 0.00263387, 0.000980307, 
14, 512847, 0.0366031, -1.07779, 0.773965, -0.00054963, -0.00288571, 0.000312954, 
15, 15651.7, 8.50029, 11.4895, -5.31042, 0.000271029, -0.00294524, 0.00153746, 
16, 182451, 33.7064, -22.745, 59.5121, 0.00332308, -0.00152162, 0.00404292, 
17, 62197.8, -6.89181, -3.74645, -2.31649, 0.00600535, 0.00297871, -0.000310766, 
18, 185440, -6.19724, -13.0264, 2.06572, 0.00459549, 0.00410025, 8.5524e-05, 
19, 36701.4, 42.6119, 62.769, -59.4939, 0.00385423, 0.00537483, -0.00518345, 
20, 106936, -85.7356, -50.3199, 24.7624, -0.00745712, -0.00444474, 0.00213921, 
21, 161838, 1.69952, 3.61912, 3.51233, 0.00058993, 0.00633924, 0.00369227, 
22, 144875, 3.2598, 5.49804, 5.14832, -0.000892318, -0.00677938, -0.00272381, 
23, 100936, 0.59509, 15.6282, 3.25874, -0.00058914, -0.00428414, -0.00228112, 
24, 95186.1, 56.3731, 46.7692, 45.1401, 0.00488087, 0.00340985, 0.00341384, 
25, 151808, 44.3534, -32.1762, 67.2984, 0.00426401, -0.00240303, 0.0055994, 
26, 118354, 4.42345, -3.23324, -1.42439, 0.00235153, -0.00620706, 0.00138437, 
27, 149234, 6.30631, 0.733792, -1.61569, -0.00324435, -0.00377728, -0.00175633, 
28, 9985.68, 0.483109, 5.93268, 1.69186, -0.0050195, -0.00631384, 0.00298173, 
29, 180895, -8.95987, -1.83229, -5.08966, 0.00190457, 0.00245695, 0.00124017, 
30, 486.041, -8.95693, -1.38557, 0.342123, 0.000389165, 0.00230955, -0.00212094, 
31, 70262.9, 3.25967, -6.41712, 7.89637, -0.000511701, 0.000876071, 0.00117191, 
32, 45902.1, -2.24953, 11.3013, 0.906177, 0.00271339, -0.00362138, 0.00165813, 
33, 24444.7, 3.28622, 5.99678, -4.65706, 0.0039179, -0.00497483, 0.00112233, 
34, 65679.9, -2.56575, -9.43195, 7.43996, -0.000724217, 0.00445541, 0.000188579, 
35, 3309.29, -9.97106, -37.4987, -7.55909, 0.00151108, -0.00255525, 0.000120274, 
36, 8280.38, -56.0355, 57.9964, -28.199, -0.00430483, 0.0047896, -0.00298095, 
37, 94538.9, -0.262452, 5.46907, 2.60085, 0.00277237, -0.00382725, -0.0036069, 
38, 30213.7, 84.9418, -17.3691, -11.5338, 0.00793401, -0.000874884, 2.41984e-05, 
39, 53471.9, 5.14728, -7.38005, 7.30337, -0.00151519, -0.00670534, -0.00192246, 
40, 43100.3, -21.0453, 29.5501, -31.1902, -0.00062981, 0.00136227, -0.00183282, 
41, 44746.6, 18.1441, 42.6682, 3.04062, 0.000907059, 0.00205132, -0.00123292, 
42, 34053.9, -0.306592, 30.5293, 50.5036, -0.000384889, 0.0024687, 0.00330915, 
43, 54380.2, -0.413017, -2.2493, 3.19723, -0.00678293, 0.00304771, 0.00426236, 
44, 38723.2, 26.0799, -5.55555, -39.0527, 0.00103913, 6.30443e-05, -0.00239914, 
45, 2321.23, -7.6644, -13.9851, 4.18903, 0.00268037, 0.00304992, 0.00185132, 
46, 241169, -2.42975, 4.07792, -1.30572, 0.00519713, -0.000507437, -0.000794544, 
47, 344827, -1.5134, -1.0422, 4.70859, -0.00386834, 0.000138722, 0.00327369, 
48, 39271.1, 5.47928, 4.43595, 3.08434, 0.0046817, -0.00596283, 0.000589576, 
49, 19687.8, -70.2654, 63.7992, -31.0232, -0.00622709, 0.00586107, -0.00337111, 
50, 61216.8, -1.51314, 5.38197, -10.2195, 0.000610133, -0.00113795, -0.00380447, 
51, 19182.2, -51.1737, 73.9064, -48.2338, -0.00428655, 0.00665354, -0.0046733, 
52, 12420.5, 9.60442, -0.130846, -1.09043, -0.00329575, -0.0014448, -0.00424018, 
53, 85447.4, -86.0396, -8.44581, -36.9714, -0.00729404, -0.00075142, -0.00296756, 
54, 361436, 2.7949, -0.52222, 0.604912, 0.00230537, 0.00114444, 0.00515313, 
55, 158926, 25.0593, 12.1, -31.9561, 0.00153559, 0.000642655, -0.000790733, 
56, 49282.6, -29.4818, 56.9944, -62.696, -0.00173536, 0.0047746, -0.00585575, 
57, 218355, -0.219729, 2.24477, 3.08839, 0.00217886, -0.00128755, -0.00210205, 
58, 22371.5, 86.84, -22.3492, -14.4373, 0.0082542, -0.00162727, -0.000834117, 
59, 55919.9, -16.6648, 35.6838, -50.2268, -0.000242432, 0.00192172, -0.00347923, 
60, 21598.8, 7.6207, 8.50255, 8.30316, 0.00161881, 0.000297547, -0.000422437, 
61, 398.952, 2.59322, -7.77292, 10.5775, -0.000353955, -0.00521525, 0.00587252, 
62, 1108.92, 6.42967, -7.47539, 53.4904, 0.000701499, -0.000282937, 0.00293751, 
63, 108555, 3.82223, 6.52117, 2.43056, -0.00666378, -0.000401121, -0.00332833, 
64, 244863, 10.1488, -4.60681, 20.0789, -0.00118855, 0.000426459, -0.00247981, 
65, 220694, -27.8318, 54.1205, -47.2602, -0.00154713, 0.00436558, -0.00393413, 
66, 61700, -4.78807, 74.0725, 33.8391, 8.78333e-05, 0.00587888, 0.00253201, 
67, 55388.9, -46.7928, 13.4449, 36.417, -0.00370368, 0.000945708, 0.00293356, 
68, 211156, 2.07998, -1.43737, 2.08162, -0.00552759, -0.00286484, 0.00162934, 
69, 12720.6, 5.77452, 13.592, 8.26923, -2.88841e-05, 0.000583889, 0.00128769, 
70, 25096, -1.5282, 20.5118, 12.5997, -0.00149708, 0.000679182, 0.000465414, 
71, 179870, -7.5678, -7.12656, -3.72064, 0.000979644, 0.000971683, -0.000878952, 
72, 79123.8, -65.6194, -18.6156, -4.76352, -0.00418992, -0.00122981, -0.000481357, 
73, 110870, 5.89132, -5.11524, -2.40049, 0.00355921, 0.00202696, -0.00434961, 
74, 43359.1, 24.2662, 45.1791, 21.8204, 0.000899906, 0.00387882, 0.000345455, 
75, 140124, 3.08821, 3.8094, -1.24964, 0.00326822, 0.00113318, -0.0014367, 
76, 229268, -17.4924, 29.4565, -34.0594, -0.000505817, 0.00123255, -0.00144964, 
77, 302149, 0.965034, 5.63344, 0.941138, 0.00278579, -0.00440896, -0.000791324, 
78, 100708, -4.55826, -12.6624, 6.99768, 0.0058802, 0.00201372, 0.0010879, 
79, 46633.4, -1.48976, -1.94058, -4.85545, -0.00495057, -0.00340488, 0.00142206, 
80, 143926, -1.16018, 14.4992, 4.05767, -0.00264413, -0.00100399, 0.00275774, 
81, 270.261, -56.7338, 9.39177, 23.9982, -0.00346465, 0.000454241, 0.00131445, 
82, 159650, 4.3727, -4.62614, -1.26765, -0.00332056, 0.00313256, 0.00201637, 
83, 24756, 6.59242, 5.41515, 2.21152, 0.00303872, -0.00455648, -0.00056599, 
84, 18375.3, 8.81247, 6.38164, -0.761316, 0.00218662, -0.00450322, 0.000440447, 
85, 491877, 66.4491, -19.9366, -23.0446, 0.00548608, -0.00123916, -0.00152792, 
86, 194807, -2.54464, 1.63539, 2.9119, 0.00447421, -0.000623996, 0.00281119, 
87, 8649.23, -0.245413, 8.20766, -1.45946, -0.00498707, -0.00531751, -0.000785529, 
88, 138901, 8.37159, 4.51429, 0.92444, 0.00546676, -0.000552502, 0.00396121, 
89, 50202.9, 6.10795, 4.08727, 7.43075, 0.00141476, -0.00315159, -0.00170633, 
90, 98321.9, 5.66428, 16.4983, -12.5127, -9.99432e-05, -0.000157513, 0.000536588, 
91, 384069, 2.47223, -2.39674, 1.32365, 0.000761156, 0.00122217, -0.00235604, 
92, 81279.9, -1.13425, 2.78134, -0.412274, 0.00826817, 0.00461833, 0.00377232, 
93, 91375.2, 1.58887, -1.56816, 1.62142, 0.00225706, 0.00480819, -0.00469716, 
94, 5476.7, -10.3736, -19.3597, 7.76876, 0.00131418, 0.00176457, -0.000955286, 
95, 33452.5, -11.2572, -3.88075, 1.5653, 0.00148474, 0.00280968, 0.000443072, 
96, 25752.1, -61.9713, -21.4453, -19.2446, -0.00564656, -0.00226362, -0.00191963, 
97, 200797, 2.5555, 2.48112, 4.17698, -0.00175521, 0.000528866, 0.00398262, 
98, 298981, 3.01135, 3.542, 0.141892, -0.00141489, -0.000836741, 0.000814836, 
99, 93146, 3.34208, -9.66132, 4.65891, -0.0022403, -0.0060139, 0.00209432, 
100, 8612.85, -13.6495, 12.2706, -17.0914, 0.00145533, -0.000506312, 0.00102078, 
101, 24343.5, 0.440636, -3.61882, 7.18542, -0.00135464, 0.00574996, -0.00332246, 
102, 10296.7, 8.37516, -8.94144, 5.19666, 0.00525683, -0.00654633, 0.00105191, 
103, 15719.8, 3.45563, 0.654584, -1.57041, 0.00635159, -0.00569437, -0.0083956, 
104, 230040, 1.30604, -0.74644, 5.50797, -0.00207004, 0.00264267, 0.00797691, 
105, 17846.1, 9.56433, 20.15, -4.47567, -0.0017911, 0.00209268, 0.000710765, 
106, 22216.6, -13.4599, -4.44124, 6.21257, 0.00239112, 0.000825905, 0.000203137, 
107, 98486.7, 2.98687, 10.6448, 1.1348, 0.000146294, -0.00557882, -0.00435871, 
108, 214214, -71.6378, 0.304834, -57.9089, -0.00633098, 7.88494e-05, -0.00520975, 
109, 131614, -0.442591, -0.0648386, 0.307536, 0.00184932, -0.00766687, 0.0015253, 
110, 160023, 1.26467, -0.763027, 3.50215, -0.000687072, 0.000208016, -0.00294591, 
111, 115735, 1.34422, 6.00017, 3.19224, 0.00247101, 0.0014248, 0.00176773, 
112, 378585, 36.434, 15.8606, -51.9054, 0.00260468, 0.00182285, -0.00374379, 
113, 83295.8, -26.8034, 11.5909, 3.13908e-05, 0.00111555, 0.00057499, 0.000828651, 
114, 148827, 4.67084, -2.5188, 3.05238, -0.00946561, -0.000121283, -0.000537892, 
115, 285284, -3.01795, -44.3536, 66.4645, -2.87521e-05, -0.00390019, 0.00536342, 
116, 515864, 0.896341, -0.982111, 1.74981, 5.2484e-05, -0.00159348, -0.00495693, 
117, 88363.5, 0.40747, -13.3474, 13.0497, -0.00146218, 0.0012984, -0.00349075, 
118, 155064, 21.4234, 19.9453, -8.10152, -0.000639649, 0.000935228, -0.00210664, 
119, 18098.3, -2.75714, -6.56929, -1.41794, -0.00455582, -0.000497364, -0.000605706, 
120, 34391.6, 71.1943, -28.8309, -10.1143, 0.00600951, -0.00185113, -2.63013e-05, 
121, 78154, 1.71282, -4.79253, 6.50558, 0.00584106, -0.00336529, 0.00642338, 
122, 10497, 1.87556, 1.54033, 4.06807, 0.00515204, 0.0056821, 0.00232511, 
123, 59058.1, 3.47562, 0.958706, 3.88189, 0.000435646, -0.0104711, -0.00514159, 
124, 5646.35, 9.44428, -2.46157, 4.36616, -0.00137205, -0.00582265, -0.00098351, 
125, 103346, 7.13298, -5.39714, -3.48144, -0.00359037, 0.000597224, -0.00203905, 
126, 64702.5, -82.9636, 0.638825, 30.4986, -0.00694085, 6.2962e-05, 0.00302125, 
127, 199056, -0.716329, -4.78909, 6.88678, -0.00108527, -0.000920741, 6.80962e-05, 
128, 192649, 3.08749, 2.51606, 6.44576, 0.00294286, -0.000504889, 0.00220197, 
129, 1707.71, 1.98029, 7.21976, 3.27819, -0.000178259, 0.000567804, 0.00567056, 
130, 19869.9, 3.27864, -1.94846, 0.439091, -0.00536936, -0.00435209, 0.00167274, 
131, 143979, 2.56306, 3.45869, -2.24756, -0.00132574, 0.00107601, 0.00371749, 
132, 37850.6, -101.966, 48.7135, -26.2459, -0.00951018, 0.00428674, -0.00224177, 
133, 50031.5, 3.88802, 0.921343, 4.02049, 0.0055441, -0.000125062, -0.0035372, 
134, 369068, -7.54578, 1.99764, -3.53101, 0.00624566, -0.000884826, 0.00313222, 
135, 3806.98, 2.76431, 5.40012, 4.11297, 0.00736058, 0.0070061, 0.00393052, 
136, 64591.7, -1.81518, 9.02015, -2.38295, 0.00222646, 0.00138179, -0.00534445, 
137, 1688.15, 4.73617, -21.1356, 10.7377, 0.00213335, 0.00128, -0.000176545, 
138, 439943, 5.70604, 1.33929, 7.27232, 6.39725e-05, 0.00366535, 0.00074577, 
139, 72054.1, -3.81219, 3.09299, 6.28161, -0.00284307, -0.00457981, 0.00217991, 
140, 10511.3, -4.80532, -24.7309, 28.7879, -4.65951e-05, -0.00101382, 0.000114445, 
141, 28560.6, -10.2831, -11.2438, 5.94768, -0.000986964, 0.00076353, 0.000157822, 
142, 92270.6, 0.895455, 5.46364, 1.34208, 0.00602152, 0.00568486, -0.00277147, 
143, 57507.6, -65.2632, 21.2484, 40.2368, -0.00519181, 0.00175701, 0.00323406, 
144, 106955, 0.629617, 3.82884, -9.13758, -0.00108451, 0.000999716, -0.00360735, 
145, 53021.1, 1.625, -5.56169, 3.50351, -0.000328892, -0.00129656, 0.00517099, 
146, 127593, 4.68206, -4.3152, 5.09203, 0.00501329, 0.00499425, -0.00310169, 
147, 31386.3, -1.08013, 5.55258, 3.60879, 0.00136374, 0.00475223, -0.0019716, 
148, 89613.6, 5.74532, 1.49443, -16.8398, 0.0020444, -0.00294811, 0.00230292, 
149, 251415, 7.3257, -1.30496, 6.52039, -0.00533517, 0.00104809, -0.00656807, 
150, 55890.6, 8.84639, 2.97005, 3.56789, -0.00507197, 0.00588319, -3.5786e-06, 
151, 174949, 8.10622, -6.22609, 6.34173, 0.00256949, -0.00063708, 0.00452444, 
152, 66072.8, -0.156539, 1.75012, -9.10258, 0.000805831, -0.000264524, -0.00499817, 
153, 19075.8, -7.01018, -5.26423, 20.7982, 1.03543e-05, 0.000670174, -0.00041256, 
154, 47261.5, 6.80427, 11.3796, -6.32055, -0.00273075, -0.00088893, -0.000234724, 
155, 102102, -4.23479, 1.49333, 5.71748, -0.000812902, 0.00176399, 0.00317056, 
156, 5375.03, 3.7199, -2.11242, 4.27955, 0.00463532, 0.00334786, -0.00787792, 
157, 3761.7, -9.43895, 12.8979, 7.25772, 0.000388708, 0.0020391, -0.00151651, 
158, 7652.65, -1.76683, 1.37429, -8.40367, 0.00137968, 0.00124261, 0.00250707, 
159, 47070.1, 2.70175, 4.06677, 4.51746, 0.00182151, 0.00160339, 0.00212674, 
160, 17972.9, 2.45923, 4.81365, 1.89371, -0.00340912, -0.00109502, -0.00145488, 
161, 218629, 10.1939, 18.0983, 0.123776, 0.00142074, 0.00115644, 0.000478672, 
162, 138887, -1.1333, 0.732905, 5.06945, -0.00427481, 0.00270403, 0.000184083, 
163, 33277.3, 0.0241799, -4.95341, 11.0077, -0.00394647, 0.00517516, -0.00187938, 
164, 167891, 2.5266, 1.7435, 7.16397, -0.00419218, -0.00178945, 0.00448306, 
165, 62570.5, -2.07445, -78.5909, -19.2809, 0.000235032, -0.00651743, -0.00164123, 
166, 38130.4, 18.9725, 65.7168, 35.1069, 0.00198759, 0.0048954, 0.00248399, 
167, 22403.8, 13.0207, -30.0474, 51.7767, 0.0012449, -0.00239429, 0.00303503, 
168, 1479.59, 40.0926, 25.2817, -56.5373, 0.00350046, 0.00241206, -0.00440144, 
169, 20399.9, 2.08695, -52.1929, 58.8906, 0.000115991, -0.00486738, 0.004337, 
170, 115854, 3.7633, -0.0280556, 2.85763, -0.000457395, -0.00206011, -0.00122059, 
171, 27762.9, 3.26695, 4.46581, -0.172412, 0.00119732, 0.000516216, -0.00548097, 
172, 250928, 1.80732, -4.89313, 9.12617, 0.00115024, -0.00222257, -0.00173962, 
173, 74469.2, -58.7874, 43.8399, -17.9966, -0.00454645, 0.00450464, -0.00153788, 
174, 143481, -78.169, 55.1418, -37.9703, -0.00683265, 0.00496054, -0.00360704, 
175, 27145.1, 3.50147, -0.268602, 3.66059, 0.00729323, -0.003601, -0.00289815, 
176, 32620.6, 0.722133, 4.87543, 4.07245, 0.00588949, -0.00268168, 0.00117324, 
177, 52575.7, -0.0130392, -50.1135, 87.4433, -4.44197e-05, -0.00461148, 0.00806118, 
178, 19746.4, -0.646636, -5.15709, 6.77907, 0.000178046, 0.00324988, 0.000963976, 
179, 33623.1, -9.16012, 5.87298, 5.53654, 0.00580235, -0.00123293, 0.00162051, 
180, 50349.8, -67.2583, -44.5232, -34.7832, -0.00552532, -0.00369878, -0.00279142, 
181, 89376.8, 10.405, -12.8996, 0.0480805, -0.00105759, -0.00178641, -0.00146553, 
182, 42160.2, 1.65577, -0.903079, 77.7251, -1.66272e-06, -5.07886e-05, 0.00649115, 
183, 100544, -22.212, -18.9835, 5.33686, 0.00152321, -0.000239791, 0.00121791, 
184, 1446.88, 7.40998, -5.67367, 0.805731, 0.00333848, -0.000307184, -0.00438382, 
185, 119694, 5.5254, 3.33585, 0.806814, 0.00845833, 0.00116017, -0.00169519, 
186, 120999, -9.26927, 0.800099, 2.47905, -0.00251093, -0.00152601, 0.00115798, 
187, 52698.3, 5.61781, -0.189681, 0.522845, 0.00691517, -0.00189674, -0.00782542, 
188, 105467, -1.30618, 1.64154, -2.7584, 0.0052976, -0.00334822, 0.000884522, 
189, 99748.4, -9.60394, -45.475, 24.0464, -0.000807444, -0.00262818, 0.00125464, 
190, 77133, 3.66177, 2.41593, 0.816592, 0.000438168, 0.00151502, -0.000196995, 
191, 178804, -0.923665, -2.16748, -4.43514, 0.00119563, -0.0050852, 0.000108615, 
192, 8685.6, -0.837662, -0.607793, 0.019574, -0.00461874, -0.00363087, -0.00566172, 
193, 256954, 23.8394, 2.47207, 31.3224, 0.00189976, -0.00151754, 0.00107819, 
194, 53540.6, -0.246021, -1.05254, -3.38404, 0.00348241, 0.000978294, 0.0040268, 
195, 220652, -4.59935, -2.76525, 1.55203, -0.00304004, -0.00456882, -0.00282602, 
196, 10258.1, -5.19845, -0.411232, 2.52818, 0.00708017, -0.00256243, 0.00115546, 
197, 6083.3, -23.7574, -8.92814, 19.0737, -0.00035301, 0.000760642, -0.000794252, 
198, 127562, -3.53377, -11.8971, 5.62978, -0.00118834, -0.00490563, 0.00246693, 
199, 34766.2, 1.27753, -1.64336, 9.19858, -0.00214431, -0.00124101, -0.00484989, 
