ID, Mass [kg], pos_0 [m], pos_1 [m], pos_2 [m], vel_0 [m/s], vel_1 [m/s], vel_2 [m/s], 
0, 86447, -7.29793, 35.3231, -13.7635, 0.000585239, -0.00226621, 0.00103857, 
1, 189575, -38.0594, -17.6169, 1.16518, 0.00163528, 0.00131377, -0.00081082, 
2, 31834.7, 7.61422, -22.3572, -32.7691, 0.00133875, 0.00317427, 0.00244453, 
3, 198333, 26.1565, 27.2485, 9.00117, -0.000708676, -0.00283718, 0.00176158, 
4, 26595.9, -10.7733, 18.3201, -1.5737, 0.00068161, -0.000203485, -0.000935331, 
5, 74974.9, -23.2733, -18.3943, -23.7341, 0.0011586, 0.000907541, 0.000598354, 
6, 97542.7, 42.7144, -31.2069, 40.2102, -0.000840667, 0.000851287, -0.00121099, 
7, 2615.97, 2.33148, 35.2346, -30.6665, 0.000294893, -0.00167263, 0.00141752, 
8, 21192.8, 30.5694, -28.2038, -6.09285, -7.43042e-05, 0.0014592, -0.00241052, 
9, 81679.8, 24.218, 25.9788, 11.9792, -0.000494723, -0.000371963, -0.00291083, 
10, 127647, -28.668, -23.2492, 31.7691, 1.89477e-05, 0.00199212, -0.00168774, 
11, 16957.3, -9.9671, -16.163, 4.48195, 0.00148929, 0.0015837, -0.00229501, 
12, 46224.1, 40.3971, 40.5016, -23.7158, -0.00115531, -0.00141403, 0.00120497, 
13, 23966.4, 21.3359, 27.0551, 3.8191, 0.000295026, -0.00149034, 0.000287085, 
14, 11985.5, -6.3308, -10.6821, 38.4576, -0.00208267, 0.00057756, -0.000643021, 
15, 3133.43, -10.2258, -3.49776, 20.3786, 0.000488798, 0.000546657, -9.75994e-05, 
16, 16899.7, 0.646907, -11.5144, 33.0922, -0.000627906, 0.000948497, -0.00124856, 
17, 19424.5, 2.52171, 32.0962, -6.90893, 0.000348747, -0.00333213, 0.000710511, 
18, 130822, 31.0348, -31.8799, 5.30622, -0.00140197, 0.00117544, -0.00076142, 
19, 25233.8, -21.445, 12.2067, -21.8743, 0.00117269, -0.000659845, 0.00180171, 
20, 47646.9, 40.9271, -35.9748, -23.0387, -0.00131592, 0.00137044, 0.000749158, 
21, 165666, 5.62507, 0.905786, -21.2417, -0.000565587, 0.000449675, -0.000142932, 
22, 68385.5, 3.56266, -2.88741, -22.4578, -0.00306051, -0.000144594, -0.00132093, 
23, 221148, 40.1747, -33.6429, 24.1119, -0.000901626, 0.00110566, -0.000672671, 
24, 74530.5, 20.6125, -6.63106, -21.7208, -0.0021678, 0.000466519, 0.00117062, 
25, 43250.2, 31.5353, 18.8726, 40.4644, -0.00058559, -0.000324562, -0.00166193, 
26, 16449.5, -37.9771, -43.2644, -23.9992, 0.000880783, 0.00116352, 0.000381181, 
27, 30641.9, -22.1713, 23.9086, -3.21079, 0.00162615, -0.00173987, -9.42355e-05, 
28, 85788.3, 2.23307, -2.55445, -24.6225, -0.0021872, 0.00101177, -0.00115137, 
29, 18634, -31.2835, 36.263, 5.8817, 0.00146747, -0.00181188, 0.000550727, 
30, 2394.47, 31.777, -20.4356, -5.2708, -0.000874985, -0.000605176, -0.00104874, 
31, 128472, 34.2832, 12.8785, 21.3506, -0.00151281, -5.77302e-05, -0.00184528, 
32, 63731.5, 9.05011, 6.83942, -30.6722, -0.00119091, -0.00035326, 0.00246462, 
33, 1929.75, -12.7986, -1.45867, 32.5621, 0.000193748, -0.000244938, -0.00200354, 
34, 137164, -12.149, -3.05709, 16.9986, 0.000577446, -0.000780304, -0.000481734, 
35, 50524.2, 0.0719872, -1.54248, -19.7246, 0.00197532, 8.90776e-05, 0.00289868, 
36, 6629.78, 29.9961, -15.8234, -17.9366, -0.00212235, 0.000214989, 0.00143177, 
37, 38240.2, 26.5574, -18.3105, -36.6928, -0.00209298, 0.00100604, 0.00219865, 
38, 18423.8, -0.13797, 3.42388, -26.829, -0.00289028, -0.00127539, 0.00177347, 
39, 194740, 31.968, -27.3656, -5.2287, -3.61228e-05, 0.00270661, -5.95843e-05, 
40, 166672, 13.7796, -18.0832, -30.9074, 0.000417335, 0.00289685, 0.0020103, 
41, 63465.7, 20.9628, 19.3623, -10.6509, -0.00131414, 0.00162457, 0.00107642, 
42, 21989.4, 19.283, 26.2018, -6.86159, -0.000420798, -0.0028408, 0.000313813, 
43, 7506.47, 33.9143, -25.3969, -5.26084, -0.00128402, -0.000611551, 0.00244107, 
44, 1030.15, 30.4808, 7.68486, -11.8652, -0.0017428, 0.00058488, 0.00107924, 
45, 60141.1, 1.54713, 22.7071, -3.50992, 0.000591504, 0.000596683, -0.00221686, 
46, 69136.8, -27.3551, -2.80653, 19.974, 0.000855282, 0.00103834, -0.00102298, 
47, 4636.02, 24.3573, -41.8272, 32.7945, -0.000164896, 0.00135901, -0.00084621, 
48, 148424, -19.0247, 10.7538, 34.5626, -0.00011416, -0.000317477, -0.00192349, 
49, 101751, 28.9964, 31.7314, -1.23197, -0.00126895, -0.00263333, 0.000497605, 
50, 113749, -14.399, -27.3732, -37.4644, 0.00150928, 0.000781416, 0.000645478, 
51, 14312.6, 10.587, 13.149, -33.1356, 0.0011578, 0.000831526, 0.00232494, 
52, 115787, 37.0462, -5.44529, 35.0852, -0.000770115, -1.15655e-05, -0.00157788, 
53, 10116, 40.1544, 39.6912, -20.9247, -0.00124932, -0.00109386, 0.000521339, 
54, 33789.7, 11.6541, 26.1227, -13.2593, 0.0013865, -0.00161175, -0.00195047, 
55, 186460, 25.7754, 27.3962, 8.69032, -0.00189251, -0.00147331, -0.00347254, 
56, 245187, 32.527, -24.9806, -7.17816, -0.00208342, 8.48811e-05, 0.000447607, 
57, 290437, -13.1591, 1.05846, 16.4422, 0.000151438, 0.000728131, -0.000887663, 
58, 80698.8, -12.1616, 10.1763, 20.4958, 1.21559e-05, -0.000889074, -0.0014436, 
59, 117814, 23.8775, 20.0454, -8.84706, 4.37354e-05, -0.00104261, 0.000275104, 
60, 74301.5, -27.3396, 24.0962, 14.9019, 0.00158074, -0.000637582, -0.00151865, 
61, 87026.1, 2.44724, -26.3134, -36.8069, -0.00072949, 0.00314243, 0.000860244, 
62, 54123.3, 20.869, 19.7314, -14.0905, -0.00136781, -0.00239203, 0.00219688, 
63, 142469, 10.8542, 14.0284, -33.4312, -0.000741185, -0.00186423, 0.00279546, 
64, 25240.3, 21.7106, -4.77062, 23.0226, -0.000798599, 0.000767334, -0.00157381, 
65, 84495.7, -36.0872, 13.6555, 35.6863, -0.00283044, 4.84407e-05, -0.00328702, 
66, 190154, 21.3438, 24.1008, -23.4531, -0.000863587, -0.00114649, 0.000742488, 
67, 106916, -16.5943, 21.4906, -9.33833, 0.000914822, -0.000955773, 0.00168883, 
68, 142208, 36.6048, 15.9595, -3.19652, -0.00269946, -0.00316152, -0.00162998, 
69, 222966, -31.9361, 15.954, 15.2273, 0.00094721, -0.000898892, -8.57501e-05, 
70, 23261.8, -7.83189, -25.3912, -13.096, 0.000704158, 0.00172667, -9.57417e-05, 
71, 37181.8, -22.7202, 22.5309, 4.72439, 0.000500719, -0.00101049, -0.000932253, 
72, 387724, 20.4829, 12.3531, 11.1332, -0.000487377, 0.000127234, -0.00104611, 
73, 94415, 30.4637, -14.1043, -20.8607, -0.00384417, -0.000873972, 0.000271019, 
74, 92650.1, 0.698696, 22.1803, -3.31232, 0.00210547, -0.00107061, 0.000667411, 
75, 18296.3, -38.4808, 5.48888, 35.5734, 0.000773424, 0.0022407, -0.000692901, 
76, 120001, -35.3844, -16.278, -3.48246, 0.00123772, 0.000932948, 0.000707943, 
77, 272530, 15.3591, -1.19107, 8.09796, -0.00019901, 0.00121277, -0.000993511, 
78, 17526.5, -26.7115, -26.5006, 31.0231, 0.00216122, -0.00115335, -0.000256985, 
79, 64817.7, 7.59364, -17.978, -19.4112, 0.000638826, 0.00179814, -0.000553026, 
80, 92249, 36.7619, 9.17576, 11.181, -0.0020977, 0.000771728, -0.00113923, 
81, 18467.1, -35.6582, 8.68606, 13.1522, 0.00267129, 0.00175355, -0.00113634, 
82, 36826.6, 16.4637, 35.1523, 13.3276, 0.000228425, -0.00281952, -0.00111471, 
83, 11297.7, 32.0663, -28.2509, -3.25781, 3.19189e-05, 0.00321188, 0.00212465, 
84, 79293, 12.4416, -21.2482, -34.3173, 0.000772732, 0.00320117, 0.00221053, 
85, 99758.2, 17.3011, 12.8823, 16.5996, 0.000383294, -0.000494636, -0.002738, 
86, 23343, -29.358, -1.75279, 18.9867, 0.00188155, 0.000853086, -0.000174637, 
87, 148233, 32.1512, 22.4841, 5.66001, -0.00365192, 0.000248456, 0.00192308, 
88, 11527.8, -34.0922, 11.6174, 36.371, 0.00216644, -0.00254772, -0.00125552, 
89, 14718.3, 30.6422, 20.6091, -3.5053, -0.000922092, -0.00206483, 0.0010097, 
90, 46494.3, -1.90917, 4.20104, -34.4111, 0.000742891, 0.000887061, -1.56567e-05, 
91, 34379.9, -19.1275, -16.3749, -24.9862, 0.00121401, 0.000830488, 0.000516217, 
92, 23079.1, 25.1649, -12.088, -1.2414, -0.000843003, 0.000745297, -0.000630386, 
93, 79660.5, -37.3039, 2.81222, 13.9496, 0.0020636, 0.000951869, -0.000202751, 
94, 77532.3, -40.0972, -35.2898, 43.211, 0.000889558, 0.00107049, -0.000902436, 
95, 85363.6, 31.873, 19.0802, 7.13931, -0.00163822, 9.46242e-06, -0.00198374, 
96, 11260.4, -12.6612, 16.7509, 18.4336, 0.000103791, -0.00161165, -0.00105002, 
97, 31876, 23.5362, 13.7983, -12.8717, -0.00182459, 0.00058542, 0.00148329, 
98, 49282.2, 38.4882, 12.2606, -13.7288, -0.0021833, 5.13784e-05, 0.00166698, 
99, 38415.4, -1.4431, 26.0787, -5.66662, 0.000870385, -0.000103669, 0.000111473, 
100, 8080.94, -24.7049, 5.32585, -16.6221, 0.00202876, 0.00036061, 0.00194596, 
101, 70282.6, 42.2037, 38.6807, 36.2413, -0.000660573, -0.00217009, -0.000507476, 
102, 317827, 4.93196, -30.2433, -35.8006, 0.000618049, 0.00151401, 0.00108312, 
103, 237904, -42.0615, 39.7061, 16.7886, 0.00114299, -0.00163414, -0.000298959, 
104, 119615, -16.9269, 23.9157, -5.61532, 0.000628571, -0.00211833, 0.000629691, 
105, 31893.4, 6.76845, -31.8307, -4.1658, 0.000236246, 0.00175956, -0.000546911, 
106, 173086, -33.0513, 16.4398, 16.8643, 0.00147038, -0.00198391, -0.00202501, 
107, 486074, -34.677, 12.8746, 36.422, 0.00126453, -0.000955033, -0.00143109, 
108, 40410.8, -27.7812, -24.3472, 33.6606, -0.000812795, 0.00221872, -0.00394643, 
109, 28247.2, -41.8301, 45.1334, 14.8385, 0.000997008, -0.00196878, -0.000109683, 
110, 23910.7, -21.7214, 29.2265, -23.9572, 0.000948863, -0.00176156, 0.00145295, 
111, 40242.6, -6.47459, -40.4155, 24.9593, 0.000132038, 0.00141117, -0.00057218, 
112, 24016.7, -36.0941, 3.99804, 12.0827, 0.00174938, 2.97759e-05, 9.2281e-05, 
113, 129600, 9.14136, -35.2128, -19.9899, 7.37887e-05, 0.00213533, -0.000167531, 
114, 114317, 19.9013, 26.9244, 13.3045, 0.00122402, -0.001792, -0.00120486, 
115, 174934, -37.9396, 8.80777, 36.5501, 0.00240206, 0.00131674, -0.00131724, 
116, 143212, 0.559082, 2.13181, -26.1822, 0.00292346, -0.0012011, 0.00432982, 
117, 8073.33, -33.3704, 15.9598, 27.9861, -1.43942e-05, -0.000684124, -0.000910943, 
118, 37893.5, -8.29194, 13.5739, 21.5461, -0.00059226, -0.00134148, -0.00163023, 
119, 62400.5, 21.6447, 32.8799, 22.244, -0.000287284, -0.0017464, -0.00201737, 
120, 242481, -0.193765, 2.69799, -25.7323, -0.000175317, 0.00123622, 0.00112654, 
121, 220498, 13.6119, -15.9975, -28.0739, -0.00111335, 0.000215196, 0.00177814, 
122, 32681.3, 7.09039, 3.15181, 25.3236, 0.000133068, 0.000172974, -0.00180712, 
123, 348699, 36.7211, 18.1187, -1.49987, -0.00155954, -0.000321506, -9.16381e-05, 
124, 49173.7, 40.3997, -25.2903, 41.4233, -0.000490838, -8.12132e-05, -0.00138214, 
125, 91676.5, 20.7516, -7.47339, -21.0927, -0.00110359, -0.000970796, -0.000999006, 
126, 613.996, 38.0178, -21.1428, 2.32161, -0.00196831, -0.000188139, -0.000808654, 
127, 36070, 10.5494, -36.1774, 32.9871, 6.15951e-05, 0.0013513, -0.00094002, 
128, 60243.7, 39.3142, -8.9141, 32.4926, -0.00147757, 0.000686511, -0.000684722, 
129, 66572.3, 5.80915, -27.8153, -34.0064, 0.000801404, 0.00320215, 0.00260565, 
130, 41874.2, -33.6827, 23.63, -27.6297, 0.00116095, -0.000674182, 0.00196528, 
131, 116662, -36.7669, 7.60507, 15.9131, 0.00201597, 0.000335485, -0.000176407, 
132, 109779, -10.1413, -6.75206, 32.3129, 0.000151045, 0.000412821, -0.00159247, 
133, 456997, -26.4473, 13.3483, -4.86724, 0.00168016, -0.000279947, 0.000404534, 
134, 2780.32, 1.90685, 28.5617, -4.30257, 0.0016187, -0.00360135, 0.000290199, 
135, 102119, 2.48608, -3.03294, -23.4785, 0.00292611, -0.0029194, 0.00227087, 
136, 164662, -28.0097, 3.70023, -20.5446, 0.00161163, 0.000101234, 0.00141825, 
137, 84084.3, 22.3978, 26.1841, -24.3982, -0.00102584, -0.00263833, 0.00333409, 
138, 245299, -34.5699, -14.928, -10.723, 0.00153516, 0.000931326, 0.000478289, 
139, 102038, -5.56139, -10.3043, 37.908, -0.000144029, 0.000787686, -0.00214283, 
140, 146704, -27.2705, -22.996, 37.0884, 0.000849974, 0.000680468, -0.000662933, 
141, 170925, 42.4446, 35.6695, 37.196, -0.000947795, -0.00025433, -0.00129007, 
142, 107951, 30.626, -13.7037, -20.8336, -0.00123628, 0.00179602, 0.00102856, 
143, 64717.1, -6.13061, -15.7861, 0.681953, 4.90388e-05, 0.00142599, -0.000102677, 
144, 28582.1, 16.0021, 29.1113, 10.8104, -0.000290713, -0.00139268, -0.00160466, 
145, 18763.1, -41.618, -22.7883, -28.3222, 0.00144318, 0.000776186, 0.000933633, 
146, 44368.5, 2.97948, 30.1011, -11.7402, 0.000179519, -0.00228472, 0.00160728, 
147, 247503, 1.34123, 1.09126, -23.9408, 0.00156585, -0.000233217, 0.00059755, 
148, 54470.7, -11.3754, -12.0498, 25.1932, 1.16322e-05, 0.00157638, -0.00103845, 
149, 158577, 18.9075, 20.1922, -11.3063, -0.000595344, -0.00099221, -0.000232114, 
150, 59031.2, 14.2178, -4.12118, 13.6182, -0.000470438, 0.000642281, -2.40207e-05, 
151, 120654, 20.0671, -12.8336, -26.8081, -0.00227278, 0.000244212, 0.000156936, 
152, 33810.4, 22.817, 28.7499, -28.3614, -0.00107365, -0.00207973, 0.00194802, 
153, 52884.6, -13.8891, 4.63271, 16.2941, -0.000369991, 0.00325026, -0.000772937, 
154, 76725.2, 44.8404, -34.2859, 44.0629, -0.000820997, 0.000866826, -0.00119595, 
155, 2384.17, -34.5934, -14.6532, -10.2897, 0.000484928, 0.00471681, 0.00246903, 
156, 54252.8, -0.577455, -3.89622, -27.4234, 0.00177891, -0.00394814, 0.00135783, 
157, 18995.8, 37.5484, 15.809, -2.85853, 0.000409702, 0.00263019, 0.000762273, 
158, 133837, -21.4523, 0.0345686, -6.6853, 0.000796672, 0.00089462, 0.000320558, 
159, 166899, 19.7481, -15.0808, -30.6401, -0.000969455, 0.00061459, 0.00198658, 
160, 192252, 36.724, 14.1319, -3.94901, -0.00249491, 0.000582221, 0.000609631, 
161, 17027.9, -17.3652, 10.6949, 33.7468, -0.00193265, -0.00140667, -0.00116683, 
162, 130287, -40.6051, -12.9787, 35.8618, 0.00142519, 0.000644513, -0.00102279, 
163, 72430.1, 12.2683, -10.2589, -20.3592, -0.000214051, 0.00140708, -0.000816741, 
164, 60583, -19.7966, 5.3849, 1.60208, 0.00051744, 0.000442762, -0.000371479, 
165, 38146.6, -30.037, 36.3071, 7.94648, 0.000589517, -0.00203604, -0.000437396, 
166, 1307.56, -32.4791, -13.2198, 39.6744, 0.000599736, 0.000342339, -0.00181019, 
167, 124087, -4.61932, 20.8093, -5.34094, 0.00108669, -0.000523508, 0.000657244, 
168, 30066.1, 4.89115, 25.0769, -2.61908, 0.00055738, -0.00248786, -0.000178342, 
169, 177463, -20.3512, 27.0232, -0.792732, 0.00105059, -0.00222345, -0.000482973, 
170, 1123.4, 21.1019, -34.373, -12.342, -0.000119827, 0.00230384, 3.9473e-05, 
171, 71647.5, 40.9891, 38.6629, -14.0094, -0.00146406, -0.00157225, 0.00046445, 
172, 73299.5, 14.0796, 3.85671, 25.2922, -0.000442842, 0.000313266, -0.00209832, 
173, 120519, 10.0875, -18.8692, -34.6471, -0.000662927, -0.00015161, 0.000153201, 
174, 243541, -17.6717, -24.1486, -33.1398, 0.000959142, 0.00126535, 0.00149585, 
175, 232847, 3.83676, 21.9482, -2.76758, -0.000855541, -0.00159532, -0.000142816, 
176, 50296.6, -32.1754, -2.33744, -1.99794, 0.00179534, 0.000465963, 2.25111e-05, 
177, 17627.5, 0.337025, 2.84388, -18.5107, 0.00114224, -6.48998e-05, 0.00427464, 
178, 115556, 9.13646, 2.54422, -21.7484, -0.000846887, 0.000817947, -0.000524499, 
179, 21083.5, -19.1884, 27.0855, -23.9401, 0.000508026, -0.00119408, 0.00173311, 
180, 120384, 11.4439, 17.0427, -36.4562, -6.59258e-06, -0.000721018, 0.00164866, 
181, 104093, -9.55641, -16.4117, 3.48385, 0.000406555, 0.00157673, -0.000185829, 
182, 90014.4, 8.04597, 6.28293, -23.5751, 0.00223392, 0.000284541, 0.0018996, 
183, 39510.6, -31.2143, -11.1924, -15.9675, 0.00136196, 0.000260542, 0.00150048, 
184, 37719.2, -30.7223, -23.0276, -12.1773, 0.000726001, 0.00208852, 0.00037703, 
185, 182373, 4.46636, 28.0679, -2.50787, -0.000306909, -0.00240809, -0.00018508, 
186, 153608, 11.4032, -17.9509, -32.0507, -0.00123837, -0.00063061, 0.00247745, 
187, 201002, 19.2712, -24.0596, 29.8058, -0.000224761, 0.000954694, -0.00113706, 
188, 658.569, 33.4982, -9.62981, 35.2617, -0.000131835, 0.000807841, -0.00147586, 
189, 143642, -27.2767, -25.0257, 32.8647, 0.000853529, 0.000883645, 0.000340684, 
190, 250454, -34.3745, 24.706, -18.8137, 0.00162779, -0.00110123, 0.00101327, 
191, 55591.1, 18.0677, 27.7508, 10.0946, 0.000421847, -0.00159267, -0.00237708, 
192, 141084, 25.824, -23.1178, -14.3694, -0.000365409, 0.00158257, 0.000462639, 
193, 52387.2, 23.304, -12.9851, -28.355, -0.00059313, 0.000923857, 0.00226065, 
194, 39745, 40.9545, -30.4938, 33.7793, -0.000714811, 0.000307763, -0.000753697, 
195, 89443.4, 27.4644, 8.59244, 0.693728, -0.00105037, 0.00106414, -0.000165235, 
196, 196180, 21.9684, 24.8486, -17.0963, -0.000850979, -0.00131547, 0.00195316, 
197, 56906.6, -15.0524, 17.623, -10.1326, 0.000691703, -0.000413551, 0.00142836, 
198, 249087, 37.1772, -28.82, 1.76844, -0.00111501, 0.0014197, -0.00117687, 
199, 137680, -33.1006, 21.6462, 23.7534, 0.000813051, -0.000374888, 0.000951108, 
