ID, Mass [kg], pos_0 [m], pos_1 [m], pos_2 [m], vel_0 [m/s], vel_1 [m/s], vel_2 [m/s], 
0, 83183.7, 20.6349, 45.6752, 0.767198, -0.000360052, -0.000739496, -9.33683e-05, 
1, 128657, 2.30463, -40.1128, 42.892, -7.64465e-05, 0.000507344, -0.000603406, 
2, 47972.7, -43.8026, 38.2596, -31.7914, 0.00045173, -0.000550947, 0.000436136, 
3, 33292.3, -11.2828, 34.9824, 4.16256, 2.5847e-05, -0.000735399, -0.000197295, 
4, 53679.7, 6.92893, -18.8932, 13.7383, -0.000279381, 0.000345256, -0.00059864, 
5, 235.298, -42.1942, -31.1041, 13.9992, 0.000714587, 0.000158466, 1.38286e-05, 
6, 51642.8, -22.7491, -45.4181, -23.6431, 0.00026071, 0.00113583, 0.000117911, 
7, 18172.4, -10.8696, 41.6745, 44.0208, -6.24763e-05, -0.000478364, -0.00051466, 
8, 49899.2, 8.50704, -33.7623, 27.1529, -0.000110628, 0.000664397, -0.000422962, 
9, 177450, -16.5293, 15.5942, 30.6356, -3.01903e-05, -0.000460459, -0.000558941, 
10, 101538, -37.1031, -37.184, -16.656, 0.000998384, 0.000478759, 4.69815e-05, 
11, 173078, -43.4295, 7.70804, 23.3975, 0.000732992, -9.16401e-05, -0.000390339, 
12, 235982, -41.5318, -19.0956, 35.0701, 0.00149899, 0.000196181, -0.000142451, 
13, 70247.8, 40.8293, 47.5238, -35.7809, -0.000353653, -0.000417531, 0.000315163, 
14, 39201.1, 4.95221, -40.5685, -22.1923, -0.000164453, 0.00208605, 8.40529e-05, 
15, 57565.2, 4.89923, 43.1801, 11.9115, 0.000165125, -0.000737643, -0.000102759, 
16, 390951, 12.9005, -15.8733, -2.94699, -0.000102692, 0.00062777, -5.80037e-05, 
17, 141386, -31.8589, -39.8109, -20.9406, 0.000459314, 0.000778162, 0.000302944, 
18, 126243, -42.5119, -3.99871, -7.8559, 0.000659575, -0.000318215, 0.000244935, 
19, 237835, -19.1093, 27.0615, -2.88806, 0.000213792, -0.000559279, 1.08801e-05, 
20, 33312.9, 22.3618, 42.7174, 18.5618, -0.000644804, -0.00057724, -0.000296204, 
21, 218860, 11.6114, 1.56992, -1.9433, -8.02232e-06, -0.000749345, -0.00048199, 
22, 75238.4, -20.0699, -1.75146, 14.0898, 0.000471678, -7.77941e-05, 2.77801e-05, 
23, 52869.6, 33.4637, -7.11089, -32.6196, -0.00046154, 0.000244619, 0.00077085, 
24, 184404, -38.4155, 31.0071, 44.9553, 0.000448519, -0.000443294, -0.000504683, 
25, 40067.7, 45.4025, 12.0695, 15.6655, -0.000819421, -0.000274835, -8.90153e-05, 
26, 36311.1, -20.3932, 43.1826, -6.12508, 0.000361883, -0.00101593, -7.60038e-05, 
27, 61313.8, 30.5174, -12.0648, 17.9579, -0.000423899, 0.000150575, -0.000508025, 
28, 165565, 20.9591, -25.895, -6.19781, -0.000558815, 0.000896962, 0.000257649, 
29, 12545.8, -36.0328, 30.2451, 46.7024, -0.000805476, -4.75508e-05, -0.00140153, 
30, 120708, 2.8183, 6.27566, 34.5499, -0.000259939, 5.86247e-05, -0.000639552, 
31, 188330, 3.72996, 19.4928, 36.7918, -0.000152794, 0.000296631, 0.000261569, 
32, 168542, 12.995, 31.7144, 17.0199, -0.000131404, -0.000624329, -0.000258145, 
33, 21895.1, -28.9647, 27.648, -25.5138, 0.000476445, -0.00063791, 0.000409104, 
34, 54309.5, 4.83163, -41.412, -22.0268, -0.000370565, 6.67274e-06, 0.000377126, 
35, 114158, -43.0882, -43.4463, 46.4468, 0.000897242, 0.000227949, -0.000758044, 
36, 17002.8, 28.1906, 8.84749, -4.7653, -0.000106013, 0.000194335, -0.000265689, 
37, 13778.1, -16.4086, -30.1188, -29.3316, 0.000625444, -0.000887534, 0.000174702, 
38, 145485, -6.8716, -13.9857, -41.9146, 3.69778e-05, -9.20131e-05, 0.000866796, 
39, 22080.7, 32.1861, -41.691, -17.7909, -0.000410048, 0.000710979, 0.000184341, 
40, 76098.9, -45.2596, 18.832, 11.2104, 0.000971658, -0.000295916, -5.51948e-05, 
41, 152709, 33.8354, 3.57019, 4.33588, -0.000437262, -0.000297629, -0.000453372, 
42, 185115, -36.2237, 24.4, 10.1114, 0.000515399, -0.000375447, 0.000329441, 
43, 268899, -34.4065, -46.4246, 43.8891, -0.000463081, 0.000722336, -0.000671765, 
44, 16945.9, -16.0742, -14.7494, -4.76003, 0.000467498, 6.60645e-05, 0.000108133, 
45, 86302.2, 38.5691, 47.9247, -9.20838, -0.000452859, -0.000597185, 0.000221574, 
46, 8704.85, -5.3097, -35.1106, -8.94095, -7.18782e-05, 0.00101915, 0.000130361, 
47, 5070.43, -44.5493, -17.9462, 33.7736, 8.43935e-05, 0.000335044, -0.000508469, 
48, 165598, -0.573427, -8.91088, -4.96216, 0.000361736, -5.35059e-05, 3.04182e-05, 
49, 61598.2, -46.6026, 23.7094, -14.4554, 0.000728422, -0.000381407, 0.000139357, 
50, 49162.5, 10.0946, -27.3827, 29.414, -0.000332201, 0.000275113, -0.000633885, 
51, 64917.6, -25.6877, -8.42945, -36.4802, 0.000338635, -0.00016366, 0.000775113, 
52, 167901, 17.5103, -9.48924, -2.18427, -0.000904992, -0.000190583, -0.000433102, 
53, 12321.9, -20.5877, -16.1953, 17.7936, 0.000527943, 0.000314605, -0.000135782, 
54, 33262.7, -22.9073, 32.8037, -22.1351, 0.000292526, -0.000729915, 0.000301077, 
55, 207078, -9.98471, 0.77707, -15.9664, 0.000137352, 2.23915e-05, 0.000294382, 
56, 27724.5, 14.053, -36.5836, 13.8358, -0.000226623, 0.000751758, -0.000295632, 
57, 17609.8, 24.5348, -43.2237, 15.2199, -0.000287079, 0.000775142, 6.83242e-06, 
58, 12328.7, -31.2458, 19.9432, 35.2221, 0.000449796, -0.000355219, -0.000691227, 
59, 43139.2, -38.9444, -23.6274, 5.69462, 0.000679765, 0.00029738, -0.000115525, 
60, 106846, -37.348, -45.3773, 42.5798, 0.00132427, 0.000179197, 0.000461155, 
61, 72802.7, 39.8331, -21.0058, 17.5605, -0.000680664, 0.000225198, -0.000451419, 
62, 46181.4, -26.577, 22.3264, -40.0332, 0.000388266, -0.000342209, 0.0007297, 
63, 4752.12, -30.9095, -32.4715, -46.2131, 0.00212764, -0.00228101, -0.00103055, 
64, 32357.5, 16.7324, -31.9519, -12.8301, -0.000316607, 0.000993365, 0.000443262, 
65, 5018.35, -35.9796, -6.40816, -12.3765, 0.000421085, 0.000237053, 0.000375355, 
66, 117960, 19.9011, -1.98666, -29.4177, -0.000270647, 1.70885e-05, 0.000651521, 
67, 203303, 40.0267, -2.22979, 0.817831, -0.000981859, 0.000206517, -0.00017085, 
68, 33578.2, -37.3584, 44.3823, 8.30346, 0.000413551, -0.000806378, -1.58935e-06, 
69, 69966.1, -2.56083, -30.0447, -45.6708, -0.00018882, 0.000360302, 0.000969169, 
70, 82804.5, 28.056, 20.1852, -47.8475, -0.000342368, -0.000256134, 0.000666527, 
71, 105137, 36.3282, -11.382, 30.4262, -0.000460519, 0.000197007, -0.000611717, 
72, 182238, -41.5247, -38.6952, 21.5017, 0.000566075, 0.000375287, -0.000291487, 
73, 48300.2, 42.7479, -30.4844, 15.0993, -0.000694643, 0.000569043, -0.000417412, 
74, 83811.3, 45.094, 15.4254, 28.9175, -0.000759614, -0.000982425, -0.000330433, 
75, 182626, -26.5738, -0.237708, -14.7306, 0.00045305, 0.000608925, -0.000271538, 
76, 51722.9, -25.1255, -16.3467, 33.453, 0.000320936, 0.000442193, -0.000360469, 
77, 79504.8, -24.9786, -0.0192251, 29.6545, 0.00048352, -4.77437e-05, -0.000495838, 
78, 158424, 47.2959, -7.90308, -27.5125, -0.000785248, 0.000138583, 0.0004546, 
79, 47214.5, 45.817, -2.28331, 43.788, -0.000531635, 0.000142672, -0.000710681, 
80, 219522, -7.25619, 23.0571, -39.9154, 0.000109342, -0.000333606, 0.000765077, 
81, 19106.9, -36.4297, -44.5662, 10.7907, -0.000518347, 0.000616026, 0.00055653, 
82, 39951.1, 40.6552, 2.26682, -28.6996, -0.000793033, -0.000245685, 0.000686777, 
83, 78693.6, 15.4448, -45.5406, 25.1987, -5.47494e-05, 0.000780772, -0.000306087, 
84, 69951.7, 29.7169, 11.1139, -5.5599, -0.000477256, -0.000698692, 5.2651e-06, 
85, 121505, -22.3963, 6.4296, 23.7034, 0.000300122, -0.000284324, -0.000159663, 
86, 33226.7, 25.7179, 8.22805, -9.20134, -0.000311432, -0.000207485, 0.000555103, 
87, 5700.47, 22.2912, 32.0572, -42.8927, -0.000386127, -0.000460579, 0.000622283, 
88, 145508, 2.17089, -24.3491, -34.7605, -0.000309515, 0.000250181, 0.000721848, 
89, 311726, -6.49003, -26.9225, 2.66547, -0.00111858, 0.00191943, 0.000260222, 
90, 111004, 32.0655, 1.21095, -27.8796, -0.000443028, -0.000173966, 0.00060963, 
91, 189341, 14.0577, 47.482, 19.7519, -0.00014196, -0.000804214, -0.000360893, 
92, 110340, 40.7143, -32.1257, -5.05955, -0.000685355, 0.000731113, 0.000144138, 
93, 227786, 32.3119, -39.8731, 27.3136, -0.000795954, 0.000231218, -0.00044068, 
94, 45429.1, -33.8195, -29.8921, -28.936, 0.000767667, 0.00021521, 0.000423745, 
95, 79096.9, 14.6943, 23.8559, 19.7963, -0.000271334, -0.000226233, -0.000471707, 
96, 172391, 5.41713, -20.3612, -17.339, -0.000169528, 0.000607903, 0.000555782, 
97, 40891.5, -34.8317, 25.4352, 13.7543, -0.000182193, -0.000336348, -0.000865098, 
98, 44851.2, 44.5662, -44.9893, 39.8857, -0.000456621, 0.00037804, -0.000442998, 
99, 41855.3, 45.8235, -30.7791, -10.0811, -0.0009552, 0.000410314, 0.00041394, 
100, 55364.7, -34.3082, -33.5673, -10.4463, 0.000546089, 0.000327719, -0.000141867, 
101, 133489, 43.5348, 11.8337, 39.9219, -0.000445192, -0.000181051, -0.000890692, 
102, 116718, -29.8947, -37.7907, 3.0825, 0.000410192, 0.000695388, -3.74388e-05, 
103, 41489.7, -44.5831, 18.5242, 22.6076, 0.000846873, -0.000427005, -0.000431538, 
104, 25317.1, -4.34051, -8.07031, 16.907, -0.000195677, -0.000142133, -0.000157307, 
105, 122915, -26.6025, 1.20039, -15.8517, 0.000521115, -0.00103054, 0.00103062, 
106, 22003.9, 11.8669, -8.99413, 3.5591, 6.36468e-06, -0.00014032, -0.00109037, 
107, 44393.1, 31.4617, 18.0909, 44.6497, -0.00019417, -0.000305809, -0.000702714, 
108, 27861.9, 15.8877, -38.7907, -31.1859, -0.000320157, 0.000585417, 0.000432515, 
109, 3915.15, -41.4818, 1.8269, -30.8726, 0.000605869, -0.000121965, 0.000459305, 
110, 44656.7, -44.3698, 35.906, -17.4366, 0.0005336, -0.000731844, 3.71462e-05, 
111, 64096.1, 41.9953, -45.6315, -43.4643, -0.000563825, 0.00101725, 0.00042188, 
112, 92587, -43.7879, 29.9341, -23.3921, 0.000564044, -0.000437124, 0.000378162, 
113, 11750, -21.9037, -14.8492, 43.8426, -0.000296739, 0.000606918, -0.000887223, 
114, 261549, 8.80951, 29.9319, -34.3242, -0.000237038, -0.00042018, 0.000550815, 
115, 10260.2, -25.4131, 29.837, -29.978, 0.000316201, -0.000637659, 0.000577589, 
116, 9883.83, 47.175, -27.34, -3.87049, -0.00109139, 0.000220072, -3.19498e-07, 
117, 420908, 38.0672, -36.2353, -41.6375, -0.000181838, 0.000141881, 0.000560959, 
118, 43656.3, 19.488, -36.2729, 36.38, -0.000231887, 0.000369309, -0.000710556, 
119, 5442.94, 41.489, 2.86578, 33.325, -0.000267342, 0.000455932, -0.000766788, 
120, 64753.8, -6.59071, 37.0583, -18.5065, 0.000176872, -0.000668921, 0.000235873, 
121, 5238.72, 12.8427, 33.2543, 11.5695, -0.000141192, -0.000699169, 0.000502598, 
122, 36292.8, -11.9036, 17.3861, -31.2478, 0.000219594, -0.000296468, 0.000607012, 
123, 239246, -1.91295, -12.763, 32.0175, -0.00050584, 0.000182666, -0.000872192, 
124, 35916.3, -18.63, 39.991, -8.88695, 0.000170287, -0.000722588, 0.000290781, 
125, 59978.1, 45.265, -28.0528, 8.74306, -0.00095109, 0.000397807, -0.000138935, 
126, 68914.6, -17.6598, 0.632555, 42.6896, -0.000358614, -0.000628428, -0.000605428, 
127, 139141, 3.64785, 18.1562, 35.2768, -0.000253645, -0.00154601, -0.00176709, 
128, 48573.4, 38.6957, 46.473, -1.79467, -0.00048943, -0.000539772, -0.000231126, 
129, 16414.7, -0.811102, 19.5331, -13.214, -3.04371e-05, -0.000617967, 0.00012602, 
130, 33001.4, 8.74344, 3.9038, -1.36508, -0.000397346, -0.000257675, -0.000300821, 
131, 8395.87, 10.5109, -9.50052, -8.81467, -1.60336e-05, -0.000169322, 0.000923495, 
132, 60106.1, 28.3673, -22.4476, -0.292527, -0.000484825, 0.000262435, -0.000119158, 
133, 207157, 15.0112, 14.3084, -8.57871, -0.000179337, -0.000665147, 0.00024883, 
134, 73184.1, -18.6179, 47.1962, 42.0838, 0.000113064, -0.000571942, -0.000390334, 
135, 36373.7, 12.9406, -33.7534, 5.45604, -0.000272067, 0.000913667, -0.000211851, 
136, 129576, 22.1485, 12.8329, 17.0596, -0.000335829, -0.000274135, -0.000440883, 
137, 29531.3, 31.8037, 21.519, -35.4411, -0.000463965, -0.000395942, 0.00052488, 
138, 56000.4, -13.4925, -2.02237, 15.3474, -7.16693e-05, -0.000214869, -0.000120065, 
139, 168899, 4.72026, 47.3422, -34.5122, -4.32231e-05, -0.00072149, 0.000458742, 
140, 86223.5, -27.0182, -17.2867, -31.9086, 0.000485817, 4.90474e-05, 0.000523769, 
141, 203477, -45.8193, -12.3335, -9.33226, 0.000889733, 0.000415382, 0.000122085, 
142, 27856.9, -8.4968, 42.702, 9.16416, 0.000144619, -0.000801363, -0.000205507, 
143, 84533.1, 19.3303, -6.22689, -6.41693, -0.000875307, -0.000323866, 0.00087581, 
144, 350304, -16.0636, -34.5254, -33.24, 0.000121679, 0.000401016, 0.000743655, 
145, 72268.6, 4.40039, -14.2364, -18.1072, 1.55065e-05, -0.000345146, 0.00077116, 
146, 15177.3, -46.7742, -10.9765, -19.7066, 0.000928916, -0.000734833, 0.000436004, 
147, 210355, -47.5772, 2.01375, 4.76991, 0.000859379, -0.000100117, -0.000158259, 
148, 79347.4, 37.7157, -32.9443, -44.3849, -0.000272755, 0.0013552, -0.000379554, 
149, 348165, 10.7453, 43.4131, -13.6161, -0.00013701, -0.00072779, 0.000157126, 
150, 39793.7, 42.1982, 20.8448, 33.5888, -0.000326502, -0.00077714, -0.000641381, 
151, 141654, -41.0729, -19.127, 35.1386, -0.000499337, 0.000314948, -0.000408395, 
152, 17705.2, 42.3465, -5.02551, 39.3023, -0.000394172, 0.000265648, -0.000569831, 
153, 8128.89, -34.8064, -8.28254, 29.1356, 0.000612307, -0.000102355, -0.000216295, 
154, 60076.2, -21.3472, -3.66792, 46.9178, 0.000717372, 0.000388004, 0.000917015, 
155, 211378, -20.7768, -40.4677, -40.8455, 0.000303256, 0.000946641, 0.000901011, 
156, 141972, 12.5519, 4.3451, -38.0679, -0.000142191, -0.000165888, 0.000832477, 
157, 74665, -10.4508, -26.1276, 13.8557, 0.000224397, 0.000625389, -0.000690288, 
158, 517293, 42.4778, 14.3606, -12.5812, -0.000763825, -0.000447886, 0.000278878, 
159, 172971, -39.2856, -45.2658, 13.076, 0.000533943, 0.000809546, -3.0022e-05, 
160, 51121.1, 14.2632, 32.8774, -4.69873, -0.000246555, -0.000473929, -7.4138e-05, 
161, 91130.1, -22.3057, 20.9193, 25.3208, 0.000246308, -0.000716809, -0.000207303, 
162, 149283, -36.4915, 31.256, 16.5289, 0.000494475, -0.0010244, -0.000283829, 
163, 83452.9, -44.4759, 12.4594, -5.54359, 0.000725912, -0.000397399, 0.000190424, 
164, 64226.9, 10.9479, -0.678552, -4.34082, 0.000172713, 0.000309663, 0.00119839, 
165, 7853.04, 13.9196, -24.5819, -30.4114, -0.000487464, 0.000357227, 0.000645381, 
166, 42725.7, -0.396447, 19.4256, 45.8615, 6.5186e-05, -0.000371381, -0.00115405, 
167, 80232.7, -40.5372, 14.6238, -30.5306, 0.000647064, -0.00026416, 0.000547396, 
168, 56861.4, -27.5547, -13.7168, 44.2344, -5.94175e-05, 0.000323368, -0.000857363, 
169, 3283.8, -10.2546, -13.9424, 28.1022, 0.000155246, 0.00023523, -0.000222468, 
170, 2064.05, 40.2258, 39.6168, 40.2537, -0.000328666, -0.00045057, -0.000411129, 
171, 92729.6, 28.9182, -42.2526, 26.9366, 0.000479926, 0.00123036, -0.000260405, 
172, 92313.6, -46.4788, -13.9406, -20.6385, 0.000772266, 0.000341831, 0.000610387, 
173, 134604, -6.25364, -27.3193, 2.61086, 0.00265296, -0.00232158, -0.00100204, 
174, 167355, -20.0142, -27.874, 1.95076, 0.000594103, 0.00047102, -6.04831e-05, 
175, 333184, -12.621, -33.5952, -23.5906, -5.28895e-05, 0.000552353, -0.000142618, 
176, 109996, 41.3491, 28.772, 19.6755, -0.000524604, -0.000597739, -0.000231032, 
177, 116129, -35.7305, 27.2888, 27.4122, 0.000451119, -0.00054784, -0.000574373, 
178, 23919, -2.55362, -29.9778, 29.6949, -5.36613e-06, 0.000667473, -0.000560966, 
179, 157841, -19.7934, 44.3748, -43.0279, 0.000223309, -0.000523357, 0.000464439, 
180, 123810, 41.8109, -4.99574, -10.5137, -0.000857323, 0.000258416, 0.000351617, 
181, 16634.9, -20.3521, -10.0124, 35.6322, 0.00017698, 6.34392e-05, -0.000561796, 
182, 156081, 34.5745, -25.7926, 1.63375, -0.000744588, 0.000529592, -0.000205042, 
183, 3124.3, -37.3837, 30.2765, 21.4847, 0.000840849, -0.000775513, -0.000789272, 
184, 53389.1, -16.7114, -15.1629, 31.7429, 0.000346383, 0.000541059, -0.000780298, 
185, 210128, -25.1739, 15.1446, -23.158, 0.000441532, -0.00044752, 0.000480174, 
186, 42801, -23.8078, 14.2744, 37.5441, 0.000427351, -0.000396236, -0.000895003, 
187, 235088, -30.4854, -33.1579, -46.6617, 0.000539006, 0.000255438, 0.000831684, 
188, 202835, -21.8485, -3.9873, 45.202, 5.45e-05, -0.000183073, -0.00156617, 
189, 89831.3, 45.3468, -31.6493, -42.7448, -0.00124294, -0.000207112, 0.000461479, 
190, 200924, -35.4564, -15.3778, 44.3556, 0.000468445, 7.74191e-05, -0.000993956, 
191, 201667, -8.69007, 10.7875, -20.0324, -1.01788e-05, -0.000525743, 0.000465316, 
192, 39680.8, 12.4035, -47.6254, -36.1496, -0.000188839, 0.000704675, 0.000452757, 
193, 266396, 44.2601, 9.07065, 28.3266, -0.000583547, 0.000151316, -0.000311481, 
194, 596.634, -36.422, 43.9123, 9.06071, -0.000352587, -0.000572079, -0.000587704, 
195, 210775, -46.9637, -3.09019, -43.2037, 0.000535826, -4.89027e-05, 0.000555238, 
196, 63484.8, -40.8298, -7.17068, -1.18746, 0.000421161, 0.000242829, -0.000397628, 
197, 43718.9, 41.125, 15.7614, 6.33152, -0.000721279, -0.000549118, -0.000226689, 
198, 265739, -10.204, -13.2088, 26.1339, 0.00014756, 0.00022817, -0.000272403, 
199, 27023.6, -30.3273, -6.31717, 22.3259, 0.000601218, 0.000114922, -0.000112525, 
