ID, Mass [kg], pos_0 [m], pos_1 [m], pos_2 [m], vel_0 [m/s], vel_1 [m/s], vel_2 [m/s], 
0, 86447, -4.75305, 25.7742, -9.40924, 0.000978274, -0.0035272, 0.00159809, 
1, 189575, -29.7473, -11.9626, -2.64775, 0.00308629, 0.00191524, -0.000882614, 
2, 31834.7, 14.771, -8.76887, -20.7879, -0.000106517, 0.00532588, 0.00386691, 
3, 198333, 20.4996, 20.4833, 7.86801, -0.0016717, -0.00135113, -0.00180869, 
4, 26595.9, -8.55091, 17.4137, -5.28202, 0.000438837, -0.000492506, -0.00107045, 
5, 74974.9, -18.0591, -14.5978, -21.3579, 0.00201595, 0.00136345, 0.000818446, 
6, 97542.7, 39.4039, -27.8561, 35.7014, -0.00119843, 0.00127565, -0.001468, 
7, 2615.97, 3.56575, 28.2873, -24.7783, 0.000448462, -0.00252221, 0.00213811, 
8, 21192.8, 29.0309, -16.8004, -6.50843, -0.00237197, 0.0034567, 0.000982843, 
9, 81679.8, 23.4245, 19.7247, -0.486337, -0.000372099, -0.00336208, -0.00288754, 
10, 127647, -26.5056, -18.3053, 27.1484, 0.000972687, 0.00150276, -0.00121685, 
11, 16957.3, -4.77799, -10.1731, -1.48629, 0.00146484, 0.00255708, -0.000731286, 
12, 46224.1, 35.5184, 34.7238, -18.51, -0.00179826, -0.00200889, 0.00178902, 
13, 23966.4, 25.0009, 17.9893, 6.10522, 0.000354758, -0.00482372, -0.000315267, 
14, 11985.5, -10.7739, -7.34157, 32.6966, -0.00102132, 0.00123862, -0.00249324, 
15, 3133.43, -9.93658, -0.681283, 17.0584, -0.00029167, 0.00100188, -0.00192791, 
16, 16899.7, -2.24101, -7.62549, 27.9861, -0.00117889, 0.00139487, -0.00183398, 
17, 19424.5, 2.68957, 15.6586, -3.16448, -0.00174048, -0.00570361, 0.00108158, 
18, 130822, 26.5184, -26.2499, 1.35565, -0.00128246, 0.00229609, -0.0017211, 
19, 25233.8, -16.7685, 9.50828, -14.3362, 0.00161675, -0.000958589, 0.00277331, 
20, 47646.9, 35.5419, -30.3906, -19.9714, -0.00192027, 0.00198504, 0.00109481, 
21, 165666, 2.01134, 3.82103, -21.8372, 0.000712208, -8.89408e-05, 0.0016222, 
22, 68385.5, -4.21075, 0.940701, -27.1973, -0.00124851, 0.00194062, -0.000591124, 
23, 221148, 36.5586, -29.2288, 21.5065, -0.00126314, 0.0015329, -0.00087982, 
24, 74530.5, 12.9803, -9.07587, -19.8193, -0.00276463, -0.00160504, -0.00069023, 
25, 43250.2, 29.1206, 17.5529, 33.7638, -0.000869178, -0.000468656, -0.00235149, 
26, 16449.5, -34.4547, -38.646, -22.4538, 0.00122572, 0.00159495, 0.000545943, 
27, 30641.9, -15.1544, 18.1001, -2.25372, 0.00170421, -0.00365929, -0.000183241, 
28, 85788.3, 0.325077, 4.09352, -22.3563, 0.00221134, 0.00200121, 0.00238756, 
29, 18634, -25.9169, 28.104, 8.70141, 0.00154017, -0.00304343, 0.00058737, 
30, 2394.47, 29.5726, -25.1881, -6.59354, -0.000779921, -0.000730508, 0.000938216, 
31, 128472, 27.7629, 12.7729, 13.2958, -0.00249645, 2.83843e-05, -0.00311755, 
32, 63731.5, 3.27314, 2.54635, -19.2016, -0.00268211, -0.00373562, 0.00334735, 
33, 1929.75, -11.6975, -2.726, 24.4378, 0.000555998, -0.000567301, -0.00284163, 
34, 137164, -10.6293, -2.93512, 14.507, 0.00036188, 0.000726653, -0.00100192, 
35, 50524.2, 8.59625, 0.238869, -14.8559, 0.00296983, 0.000489211, -0.000189278, 
36, 6629.78, 21.2503, -13.8723, -14.693, -0.00311072, 0.000849275, 0.000659582, 
37, 38240.2, 17.2408, -13.9138, -26.9875, -0.00374625, 0.00172117, 0.00380887, 
38, 18423.8, 3.74348, -0.884463, -16.1919, 0.00331252, -0.000454089, 0.00226258, 
39, 194740, 27.2675, -18.9917, -8.69555, -0.00206613, 0.00209365, -0.000885557, 
40, 166672, 13.1122, -10.8082, -22.1203, -0.00122769, 0.00100473, 0.00214611, 
41, 63465.7, 15.5625, 21.4821, -9.74144, -0.00110108, -0.000874774, -1.06544e-05, 
42, 21989.4, 18.0419, 14.457, -7.40364, -0.000367875, -0.00356812, -0.000924239, 
43, 7506.47, 26.6028, -23.482, -4.36446, -0.000580709, 0.0026897, -0.000488062, 
44, 1030.15, 23.5077, 10.8452, -6.96341, -0.00238419, 0.00149242, 0.00202843, 
45, 60141.1, 3.30597, 19.0636, -3.28811, -0.00256019, -0.00264219, 0.000753114, 
46, 69136.8, -23.9203, 2.31411, 16.1941, 0.0014323, 0.00190917, -0.00123246, 
47, 4636.02, 23.6949, -36.3918, 29.3783, -0.000231473, 0.00189273, -0.00120135, 
48, 148424, -19.8739, 8.87963, 26.7013, -0.000519326, -0.000636574, -0.00274129, 
49, 101751, 23.1491, 19.4623, 1.61817, -0.00257979, -0.00553362, 0.00118574, 
50, 113749, -8.9562, -23.3865, -33.6661, 0.00178812, 0.00160037, 0.00161828, 
51, 14312.6, 10.6571, 13.586, -25.2262, -0.00033285, -0.000718964, 0.00258142, 
52, 115787, 33.9987, -6.49258, 28.8193, -0.00133706, -0.000369351, -0.00181618, 
53, 10116, 35.8245, 35.0306, -20.0137, -0.00127139, -0.00196942, 0.000646888, 
54, 33789.7, 17.7111, 18.7012, -18.4524, 0.00277133, -0.00262636, -0.000711807, 
55, 186460, 21.4494, 19.5576, 3.72368, -0.000741087, -0.00269019, -0.00116826, 
56, 245187, 28.3931, -23.2709, -2.77376, -0.000517001, 0.00128073, 0.00130721, 
57, 290437, -12.3902, 3.58157, 13.0669, 0.00029786, 0.00096148, -0.00111143, 
58, 80698.8, -12.2411, 6.21458, 13.9855, -8.54164e-06, -0.00167068, -0.00255522, 
59, 117814, 21.4465, 16.1679, -8.17714, -0.00172209, -0.00118109, 0.000266565, 
60, 74301.5, -21.7685, 20.1968, 9.31969, 0.00180696, -0.0017342, -0.00184762, 
61, 87026.1, 2.19991, -15.8566, -31.7062, 0.000550649, 0.00320741, 0.00224426, 
62, 54123.3, 15.721, 15.8941, -5.63722, -0.000887644, -0.00032969, 0.00200431, 
63, 142469, 8.21837, 6.79328, -22.211, -0.00106094, -0.00274438, 0.0040615, 
64, 25240.3, 18.3803, -1.43926, 16.3979, -0.00121857, 0.00126851, -0.00244721, 
65, 84495.7, -38.2223, 10.3873, 26.9617, 0.000683315, -0.00125721, -0.00243862, 
66, 190154, 18.7223, 19.8461, -16.8813, -0.00123447, -0.00199237, 0.00280883, 
67, 106916, -15.5229, 16.7367, -1.63156, -0.000735433, -0.00198797, 0.000978719, 
68, 142208, 27.2274, 9.10828, -4.41806, -0.00342404, -0.000751908, 0.000224136, 
69, 222966, -28.5096, 10.0347, 13.1521, 0.00241718, -0.00276528, -0.00114186, 
70, 23261.8, -4.81615, -18.2581, -13.5883, 0.00114479, 0.00257219, -0.000211689, 
71, 37181.8, -19.7969, 17.9054, 0.184595, 0.00149879, -0.00201912, -0.00190339, 
72, 387724, 18.3697, 12.5229, 6.72111, -0.000458553, 6.48681e-05, -0.00214398, 
73, 94415, 18.0637, -12.8888, -19.0101, -0.00429254, 0.00113414, 0.000541459, 
74, 92650.1, 7.1445, 17.3181, -3.58858, 0.000359751, -0.0011919, -0.000574524, 
75, 18296.3, -29.3775, 14.9612, 31.0653, 0.0044559, 0.00152145, -0.00253293, 
76, 120001, -32.5369, -12.6604, -0.948354, 0.00100065, 0.00153344, -0.000238516, 
77, 272530, 14.5814, 3.96138, 4.26094, -0.000233728, 0.00197458, -0.001358, 
78, 17526.5, -20.4342, -27.0267, 31.1021, 0.00172649, 0.000512281, -3.41798e-05, 
79, 64817.7, 11.6115, -10.3077, -23.1654, 0.00297017, 0.00286375, -0.00136657, 
80, 92249, 27.5821, 12.6676, 6.08428, -0.00360929, 0.00140971, -0.00205326, 
81, 18467.1, -24.6126, 14.2567, 12.9401, 0.00378421, 0.000347365, 0.00115558, 
82, 36826.6, 18.0809, 22.7132, 8.1351, 0.000925404, -0.00507343, -0.00210208, 
83, 11297.7, 31.5586, -17.2034, -0.522305, -0.000574775, 0.00280062, 4.69493e-05, 
84, 79293, 13.7673, -9.95294, -19.8493, 0.000619889, 0.00147465, 0.00576187, 
85, 99758.2, 20.7879, 14.9235, 3.75687, 0.000857237, 0.00216414, -0.00335222, 
86, 23343, -21.4893, 0.273576, 16.6542, 0.00214476, 0.00100217, -0.00139455, 
87, 148233, 15.9171, 20.3895, 10.2651, -0.00502757, -0.00221972, -1.83924e-05, 
88, 11527.8, -32.4883, 10.6045, 30.1804, -0.000581818, 0.000786223, -0.00382878, 
89, 14718.3, 29.9516, 13.4099, -1.23308, -0.000206143, -0.000930674, -0.0006788, 
90, 46494.3, 1.73247, 6.39422, -31.4109, 0.00138901, 0.000369613, 0.00186817, 
91, 34379.9, -14.6583, -13.4694, -22.6575, 0.00146899, 0.000885254, 0.000889706, 
92, 23079.1, 21.6581, -9.07098, -3.99248, -0.00128706, 0.00107613, -0.00105966, 
93, 79660.5, -28.264, 7.77258, 13.119, 0.003281, 0.00258925, 0.000163207, 
94, 77532.3, -36.5659, -31.0251, 39.6055, 0.00121969, 0.00147703, -0.00125293, 
95, 85363.6, 23.9277, 19.9622, -0.306709, -0.00384831, 0.000149181, -0.00196283, 
96, 11260.4, -12.4184, 9.49506, 14.004, -6.64626e-05, -0.00292243, -0.00169133, 
97, 31876, 16.2328, 18.3673, -7.48233, -0.00191984, 0.00178871, 0.00115597, 
98, 49282.2, 28.8129, 12.8857, -5.88638, -0.00392715, 0.000414183, 0.00334914, 
99, 38415.4, 4.0613, 20.7238, -4.03557, 0.00178919, -0.00476176, 0.000807811, 
100, 8080.94, -17.3981, 6.5614, -9.32362, 0.0023532, 0.000434572, 0.00258916, 
101, 70282.6, 38.7861, 29.587, 33.3018, -0.00130218, -0.00214012, -0.0013802, 
102, 317827, 7.35114, -22.3225, -30.5061, 0.000864785, 0.00325353, 0.00216977, 
103, 237904, -37.4032, 33.2475, 15.524, 0.00165327, -0.00223365, -0.0004593, 
104, 119615, -13.28, 16.1737, -3.88068, 0.00106411, -0.00159091, 0.00143675, 
105, 31893.4, 7.78285, -24.5366, -6.49362, 0.000383753, 0.00265407, -0.000873707, 
106, 173086, -26.459, 11.0555, 11.8803, 0.000985343, -0.00191203, -0.00040191, 
107, 486074, -31.9529, 9.98001, 30.5592, 0.0011787, -0.000444111, -0.00214081, 
108, 40410.8, -28.6188, -14.8573, 23.541, 0.000209763, 0.00302048, -0.00213334, 
109, 28247.2, -37.7745, 35.5944, 14.9325, 0.00151824, -0.00415489, 0.000260186, 
110, 23910.7, -17.3617, 21.7982, -17.5843, 0.00172987, -0.00258396, 0.00265663, 
111, 40242.6, -5.93864, -34.7466, 22.6183, 0.000189979, 0.00198416, -0.000835646, 
112, 24016.7, -29.4405, 7.51818, 15.1286, 0.00311255, 0.00283552, 0.000493313, 
113, 129600, 9.43315, -26.0671, -20.7571, 0.00010045, 0.00347307, -0.000307533, 
114, 114317, 24.882, 17.705, 4.67474, 0.0002641, -0.00332963, -0.00378775, 
115, 174934, -25.6119, 12.6218, 28.7245, 0.00326309, -3.71603e-05, -0.0029412, 
116, 143212, 9.51788, -1.59574, -15.674, 0.00218907, -0.000379898, 0.00195732, 
117, 8073.33, -32.5039, 12.8086, 25.2713, 0.000719599, -0.00127072, -0.000532819, 
118, 37893.5, -11.5089, 7.48168, 14.4834, -0.00160702, -0.0026587, -0.00279589, 
119, 62400.5, 20.4296, 25.3199, 13.4695, -0.00048518, -0.00294024, -0.00337644, 
120, 242481, 7.31629, 0.950331, -19.7256, 0.00228738, -0.000323654, 0.00163626, 
121, 220498, 12.1455, -13.1714, -25.2094, 1.69008e-05, 0.00200347, 0.00149917, 
122, 32681.3, 7.81812, 3.96935, 17.7476, 0.000342573, 0.000345357, -0.00279245, 
123, 348699, 26.4618, 15.4573, -2.82483, -0.00426408, -0.000251459, 0.000246677, 
124, 49173.7, 38.681, -26.2638, 35.8141, -0.000402221, -0.000809865, -0.00199439, 
125, 91676.5, 13.5405, -9.81183, -23.6448, -0.00386459, -0.00190572, 0.000245659, 
126, 613.996, 29.9425, -23.5454, -2.50113, -0.00257636, -0.00146293, -0.00329519, 
127, 36070, 10.7901, -30.7597, 29.1605, 8.08571e-05, 0.00189166, -0.00135876, 
128, 60243.7, 33.1937, -4.19914, 29.494, -0.00166088, 0.0016694, -0.0018094, 
129, 66572.3, 8.9642, -16.3087, -26.0754, 0.00166807, 0.00427096, 0.00268497, 
130, 41874.2, -28.7673, 20.7774, -19.1351, 0.00186395, -0.00108747, 0.00327304, 
131, 116662, -28.0056, 9.72446, 14.0421, 0.00303713, 0.00171971, -0.0019353, 
132, 109779, -9.53169, -5.05878, 25.8161, 0.000218941, 0.000609373, -0.00231511, 
133, 456997, -19.2611, 12.3473, -3.13737, 0.00275894, -0.000254644, 0.00065626, 
134, 2780.32, 5.69974, 15.4521, -1.53918, -8.30701e-05, -0.00374693, -0.000461798, 
135, 102119, 11.5417, -8.08275, -16.8035, 0.0028079, -0.00105161, 0.00131977, 
136, 164662, -21.34, 4.22384, -14.5479, 0.0024089, 0.000237214, 0.00221736, 
137, 84084.3, 15.7613, 14.5867, -14.8585, -0.00206881, -0.00322602, 0.00310981, 
138, 245299, -28.2639, -11.1074, -8.28831, 0.00233097, 0.00135298, 0.000950683, 
139, 102038, -6.74085, -7.07657, 29.3638, -0.000533241, 0.00120141, -0.00307089, 
140, 146704, -25.5534, -19.9824, 30.9997, 0.000140965, 0.00173627, -0.00204403, 
141, 170925, 38.9741, 34.8152, 32.4367, -0.00116163, -0.00072033, -0.00149825, 
142, 107951, 21.7893, -10.4477, -17.7035, -0.00376511, 0.000771009, 0.000912582, 
143, 64717.1, -7.31045, -10.0394, 1.37119, -0.000637971, 0.00257691, 0.00120046, 
144, 28582.1, 17.8352, 21.667, 4.35633, 0.00152414, -0.00330912, -0.00207858, 
145, 18763.1, -35.8115, -19.6363, -24.5643, 0.00203426, 0.00111621, 0.00131728, 
146, 44368.5, 3.23226, 19.0384, -3.42093, -0.00163088, -0.00557205, 0.00403205, 
147, 247503, 3.67684, 2.13935, -20.812, 0.000437861, 0.000469765, 0.000612787, 
148, 54470.7, -11.2155, -5.45772, 20.9887, 0.000114278, 0.00238954, -0.00149384, 
149, 158577, 18.927, 16.9567, -10.4783, -0.000231666, -4.72918e-05, 0.00140088, 
150, 59031.2, 12.6688, -0.514468, 11.7509, -0.000463452, 0.00152957, -0.00108429, 
151, 120654, 10.2665, -14.1967, -24.6583, -0.00353238, 4.17022e-05, 0.00220758, 
152, 33810.4, 18.1938, 19.1027, -17.8548, -0.00156697, -0.00356795, 0.00549785, 
153, 52884.6, -14.2348, 13.4532, 13.5754, 9.9858e-05, 0.00207694, -0.000954814, 
154, 76725.2, 41.247, -30.3934, 38.7655, -0.00135369, 0.00148944, -0.00200664, 
155, 2384.17, -30.122, -5.22247, -6.06434, 0.00196906, 0.00217571, 0.00118453, 
156, 54252.8, 7.82728, -14.4693, -20.8332, 0.00356934, -0.00257708, 0.00193965, 
157, 18995.8, 25.5539, 18.4781, -0.134461, -0.00554329, -0.0013647, 0.000302495, 
158, 133837, -18.1498, 4.01668, -5.19705, 0.0012039, 0.00158996, 0.000614449, 
159, 166899, 10.421, -10.1562, -22.0542, -0.00350545, 0.0025678, 0.00246975, 
160, 192252, 29.9526, 16.6157, -1.40188, -0.0027051, -0.000966071, 8.09609e-05, 
161, 17027.9, -23.9504, 10.6276, 28.8009, -0.00165411, 0.000370718, -0.002254, 
162, 130287, -34.7919, -10.4154, 31.6894, 0.00206745, 0.000886689, -0.00149013, 
163, 72430.1, 11.4884, -5.88968, -23.5381, -0.000174159, 0.000530337, -0.000587064, 
164, 60583, -17.7972, 7.64232, -0.292034, 0.000676558, 0.0010921, -0.000892056, 
165, 38146.6, -27.1972, 28.3441, 5.89942, 0.00125371, -0.00278307, -0.000525137, 
166, 1307.56, -30.0837, -11.9317, 32.321, 0.000808084, 0.000439669, -0.00259005, 
167, 124087, 3.01327, 19.0563, -3.30802, 0.00513625, -0.000276818, -0.00117671, 
168, 30066.1, 0.975498, 17.6205, -4.62754, -0.00207312, -0.000458175, -0.00140273, 
169, 177463, -15.0362, 16.3454, -3.52975, 0.00306868, -0.00436253, -0.000614311, 
170, 1123.4, 20.632, -24.7317, -12.1424, -0.000171569, 0.00353382, 0.000100979, 
171, 71647.5, 34.9758, 32.2139, -12.1033, -0.00215697, -0.0023088, 0.000685358, 
172, 73299.5, 12.3394, 5.16271, 16.5067, -0.000590063, 0.000478319, -0.00322383, 
173, 120519, 9.12989, -18.3816, -29.0222, -0.000298, 0.000518524, 0.00305615, 
174, 243541, -13.3554, -19.2257, -27.5225, 0.00162776, 0.00172374, 0.00190122, 
175, 232847, 2.85455, 19.3139, -4.16854, 0.00130477, -0.00187086, 0.000177592, 
176, 50296.6, -24.7549, -0.265557, -1.91385, 0.00268077, 0.000818683, 2.76792e-05, 
177, 17627.5, 5.40001, 1.93928, -6.84135, 0.0017522, -0.00023124, 0.00292364, 
178, 115556, 0.866173, 2.46855, -21.7295, -0.00332177, -0.00051891, 0.00174762, 
179, 21083.5, -17.6386, 22.3454, -17.1438, 0.000359155, -0.00183011, 0.00207883, 
180, 120384, 10.9584, 12.8792, -28.202, -0.000299468, -0.001725, 0.00330432, 
181, 104093, -6.86764, -9.74022, 1.34633, 0.00117186, 0.00202143, -0.00162916, 
182, 90014.4, 13.0865, 4.58799, -16.9308, 0.000728916, -0.000972627, 0.00200955, 
183, 39510.6, -26.6513, -10.6132, -9.04997, 0.00073874, -0.000146501, 0.00300106, 
184, 37719.2, -27.8465, -13.9204, -10.1639, 0.000990921, 0.00364004, 0.00105678, 
185, 182373, 1.05475, 16.1369, -4.47495, -0.00169329, -0.0026693, -0.000564786, 
186, 153608, 10.0855, -16.3263, -23.3112, 0.000326341, 0.00233135, 0.00240505, 
187, 201002, 18.3422, -20.2136, 25.1901, -0.000336256, 0.00135068, -0.00163436, 
188, 658.569, 34.7781, -5.22757, 28.7323, 0.00123974, 0.00157809, -0.00271224, 
189, 143642, -24.2959, -19.5478, 33.9241, 0.00126323, 0.00148335, -0.000513637, 
190, 250454, -27.657, 20.1679, -14.677, 0.0024189, -0.00163187, 0.00146354, 
191, 55591.1, 23.1956, 19.2749, 2.96415, 0.00251247, -0.00446308, -0.00109932, 
192, 141084, 24.133, -16.6919, -12.4677, -0.000718148, 0.00224656, 0.000701236, 
193, 52387.2, 16.6861, -10.1577, -19.9766, -0.00360555, 0.000783619, 0.00254778, 
194, 39745, 38.1605, -28.9919, 31.0226, -0.000944941, 0.000641514, -0.000841283, 
195, 89443.4, 23.4324, 13.7662, 0.0118344, -0.00128332, 0.00224725, -0.000292584, 
196, 196180, 17.9277, 17.4121, -9.22961, -0.00126283, -0.0038128, 0.00262231, 
197, 56906.6, -14.4665, 17.3518, -2.67818, -0.00180453, -0.000882801, 0.00316729, 
198, 249087, 31.1108, -22.9353, -3.33354, -0.00300262, 0.00212467, -0.00186922, 
199, 137680, -29.645, 18.7425, 26.1364, 0.00126154, -0.00145593, 0.00051128, 
