ID, Mass [kg], pos_0 [m], pos_1 [m], pos_2 [m], vel_0 [m/s], vel_1 [m/s], vel_2 [m/s], 
0, 280921, 57.2642, 173.796, 51.6815, -4.82279e-05, -5.89563e-05, 6.46868e-06, 
1, 149137, 138.122, -186.602, 197.235, -1.67813e-05, 2.52687e-05, -2.83302e-05, 
2, 50446.3, -111.952, 24.1016, -22.1385, 2.58768e-05, 5.83411e-07, -1.88135e-05, 
3, 41485.9, 59.1649, -66.0635, 152.676, -7.27128e-06, 1.71514e-05, -4.21037e-05, 
4, 9933.15, -38.6884, -27.2448, -81.1298, 8.81039e-06, -5.80955e-06, 2.15849e-05, 
5, 66967.5, 120.929, -9.50586, 7.77229, -3.49983e-05, 3.53508e-06, -1.81769e-06, 
6, 46662.8, -80.7157, 58.5526, -181.249, 9.46408e-06, 1.40571e-06, 5.07017e-05, 
7, 97754.2, 82.2018, -21.4243, -179.67, -4.53377e-06, -1.39005e-05, 4.81644e-05, 
8, 255643, 18.8484, 168.431, -125.432, 4.76286e-07, -3.33162e-05, 2.8244e-05, 
9, 417487, -84.454, -147.365, -17.8179, 6.38642e-06, 3.61238e-05, 3.32345e-06, 
10, 142825, 169.429, 150.735, 22.541, -3.39396e-05, -1.72605e-05, -2.53907e-06, 
11, 100784, 84.9136, -69.268, -47.8179, -3.03995e-05, 1.46171e-05, 2.18815e-05, 
12, 103879, -37.63, 170.149, 175.855, 7.01622e-06, -3.18416e-05, -3.33292e-05, 
13, 18497, 111.279, -50.3295, 113.197, 9.155e-05, -4.67913e-05, 9.57152e-05, 
14, 142719, 80.714, -39.7561, -118.532, -2.65399e-05, 1.23231e-05, 2.15333e-05, 
15, 24734, 41.2321, 17.4382, 66.625, -2.48673e-05, -2.74724e-05, -2.56414e-06, 
16, 60638.9, 25.8933, -28.8455, -54.5007, 4.59241e-06, 5.6868e-06, 2.16289e-05, 
17, 156413, 35.8015, -57.6016, 142.575, 4.29524e-06, 8.47685e-06, -4.52378e-05, 
18, 40614.3, 81.9316, 40.6301, 72.0917, -2.51266e-05, -1.72009e-06, -1.8613e-05, 
19, 80054.7, 38.8663, -39.7824, -33.2659, 1.28403e-05, 2.94114e-05, 1.40555e-05, 
20, 20188.5, 79.5763, 157.487, -165.708, -3.88401e-06, -1.57898e-05, 3.81633e-05, 
21, 52898.6, 113.465, 15.6058, -133.914, -2.37532e-05, -5.99455e-07, 3.53224e-05, 
22, 70476.7, -187.819, -83.166, -102.822, 3.40331e-05, -1.37122e-05, 1.95475e-05, 
23, 97799.1, -100.88, 87.183, -70.8169, 1.7367e-05, -2.42182e-05, 7.00215e-06, 
24, 31591, 150.93, 135.054, -191.347, -3.59799e-05, -3.65584e-05, 4.95151e-05, 
25, 362159, -48.3145, -176.57, -169.549, 1.08068e-06, 4.15846e-05, 2.05791e-05, 
26, 54079.9, -136.135, 57.6444, 158.084, 2.11843e-05, -2.06389e-06, -2.92661e-05, 
27, 71083.6, 173.613, 198.345, 9.47656, -2.98854e-05, -4.07095e-05, -8.91522e-07, 
28, 49965.9, 57.2184, 26.8268, 66.1008, -1.01601e-05, -1.24785e-05, -2.39334e-05, 
29, 13380.9, -59.5872, -157.336, 80.5598, -1.20063e-05, 3.04018e-05, -3.5953e-05, 
30, 295051, 167.64, -41.2542, 21.926, -3.9858e-05, -1.1627e-06, 7.66233e-06, 
31, 167525, -59.6447, -137.067, 135.973, 6.59962e-06, 2.87923e-05, -2.20538e-05, 
32, 9620.01, -81.0619, 116.304, -132.29, 1.38789e-05, -2.77381e-05, 1.43673e-05, 
33, 72411.2, 15.2443, -87.3695, -159.297, 3.92021e-07, 2.06741e-05, 2.59281e-05, 
34, 19982.7, -103.873, -36.9758, 142.274, 1.94773e-05, 5.12894e-06, -2.51761e-05, 
35, 40945.2, -11.7668, 185.546, 181.102, 4.05727e-06, -3.37741e-05, -3.43915e-05, 
36, 88463.2, 117.135, -39.0695, 158.318, -1.75841e-05, -1.46226e-06, -3.9244e-05, 
37, 37051.3, -88.214, -118.001, -13.1497, -3.61361e-05, 1.25206e-05, -1.43757e-05, 
38, 18264.2, -158.418, 125.152, 0.652325, 2.50793e-05, -2.5128e-05, 1.71566e-06, 
39, 113580, 109.334, -182.731, -176.566, -1.83623e-05, 2.84186e-05, 3.00863e-05, 
40, 4383.14, 125.432, 80.203, 24.1169, -2.86754e-05, -8.82305e-06, -4.60732e-06, 
41, 99803.5, -4.14485, -130.762, 120.6, 1.23453e-05, 3.16345e-05, -1.18439e-05, 
42, 19049.6, 74.9503, -183.184, 76.3365, -9.33304e-07, 3.72713e-05, -4.90916e-06, 
43, 59175.5, 145.27, 181.664, 23.5555, -1.74154e-05, -4.12259e-05, 2.19638e-06, 
44, 106282, 138.414, 1.13126, -101.404, -3.98805e-05, 7.06201e-06, 2.35179e-05, 
45, 85925.5, 138.965, 89.1612, -81.6912, -3.3912e-05, -8.90499e-06, 1.95233e-05, 
46, 75101.4, -38.2418, -13.2994, -23.0908, 1.29631e-05, 1.164e-05, 3.2457e-06, 
47, 112110, 134.538, 6.06005, -64.3072, -4.1536e-05, 9.76821e-06, 1.40788e-05, 
48, 15845.1, -157.094, 7.32143, 18.373, 3.7526e-05, 3.17718e-06, -6.98607e-06, 
49, 578756, -95.258, 187.504, -143.313, 1.22936e-05, -3.69005e-05, 1.6661e-05, 
50, 236989, -174.766, -177.925, -177.262, 3.83896e-05, 2.47263e-05, 4.67769e-05, 
51, 42192.7, -39.8617, -44.9546, 128.864, 1.31525e-05, 1.46035e-05, -2.9257e-05, 
52, 2833.87, 57.3499, -126.34, 185.994, -2.66344e-06, 1.61377e-05, -4.97285e-05, 
53, 20885.3, -103.109, -148.587, 163.894, 1.94635e-05, 2.30342e-05, -3.71516e-05, 
54, 59239.7, 92.5082, 22.4803, 16.6581, -3.1214e-05, -5.79297e-06, 4.08921e-06, 
55, 68616.1, -106.563, -147.997, -181.84, 1.43219e-05, 2.20022e-05, 5.13345e-05, 
56, 140806, 179.894, -91.8305, 98.0119, -3.74972e-05, 3.61499e-05, -5.0932e-06, 
57, 47680.3, -44.9187, -55.9264, -182.081, 5.51521e-05, 3.41868e-05, 3.95887e-05, 
58, 142649, 41.0139, 174.808, 46.4232, 2.37907e-05, -5.63618e-05, 2.19442e-05, 
59, 121601, 110.728, -117.159, -124.53, -2.35415e-05, 2.05073e-05, 2.06647e-05, 
60, 48784.1, -182.227, 189.497, 191.342, 2.00759e-05, -3.82319e-05, -3.0579e-05, 
61, 212902, 14.2052, -69.6934, -180.381, 6.36764e-06, 7.26558e-07, 4.92543e-05, 
62, 33750, -190.957, -124.454, -130.706, -2.37964e-05, 6.35852e-06, 5.40784e-05, 
63, 103881, 166.339, -188.362, 141.03, -2.46792e-05, 3.80955e-05, -2.44119e-05, 
64, 144035, 74.2204, 132.714, 36.444, -2.30019e-05, -2.25632e-05, 8.45459e-07, 
65, 255917, -180.681, -80.8002, -153.705, 4.55383e-05, -1.58456e-06, 2.6685e-05, 
66, 45051.8, 169.184, -70.6564, 42.7364, -4.68171e-05, 2.81629e-05, -5.92361e-06, 
67, 211462, 80.62, -69.6622, -15.8944, -2.75267e-05, 1.61766e-05, -4.14461e-06, 
68, 84771.9, 185.928, -182.058, 129.902, -3.80119e-05, 2.9534e-05, -1.28443e-05, 
69, 71798.4, -96.6232, -48.7156, 154.854, 1.71766e-05, 4.4946e-06, -3.76219e-05, 
70, 1322.42, -142.895, 159.3, 99.7891, 1.56536e-05, -4.27418e-05, -2.42483e-05, 
71, 75224.8, -45.1425, 150.922, 91.4451, 3.07269e-05, -2.31066e-05, -3.3858e-05, 
72, 52782.9, -40.6459, -192.488, -84.6963, 3.64977e-06, 4.71542e-05, 3.33394e-06, 
73, 79840.9, -174.247, 152.517, -170.203, 2.39731e-05, -2.65825e-05, 2.0952e-05, 
74, 104228, 96.6987, 88.1679, 95.4543, -2.29443e-05, -1.16394e-05, -9.03373e-06, 
75, 2482.41, 92.0146, -17.9013, 66.0214, -3.27637e-05, 6.47521e-06, -7.6578e-06, 
76, 154427, -67.4787, 138.566, 189.76, 5.71613e-06, -2.69834e-05, -4.06046e-05, 
77, 8290.76, -122.228, -33.3916, 35.5859, 2.42278e-05, 1.11404e-05, -9.44476e-06, 
78, 331032, -72.7154, -114.403, 181.013, -1.15569e-05, 1.46719e-05, -7.20661e-05, 
79, 124.402, 190.391, -177.886, -8.6963, -4.17942e-05, 2.92352e-05, 1.799e-07, 
80, 282082, 115.955, 91.1642, -154.127, -2.65108e-05, 5.24445e-05, 4.72755e-05, 
81, 84879.9, -65.8404, -199.672, -175.318, 1.41798e-05, 5.26917e-05, 2.98029e-05, 
82, 17833.5, -143.111, -34.8822, 54.9334, 2.3821e-05, 9.24301e-06, -1.38458e-05, 
83, 107049, 101.933, 43.0326, -38.6539, -2.46861e-05, 9.54948e-06, -1.50423e-06, 
84, 82132.9, -143.31, 162.719, -55.1463, 4.25916e-05, -4.8349e-05, -4.85728e-06, 
85, 30550, 165.001, -29.2277, 114.439, -3.92758e-05, -2.03582e-06, -1.7397e-05, 
86, 86214.3, -114.059, 28.2312, -36.0013, 3.01893e-05, -2.93998e-06, -1.02625e-05, 
87, 208788, -173.737, 86.261, 195.062, 2.17485e-05, -6.72394e-07, -3.60844e-05, 
88, 27619.9, -111.149, 187.278, 168.312, 1.01284e-05, -0.000101367, -3.61153e-05, 
89, 15196.8, -66.0373, 170.07, 70.6083, 1.46461e-05, -3.9201e-05, -4.19846e-06, 
90, 17206.4, 58.5961, 65.9753, -17.5992, -9.51326e-06, -1.36129e-05, -2.60655e-06, 
91, 238697, -155.925, -90.8176, -181.132, 2.82023e-05, -3.39635e-06, 4.61841e-05, 
92, 21618, 144.861, 83.5568, 11.9839, -3.52788e-05, -9.72584e-06, -8.52086e-06, 
93, 93343.4, 132.514, -64.5886, 132.693, -4.53084e-05, 2.85866e-05, -3.5832e-05, 
94, 71437.8, -134.539, -179.643, -20.5633, 9.36813e-06, 5.67818e-05, 3.16672e-06, 
95, 66240.3, 153.826, -69.7061, -109.512, -3.98292e-05, 1.77853e-05, 2.56788e-05, 
96, 77123.1, -77.342, 131.866, 44.4247, 2.59047e-05, -2.47877e-05, -9.24523e-06, 
97, 7278.21, -193.883, -70.0121, 188.427, 2.94221e-05, 1.33536e-05, -2.62871e-05, 
98, 42026.4, 52.5619, -154.465, -180.082, -1.3229e-05, 2.75938e-05, 4.13079e-05, 
99, 52939.5, 120.883, 143.209, 7.48293, -2.63402e-05, -3.65233e-05, -3.14251e-06, 
100, 38590.4, 45.094, 125.758, 188.94, 7.56806e-06, -2.71052e-05, -4.81693e-05, 
101, 63474.3, -187.564, 164.578, -193.91, 2.54015e-05, -3.14195e-05, 2.68773e-05, 
102, 124280, 3.8479, -162.588, -127.696, -1.3639e-06, 3.80134e-05, 1.97672e-05, 
103, 80739.6, -175.125, -103.269, -199.034, 3.76879e-05, 1.14349e-05, 4.67284e-05, 
104, 8869.04, 97.7287, 175.469, -78.6716, -5.93962e-06, -4.71345e-05, 1.14669e-05, 
105, 125612, 189.906, 161.918, 15.7497, -4.87916e-05, -2.55924e-05, 7.8924e-07, 
106, 19753.6, -1.81102, -196.78, 139.802, 6.44036e-06, 3.93952e-05, -2.00548e-05, 
107, 95859.1, 112.502, -123.942, 82.6254, -2.18661e-05, 2.06904e-05, 1.21765e-06, 
108, 21407, 118.143, -107.19, 185.784, -1.72147e-05, 2.20354e-05, -4.18036e-05, 
109, 355183, -77.03, 188.379, -196.537, 4.36518e-07, -2.92513e-05, 3.55661e-05, 
110, 12025, -12.1648, -120.429, 65.634, 8.57333e-06, 2.92024e-05, -1.02565e-05, 
111, 175878, 180.646, 190.897, 157.893, -3.05653e-05, -3.76945e-05, -1.28633e-05, 
112, 23630.5, 68.2362, 171.778, -61.9719, -9.5069e-06, -4.66325e-05, 2.34241e-05, 
113, 6031.1, 183.562, 165.004, -16.7232, -4.23135e-05, -2.41237e-05, -1.84476e-07, 
114, 207555, 193.368, 78.2402, 182.6, -4.43806e-05, 1.47312e-06, -3.34307e-05, 
115, 304955, 48.6517, -170.468, 158.542, 5.03859e-06, 3.53454e-05, -3.73732e-05, 
116, 32538.4, 100.794, 179.514, 105.17, -1.35976e-05, -3.89188e-05, -1.27125e-05, 
117, 75178.7, 164.205, 146.51, 178.649, -2.6771e-05, -3.98034e-05, -3.25258e-05, 
118, 115149, 58.6612, -158.864, 5.51895, -7.30738e-06, 3.98328e-05, -2.59433e-06, 
119, 39187.2, -176.748, -47.0522, -133.583, 3.80107e-05, -2.24552e-06, 2.48266e-05, 
120, 260132, 182.691, 152.67, -114.266, -3.44115e-05, -3.65942e-05, 1.06478e-05, 
121, 164.449, 146.801, -86.1303, 84.083, -4.98934e-06, 2.06358e-05, 1.92103e-06, 
122, 72328.1, 53.1274, -124.973, -22.4478, -2.30273e-05, 2.75084e-05, 1.54502e-06, 
123, 191160, 32.33, -184.859, -199.25, -7.56782e-06, 2.92725e-05, 3.59946e-05, 
124, 335649, 40.9316, -114.107, 96.7123, 4.02354e-06, 9.23836e-06, -5.00551e-06, 
125, 42189.1, -199.769, -103.097, -136.868, 5.15973e-05, 7.43013e-06, 2.10272e-05, 
126, 135736, 110.292, -39.6411, 15.0149, -2.98155e-05, 1.03371e-05, -2.78373e-06, 
127, 3895.45, 193.084, 163.019, 171.627, -7.01621e-05, -3.87992e-05, -2.09154e-06, 
128, 3162.09, -128.29, -10.4894, -136.61, 3.18539e-05, 1.6688e-06, 1.78622e-05, 
129, 14972.2, -70.4341, 65.5369, -112.54, 2.51705e-06, -3.50709e-06, 1.62022e-05, 
130, 2204.3, 93.863, -52.6831, -176.547, -2.60802e-05, 2.89627e-05, 4.35908e-05, 
131, 53467.8, -31.1541, -186.822, -122.193, 2.56002e-06, 4.65754e-05, 1.28071e-05, 
132, 9019.17, -192.193, 82.8999, 55.1402, 5.67656e-05, 2.14876e-06, -7.70974e-06, 
133, 75971.7, -55.8117, 57.9243, 87.1021, 1.21749e-05, -5.64739e-06, -2.53292e-05, 
134, 53116.9, 183.291, -55.2526, 4.07744, -5.76647e-05, 4.06423e-06, 1.45823e-05, 
135, 59974, 192.957, -44.4418, -172.98, -3.5112e-05, 1.96935e-06, 2.73134e-05, 
136, 59642.4, -184.677, -41.6791, -59.1021, 5.14351e-05, 3.46235e-06, 5.50234e-06, 
137, 26631.6, -44.4954, 108.916, -127.371, -6.78103e-06, -3.05961e-05, 1.28306e-05, 
138, 52317.3, -30.9411, 172.07, 17.7041, 6.09767e-06, -4.10362e-05, 1.84374e-06, 
139, 15542.6, -119.447, 49.6762, 194.094, 1.71919e-05, -4.06053e-06, -4.12652e-05, 
140, 36217, 28.7643, -45.9298, -158.34, 5.6708e-05, 6.82852e-05, 0.00014134, 
141, 14570.2, 144.213, 87.1473, 173.981, 1.00967e-05, 3.41146e-05, -2.9965e-05, 
142, 134592, 87.0767, 102.082, 140.497, -1.18191e-05, -7.46901e-06, -1.27585e-05, 
143, 1851.55, 23.4416, 6.01372, 130.113, 6.06911e-07, 1.02565e-06, -3.93634e-05, 
144, 43063.4, -146.975, 10.2043, 60.4474, 2.98572e-05, 1.22648e-06, -1.20084e-05, 
145, 18286.9, 150.73, 37.8537, -15.5861, -4.06184e-05, 4.39844e-07, -3.90039e-06, 
146, 26541.1, -116.932, 173.998, -118.514, 3.02568e-05, -3.14553e-05, 8.80655e-06, 
147, 8663.67, -66.2864, -146.339, -73.9264, 7.92984e-06, 3.40684e-05, -7.36134e-06, 
148, 163581, 148.5, 122.764, -181.649, -3.23513e-05, -8.37335e-06, 2.77945e-05, 
149, 107209, 32.6183, -92.5361, -15.0307, -1.58858e-05, 3.80156e-05, -1.51111e-06, 
150, 50934.3, -53.6743, -83.1828, 140.648, 6.07284e-06, 1.55863e-05, -2.93314e-05, 
151, 164542, -40.4593, 24.0436, -56.0195, 1.22909e-05, 8.92965e-07, 1.67829e-05, 
152, 122136, -165.231, -29.5919, 43.0923, 3.45429e-05, 1.11548e-05, -1.77294e-05, 
153, 160436, 91.2359, 6.45379, 102.376, -2.45835e-05, -1.96333e-06, -2.34867e-05, 
154, 69121.8, -68.3571, 104.456, 114.013, 1.73915e-05, -1.49736e-05, -2.12083e-05, 
155, 76747.4, 145.196, 104.938, 150.307, -2.24755e-05, 2.62216e-06, 4.23491e-06, 
156, 31683.4, 195.535, -193.74, 63.3327, -3.46018e-05, 3.25993e-05, -7.46128e-06, 
157, 27956.6, -149.188, -114.611, -48.66, 2.26745e-05, 3.49368e-05, 1.30293e-05, 
158, 95642.5, -42.7586, 103.046, 116.801, 8.38228e-06, -1.46191e-05, -2.09531e-05, 
159, 32134.9, -118.56, -8.92976, 124.64, 2.80116e-05, 0.000147024, 6.39387e-05, 
160, 98272.6, -2.42263, -95.8186, 169.203, 5.08337e-06, 1.60905e-05, -4.23443e-05, 
161, 21117.1, -27.3913, 27.3422, -183.683, -1.9648e-06, -3.29644e-06, 5.1686e-05, 
162, 5265.15, 50.2702, -26.8291, -33.5304, 4.48046e-05, -3.40276e-06, 3.03149e-05, 
163, 24911.8, -109.646, -176.893, -123.926, 1.50896e-05, 9.13293e-05, 4.05651e-06, 
164, 2675.35, -170.402, -189.288, -180.871, 1.11916e-05, 8.27863e-05, 4.96304e-05, 
165, 188114, 77.1693, 118.562, 169.261, 7.93271e-06, -4.4084e-05, -4.22316e-05, 
166, 218499, -167.002, -81.1085, 114.796, 3.22878e-05, 1.40556e-05, -1.96487e-05, 
167, 3366.32, -82.8917, -52.0034, 25.5924, 1.68318e-05, 1.20657e-05, -2.48016e-06, 
168, 171467, -21.0088, 137.539, 76.3874, 5.3381e-06, -1.96651e-05, -1.16293e-05, 
169, 29402.8, -174.405, -6.38765, -184.339, 2.14649e-05, -6.68689e-06, 2.72084e-05, 
170, 9574.81, 119.209, -11.8446, -20.9477, -3.4718e-05, 7.42689e-06, 6.46524e-06, 
171, 404502, 158.444, -57.7108, 190.924, -3.04006e-05, 1.26769e-05, -3.97679e-05, 
172, 230768, -110.984, 176.64, 166.393, 9.70721e-06, -2.26646e-05, -2.3154e-05, 
173, 76261.3, 147.357, -177.569, 31.326, -2.40322e-05, 4.0532e-05, -2.66894e-06, 
174, 150683, -116.187, 195.115, -191.691, 2.06703e-05, -3.33084e-05, 3.37444e-05, 
175, 27057.9, 127.258, -62.4297, 170.525, -2.30806e-05, 1.15252e-05, -4.026e-05, 
176, 27548.3, 130.2, 16.304, 24.431, -3.69103e-05, -9.76095e-07, -5.69661e-06, 
177, 54278.4, 78.2342, 103.02, -97.7047, -1.76092e-05, -2.79005e-05, 2.59476e-05, 
178, 45486, -62.268, 105.541, 77.5388, 1.40083e-05, -1.77789e-05, -1.38542e-05, 
179, 171.788, 7.20249, 191.374, -141.161, 3.84106e-06, -4.34802e-05, 2.98087e-05, 
180, 65953.7, 127.678, -84.6245, 17.5844, -3.62972e-05, 8.63848e-07, 2.0351e-05, 
181, 21018.2, -175.668, 135.687, -78.0819, 3.29511e-05, -2.69641e-05, 1.08451e-05, 
182, 13595.7, 81.7746, -93.3675, -198.059, -2.03169e-05, 1.68627e-05, 4.77865e-05, 
183, 993.895, 73.5211, -170.557, -155.594, -1.3675e-05, 3.25936e-05, 3.45616e-05, 
184, 8606.48, 82.6409, 15.7386, -59.0411, -1.55583e-05, 1.95982e-06, 1.71295e-05, 
185, 150226, -197.878, 41.9251, -174.493, 5.32057e-05, -1.91859e-06, 5.62838e-05, 
186, 429178, -187.532, 34.3137, 128.333, -1.51472e-05, 3.21896e-06, -2.06132e-05, 
187, 117798, -48.4203, -109.114, -77.0827, 9.4052e-06, 2.05591e-05, 5.87972e-06, 
188, 203405, 67.9159, -57.6932, -171.087, -7.02268e-06, 2.75176e-05, 5.32961e-05, 
189, 139725, -117.882, -152.412, 73.6309, 2.17151e-05, 2.35703e-05, -1.67454e-05, 
190, 115574, -170.92, 172.973, 32.5594, 3.41538e-05, -3.65322e-05, -4.20953e-06, 
191, 187198, 125.898, -117.771, -8.46394, -2.51809e-05, 1.45858e-05, -2.78855e-06, 
192, 13633.8, -47.4947, 133.144, 60.0706, 1.50337e-05, -2.38366e-05, -4.13784e-06, 
193, 162929, -118.383, -99.3297, 40.8563, -5.79206e-05, 9.73314e-06, 0.000165779, 
194, 5831.63, 112.028, 11.645, -144.031, -2.41286e-05, 2.3036e-06, 4.89322e-05, 
195, 266424, 34.9953, -84.4284, -179.656, -1.59957e-05, 2.04365e-05, 4.71678e-05, 
196, 302030, -105.301, 115.728, -31.6498, 2.43764e-05, -1.97589e-05, -7.56727e-06, 
197, 99224.4, -158.106, 124.661, -124.848, 2.79695e-05, -2.31113e-05, 1.80399e-05, 
198, 144330, -112.137, 27.9054, -50.0028, 1.99881e-05, 6.60407e-06, 2.42084e-05, 
199, 173484, -172.036, -129.596, 193.127, 2.31256e-05, 1.46837e-05, -2.82721e-05, 
200, 52902.4, -91.8561, 193.063, -166.703, 5.28243e-06, -4.36404e-05, 4.48265e-05, 
201, 131523, 74.0239, -10.7365, -3.15824, -2.96083e-05, -4.14283e-06, -1.58069e-05, 
202, 33478.7, 109.813, 139.239, 140.849, -1.94043e-05, -3.51054e-05, -1.44022e-05, 
203, 38116.5, -34.7397, -152.196, 41.552, -3.35218e-06, 3.50016e-05, -9.82158e-06, 
204, 49684.2, 42.8623, -55.0634, -31.8359, -2.81978e-06, 2.62076e-05, 7.21856e-06, 
205, 23451.3, 108.761, 59.0824, -31.0345, -3.374e-05, -1.02014e-05, -1.06136e-05, 
206, 272815, -164.13, 185.453, 145.972, 2.15912e-05, -3.4494e-05, -1.84219e-05, 
207, 108283, -50.3383, 70.9347, -54.2848, 5.26742e-06, -1.14362e-05, 1.05967e-05, 
208, 47217.4, -57.4442, 42.0147, -182.169, 7.0565e-06, -1.30667e-06, 5.62232e-05, 
209, 57941.2, 26.8212, 174.908, 89.7312, 6.5526e-08, -4.592e-05, -4.37196e-05, 
210, 45766, -198.656, 42.2471, -74.3085, 4.74551e-05, -4.32796e-06, 1.11278e-05, 
211, 171964, -146.396, 67.0987, 43.4229, 3.20852e-05, -3.4666e-06, -1.02138e-05, 
212, 55787.4, -82.4979, 41.1096, 120.595, 1.50327e-05, -1.01121e-06, -2.67473e-05, 
213, 8131.2, -127.872, -119.179, -118, 1.67228e-05, 8.96323e-06, 2.23734e-06, 
214, 118657, 151.8, -152.174, 47.346, -2.0593e-05, 3.0074e-05, 3.02002e-06, 
215, 44021.9, 181.667, -174.892, 148.844, -3.41526e-05, 1.95242e-05, -3.16848e-05, 
216, 19352.3, -124.123, -105.762, -168.696, 7.71996e-06, 1.24022e-05, 2.10081e-05, 
217, 5382.32, -157.295, 153.947, 68.7687, 3.93996e-05, -3.37728e-05, 2.30342e-05, 
218, 27041.9, 41.7696, -183.382, -145.758, -1.78444e-05, 4.24214e-05, 2.29121e-05, 
219, 270870, -153.433, -175.616, -162.352, 1.74905e-05, 3.58603e-05, 1.95835e-05, 
220, 170672, -69.2897, -159.511, 69.3598, 6.51831e-06, 3.4964e-05, -1.32609e-05, 
221, 2772.51, 41.8417, 198.702, 66.2127, -1.02154e-05, -7.74209e-05, -8.85105e-06, 
222, 80847.1, 65.0332, -53.6157, 82.5798, -1.55825e-05, 1.14722e-05, 2.33545e-07, 
223, 150861, -19.4391, 36.0226, -29.7831, 1.09677e-05, -1.00593e-08, 1.445e-05, 
224, 92156.8, -131.724, -193.578, -65.183, 1.85804e-05, 4.39391e-05, 6.91365e-06, 
225, 314743, 71.6331, 20.1034, 38.6777, -2.32384e-05, 7.7832e-07, 1.33901e-05, 
226, 63068.6, 80.2467, -55.0225, -154.647, -2.98528e-05, 1.30201e-05, 1.52756e-05, 
227, 58921.6, 102.238, -131.705, 107.623, -3.69787e-05, 1.417e-05, -2.50898e-05, 
228, 4673.13, -184.289, -148.393, -91.9636, 3.90103e-05, 3.14638e-05, 5.87613e-06, 
229, 36281.7, -83.0319, 149.474, -41.8957, 1.23295e-05, -3.66502e-05, 1.29472e-05, 
230, 138196, 16.798, 129.827, 139.403, 1.83789e-06, -2.4149e-05, -2.79112e-05, 
231, 119501, -66.1011, -27.9717, 101.076, 1.67286e-05, 8.09352e-06, -2.12878e-05, 
232, 69872.3, 126.53, 11.8369, -5.42317, -3.52414e-05, -1.80786e-07, 3.30192e-07, 
233, 89685.4, 76.4374, -115.893, 88.5807, -1.57359e-05, 1.90998e-05, -3.70425e-06, 
234, 64918, 165.284, -149.392, 53.8452, -4.78428e-05, 2.25834e-05, -2.93602e-06, 
235, 69504.8, 130.421, 47.5617, 158.394, -2.40252e-05, -1.80511e-06, -2.25511e-05, 
236, 175029, 104.063, -91.7868, -148.395, -2.57629e-05, 1.65865e-05, 3.12241e-05, 
237, 26898, -105.007, -168.078, 91.0609, 1.19299e-05, 3.70497e-05, -2.50455e-05, 
238, 225724, -157.091, 176.25, -9.06198, 2.42074e-05, -3.57342e-05, -2.45267e-06, 
239, 44642.4, 55.2705, -161.122, 39.4973, -1.87251e-05, 3.73026e-05, -8.846e-06, 
240, 193826, 136.771, 1.22848, 195.238, 7.84057e-05, -5.86082e-05, -1.83704e-05, 
241, 213589, 122.84, 194.611, 178.195, 5.36273e-06, -3.33046e-05, -2.87386e-05, 
242, 127263, -116.972, -5.41683, -162.615, 2.88329e-05, -6.55519e-06, 4.6462e-05, 
243, 90266.2, 140.623, 197.765, -168.217, -1.78917e-05, -3.40705e-05, 2.93837e-05, 
244, 315041, -15.3863, -95.1269, -90.2931, 6.98639e-06, 2.00006e-05, 1.02575e-05, 
245, 52538.4, -35.1497, 48.6834, 119.216, 1.16826e-05, 8.95371e-07, -3.03611e-05, 
246, 141819, 42.4672, -59.2112, 56.8939, -1.31002e-05, 9.48538e-06, -1.45078e-05, 
247, 53031.2, 3.21206, -123.301, -31.71, 3.39153e-05, 4.50578e-05, 3.98507e-05, 
248, 35007.8, 46.7602, 9.95682, -15.6408, -5.11467e-06, -1.33856e-05, -2.92116e-08, 
249, 52844.5, 186.632, 42.0993, 164.074, -4.50972e-05, -9.59431e-06, -2.11443e-05, 
250, 214260, 144.305, 189.07, -51.047, -1.55108e-05, -4.39017e-05, 4.55782e-06, 
251, 113390, 182.572, -173.84, -119.865, -3.85836e-05, 2.87033e-05, 3.1614e-05, 
252, 37387.7, -25.6424, 45.8495, -138.234, 3.29066e-06, -1.60944e-05, 3.28663e-05, 
253, 201829, -85.1082, 132.027, -156.85, 1.40469e-05, -3.06546e-05, 2.63605e-05, 
254, 139433, 137.025, -150.879, -163.903, -1.92112e-05, 3.33408e-05, 3.59861e-05, 
255, 46242.4, -10.7766, -36.6496, -17.7929, 1.20397e-05, 1.18719e-05, -4.52783e-07, 
256, 133342, 187.64, 110.68, -92.0951, -4.31574e-05, -4.03134e-06, 7.93073e-06, 
257, 129388, 64.0348, -5.77097, 82.7515, -2.28746e-05, -9.90146e-06, -1.89143e-05, 
258, 41797.5, -165.224, -63.017, 32.2576, 3.5837e-05, 5.85281e-06, 7.41783e-06, 
259, 54857.3, 37.6116, 82.314, -74.0647, 1.55888e-05, -2.63099e-05, 1.88784e-05, 
260, 5084.41, -183.265, 169.503, 56.7386, 4.00214e-05, -3.39279e-05, -5.36457e-06, 
261, 34826.8, 177.497, -5.82835, -50.5417, -4.53285e-05, 1.14046e-05, 7.97409e-06, 
262, 68038.2, 104.75, -153.575, 177.536, -1.62616e-05, 2.53557e-05, -3.59288e-05, 
263, 36773.2, -163.941, 78.6601, -86.8121, 3.87257e-05, -7.63505e-06, 1.20678e-05, 
264, 13184.5, 192.236, 144.696, -69.356, -4.53834e-05, -1.83097e-05, 4.97719e-06, 
265, 24925.3, -24.7335, -45.6267, 143.105, 6.80482e-06, 1.44855e-05, -4.19793e-05, 
266, 7671.15, 131.041, -59.2093, -189.623, -2.93408e-05, 1.42589e-05, 4.01559e-05, 
267, 61253.8, -74.3436, -66.2365, 151.512, 4.571e-06, 1.05375e-05, -3.62323e-05, 
268, 87022.4, 185.425, 49.574, -122.149, -4.17993e-05, -6.06692e-06, 2.40181e-05, 
269, 53710.3, 138.078, 78.4697, -177.218, -2.86504e-05, -3.36729e-06, 4.21233e-05, 
270, 10208.5, -133.257, 161.173, -95.5857, 2.6699e-05, -3.20972e-05, 1.4089e-05, 
271, 6683.29, 52.9245, -152.511, -149.037, -1.62213e-05, 3.86506e-05, 3.0311e-05, 
272, 82443.5, -119.951, -99.4248, 44.1238, 0.000186821, 2.50213e-05, -0.000342842, 
273, 27007.5, 7.19931, 72.4025, -32.2121, -2.67131e-06, -2.2045e-05, 1.38568e-05, 
274, 38723.4, 82.8023, 51.5434, -9.14599, -1.5803e-05, -7.59533e-06, -3.27768e-06, 
275, 67654.6, -176.026, 120.637, -142.681, 3.38139e-05, -1.68936e-05, 2.54535e-05, 
276, 111157, 165.4, 59.4656, 159.537, -3.43555e-05, 5.20346e-06, -2.19559e-05, 
277, 343894, 7.91209, -87.032, -20.762, 1.45803e-05, 1.64648e-05, 3.61536e-07, 
278, 26553.4, 125.922, -87.809, 21.7808, -3.59234e-06, 5.98211e-05, -5.68358e-05, 
279, 10699.9, -105.952, 108.573, 97.8506, 1.10933e-05, -2.20265e-05, -1.48446e-05, 
280, 69822.8, -98.8676, 114.501, 160.052, 1.47359e-05, -1.88876e-05, -2.50739e-05, 
281, 19659.4, 79.6527, -29.9376, -1.40122, -3.06552e-05, 1.86419e-05, -1.25821e-05, 
282, 369297, 76.1103, 86.9869, 191.916, 1.91309e-06, -8.32518e-07, -5.11031e-05, 
283, 277629, -172.472, -31.0434, -96.8489, 3.12111e-05, 1.99033e-06, 1.25236e-05, 
284, 494302, -117.914, -158.991, -127.546, 3.22535e-05, 3.39747e-05, 1.08114e-05, 
285, 72800.7, -138.879, -195.324, 149.763, 1.6161e-05, 3.31708e-05, -2.31666e-05, 
286, 197564, -113.676, 62.4809, -155.71, 3.76077e-05, -6.07137e-06, 4.89188e-05, 
287, 222227, 84.9749, 114.482, -15.6843, -1.97847e-05, -2.08866e-05, -1.24607e-05, 
288, 39907.7, -191.464, 22.3186, -127.46, 4.01749e-05, -1.64017e-05, -2.12111e-06, 
289, 419562, -113.689, 102.879, -197.435, 2.43643e-05, -1.31086e-05, 4.36802e-05, 
290, 49170.9, -61.1347, -8.39585, -13.1446, 1.62691e-05, 1.06791e-05, 1.17166e-07, 
291, 132942, 101.793, 137.915, -66.302, -1.3271e-05, -3.29061e-05, 1.81148e-05, 
292, 167985, 111.085, 105.619, 189.009, -1.2911e-05, -1.03152e-05, -5.19373e-05, 
293, 67155.7, 147.022, 156.868, -37.4894, -2.9454e-05, -3.16708e-05, 4.70389e-06, 
294, 116726, -43.012, 181.772, -34.0552, 4.02781e-06, -4.47382e-05, 7.15793e-06, 
295, 149447, -109.662, 67.7503, -64.8227, 1.06944e-05, -1.88197e-05, -7.47965e-06, 
296, 16834.6, 135.095, 141.329, 136.868, -2.0159e-05, -3.52475e-05, -2.89233e-06, 
297, 179961, -36.2562, -86.0518, -146.552, 4.5249e-06, 4.35974e-06, 3.07428e-05, 
298, 13780.1, 71.7128, -107.493, 69.2401, -1.44395e-05, 2.33433e-05, 4.21864e-06, 
299, 187672, 80.9659, -149.443, 103.822, 6.41274e-06, 7.50237e-05, -1.36552e-05, 
300, 10887.5, -198.248, -62.7336, -85.1749, 5.02265e-05, 5.20523e-06, 3.23936e-06, 
301, 263463, -58.8725, 10.3798, 58.5194, 1.59735e-05, 4.66331e-06, -1.28e-05, 
302, 12877.3, -59.4591, 183.557, 117.919, 8.94971e-06, -3.38459e-05, -3.76625e-05, 
303, 59146.2, -181.408, -16.1751, -191.441, 2.07845e-05, 5.9288e-06, 2.38423e-05, 
304, 279112, -45.3348, 88.4493, -146.607, -1.30196e-05, -8.71633e-06, 2.69707e-05, 
305, 74380.8, -7.56958, 112.936, 72.1094, -1.86786e-06, -1.57256e-05, -1.50463e-05, 
306, 132468, -152.283, -196.936, 110.536, 1.94112e-05, 4.06796e-05, -1.64109e-05, 
307, 132117, 187.062, 14.9764, -93.9905, -4.63913e-05, 5.64683e-06, 1.78065e-05, 
308, 44929.8, -191.162, -13.1071, 62.864, 5.53402e-05, 1.36444e-05, -8.55506e-06, 
309, 270948, 125.541, 42.4943, -106.76, -2.91915e-05, -5.31935e-06, 2.42009e-05, 
310, 71405.4, -191.597, -17.4305, 29.1099, 5.03774e-05, 3.7756e-06, -2.73808e-06, 
311, 41519.4, 2.17442, 95.8367, -105.092, 3.90215e-06, -2.04911e-05, 2.48219e-05, 
312, 203220, -39.6684, -123.948, -186.001, 4.71275e-07, 1.04834e-05, 5.57429e-05, 
313, 53012.5, 42.8671, -134.819, -116.871, -1.68286e-05, 2.86207e-05, 1.49488e-05, 
314, 424.869, 26.8078, 169.74, -128.166, -0.000113826, -5.25946e-05, 6.62914e-05, 
315, 40877, -174.527, -180.922, -168.243, 4.27034e-05, 6.34022e-05, -5.88933e-05, 
316, 80699.9, -111.469, 96.54, 13.9183, 2.29185e-05, -2.00812e-05, -7.05973e-06, 
317, 99129.3, -132.307, -148.503, 2.07269, 1.61391e-05, 2.10969e-05, -1.13567e-05, 
318, 47055, 38.2129, -19.1322, 97.2095, -2.11623e-07, -2.75673e-06, -3.46428e-05, 
319, 135206, 80.9046, 107.691, 194.249, -3.53929e-06, -3.99136e-05, -6.20145e-05, 
320, 188584, -198.423, -126.475, -126.341, 5.74579e-05, 2.75371e-05, 5.13936e-06, 
321, 348359, 89.2251, 132.53, 75.854, -2.52037e-05, -2.79224e-05, -1.20091e-05, 
322, 120461, -140.603, -138.536, 155.712, -0.00012162, -5.69691e-05, 0.000217889, 
323, 85535.7, -196.32, -88.7999, -99.1914, 7.12712e-05, 1.74312e-05, 2.73759e-09, 
324, 128865, -78.5491, -115.321, 172.365, 7.03265e-05, 2.78988e-05, 4.80047e-05, 
325, 87028.9, 138.672, 114.008, 189.07, 1.52689e-05, 1.71036e-06, -7.69315e-05, 
326, 112887, 189.75, -157.47, 93.6363, -4.21928e-05, 2.79469e-05, -9.35244e-06, 
327, 34724, 191.268, -114.054, 67.841, -4.30782e-05, 2.39038e-05, 6.71608e-06, 
328, 7478.08, -104.765, -160.862, -0.51176, 1.75804e-05, 5.08836e-05, 2.84691e-06, 
329, 11001.2, -82.9498, 170.693, 171.477, 1.6179e-06, -3.07425e-05, -2.95757e-05, 
330, 53537.7, 46.0852, 191.788, 91.4339, -1.31922e-05, -5.55147e-05, -2.9205e-05, 
331, 77543, -126.248, 56.736, 9.70067, 1.35471e-05, -7.67526e-06, -2.06294e-05, 
332, 108007, -177.442, -146.933, -6.85073, 6.797e-05, 1.2792e-05, -1.36924e-05, 
333, 8301.85, 80.3727, -103.303, 88.8827, -2.34856e-05, 2.16261e-06, -9.41821e-06, 
334, 25697.4, -161.974, 159.621, 24.8314, 2.43672e-05, -2.29715e-05, 9.66261e-07, 
335, 183814, 136.853, -151.657, 101.292, 6.1371e-05, 9.10462e-05, 4.29678e-05, 
336, 58716.6, -119.969, -147.174, 110.471, 1.89339e-05, 2.42067e-05, -2.39467e-05, 
337, 199351, 16.3898, 140.573, 46.0629, 1.22648e-05, -2.01063e-05, -1.75403e-06, 
338, 113453, 163.898, -161.215, -101.871, -7.39711e-06, -1.40704e-05, 4.3503e-05, 
339, 76288.6, 184.909, 160.673, 70.9667, -5.21554e-05, -1.66255e-05, -6.29871e-06, 
340, 113867, 147.994, 121.702, 38.7193, -3.49334e-05, -1.62672e-05, -6.60663e-06, 
341, 102255, 15.2042, 46.317, -152.555, -8.92369e-06, -2.08713e-05, 4.42782e-05, 
342, 628320, -155.217, -155.446, -15.5986, 3.01495e-05, 2.98492e-05, 2.63082e-06, 
343, 176675, 124.786, 23.8231, -56.2593, -2.97833e-05, -3.08301e-06, 8.23834e-06, 
344, 284783, -151.663, 82.7257, 108.621, 3.19589e-05, -5.36983e-06, -1.86215e-05, 
345, 60922.6, 39.4351, -29.6808, -30.8533, 1.76485e-05, -1.45011e-05, 1.10311e-06, 
346, 8108.01, 3.53788, 59.598, 55.4645, 5.96994e-06, -6.72345e-06, -1.51904e-05, 
347, 93275.2, 62.5252, -123.323, -63.5925, -1.31853e-05, 2.74315e-05, 1.53711e-05, 
348, 29799.9, 125.7, -20.9606, -65.6739, -8.56542e-05, 1.05176e-06, -6.61153e-05, 
349, 5827.31, -155.195, 182.69, -43.0092, 2.21005e-05, -4.23379e-05, 1.21852e-05, 
350, 34948.1, 125.346, -90.7194, 51.0348, -2.47232e-05, 2.01436e-05, -4.62369e-06, 
351, 291282, -59.6484, -137.066, -167.198, 1.20662e-05, 1.75898e-05, 3.25595e-05, 
352, 133.717, -57.6736, 39.0202, -138.999, 1.71574e-05, -3.26454e-06, 8.34493e-06, 
353, 125850, -164.498, -25.741, 93.5424, 3.35816e-05, 8.71283e-06, -1.54229e-05, 
354, 126712, -26.6354, 73.2897, -9.09401, 4.53753e-06, -1.99873e-05, 5.57805e-06, 
355, 208238, 40.5174, -130.585, 104.801, 8.15993e-06, 5.9064e-05, -2.90223e-05, 
356, 78434.8, -100.021, -114.515, -90.09, 2.16921e-05, 1.27523e-05, 7.1325e-06, 
357, 110190, -154.389, -174.356, -45.6918, 2.95867e-05, 4.39113e-05, 1.72751e-05, 
358, 81910.5, 16.632, 15.1781, -166.133, -8.84191e-06, -6.53864e-06, 7.39206e-05, 
359, 317125, -108.94, 155.349, 84.2524, 2.13794e-05, -2.73142e-05, -1.00873e-05, 
360, 113031, 73.724, 114.287, -26.1432, 1.72233e-05, -2.04139e-05, 2.37905e-05, 
361, 19420.3, 193.861, 64.9432, -22.4925, -7.29652e-05, 5.7173e-06, 7.91774e-06, 
362, 301195, 178.153, 191.935, -40.8689, -3.49772e-05, -3.50988e-05, -1.58653e-06, 
363, 51710.6, -51.3894, 187.423, 73.2955, 1.00859e-05, -4.98402e-05, -4.91631e-06, 
364, 303711, 32.7037, 198.43, 169.106, 5.55636e-06, -4.39858e-05, -4.20121e-05, 
365, 220519, -166.773, -58.2438, -45.1761, 4.55595e-05, 2.18176e-05, 1.81694e-06, 
366, 163145, -140.626, 11.5629, 195.897, 1.36802e-05, -2.28233e-05, -4.15082e-05, 
367, 47791.6, -16.2419, 103.272, 66.4079, 1.30598e-05, -3.54721e-06, -4.96553e-06, 
368, 32052.1, -172.852, -28.1043, 149.885, 3.68561e-05, 1.16763e-05, -1.62426e-05, 
369, 41859.6, 87.9759, -193.436, -173.873, -9.6151e-06, 3.49018e-05, 2.83262e-05, 
370, 233595, 187.883, -44.4598, 87.5587, -4.57863e-05, 8.18342e-08, -1.06398e-05, 
371, 549232, -158.862, 76.3548, -31.3461, 3.63035e-05, -2.15958e-05, 2.83007e-06, 
372, 65728, 95.9247, 149.701, 142.585, -7.12194e-06, -4.28415e-05, -2.07165e-05, 
373, 51437.8, -190.386, -99.0971, 60.0825, 4.1595e-05, 8.63522e-06, -1.09224e-05, 
374, 222051, 75.7682, 63.5228, 63.9078, -1.45793e-05, -1.30321e-05, -8.5158e-06, 
375, 32453.8, 8.60079, 110.113, 32.2465, 5.97349e-06, -1.42995e-05, 2.43591e-06, 
376, 73170.4, -85.8404, 178.192, 0.0215528, 8.40709e-06, -5.51889e-05, -2.78268e-05, 
377, 122513, -45.3382, -142.063, -50.0043, 3.76935e-06, 3.46438e-05, 1.2422e-06, 
378, 785387, 138.961, 162.605, -97.345, -2.00067e-05, -3.17148e-05, 1.69955e-05, 
379, 268661, 137.445, 114.92, 164.418, -1.84882e-06, -1.76041e-05, -1.10136e-05, 
380, 87319.3, -91.217, -185.501, 196.517, 8.44907e-06, 2.67313e-05, -2.91306e-05, 
381, 150662, 125.87, -44.2146, 133.382, -4.20592e-05, -1.99417e-05, -4.84277e-05, 
382, 60534.7, -81.467, -189.494, 123.162, 1.35648e-05, 3.70447e-05, -1.63331e-05, 
383, 338543, 174.461, -167.854, -91.5386, -4.93907e-05, 2.80423e-05, -1.67089e-06, 
384, 9163.94, -159.963, -159.902, -6.54435, 0.000105058, 0.0001042, -0.000142877, 
385, 55549.5, 62.8697, -55.2402, 127.128, -9.47666e-06, 7.39442e-06, -4.14973e-05, 
386, 59462.3, 103.894, 113.942, -61.4313, -1.52319e-05, -1.64045e-05, 2.66014e-05, 
387, 29394.8, 64.4173, 131.181, -14.4956, 3.23485e-06, -3.83407e-05, 7.0076e-07, 
388, 138128, -198.985, 145.509, -122.152, 3.78505e-05, -1.1984e-05, 1.66871e-05, 
389, 136150, 180.016, -34.1196, 165.08, -4.18514e-05, 3.85674e-06, -2.34873e-05, 
390, 391641, -146.337, -95.0545, -142.58, 2.48928e-05, 3.49355e-06, 1.31016e-05, 
391, 151123, 19.8673, -188.507, -156.318, -3.00058e-06, 4.42906e-05, 2.79169e-05, 
392, 180346, 179.92, -143.852, -185.495, -2.69034e-05, 1.52329e-05, 2.7045e-05, 
393, 140171, 0.695442, -185.973, -106.769, -3.38554e-07, 4.70022e-05, 7.30052e-06, 
394, 195461, 159.393, -40.1351, -112.042, -3.98318e-05, 4.99009e-06, 2.26609e-05, 
395, 183895, -149.57, 7.09692, -92.0056, 2.96294e-05, 3.13178e-06, 1.72283e-05, 
396, 76191.8, 85.8022, 196.326, 25.9691, -1.74906e-05, -5.13052e-05, -5.07445e-07, 
397, 126112, -59.1379, -193.776, 126.713, 9.61668e-07, 3.89902e-05, -1.96497e-05, 
398, 10011, -181.305, 109.873, 187.017, 2.17717e-05, -3.9903e-05, -2.11025e-05, 
399, 138128, -94.0726, -157.498, 147.113, 1.34e-05, 3.03953e-05, -2.54006e-05, 
400, 152408, 145.591, 168.566, 158.763, -1.78504e-05, -3.99784e-05, -1.51346e-05, 
401, 24763, -2.39882, 33.9753, -34.5491, -1.26131e-05, -3.72258e-06, 1.58469e-05, 
402, 196109, -98.4099, 8.24861, -29.8036, 1.27269e-05, 1.4154e-05, 4.66299e-06, 
403, 12605.8, 133.348, -14.7787, -54.5136, -4.35305e-05, 1.13409e-05, -4.43491e-06, 
404, 55047.7, 151.729, 141.652, 155.359, -2.58739e-05, -3.96875e-05, -2.41806e-06, 
405, 219619, 50.6954, 177.68, 0.280414, -5.22567e-06, -4.63514e-05, 9.31307e-06, 
406, 31684.6, 65.165, 110.326, -130.003, -6.57979e-06, -3.06293e-05, 4.00018e-05, 
407, 79032.8, -78.374, -97.579, 134.952, 1.51686e-05, 1.92212e-05, -2.2857e-05, 
408, 42180.6, 133.636, 11.8416, 177.856, -2.73337e-05, 8.81651e-06, -2.27715e-05, 
409, 65291.3, -130.117, -93.2621, -150.511, -2.16625e-05, -4.02239e-06, 3.53752e-05, 
410, 218703, 196.509, -103.231, 92.5874, -5.67519e-05, 2.50588e-05, -7.96742e-06, 
411, 127238, -40.3124, 76.5416, 14.4437, 3.40706e-06, -1.88559e-05, -3.05766e-06, 
412, 17242.5, 187.577, -77.5023, -176.56, -3.14304e-05, 1.32357e-05, 2.81234e-05, 
413, 106921, 141.887, 50.4543, -186.878, -2.61148e-05, 8.37382e-07, 4.03576e-05, 
414, 33744.1, -75.5771, -193.717, -26.7114, 6.88571e-06, 4.88186e-05, 1.16113e-06, 
415, 37127.3, 99.6361, 186.376, 7.09432, -1.94886e-05, -4.54591e-05, 2.54144e-06, 
416, 424857, -71.3779, 105.585, -196.1, 1.077e-08, -1.45311e-05, 4.92772e-05, 
417, 169269, -98.4548, -116.475, -15.4543, 2.94852e-05, 6.21771e-06, 1.53994e-06, 
418, 27884.3, 45.7366, 118.778, -20.9746, 7.61513e-06, -2.3628e-05, 4.63457e-06, 
419, 124465, 72.4598, 64.5661, 192.97, 2.99664e-06, 2.26278e-05, -4.88649e-05, 
420, 889.535, 169.927, -127.483, -119.745, -3.99758e-05, 9.26966e-06, 2.34128e-05, 
421, 152003, 33.083, 58.309, 145.688, 3.25202e-06, -1.80615e-06, -3.20048e-05, 
422, 287637, 175.702, 73.9433, -19.7315, -4.19919e-05, -9.90718e-06, 8.63166e-06, 
423, 10212.2, 62.0759, -148.911, -29.4254, -3.15479e-06, 2.4036e-05, 1.08804e-05, 
424, 191450, -117.434, -3.44538, 127.43, -2.07076e-06, -2.97115e-05, -3.05333e-05, 
425, 194684, -151.274, -99.9203, -42.4179, 2.95004e-05, 9.73114e-06, -7.86799e-07, 
426, 337230, 72.4175, -182.672, -98.9043, 1.26514e-05, 1.75159e-05, 4.30948e-05, 
427, 161376, 56.0217, 114.391, 78.1671, -9.51464e-06, -4.55388e-08, -3.8324e-05, 
428, 48721.2, 32.0285, -74.7929, -42.6411, -1.00438e-07, 1.49258e-05, 1.97435e-05, 
429, 121832, -195.923, 35.1119, 127.921, 0.000245718, -2.1664e-05, -6.20724e-06, 
430, 91417.9, -147.357, 151.497, 78.6424, 8.18091e-06, -2.39327e-05, 8.0791e-06, 
431, 19725.2, 183.637, -145.389, 176.315, -2.79954e-05, 1.799e-05, -2.75933e-05, 
432, 97068.7, 118.059, 148.31, 195.101, -6.33817e-06, -3.69676e-05, -4.74766e-05, 
433, 57588.1, 177.808, 67.8968, -60.3222, -4.54847e-05, -7.72477e-06, 1.6651e-05, 
434, 28234.9, -50.6359, 45.7924, -160.502, 4.2541e-05, -5.89606e-05, 5.67816e-05, 
435, 52475.1, 189.899, 139.724, -39.6753, -4.68723e-05, -1.75109e-05, 4.19998e-06, 
436, 403.401, -188.717, -86.4476, 72.0845, 4.0384e-05, 7.01266e-06, -1.57613e-05, 
437, 9884.78, 129.778, -166.189, -113.585, -2.07029e-05, 2.84131e-05, 2.48882e-05, 
438, 33822.2, -5.53711, -109.112, 199.291, 3.42266e-06, 1.72289e-05, -4.4576e-05, 
439, 68024.1, -82.5696, -8.93999, 79.5799, 2.37622e-05, 5.97479e-06, -1.68127e-05, 
440, 37290.3, 17.1796, 187.407, 61.9619, 2.14971e-05, -8.16044e-05, -1.64671e-06, 
441, 34126.8, 143.347, 23.7584, -21.3202, -3.96092e-05, 3.37381e-06, 4.76096e-07, 
442, 254816, -15.0675, 165.226, 124.69, 5.5262e-06, -3.66018e-05, -2.46156e-05, 
443, 27430.2, -128.693, 70.5158, -57.8531, 3.98331e-05, -1.90295e-05, -6.9439e-08, 
444, 66825.5, 42.3438, 7.34895, 157.902, 2.00347e-06, 2.89397e-06, -3.902e-05, 
445, 108676, -95.0533, 170.282, 39.659, 1.69072e-05, -4.02616e-05, -2.89606e-06, 
446, 50118.4, 172.484, -69.2196, -78.1494, -4.36201e-05, 1.15387e-05, 1.04334e-05, 
447, 21046.6, 140.429, 168.741, -4.90013, -2.25668e-05, -3.84219e-05, -1.88263e-06, 
448, 8600.64, 141.758, -11.2182, -37.1189, -4.12365e-05, 1.01169e-05, 1.71515e-06, 
449, 22030, 10.5787, 125.915, -122.513, 3.43743e-06, -2.43729e-05, 2.96553e-05, 
450, 98140.7, -23.6945, 4.8274, 81.6395, 1.41202e-05, -1.09443e-06, -1.76975e-05, 
451, 105432, 128.537, -27.6325, -188.979, -3.43488e-05, 1.22911e-06, 4.32684e-05, 
452, 84531.1, 65.5069, -159.724, -23.7007, -5.91299e-06, 4.10557e-05, -5.7622e-07, 
453, 44206.7, -94.6373, 34.7245, 166.185, 1.13013e-05, 1.85591e-06, -3.20771e-05, 
454, 78620.3, 75.5653, 123.537, 114.57, -4.33201e-06, -3.06562e-05, -1.65513e-05, 
455, 10908.5, 145.198, 67.1642, -139.667, -3.54878e-05, -5.31926e-06, 3.183e-05, 
456, 36272.2, -92.1918, -194.109, 142.632, 1.25585e-05, 3.82233e-05, -2.56513e-05, 
457, 60472.5, 70.6554, -49.184, -166.767, -2.70984e-05, -5.39744e-05, 1.26984e-05, 
458, 166504, -198.781, 0.151911, 170.906, 3.84616e-05, 8.56813e-06, -9.42047e-06, 
459, 77798.7, 90.2584, -105.26, -22.1356, -2.54467e-05, 2.75166e-05, 2.31524e-06, 
460, 160849, -155.75, -44.992, -41.8719, 1.54154e-05, -9.61089e-06, -4.3561e-06, 
461, 126579, 45.1634, 92.3408, -114.606, 7.22615e-06, -2.02034e-05, 3.41905e-05, 
462, 67990.7, -177.182, -14.7791, -55.8381, 4.18327e-05, -8.51089e-07, 3.21569e-06, 
463, 30789.6, 119.846, 161.656, -189.936, -1.04371e-05, -2.42475e-05, 3.8553e-05, 
464, 8537.62, -155.928, -96.9451, -114.769, 1.67471e-05, 2.71209e-06, 4.06269e-06, 
465, 300607, -171.649, 98.6273, 52.0253, 3.96392e-05, -9.51118e-06, -2.37284e-06, 
466, 83619.2, 29.6609, -115.554, -121.819, -2.73536e-05, 1.80747e-05, 2.78675e-05, 
467, 127334, -72.9951, -147.266, -102.111, 0.000176425, -4.88534e-05, 2.37425e-05, 
468, 27335.2, 55.7811, 37.8484, 59.0149, 2.24037e-07, -2.53892e-05, -9.00271e-06, 
469, 5427.37, -62.7998, 32.8955, -99.9185, 1.02609e-05, 1.93097e-06, 1.84927e-05, 
470, 38507.8, -75.1409, -65.2333, 43.4107, 1.12357e-05, 1.23306e-05, -2.90575e-06, 
471, 286762, 67.0686, -52.4154, 185.732, -1.32602e-06, 1.07923e-05, -4.70448e-05, 
472, 289067, 88.9647, -199.882, -79.3983, -2.97925e-05, 6.50918e-05, -4.93079e-06, 
473, 91260.8, 57.1004, -156.502, -124.094, -1.27746e-05, 2.94994e-05, 2.38328e-05, 
474, 230104, 182.376, 158.528, 180.727, -4.20997e-05, -3.29804e-05, -3.41821e-05, 
475, 249653, 24.5883, -67.1665, 43.7174, 1.39049e-05, 2.06575e-05, -7.42433e-06, 
476, 110883, -41.9615, 144.161, -180.548, -8.35124e-06, -2.9408e-05, 3.64343e-05, 
477, 307850, 99.6337, 190.654, -153.528, -3.36882e-05, -3.96904e-05, 4.16558e-05, 
478, 289870, 60.6002, -90.1473, -34.4103, -1.42967e-05, 2.59021e-05, 1.16682e-05, 
479, 95605.8, -180.951, -3.06101, 65.7812, 3.68912e-05, -3.65063e-06, -1.22119e-05, 
480, 103972, -129.079, -9.80726, 130.193, 5.84224e-05, 2.25297e-05, -3.13411e-05, 
481, 2495.31, -152.651, -11.786, -4.50401, 3.7696e-05, 7.82949e-06, -5.72281e-07, 
482, 137920, 85.9442, -197.174, 79.5055, -1.14923e-05, 4.81443e-05, -8.13125e-06, 
483, 71322, -192.826, -109.618, 35.4255, 4.20189e-05, 1.45694e-05, -2.80758e-06, 
484, 39705.1, -86.2561, -55.5421, 128.536, 1.59815e-05, 8.98895e-06, -2.00067e-05, 
485, 71694.5, -178.337, -185.459, 42.8528, 3.45238e-05, 3.5347e-05, -6.74743e-06, 
486, 162701, -104.214, -63.2665, 76.0667, 2.90631e-05, -5.54757e-06, -1.52432e-05, 
487, 5282.93, -0.262619, 62.6199, -94.5059, 4.91147e-06, -2.13316e-05, 1.98301e-05, 
488, 109392, -57.3725, 150.527, -36.8656, 1.7227e-06, -3.31044e-05, 9.13644e-06, 
489, 124532, 138.716, 192.332, 84.5746, -3.7943e-06, -4.78592e-05, -1.23079e-05, 
490, 14863.1, -146.084, -172.019, 150.114, 2.09782e-05, 2.66551e-05, -2.46541e-05, 
491, 249103, -117.234, -102.427, -186.015, 5.96718e-06, 6.91743e-06, 4.69678e-05, 
492, 4436.33, 112.001, -29.043, -134.847, -3.08179e-05, 4.54149e-06, 2.47041e-05, 
493, 95135.7, 86.1086, -177.613, 191.927, -1.04387e-05, 2.98579e-05, -3.80405e-05, 
494, 394850, 116.471, 106.158, -37.2984, -2.81526e-05, -1.25398e-05, 5.76151e-06, 
495, 211980, 0.476772, 173.917, 41.8185, 1.58488e-05, -4.71838e-05, 5.02891e-06, 
496, 76482.3, 152.781, 158.201, -142.033, -2.03259e-05, -2.53749e-05, 3.40407e-05, 
497, 4117.21, 176.226, 176.152, 16.4068, -3.31629e-05, -3.99551e-05, 2.01269e-06, 
498, 61022.7, -120.563, 84.3786, 179.54, 8.69797e-06, 9.85252e-06, -3.83414e-05, 
499, 192540, 14.7146, 183.149, -95.3795, 1.66495e-06, -4.3432e-05, 1.31779e-05, 
500, 182748, -191.2, 86.3391, -122.429, 4.42021e-05, -7.07765e-06, 2.01434e-05, 
501, 136526, -83.3342, 192.331, 96.4088, 1.52292e-05, -4.66477e-05, -1.33246e-05, 
502, 37670.7, 59.3869, -140.15, 96.0748, -3.70432e-06, 4.52956e-05, -2.21196e-06, 
503, 50503.4, 191.819, 13.357, -34.1757, -5.07607e-05, 8.07177e-06, -2.3368e-07, 
504, 27270.2, 60.3408, -40.6293, -108.199, -1.25737e-05, 9.19921e-06, 1.58064e-05, 
505, 130665, 39.5407, -152.264, 42.038, 1.13336e-05, 3.39688e-05, -1.45965e-05, 
506, 20617.5, -188.287, 120.308, -171.443, 3.58162e-05, -1.11711e-05, 2.59838e-05, 
507, 82100, 35.4596, 186.161, 74.8846, -1.09775e-05, -6.89621e-05, -2.64068e-05, 
508, 146869, -169.567, -131.276, -64.6704, 3.81849e-05, 2.47894e-05, 7.63238e-06, 
509, 11124.4, -70.6658, 114.138, 94.4209, 1.61782e-05, -2.1922e-05, -1.59496e-05, 
510, 176557, 17.436, 12.2315, -150.577, -2.26344e-05, 8.99733e-06, 3.3085e-05, 
511, 45629, 73.0868, 78.4944, 151.623, 4.1724e-06, 1.90494e-05, -2.77778e-05, 
512, 97255.2, -10.5868, -157.135, -3.17998, 3.27268e-06, 4.04046e-05, -3.62467e-06, 
513, 100409, 5.9374, 121.14, 181.064, 3.1822e-06, -2.45138e-05, -4.22934e-05, 
514, 78203.3, 168.724, -175.721, -11.2448, -4.08264e-05, 3.5572e-05, -7.77143e-07, 
515, 13266.1, 44.0938, -79.8154, 183.784, 3.39064e-06, 1.85364e-05, -4.67579e-05, 
516, 55109.6, 24.7063, 159.181, -159.782, -4.6238e-06, -2.68241e-05, 2.91897e-05, 
517, 469975, 64.5546, -26.8872, -30.963, -2.27799e-05, 8.9019e-06, 1.65469e-05, 
518, 147412, 23.1884, 175.264, 67.0558, 1.10864e-05, -5.01101e-05, -1.14166e-05, 
519, 132240, -112.167, -172.82, 62.0619, 1.50089e-05, 4.53535e-05, -7.94788e-06, 
520, 58689.1, 118.648, -13.2457, -159.441, -3.43733e-05, -3.27359e-06, 3.27372e-05, 
521, 2244.75, 16.9451, -1.02659, -134.326, -8.32924e-06, 1.3171e-05, 2.14015e-05, 
522, 190685, -113.589, 83.6323, 97.1059, 1.67966e-05, -1.20554e-05, -2.16457e-05, 
523, 13150.8, -149.009, 74.2683, -166.795, 3.91285e-05, -1.49783e-05, 3.54342e-05, 
524, 462814, 148.102, 51.2888, 65.766, -3.83344e-05, -1.71197e-06, -7.04001e-06, 
525, 110229, 156.272, 144.337, -20.4507, -3.78688e-05, -2.35291e-05, -2.87031e-06, 
526, 175564, 11.3748, -2.41221, -25.9754, 7.19794e-06, 4.3654e-06, 7.99372e-07, 
527, 268137, -197.577, 4.82487, 193.301, 3.36575e-05, -2.24997e-07, -3.95904e-05, 
528, 30521.3, -166.294, -86.8546, -78.1218, 2.88276e-05, 5.09351e-06, -6.19189e-06, 
529, 33462.6, -124.775, -106.47, 84.8035, 3.0763e-05, 1.82789e-05, -2.08019e-05, 
530, 5167.6, -107.043, 190.383, 40.1701, 2.06815e-05, -4.9447e-05, -3.19017e-06, 
531, 1123.93, 63.3199, 86.4871, 138.305, 2.04739e-05, 9.98447e-06, -9.10116e-06, 
532, 39413.6, 11.0093, 180.152, 140.769, 1.39007e-06, -3.8823e-05, -2.47939e-05, 
533, 326080, -186.252, 165.676, 183.491, 2.75231e-05, -1.65252e-05, -2.63441e-05, 
534, 47704.1, -149.245, -110.84, 56.0178, 3.43307e-05, 1.72369e-05, -1.19482e-05, 
535, 149816, 107.552, 75.5457, 146.805, -2.14863e-05, 7.64026e-06, -2.11992e-05, 
536, 39855.1, -19.1499, -11.6961, 160.427, 7.22593e-07, 1.95154e-06, -4.62919e-05, 
537, 42951.3, -133.202, -73.0672, -99.9251, 1.69803e-05, 3.65205e-06, 9.77659e-06, 
538, 175271, -50.7829, 37.2836, -2.43269, 1.35344e-05, 6.2105e-07, 7.50887e-07, 
539, 110928, 187.074, 195.439, -66.1508, -3.94507e-05, -3.61016e-05, 1.93161e-05, 
540, 71591.8, -69.2994, -71.337, 90.6751, 6.19926e-06, 1.37767e-05, -2.00094e-05, 
541, 12299.9, 50.5417, -99.5323, 133.195, -6.88434e-06, 1.90494e-05, -3.93598e-05, 
542, 201561, -135.702, 50.3268, -5.78238, 2.97055e-05, 1.04693e-06, -2.79333e-06, 
543, 62476.4, -115.331, -58.9371, -191.381, 1.47792e-05, -1.83922e-06, 4.2096e-05, 
544, 58275.2, -56.858, 75.8548, 42.7483, 6.99329e-06, -4.28831e-05, -5.39542e-06, 
545, 70010.3, 184.508, 24.4442, -122.782, -4.12649e-05, 3.8491e-06, 2.78371e-05, 
546, 168033, -169.14, -154.679, 81.6265, 3.20743e-05, 2.07822e-05, -7.44487e-06, 
547, 18791.9, 49.2512, 56.6162, -20.1038, -6.36927e-06, -8.74109e-06, -1.42789e-06, 
548, 69087.4, 11.0968, -184.467, 15.2344, 2.59662e-06, 4.60869e-05, -4.44757e-06, 
549, 94696.6, 81.1504, 28.5923, 194.465, 1.53022e-06, 5.65717e-07, -5.20485e-05, 
550, 34082.4, -89.3758, -174.104, 79.9555, 7.73333e-06, 4.45199e-05, -1.85285e-05, 
551, 258743, -59.6736, 60.8879, 52.05, 1.35626e-05, -5.33496e-06, -2.56792e-05, 
552, 380030, 36.3664, -142.474, 151.599, 1.12088e-05, 2.13848e-05, -3.44602e-05, 
553, 439446, -97.3227, 60.7142, -141.094, 8.33188e-06, -6.32861e-07, 1.92691e-05, 
554, 116953, -55.7373, -27.4356, 158.526, 1.32091e-05, 1.00439e-05, -4.45473e-05, 
555, 76292.8, -14.0283, 183.25, -55.8376, 8.24029e-06, -3.82482e-05, 1.20247e-05, 
556, 38856.1, 20.6734, 91.6677, 167.859, 1.64484e-06, -8.70023e-06, -3.79031e-05, 
557, 67304.3, -72.7169, 103.245, -92.1832, -3.23165e-05, -3.6593e-05, 2.47453e-05, 
558, 206551, 27.9804, -50.2239, 107.06, 6.53406e-06, 1.42083e-05, -3.54348e-05, 
559, 60.3054, 176.628, -156.589, 39.7888, -4.47827e-05, 2.90201e-05, 5.48291e-06, 
560, 61783, 5.18336, 43.1901, -90.1803, 5.85689e-07, -1.13904e-05, 1.27288e-05, 
561, 271167, -95.1836, -83.8463, 74.7515, 1.33657e-05, 2.20328e-05, -1.36301e-05, 
562, 66961.2, -14.6946, 5.29307, 55.8003, 8.12397e-06, 5.39145e-07, -3.91077e-06, 
563, 6224.97, -102.919, 163.914, 65.6558, 1.33883e-05, -4.39336e-05, 1.39981e-05, 
564, 22220.7, 51.3859, 41.5792, 122.149, -5.3311e-06, -1.85521e-06, -2.61052e-05, 
565, 112721, -187.154, 99.0793, 189.882, 4.45628e-05, -1.99602e-05, -2.45921e-05, 
566, 113163, -191.541, 42.2436, -165.693, 9.24328e-06, -4.50322e-06, -5.45035e-06, 
567, 27127.4, 164.64, 62.329, 128.186, -3.84817e-05, 4.25756e-06, -9.18862e-06, 
568, 82881.2, 59.4319, -133.315, 153.345, -2.15621e-05, 1.17188e-05, -3.89996e-05, 
569, 5364.68, 144.083, -159.844, -61.3874, -3.15684e-05, 2.32725e-05, 9.9889e-06, 
570, 9189.82, 83.3375, 172.038, -87.2169, -4.28898e-06, -4.51494e-05, 1.71721e-05, 
571, 38545.9, 147.746, -94.0186, 125.361, -3.40426e-05, 2.52622e-05, -3.55589e-05, 
572, 226228, 100.795, -35.3729, -181.269, -2.80095e-05, 7.23501e-06, 4.87303e-05, 
573, 1357.14, -58.0228, 132.19, 19.9861, 5.36925e-06, -4.13749e-05, -6.19893e-06, 
574, 163025, -86.2345, 163.641, -103.174, 1.01846e-05, -2.96462e-05, 9.60774e-06, 
575, 147455, -119.502, 175.697, 195.828, 1.45829e-05, -2.53704e-05, -3.96583e-05, 
576, 42769.3, 183.728, -59.8629, -168.375, -3.0451e-05, 1.14772e-05, 2.50679e-05, 
577, 41037.1, -162.29, -106.384, -117.975, 3.13684e-05, 2.28166e-05, 1.05477e-05, 
578, 64331.8, 181.957, -189.295, 49.5382, -3.00837e-05, 3.39582e-05, -9.95917e-07, 
579, 104982, 91.5792, -16.1343, 185.086, -5.54532e-06, 1.03019e-05, -4.52541e-05, 
580, 66014.3, 31.7359, -43.9285, 90.273, -6.65699e-06, 9.94445e-06, -7.74277e-06, 
581, 29538.2, -189.586, -19.9444, -105.208, 5.51425e-05, -1.34276e-05, 2.14364e-05, 
582, 12653.6, -17.2415, -172.7, -44.0327, 1.37627e-06, 4.44237e-05, 1.40792e-06, 
583, 61818, 1.89446, -141.974, -69.6627, -2.47934e-07, 3.81057e-05, 4.30998e-06, 
584, 41156.7, 179.048, -92.7704, -122.638, -3.89828e-05, 1.30198e-05, 2.10279e-05, 
585, 84107.6, 16.5861, 26.69, -120.399, -2.88009e-05, -1.28539e-06, 2.54023e-05, 
586, 135622, 56.454, -179.219, 38.5072, -7.40913e-06, 5.29947e-05, -5.5416e-06, 
587, 27825, -19.1412, 12.1058, 102.719, 1.54032e-05, -5.08811e-06, -3.24938e-05, 
588, 56460.2, 89.672, 71.5236, 103.091, -1.36862e-05, 3.51609e-06, -1.87569e-05, 
589, 200299, -107.654, -15.8426, -149.239, 1.3418e-05, 8.98349e-06, 2.17554e-05, 
590, 32595.8, 82.6957, -171.888, -144.441, -1.83913e-05, 3.21794e-05, 3.03584e-05, 
591, 154369, 190.284, 107.808, 157.052, -6.8418e-05, 1.16795e-06, -1.50985e-05, 
592, 26963.6, -34.8508, -198.283, -49.1254, 3.2817e-06, 4.60251e-05, 7.10734e-07, 
593, 178753, -184.755, 115.931, -51.7055, 3.65343e-05, -1.71538e-05, 1.2861e-05, 
594, 138590, -59.4561, -35.6881, -107.091, 1.66058e-05, 4.3167e-06, 2.10392e-05, 
595, 3062.38, 151.087, -5.01365, 32.2308, -3.85931e-05, -2.75169e-06, -5.2109e-06, 
596, 64803.3, 20.6913, 158.079, -174.501, -3.73112e-07, -2.44833e-05, 4.40632e-05, 
597, 257021, 163.48, 102.736, 136.2, -4.04841e-05, -7.80284e-06, 1.37178e-06, 
598, 156466, 162.457, 175.563, 42.2166, -3.00356e-05, -3.51403e-05, -2.26244e-06, 
599, 112285, -90.2736, 162.31, -7.98619, 2.07628e-05, -1.22016e-05, -1.39047e-05, 
600, 56885.3, 9.60794, -3.12159, 94.8883, 4.49913e-06, -7.59172e-07, -2.83144e-05, 
601, 186502, -9.39042, 93.5377, 187.929, 6.53425e-06, -7.95038e-06, -4.80644e-05, 
602, 128120, 164.28, 117.458, -131.808, -2.42215e-05, -6.21594e-06, 3.72502e-05, 
603, 53190.4, -147.701, 173.843, 55.1733, 2.38392e-05, -4.15353e-05, -7.70879e-07, 
604, 70303.8, 158.049, 117.479, 183.614, -0.000293363, 0.00026873, -0.000125821, 
605, 144477, 162.143, 106.068, -32.1353, -4.35554e-05, -1.76999e-05, 5.67946e-06, 
606, 15154.7, 41.2811, 10.9415, 23.2929, 2.94982e-06, -3.42555e-06, 3.77432e-06, 
607, 169831, 153.574, -88.1037, 102.362, -2.8259e-05, 1.66813e-05, -1.51647e-05, 
608, 86922.5, 5.28425, 18.3732, -149.345, 2.72256e-05, -1.38044e-05, 3.76406e-05, 
609, 1346.3, -51.5632, -175.601, 78.8545, -1.19632e-06, 4.70742e-05, -1.98554e-05, 
610, 162022, -149.313, -169.816, 36.3137, 2.80569e-05, 3.57724e-05, -1.0432e-05, 
611, 67567.6, 166.001, 180.369, -167.468, -2.37766e-05, -3.02862e-05, 3.29092e-05, 
612, 11770.8, -150.972, -114.723, -157.051, 3.31493e-05, 1.33695e-05, 5.56305e-06, 
613, 43665.8, 62.9151, -168.932, 129.051, -8.25494e-06, 4.39631e-05, -9.74363e-06, 
614, 28256, -150.683, 32.4952, 16.074, 3.9116e-05, 5.58292e-06, -1.33082e-05, 
615, 10832.6, 93.4773, -0.729931, -120.532, -1.683e-05, 1.75874e-07, 2.56111e-05, 
616, 47599.5, 93.1906, -30.4601, -163.906, -1.91134e-05, -1.77789e-06, 1.82727e-05, 
617, 34963.7, 97.5126, 172.932, -13.7804, -1.58644e-05, -4.36737e-05, 3.81549e-06, 
618, 75906.7, 140.345, -1.05185, 196.221, -0.000292307, 0.000176415, -0.00011832, 
619, 135055, 31.2678, 15.3815, 72.0169, 1.05985e-05, -2.12472e-05, -2.72381e-05, 
620, 15909.4, 102.788, 136.068, 112.557, -2.24986e-05, -3.41769e-05, -1.32427e-05, 
621, 18897.6, -161.006, 68.6663, 122.086, 3.82911e-05, 2.34126e-06, -3.19169e-05, 
622, 192385, -67.7402, -149.27, -101.251, -0.000124803, 7.24195e-05, -2.1502e-05, 
623, 98713.7, 78.9054, -191.969, -92.0669, -3.06371e-05, 7.89749e-05, 1.78109e-05, 
624, 30737.8, 81.1169, 35.4426, 92.7358, -1.74948e-05, -5.83424e-06, -2.48669e-05, 
625, 185704, 131.991, 126.262, -194.932, -5.2025e-06, -1.5955e-05, 4.78354e-05, 
626, 19962.7, -89.3268, -106.279, -45.7668, 1.90306e-05, 1.47635e-05, 2.06837e-06, 
627, 4837.93, 70.1329, 131.568, 27.2405, -2.55184e-06, -1.57789e-05, 4.65569e-05, 
628, 132553, 17.1919, 71.8926, 39.2354, -3.58635e-08, -1.12805e-05, -6.02139e-06, 
629, 28978.5, 90.4609, -143.547, 27.4876, -1.72987e-05, 3.20553e-05, -5.71727e-06, 
630, 110156, 62.3372, -11.2845, -16.3653, -4.54971e-06, -2.26533e-05, -8.71346e-06, 
631, 63598.4, 37.0939, 193.565, 159.007, -2.49283e-05, -1.22263e-05, 3.18853e-05, 
632, 10602.5, -60.806, -106.356, -122.255, 1.15068e-05, 1.02892e-05, 2.12055e-05, 
633, 472419, -118.902, 53.4083, -81.2904, 2.79331e-05, 3.06262e-06, 2.3917e-05, 
634, 151851, -140.577, -138.42, -131.245, 3.63965e-05, 1.78823e-05, 1.0796e-05, 
635, 64570.3, -137.07, 122.179, -108.721, 2.34547e-05, -2.63026e-05, 1.48068e-05, 
636, 1694.42, 198.303, -8.50349, -103.233, -4.65421e-05, 9.6569e-06, 1.87991e-05, 
637, 147783, 86.4337, 105.952, 157.824, -2.07607e-05, -1.87768e-05, -4.14023e-05, 
638, 26998, -139.758, 158.981, -58.3412, -1.55284e-05, 1.44709e-05, 4.775e-05, 
639, 26813.9, 124.399, -56.1417, 185.177, -1.56349e-05, 9.31309e-06, -5.30649e-05, 
640, 193664, 98.982, -188.491, -37.3117, -7.94941e-06, 5.0933e-05, -1.12997e-05, 
641, 24473.3, 73.1298, -30.8207, -121.121, -2.94531e-06, -1.62962e-05, 3.58082e-05, 
642, 106270, 66.3914, 84.7627, -117.848, -4.67141e-06, -1.6182e-05, 2.86408e-05, 
643, 125117, -69.594, 94.8215, -148.116, 2.02137e-05, -1.28816e-05, 2.31111e-05, 
644, 164004, -93.8153, -121.09, 89.7886, 1.34359e-05, 2.42579e-05, -2.0502e-05, 
645, 45091.5, 134.479, 44.6803, -135.572, -3.20257e-05, -2.08928e-06, 3.91685e-05, 
646, 21516.8, -185.876, -15.4564, -196.703, 5.6409e-05, -2.22303e-06, 6.59269e-05, 
647, 229066, 9.9092, -34.9099, 81.7566, 1.33372e-05, 1.01595e-05, -1.21242e-05, 
648, 164679, -24.9675, -128.076, -164.016, -9.77161e-06, 2.25504e-05, 3.3698e-05, 
649, 106804, -88.6167, 118.335, -88.4751, 1.95078e-05, -4.71927e-05, 1.47762e-05, 
650, 56075, -120.037, -152.27, 14.9996, 2.61243e-05, 3.24578e-05, -1.19773e-05, 
651, 57915.4, -96.4174, 164.402, 85.6814, -1.91575e-05, -5.87178e-05, -1.5728e-05, 
652, 108474, -191.273, 14.9204, -136.681, 3.80168e-05, 7.84744e-06, 2.80941e-05, 
653, 44.987, -70.0633, -151.889, 177.418, 6.28649e-06, 3.42375e-05, -3.54118e-05, 
654, 160957, 118.995, 140.191, -39.0658, -2.33928e-05, -3.84091e-05, 3.39648e-06, 
655, 223360, 27.2195, 121.543, -75.0085, 8.98322e-06, -2.66361e-05, 1.46732e-05, 
656, 145628, -85.2551, 110.371, 186.503, 2.69772e-05, -4.14561e-06, -4.40431e-05, 
657, 38072.4, 147.903, -198.027, -6.42686, -2.54731e-05, 4.47699e-05, -3.36932e-06, 
658, 143122, 53.3102, 120.847, 67.5771, 3.65786e-06, -3.11041e-05, 1.48401e-05, 
659, 53718.8, -16.3612, -30.8052, 132.996, 4.54555e-06, 6.34039e-06, -3.81786e-05, 
660, 37852.6, -0.593561, 11.1468, 95.4349, 9.9985e-06, -6.83313e-06, -2.24764e-05, 
661, 234721, -85.1933, 97.0005, -91.2973, 1.95387e-05, -1.0514e-05, 2.10142e-05, 
662, 27863.9, -3.68738, -73.6915, -159.102, 6.666e-06, 7.27079e-06, 3.11046e-05, 
663, 443946, -87.9807, -160.863, -118.148, 4.56922e-06, 4.20557e-05, 1.04572e-05, 
664, 13863.9, 89.302, 52.7091, -111.918, -1.61907e-05, 2.11665e-06, 2.61517e-05, 
665, 42886.3, -1.62087, 191.748, -5.70245, 5.33429e-06, -4.76043e-05, 5.16221e-06, 
666, 22733.8, 172.207, -117.137, -13.5965, -4.3367e-05, 2.01119e-05, -1.394e-06, 
667, 132350, -165.882, -168.988, 110.136, 2.92127e-05, 3.09354e-05, -2.16826e-05, 
668, 57423.6, -90.8413, -149.147, -156.343, -2.18888e-06, 9.29856e-06, 3.54944e-05, 
669, 59302.6, -122.178, 197.143, 117.567, 1.56024e-05, -4.2714e-05, -1.43572e-05, 
670, 59734.6, 36.0348, 44.6154, 187.25, 6.98175e-06, 3.28094e-06, -4.49853e-05, 
671, 29039.9, 93.0465, 51.4842, -56.4958, -1.01021e-05, 1.279e-05, 3.70489e-05, 
672, 65416.6, 78.3418, -138.358, -172.77, -2.17962e-05, 2.35296e-05, 3.93618e-05, 
673, 92652.2, 174.293, -70.5759, 4.04054, -4.38961e-05, 1.67534e-05, 1.40984e-05, 
674, 115334, 62.5049, -20.1537, 90.8339, -1.70105e-05, 1.4375e-05, -3.12106e-05, 
675, 230841, -116.431, -12.5478, 3.24488, 2.67239e-05, 1.24718e-05, -4.44339e-06, 
676, 16036.9, 61.8895, -48.903, 98.8951, 4.39637e-06, -1.22496e-05, -2.21919e-05, 
677, 77826.8, -95.685, 122.78, -44.6285, -5.65821e-06, -3.99394e-05, 2.89619e-05, 
678, 400222, 117.485, -53.3092, 119.194, -1.99151e-05, 1.31786e-05, -1.09148e-05, 
679, 186924, 9.98551, -121.415, -22.4882, -2.03361e-06, 3.82233e-05, -1.09422e-05, 
680, 119290, -104.096, 10.8629, 27.7501, 2.29605e-05, 2.88149e-06, -1.24176e-05, 
681, 52832.4, 36.5011, 120.753, -129.049, -6.8345e-07, -2.57168e-05, 3.66412e-05, 
682, 165602, -109.876, 66.93, 78.6144, 1.97442e-05, 8.30592e-07, -8.61941e-06, 
683, 42844.3, -45.7339, -92.6615, -139.402, 3.44799e-05, 2.36348e-05, 7.37707e-06, 
684, 197768, -56.3153, 110.771, -158.799, -6.11356e-06, -3.30215e-05, 3.58036e-05, 
685, 19898.4, 151.489, 120.597, 102.678, -3.16647e-05, -2.75212e-05, -3.91611e-06, 
686, 183.149, 66.111, 111.987, -38.1749, 9.76255e-06, -1.79232e-05, 2.3631e-05, 
687, 20731.6, -3.08103, -34.8978, -133.247, -2.18139e-06, 8.71363e-06, 3.28128e-05, 
688, 118318, 97.4747, -139.365, 141.279, -1.88569e-05, 2.61854e-05, -3.55992e-05, 
689, 122043, 107.387, -61.4824, 172.006, -7.84461e-06, 1.69847e-05, -4.37289e-05, 
690, 48278.3, 136.302, -86.6889, 110.658, -1.38867e-05, 1.98392e-05, -1.90217e-05, 
691, 59443.7, -71.9744, -71.4074, -32.2732, 1.53239e-05, 1.03155e-05, -7.61915e-07, 
692, 62879.1, 65.1371, -20.1765, -115.012, -1.04582e-05, -9.32759e-06, 2.21447e-05, 
693, 37237.6, 197.083, 32.1293, -172.021, -3.3104e-05, -2.51935e-07, 2.81619e-05, 
694, 86402.7, 142.882, -133.816, -158.282, -4.15382e-05, -9.16153e-06, 5.43786e-05, 
695, 64244.5, 94.5882, -9.84653, -152.466, -1.94587e-05, -6.25288e-06, 3.03575e-05, 
696, 3020.88, -124.425, 136.327, -182.928, 2.45915e-05, -2.70715e-05, 3.26315e-05, 
697, 32412.2, 26.6166, -71.2561, 30.6228, -1.40696e-07, 3.71788e-05, 3.93045e-05, 
698, 28675.2, 177.415, -48.8402, -120.054, -5.2659e-05, 1.2486e-05, 2.70405e-05, 
699, 40601.3, 76.846, 32.7761, -173.196, -1.19838e-05, -7.2255e-06, 4.54696e-05, 
700, 77211.7, 83.9208, -127.993, 179.693, -1.16479e-05, 1.77129e-05, -4.41435e-05, 
701, 9178.1, 183.496, -190.517, -166.354, -2.3723e-05, 2.44193e-05, 2.10321e-05, 
702, 29771.2, -199.265, 145.571, -131.058, 3.93835e-05, -2.00765e-05, 8.31456e-05, 
703, 92409.8, -15.0314, -24.4947, -131.198, 9.78909e-06, 8.8746e-07, 2.837e-05, 
704, 190003, -34.6434, 157.082, 80.8073, 1.01667e-05, -4.4696e-05, -8.07828e-06, 
705, 254476, -88.4691, 176.281, -18.5506, 1.47913e-05, -5.25644e-05, 1.55438e-05, 
706, 34546.2, -32.2743, -162.002, 79.5217, -3.60336e-07, 3.69506e-05, -1.57238e-05, 
707, 200117, -149.666, 132.309, 111.72, 2.70925e-05, -2.30351e-05, -2.23386e-05, 
708, 81819.8, 30.6585, -43.7571, -155.094, -3.25463e-05, -3.28083e-05, -1.12923e-05, 
709, 8603.61, 37.2513, -153.196, 137.461, 9.72026e-06, 5.47133e-05, 1.04312e-05, 
710, 14405.4, -34.3554, -82.2767, 128.289, 8.94007e-06, 1.8487e-05, -2.49726e-05, 
711, 158127, -10.9523, 90.5023, 153.897, 5.49533e-06, -8.62657e-06, -3.24468e-05, 
712, 31163.6, -145.639, 121.984, -144.333, 2.24011e-05, -2.0881e-05, 2.92513e-05, 
713, 22434.4, -33.3159, 62.3162, 108.31, 1.05808e-05, -7.07983e-06, -1.91625e-05, 
714, 128585, -171.982, 120.249, 72.824, 3.47951e-05, -1.45755e-05, 3.22885e-06, 
715, 26803.9, 58.7483, -16.7731, 54.427, -3.1121e-05, 2.23173e-05, 4.76667e-06, 
716, 141477, 136.638, -79.3382, 163.553, -2.73671e-05, 2.62149e-05, -3.61269e-05, 
717, 29940.8, -49.3666, -58.6742, -40.0912, 1.41019e-05, 1.20207e-05, 3.73404e-07, 
718, 18917.2, 89.1212, -80.4712, 151.542, -9.2e-06, 2.24324e-05, -3.66014e-05, 
719, 281873, 80.6416, 75.8098, -133.85, -1.33271e-05, -5.58722e-06, 4.11577e-05, 
720, 11308.4, 22.8949, 71.5125, 5.36455, -5.12739e-06, -1.46329e-05, -8.75351e-07, 
721, 157756, -44.2079, -172.709, -190.421, -4.56696e-06, 2.9548e-05, 6.43609e-05, 
722, 25025.7, -156.913, 31.612, -21.1079, 3.3095e-05, 1.15262e-05, 8.02933e-08, 
723, 92716.1, 144.87, -174.981, 96.5406, -2.62049e-05, 5.90358e-05, -2.61823e-06, 
724, 188554, -18.1763, -29.1816, 98.8478, 1.73468e-05, 9.98679e-06, -2.47483e-05, 
725, 41532.6, -131.541, 84.7041, -115.716, 3.07869e-05, -1.50854e-05, 2.28381e-05, 
726, 99632.2, 160.623, -57.0076, 45.3645, -2.71514e-05, 1.3448e-05, -1.34212e-05, 
727, 160690, 115.604, -184.844, -54.4784, -3.37997e-05, 4.09003e-05, 1.01141e-05, 
728, 131702, -58.3822, 113.785, 5.16008, -2.72149e-05, -3.89612e-05, 2.62475e-05, 
729, 54358.5, -160.364, 161.35, -117.612, 2.39382e-05, -3.32106e-05, 1.42217e-05, 
730, 83331.7, -48.2437, -37.276, -69.2364, 2.50857e-05, 1.27751e-06, 9.9072e-06, 
731, 107531, -94.9808, -69.954, 148.153, 2.31687e-05, 1.7794e-05, -2.99317e-05, 
732, 367160, -188.033, 33.5963, -23.2189, 4.98058e-05, 3.39224e-06, -1.98117e-07, 
733, 111899, 179.5, 117.297, 156.423, -3.85206e-05, -3.43719e-05, -1.12831e-05, 
734, 56183.8, 112.346, -52.4741, 54.3256, -2.67102e-05, 1.02385e-05, -6.87588e-06, 
735, 20282.6, 153.612, 26.7619, -139.146, -3.65343e-05, 2.50534e-06, 3.44779e-05, 
736, 96352.5, -190.507, 93.4691, -162.27, 3.56958e-05, -8.74388e-06, 2.88473e-05, 
737, 73231.5, -8.82274, 90.4421, 115.239, 8.58363e-07, -1.55333e-05, -2.02543e-05, 
738, 23543.7, -32.4663, 73.8671, 132.261, 1.4672e-05, -3.50386e-06, -3.32153e-05, 
739, 138290, 138.819, 70.497, -20.9965, -3.16112e-05, -3.2949e-06, -1.18914e-06, 
740, 59663.6, -50.3418, -172.57, 57.5695, -2.13568e-06, 4.63742e-05, -7.6986e-06, 
741, 89601.2, -137.981, -171.071, 182.584, 1.69533e-05, 2.51506e-05, -2.98356e-05, 
742, 74577, -191.989, -39.7288, -108.063, 5.47602e-05, 7.64203e-06, 2.15967e-05, 
743, 29122.6, -40.5437, -94.1987, -168.29, 1.00596e-05, 7.52957e-06, 4.6343e-05, 
744, 146113, 142.618, -177.589, 133.818, -1.75076e-05, 3.86235e-05, -2.72148e-05, 
745, 18437.7, -0.568872, -81.3538, 132.257, 4.66547e-06, 2.08994e-05, -2.45114e-05, 
746, 157720, -135.553, 56.6513, -164.432, 3.92687e-05, 1.00689e-06, 4.08622e-05, 
747, 171116, -58.2557, 104.338, -67.4925, -2.66096e-06, -2.46667e-05, 7.53299e-06, 
748, 71541.6, 2.21918, 193.486, -51.9509, -2.59092e-06, -4.85592e-05, 8.13874e-06, 
749, 165593, -33.1913, -41.0879, -194.164, -7.93832e-07, -4.48222e-06, 5.92999e-05, 
750, 10327.8, 177.766, 186.58, 176.013, -2.61024e-05, -3.86963e-05, -3.75163e-05, 
751, 131840, 34.0158, -80.8166, 119.937, 4.64644e-06, 2.24151e-05, -3.15155e-05, 
752, 129408, -42.2067, -16.3219, -194.265, 9.16982e-06, -9.00144e-06, 4.63558e-05, 
753, 65338.1, 133.741, 198.956, 177.203, -6.0762e-05, -5.93431e-05, -2.16696e-05, 
754, 60879, -40.969, 129.588, -103.884, -2.10321e-06, -3.18459e-05, 1.81066e-05, 
755, 141658, 131.625, 29.4514, 175.804, -2.59509e-05, -5.07987e-06, -3.51298e-05, 
756, 5539.73, 133.661, 116.565, -51.9564, -4.66955e-05, -2.21073e-05, 2.34793e-05, 
757, 224575, -77.7418, 67.097, 191.002, 8.63857e-06, 1.89766e-06, -4.75623e-05, 
758, 171954, -44.8951, -9.18301, 144.308, 9.51433e-06, -2.79649e-06, -3.42377e-05, 
759, 31820.8, -108.113, 124.929, -42.9553, 4.68953e-05, -6.01314e-05, 3.78054e-05, 
760, 40038.3, -70.3186, -108.546, -106.638, 1.31172e-05, 8.05365e-06, 1.66688e-05, 
761, 7701.21, -185.539, -172.844, -124.83, 3.68704e-05, 3.35374e-05, 6.31318e-06, 
762, 196357, -198.096, 156.251, -107.397, 3.47514e-05, -3.46155e-05, -1.11365e-06, 
763, 6336.31, 190.432, -92.804, -13.6203, -4.84983e-05, 1.37516e-05, 3.95474e-06, 
764, 1709.39, -170.995, -71.5305, 106.379, 4.60026e-05, -1.6448e-05, 8.45502e-06, 
765, 11542.5, 117.859, 183.651, 47.1077, -1.80168e-05, -4.19727e-05, -4.03285e-06, 
766, 72041.4, 182.09, 69.4852, -7.59761, -6.75806e-05, 8.70459e-06, -4.37897e-05, 
767, 165037, -177.973, 133.291, 94.4528, -0.000181268, -0.0002151, -3.45685e-05, 
768, 34708.8, 120.861, 55.8529, 53.4254, -1.92973e-05, -7.30683e-06, 2.72007e-07, 
769, 42470.9, 47.2684, -150.747, 32.4154, -1.54622e-05, 2.47319e-05, 1.79968e-05, 
770, 121723, 47.2972, -81.8508, -123.485, -1.69092e-05, 1.67514e-05, 2.27771e-05, 
771, 26102.7, -143.633, 39.0259, -147.962, 3.48758e-05, 7.54317e-06, 2.45599e-05, 
772, 7787.3, -68.0856, -143.062, 78.4639, 3.71748e-06, 1.53445e-05, -2.26788e-05, 
773, 57754.5, 112.826, -51.3425, -150.405, -3.38607e-05, 1.16326e-05, 2.76495e-05, 
774, 183930, -188.525, 139.996, -195.252, 2.83711e-05, -1.31757e-05, 3.13796e-05, 
775, 13828.6, -10.6883, 195.729, -77.0806, 6.99631e-06, -4.6604e-05, 1.60395e-05, 
776, 108453, -75.9175, 76.5954, 170.571, 8.38153e-06, -6.52226e-06, -2.28875e-05, 
777, 14144.5, -100.964, -20.8618, -11.8988, 1.25165e-05, 2.09685e-05, 7.10909e-06, 
778, 285205, 97.693, 14.4668, 175.715, -7.93954e-06, 3.25742e-06, -3.45485e-05, 
779, 259617, 62.1299, -189.651, 153.891, -1.42035e-05, 5.64884e-05, -2.2575e-05, 
780, 32292.8, -145.055, 98.4894, -98.5363, 3.0012e-05, -1.93816e-05, 1.45102e-05, 
781, 111122, -32.9527, -46.054, -68.6827, 5.20786e-06, 1.06618e-05, 8.61597e-06, 
782, 236248, -171.992, -97.9466, -97.0447, 3.1254e-05, 1.7077e-05, 3.01037e-06, 
783, 111757, -199.508, 125.15, -39.3685, 5.6287e-05, -2.37813e-05, -4.87908e-06, 
784, 101701, 50.018, 168.371, 58.9236, 1.65873e-05, -3.63559e-06, -6.36596e-05, 
785, 2229.58, 186.489, 91.2622, 81.7167, -4.62e-05, -7.06649e-06, -2.26124e-06, 
786, 55331, -165.222, 61.8618, -32.6352, 6.97464e-05, 5.45025e-05, 1.18072e-05, 
787, 53331.2, -182.235, -175.709, 88.5912, 4.02486e-05, 3.60192e-05, -7.99683e-06, 
788, 62281.1, 30.8598, -0.426306, -199.32, -7.01883e-06, -3.79903e-06, 4.97157e-05, 
789, 234380, -51.5905, 114.106, 150.47, 9.12433e-06, -1.8879e-05, -3.09483e-05, 
790, 19217.9, -21.3489, 108.41, 85.0473, 1.15385e-05, -1.07685e-05, -2.38664e-05, 
791, 140594, -159.824, 29.4598, 122.509, 1.4098e-05, 3.29066e-06, -1.46092e-05, 
792, 100843, -166.003, -71.2503, 44.7133, 3.70693e-05, 1.52965e-05, -1.28806e-05, 
793, 422432, 144.725, -146.018, 106.423, -6.62419e-05, 2.39051e-07, -4.07489e-05, 
794, 20487.2, -174.652, -93.9665, 151.905, 3.08231e-05, 1.4469e-05, -2.61999e-05, 
795, 185369, 87.1165, -138.308, 103.764, -2.82922e-05, 2.4394e-06, -1.4282e-05, 
796, 206092, 178.955, 32.6554, -51.7788, -4.59234e-05, 8.66135e-07, 9.65464e-06, 
797, 123508, 143.594, -109.068, -45.6812, -3.25973e-05, 1.35792e-05, 1.40653e-05, 
798, 1376.47, -57.0967, -29.2742, -72.2523, 3.27207e-05, -8.11281e-06, 1.55505e-05, 
799, 260281, 42.4874, 138.147, 29.8579, -3.69477e-06, -2.12627e-05, 1.04508e-05, 
800, 6882.78, 183.035, 22.7059, -88.0864, -3.00233e-05, -2.74795e-05, -4.98448e-06, 
801, 49264.1, -24.6341, 159.104, 149.833, 9.0837e-06, -2.93434e-05, -3.65088e-05, 
802, 20497.8, -20.4638, -64.4936, -83.127, 1.42093e-05, 4.19182e-06, 8.21746e-06, 
803, 23348.4, 199.961, 118.532, 170.61, -6.21596e-05, -2.05421e-05, -3.29406e-05, 
804, 7627.29, -146.978, -58.892, 122.223, 2.50466e-05, 1.00606e-05, -2.14669e-05, 
805, 15368.3, 173.008, -93.9292, 5.04568, -4.43151e-05, 2.70322e-05, 6.95244e-06, 
806, 28579.3, -141.165, -138.831, 156.674, 0.00062417, 0.00033387, -0.00105782, 
807, 122719, -3.48727, -69.574, -96.5177, 2.56743e-06, 5.45797e-06, 1.78878e-05, 
808, 48207.6, -157.467, -44.0221, -139.495, 2.40832e-05, -4.20279e-06, 2.67759e-05, 
809, 107008, 55.6667, 177.957, 152.585, -1.02298e-05, -3.21745e-05, -2.3134e-05, 
810, 18833.8, 62.0706, 155.696, -191.465, -2.96359e-06, -1.73427e-05, 4.10645e-05, 
811, 57604.9, 83.4966, 15.0309, -149.172, -1.33851e-05, -6.31784e-06, 3.60534e-05, 
812, 42206.3, -148.235, 180.986, 124.99, 1.65889e-05, -3.52197e-05, -8.52572e-06, 
813, 206861, 120.605, -67.1781, -96.0992, -2.64454e-05, 1.51201e-05, 1.73535e-05, 
814, 181820, 184.626, 24.0101, 166.71, -3.95031e-05, 9.80972e-06, -2.59342e-05, 
815, 52374.7, 44.5503, -130.67, -21.3748, 1.18786e-05, 5.01962e-05, -2.22573e-06, 
816, 58335.8, 103.356, 103.794, -112.366, -2.20183e-05, -1.98671e-05, 2.47943e-05, 
817, 10924.7, 144.561, -47.1187, -105.517, -2.06805e-05, 1.22308e-05, 1.49172e-05, 
818, 233079, -127.662, 122.538, 125.57, 1.35011e-05, -1.74773e-05, -2.85698e-05, 
819, 285093, 43.6658, -5.34569, 60.3618, -3.037e-06, 6.81296e-06, -3.10202e-06, 
820, 142762, 112.679, 120.504, 13.4886, -2.58968e-05, -1.91176e-05, -7.27977e-06, 
821, 368984, 194.031, 133.837, -125.533, -4.94212e-05, -5.22197e-06, 2.79746e-05, 
822, 21311.2, -161.49, 27.2482, -82.4999, 4.29446e-05, -4.61335e-06, 1.25366e-05, 
823, 9538.85, 12.3531, -124.471, -48.3119, -2.39415e-06, 3.56303e-05, 1.7778e-05, 
824, 66198.4, 22.5213, 30.823, -59.6299, 1.89735e-08, -8.91876e-07, 1.68447e-05, 
825, 92104.2, -55.4592, -142.856, 35.7761, 3.50694e-06, 2.70218e-05, -7.76556e-06, 
826, 42347.6, 7.11931, 27.5166, -8.4017, -2.67517e-06, -4.53183e-06, -7.0174e-06, 
827, 32190.1, 196.822, 101.865, 85.0027, -4.72017e-05, -1.19126e-05, -4.41173e-06, 
828, 41709.3, 41.5869, 122.618, 168.784, 8.69334e-06, -2.56561e-05, -3.5041e-05, 
829, 47823.2, 42.3396, -170.995, 76.6786, 3.4446e-06, 4.63383e-05, -1.05713e-05, 
830, 3506.43, -110.582, -50.7632, 136.464, 2.72531e-05, 1.27369e-05, -2.08065e-05, 
831, 88237.2, 166.755, -82.0532, 19.0631, -3.73592e-05, 2.49582e-05, -2.04855e-06, 
832, 3309.83, 74.1255, 135.461, -170.815, -4.49566e-06, -1.76474e-05, 3.9329e-05, 
833, 57350.1, 68.352, -93.1359, -173.342, -2.20124e-05, 2.2137e-05, 4.09787e-05, 
834, 13883.6, 191.961, -135.798, -149.166, -3.48128e-05, 1.2964e-05, 1.9905e-05, 
835, 89249.6, 1.81883, -137.944, -109.472, 5.44549e-06, 4.37622e-05, 8.62786e-06, 
836, 41456.9, 179.764, 153.876, 163.482, -4.15039e-05, -2.68899e-05, 6.54511e-06, 
837, 1768.98, 72.539, -10.2836, 46.8669, -3.00462e-05, 1.33176e-05, -1.64746e-06, 
838, 164552, -129.639, 105.125, 180.553, 5.77916e-06, -4.86241e-05, -5.94508e-05, 
839, 76215.5, -10.5294, -77.7072, 142.84, 1.0791e-05, 1.46396e-05, -3.6438e-05, 
840, 42834.4, -4.98762, -129.166, 132.854, 1.33061e-05, 2.53799e-05, -4.65634e-05, 
841, 315284, -150.542, -123.669, -171.246, 2.85171e-05, 2.5987e-05, 3.85183e-05, 
842, 70649.2, 139.978, -137.457, -151.357, -1.30178e-05, 2.83317e-05, -1.51491e-05, 
843, 18007.5, -143.752, -82.7793, -9.60566, 2.86846e-05, 9.80386e-06, -6.36954e-06, 
844, 72124.9, -14.1536, 45.1705, -19.25, -3.72529e-06, -1.9456e-05, -1.17887e-05, 
845, 527644, 136.681, -151.992, -18.586, -3.07759e-05, 3.05119e-05, -1.53641e-07, 
846, 170939, 193.653, 21.6546, 107.337, -4.33644e-05, 6.58715e-07, -1.09542e-05, 
847, 131368, 68.662, -196.407, -82.7093, 3.52895e-05, 6.31224e-05, -1.46408e-05, 
848, 68263.8, 35.2666, -52.0428, 19.7871, -4.10556e-06, 7.58493e-06, 4.17224e-06, 
849, 4253.48, -58.7531, 47.5355, 142.057, 1.07337e-05, -1.68921e-07, -3.28498e-05, 
850, 62132, -45.4906, 41.7437, -159.602, -3.23239e-05, -3.2336e-05, 5.83776e-05, 
851, 187780, 52.4189, -130.882, -154.957, -1.57426e-05, 2.26412e-05, 3.38646e-05, 
852, 46555, -77.7795, 115.545, 185.691, -3.71498e-05, -4.65405e-05, -3.57828e-05, 
853, 52138.4, 69.1282, 23.8544, 48.1264, 2.37081e-06, -4.06296e-05, -8.82769e-05, 
854, 105525, 26.1403, 7.24212, -43.3031, -5.81467e-06, -4.53709e-06, 1.77032e-05, 
855, 94645.3, -0.292764, 69.0951, -15.3201, -4.85868e-06, -1.9303e-05, 1.19658e-06, 
856, 33015.8, 73.5002, -162.599, -50.7081, -2.1704e-06, 3.014e-05, 4.78678e-06, 
857, 153036, -189.3, -153.91, 134.865, 3.59836e-05, 1.89839e-05, -2.52787e-05, 
858, 175048, 121.285, -22.0254, -72.0418, -1.93911e-05, 1.42094e-05, 2.80478e-05, 
859, 3732.86, 189.039, -1.31692, 20.2928, -4.71112e-05, -2.4772e-06, -8.37333e-07, 
860, 102960, -165.915, -24.7178, 26.3101, 3.58182e-05, 4.42695e-06, 8.05072e-06, 
861, 1943.71, -187.612, 26.8495, -101.748, 4.03055e-05, -2.74004e-06, 1.65006e-05, 
862, 37579.4, -109.084, 32.4584, 188.664, 1.06702e-05, -1.86255e-07, -3.91621e-05, 
863, 75596.7, -125.7, 179.657, -175.194, 2.87181e-05, -2.30308e-05, 2.52606e-05, 
864, 72914.4, 165.526, 158.853, -175.778, -2.68263e-05, -1.94632e-05, 3.60113e-05, 
865, 40058.9, -198.564, -61.5078, 105.575, 4.19389e-05, 9.40372e-06, -1.45532e-05, 
866, 2443.56, 162.495, 142.631, 194.024, -3.05754e-05, -3.95927e-05, -6.65965e-05, 
867, 228494, 158.935, 185.118, 82.7764, -2.94994e-05, -5.1163e-05, -1.82963e-05, 
868, 144972, 20.3619, 159.345, 76.5818, 8.49803e-06, -1.94287e-05, -2.94982e-05, 
869, 240247, 60.7825, 137.155, -70.4367, -6.81019e-06, -3.34e-05, 1.3647e-05, 
870, 23085.4, 154.867, -63.0787, -177.236, -2.95394e-05, 1.07506e-05, 3.29628e-05, 
871, 37939.5, 105, 39.7982, -74.391, -1.99942e-05, -1.49296e-06, 2.19791e-05, 
872, 5296.39, -158.87, -166.489, -141.321, 3.77113e-05, 3.38358e-05, 1.42736e-06, 
873, 39944.8, -66.4268, 135.006, 42.2791, -4.29536e-06, -3.5319e-05, -2.97645e-06, 
874, 87785.1, 22.7198, -148.79, -153.685, -5.4015e-06, 2.82707e-05, 3.48772e-05, 
875, 31832.4, 26.6992, 7.25533, 65.7823, 3.53414e-05, 1.21551e-05, 6.01816e-06, 
876, 438661, 154.129, 121.96, 182.424, 7.35159e-07, -7.12763e-05, -3.6105e-05, 
877, 66176.8, -63.4599, -16.2044, 22.0044, 1.45984e-05, 1.28693e-05, -4.7936e-06, 
878, 62483.6, -150.439, -167.197, 100.664, 9.15708e-06, 2.73828e-05, -1.19818e-05, 
879, 144637, 95.5878, 106.117, 131.665, -3.85925e-05, -2.74745e-05, 1.18775e-05, 
880, 97243.1, -30.1002, -132.727, 164.737, 3.50266e-06, 2.72776e-05, -3.50149e-05, 
881, 74869.6, 44.7278, 99.7365, 95.663, 4.6334e-06, -6.99626e-06, -2.49809e-05, 
882, 76207.2, -15.587, 71.4804, 120.991, 4.53351e-06, -1.92039e-06, -2.58983e-05, 
883, 3864.62, 152.656, -195.348, 55.0337, -2.17046e-05, 4.2694e-05, -5.4239e-06, 
884, 90040.9, -59.9252, 189.891, 105.454, 5.38182e-06, -4.52147e-05, -1.93425e-05, 
885, 43910, -169.127, 127.149, -174.423, 2.23394e-05, -1.31813e-05, 2.88036e-05, 
886, 18767.4, -186.056, 38.4532, -142.745, 3.29837e-05, -6.47615e-06, 1.75892e-05, 
887, 16072.5, -86.8561, -81.2665, -36.9428, 2.18845e-05, 1.04189e-05, 2.01492e-06, 
888, 88055, 64.92, -73.2428, 51.4464, -2.61497e-05, 2.38435e-05, -3.21903e-06, 
889, 124105, -36.5634, -51.2752, -181.667, -3.87433e-06, 8.12756e-06, 2.68552e-05, 
890, 81550.8, 103.641, 191.272, 121.078, -1.26385e-05, -4.42984e-05, -1.80605e-05, 
891, 207409, -150.37, -43.202, 168.678, 2.60626e-05, 2.20477e-05, -2.37502e-05, 
892, 17292.2, -199.081, 150.883, 133.075, 4.15242e-05, -1.85896e-05, -1.84716e-05, 
893, 29477.8, 66.4396, 168.669, -182.942, -2.38059e-06, -2.50183e-05, 3.86674e-05, 
894, 7475.22, -13.9101, -158.059, -142.366, 1.92974e-06, 3.46955e-05, 2.56784e-05, 
895, 61370.8, -119.674, -197.083, 89.5855, 1.34842e-05, 4.34928e-05, -1.37115e-05, 
896, 308324, 83.7814, 187.052, -144.802, 2.02172e-05, -2.88233e-05, 1.18336e-05, 
897, 110445, -185.514, -123.795, 68.6038, 3.89934e-05, 1.66627e-05, -1.14014e-05, 
898, 109736, 179.993, -81.7975, 102.676, -4.67052e-05, -2.84393e-05, -3.6553e-05, 
899, 82634.2, -78.8311, -41.9659, -171.803, 1.50878e-05, 3.64697e-06, 3.6236e-05, 
900, 15369.9, 107.484, 128.783, 46.1262, -3.05128e-05, -2.32039e-05, -3.63622e-06, 
901, 19852.3, 30.8241, 49.1417, -23.0802, -5.06772e-06, -9.71189e-06, -6.02906e-07, 
902, 30159.8, 153.966, 95.1762, -198.128, -2.77786e-05, -1.84596e-06, 4.17468e-05, 
903, 406168, 24.2053, -46.574, -104.291, -5.92981e-06, 4.51867e-06, 2.03597e-05, 
904, 283206, -98.501, -152.477, 22.5789, 9.00052e-06, 3.38295e-05, -1.22891e-05, 
905, 74862.1, 126.561, 21.794, 141.774, -2.57697e-05, 3.60583e-06, -1.5454e-05, 
906, 29928.4, 130.319, -121.934, 120.454, -2.10302e-05, 1.34014e-05, -3.26587e-05, 
907, 56321.9, -33.7964, -93.1442, 94.9391, 9.37547e-06, 2.27269e-05, -1.62641e-05, 
908, 70579.5, -175.038, -152.226, 118.698, 2.94399e-05, 1.08869e-05, -1.86555e-05, 
909, 2374.24, -23.4708, -29.8036, -4.43138, 1.36795e-05, 1.1809e-05, -6.58306e-06, 
910, 257749, 10.9819, -117.87, -114.493, -1.84437e-06, 2.13858e-05, 1.78234e-05, 
911, 52870.8, -183.011, 175.856, 143.813, 4.73302e-05, -1.97708e-05, -1.25923e-05, 
912, 73734.5, 17.1506, 173.244, -27.1223, 3.28043e-06, -3.92939e-05, 8.66046e-06, 
913, 154890, -66.6437, 111.045, 11.216, 4.36275e-05, -1.47703e-05, -2.44897e-05, 
914, 34503.2, 29.0471, -173.536, -149.524, -1.28792e-05, 2.93298e-05, 2.40043e-05, 
915, 302313, -3.66511, 31.1205, -116.654, -1.43399e-06, -8.02408e-06, 1.53938e-05, 
916, 48269, -22.2252, -122.03, -148.136, -4.5809e-06, 1.55334e-05, 1.09564e-05, 
917, 71440.3, 45.2667, 143.486, -89.0186, 2.03955e-06, -3.95628e-05, 3.03443e-05, 
918, 37656.2, 165.977, 112.941, -120.854, -3.14159e-05, 1.06751e-05, -3.5898e-06, 
919, 214827, -49.5364, 31.9399, -154.655, 1.23378e-05, 1.85721e-05, 2.78992e-05, 
920, 37174.1, 147.741, -72.9521, -94.8619, -3.79499e-05, 1.93936e-05, 8.34684e-06, 
921, 188731, 163.571, 169.482, 76.0784, -3.61724e-05, -7.3816e-06, -3.13376e-06, 
922, 85920.2, 119.246, 9.19798, -109.036, -2.05752e-05, 4.98416e-06, 2.74353e-05, 
923, 30814.5, 161.646, -25.8579, -180.207, -3.28521e-05, 2.18075e-06, 3.2876e-05, 
924, 546352, -144.261, -14.5451, 191.926, 1.82434e-05, 1.1421e-05, -3.73393e-05, 
925, 11079.1, -93.0132, -75.4221, 174.906, 1.72895e-05, 1.13064e-05, -4.37016e-05, 
926, 117668, 115.073, 98.8253, -152.883, 6.52925e-08, -0.0001674, 1.1182e-05, 
927, 65187.6, -40.9455, -163.76, 9.00667, 2.84618e-06, 4.15943e-05, -4.51373e-06, 
928, 12481, -192.79, 192.638, -29.8909, 4.08671e-05, -3.90404e-05, 3.88609e-06, 
929, 7076.11, 62.1116, -158.737, 141.442, -1.94821e-05, 2.88241e-05, -1.75199e-05, 
930, 113044, 150.005, -134.658, -107.974, -2.78838e-05, 1.15631e-05, 1.92949e-05, 
931, 30277.5, 120.081, 60.8307, -173.604, -1.63858e-05, 1.49595e-06, 4.29524e-05, 
932, 19134.3, 153.467, 88.7391, 117.403, -2.90658e-05, 2.40724e-06, -8.32132e-06, 
933, 33956, 132.642, -86.0074, 139.139, -2.46292e-05, 3.04846e-05, -3.15196e-05, 
934, 41452.5, -24.6974, -44.6481, 44.2436, 1.58336e-05, 1.4436e-05, -5.57376e-06, 
935, 88960.2, 171.976, -41.5937, 43.107, -5.06009e-05, -5.56129e-06, -2.15532e-05, 
936, 41976, -170.65, 183.131, -142.267, 2.56539e-05, -3.35624e-05, 1.77378e-05, 
937, 217216, -103.845, -162.357, -157.344, 1.47113e-05, 4.01643e-05, 4.26884e-05, 
938, 23265.7, 120.458, -151.837, 182.96, -2.64209e-05, 2.13641e-05, -3.78698e-05, 
939, 50930.9, 94.3413, 154.058, -99.3906, -4.2013e-06, -3.19999e-05, 2.43309e-05, 
940, 156684, -77.5893, -100.328, -67.7341, 1.73129e-05, 1.16937e-05, 5.24098e-06, 
941, 20818.4, -42.6755, 173.192, 13.9119, 1.8567e-05, -4.30877e-05, 3.73102e-06, 
942, 128535, -133.552, 97.5881, 175.134, 4.6618e-05, 2.69449e-05, -2.8187e-06, 
943, 123191, -77.5314, 188.315, -107.753, 2.36967e-07, -4.70506e-05, 6.30136e-06, 
944, 30204, -198.994, 28.0082, -90.1575, 4.60104e-05, -3.9828e-07, 1.42294e-05, 
945, 14151, 101.743, 41.9832, -154.161, -1.81398e-05, -2.00599e-06, 4.11242e-05, 
946, 636.499, 75.1006, -7.51608, -164.395, -6.43229e-06, -1.14987e-05, 3.75986e-05, 
947, 210578, -181.55, 130.247, 94.145, 0.000227731, 0.000133212, -5.58573e-07, 
948, 151705, 63.2634, 174.179, -43.6879, -5.44581e-06, -4.6275e-05, 7.90339e-06, 
949, 85668.2, -16.7775, 29.2791, -125.379, 3.92264e-05, 1.45935e-06, 4.45576e-05, 
950, 8067.9, 27.3977, 40.0288, 131.419, 2.03514e-06, 1.90805e-06, -2.94289e-05, 
951, 10259.9, -52.5898, 110.687, -10.6704, -2.25073e-06, -2.33871e-05, 2.22827e-05, 
952, 248973, 72.0187, -60.6913, 102.581, -1.88565e-05, 1.82659e-05, -2.32803e-05, 
953, 22777, 152.934, 58.3176, -126.032, -3.92294e-05, -6.49063e-06, 2.75835e-05, 
954, 221946, 36.3922, 58.49, -61.3826, 9.93554e-06, -2.08548e-06, 9.44384e-06, 
955, 4167.21, -38.4827, 60.5575, 39.3813, -1.38855e-05, -6.30096e-06, -1.01575e-05, 
956, 63225.3, 53.3743, 62.227, -60.564, -3.31463e-05, 5.02314e-06, -5.14442e-06, 
957, 76883, 178.16, 183.329, -149.835, -3.22264e-05, -3.32466e-05, 2.23642e-05, 
958, 16714.9, -43.1158, 174.206, 195.814, 7.26941e-06, -3.08115e-05, -4.24742e-05, 
959, 142125, 154.047, 91.7111, 176.171, -3.55981e-05, 1.93111e-05, -3.91908e-05, 
960, 50927.3, 140.653, 87.1899, 59.4108, -3.26751e-05, -1.78303e-05, -3.01053e-06, 
961, 23374, 83.0296, 86.1533, 18.7556, -1.58026e-05, -9.57527e-06, -3.66234e-06, 
962, 186842, 72.6705, 99.0894, 146.142, 3.04723e-05, -4.45532e-06, -1.96561e-05, 
963, 186016, -180.494, 124.908, 12.2574, 4.09066e-05, -2.20961e-05, -1.21728e-06, 
964, 150017, -118.253, 176.675, -72.3438, 1.956e-05, -4.10155e-05, 9.58109e-06, 
965, 12351.6, -9.05488, 66.3159, 173.88, 6.47504e-06, 6.39337e-06, -4.19276e-05, 
966, 18040.7, -121.983, 183.995, 152.418, 2.39475e-05, -4.11977e-05, -6.86342e-06, 
967, 365471, 64.5326, 79.0292, -79.6065, -1.48685e-05, -1.36986e-05, 2.09695e-05, 
968, 141398, 7.35734, 26.5722, 111.627, 3.64245e-06, -7.36965e-06, -3.19547e-05, 
969, 39913.5, 5.18482, -60.0775, 35.1525, 2.78951e-05, 1.21575e-05, 9.0078e-07, 
970, 4957.12, -177.163, -40.6798, 90.2697, 4.37459e-05, 1.65975e-05, -1.28043e-05, 
971, 56588.8, -112.647, 103.354, -154.255, 2.66883e-05, -2.18413e-05, 2.56279e-05, 
972, 33212.9, -169.32, -152.946, -135.206, 4.13045e-05, 3.09341e-05, 9.40061e-06, 
973, 27703.4, 169.969, -154.272, 66.3105, -4.22628e-05, 3.30623e-05, -1.11575e-05, 
974, 77007.2, 41.6985, -79.8263, 48.1154, -1.38055e-05, 4.4307e-05, -5.88663e-06, 
975, 56906.5, -20.3045, 7.82822, -20.1938, 1.00139e-05, 7.52942e-06, -3.89987e-07, 
976, 40865.7, -136.105, 69.7947, 13.0586, 3.28585e-05, -2.20769e-05, -1.32816e-05, 
977, 5817.58, -152.679, 142.41, 78.183, 3.23815e-05, 2.83037e-06, 6.28954e-06, 
978, 76162.7, 156.546, -82.399, 80.0232, -2.97436e-05, 1.10583e-05, 6.64587e-06, 
979, 43151.2, -179.311, 152.566, 110.145, 4.21127e-05, -3.95835e-05, -2.5688e-05, 
980, 38264.6, 47.9745, 68.6273, -65.2613, -2.27364e-06, -3.36681e-05, 1.91359e-05, 
981, 32246, 162.395, -168.643, -101.47, 1.91487e-05, 9.23942e-05, 4.23957e-05, 
982, 205630, 92.6191, -176.263, -89.3828, -4.14941e-05, 8.194e-06, 1.49472e-05, 
983, 152053, -175.719, 179.417, -30.6737, 3.61738e-05, -3.46806e-05, 9.29085e-06, 
984, 176833, 156.726, 94.0907, 96.8879, -3.75583e-05, -1.17452e-05, -3.00354e-06, 
985, 35522.5, -157.914, -138.166, -36.5087, 3.47777e-05, 8.82584e-06, 2.02386e-05, 
986, 12347.6, 60.407, -26.4967, -194.478, -5.50021e-06, -3.2664e-06, 5.35299e-05, 
987, 141252, 152.579, -187.215, -81.58, -2.25052e-05, 4.31542e-05, 6.52139e-06, 
988, 32501.8, -26.8665, -63.0067, -153.066, 5.17497e-06, -1.10807e-06, 3.04849e-05, 
989, 118945, -173.754, 92.9691, -104.097, 3.54784e-05, -1.4404e-05, 1.13873e-05, 
990, 26452.4, 98.8696, 174.268, 86.3828, -1.76853e-05, -4.22359e-05, -1.09604e-05, 
991, 155703, 96.2065, 60.1322, -46.6932, -1.85575e-05, -1.51657e-05, 8.22192e-06, 
992, 137638, 103.535, -163.394, -40.2734, -1.39967e-05, 2.10736e-05, 2.67499e-06, 
993, 25517.8, 30.4834, -86.2857, -10.8867, 3.66192e-06, -2.6771e-05, -4.43918e-05, 
994, 35546.1, 113.205, 135.526, 182.123, -1.18393e-06, -3.49119e-05, -3.54184e-05, 
995, 199466, -62.4439, 57.4226, 28.0749, 1.95275e-05, -2.81326e-06, 4.72338e-06, 
996, 168949, 180.876, -106.107, -39.3038, -4.44476e-05, 1.42429e-05, 9.216e-06, 
997, 137066, -157.159, 158.791, 85.6587, 3.80731e-05, -4.95575e-05, -1.34669e-05, 
998, 21868.6, -190.281, 130.914, -44.1943, 2.61438e-05, -5.23053e-05, 8.29943e-06, 
999, 1415.09, -22.4124, -61.5819, -49.6123, 9.64071e-06, 1.35382e-05, 1.48607e-06, 
