ID, Mass [kg], pos_0 [m], pos_1 [m], pos_2 [m], vel_0 [m/s], vel_1 [m/s], vel_2 [m/s], 
0, 7306.99, 56.4051, -17.8015, 11.4047, -0.000143895, 1.52558e-05, -2.49171e-05, 
1, 25663.7, -43.048, 47.6656, -52.8372, 5.96682e-05, -8.13244e-05, 9.42135e-05, 
2, 201240, 7.17131, -30.0025, 8.80203, -1.66338e-05, 7.42287e-05, -2.11805e-05, 
3, 37450.2, 16.061, -23.1207, 50.4221, 1.5482e-05, 5.52321e-05, -0.000102164, 
4, 36802.6, -9.18025, -53.965, -2.79611, 4.28458e-06, 0.000130417, 3.16073e-06, 
5, 91967.7, 2.29536, 9.88921, 45.1778, 1.5549e-05, 4.02008e-05, -0.000119097, 
6, 244649, -8.6534, -35.2266, 56.2625, -6.16001e-06, 3.56097e-05, -0.000131949, 
7, 126962, 21.2058, 28.6982, -54.7272, -5.08207e-05, -4.34763e-05, 0.000145373, 
8, 32970.6, 34.318, -3.01675, 33.9581, -7.1529e-05, 2.7453e-05, -5.59787e-05, 
9, 52945.8, 17.8015, 8.99646, -13.8255, -4.31316e-05, 0.000118014, 2.55081e-05, 
10, 108968, -1.51008, 34.344, 32.8857, 0.000105703, -2.61064e-05, -0.000244133, 
11, 131890, -58.9154, -19.565, -21.5129, 0.000145113, 2.66743e-05, 2.38084e-05, 
12, 10236.3, -46.6848, -45.7288, -10.3911, 6.4784e-05, 8.48271e-05, 2.04403e-06, 
13, 44153.4, -11.8324, 45.208, 1.57904, -1.64426e-05, -0.000112495, 6.11394e-05, 
14, 68166.4, 22.2377, 44.0205, -1.81906, -2.09298e-05, -7.81586e-05, -6.54901e-07, 
15, 71364.7, 7.99056, -25.1827, -28.1332, -1.5641e-05, 5.20987e-05, 3.52118e-05, 
16, 10698.4, -38.3551, -42.799, 1.25934, 5.83682e-05, 5.39477e-05, -8.24453e-06, 
17, 41428.5, -37.0001, 39.5725, 28.4199, 9.07875e-05, -7.30711e-05, -6.67581e-05, 
18, 13741.9, -11.5434, 40.8743, 12.6417, -2.89845e-05, -2.07388e-05, -0.000100861, 
19, 100561, -59.9502, 48.942, -7.2344, 0.000109605, -8.22263e-05, -3.65959e-06, 
20, 24540.2, 35.2865, 10.2254, -19.7512, -9.06052e-05, 5.20815e-06, 3.41915e-05, 
21, 15002.7, 24.0546, -48.9006, -34.4232, 0.000239455, 3.63641e-05, 0.000185449, 
22, 17253.2, -40.8779, 26.3166, -41.8957, 0.000107283, -2.28508e-05, 0.000111175, 
23, 17681, -25.6708, 58.5741, 10.9749, 4.90692e-05, -0.000146747, -2.98964e-05, 
24, 136096, 37.1506, 23.2081, -38.3052, -0.000292803, 0.000136032, -0.000211996, 
25, 18735.6, -43.7361, 23.8247, -36.6877, 0.000111558, -2.25429e-05, 7.39249e-05, 
26, 89500.3, 37.7586, -4.69069, 19.0548, -7.99888e-05, 2.37035e-05, -2.68556e-05, 
27, 80283.6, 27.7987, 6.42779, -10.5713, -8.46176e-05, 1.9256e-05, 1.66764e-05, 
28, 24508.5, 32.6367, 10.251, -37.9987, -6.71946e-05, -2.07597e-06, 4.56436e-05, 
29, 9588.49, 54.4265, 51.6676, -20.8853, -0.000101371, -8.28618e-05, 4.50831e-05, 
30, 102220, -31.6778, -49.1114, 13.1314, 3.17249e-05, 7.87949e-05, -3.58602e-05, 
31, 115818, -3.92315, -52.4754, 43.884, -2.6819e-05, 0.000121671, -8.4544e-05, 
32, 27345.4, -54.4531, -23.711, 52.006, 0.000110977, 6.26294e-05, -0.00010293, 
33, 90865.6, 31.2937, 32.5707, -48.5013, -8.80178e-05, -9.36109e-05, 0.000105166, 
34, 148232, -32.6439, -38.9454, 56.4542, 4.76769e-05, 1.34658e-05, -0.000152555, 
35, 16132, 54.3361, -41.8304, -51.492, -7.54554e-05, 9.90069e-05, -5.3552e-05, 
36, 214714, 24.3079, -52.5771, 12.2108, -1.54398e-05, 8.99296e-05, -3.20452e-05, 
37, 155291, 29.3976, -37.3607, 8.88229, -9.01486e-05, 3.87711e-05, -2.83142e-05, 
38, 494798, -5.60972, -58.0986, 12.9446, 4.73201e-06, 0.000153058, -1.54691e-05, 
39, 33874.2, 2.85331, -17.2428, 27.4148, -2.22274e-05, 4.08643e-05, -7.69034e-05, 
40, 75237.9, -56.8386, -20.9961, 47.2825, 0.000132202, 4.71271e-05, -8.7654e-05, 
41, 18618.6, 33.5313, 57.2309, 28.7295, -2.21184e-05, -0.000153958, -6.09156e-05, 
42, 221457, -59.4568, 25.6531, -45.0908, 0.000114712, -2.91191e-05, 7.43522e-05, 
43, 182484, -57.1045, -17.0556, 26.3243, 0.000263916, 0.000123106, -7.9708e-05, 
44, 67.6975, -23.3502, -15.8211, -12.4011, 3.79941e-05, 2.18548e-05, 4.10878e-06, 
45, 32007.5, 15.883, 19.8036, 49.6209, -7.08552e-05, -4.45823e-05, -0.000128563, 
46, 103184, -36.9772, 6.76475, -15.726, 3.71798e-05, 3.66528e-07, -3.28852e-05, 
47, 51078.9, -48.2827, 47.6909, 56.3465, 7.51289e-05, -6.01155e-05, -0.000100935, 
48, 79004.7, 21.8985, 31.0157, -47.2249, -6.32622e-05, -8.06228e-05, 8.90397e-05, 
49, 105122, -28.6322, -2.06032, -56.1484, 7.23285e-05, 8.22668e-05, 0.000262372, 
50, 17499.1, 17.5421, -58.6877, 30.793, -1.73168e-05, 0.000128118, -4.13669e-05, 
51, 40945.2, -25.3706, 20.7524, -40.9337, 6.19356e-05, -4.19609e-05, 6.71465e-05, 
52, 20577.5, -25.8764, 7.06408, -18.269, -0.000122332, -0.000122244, -5.95477e-05, 
53, 264592, -22.2852, 42.1677, -36.787, 4.63796e-05, -6.97119e-05, 6.39155e-05, 
54, 126647, -26.6108, 36.3514, 33.6631, 3.8909e-05, -8.50689e-05, -8.0475e-05, 
55, 22271.1, 38.1489, 44.7962, -3.53321, -6.25992e-05, -8.51141e-05, 0.000117372, 
56, 43672.3, 39.601, -51.8115, 49.7983, -6.74799e-05, 7.87001e-05, -7.72647e-05, 
57, 89746.1, 48.567, -34.2831, 47.555, -5.97932e-05, 4.57629e-05, -7.93968e-05, 
58, 147889, 1.51147, 12.1114, 35.5604, 2.19405e-05, -1.22443e-05, -9.17333e-05, 
59, 17633, 51.216, 45.8202, -53.9631, -7.57786e-05, -6.33353e-05, 8.02482e-05, 
60, 275933, -52.2256, -17.2984, 11.9099, 0.000140102, -5.49009e-05, 4.04501e-05, 
61, 134391, -50.9497, 39.5698, -20.144, 0.000100217, -8.39447e-05, -2.26082e-05, 
62, 66676.6, 29.0803, 6.9293, 0.298832, -7.47548e-05, 9.69043e-06, 1.75121e-06, 
63, 75143.9, 38.3774, -59.3809, -53.6804, -5.44104e-05, 0.000101117, 6.65249e-05, 
64, 327937, -32.133, -30.0197, -21.7017, -0.000187392, 0.000268106, 0.000271552, 
65, 337884, 55.3769, 6.22965, -49.9468, -3.73319e-05, 1.83792e-05, 0.000122283, 
66, 74245.4, -9.30443, -35.5823, 0.01066, 2.555e-05, 7.61214e-05, -3.25824e-05, 
67, 32701.4, 48.3155, -35.0836, -59.2269, -5.61644e-05, 5.50182e-06, 0.000106187, 
68, 283031, 57.3173, 49.5413, 11.8567, -0.000165746, -9.49567e-05, -2.84304e-05, 
69, 133424, 33.2122, 42.7478, 14.9004, -8.39289e-06, -5.13547e-05, -4.44203e-05, 
70, 24181.8, 29.7862, -12.6997, -33.6094, -8.81062e-05, -1.48541e-05, 8.58064e-06, 
71, 97259.2, -54.9967, 37.7886, -13.6865, 0.000130211, -6.42095e-05, -1.4672e-05, 
72, 34435.4, -28.9074, -58.3822, -9.85741, -1.28042e-05, 0.000155501, 3.86829e-05, 
73, 268225, 19.6591, 57.9045, -20.1553, -4.4326e-05, -0.000164052, 4.85307e-05, 
74, 105264, 0.270881, 22.9031, 23.3671, -7.4685e-06, -5.32267e-05, -6.3219e-05, 
75, 105569, 34.0147, -35.2432, -14.0418, -0.000167022, 0.000159059, -3.88458e-06, 
76, 427608, 59.3957, 39.3004, 36.0195, -0.000118797, -2.80677e-05, -7.00242e-05, 
77, 140880, 12.6489, 33.2265, 22.0712, -2.17263e-05, -6.21711e-05, -6.01128e-05, 
78, 111924, 42.7106, 59.9067, -26.562, -8.093e-05, -0.00010962, 5.99194e-05, 
79, 502128, 25.4855, 11.3511, -50.6582, -4.76149e-05, -2.10061e-06, 9.64347e-05, 
80, 323786, 17.7592, 13.9508, -13.8853, -4.23555e-05, -1.77067e-05, 3.51766e-05, 
81, 63250.7, -58.9397, -56.8712, -12.333, 0.000121513, 0.000136032, 1.48459e-05, 
82, 402602, 45.7078, -10.0384, 3.27395, -0.000106043, -2.43315e-06, -1.12178e-05, 
83, 89404.4, 45.0613, -2.58985, 26.0433, -9.51576e-05, 1.4524e-05, -2.6902e-05, 
84, 141350, -37.0628, 0.642635, 49.9635, -3.49182e-05, -6.77472e-05, -0.000219648, 
85, 264110, 45.0337, -35.4149, -41.3955, -0.000101633, 6.51128e-05, 6.1806e-05, 
86, 119424, -49.0473, -30.5869, -51.4054, 9.17156e-05, 7.5594e-05, 0.000117092, 
87, 150559, -26.3505, -33.124, 46.5757, 2.44687e-05, 6.83723e-06, -0.00010638, 
88, 17547.5, 11.9172, -42.5151, -4.09383, -2.5421e-05, 0.000115516, 1.8662e-06, 
89, 24507.8, -11.8822, -14.0572, -25.9533, -1.27898e-05, 6.31009e-05, 2.39489e-05, 
90, 6580.39, -21.6187, 12.9669, -59.5632, 0.000112714, -3.40562e-05, 0.000211882, 
91, 472240, 55.464, -31.922, -2.25536, -0.000125551, 0.000141709, 1.83866e-05, 
92, 166660, 54.8865, -55.1825, 58.897, -5.46632e-05, 6.29885e-05, -6.16859e-05, 
93, 87622.6, -22.8834, 52.1964, -23.3804, 3.94325e-05, -0.000102172, 3.62578e-05, 
94, 181184, -15.0861, -20.6015, 56.4148, 2.36704e-05, 3.44709e-05, -0.00015319, 
95, 136942, -26.0952, -48.6513, 32.8985, 1.76141e-05, 9.70843e-05, -6.27064e-05, 
96, 107379, 8.29367, 4.73123, 1.21469, -4.21487e-05, 5.54137e-06, 1.27807e-05, 
97, 324854, 57.448, 55.6528, 48.4103, -8.24181e-05, -7.04881e-05, -9.50202e-05, 
98, 75729.4, -16.0148, -43.4266, -48.0061, 2.10466e-05, 9.13625e-05, 0.00010273, 
99, 6009, 5.16962, 49.5861, -5.60646, 3.33994e-05, -8.2522e-05, -3.77691e-05, 
100, 28196.3, -42.5436, 13.4665, -46.4476, 9.69966e-05, -3.78221e-05, 0.000106649, 
101, 260397, 31.3648, 48.8934, 32.7722, -1.89067e-05, -9.68628e-05, -8.50262e-05, 
102, 384200, -55.8561, -38.6063, -11.1056, 0.000133446, 4.94436e-05, 1.09649e-05, 
103, 284773, 54.3123, 12.5539, 2.44909, -0.000121214, 1.56385e-05, 1.3069e-05, 
104, 88846, 30.4804, 3.01093, 24.6695, -6.99852e-05, 2.13571e-05, -5.78603e-05, 
105, 14216.4, 18.7694, -42.3095, -49.5397, -2.43781e-05, 8.35285e-05, 9.51303e-05, 
106, 233246, 20.2301, -31.7011, -11.274, -3.50505e-05, 5.24049e-05, -1.51039e-05, 
107, 108689, 51.4454, 49.9589, 40.6105, -5.49545e-05, -5.94051e-05, -9.01106e-05, 
108, 97629.6, 27.1629, -22.7587, -36.2026, -7.36324e-05, 0.000142195, 5.27729e-05, 
109, 122809, 6.16713, -28.678, 1.04571, -6.10248e-06, 7.74124e-05, 1.93606e-05, 
110, 12388.7, -33.7419, 8.7839, -39.4082, 8.02438e-05, -3.9251e-05, 7.32801e-05, 
111, 14730.3, -24.9997, 48.0756, 53.0307, 1.92889e-05, -7.75055e-05, -0.000129803, 
112, 62703.1, 20.501, 2.5309, -18.5213, -6.02373e-05, 2.25342e-05, 3.85088e-05, 
113, 116838, -23.4981, -36.514, -38.4531, 2.35106e-05, 9.81936e-05, 8.1888e-05, 
114, 89361.9, -47.7794, -44.4951, -37.0359, 0.000104108, 8.44825e-05, 8.8766e-05, 
115, 40344.4, -57.2936, 51.6153, 44.0959, 9.26314e-05, -7.07983e-05, -5.98772e-05, 
116, 7258.43, -6.88076, -17.6668, -1.05643, 2.50224e-05, 5.55414e-05, -1.04751e-05, 
117, 78149.3, -5.00412, 35.4429, 6.10941, -1.02548e-06, -7.50964e-05, -1.54716e-05, 
118, 31141.2, 53.6929, -24.7214, -5.57974, -0.000107099, -3.59074e-05, 4.46055e-05, 
119, 427511, 40.6787, 47.1583, 6.19331, -9.52414e-05, -0.000110225, -2.27128e-05, 
120, 66553.4, -47.3917, 56.8736, -48.1316, 5.97105e-05, -9.52138e-05, 6.77089e-05, 
121, 18517.1, -3.21103, -5.40102, 13.3241, -1.31318e-05, 5.34747e-05, -3.51709e-05, 
122, 40404.5, 5.3459, 19.6777, -7.35142, 5.83513e-07, 3.35932e-06, 3.95313e-05, 
123, 16984.2, 49.597, -9.05968, 51.6694, -7.50251e-05, -1.28588e-05, -6.7713e-05, 
124, 39103.5, -44.5271, -45.1938, -35.5146, 1.70516e-05, 0.000101485, 4.98228e-05, 
125, 272341, 9.12502, -48.7152, -49.6959, -2.04144e-05, 7.87367e-05, 8.17534e-05, 
126, 149271, -16.0488, 41.3673, -53.6814, 2.16758e-05, -8.48398e-05, 0.000127214, 
127, 45385.8, -29.1773, 0.825813, 55.4772, 2.6115e-05, -1.45184e-05, -0.000152691, 
128, 103239, -0.106562, 21.5015, -7.91115, 2.04237e-05, -3.24238e-05, 2.62411e-05, 
129, 106799, 52.0176, 23.5213, 45.7242, -9.82785e-05, -1.39865e-05, -0.000102717, 
130, 50027, 8.09647, 49.5025, -25.24, -7.47961e-05, -0.00019929, 1.03665e-05, 
131, 61020, -57.8519, -35.8855, -3.15485, 0.000145031, 2.95199e-05, -3.72613e-05, 
132, 4229.43, 26.8331, -19.9822, 35.5056, -5.8162e-05, 4.70997e-05, -7.0971e-05, 
133, 26505.4, -7.83868, 10.9205, -14.24, 3.4016e-06, -1.41803e-05, 1.5674e-05, 
134, 110990, 21.3806, -21.5704, 22.0439, -6.32672e-05, 3.48418e-05, -7.8353e-05, 
135, 24371.4, -57.159, -7.75088, -44.1605, 0.000271352, 0.000185122, 0.000243655, 
136, 480806, -45.6598, -24.5059, 7.68272, 6.65835e-05, 5.84876e-05, 1.85132e-05, 
137, 30463.8, -39.309, 3.52358, 44.79, 3.7097e-05, -0.000198516, -2.53242e-05, 
138, 16305.8, -26.1859, -19.9221, -3.51911, 7.42438e-05, 1.57086e-05, 1.46214e-05, 
139, 76426, 32.2318, 31.4433, 12.0749, -3.35843e-05, -2.66854e-05, 3.55319e-05, 
140, 34023, -49.768, -10.1382, 57.0531, 9.90608e-05, -7.41837e-06, -0.000136271, 
141, 16483.2, 28.172, 32.2549, -37.4574, -5.87254e-05, -0.00011948, 2.1772e-05, 
142, 68856.1, 25.1549, -52.4972, 44.3262, -4.33054e-05, 0.000114156, -4.46577e-05, 
143, 209990, -55.8192, -45.0419, 5.22442, 0.000120296, 7.85257e-05, -2.64359e-05, 
144, 54897.3, 21.7701, -44.5683, -36.4444, -3.26042e-05, 8.89305e-05, 7.93456e-05, 
145, 13370, 45.9614, 40.1129, -6.75777, -0.000216997, 2.53001e-05, 0.000194453, 
146, 5039.87, -17.5541, 0.379479, 6.68577, 1.72245e-05, 0.000425944, 0.000118243, 
147, 133903, -49.1466, 16.6851, -0.27869, 0.00012919, -5.49623e-05, -2.77617e-06, 
148, 62928.6, 57.4158, 5.84243, 51.9798, -9.62806e-05, -6.14686e-06, -9.64073e-05, 
149, 88023.3, -5.98015, -33.704, -27.5389, 1.43044e-05, 9.92022e-05, 1.51901e-05, 
150, 50707.3, -5.1964, -28.2671, -20.878, 7.49479e-06, 0.000103321, 1.75945e-05, 
151, 9301.85, 39.9793, -56.8049, 45.7919, -6.59946e-05, 0.000101633, -6.64928e-05, 
152, 63775.2, 0.59588, -58.2451, -55.3646, 3.79274e-05, 0.000121199, 0.000112479, 
153, 215063, 42.7363, -25.1119, -22.8081, -5.69358e-05, 3.24194e-05, 3.00222e-05, 
154, 116417, -41.882, -30.2404, -28.9978, 6.89968e-05, 5.58651e-05, 3.19084e-05, 
155, 24295.2, -24.6785, -58.3394, -46.7044, 1.25635e-05, 0.000111629, 8.06758e-05, 
156, 139217, -35.5728, -15.2541, 21.5673, 5.10122e-05, 2.0576e-05, -4.50441e-05, 
157, 30690.2, 9.23026, 28.6547, -59.3443, 8.90888e-07, -4.90504e-05, 0.000161193, 
158, 189211, -9.75773, -53.042, -36.5108, 7.26804e-05, 0.000107783, -3.49604e-06, 
159, 1721.14, 40.0944, -59.4713, -24.3359, -6.47082e-05, 0.000119243, 3.2506e-05, 
160, 28944.8, 12.6569, -27.8312, 35.1759, -2.87022e-05, 6.42418e-05, -8.53396e-05, 
161, 17792.3, 53.2, -3.17793, 35.5542, -0.000158988, 5.89153e-05, -2.03684e-05, 
162, 73349.3, 54.7802, 20.7057, 18.4267, -0.000147118, -2.95757e-05, -4.12149e-05, 
163, 125772, 47.1168, 14.1848, -44.0466, -8.45201e-05, -2.2207e-05, 4.00809e-05, 
164, 64101.2, 13.2076, -9.89743, 12.3901, -5.43088e-05, -2.44559e-05, 1.14589e-05, 
165, 106064, 36.0853, 52.8311, -15.5454, -0.000108053, -0.000159511, 8.55481e-05, 
166, 53613.7, -41.2006, -46.6708, 49.4608, 0.000115595, 9.74989e-05, -9.09537e-05, 
167, 48624.8, -26.8199, 6.45374, -18.7475, 7.07955e-05, 5.90178e-06, 4.28921e-05, 
168, 27472.4, -53.0076, -52.126, -8.7644, 6.05515e-05, 0.000127195, -7.274e-06, 
169, 51079.9, 56.1114, 8.99046, -45.6161, -9.44705e-05, -9.99102e-05, -8.2107e-05, 
170, 39473.3, 42.3372, 19.9881, -53.3494, -4.22952e-05, -4.78275e-05, 0.000106801, 
171, 8027.78, 16.1716, 15.6276, -56.5428, 2.32563e-05, 3.05154e-05, -0.000146376, 
172, 274262, -50.0589, 40.7732, -29.5238, 6.30715e-05, -0.000126271, -4.42152e-06, 
173, 10783.3, 52.5194, -55.3313, -45.2643, -6.20034e-05, 8.85165e-05, 3.06482e-05, 
174, 425.941, -42.3318, 26.8643, -26.6042, 0.000109019, -4.56767e-05, 2.97346e-05, 
175, 47843.4, -20.1382, -6.63966, 49.4192, 6.19207e-05, -8.15889e-06, -0.000135913, 
176, 41629.5, -4.3249, -25.4072, -21.1424, -1.98307e-05, 1.27508e-05, 3.25186e-05, 
177, 69999.1, -39.0428, -23.855, -29.2112, 8.20855e-05, 1.72748e-05, 6.33061e-05, 
178, 111816, 59.6893, 45.5268, -27.5276, -0.000103032, -6.16363e-05, 4.3728e-05, 
179, 34436.6, -31.9454, -57.1863, -7.54248, -4.92718e-06, 0.000130995, 7.45694e-05, 
180, 45583.8, -21.1377, -12.8731, 45.4944, 6.10582e-05, 4.5384e-05, -9.63481e-05, 
181, 69272.5, -13.9476, 42.3067, 7.12475, 7.08391e-06, 7.84782e-05, 7.81413e-05, 
182, 196289, -57.8303, -49.5184, 28.8331, 9.89842e-05, 7.39188e-05, -5.47574e-05, 
183, 586.527, 12.5487, -8.7737, -31.4621, -3.83788e-05, 1.40656e-06, 2.78313e-05, 
184, 55239.5, 56.0446, -4.20006, -37.3745, -0.000146381, -5.11232e-05, 1.2321e-05, 
185, 40683.3, 1.51769, 54.1868, 36.2783, 1.79383e-05, -0.000160691, -7.57622e-05, 
186, 12696.6, -19.6112, 43.4804, -4.94685, 2.66916e-05, -8.11818e-05, 7.37406e-05, 
187, 215544, -33.7351, -32.8793, -8.5079, 5.18455e-05, 5.41661e-05, 7.91579e-08, 
188, 30388.8, 17.6986, -7.51683, 18.5282, -7.38298e-05, -1.08539e-05, -4.93929e-05, 
189, 191588, -56.0345, -22.0257, 15.3916, 0.0002064, 7.64302e-05, -3.55346e-05, 
190, 240948, -44.7978, -56.5171, -20.4035, 4.37035e-05, 0.000142882, 5.23819e-05, 
191, 32425.2, -56.2521, 34.7094, -25.5615, 0.000205069, -2.71336e-05, -3.4959e-05, 
192, 675977, 3.8511, 18.6533, 50.5168, -1.33066e-05, -5.34404e-05, -0.000140967, 
193, 114328, -47.5285, 6.7323, -3.95413, 9.1392e-05, -5.05518e-06, -3.46637e-05, 
194, 5936.78, 37.8275, -18.0602, 49.9663, -6.9891e-05, 2.11417e-05, -0.000141883, 
195, 102702, 51.3791, -1.88634, -11.6614, -0.00010334, 1.15884e-05, 3.12542e-05, 
196, 44699.1, -1.53216, 52.8266, 30.9597, 2.37909e-05, -0.00013253, -6.03416e-05, 
197, 181966, 45.801, -35.247, -25.2415, -9.38222e-05, 9.7525e-05, 5.94086e-05, 
198, 4028.97, 2.02436, 4.67893, 11.5895, -6.79789e-05, 1.28327e-05, 1.30906e-05, 
199, 6743.88, 13.8446, 45.2094, 34.2928, -1.84268e-05, -0.000116478, -5.68846e-06, 
200, 30.1961, -15.86, -19.8635, 11.9561, -1.23203e-06, 7.0879e-05, -1.00058e-05, 
201, 48930.7, 44.0021, -50.8016, 29.6227, -9.27237e-05, 6.62051e-05, -3.81065e-05, 
202, 15020, 47.6819, -34.5873, 35.8457, -7.69856e-05, 0.000103202, -5.39425e-05, 
203, 77677.7, 54.8027, 54.4711, -5.80684, -0.000131052, -0.000126733, 6.20496e-05, 
204, 27235.7, -10.3186, 45.7723, -45.1103, 1.40696e-05, -9.87414e-05, 0.000110429, 
205, 28269.6, -52.112, -53.7238, 11.1634, 0.000110046, 0.000116041, -2.36729e-05, 
206, 58057.7, 17.5175, 1.6561, 54.7541, -4.14656e-05, 9.7906e-06, -0.000134299, 
207, 98879.9, -57.8377, 17.0912, 38.403, 0.000115344, -2.00296e-05, -8.21893e-05, 
208, 135377, 17.168, 6.4664, 16.444, -3.31485e-05, 1.06984e-05, -2.77538e-05, 
209, 25492.5, 11.7866, 34.5722, 6.81406, -2.8412e-05, -7.54918e-05, -2.01719e-05, 
210, 82315.1, 31.3762, 16.6574, -59.7401, -6.86834e-05, -2.86004e-05, 0.000151283, 
211, 219983, 37.2251, 42.5165, 1.8865, -2.6975e-05, -1.77764e-06, 5.02017e-05, 
212, 4201.63, 36.3549, -21.8194, -41.3665, -0.000112924, 3.13983e-05, 7.4684e-05, 
213, 14235.5, -48.3115, 53.0884, 10.9275, 9.47814e-05, -9.98252e-05, -5.09025e-06, 
214, 51245.7, -47.6588, -36.8277, -42.6657, 7.94713e-05, 8.42006e-05, 9.98255e-05, 
215, 253053, 16.4557, 16.0399, -59.1353, -1.54206e-05, -1.81355e-05, 0.000161959, 
216, 157642, 55.3005, -37.9891, 49.9124, -9.94795e-05, 4.17382e-05, -7.60528e-05, 
217, 90991.6, 6.66208, 12.8681, 30.3494, -0.000326267, 0.000142373, -0.00022328, 
218, 10749.7, 50.5257, 37.1832, 49.8396, -5.24824e-05, -6.74115e-05, -8.97378e-05, 
219, 192787, -0.94485, -32.6153, -46.1769, 1.3027e-05, 8.24404e-05, 0.000107819, 
220, 102019, 44.2271, -7.96032, -55.0585, -0.000122211, 2.33099e-05, 8.89505e-05, 
221, 16535.4, 32.8738, -29.6752, -11.6817, -6.76047e-05, -3.04743e-05, 1.06795e-05, 
222, 9457.57, -9.44209, 43.4281, 24.1326, 1.86468e-05, -0.00011044, -6.17498e-05, 
223, 846.791, 53.5855, 35.4704, -56.2265, -8.39668e-05, -6.40828e-05, 0.000101352, 
224, 147361, -34.1737, -46.107, 56.143, 6.50937e-05, 0.000111099, -0.000150349, 
225, 52720.6, -41.2022, 48.0393, -0.428875, 9.54533e-05, -9.65235e-05, -2.50731e-06, 
226, 93462.4, 35.7802, -53.3379, 24.36, -5.93511e-05, 9.86691e-05, -2.3993e-05, 
227, 161776, -27.9247, 20.5874, -57.0989, 8.91836e-05, -5.57192e-05, 0.00015645, 
228, 40324.2, -29.2468, 4.06303, 29.9038, 7.48604e-05, -2.97575e-05, -7.15269e-05, 
229, 1190.13, 8.11776, -13.9015, -36.4501, -4.75026e-05, 2.96629e-05, -1.38125e-05, 
230, 270220, 46.3698, 56.9547, -47.2184, -6.33937e-05, -7.97662e-05, 6.27326e-05, 
231, 20581.1, 52.6007, 47.2674, 0.335103, -0.000234409, 0.000155599, 0.000284562, 
232, 128736, 10.9469, 44.1462, -27.8572, -6.13899e-05, -5.0393e-05, 2.10078e-05, 
233, 3668.99, -57.9596, 27.5896, 28.9856, 0.000123605, -5.83376e-05, -4.55909e-05, 
234, 125125, -32.3697, 56.3535, 27.0964, 3.39025e-05, -0.000120936, 1.07075e-05, 
235, 105421, 48.8516, -40.1822, -18.5322, -0.000114805, 0.000122068, 2.53054e-05, 
236, 7970.5, -32.0651, 17.5848, 34.5146, 6.42746e-05, -3.76978e-06, -9.14458e-05, 
237, 172132, 31.3825, 30.7854, -58.0448, -7.15283e-05, -6.42107e-05, 0.000135976, 
238, 90482.6, -13.9833, -14.656, -5.25204, 1.75718e-05, 3.61292e-05, 6.60181e-06, 
239, 21942.7, -50.5387, 53.3923, -27.5978, 0.000102466, -0.000121286, 2.28501e-05, 
240, 302788, -39.744, -0.778722, 45.9564, 3.15338e-05, -4.45592e-05, -5.10132e-05, 
241, 14510.8, 41.992, 4.17441, 3.45188, -8.5839e-05, 2.99746e-06, 1.07577e-06, 
242, 69993.7, -11.8284, 57.9513, -48.4967, 4.85515e-08, -0.000125939, 0.000116942, 
243, 74381.8, -35.5606, -11.8045, 44.897, -4.24876e-06, 6.76442e-05, -0.000238789, 
244, 35783, -14.3828, 23.226, 47.5826, 6.10921e-06, -4.46394e-05, -0.000139956, 
245, 104931, 35.2931, 39.4058, 39.6832, -4.07876e-05, -5.78301e-05, -0.000102313, 
246, 83288.5, -54.7788, 15.9801, -15.5365, 0.000215787, -4.14966e-05, -2.98727e-06, 
247, 35338, 13.2835, 48.0178, -39.1342, -8.21807e-05, -0.000145482, 0.000165852, 
248, 75569.7, -41.1635, 52.6693, 6.55555, 8.43752e-05, -0.000112499, -1.52266e-05, 
249, 140014, -55.7703, -34.3879, 14.9986, 0.00013486, 8.46921e-05, -2.94162e-05, 
250, 21951.8, -50.1516, -15.5335, -34.1101, 0.000106679, 0.000100953, -2.03245e-06, 
251, 7800.68, -32.5802, 29.9375, -34.6806, -1.1643e-05, -3.87281e-05, 3.35617e-05, 
252, 51267.3, -29.6996, -51.3708, 16.5187, 1.74088e-05, 0.000129546, -7.14319e-05, 
253, 26779, 24.1036, -4.3314, 23.4751, -5.78367e-05, 2.53241e-05, -5.67024e-05, 
254, 376657, -36.8277, 11.5687, 7.72604, 0.000121579, -8.78772e-06, -5.87095e-05, 
255, 156220, -57.9344, -49.8355, -8.67309, 0.000136794, 9.49241e-05, -1.00306e-05, 
256, 243928, 55.2064, -40.3172, -55.4281, -0.000109565, 4.28256e-05, 6.70532e-05, 
257, 16882.3, -57.4858, -16.9218, 15.6919, 0.000236485, -4.77988e-05, -2.87379e-05, 
258, 183033, 26.7426, 21.5134, -9.87717, -6.85757e-05, -2.26271e-05, 1.22509e-05, 
259, 95691.2, -3.62487, -14.2036, -10.7866, 3.8413e-06, 2.35826e-05, 3.40621e-05, 
260, 150683, -47.0276, 10.2683, -18.9085, 0.000271537, -2.03018e-05, -3.25813e-05, 
261, 67387.6, -57.5819, 20.9068, 22.3997, 0.00013022, -4.75459e-05, -3.97957e-05, 
262, 77226.3, 46.481, -27.1888, -24.6766, -0.000170764, 6.68212e-05, 8.52448e-05, 
263, 152402, -56.838, 50.6532, -57.8431, 6.77983e-05, -6.27609e-05, 7.23265e-05, 
264, 9967.51, 14.5886, -7.95367, -3.31263, -5.9537e-05, 2.37428e-08, 3.25662e-05, 
265, 435468, -17.3867, -10.8163, -52.2877, 6.5766e-06, 3.09821e-05, 0.000145613, 
266, 21570.7, 17.357, -23.5334, -32.7857, -1.89908e-05, 5.83514e-05, 2.98386e-05, 
267, 21549.7, 49.1868, 22.4296, -21.0953, -0.000105797, -4.51961e-05, 4.22653e-05, 
268, 62534, 25.9411, -28.2745, -48.4619, -1.6103e-05, 9.40561e-05, 2.75776e-05, 
269, 28256.9, -55.1717, 6.15207, -8.81727, 0.000163578, 2.69863e-05, 3.67553e-05, 
270, 126365, 11.5419, 52.6953, -12.6813, -1.18141e-05, -0.00017168, 2.0002e-05, 
271, 119714, 21.4839, 51.6448, -13.5169, -7.03909e-05, -0.000112856, 1.39307e-05, 
272, 117905, -41.2752, -2.13003, -41.7057, 7.49552e-05, -2.74189e-05, 8.11479e-05, 
273, 216045, 51.8014, 0.469181, 38.2805, -0.000128295, -1.54205e-05, -8.84727e-05, 
274, 176965, -12.0707, 55.5536, -39.9249, 8.05273e-06, -0.000131804, 9.15496e-05, 
275, 218878, -37.462, -53.1147, -54.8516, 4.23984e-05, 7.82829e-05, 9.40198e-05, 
276, 44462, 43.4031, -19.7272, 40.7441, -6.98822e-05, 4.79931e-05, -6.19659e-05, 
277, 361665, -40.5883, 48.1716, 47.3388, 6.40175e-05, -8.19092e-05, -9.98416e-05, 
278, 22448.1, -25.5217, -5.89743, 1.59604, 6.6438e-05, 3.76473e-05, 1.65444e-06, 
279, 9618.09, 0.109783, 9.51445, -34.6916, -0.000107588, -5.07853e-05, 0.000136384, 
280, 10682.6, -38.5232, 14.7864, 43.6838, 8.47901e-05, -4.66547e-05, -9.47315e-05, 
281, 12372.2, -26.4438, -47.7209, -45.558, 1.91339e-05, 8.64816e-05, 9.55411e-05, 
282, 220601, -17.2001, 15.6452, 26.0594, 3.89362e-05, -2.68827e-05, -8.70017e-05, 
283, 269369, 9.86075, -15.3758, 0.655236, -4.74874e-05, 3.04285e-05, 7.23033e-06, 
284, 77763.6, 54.6416, 26.9578, -11.3827, -0.000129041, -3.13758e-05, 3.70485e-05, 
285, 54623.2, 49.7693, 25.9719, 25.66, -0.000123599, -1.20826e-05, -7.49185e-05, 
286, 524017, 11.6904, -51.74, -27.7532, -9.66737e-06, 0.000143137, 3.99125e-05, 
287, 64452, -59.5094, 21.6086, 35.4858, 0.000134826, -6.19611e-05, -5.12694e-05, 
288, 4675.11, -31.643, 39.0081, -29.3778, 5.97003e-05, -9.34399e-05, 3.92763e-05, 
289, 39733.7, -52.9902, 46.0632, 14.8349, 0.000116031, -9.57025e-05, -2.5329e-06, 
290, 199617, 29.0837, 27.6046, -40.8626, -4.11935e-05, -6.16594e-05, 6.12121e-05, 
291, 2413.12, 8.38375, -15.1082, -40.7802, -0.000168451, 4.55842e-05, 8.68255e-05, 
292, 35712.3, 36.8601, -30.736, -40.2304, -8.73238e-05, 4.21877e-05, 6.15752e-05, 
293, 141406, -30.558, 49.2953, 37.6396, 5.32426e-05, -9.65043e-05, -8.13355e-05, 
294, 9254.71, 3.42434, 54.6748, -58.5693, 3.04382e-05, 0.000329163, 2.8085e-05, 
295, 108043, 55.6024, 13.8135, -23.6172, -0.000101255, -2.72035e-06, 7.16928e-06, 
296, 13817.1, 25.1101, -46.5674, -48.0651, -2.19682e-05, 9.09991e-05, 6.58403e-05, 
297, 79705.7, 30.9729, 28.9127, 8.18051, -1.36272e-05, -1.10211e-05, 1.97688e-05, 
298, 5709.61, 46.8141, -21.8156, -35.4713, -0.000111163, 3.01069e-05, 7.33189e-05, 
299, 22842.7, 49.9696, -11.6532, -5.48293, -0.000125179, 1.22845e-05, 3.60568e-05, 
300, 23759.6, -45.7489, -29.4992, 28.0604, 7.67621e-05, 8.04902e-05, -6.78436e-05, 
301, 274850, 53.4975, -10.4043, 57.3645, -8.3808e-05, 1.2538e-05, -0.000109977, 
302, 153258, -13.3324, -19.2785, 21.8987, 4.80951e-05, 3.1958e-05, 1.27879e-07, 
303, 54605.7, 2.89542, -44.1662, -57.7493, 1.35147e-05, 6.74129e-05, 0.000128443, 
304, 4713.66, 17.6782, -52.5478, -38.5171, -3.49838e-05, 0.000132081, 8.086e-05, 
305, 33650, -50.2358, 29.8442, 44.393, 0.000125661, -8.10021e-05, -6.82414e-05, 
306, 162397, -5.69623, 34.043, -35.9483, 2.63071e-05, -6.94146e-05, 6.65458e-05, 
307, 39993.4, 2.20977, 2.57796, -32.1007, -5.60322e-05, 7.70011e-06, 6.45107e-05, 
308, 84360.3, -34.5526, 27.1531, -27.5929, 9.58083e-05, -6.63425e-05, 7.19819e-05, 
309, 95970.4, -45.8104, 35.8309, 20.3454, 0.000105592, -5.30053e-05, -3.57114e-05, 
310, 3861.64, 18.9451, -35.7301, -25.228, -2.32083e-05, 0.000117687, 0.000144805, 
311, 10290.1, -23.5324, -52.4321, 51.6376, -1.99378e-05, 0.000133256, -0.000148964, 
312, 118099, -27.4831, -0.852817, -23.3076, 4.35963e-05, 7.5118e-06, 3.35667e-05, 
313, 108226, -0.783559, 13.2902, 59.7049, 1.2296e-05, -9.34275e-06, -0.000175935, 
314, 49505.7, -8.97035, 43.7332, -25.0631, 4.04653e-05, -9.46994e-05, 1.49911e-05, 
315, 136561, -54.129, 34.8095, -2.46808, 0.000122229, -6.37232e-05, -1.43077e-05, 
316, 19750, 57.4129, 36.9043, 58.6754, -9.62808e-05, -3.30748e-05, -0.000119886, 
317, 14512.4, -23.2688, -52.74, 34.8231, 3.91738e-06, 0.000159487, -6.84237e-05, 
318, 174165, 59.4344, -24.2057, 29.6274, -0.000131649, 5.16945e-05, -3.83215e-05, 
319, 16968.8, 16.8006, 7.02182, 56.6286, -4.54668e-05, -1.38814e-05, -0.000148402, 
320, 41027.2, -36.0578, -58.9204, 9.06368, 1.35071e-05, 0.000192088, -7.86132e-05, 
321, 51014.5, -3.3001, -32.691, 43.9851, -2.79944e-05, 4.91947e-05, -9.08183e-05, 
322, 161962, 11.1765, 26.829, -5.89715, -2.12768e-05, -4.81594e-05, 1.24136e-05, 
323, 110711, -31.8747, 58.5883, -3.11048, 7.63792e-05, -0.000140594, -1.43179e-05, 
324, 90976.8, -29.0922, -5.83045, -51.1932, 7.39917e-05, 8.95314e-05, 0.000104677, 
325, 138221, -31.3656, 58.7678, -19.7358, -4.80826e-05, -0.000151661, -2.35207e-05, 
326, 67068.8, -11.891, -51.3385, 12.9404, 6.65642e-05, 0.000200534, 3.28196e-05, 
327, 41356.2, -2.43373, 52.321, 17.153, 8.01749e-06, -0.000129405, -5.08139e-05, 
328, 143414, 14.303, 44.1478, 37.8271, -2.75526e-05, -8.29374e-05, -0.000105169, 
329, 80862.5, -8.19484, -5.1415, 55.5896, -4.75481e-05, 5.85778e-05, -0.00020091, 
330, 33423.8, -1.43617, 57.3507, 26.8704, 1.0482e-05, -0.000146805, -4.97973e-05, 
331, 67927, 32.7794, 19.7468, -17.7373, -9.28539e-05, 7.39435e-06, 4.74857e-05, 
332, 2943.7, 40.1529, -10.2307, 22.0935, -8.35085e-05, 4.31171e-05, -4.18198e-05, 
333, 180266, 30.0102, -27.0096, -51.1111, -0.000128747, 5.56205e-05, 9.54333e-05, 
334, 175452, 44.8605, 6.01299, -54.1104, -6.05155e-05, 2.40048e-06, 0.000110777, 
335, 31177.4, -42.3562, -13.5496, -46.8434, 5.31071e-05, -3.67751e-05, 0.000195993, 
336, 287.254, -25.462, 13.5674, -29.1476, 0.000100841, -1.62042e-05, 7.82133e-05, 
337, 4441.77, 46.3111, -37.2772, 33.173, -7.24618e-05, 9.31768e-05, -3.92796e-05, 
338, 27578, -0.826875, 17.3653, -24.4963, -1.97213e-05, -2.29421e-05, 2.41154e-05, 
339, 92993, 20.3621, -16.3574, -4.19058, -7.19105e-05, 2.75443e-05, 1.54074e-05, 
340, 48630.4, 18.419, 53.9007, 55.4856, -1.12823e-05, -8.02657e-05, -9.89348e-05, 
341, 32452.9, 8.14308, -11.9309, -53.1027, -7.07927e-06, 8.23303e-06, 0.000145459, 
342, 65586.1, -43.3111, -50.2758, -40.2709, 6.24322e-05, 0.000107452, 8.46586e-05, 
343, 85775, 22.4967, -46.152, 20.3462, -4.90095e-05, 0.000114537, -3.15829e-05, 
344, 1290.82, 12.1274, -12.9815, 33.3508, 2.16494e-05, 8.16683e-05, -0.00017183, 
345, 178059, 13.5371, 27.5214, -44.4362, -5.46043e-05, 2.56908e-06, 9.83825e-05, 
346, 71944.5, -48.422, 27.1132, 45.661, 8.30142e-05, -2.30565e-05, -9.97844e-05, 
347, 43192.1, -5.64533, 19.0216, -50.387, 1.55504e-05, -7.53469e-05, 0.000134291, 
348, 107335, 1.19172, -13.0982, -39.5454, 0.000114225, -1.42136e-05, 3.92272e-05, 
349, 108996, -25.209, 9.03332, -1.05583, 5.60503e-05, -2.60401e-05, 2.22137e-05, 
350, 60887.6, -35.8129, 27.0281, 26.5937, 0.000133985, -0.000110797, 0.000169348, 
351, 177184, -39.395, -54.943, 4.12657, 0.000178689, 0.000469223, 3.49602e-05, 
352, 111850, 27.4519, -22.6172, 48.219, -5.03866e-05, 5.03405e-05, -8.9309e-05, 
353, 25811.6, -49.0305, 5.81177, -5.81136, 0.000193658, 6.41181e-05, 9.33238e-05, 
354, 3950.75, 10.273, -25.5164, -18.099, -1.66868e-05, 3.90001e-05, 2.90706e-05, 
355, 31026.3, -6.78374, -22.4631, -58.9642, 7.97172e-06, 5.41081e-05, 0.000143266, 
356, 55931.2, 53.0206, -19.0714, 15.9306, -0.000107269, 6.58835e-06, -1.84933e-05, 
357, 88226.6, 6.12592, -9.02945, -38.7673, -4.22268e-05, -4.56964e-05, 5.56319e-05, 
358, 125397, -20.1145, 43.2336, 38.844, 4.85806e-06, -8.14161e-05, -0.000100625, 
359, 54791.5, -12.6225, -23.1869, 51.4635, -4.70036e-06, 6.48874e-05, -9.00948e-05, 
360, 198127, -21.9527, 18.9952, -51.6934, 6.55015e-05, -7.40417e-05, 0.000100461, 
361, 30849.4, -12.7081, 12.3214, 4.94739, 3.37145e-05, -6.27506e-05, 4.10055e-05, 
362, 75687.4, 32.1974, 26.498, -19.0436, -8.54944e-05, -1.14123e-05, 7.15181e-05, 
363, 186370, 47.4116, -25.3438, 25.3207, -8.45391e-05, 5.13003e-05, -3.46953e-05, 
364, 3094.88, 11.8767, -9.38353, 1.97938, -5.47158e-05, -2.15972e-05, -2.03449e-06, 
365, 72408.8, -45.4504, 14.3286, 33.4954, 9.84053e-05, -3.26246e-05, -6.87627e-05, 
366, 65782.5, -13.0956, -0.813414, -47.6305, -2.4646e-05, 3.39958e-05, 8.91379e-05, 
367, 644.339, 26.328, 58.5936, 26.9094, -6.35854e-06, -0.000145532, -5.65638e-05, 
368, 93455.3, -42.4912, -18.508, 30.3832, 5.82758e-05, 4.88487e-05, -7.2389e-05, 
369, 117957, 53.8381, 20.9289, 0.835045, -0.00012416, -3.61621e-05, 2.86454e-05, 
370, 198698, 5.91101, -55.9764, -52.4464, -7.6677e-06, 0.000126928, 9.01471e-05, 
371, 2187.7, 24.0201, -35.6754, 49.3197, -5.68094e-05, 4.30869e-05, -8.6538e-05, 
372, 65339.8, -17.3113, -0.746212, -5.33563, 2.03493e-05, 2.31688e-05, 3.0705e-05, 
373, 36992.5, -1.98673, -50.0486, -27.9937, 1.25059e-05, 0.000114899, 3.68152e-05, 
374, 2896.11, 9.37086, 36.55, 34.3368, -4.32046e-05, -6.81018e-05, -0.000106988, 
375, 26332.1, -36.969, 28.8031, 59.7197, 1.82304e-05, -3.99726e-05, -0.000120908, 
376, 121527, -54.1611, -57.6685, 20.9625, 9.07143e-05, 0.000109229, -3.92766e-05, 
377, 92522.1, -12.3739, 15.3336, 14.1558, 3.47428e-05, -6.47378e-05, -5.6182e-05, 
378, 63541.9, -27.3687, -44.1162, 54.35, -2.11812e-05, 8.05531e-05, -0.000135417, 
379, 16343.1, 28.3881, 32.6425, -44.914, -5.42094e-05, -0.000118978, 7.38252e-05, 
380, 19303.1, -46.3467, 20.0539, -46.0527, 0.000100362, -3.52961e-05, 0.000100696, 
381, 61662.9, 28.8202, 12.855, 21.5327, -0.000113666, 5.2626e-06, -3.75449e-05, 
382, 137756, -32.5065, 25.7501, -23.5974, 5.52346e-05, -4.67414e-05, -5.97622e-06, 
383, 104291, -42.5872, -58.6898, 22.6694, 5.80922e-05, 0.00012125, -5.4262e-05, 
384, 11732.1, 9.39719, 33.3836, 7.87137, 3.04594e-06, -6.51321e-05, -3.13766e-05, 
385, 155353, 32.6837, -34.139, -9.34638, -6.18779e-05, 6.93967e-05, -5.5765e-05, 
386, 4126.35, 8.37554, -44.4025, -55.3668, -1.54097e-05, 5.04078e-05, 0.000142259, 
387, 40145.2, -11.6326, -39.826, 36.046, 3.70704e-05, 8.86711e-05, -9.54046e-05, 
388, 36094.8, 14.0765, 55.3292, -7.30317, -3.83672e-05, -0.000178241, -3.57892e-05, 
389, 20975.7, 53.4509, -1.71348, -59.8694, -9.44748e-05, 2.88513e-05, 0.000132744, 
390, 511126, -17.7961, 3.47917, 7.58612, 5.71261e-05, 1.32643e-05, -1.34291e-06, 
391, 75637.7, 32.7317, -26.6446, 57.8617, -5.66969e-05, 3.42676e-05, -0.000128556, 
392, 128929, 30.1618, -8.05413, -38.2607, -7.39377e-05, -6.95928e-06, 6.04939e-05, 
393, 87066.3, 25.037, -49.2209, -33.9971, -0.000120603, 0.000150352, 2.69721e-05, 
394, 50771.3, -51.1783, -34.7048, 19.4629, 7.84079e-05, 9.41956e-05, -7.17284e-05, 
395, 170525, 3.92858, 25.3763, -39.9017, -8.49687e-06, -2.69344e-05, 6.49161e-05, 
396, 15023.4, 47.4287, -5.79838, -48.0753, -9.91463e-05, 3.06735e-05, 5.98543e-05, 
397, 20503.9, -41.2497, 51.9918, 19.8647, 7.74349e-05, -0.000113356, -1.21661e-05, 
398, 42197.5, -23.5516, 50.5437, 33.6298, 0.000163189, -8.39838e-05, 4.28502e-05, 
399, 79491, -12.3048, 57.3639, -33.5899, 4.9711e-06, -0.000164732, 2.84394e-05, 
400, 3768.07, -58.1855, -13.4441, 29.9363, 0.000214332, -4.45291e-05, -0.000156789, 
401, 102547, -59.9399, -48.0325, -49.1292, 8.21826e-05, 6.6151e-05, 7.18555e-05, 
402, 7728.87, 24.066, 47.6646, -57.1528, 2.20257e-05, -2.33111e-05, 0.000325187, 
403, 316286, -23.9007, 41.1535, 9.39313, 7.91128e-05, -8.29751e-05, -2.78845e-05, 
404, 28318.7, -57.6843, -25.23, -58.4606, 9.566e-05, 3.82156e-05, 0.000104296, 
405, 157915, -55.7239, 13.7955, 12.344, 0.0001352, -4.47001e-05, -2.92498e-05, 
406, 43246.1, 42.6317, 11.5278, 36.1435, -0.000114623, -0.000212651, -3.96796e-05, 
407, 112166, -33.502, 13.0764, 4.94856, -2.70612e-05, -8.60253e-05, 7.51076e-05, 
408, 8585.04, -2.27537, 5.84754, 42.3161, 7.87287e-06, 5.2128e-06, -0.000108295, 
409, 10881.6, 38.3412, 41.2631, -31.3564, -3.1751e-05, -0.000156324, 6.93795e-05, 
410, 58691.6, 14.5353, 40.9342, -33.9273, -0.000104137, -3.77616e-05, 9.21242e-05, 
411, 22976.7, 39.6374, -14.9536, -6.60566, -6.59072e-05, 1.91944e-05, 2.62631e-05, 
412, 92040.7, 14.3839, -19.6098, -52.8537, -3.76698e-06, 1.92027e-05, 0.000130398, 
413, 38887.3, -0.112026, -3.5612, -38.8097, -8.82143e-06, 6.67347e-06, 8.44081e-05, 
414, 70334, -53.6042, -2.61989, 31.708, 0.000127365, -2.98441e-05, -5.75737e-05, 
415, 190179, -31.5039, 33.9382, -49.8703, -2.16885e-06, -6.46517e-05, 5.13984e-05, 
416, 62292, -48.182, -53.333, 56.2522, 6.17592e-05, 7.22665e-05, -8.49126e-05, 
417, 262046, -49.4803, -17.9386, 41.1052, 0.000100105, 4.59576e-05, -8.11063e-05, 
418, 36290.5, 46.1198, -41.0834, -55.1029, -2.41509e-05, 6.38723e-05, 6.00812e-05, 
419, 16769.6, 54.0809, -55.2689, -12.9282, -9.20538e-05, 9.70555e-05, 1.80207e-05, 
420, 5876.44, -58.1365, 11.3711, 33.7958, 0.000131282, -9.36459e-06, -6.01332e-05, 
421, 420508, -52.6403, 42.2206, -36.7226, 0.000116565, -9.83361e-05, 0.000108915, 
422, 107083, -26.1889, 49.3114, 45.4741, 1.98999e-05, -9.89913e-05, -0.000123362, 
423, 46470.3, 16.7791, -31.2571, 7.96793, -5.25832e-05, 7.65476e-05, -5.12463e-06, 
424, 15619.3, 34.1168, 38.293, 51.5202, -2.94663e-05, -6.55454e-05, -0.000132821, 
425, 255218, -11.1618, -58.0894, -13.684, 3.49361e-06, 0.00013569, 2.31884e-05, 
426, 64959.3, -35.2924, 43.22, -38.9105, 7.00728e-05, -0.000107943, 7.81847e-05, 
427, 29796.2, 29.3243, 20.3788, 35.0866, -3.36163e-05, -2.39135e-05, -9.28127e-05, 
428, 132945, 43.6728, 40.0028, -4.07515, -7.54161e-05, 2.23321e-06, 3.13572e-05, 
429, 51304.2, -38.6915, 38.3857, -5.69098, 8.14363e-05, -0.000103032, -1.8212e-05, 
430, 146787, -55.3429, 9.75289, -4.94678, 0.000167283, -2.494e-05, -9.5283e-06, 
431, 42119.7, 52.9825, 10.8677, -16.0993, -0.000113781, 4.25096e-06, 1.96013e-05, 
432, 21708.8, -40.3393, 20.9422, -3.75669, 0.00010082, -5.74531e-05, 9.01718e-06, 
433, 64312.2, 27.9654, -40.8103, 8.16573, -8.90815e-06, 0.000166263, 1.66545e-05, 
434, 3601.85, -25.1767, -36.9437, -25.6002, -4.935e-06, 0.0001398, 6.74084e-05, 
435, 16568.6, 2.98971, 40.2071, -31.4054, 2.68045e-05, -3.2891e-05, 8.15059e-05, 
436, 40153.1, 51.316, 34.5719, -15.9974, -0.000117641, -4.95511e-05, 5.54002e-05, 
437, 48440.2, 52.6291, -42.3619, 49.1214, -5.27547e-05, 0.000107061, -5.90189e-05, 
438, 130743, 44.3891, 52.191, 26.2308, 4.86068e-05, -0.000135667, -8.21418e-05, 
439, 70176.1, -45.2977, 13.5292, 9.13993, 0.000142146, -3.8561e-05, -4.52966e-05, 
440, 154074, -56.5039, 32.382, -59.3966, 7.89533e-05, -3.78712e-05, 9.27579e-05, 
441, 16387.2, -48.8115, 18.2964, 2.99956, 0.0001239, -9.94921e-05, -8.76475e-05, 
442, 69695.7, -12.3771, 20.68, 0.439524, 3.52093e-05, -5.54137e-05, 2.19643e-05, 
443, 26188.8, -15.6247, 47.978, 40.7019, -1.72946e-05, -0.000115177, -0.000108164, 
444, 25432.2, -54.6081, 21.4127, 33.0413, 9.84494e-05, -5.17875e-05, -4.64278e-05, 
445, 105607, -42.8599, -14.1394, -43.8464, 7.23701e-05, 1.62727e-05, 3.93602e-05, 
446, 23567.2, 29.6749, -41.9034, 9.13231, -0.000150617, 0.000206399, -6.30876e-05, 
447, 244876, -33.7208, -43.0965, 48.6708, 6.17577e-05, 6.98175e-05, -0.000120017, 
448, 113912, 21.0298, -26.365, 52.3106, -2.79131e-05, 6.29474e-05, -0.000122052, 
449, 448187, 46.5179, 30.1849, 17.0457, -0.000122836, -1.77059e-05, -6.30215e-05, 
450, 60275.8, -38.4782, -34.6602, 6.09634, 5.30692e-05, 7.91417e-05, -2.43592e-05, 
451, 14300, -31.1366, -18.529, 28.0689, 3.93841e-05, 5.19453e-05, -6.46729e-05, 
452, 114448, -31.3923, -37.6453, -3.26926, 1.8503e-05, 9.65369e-05, -2.82798e-05, 
453, 154324, -6.41945, -44.9339, -8.89967, 3.81195e-06, 0.000122117, 3.82582e-05, 
454, 39950.2, 3.90503, -32.3016, -55.8061, 4.52064e-06, 7.30416e-05, 0.000142507, 
455, 4078.16, 0.162164, -10.3338, 51.7946, -6.01656e-05, 1.29833e-05, -0.000144439, 
456, 53273.8, 14.9366, 57.3423, 10.383, -1.29077e-05, -0.000156458, -2.18208e-05, 
457, 64056.1, -39.5839, -2.5769, -57.6914, 9.62367e-05, 1.10343e-06, 0.000157094, 
458, 57538.7, -4.17154, -54.9743, -49.8986, 3.25748e-05, 0.000102381, 8.03763e-05, 
459, 139195, 35.7775, 26.2494, 4.55775, -8.09941e-05, 3.34185e-06, 3.02195e-05, 
460, 73400.7, -19.2082, 15.2931, 16.0378, 6.87029e-05, -5.3578e-05, -6.38384e-05, 
461, 24140.1, 23.3238, -50.3335, -51.1061, -7.98959e-06, 0.000112858, 8.6356e-05, 
462, 104356, 16.8797, 35.8381, -53.9842, -6.34853e-05, -0.000128606, 0.000124764, 
463, 76214.5, -54.2336, -11.6093, -17.3821, 0.000128474, 2.10071e-05, 3.09844e-05, 
464, 2621.85, 28.9363, 31.045, 28.8528, -1.51302e-05, -5.76044e-05, -0.000101006, 
465, 46723.6, 39.1115, 18.0271, 57.3766, -5.02784e-05, -1.34453e-05, -0.000127452, 
466, 266239, -27.6903, 17.6627, 48.5289, 4.21823e-05, -4.11728e-05, -0.000124216, 
467, 50820, -17.6288, -7.92339, 16.8721, 3.90993e-05, 7.58971e-05, -2.54615e-05, 
468, 52851.3, 24.4455, -8.71438, -52.5023, -1.63141e-05, 2.20764e-06, 9.80932e-05, 
469, 23696.8, -21.8671, 11.3073, -28.9127, 4.23364e-05, -2.98478e-05, 4.07881e-05, 
470, 434938, -51.2856, -9.61696, -37.2471, 0.000113355, 4.21777e-05, 1.31841e-05, 
471, 182658, 19.7149, -16.8796, 47.4537, -2.4573e-05, 1.29938e-05, -0.000100219, 
472, 280934, -10.9257, -49.551, 37.23, 5.1483e-06, 0.000116836, -5.84226e-05, 
473, 243510, -24.9535, 59.9115, -14.8393, 5.37797e-05, -0.00020139, 3.9792e-05, 
474, 72106.9, 7.26, -31.7289, -12.2406, -5.23422e-06, 7.67395e-05, 2.02028e-05, 
475, 117779, 30.5746, 57.3814, 8.31244, -1.19054e-05, -0.000185616, -3.24978e-05, 
476, 67729.3, -35.3614, -11.5042, -25.7793, 9.91756e-05, 2.36964e-05, 2.58439e-05, 
477, 79242.1, -20.2901, 5.71618, 58.7032, 3.03145e-05, -2.57978e-05, -0.000148399, 
478, 308489, 35.6677, 49.4822, 16.1243, -3.39358e-05, -0.000139535, -6.99638e-05, 
479, 55630.9, 16.2261, -5.79238, -57.1928, -1.25566e-05, 4.11259e-06, 0.000136888, 
480, 78754.5, 53.0558, -32.0107, -24.3756, -0.000161921, 5.956e-05, 4.88825e-05, 
481, 246615, -54.8915, -28.9399, -37.2462, 0.000131554, 5.56293e-05, 6.87803e-05, 
482, 81872.2, 44.8118, 30.9154, 12.4743, -5.61519e-05, -3.94847e-05, 0.000127762, 
483, 174292, 13.196, -15.8458, 19.9458, -0.000131532, 8.16609e-05, -0.000258663, 
484, 28377.4, 37.5112, 6.49722, 18.2947, -9.7966e-05, 8.57898e-06, -2.28631e-05, 
485, 64865.6, -8.15444, -53.3028, -38.3561, -0.000148085, 0.000142582, 0.000251887, 
486, 111432, 3.517, 55.7991, -58.8089, -7.54803e-06, -0.000129338, 0.000122757, 
487, 75342.5, 29.0884, -14.5573, 51.1529, -4.9796e-05, -3.10077e-06, -0.000127944, 
488, 115817, -51.7277, -48.1182, -18.1817, 5.39005e-05, 3.36461e-05, -1.02491e-05, 
489, 246506, 42.8963, -14.0683, 47.1473, -7.02362e-05, 2.01091e-05, -9.94787e-05, 
490, 108399, -6.96898, 21.6444, -33.9558, -2.04061e-05, -6.1558e-05, 4.98301e-05, 
491, 69768.3, 24.4512, 13.8299, 14.94, -5.136e-05, -2.47309e-05, 8.13207e-06, 
492, 11244.9, -20.298, 34.6744, 40.5472, -8.17692e-06, -6.83539e-05, -9.54106e-05, 
493, 36221.5, 55.5877, -19.0036, -11.1098, -0.000138254, 8.24624e-06, 2.48178e-05, 
494, 73250.2, 3.25144, 45.2654, 4.63027, 4.93844e-06, -0.000105195, -1.90749e-05, 
495, 23760.7, 22.4708, 4.51832, 37.3147, -4.38545e-05, 8.04219e-06, -0.000106724, 
496, 30624.3, 16.0518, -23.6103, 20.1466, -2.15552e-05, 8.83658e-05, -5.94667e-05, 
497, 83738.3, 9.37787, 52.4152, -2.10062, 8.39949e-07, -0.000130395, -4.23592e-05, 
498, 11114.4, -57.3297, -11.5527, -45.6594, 0.000177517, 8.79985e-05, 0.000135309, 
499, 83974.2, 55.4549, -18.7671, 3.90115, -0.000138829, 1.1049e-05, -1.54012e-05, 
500, 167164, 10.3842, 21.349, -3.78126, -3.16534e-05, 8.56265e-06, -1.78476e-05, 
501, 39981.5, 54.4417, 36.8645, 56.3524, -6.84116e-05, -4.86454e-05, -0.000114536, 
502, 166633, 9.74608, 31.5569, -44.3279, 1.34144e-05, -0.000102079, 0.000110585, 
503, 94996.7, -5.12878, 32.047, -13.4095, -2.66371e-05, -9.93422e-05, 1.88293e-06, 
504, 878427, -13.6959, 11.4184, -55.6627, 9.56433e-06, -1.41425e-05, 0.000161135, 
505, 289289, 15.7361, -42.3119, -25.3066, -2.6832e-05, 8.83445e-05, 3.53875e-05, 
506, 84483.6, -8.08543, -16.6032, 32.5015, -4.93911e-05, 8.47281e-05, -0.000129072, 
507, 46386.5, -25.0661, 34.0713, 24.9475, 4.22658e-05, -7.86409e-05, -4.03662e-05, 
508, 239600, 53.6253, -31.4275, 8.59069, -0.000109302, 6.58967e-05, -5.9591e-05, 
509, 81764.2, -49.0369, -50.7541, 15.8448, 8.63768e-05, 8.67337e-05, -4.88695e-05, 
510, 259213, 4.66248, -15.0865, -40.9376, -3.51467e-05, 7.04833e-05, 0.000104321, 
511, 57606.5, 11.4058, 8.56019, 49.9059, -5.9225e-05, 2.05541e-05, -0.00013896, 
512, 153935, 31.6475, 31.4958, -16.6125, -7.70201e-05, -7.56927e-05, 3.5384e-05, 
513, 64744.3, -53.1922, 59.3758, -18.393, 8.87998e-05, -0.000104269, 1.09788e-05, 
514, 202960, 55.61, 32.914, -46.7888, -0.000111403, -6.25436e-05, 6.22292e-05, 
515, 73717.5, 59.8148, 16.4953, 16.3814, -0.000169354, -2.67799e-06, -3.70496e-05, 
516, 7194.27, 46.5956, -17.9945, -23.8743, -0.000191083, 6.623e-05, 0.000138646, 
517, 4058.88, -25.4568, -24.0089, -3.00312, 4.95496e-05, 8.58754e-05, 7.79293e-06, 
518, 190494, -34.8929, 42.5677, 20.8611, 7.61349e-05, -9.48609e-05, -2.80559e-05, 
519, 10423.9, 10.7486, 25.4526, 18.6605, -2.89943e-05, -4.0874e-05, -4.3876e-05, 
520, 63444.7, 50.467, 17.943, -15.4714, -0.000106607, -2.01661e-05, 2.38961e-05, 
521, 18007.4, 9.45504, 52.2418, 36.2861, -5.30041e-05, -0.000155185, -9.1809e-05, 
522, 15733.7, -25.1814, 53.2054, -33.2815, 9.65459e-05, -0.000139601, 6.01069e-05, 
523, 37395, 4.46402, 13.3074, 18.717, -4.06632e-05, -2.57849e-05, -5.91197e-05, 
524, 260143, -54.2815, -14.4296, 26.2503, 6.66575e-05, -5.80444e-05, -8.63588e-05, 
525, 4116.81, 39.0592, 39.0631, -28.6774, -9.67012e-05, -6.27952e-05, 3.7496e-05, 
526, 45083.3, -12.1368, 27.0756, 32.8661, -5.07315e-07, -5.61791e-05, -0.000124438, 
527, 282431, -52.1672, -1.24264, -43.2344, 9.81607e-05, -9.56839e-05, 0.000106322, 
528, 91320.8, 32.6248, 32.2973, 15.7907, -6.65882e-05, -2.71267e-05, 3.64805e-05, 
529, 10763.8, -15.8281, 23.6738, 46.4366, 7.58856e-05, -6.61028e-05, -8.08839e-05, 
530, 13799.5, 44.2736, -30.5659, 25.129, -5.76769e-05, 0.000103515, -3.77436e-05, 
531, 83303.9, 18.5908, -35.5579, -17.1839, -1.24824e-06, 9.9927e-05, -4.55021e-06, 
532, 130744, 58.946, -53.6227, -50.9643, -7.66504e-05, 7.50133e-05, 4.40851e-05, 
533, 64133.7, -8.27851, -15.2106, 29.5475, -2.20137e-05, -1.5939e-06, 1.51839e-05, 
534, 21818.6, -39.5658, -49.7504, 18.6601, 6.48032e-05, 8.86325e-05, -6.18604e-05, 
535, 63285.1, 38.966, 19.4568, 13.0559, -8.24175e-05, 2.321e-05, -1.28114e-05, 
536, 161250, 35.2723, 49.5722, -14.3564, -5.91282e-05, -1.70714e-05, 3.20304e-05, 
537, 36580.9, -13.6035, -25.8443, -21.68, -8.15085e-06, 7.46858e-05, 2.67496e-05, 
538, 7235.24, 24.6791, -18.8958, -28.7869, -4.36779e-05, 2.12729e-05, -1.60762e-05, 
539, 8823.99, -57.5663, 12.4753, 31.27, 0.000129963, -2.03586e-05, -4.36972e-05, 
540, 80529.4, -14.0611, 18.0469, -40.7588, 4.76283e-05, -6.12069e-05, 8.5878e-05, 
541, 44914.3, 43.5792, -58.6159, 11.5053, -6.84198e-05, 0.000113639, -1.32013e-05, 
542, 69108.4, 41.5759, 10.218, -34.4624, -9.13783e-05, -2.34238e-06, 3.1373e-05, 
543, 2937.28, -18.4868, -13.4919, 54.4827, 5.33296e-05, 2.03559e-05, -0.000160975, 
544, 36691.1, -52.7504, -56.7924, 55.2545, 7.74077e-05, 8.18609e-05, -6.6011e-05, 
545, 47528, 54.1903, 48.3388, 57.7326, -5.4938e-05, -4.40854e-05, -0.000107036, 
546, 34724.3, -17.0306, -11.2438, 47.8552, 8.50119e-05, 3.21617e-05, -9.22866e-05, 
547, 242635, -34.2852, 29.7629, 7.4472, 0.00010053, -6.78333e-05, -1.80292e-05, 
548, 170932, 22.7409, -44.1794, 59.399, -2.86148e-05, 5.12465e-05, -0.00012975, 
549, 33256.2, 49.229, -47.3793, -57.0975, -5.08874e-05, 0.000111412, 7.5379e-05, 
550, 40814, -16.1883, 57.5381, -46.9702, 6.12084e-05, -0.00012609, 0.00010373, 
551, 133643, 24.6373, 48.2593, -55.2675, -5.09654e-05, -9.95019e-05, 8.76082e-05, 
552, 50442.6, -49.4072, -49.6044, 46.0289, 8.97606e-05, 9.765e-05, -7.65355e-05, 
553, 35357.6, -30.2729, -13.9625, -54.7074, 5.70864e-05, 5.9472e-05, 0.000155806, 
554, 52217.3, -40.8529, -28.6551, 35.01, 6.87478e-05, 6.69128e-05, -7.08359e-05, 
555, 64699.5, -44.3864, 3.01205, 30.7749, 9.30084e-05, -2.60192e-05, -4.55974e-05, 
556, 43842.7, 9.46113, -47.8688, 13.7394, -3.59309e-05, 0.000115773, -2.28145e-05, 
557, 114227, 28.9027, 22.5755, 43.8604, -2.1939e-05, -2.77062e-05, -0.00012158, 
558, 42554.7, 4.25925, 56.1084, -53.7172, -1.58221e-05, -0.000110792, 5.99992e-05, 
559, 71173.9, -53.7706, -2.9442, 47.5264, 0.000124107, -1.04875e-05, -7.04943e-05, 
560, 45520.9, -33.6295, 38.8527, -23.8518, 6.75741e-05, -9.03949e-05, 1.92581e-05, 
561, 78109.2, 6.47954, 49.7617, 35.0796, -2.23267e-05, -0.000112199, -6.44286e-05, 
562, 20656.7, 20.9893, 7.82449, -38.0048, -3.8962e-05, 4.55866e-07, 4.906e-05, 
563, 7005.21, 33.8562, -43.433, -39.1407, -9.55744e-05, 0.00015329, 3.85508e-05, 
564, 145712, 54.3003, -15.8913, -25.8755, -0.0001423, 1.49353e-05, 4.54409e-05, 
565, 276175, -37.0071, 31.3147, -36.7678, 8.02928e-05, -6.05084e-05, 7.29033e-05, 
566, 2668.98, -36.2513, -18.0537, 45.6628, 4.97147e-05, 8.82e-05, -0.000111812, 
567, 75718.4, -28.8443, 27.4665, -43.8333, 5.47208e-05, -4.57422e-05, 8.62941e-05, 
568, 11205.2, -31.2605, 15.4417, -9.38718, 5.59265e-05, -5.64829e-05, 1.04054e-05, 
569, 103470, 34.9943, -20.8826, 48.1885, -6.49584e-05, 4.73385e-05, -9.56217e-05, 
570, 88193, 14.2141, -59.6744, 55.6178, -6.39801e-06, 9.9734e-05, -8.49744e-05, 
571, 73610.7, 6.12851, 36.9762, 54.1759, -1.93161e-05, -6.3249e-05, -0.000122702, 
572, 227692, -51.4271, 57.0259, 20.8821, 9.22168e-05, -0.000101103, -2.68058e-05, 
573, 231666, 35.9744, 24.2384, -39.864, 5.91923e-06, -0.000131677, 0.00020213, 
574, 101973, -6.83079, 19.4146, -58.036, -3.1613e-05, -8.5693e-05, 0.000179864, 
575, 102523, -28.1502, -31.1653, -24.6265, -7.8314e-05, 0.000156134, 0.000178541, 
576, 24305.3, -42.7085, -6.79194, 46.3513, 0.00019148, 0.000263987, -0.000213111, 
577, 33858.3, 42.0557, -9.59265, 33.0719, -6.47312e-05, 4.56778e-05, -5.17413e-05, 
578, 92470.5, -22.0344, -51.3999, 20.2187, 2.65554e-05, 0.000115692, -4.14667e-05, 
579, 53526.1, -15.9177, 2.29837, -51.3907, 1.40792e-05, 4.77995e-05, 0.000117179, 
580, 3915.28, -45.1206, 13.4019, -44.4813, 0.000118386, -3.85055e-05, 8.59715e-05, 
581, 41029.9, -29.137, 55.3583, 0.460595, 5.03154e-05, -0.000116163, -3.81891e-05, 
582, 381382, 0.740107, 35.4328, 29.5623, -2.99637e-05, -9.26388e-05, -3.46737e-05, 
583, 258779, 27.8252, -57.5427, 9.60461, -6.74135e-05, 0.000158197, 8.88201e-06, 
584, 59704.7, 55.2647, -0.151857, -54.7045, -0.000109973, 6.03722e-05, 0.000120643, 
585, 178734, 19.6267, -33.366, -22.6773, -3.63201e-05, 3.73e-05, 5.87306e-05, 
586, 87068.6, 58.1492, 1.98484, 16.6463, -0.000131036, 1.53785e-05, -2.43252e-05, 
587, 34965.9, 11.8, 38.9626, -57.4541, 1.40802e-06, -0.000108107, 0.000154839, 
588, 7245.71, -0.570699, 36.8346, 50.3608, 1.04861e-05, -6.38161e-05, -0.00011145, 
589, 38183.4, 32.391, 48.3966, 42.976, -1.72394e-05, -7.42207e-05, -0.000107435, 
590, 191318, -43.8253, 10.9075, -22.2872, 0.000169313, -0.000112734, 0.000237125, 
591, 13581.6, 5.01475, 1.2438, -29.4208, -6.7171e-05, -1.37577e-05, 4.92415e-05, 
592, 44916.7, 58.4603, -46.9539, 58.3383, -7.51424e-05, 3.84513e-05, -6.95459e-05, 
593, 16198.7, 53.9019, -20.7238, 17.0304, -0.000158083, 0.000100671, -7.57906e-05, 
594, 189108, 26.5539, -38.1457, -18.0271, -6.78233e-05, 0.000113871, 2.7541e-05, 
595, 19235.5, 25.109, 17.484, -29.2516, -5.58763e-05, -1.06444e-05, 4.53846e-05, 
596, 214861, -5.71559, -27.8749, 26.7909, -1.59607e-05, 8.15099e-05, -5.29192e-05, 
597, 65839.3, 52.8303, 16.7745, 18.3989, -9.81773e-05, 3.76412e-05, -4.32686e-05, 
598, 94754.3, -31.6833, 1.67826, -18.9184, 5.57548e-05, 1.24112e-05, 1.0352e-05, 
599, 133529, 5.65198, 57.8438, 12.2377, 7.41141e-06, -0.000147813, -3.37799e-05, 
600, 136142, 54.737, -7.58975, -38.5965, -0.000105912, 5.27791e-05, 5.86422e-05, 
601, 129253, -42.257, 48.7018, 28.6513, 9.6208e-05, -9.37356e-05, -4.75264e-05, 
602, 129000, 52.4832, 32.4761, 52.2079, -7.36774e-05, -2.33453e-05, -0.000104846, 
603, 33715.8, -0.347189, -34.6494, 16.2486, 4.52335e-05, 1.52457e-05, -8.04116e-05, 
604, 21831.4, 16.4971, 8.19104, 29.5135, -2.98169e-05, 1.3719e-05, -5.89291e-05, 
605, 14222, 30.9663, 19.6945, -7.91656, -0.00013424, 1.50126e-05, -1.55466e-05, 
606, 40334.9, -36.6964, 24.4304, -3.31881, 7.99845e-05, -6.6588e-05, 1.08051e-05, 
607, 231884, 8.8856, 31.6189, -28.8775, -2.8618e-05, -2.99349e-05, 3.7323e-05, 
608, 108130, -20.6304, 15.1777, 9.59524, 6.93202e-05, -6.70304e-05, -9.71816e-06, 
609, 101147, -23.4806, 50.5931, -13.8013, 3.69393e-05, -5.55813e-05, 1.1864e-05, 
610, 103372, 35.0166, 32.1081, 47.7171, -2.98176e-05, -6.06455e-05, -0.000132763, 
611, 34659.8, -49.8903, -23.9456, -28.1818, 0.000122381, 2.98103e-05, 2.95727e-05, 
612, 52809, -31.3705, -13.9904, 35.7562, 3.65606e-05, 4.045e-05, -5.94391e-05, 
613, 266787, -3.95439, -32.1422, -34.7033, 6.83652e-06, 7.85257e-05, 7.28299e-05, 
614, 243455, -53.8815, -51.364, -21.1884, 0.000113923, 0.000134042, 6.39921e-05, 
615, 54738.7, 55.8408, 20.2881, -46.2062, -0.000135619, -5.05739e-05, 4.43972e-05, 
616, 211402, -47.8171, -17.8798, 57.3528, 8.10598e-05, 1.13679e-05, -0.000127883, 
617, 47433.2, -11.6884, -20.9327, 24.2085, -2.40563e-05, 0.000107946, -9.31949e-05, 
618, 17384.7, 28.6385, 29.2952, -30.219, -6.62792e-05, -5.51121e-05, 3.97686e-05, 
619, 45451, 6.66265, -57.889, 41.1987, -1.56387e-05, 0.000115002, -6.20657e-05, 
620, 43419.4, -39.206, 14.4884, -31.2527, 8.00384e-05, -4.38393e-05, 8.08091e-05, 
621, 5842.31, -23.4075, 12.8094, -2.14519, 2.72404e-05, -8.90631e-05, 3.81734e-05, 
622, 86505.1, -7.07678, -41.6612, 46.4647, -1.21948e-05, 6.86541e-05, -4.84829e-05, 
623, 72253.8, 34.6344, -44.7649, 57.3726, -6.35504e-05, 5.67179e-05, -9.99151e-05, 
624, 4752.31, 0.522723, -58.1618, 28.9912, -2.1847e-05, 0.000133297, -6.45826e-05, 
625, 37316.8, -28.7009, -0.574898, 31.1449, 6.5321e-05, 7.12715e-06, -7.64895e-05, 
626, 17152.1, 22.0186, 56.0629, -57.65, -3.00315e-05, -0.000106419, 9.46359e-05, 
627, 13070.4, 22.1198, 48.976, 50.1887, -1.46925e-05, -7.44803e-05, -0.000104744, 
628, 10533.3, -3.66026, -2.77721, 40.1323, -0.000106951, -9.95607e-06, -0.000115718, 
629, 39041.3, -36.155, -22.5436, -52.3, 8.68684e-06, 8.18092e-05, 0.000168239, 
630, 16221.4, -43.7697, -16.1282, 26.8412, 6.29383e-05, 9.70313e-06, -4.07237e-05, 
631, 11828.4, 40.4745, -18.6416, -0.938678, -5.85426e-05, 6.38528e-05, 1.82999e-05, 
632, 22815.5, 48.2263, 17.7238, -24.6441, -9.12274e-05, -2.54663e-05, 4.21929e-05, 
633, 138707, -15.5515, -1.87683, 19.1562, -3.29268e-05, 8.02687e-05, -3.75357e-05, 
634, 121309, 1.01789, -37.2127, 14.3932, -2.50617e-06, 0.000108616, -1.32705e-05, 
635, 168781, -54.2245, -8.2076, -10.8601, 0.000132742, 8.87368e-06, -3.6004e-06, 
636, 41404.9, -11.716, 15.714, -27.5812, 1.6194e-05, -1.84348e-05, -1.63786e-05, 
637, 34486.5, -59.2296, -43.3003, -29.2278, 0.000133792, 2.77778e-05, 8.35274e-05, 
638, 95494.7, 13.4576, -4.46764, -24.1214, -4.53967e-05, 1.2942e-05, 3.07825e-05, 
639, 86832.6, 37.9877, 56.7355, -19.4772, -9.42148e-05, -0.000143685, 8.25694e-05, 
640, 52482.1, -2.16833, -55.0155, 23.59, -1.92518e-05, 0.000125531, -7.86036e-05, 
641, 56276.2, 12.1134, 47.8075, 24.136, -7.35027e-06, -0.000116485, -6.55551e-05, 
642, 181238, 1.12496, -15.2674, -2.62601, 1.11978e-05, 3.32271e-05, 1.47046e-05, 
643, 2137.25, 40.2288, 2.71802, -35.9226, -9.47496e-05, 1.12679e-05, 4.51215e-05, 
644, 28163.9, -9.72595, -33.8476, -2.9797, 3.23138e-05, 3.50895e-05, 4.40936e-05, 
645, 127801, 22.094, 57.6308, -33.9136, -5.58623e-05, -0.00013301, 8.11533e-05, 
646, 16910.3, -57.5032, -4.41143, -56.1023, 0.000115109, -1.2888e-06, 0.000128659, 
647, 18287.8, 26.2288, -24.9671, -35.5316, -1.61979e-05, 0.000184658, -2.17348e-05, 
648, 1841.73, -43.0011, -15.7584, -34.245, 7.03266e-05, 4.55586e-05, 3.0986e-05, 
649, 47252, 36.2115, 25.2783, -14.2605, -0.00012332, -2.06529e-05, 1.82869e-05, 
650, 69985, 7.26574, -26.0088, -48.5426, -2.56204e-05, 9.03367e-05, 9.37198e-05, 
651, 13386.6, -34.9487, -9.46664, 49.9379, 1.98844e-05, 2.89363e-05, -0.000168259, 
652, 136665, -30.3634, -25.8009, 14.8995, 9.09249e-06, 0.000124488, -6.52835e-05, 
653, 16638, 50.0816, 21.447, -45.1261, -9.98895e-05, -6.35625e-05, 3.85901e-05, 
654, 1481.57, 17.082, 11.247, -56.261, -5.93293e-06, 6.13228e-05, 0.000113637, 
655, 316938, -41.9543, 9.52834, -19.4003, 5.08377e-06, 1.82212e-05, -5.24831e-05, 
656, 155243, -49.6567, -21.3089, 14.3651, 4.33111e-05, 8.14934e-05, -7.93533e-05, 
657, 47835.1, 35.2292, 55.8443, -14.8926, -3.80283e-05, -0.000239598, 1.02493e-05, 
658, 143832, -4.98668, -39.7087, -4.09334, -1.26965e-05, 7.93641e-05, -2.28796e-07, 
659, 189257, 13.74, 47.4308, -11.1227, -3.78045e-05, -6.44997e-05, -1.42471e-05, 
660, 11976.7, -16.1205, -12.5703, -52.132, -0.000417068, 0.000615499, 9.22381e-05, 
661, 26908.7, 33.4776, -10.0913, 31.4607, -5.90172e-05, 4.06437e-05, -5.93478e-05, 
662, 10168.3, 25.4197, -8.60033, 47.1588, -4.10792e-05, -5.45639e-06, -0.000113315, 
663, 22954.3, 40.8206, 36.487, -36.9949, -9.68637e-05, -8.45503e-05, 5.51928e-05, 
664, 78659.2, 15.3644, 32.7191, -16.3043, -4.57381e-05, -4.81758e-05, 4.58128e-05, 
665, 126814, 51.5599, -24.6804, 36.4016, -0.000110241, 3.68847e-05, -7.17284e-05, 
666, 41451, -11.0583, 25.4225, -30.147, 3.26462e-05, -7.72144e-05, 2.35818e-05, 
667, 53822.4, 19.5676, -16.9032, -45.4579, -4.03256e-05, 1.75026e-05, 0.000105862, 
668, 206541, 50.0493, -58.5632, 22.209, -8.45034e-05, 9.32479e-05, -2.36405e-05, 
669, 79641.4, -10.0483, 14.0107, -38.3025, -6.16977e-06, 3.37392e-06, 7.41604e-05, 
670, 67614.6, -43.1859, -42.9477, -25.1587, 5.7299e-05, 9.12717e-05, 5.79607e-05, 
671, 39129.7, 45.2147, 41.2401, -5.67752, -0.000202884, -0.000135726, 0.000155301, 
672, 7255.47, -37.9942, -58.7837, 19.9498, 2.41776e-05, 0.000132526, -3.84406e-05, 
673, 262652, 36.2819, 55.0764, 49.0472, -2.69801e-05, -8.81277e-05, -9.86207e-05, 
674, 124440, 46.0459, -33.5809, -12.7729, -4.63158e-05, 0.000114211, 3.23971e-05, 
675, 81588.7, 37.821, -49.8727, -23.1396, -7.28713e-05, 0.000122052, 3.31357e-05, 
676, 28885.5, 3.74478, -5.41558, 3.49614, -1.63897e-05, 1.25549e-05, 3.28864e-07, 
677, 114526, 49.2546, 49.0433, -3.807, -9.83812e-05, -0.000105444, 0.000110169, 
678, 112714, -34.0445, -2.44587, -39.4905, 5.77245e-05, -1.34421e-06, 6.0111e-05, 
679, 83359.2, 49.8057, 52.2529, 9.89938, -8.60827e-05, -0.000156823, -2.79633e-05, 
680, 106257, -58.6597, -9.16249, 44.6972, 0.000143781, 7.92544e-06, -7.72125e-05, 
681, 39593.4, -23.9615, 14.8281, -27.8162, 5.59374e-05, -4.93147e-05, 3.55533e-05, 
682, 32330.5, -39.8594, 3.11064, 5.3832, 0.000109027, 3.99935e-05, -1.76357e-05, 
683, 70872.3, 32.7661, -20.015, 8.97314, -6.78927e-05, 3.46302e-05, -1.38034e-05, 
684, 37787.3, -53.996, 58.0254, 0.858581, 8.97814e-05, -9.78414e-05, -6.17163e-06, 
685, 7232.07, -29.3241, -39.1056, -10.0134, 5.92395e-07, 0.000118261, 2.43864e-05, 
686, 178349, 59.0241, 6.61437, -48.1431, -0.000299877, -6.23381e-06, -5.42986e-06, 
687, 20866, -27.6375, 39.8773, 31.9778, 6.17565e-05, -0.000143361, -3.81348e-05, 
688, 127126, -8.63089, 29.5478, -14.495, 4.86792e-05, -4.1688e-05, 2.37406e-05, 
689, 130417, -46.1422, -24.3045, 56.8951, 5.9936e-05, 8.1679e-05, -0.00011428, 
690, 30987.7, 53.7017, -32.4394, -6.37694, -5.21169e-05, 0.000105896, 0.000195268, 
691, 135134, -22.3797, 49.4663, -39.0822, 5.93999e-05, -0.000139034, 9.97382e-05, 
692, 145643, -49.0308, -7.71639, -47.4043, 8.72789e-05, 2.29803e-05, 0.000169566, 
693, 240896, -56.1627, -5.56287, -42.3568, 0.000220967, 3.40357e-06, 7.7789e-05, 
694, 27298.6, 15.5173, -11.357, -12.6752, -4.65382e-05, 1.5241e-05, 2.5332e-05, 
695, 131786, 58.8209, 15.1249, -27.6362, -0.000146534, -2.72471e-05, 5.86677e-05, 
696, 69778.6, -0.858258, -21.8235, -11.9972, -7.67154e-06, 6.21298e-05, 2.92162e-05, 
697, 21587.7, -36.9162, -37.7304, -7.54701, 9.27567e-05, 0.000117204, 2.52635e-06, 
698, 110763, -29.8067, -50.1017, 29.0366, 7.09968e-05, 0.000118391, -2.07401e-05, 
699, 100563, -28.5166, 41.162, -57.3039, 4.49125e-05, -9.0134e-05, 0.000131435, 
700, 41376.3, -31.3097, -24.0563, 14.1918, 0.000148011, -0.000135631, 3.93506e-05, 
701, 119499, -21.7062, 50.9942, 34.7657, -5.1303e-05, -0.000141726, -9.61935e-05, 
702, 300292, 25.044, -27.9681, 18.2938, -7.30846e-05, 6.93187e-05, -4.34645e-05, 
703, 12800.1, 1.52931, -31.2458, -30.3438, -4.11721e-05, 7.06551e-05, 2.754e-05, 
704, 18103.5, 35.6818, -38.7776, -17.7103, -9.76215e-05, 0.000135014, 5.45338e-05, 
705, 144970, -41.7621, -52.0313, -11.9235, 4.84335e-05, 0.000107964, 1.6479e-05, 
706, 162904, -11.3199, -45.4176, 54.9392, 4.30717e-05, 9.10427e-05, -0.000100808, 
707, 127828, -27.8796, 28.9078, 36.6965, 5.21346e-05, -3.0777e-05, -0.000130076, 
708, 10008.3, -37.4958, -58.0088, -52.6865, 4.2326e-05, 0.000152688, 5.69602e-05, 
709, 454812, -42.0391, -20.3982, -48.1213, 7.31366e-05, 7.29536e-05, 0.000121743, 
710, 230294, 23.3467, 14.239, 23.7571, -3.44155e-05, -2.1215e-05, -7.45839e-05, 
711, 180809, 47.8399, -53.0968, 3.60439, -8.62002e-05, 0.000102296, -2.2654e-06, 
712, 186478, -26.0763, -51.4805, 47.4959, 1.60975e-05, 0.000130618, -7.84098e-05, 
713, 80709.1, 47.1317, 33.3718, -47.1765, -7.38649e-05, -7.58166e-05, 7.57997e-05, 
714, 66560.2, 16.8007, -19.2894, 54.8893, -8.81622e-06, 1.67711e-05, -0.000155059, 
715, 41040.8, -36.1995, -38.1269, 25.3993, 6.07509e-05, 7.31182e-05, -4.78018e-05, 
716, 259092, 42.1735, 8.5386, 36.7187, -6.92219e-05, 3.49548e-05, -9.21432e-05, 
717, 75252.7, 17.584, -15.4683, 38.2544, -3.5508e-05, 3.24038e-05, -8.2868e-05, 
718, 14548.1, -5.86605, -43.5396, -4.68298, 7.33062e-06, 0.000161983, -3.80774e-05, 
719, 208162, 23.9021, -51.1151, 37.1767, -2.16184e-05, 9.95645e-05, -3.93875e-05, 
720, 227355, -10.5261, -1.56511, 53.3179, 1.93962e-05, -3.658e-05, -0.000141308, 
721, 64932.4, 24.1132, -37.624, 5.88914, -7.3017e-06, 7.9834e-05, 2.11899e-05, 
722, 135717, -17.7968, 3.47033, -25.2017, 1.19363e-05, -1.11855e-05, 1.35433e-05, 
723, 40199.9, 18.3876, 25.1364, -45.3823, -8.11528e-05, 6.87455e-06, 8.82103e-05, 
724, 115446, -2.89276, 4.8437, -29.8478, -6.85929e-05, 5.0071e-05, -6.53704e-05, 
725, 33600.6, -20.8416, 32.3775, -42.0649, 2.89593e-05, -6.51128e-05, 9.01288e-05, 
726, 265173, -3.57509, 15.3033, 11.0359, -2.16215e-06, -3.78009e-05, -4.77264e-05, 
727, 55000.6, 11.7411, -26.7977, -41.9518, -1.85992e-05, 7.85612e-05, 7.10724e-05, 
728, 15418, 7.98422, -21.5382, 58.788, -1.2554e-05, 3.20476e-05, -0.000134362, 
729, 62099.5, -30.9431, -18.4541, -28.1499, 6.71058e-05, 3.90286e-05, 6.38857e-05, 
730, 152226, 16.7872, 46.8876, -25.3089, -9.75988e-05, -0.000102101, 4.42702e-05, 
731, 139622, 31.5293, 32.4661, 18.9676, 3.33248e-05, 5.7354e-07, -9.451e-05, 
732, 74722.5, 41.3334, -20.3525, 13.6005, -8.20399e-05, 4.07204e-05, -3.61646e-05, 
733, 23078.6, 54.5222, 19.0187, 34.8604, -0.000152141, 9.36465e-05, -0.000107836, 
734, 223106, -34.1793, -57.532, -3.09809, 1.49909e-05, 0.000154287, 2.07095e-05, 
735, 100932, 18.022, 9.01917, 34.6067, -4.54117e-05, -3.79777e-06, -0.000102452, 
736, 15407.8, 52.1828, 36.8664, 6.0414, -4.65259e-05, -8.79322e-05, -8.71796e-05, 
737, 73866.6, -53.5018, -57.5131, -3.0446, 9.68681e-05, 0.000132665, -1.47594e-05, 
738, 105604, 28.1965, -46.0659, -54.4025, -3.48643e-05, 7.16604e-05, 0.000117066, 
739, 77804, -6.24504, -42.0268, 50.657, -4.46872e-05, 7.57198e-05, -0.000114905, 
740, 2601.84, 7.94046, 29.4226, -41.2419, 1.80451e-05, -3.58445e-05, 1.97433e-05, 
741, 97811.4, 21.3952, -42.3887, 23.6368, -3.62529e-05, 6.87123e-05, -7.54941e-05, 
742, 57732.8, 13.5171, -54.5173, -11.0868, -2.799e-05, 0.000134686, 9.88177e-07, 
743, 176094, -5.36227, -14.028, 49.1481, -3.42147e-05, 4.19789e-05, -0.000134206, 
744, 31088.8, 43.6354, -11.2071, -38.0498, -9.73584e-05, 2.06423e-05, 5.74247e-05, 
745, 34504, -29.5265, -28.3699, -36.0984, 3.81064e-05, 7.27967e-05, 9.27432e-05, 
746, 157264, -58.1798, -48.2065, -26.5624, 0.000135941, 7.62426e-05, 8.23687e-05, 
747, 51309.5, -33.4061, -56.1144, -35.1117, 3.76134e-05, 0.000132428, 2.62269e-05, 
748, 56455.9, 31.1025, 1.63614, -49.2741, -6.5463e-05, 1.36166e-05, 8.06829e-05, 
749, 177486, -33.2346, -29.3372, -20.7912, 0.000663801, -0.000291258, -0.00045571, 
750, 72900.3, -40.1806, 35.302, -8.56753, 9.8758e-05, -6.04347e-05, 1.68833e-05, 
751, 136424, -21.3169, -34.6851, 38.1737, 2.39956e-05, 5.50897e-05, -5.79689e-05, 
752, 39843.8, 15.3777, 32.5553, -54.8993, -1.9241e-05, 3.74731e-06, 0.000170998, 
753, 13283.4, -1.39274, 19.0705, 48.985, 0.000201829, -6.87801e-05, -7.59486e-05, 
754, 11672.7, -43.0013, 24.2567, 56.2436, 7.22192e-05, -1.0189e-05, -9.73509e-05, 
755, 44303.2, -28.2984, 1.03787, -7.48778, 4.84832e-05, 2.6858e-05, 8.34455e-06, 
756, 472178, 22.3336, -26.6939, -56.5097, -1.5262e-05, 5.86258e-05, 0.000149917, 
757, 17117.7, 38.8106, 40.6596, -31.2799, -0.000125068, -3.77639e-05, 5.37803e-05, 
758, 19020.1, 6.67783, -9.25855, -46.271, -2.49305e-05, -1.65716e-05, 0.000145695, 
759, 81353, 18.8819, 38.7189, 17.4123, -1.36273e-05, -7.08016e-05, -4.77209e-05, 
760, 18507.3, 31.6838, 30.3008, 31.1537, -3.79527e-05, -5.10088e-05, -0.000103928, 
761, 119790, 41.8592, -56.9233, -11.7145, -6.752e-05, 0.000116301, 1.5612e-05, 
762, 16549.5, -28.2287, -14.0575, 32.6945, 2.57078e-05, 3.52625e-05, -4.97614e-05, 
763, 12225.5, 14.6671, -58.1798, -34.1373, -3.75572e-05, 0.000166139, 7.54665e-05, 
764, 27341.3, -40.9405, -58.1524, 4.37179, 0.00015613, 0.000322745, -3.00028e-05, 
765, 18702.9, 25.5092, 26.2072, 28.4041, -1.56604e-05, -4.90409e-05, -9.61859e-05, 
766, 208731, -0.662028, 20.2, 8.55441, -3.82423e-05, -0.000103566, 7.86869e-07, 
767, 255591, 27.4523, -18.7961, -36.0024, -7.63212e-05, -2.74907e-05, 4.35346e-05, 
768, 131334, -23.8937, 27.5519, -26.693, 3.40867e-05, -5.99356e-05, 3.67241e-05, 
769, 30898.4, 17.1983, 14.9343, 20.2357, -4.41843e-07, -3.7226e-05, -3.39594e-05, 
770, 3544.25, 16.5927, -9.05206, 35.1559, -4.61482e-05, 9.1157e-07, -9.76462e-05, 
771, 30824.4, 54.0826, 12.7127, 46.4755, -0.000102669, -8.27671e-06, -9.85553e-05, 
772, 473615, 2.57635, 47.1979, -26.6149, 4.516e-05, -0.000118752, 3.6252e-05, 
773, 34568.9, 52.2311, -35.4196, 34.6722, -0.00010856, 8.66905e-05, -4.48581e-05, 
774, 32791.6, 24.2497, -17.343, 25.8758, -8.09225e-05, 1.93567e-05, -8.69048e-05, 
775, 44229.4, -24.3948, -0.912822, -38.1157, 7.06139e-05, 1.89934e-05, 7.65859e-05, 
776, 261024, -16.5711, 27.1467, 26.8539, 2.76614e-05, -6.6745e-05, -6.45729e-05, 
777, 90234, -33.4407, 5.11394, -4.94884, 8.04635e-05, 2.72505e-06, -6.48646e-08, 
778, 88816.6, -20.2774, -16.7477, 13.0506, 3.25412e-05, 4.6142e-05, -2.53379e-05, 
779, 34335.6, -46.4322, -40.4791, -8.71304, 5.83817e-05, 7.18239e-05, -7.67581e-06, 
780, 76695.2, -19.4575, -44.7884, -23.1622, 1.15326e-05, 0.000109098, 4.54175e-05, 
781, 53502.3, 46.9567, 50.0121, 26.0904, 5.82831e-06, 1.17903e-05, -5.71459e-05, 
782, 19540.2, -37.615, 22.8248, -21.3073, 0.000102054, -4.80777e-05, 5.67768e-06, 
783, 120031, 5.5812, 13.4767, 29.7342, 0.000187637, -0.000148879, 6.829e-05, 
784, 206026, 23.3948, -51.8145, 50.4475, -4.79891e-05, 0.000166795, -8.34794e-05, 
785, 14348.4, 28.1316, 26.2411, 3.93637, -1.88799e-05, -9.07142e-06, 2.09011e-05, 
786, 155974, 31.9768, 22.9333, 23.5502, -5.64475e-05, -1.35529e-05, -6.92588e-05, 
787, 36799.8, -17.9329, 53.2716, 20.8541, 2.59277e-05, -0.000140085, -5.51086e-05, 
788, 31623.1, 45.3042, -58.2026, 29.7401, -7.78758e-05, 0.000107479, -4.98575e-05, 
789, 44386.2, 7.02438, 28.9788, 11.3373, -1.98032e-05, -6.58105e-05, -3.32583e-05, 
790, 198583, 29.739, -1.04189, 39.118, -4.51583e-05, 1.03554e-05, -0.000103625, 
791, 1176.99, -55.0403, 14.7946, -1.78732, 0.000172962, -6.33643e-05, -2.08321e-05, 
792, 286584, -0.4877, 15.115, -47.5586, -4.53307e-05, -1.49943e-07, 0.000102512, 
793, 181552, -28.6111, -52.591, -16.5202, 1.56624e-05, 0.000118216, 4.27378e-05, 
794, 202397, -34.0029, 57.8359, 32.5008, 6.15592e-05, -0.000142771, -7.85353e-05, 
795, 89181.2, -37.8516, -0.91733, -17.8291, 0.000101238, 5.18113e-05, 9.22873e-06, 
796, 46946, -3.64257, 5.50542, -31.0734, 0.000134854, -0.000125887, 0.000271373, 
797, 13233.1, -44.9559, -52.9018, 2.38292, 0.000184044, 0.000101521, 1.596e-05, 
798, 12428.7, -20.0453, -40.2904, 11.9888, 3.11495e-05, 7.42565e-05, -2.13238e-05, 
799, 98105.8, -14.0741, -11.489, 49.7146, 1.07591e-05, 3.6524e-05, -0.000146614, 
800, 442240, -28.2268, 1.61748, -52.1053, 6.88379e-05, -3.51436e-05, 0.000109802, 
801, 28076.9, -30.271, 8.75811, -18.5242, 5.05435e-05, -6.48508e-05, 2.10093e-05, 
802, 22695.7, -2.48097, 58.8457, 13.1336, 2.27844e-05, -0.000153805, -3.33654e-05, 
803, 33485, -15.2887, 9.07629, -49.2547, 5.55026e-05, 3.8407e-05, -2.34068e-05, 
804, 43473.8, -16.2683, 1.04921, 19.7693, -2.40104e-05, -0.000122473, -6.6307e-05, 
805, 29526.2, -15.7136, -18.6513, -18.2294, -7.81084e-06, 3.50809e-05, 1.72858e-06, 
806, 63536.6, -6.9555, 47.8868, -32.9492, 2.81413e-05, -0.000114861, 7.09236e-05, 
807, 88571, -22.5904, 33.6897, 44.3124, 2.57067e-05, -5.94546e-05, -0.000138536, 
808, 65752.5, 0.672089, -48.874, 16.8979, -3.28524e-05, 9.51968e-05, -4.55303e-05, 
809, 6431.9, -26.0401, -49.9721, 6.12989, -3.82483e-06, 0.000101809, -9.16082e-06, 
810, 29912.4, 13.895, -45.6969, 33.7326, -1.29519e-05, 8.76604e-05, -6.24578e-05, 
811, 222893, -11.2683, -47.8291, 14.4592, 2.07631e-05, 4.89521e-05, -4.10774e-05, 
812, 29020.1, -26.0906, 30.7212, 34.2185, -9.52834e-06, -7.41702e-05, -4.08093e-05, 
813, 227365, 13.0282, 33.3003, -6.78205, -3.2133e-05, -9.01137e-05, 3.67699e-06, 
814, 49080.1, -12.5348, 25.9111, -17.8237, 4.46773e-05, -3.15327e-05, 3.38043e-05, 
815, 117441, -42.8746, 54.6562, -29.7725, 7.26633e-05, -0.000120373, 4.52247e-05, 
816, 88773.9, -38.5268, -44.7129, 38.3485, 0.000110382, 9.48569e-05, -1.52985e-05, 
817, 164785, -19.119, 53.1739, -31.1751, 3.61619e-05, -0.000131344, 3.96742e-05, 
818, 104556, 9.05909, 46.7776, -17.8448, -5.98489e-07, -8.30834e-05, 1.251e-05, 
819, 24393.8, -4.7592, -15.6766, 44.5582, -3.93841e-05, 7.31241e-05, -5.61467e-05, 
820, 163635, 18.1877, -39.9911, 49.2748, -1.20458e-05, 4.65833e-05, -8.44557e-05, 
821, 69995.4, -45.6995, -2.80111, 53.5116, 0.000114439, -4.0121e-06, -0.000185895, 
822, 125840, -21.3618, -14.9279, -47.4951, 5.16925e-05, 9.31155e-05, 6.59603e-05, 
823, 54764.8, -55.8607, -2.29168, 50.3528, 0.000160274, -2.92041e-05, -0.000144473, 
824, 421013, -38.4765, -52.1489, 4.59287, 4.40359e-06, -5.98245e-05, -5.23026e-05, 
825, 167147, 17.6017, 47.7839, 14.0301, -4.04049e-06, -0.000111509, -3.67494e-05, 
826, 39494.9, 3.96873, 19.189, 2.45825, -3.37138e-05, -3.01236e-05, 9.61178e-06, 
827, 58449, 1.005, 45.9059, 30.279, 9.10756e-06, -0.000119942, -6.21247e-05, 
828, 34646.6, -38.1008, -7.38941, -44.3736, 4.97114e-05, 2.40733e-05, 0.00010487, 
829, 50041.1, -32.0487, -14.8909, 51.6963, 3.07199e-05, 4.3878e-05, -0.000142924, 
830, 158288, -23.0181, 56.8786, -12.3444, -2.43509e-05, -7.37391e-05, -6.67887e-05, 
831, 41567.5, 7.60239, 42.3931, 11.142, -7.65826e-08, -9.2519e-05, -3.56152e-05, 
832, 38577.1, -51.2054, 14.5736, 27.9291, 0.000116241, -3.02049e-05, -4.5931e-05, 
833, 216653, -34.1662, -43.1242, 42.871, 6.35228e-05, 7.38906e-05, -9.42877e-06, 
834, 764.936, -10.3582, -0.521946, 1.38703, -7.67577e-06, 4.76242e-05, 4.8043e-05, 
835, 150232, -11.9067, 17.5281, -32.9976, 3.62666e-05, -3.41116e-05, 3.27931e-05, 
836, 248381, 0.0384949, 38.8617, -45.74, 9.18768e-06, -9.54464e-05, 0.000122411, 
837, 201521, -49.2354, -31.9594, -15.3162, 9.62714e-05, 2.46029e-05, 2.76801e-05, 
838, 8414.57, -12.2347, 55.9178, 16.9512, 1.51569e-05, -0.000157203, -5.13337e-05, 
839, 484368, -5.98983, 6.00178, 9.36612, -1.74925e-05, 2.04769e-05, -9.37837e-06, 
840, 55427, 14.9318, -5.08337, 2.55519, -6.22498e-05, 8.46317e-07, 3.28094e-06, 
841, 14513.9, 19.7295, -49.2616, 22.1792, -2.98763e-06, 0.000145672, -6.33514e-05, 
842, 29294, -31.5658, 11.9752, 45.3476, 6.50086e-05, -1.58702e-05, -9.12199e-05, 
843, 42623.8, 5.57086, -50.4918, 5.51482, -3.24283e-05, 0.00011822, 1.19549e-05, 
844, 29347.8, 26.1513, -26.1464, -52.1694, -4.26693e-05, 1.17655e-05, 7.56043e-05, 
845, 6072.51, 58.443, 59.6736, -40.0137, -8.0222e-05, -7.23853e-05, 4.19611e-05, 
846, 198554, -32.363, -53.5537, -41.0844, 2.96465e-05, 0.000103249, 7.72692e-05, 
847, 27839.6, 14.6525, 56.3024, 15.6229, -9.39298e-06, -0.000151708, -6.48389e-05, 
848, 322494, 9.94422, 46.262, -34.2828, -3.19424e-05, -0.000124154, 0.000125356, 
849, 28128.6, -34.4569, 13.7835, -46.8174, 9.33202e-05, -4.05954e-05, 9.77131e-05, 
850, 47727.1, 54.7783, 45.884, 9.17384, -0.000119543, 9.63371e-06, 4.42484e-06, 
851, 110557, 49.6981, -41.369, -59.2165, -4.03989e-05, 6.25598e-05, 0.000123227, 
852, 95951.9, 56.0825, 2.17514, -8.61799, -0.000138825, -2.6584e-06, 1.31128e-05, 
853, 32624.1, 16.7148, 54.2003, 2.32085, -1.56229e-05, -0.000141504, -1.94358e-05, 
854, 26419.2, 29.8898, 30.2735, -23.8736, -6.73191e-05, -5.84601e-05, 7.6075e-05, 
855, 43442.3, -49.6901, -46.2491, 43.2918, 9.81761e-05, 5.81265e-05, -4.97163e-05, 
856, 248170, -21.8157, -21.7637, -23.6345, 2.59042e-06, 4.62485e-05, 3.76782e-05, 
857, 120525, 53.8458, 58.3202, 42.0068, -5.12168e-05, -0.000121631, -4.22809e-05, 
858, 138548, -17.1232, -0.535147, -36.5546, -3.95152e-06, 3.79033e-05, 7.5791e-05, 
859, 432649, 52.1348, 50.4881, 26.8678, -7.6914e-05, -4.25664e-05, -6.95183e-05, 
860, 111109, 4.66845, -23.0678, -51.056, 2.22735e-05, 3.37557e-05, 0.000147562, 
861, 37429.5, -26.2125, 38.2212, 18.475, 5.10124e-05, -7.86716e-05, -5.17324e-05, 
862, 121969, -42.0393, -5.21962, 45.3302, 0.000110939, 8.11037e-05, -3.42583e-05, 
863, 1313.47, 50.6771, 50.5989, -30.6631, -8.85901e-05, -7.75989e-05, 5.3826e-05, 
864, 10867.2, 32.1204, -29.8427, 57.3473, -4.42893e-05, 0.000103986, -0.000110957, 
865, 184660, 31.5735, -51.8286, -50.445, -5.53589e-05, 0.000111868, 6.97273e-05, 
866, 79060.6, -2.62051, 22.0229, -47.4372, -3.01088e-06, -9.7603e-05, 0.000107222, 
867, 116565, -10.3901, -22.3194, 29.8281, 2.80067e-05, 7.1767e-05, -9.0353e-05, 
868, 80889.2, 4.08795, -1.9231, -26.5732, -2.9509e-05, 2.10066e-05, 2.09801e-05, 
869, 88675.5, 1.61312, -56.6604, 13.0411, -9.74681e-05, 0.000128284, -1.68442e-05, 
870, 308293, 11.7208, -15.1128, 17.02, 3.06866e-05, 7.80126e-06, 6.53362e-05, 
871, 287889, 52.0298, 48.9463, 2.19794, -0.000133427, -0.000116746, 1.35594e-05, 
872, 87125.3, -22.6725, -21.5769, -6.09455, 2.08764e-05, 4.85788e-05, 1.72442e-05, 
873, 303203, 49.9786, 18.9025, -54.4276, -9.41186e-05, -4.67559e-05, 0.000111971, 
874, 1993.09, -14.8386, 44.2511, 26.1261, 1.69098e-05, -0.000108619, -6.32175e-05, 
875, 24352.8, 56.1824, -7.90788, 28.2036, -7.91142e-05, -3.28815e-05, 1.9365e-05, 
876, 165851, -49.2089, 6.96794, -33.5943, 0.00012437, -3.58406e-05, 5.8516e-05, 
877, 11563.8, -31.4592, 55.8042, -20.2639, 4.09829e-05, 7.82015e-05, 4.99632e-05, 
878, 87557.3, 57.3572, 12.8373, 11.5812, -0.000139192, 1.95765e-05, -1.95568e-05, 
879, 46826.7, 13.9473, 31.0299, -41.2554, -8.95725e-05, -0.000102733, 1.87405e-06, 
880, 28029.4, -0.726314, 9.16048, -33.7676, -2.40186e-05, -2.60425e-05, 4.68299e-05, 
881, 114399, 48.742, -31.2184, -11.4071, -0.00014311, 1.44576e-05, 2.89515e-06, 
882, 28289.5, 16.3117, -14.5723, -17.7784, -4.51672e-05, 2.70828e-05, 2.99185e-05, 
883, 27499.9, 51.0831, -34.0339, -48.9902, -0.000102508, 2.71845e-05, 6.6493e-05, 
884, 17937.4, -23.5307, -28.9676, 22.8246, 3.77412e-05, 7.31221e-05, -5.03738e-05, 
885, 16461.7, 27.9157, 56.4891, -20.0884, -7.71749e-05, -0.000134924, 6.1036e-05, 
886, 50929.4, -19.2021, 29.6858, -8.33919, 4.68205e-05, -5.96574e-05, 8.78759e-06, 
887, 15743.9, -20.3768, 45.4917, -42.3481, 1.75975e-05, -9.22834e-05, 0.000154134, 
888, 259144, 4.10305, 54.8787, -10.4366, 3.95695e-05, -0.000155958, -3.85251e-06, 
889, 133579, -33.7236, 58.5839, -20.8808, 0.000235326, -0.000121357, 0.000108902, 
890, 641661, 34.265, -10.0531, -58.2676, -6.10885e-05, 1.88858e-05, 0.000123358, 
891, 118410, -54.7724, -26.0452, 23.4422, 0.000124531, 9.25818e-05, -8.03678e-05, 
892, 134679, 3.14215, 3.69434, 15.805, -4.74372e-05, 2.00497e-05, -5.89313e-05, 
893, 152484, -52.4622, 40.0642, 18.1843, 0.000127186, -6.46965e-05, -2.68667e-05, 
894, 113121, 31.8703, -46.9924, 37.2586, -7.03847e-05, 5.85769e-05, -5.67546e-05, 
895, 217325, -12.3575, -7.76054, -29.8121, -9.60024e-06, 3.55668e-05, 4.37348e-05, 
896, 238483, -25.2597, -21.2942, 3.44424, 3.78048e-05, 4.69847e-05, -1.35173e-05, 
897, 124878, -42.7564, 29.4225, 59.2109, 6.77683e-05, -4.2914e-05, -0.000110658, 
898, 5978.46, -39.8404, 28.5315, -19.0617, 9.70464e-05, -6.90512e-05, 1.37457e-06, 
899, 26759.4, -8.04282, 36.0289, 42.719, 1.4383e-05, -7.60599e-05, -0.000120454, 
900, 19957.6, -12.4962, -55.8878, -21.9568, 1.28151e-05, 0.00012322, 5.9586e-05, 
901, 156324, -20.0662, 4.51934, -35.5915, 5.06865e-05, -4.209e-05, 5.74708e-05, 
902, 272773, -24.9873, -28.4161, -48.755, 2.77033e-05, 8.02611e-05, 0.000116507, 
903, 11529.1, 34.1131, -43.3814, -35.3314, -8.39953e-05, 0.000119684, 2.55553e-05, 
904, 35527.8, 27.038, 57.198, 35.0562, -2.8224e-06, -0.000137731, -7.88927e-05, 
905, 43659.2, -10.586, 27.6368, 2.67627, 2.79767e-05, -7.4471e-05, -7.10534e-07, 
906, 10749.5, -18.6338, 6.89027, -0.702244, 2.54547e-05, -2.3019e-05, 6.13966e-05, 
907, 9702.36, -3.00031, 36.9374, -59.854, 5.92986e-06, -7.29375e-05, 0.000143485, 
908, 155742, 48.9071, 54.8513, 22.9068, -5.45755e-05, -0.000202892, 2.50387e-05, 
909, 5186.73, 10.8168, -16.4664, 39.7531, -1.00436e-05, 3.89097e-05, -0.00010009, 
910, 12295.8, 0.513606, -2.00264, -13.6094, -1.56818e-05, 8.76257e-06, 2.31521e-05, 
911, 26597.6, -11.6286, 11.8478, -48.5349, -3.39554e-05, -2.44321e-05, -1.28276e-05, 
912, 40742.1, -0.254162, -41.763, 22.4212, -1.19509e-05, 9.72141e-05, -6.69863e-05, 
913, 274042, 59.0193, -10.9955, 31.2633, -0.000132886, 2.3014e-05, -4.85502e-05, 
914, 133889, 45.9828, -29, 36.7897, -5.74262e-05, 6.97413e-05, -6.76784e-05, 
915, 277455, -52.1313, 34.7408, -29.5294, 0.000128696, 2.05516e-05, 3.13649e-05, 
916, 72086.7, 41.893, -14.5823, 1.59254, -2.73014e-05, 8.13577e-05, 1.89955e-05, 
917, 181034, 9.72999, -35.1322, 18.4215, -3.33593e-05, 8.87869e-05, -5.9211e-05, 
918, 120969, 24.679, -28.2159, -38.6847, -3.27861e-05, 9.56788e-05, 6.81551e-05, 
919, 260356, 44.3749, -16.1357, -21.3621, -8.9354e-05, -1.14997e-05, 2.22629e-05, 
920, 188810, -0.781466, 45.2988, 55.259, 5.09762e-06, -8.02256e-05, -0.00011332, 
921, 50011.7, -10.2676, -14.5634, 32.7738, 8.31861e-05, -1.52148e-05, -0.000112252, 
922, 205154, -59.4577, 4.51277, 14.6102, 0.000143179, -1.03592e-05, -2.88453e-05, 
923, 228456, 31.5686, -38.7814, -41.2811, -6.23577e-05, 9.16616e-05, 6.7271e-05, 
924, 32967.2, -8.47675, 8.99577, -20.6017, -1.3953e-06, -1.21204e-05, 1.25583e-05, 
925, 38537.5, 33.0917, -34.3764, -14.7324, 0.000115361, -0.000118511, 0.000200358, 
926, 42717.6, 13.3477, 34.4627, -54.4408, 6.72769e-05, -8.7512e-05, 0.000142659, 
927, 98136.5, -51.202, 16.5873, -16.7226, 0.0001146, -8.08562e-05, 2.37181e-05, 
928, 137724, 39.0522, 26.4585, 44.7438, -6.78399e-05, -4.23303e-05, -0.000132731, 
929, 184548, -36.3816, -11.4545, 41.8322, 5.76125e-05, 3.76781e-05, -1.64983e-05, 
930, 1022.09, -5.93571, 1.37224, 57.6974, -3.04355e-05, -3.01592e-05, -0.00017966, 
931, 145985, -8.70292, -37.7147, 32.9292, -1.11146e-05, 7.19647e-05, -5.31163e-05, 
932, 87219.9, -7.90811, -46.5545, 57.4957, -6.08602e-05, 0.000115765, -0.00016801, 
933, 35976.1, 4.30848, -17.2764, 4.9939, 1.9488e-05, 5.16685e-05, -4.40365e-05, 
934, 8971.75, 23.9465, 59.1988, -6.95576, -3.4717e-05, -0.000167732, 1.896e-06, 
935, 471025, -13.8641, 46.1674, 9.41498, 7.01862e-06, -0.000151372, -5.11322e-05, 
936, 161540, 7.28053, 13.2188, 42.0865, -5.93727e-05, -1.17017e-05, -8.36595e-05, 
937, 27285.5, 55.4446, 15.6024, 59.3162, -7.46483e-05, -1.12972e-05, -0.000102473, 
938, 69508.4, -36.0713, 37.4847, 41.5879, 7.10955e-05, -5.28371e-05, -0.000103151, 
939, 14685.8, -11.4165, -30.2986, -29.8214, 3.67838e-05, 7.02672e-05, 5.53714e-05, 
940, 19965.2, 28.6234, -30.9907, 48.9934, -5.72649e-05, 7.01175e-05, -8.67434e-05, 
941, 165034, -20.7041, 44.3712, -0.23646, 5.5152e-05, -0.000103315, 2.91213e-05, 
942, 112960, 22.3617, -48.5081, 51.1602, 1.35864e-05, -4.45623e-05, -0.000117637, 
943, 75876.2, 13.1058, -11.7818, 31.6029, -3.12209e-05, 1.93644e-05, -8.883e-05, 
944, 140281, -44.6849, -32.1175, -32.5212, 0.000106575, 9.03416e-05, 9.69919e-05, 
945, 135635, 55.9175, 52.2386, 27.1087, -0.000326536, -0.000182749, -6.61089e-05, 
946, 132117, 26.8639, 6.03115, 15.2554, -7.48482e-05, 2.41804e-05, -8.22748e-06, 
947, 28932.9, -54.8098, -40.3226, 47.296, 9.99879e-05, 5.28863e-05, -7.58392e-05, 
948, 28977.5, -20.5593, 6.58823, -9.30641, 2.24919e-05, -1.73658e-05, 2.79062e-05, 
949, 56470.5, -29.2886, 35.9747, -9.80265, 6.38522e-05, -7.32767e-05, 1.1236e-05, 
950, 124172, 37.347, -55.6478, 33.1402, -5.26613e-05, 0.000118321, -3.90797e-05, 
951, 86675.3, -33.4636, 34.165, -51.7531, 0.000223861, -8.48278e-05, 0.000263887, 
952, 9939.12, 48.8626, 7.01943, -38.9041, -9.64111e-05, 8.50791e-06, 2.12574e-05, 
953, 120365, 32.4158, 1.63307, -32.107, -7.32949e-05, -2.77251e-07, 3.56183e-05, 
954, 5157.77, 59.6206, -45.4187, 43.1549, -9.39202e-05, 6.88962e-05, -3.94986e-05, 
955, 148067, 46.576, -3.86091, 36.3286, -6.49361e-05, 3.57477e-05, -6.66323e-05, 
956, 53447.3, -43.2077, 6.28526, 51.9419, 9.34254e-05, -8.40088e-05, -0.000151461, 
957, 21380, 56.5299, 47.5649, 4.46073, -0.000239045, -5.11576e-05, 1.87701e-05, 
958, 288196, -25.5693, -10.0551, -27.6061, 4.12368e-05, 2.9351e-05, 4.40337e-05, 
959, 68471.4, 39.9705, -52.9506, 37.0498, -9.27494e-05, 7.48488e-05, -8.52387e-05, 
960, 239812, 15.5533, -14.5869, -37.7238, -3.85646e-05, 1.47013e-05, 5.36739e-05, 
961, 19389.6, 42.4054, 41.5983, -8.83464, -7.41384e-05, -6.30636e-05, 0.000128605, 
962, 110129, 38.1251, 22.777, 40.0416, -4.52106e-05, -1.83253e-05, -9.1287e-05, 
963, 11597.7, 9.51222, 52.5932, 14.5193, 4.26426e-06, -0.000115991, -5.07625e-05, 
964, 39032.4, 23.1472, 48.7547, 20.2222, -1.11763e-05, -0.000121278, -7.58255e-05, 
965, 42779.7, -35.3174, 23.134, 18.2917, 9.08083e-05, -3.96563e-05, -3.36755e-05, 
966, 180075, -48.2986, 42.8425, 39.253, 0.000109571, -5.96749e-05, -6.35513e-05, 
967, 95921.3, -28.0408, -29.0837, -21.4021, -0.00017495, 1.17313e-05, -2.68143e-05, 
968, 915.931, 51.8363, -40.946, 6.49438, -0.000102351, 0.000112721, -2.88428e-05, 
969, 1986.04, -56.1181, -2.71418, -36.6929, 0.000193673, -6.10807e-05, -3.22829e-05, 
970, 28857.6, -30.2444, 29.4432, 6.10958, -3.53374e-05, -5.29743e-05, 2.742e-05, 
971, 633425, -10.8175, -4.18323, 38.5191, 1.11665e-05, -3.29817e-07, -8.92644e-05, 
972, 145660, 42.7089, 19.5778, 35.5474, -8.86639e-05, -1.89465e-05, -7.11995e-05, 
973, 23924.1, -56.3542, 13.5339, -39.4437, 0.000133302, -3.55361e-05, 6.9556e-05, 
974, 33299.9, 29.7432, -53.0399, 46.3398, -9.95446e-05, 0.000108488, -7.50173e-05, 
975, 110852, 55.8678, -28.7138, -1.14593, -0.000176644, -0.000275609, -0.000112449, 
976, 377463, -35.1825, 25.9849, 30.0777, 8.66057e-05, -2.63368e-05, -0.00010056, 
977, 16561, -14.3837, 51.8876, 58.0133, 1.63071e-05, -7.96021e-05, -0.000101919, 
978, 193540, 54.2234, 35.4198, 3.99801, -0.000157982, -1.30497e-05, 2.75033e-05, 
979, 108641, 53.9406, 21.6278, 33.8236, -0.000123812, -3.10238e-05, -6.06937e-05, 
980, 34609.7, -18.1989, 56.9756, 4.9638, 3.20982e-05, -0.000165907, -1.50717e-05, 
981, 9442.35, 48.3015, -9.6638, 53.1985, -2.62551e-05, 4.3803e-06, -0.000113832, 
982, 105102, 2.7843, 50.0077, 39.5039, 1.22952e-05, -0.000104868, -0.000122261, 
983, 365143, 32.5834, 51.2336, 0.884147, -1.19228e-05, -0.000146692, 3.1148e-05, 
984, 138656, 41.0222, -37.8227, 6.80846, -8.28412e-05, 8.55179e-05, -2.1519e-05, 
985, 35661.7, 1.96197, 2.47439, -38.7216, -3.87367e-05, 3.19648e-07, 9.32598e-05, 
986, 47331.3, -33.0365, 50.095, -8.97403, 8.88473e-05, -9.18796e-05, -5.93894e-07, 
987, 6441.89, 30.4825, 54.5739, -9.36308, -3.59186e-05, -0.000150367, 1.98738e-05, 
988, 232323, -50.4237, -11.5615, 20.377, 7.92809e-05, -4.69898e-05, -2.09718e-05, 
989, 53754.7, -27.6104, -36.9905, 45.2497, 3.79487e-05, 9.0351e-05, -6.08009e-05, 
990, 22887.2, 56.7255, 19.7878, 7.4648, -0.000152016, -3.00567e-05, -1.42321e-05, 
991, 263858, -20.6312, 0.154846, 21.5843, 9.98626e-05, 1.54337e-06, -8.87764e-05, 
992, 77093.3, -21.0436, 36.3551, -18.8331, 4.35205e-05, -7.9553e-05, 1.83674e-05, 
993, 56680.1, -41.2545, -3.15791, 49.6385, 0.000101601, 6.52155e-05, -0.000267242, 
994, 38611.8, 10.6671, -27.4231, -3.32643, -4.51807e-05, 6.64774e-05, 2.71102e-05, 
995, 35898.3, -11.4424, 40.2553, -29.1452, 3.94905e-05, -7.38838e-05, 4.22255e-05, 
996, 41354.5, 56.0934, -13.1377, 48.5157, -0.000115267, 2.98227e-05, -7.04488e-05, 
997, 176480, -46.1123, 0.654298, 45.3111, 0.00017808, -6.54659e-05, -6.74847e-05, 
998, 21021.2, 46.4433, 25.3486, 29.4214, -8.50087e-05, -2.55852e-05, -8.17142e-05, 
999, 141823, 33.6245, 35.1038, 21.1547, -7.98185e-05, -0.000107851, -0.000139219, 
