ID, Mass [kg], pos_0 [m], pos_1 [m], pos_2 [m], vel_0 [m/s], vel_1 [m/s], vel_2 [m/s], 
0, 5682.38, -14.4835, 3.24577, 0.796207, -0.007041, -0.00305247, -0.00137847, 
1, 51291.5, -10.5665, -3.9003, 6.24369, -0.00698385, -0.00561058, 0.0071892, 
2, 73779.3, -3.61269, 0.835781, 3.10716, -0.00147724, 0.00746565, 0.000731681, 
3, 9731.99, -1.39618, 6.07547, 14.3568, -0.00211312, 0.00659515, 0.004069, 
4, 104587, -0.838004, 5.76486, 0.414977, -0.00304039, -0.00321022, 0.000513228, 
5, 42215, -4.29268, 5.9379, 1.41524, 0.00127183, 0.00273505, 0.00247277, 
6, 57220.4, 9.60968, -1.2714, -12.7867, 0.00467122, 0.00473017, -0.00322593, 
7, 44855.5, -0.285856, 1.42371, -6.23228, 0.00229047, -0.00119424, -0.00197391, 
8, 276797, 1.41976, -8.8373, 3.72708, 0.000196353, 0.000134515, 0.000463286, 
9, 2643.18, -5.499, 4.34334, -3.96699, -0.00154734, 0.000219443, 0.0022242, 
10, 33961.7, 7.37514, -8.04483, -7.21913, 0.00161205, -0.00425077, -0.00148019, 
11, 8691.35, -6.78753, 21.2416, -13.6233, -0.000555743, 0.00745348, -0.00693462, 
12, 141682, -4.44641, 1.58365, 2.1832, 0.00344037, -0.00639164, 0.00616931, 
13, 288611, -11.6771, -2.28529, -3.10395, -0.00497843, -0.00418657, -0.000481351, 
14, 512847, 4.23864, -0.420194, -3.58287, -0.00104119, -0.000408836, 0.00077151, 
15, 15651.7, -1.2166, 1.767, 2.36105, 0.00608909, -0.00795581, 0.00347437, 
16, 182451, 3.03993, -7.3674, 19.4554, 0.00426267, -0.00276071, 0.00685306, 
17, 62197.8, -7.01865, -8.92508, 3.31002, -0.00410598, -0.00353775, 0.000831979, 
18, 185440, -12.0205, -1.53993, 0.0755655, -0.00482203, -0.0050599, 0.00278895, 
19, 36701.4, 8.38207, 14.8753, -13.193, 0.00478437, 0.00673065, -0.00652166, 
20, 106936, -19.7504, -10.9821, 5.88067, -0.00911663, -0.00551704, 0.00262412, 
21, 161838, 0.742073, 4.70754, -1.82553, -0.00149519, -0.00360625, 0.00395353, 
22, 144875, -1.07968, 2.75466, 3.19666, 0.00140342, -0.00802147, 0.00636666, 
23, 100936, 4.24201, 11.1757, 11.3393, 0.000819567, 0.00498559, 0.00175195, 
24, 95186.1, 12.006, 15.1287, 13.7169, 0.00637538, 0.004788, 0.00464021, 
25, 151808, 5.89429, -9.49532, 16.013, 0.00550274, -0.00387718, 0.00758142, 
26, 118354, 4.29938, 1.30335, 8.74742, -0.00151636, 0.00234015, 0.000614511, 
27, 149234, -8.38699, 5.86657, 0.77484, 0.000607738, 0.00231204, 0.000876704, 
28, 9985.68, -9.75371, 5.70449, -0.762431, -0.00117518, -0.00142715, 0.000227442, 
29, 180895, -0.344298, 13.8361, -3.12147, 0.0031232, 0.000693167, 0.00269061, 
30, 486.041, 2.81229, 12.6509, -7.77354, 0.00327775, 0.00117373, -0.00113446, 
31, 70262.9, -1.54684, 3.61612, -0.530088, -0.00144864, -0.00756625, -0.00198981, 
32, 45902.1, -3.63343, 4.14884, 1.69683, -2.2412e-05, -0.00584732, 0.00256525, 
33, 24444.7, 2.9302, 2.04811, -4.15178, 0.00565616, -0.00149572, -0.0019475, 
34, 65679.9, -1.82047, 1.39926, 2.35188, -0.00465317, 0.0063837, 0.00626276, 
35, 3309.29, -11.9559, 0.742801, -0.441398, -0.0058018, -0.00635188, -0.00251776, 
36, 8280.38, -16.2056, 14.2089, -1.74262, -0.00616248, 0.00660455, -0.00335605, 
37, 94538.9, -1.47905, 1.16795, 1.0365, 0.000963255, -0.00463605, 0.00332112, 
38, 30213.7, 13.4801, -7.95059, -9.28246, 0.00957035, -0.00311833, -0.00357927, 
39, 53471.9, -8.70173, -6.38467, -8.23377, -0.000979345, 0.00144461, -0.00363153, 
40, 43100.3, -9.81155, 11.203, -8.35329, -0.00278242, 0.00361798, -0.00418948, 
41, 44746.6, 4.91018, 12.5814, 10.873, 0.00331583, 0.0069567, 0.000253902, 
42, 34053.9, 2.40528, 4.7637, 12.5611, 0.000320548, 0.00437149, 0.00806219, 
43, 54380.2, 0.668522, 1.52443, -3.90356, 0.000377982, -0.00121589, -0.000121702, 
44, 38723.2, 10.4276, -3.7301, -9.15418, 0.00373844, -0.00113771, -0.00569842, 
45, 2321.23, -11.3673, -3.35714, -2.82297, -0.00333269, -0.00627918, -0.000988459, 
46, 241169, -0.231159, 5.81008, -0.381874, 0.0088654, 0.00360995, -0.00217698, 
47, 344827, -0.721309, 2.5896, -5.24568, 0.00243918, -0.00148542, -0.000825009, 
48, 39271.1, 0.449405, 6.65936, 3.14082, 0.0077927, -0.000193291, 0.00236161, 
49, 19687.8, -14.669, 11.7486, -1.56546, -0.00810731, 0.00744611, -0.00371312, 
50, 61216.8, 4.3533, -4.42359, -4.50773, 0.00389774, -0.00553599, 0.00094891, 
51, 19182.2, -12.8259, 14.9067, -7.28581, -0.00576829, 0.00861801, -0.00520672, 
52, 12420.5, -6.1845, 1.07917, 4.45442, 0.000497925, 0.0026023, 0.00350466, 
53, 85447.4, -20.7752, -1.70247, -10.0781, -0.00942201, -0.00108751, -0.00407807, 
54, 361436, 5.81986, -3.56488, -2.98256, -0.00117198, 0.000445472, 0.000226718, 
55, 158926, 5.21913, 3.51711, -13.5591, 0.00347827, 0.00181786, -0.00506137, 
56, 49282.6, -11.6682, 12.8559, -9.50239, -0.00463015, 0.00757139, -0.00697471, 
57, 218355, 0.388123, 3.92653, 1.99142, 0.00596039, -0.00143333, 0.00123788, 
58, 22371.5, 12.9992, -7.09998, -7.02357, 0.00917647, -0.00230936, 0.000809236, 
59, 55919.9, -12.1352, 15.3241, -14.9586, -0.00148417, 0.00391003, -0.00633866, 
60, 21598.8, -8.47523, 10.9192, 2.02649, 0.00129963, -0.00119373, 0.00152431, 
61, 398.952, -3.50662, 1.48984, 4.76959, 0.000237963, -0.00586156, 0.00317928, 
62, 1108.92, -0.233743, -3.29353, 18.0872, 0.000742351, -0.00098592, 0.00709586, 
63, 108555, -1.08111, 10.7158, 0.539462, -0.0056059, -0.000244249, -0.00226764, 
64, 244863, 6.70823, -1.93447, 14.7772, 0.00191399, -0.00192174, 0.00331706, 
65, 220694, -12.1886, 13.3075, -10.7014, -0.00289202, 0.00619424, -0.00546687, 
66, 61700, -4.84549, 19.4335, 10.2116, -0.000316556, 0.00824861, 0.00363841, 
67, 55388.9, -6.46571, 2.64425, 5.00465, -0.0088739, 0.00274485, 0.00694935, 
68, 211156, -1.49662, -0.231982, 2.29661, -0.000725892, -0.00140477, 0.00444008, 
69, 12720.6, -0.977935, -8.60843, 7.65814, -0.00201019, -0.0041648, -0.00053258, 
70, 25096, -10.4966, 2.0461, 2.27691, -0.00203275, -0.00205411, -0.00100125, 
71, 179870, 2.06566, 11.1921, -6.187, 0.00247332, 0.0022977, -0.00146987, 
72, 79123.8, -23.8192, -6.47276, -0.165106, -0.00686006, -0.00206919, -0.000595677, 
73, 110870, 0.21759, 3.31293, 1.0473, -0.00493952, 0.00239008, 0.00226, 
74, 43359.1, 10.6405, 4.93215, 13.4435, 0.00367324, 0.00627454, 0.00275848, 
75, 140124, -8.20707, -1.65844, -2.43871, 0.002823, -0.002987, -0.00010145, 
76, 229268, -9.41431, 13.0371, -13.7001, -0.00141713, 0.00314295, -0.00462554, 
77, 302149, 0.901365, 0.168936, -4.09626, 0.000634828, 0.000765229, 0.00541829, 
78, 100708, -11.8945, -2.49411, -1.64929, -0.00212795, -0.00337509, -0.0023919, 
79, 46633.4, -3.52177, 0.216806, 1.69579, -0.00163023, -0.00180888, 0.000100672, 
80, 143926, -11.7949, 2.00421, 4.54847, -0.000716264, -0.00347428, 0.00138889, 
81, 270.261, -20.3546, 4.24586, 9.96423, -0.00631697, 0.000962018, 0.0025733, 
82, 159650, -4.04568, 4.03691, 0.267256, -0.000771364, 0.00285389, 0.00214049, 
83, 24756, -4.01628, 5.54005, 1.39012, 0.00900202, 0.00240711, -0.000528749, 
84, 18375.3, 9.55544, 1.89118, 1.5198, 0.00280089, -0.00338006, 0.00128463, 
85, 491877, 14.5417, -7.36668, -7.75649, 0.00801142, -0.00223879, -0.00251242, 
86, 194807, 4.6507, 0.554262, -3.37882, -0.000466671, 0.00424129, 0.00121076, 
87, 8649.23, 6.54828, 1.3511, 5.65259, 0.00692853, 0.00220614, 0.00131847, 
88, 138901, 4.45315, -0.540273, 6.43478, 1.3223e-05, -0.00497622, 0.00497119, 
89, 50202.9, -0.509897, 4.59054, 4.0935, 0.00744444, -0.00366098, 0.00554715, 
90, 98321.9, -5.61202, -3.59486, 5.20473, -0.000890676, -0.00246216, 0.00241033, 
91, 384069, -2.85137, 1.94581, 1.66946, 0.00119314, 0.00590286, 0.000377456, 
92, 81279.9, -3.48408, -6.68063, 4.90302, -0.00330044, -0.0058146, -0.0013398, 
93, 91375.2, 0.599723, 0.314992, 0.922293, 5.7211e-05, 0.00118009, -0.00628207, 
94, 5476.7, -7.33944, -3.31194, 1.18042, -0.00326568, -0.00757008, 0.00276431, 
95, 33452.5, -2.76524, 11.2641, 3.18524, 0.00183713, 0.0028445, 0.00188956, 
96, 25752.1, -3.78699, -0.731216, 0.881576, -0.0120361, -0.00436365, -0.00450142, 
97, 200797, 1.44081, 2.65204, 4.39184, 0.00408753, -0.00123178, -0.00525898, 
98, 298981, -1.35059, -3.53039, 4.92333, -0.00175559, -0.00205952, 0.000629088, 
99, 93146, -0.421292, 4.99477, -0.497794, 0.00750707, -0.00026229, 3.05678e-05, 
100, 8612.85, -12.2474, 7.4404, -9.96951, -0.00248909, 0.00176877, -0.00346864, 
101, 24343.5, -1.64361, 11.8864, 7.37383, -0.0014686, 0.00393054, 0.000694396, 
102, 10296.7, -6.76685, 14.5328, -11.6218, 8.19959e-05, 0.00243691, -0.00056938, 
103, 15719.8, -6.60459, -5.63568, 13.006, -0.00165088, -0.000675045, 0.00454183, 
104, 230040, 1.42593, 8.55231, 6.43228, -0.00166834, 0.00282223, -0.00356232, 
105, 17846.1, -10.3269, 1.75535, 4.17682, -0.00138119, -0.00374939, 0.00167923, 
106, 22216.6, -3.86191, 0.42126, 3.04112, -0.000219656, 0.00734556, -0.000575286, 
107, 98486.7, -1.18294, 5.68461, 15.2021, 0.000203262, 0.00387341, 0.00305443, 
108, 214214, -14.7559, -0.260777, -10.8141, -0.00820302, -8.10865e-05, -0.00727915, 
109, 131614, -3.09514, 3.05169, 2.73585, 0.00133993, 0.00431759, 0.00303321, 
110, 160023, -0.848967, -0.427311, 3.15292, 0.000712982, 0.000366148, 0.00329591, 
111, 115735, -3.23552, -1.35135, 4.61677, 0.00192446, -0.00317968, 0.00326254, 
112, 378585, 10.1545, -0.389731, -13.8208, 0.00461597, 0.00194479, -0.00685285, 
113, 83295.8, -16.2964, 0.00148916, -5.09804, -0.00418669, 0.00284485, 0.002198, 
114, 148827, -11.1907, -4.41779, 0.133655, 0.000993818, 0.00110837, -0.000457548, 
115, 285284, -2.38533, -8.02198, 16.0484, -0.00039976, -0.00556182, 0.00789582, 
116, 515864, -2.7268, 1.28158, 3.04109, 0.00615851, -8.5408e-05, -0.00182693, 
117, 88363.5, 6.61652, -0.183447, 12.4971, 0.000754335, -0.00348588, 0.00294445, 
118, 155064, 1.27717, -1.95272, 8.35775, 0.00822336, 0.00293959, 0.00156116, 
119, 18098.3, -6.11325, 4.11464, 1.54267, 0.00274051, 0.00293609, -0.00159892, 
120, 34391.6, 15.4663, -10.4155, -8.50653, 0.00836445, -0.00401167, -0.00075321, 
121, 78154, -6.89618, -3.3194, -1.06025, -0.000182381, -0.00396551, 0.00129827, 
122, 10497, -1.04412, 2.34417, -1.06744, -0.00142359, -0.00140427, -0.00550001, 
123, 59058.1, -4.21421, 11.469, 0.0792592, -0.00135312, 0.00613099, 0.00159244, 
124, 5646.35, 0.437467, 8.25014, 3.13292, 0.00329656, -0.00424185, 0.0031617, 
125, 103346, 2.12314, 0.374387, -2.31181, -0.0029252, 0.00146226, -0.000464364, 
126, 64702.5, -19.5143, 0.0553375, 3.56818, -0.00961233, 5.26018e-05, 0.00382695, 
127, 199056, -2.59064, 3.30665, 3.42007, -0.000806141, -0.00116835, 0.00172536, 
128, 192649, -1.60396, 3.40261, -4.10916, 0.000766195, 0.00240047, 0.00175067, 
129, 1707.71, -1.05128, 3.59111, 5.40564, 0.00279426, -0.00491218, 0.00146641, 
130, 19869.9, -2.02236, 3.24138, 4.98316, -0.000292198, 0.00649538, -0.00321677, 
131, 143979, -8.78333, -2.21389, 7.59452, 0.00330905, 0.0025196, 0.000620975, 
132, 37850.6, -19.223, 11.3044, -6.57694, -0.0114632, 0.00510072, -0.00273082, 
133, 50031.5, 2.22213, -2.34375, -1.95533, -0.000699903, 0.000142188, 0.000405188, 
134, 369068, -17.1027, 0.23498, -5.27795, -0.00405008, 0.000537601, -0.00257172, 
135, 3806.98, 1.30716, -7.17438, 3.98663, -0.000344213, -0.00665428, -0.00232168, 
136, 64591.7, 5.39069, -0.0531062, -8.52317, 0.00305994, -0.00398096, -0.00213778, 
137, 1688.15, -8.53954, 1.86297, -1.25749, -0.00331317, -0.00734855, 0.00325333, 
138, 439943, -5.29878, 2.08448, -0.935472, -0.00224269, -0.00477594, -0.00146341, 
139, 72054.1, -3.99422, 1.41272, 3.8206, 0.00150936, -0.00510962, -0.00247031, 
140, 10511.3, -2.07979, -5.34869, 13.6862, -0.000752128, -0.00424318, 0.00488839, 
141, 28560.6, -6.57832, 0.890787, 1.05568, -0.00314215, 0.00603579, 0.00093775, 
142, 92270.6, -3.41376, -1.5743, -0.008794, -0.00531995, 0.00186386, -0.000624192, 
143, 57507.6, -16.507, 4.86956, 10.0555, -0.00760563, 0.00249802, 0.00471566, 
144, 106955, -9.2334, -2.98013, 13.6561, -0.00057858, -0.000785817, 0.00344456, 
145, 53021.1, -3.49845, -0.184018, -1.04184, 0.00348628, 0.000655095, 0.000591934, 
146, 127593, -5.67932, 1.08219, 2.06381, 0.00442581, -0.00565694, 0.000670441, 
147, 31386.3, -1.52625, 5.86807, 2.05587, 0.00325757, 0.000227733, -0.000283028, 
148, 89613.6, -10.0085, 14.9212, -4.78784, 0.000574111, 0.00129956, -0.00425806, 
149, 251415, 6.83535, -2.19295, 16.6858, 0.00377479, 0.000322136, 0.00419353, 
150, 55890.6, -8.4173, 6.42939, 0.855235, -0.00409326, -0.00576486, -0.000144533, 
151, 174949, 3.005, 5.65998, 4.6367, -0.00305993, 0.00214665, -0.000936187, 
152, 66072.8, 8.25444, -8.22465, 4.92042, 0.00264182, -0.00209701, 0.00298765, 
153, 19075.8, -2.03742, 11.0621, -4.46499, 0.000836264, -0.00124789, -0.00230808, 
154, 47261.5, -8.15702, 4.08665, -5.53586, -0.00215241, -0.00109137, 0.00131403, 
155, 102102, -4.58788, 0.545339, 2.32349, -0.00229673, 0.000121407, -0.00158456, 
156, 5375.03, -7.13102, 0.42753, 1.64722, 0.00433636, 0.000146697, 0.000829381, 
157, 3761.7, 5.56754, 4.39416, -7.97019, 0.00301533, -0.00179983, -0.00185314, 
158, 7652.65, -1.62422, 4.75489, 1.43868, 0.00109173, 0.00605802, 0.00808613, 
159, 47070.1, -1.41564, 3.43294, 4.36795, 0.00167393, -0.00180082, 0.0019952, 
160, 17972.9, 0.165942, 1.24823, -4.78626, -0.00466749, -0.000933694, -0.00237895, 
161, 218629, -0.3351, -10.2468, 6.94991, -0.000202162, -0.00279329, 0.00151842, 
162, 138887, 5.15349, -0.155706, 3.35474, 0.000171942, 0.000818917, 0.001551, 
163, 33277.3, 1.94409, 1.95603, -5.85825, 0.00646371, -0.00431446, -0.00307329, 
164, 167891, 3.90016, 5.53652, 5.55037, -0.000434349, -0.00322525, 0.00152647, 
165, 62570.5, -3.8006, -18.3748, -3.95835, 8.21903e-05, -0.00894205, -0.00232528, 
166, 38130.4, 1.06971, 18.9667, 11.3212, 0.0024032, 0.00742798, 0.00381023, 
167, 22403.8, 1.00076, -5.63736, 18.2742, 0.00172057, -0.00387218, 0.00642055, 
168, 1479.59, 7.04848, 2.83819, -13.6516, 0.00537299, 0.00366361, -0.00745758, 
169, 20399.9, 0.768011, -7.27313, 17.3197, 0.000585897, -0.00645304, 0.00695125, 
170, 115854, -2.22454, 0.757159, 4.43865, 0.00208972, -0.00474504, -0.0051611, 
171, 27762.9, -2.31069, 9.29887, -3.45552, 0.00215866, -0.00279599, 0.00162768, 
172, 250928, -8.67716, -1.82866, 6.54018, 0.000282502, 0.00156162, -0.00105075, 
173, 74469.2, -14.4551, 2.27736, -3.2216, -0.00775738, 0.00661982, -0.00226666, 
174, 143481, -17.6585, 11.406, -6.25241, -0.00859677, 0.00608006, -0.00426062, 
175, 27145.1, -4.28378, 0.40289, 1.44404, -0.00311681, -3.95499e-05, -0.00120196, 
176, 32620.6, -0.00562802, 7.1742, 4.96842, 0.005674, 0.00135301, 0.00502695, 
177, 52575.7, 0.202621, -8.90215, 15.8132, 0.000448277, -0.00627484, 0.0101596, 
178, 19746.4, 0.954581, 5.29078, -1.34846, -0.0032059, -0.00484561, 0.00296161, 
179, 33623.1, -13.6126, -0.900984, -7.07468, -0.0036668, 0.00207192, -0.00143286, 
180, 50349.8, -17.2219, -10.9213, -9.15517, -0.00714171, -0.00502391, -0.00384569, 
181, 89376.8, -13.9729, -2.71656, -6.24881, -0.00126414, 0.00174444, -0.00113353, 
182, 42160.2, 1.51609, -0.268919, 16.0377, -3.58732e-05, -0.000119823, 0.0100394, 
183, 100544, -10.2746, -0.629859, -2.55842, -0.00479642, -0.00682332, -0.001607, 
184, 1446.88, -6.38505, -1.19483, -2.29911, -0.00244576, 7.72546e-05, 0.00201139, 
185, 119694, -4.28324, 0.896129, 2.29414, -0.00405939, 0.00625077, -0.00445311, 
186, 120999, 2.2857, 11.4801, -2.00757, -0.00377779, -0.00094609, -0.0017261, 
187, 52698.3, -5.76438, -1.38145, 1.77977, -0.00136164, 0.00377866, -0.00115272, 
188, 105467, 3.91415, -1.41046, -6.79706, 0.00438444, -0.00360495, -0.00105038, 
189, 99748.4, -1.26867, -12.8031, 8.2671, -0.00128303, -0.0070469, 0.00332149, 
190, 77133, -2.60096, 2.51419, 0.834543, 0.00244416, 4.69236e-05, 0.00194807, 
191, 178804, 3.37781, 9.32396, 6.87167, 0.000130712, 0.00172258, -0.00163694, 
192, 8685.6, -2.69756, 0.953511, -1.84575, -0.00322207, -0.00199962, 0.00506763, 
193, 256954, -2.11251, 9.04532, 4.6971, 0.00385644, 0.00290048, 0.00805478, 
194, 53540.6, 2.10753, -2.96577, -0.625651, 0.00608555, -0.00397451, 0.00313933, 
195, 220652, -0.05636, 3.11473, 4.48123, -0.000764368, 0.000249882, -0.0063489, 
196, 10258.1, 0.249564, -8.1432, 7.04738, 0.00431514, 0.000796205, 0.00147756, 
197, 6083.3, -6.44607, -7.96802, 12.0116, -0.00426946, -0.00227841, 0.00367147, 
198, 127562, 4.64949, 11.2094, -3.48727, 0.00340541, 0.00361441, -0.00170861, 
199, 34766.2, -14.4438, -0.138819, -2.71966, -0.00150838, 0.000104667, -0.00187771, 
