ID, Mass [kg], pos_0 [m], pos_1 [m], pos_2 [m], vel_0 [m/s], vel_1 [m/s], vel_2 [m/s], 
0, 4982.76, -0.66183, -6.13266, 3.12599, -0.00531438, -0.00205332, -0.00626521, 
1, 84564.5, 14.7224, 13.4266, 12.9212, -0.00257521, -0.00251532, -0.00213842, 
2, 143976, -3.27907, -3.89452, -3.32877, -0.00176153, 0.006292, 0.00521045, 
3, 12096.4, -0.83639, -2.33536, 4.68641, 0.00097841, 0.00959285, -0.00245363, 
4, 108584, -4.08478, 5.04051, -7.6512, 0.00200773, -0.00304763, 0.00360372, 
5, 224267, -2.84149, -2.95696, 0.498199, 0.00456009, 0.00592661, 0.00321419, 
6, 6023.5, 1.00903, -4.10681, -3.32472, 0.00566856, -0.00533164, 0.00311632, 
7, 12734.1, 1.39843, -1.71502, -2.38252, -0.00224598, 0.00696643, 0.00433484, 
8, 29188.7, 1.33124, 1.85915, -1.96908, -0.0027246, 0.000961276, 0.00446283, 
9, 37892.9, -1.91134, -4.12267, -1.48852, 0.0043417, -0.0075699, 1.69798e-06, 
10, 282.759, -9.47765, 10.1442, -13.496, 0.00466387, -0.00404785, 0.00158641, 
11, 75028.9, 5.84139, 9.5012, -5.27101, -0.00657959, -0.0028663, 0.00586187, 
12, 29068.2, -5.21723, -1.70855, -6.58299, 0.00615558, -0.000486782, 0.00719462, 
13, 142762, -0.216599, -0.650492, 4.50262, -0.00114101, -0.0070683, -0.0085938, 
14, 289648, -1.55624, -3.71942, -0.198971, 0.00394861, 0.00583535, 0.00164562, 
15, 17335.1, 1.4505, -4.92379, -7.96369, 0.00492438, 0.00415421, 0.00702033, 
16, 37341.1, -12.4305, 9.77314, 5.29891, 0.00378578, -0.00391303, -0.000777731, 
17, 206687, -1.87396, -5.66351, -2.16997, 0.00522259, 0.00702296, 0.00832765, 
18, 253630, -0.232247, -0.289142, 4.58322, 0.00372, -0.0100522, -0.00490987, 
19, 40480.6, 2.71141, 1.93871, -3.01221, -0.00463291, -0.00884633, 0.0004343, 
20, 176293, -3.44865, -4.74246, 6.9545, 0.0105275, 0.00313139, -0.00861377, 
21, 17357.4, -1.02096, -5.88554, -1.38131, 0.00903854, -0.00330985, -0.00358187, 
22, 241662, 2.03243, 1.82916, -0.999236, -0.00618732, -0.000985983, 0.00180917, 
23, 144304, -2.87052, -2.65527, 4.798, -0.00987376, -5.32707e-05, -0.00867594, 
24, 449735, 1.78992, -4.27598, 4.16475, 0.00308916, 0.00634603, -0.00726537, 
25, 31022.8, 2.29799, 1.28124, -1.0061, -0.00235128, 0.00176977, 0.000747108, 
26, 277840, 1.50835, -2.97102, 4.55064, -0.00230698, -0.0100398, -0.00998914, 
27, 22179, 2.52933, -1.40535, 6.03592, -0.0106485, -0.0028679, -0.00873263, 
28, 7726.87, -7.53646, 2.85359, 8.39553, 0.00142067, -0.00196474, -0.004297, 
29, 88891.4, -2.03154, -5.92278, 3.09926, -0.0108265, -0.000556744, -0.00156122, 
30, 193310, -5.09238, -5.54976, 3.62299, 0.0107602, 0.0051938, -0.00151084, 
31, 53721.6, 0.391425, 10.0152, -8.4348, 0.00273153, -0.00312971, 0.00473402, 
32, 149583, 2.43276, 2.20939, -1.35221, -0.00631529, 1.26184e-05, 0.00174207, 
33, 188997, -1.96236, -5.23532, -3.78888, -0.000646728, 0.0049805, 0.00295395, 
34, 147623, -3.86627, -2.19845, 0.564877, 0.00652618, -0.00498415, 0.00600387, 
35, 35433.4, 1.1936, 5.84327, -3.15402, -0.00762564, -0.0073694, -0.00362743, 
36, 379972, -1.24561, -4.11488, 3.91693, -0.0098642, -0.00639417, -0.00765948, 
37, 174579, -11.3429, 10.8761, -12.7762, 0.00457031, -0.00200904, 0.00333852, 
38, 31779.4, 0.970619, -3.0121, -4.41414, 0.00631023, -0.00467151, 0.00160385, 
39, 17933.7, 4.50401, 0.176824, -2.85238, -0.00892207, 0.00166959, 0.00431221, 
40, 9826.32, 1.42308, -5.0572, 5.30288, -0.00991488, 0.00947016, 0.00308758, 
41, 92983.9, -8.87392, -8.85582, 11.184, 0.00473551, 0.00431861, -0.00429675, 
42, 36951.3, 1.42392, -7.96353, 5.87506, 0.00498909, 0.000584982, -0.00221185, 
43, 6279.37, 4.34045, 1.97331, 0.581735, -0.00759805, -0.00182584, 0.0026188, 
44, 18926.2, -4.33678, -4.39406, 6.14897, -0.00264994, 0.00282912, -0.00189817, 
45, 13388.8, -5.81721, -2.01663, -7.49022, 0.00692431, 0.000658723, 0.00634696, 
46, 57039.7, -0.211435, -5.60057, 3.38494, -0.0013751, -0.00740139, -0.0134366, 
47, 165793, -1.88552, -3.52079, -2.14187, 0.00138982, 0.00780537, 0.00539092, 
48, 95584.4, 3.54969, 4.19579, -4.42222, -0.000838995, -0.0067891, 0.00373687, 
49, 49905.3, -0.281364, -4.71656, 0.428275, 0.0109011, 0.00230659, 0.00704271, 
50, 72486.3, 0.699127, -3.19666, 4.55297, 0.00521351, -0.00378716, -0.00128687, 
51, 332159, -2.76786, -2.25345, 5.54325, -0.00465924, 0.00917097, -0.00351287, 
52, 12900.8, -1.41524, -2.00406, -1.81641, 0.00665486, -0.000928654, 0.00404871, 
53, 159525, 0.593964, 1.33753, -2.82186, -0.00543282, -0.00205171, 0.00240262, 
54, 73837.4, 4.69618, -4.78321, -0.0644336, -0.00119737, 0.00631804, -0.00840012, 
55, 125355, -0.628724, -6.83589, -2.63573, 0.00170929, 0.000185522, 0.00667885, 
56, 28797.6, 3.87496, 3.90197, -3.32749, 0.000111199, -0.0038793, 0.00674045, 
57, 91269.6, 0.280985, 1.22229, 1.31303, 0.00277812, -0.00709908, -0.0014684, 
58, 5483.02, -10.1896, -0.759692, -10.6186, 0.00509175, -0.000225222, 0.00440032, 
59, 142050, -0.748154, -2.92948, -3.83138, 0.00649297, -0.00458238, 0.00673376, 
60, 184526, -1.57096, -3.17744, 5.1436, -0.00642606, 0.0123862, 0.005179, 
61, 58050.4, 0.170398, -3.71817, 4.15855, -0.00534769, 0.00316794, -0.00116061, 
62, 96236, -1.48771, 2.61261, -4.2471, 0.00408281, -0.00292753, 0.00505802, 
63, 23636.2, -7.70867, -1.86875, 5.19425, -0.00309152, 0.00720675, -0.00382098, 
64, 29280.4, 5.22979, 1.97114, 1.64738, -0.00402934, -0.00198562, 0.00438059, 
65, 161524, 0.33155, 4.69213, -4.43268, -0.000648464, -0.00484502, 0.00471711, 
66, 67938.3, 1.67003, -8.42746, 6.39797, 0.00343439, 0.00326315, -0.00373415, 
67, 267084, -0.290803, -2.95392, -0.24561, 0.0105946, 0.00322554, 0.00123365, 
68, 69388.9, -7.91248, 5.5624, -6.39599, -0.00148937, -0.00383204, 0.00407706, 
69, 47165.6, -4.03121, -4.67747, 8.74788, 0.00735106, 0.00241407, -0.00720489, 
70, 201127, 0.320779, -4.06206, 4.59606, -0.00944424, 0.0129868, 0.00472653, 
71, 105689, 0.861693, -8.92627, -8.13343, -0.0068539, 0.00523833, 0.00506613, 
72, 14582, -2.00563, -4.19728, 5.75133, 0.00926769, 0.00108044, -0.0113314, 
73, 76931.6, -0.443698, 5.35468, -5.98657, 0.00656868, -0.0043817, 0.00423316, 
74, 237815, -0.362346, -0.928005, -4.06029, 0.00457507, -0.00187481, 0.00483589, 
75, 105565, -8.48043, 5.56348, 11.4774, 0.00251751, -0.00478268, -0.00477894, 
76, 170875, 3.43732, 1.59322, 3.33522, -0.00860326, -0.00417645, -0.00205193, 
77, 17853.6, -1.9742, -3.47771, 5.48859, -0.00947912, -0.0020608, -0.0109326, 
78, 24497.1, -1.48333, -4.67317, 1.92071, 0.0121978, 0.0050933, 0.00266279, 
79, 101855, 3.12358, 3.28341, -2.36692, 0.00154792, -0.00649473, -0.00432917, 
80, 95013.6, 1.19445, -6.64716, 4.34466, 0.00465516, 0.0048203, -0.00569677, 
81, 141297, -9.80925, 9.81062, -12.3191, 0.00251002, -0.00373746, 0.00188301, 
82, 151080, -0.5091, -4.68847, 4.01257, 0.0107737, 0.0043901, -0.0127969, 
83, 260791, -1.73452, -3.89653, -0.137666, 0.00844048, -0.00279216, 0.00327529, 
84, 100223, -3.38621, -4.97367, 1.99581, -0.00846921, 0.00515084, -0.00906523, 
85, 7966.28, -2.2003, -4.2697, -1.77522, 0.00283724, -0.00800626, 0.010168, 
86, 58175.3, 1.09584, 3.44003, -4.31271, -0.00143032, -0.00338721, 0.00654905, 
87, 628317, -0.677427, -3.50638, 3.43367, 0.00460309, 0.000843489, -0.00400271, 
88, 82285.2, 5.07977, 7.71717, 0.667301, -0.00283889, -0.00721433, -0.00463311, 
89, 161291, -1.11787, -2.32895, -0.552165, 0.00494545, -0.00825917, 0.00671618, 
90, 79687.2, 2.4348, -4.88284, 2.96222, -0.00307495, 0.00280333, 0.00100587, 
91, 310528, 7.4753, 9.4685, -6.91231, -0.00718161, -0.00657944, 0.00326872, 
92, 30795.2, -0.742032, -4.27545, -2.55431, 0.00753797, -0.001582, 0.000723314, 
93, 519908, -2.25143, -3.77579, 3.6973, -0.00139077, 0.00977563, -0.001433, 
94, 101104, -2.98884, -0.378056, 0.0352889, 0.00525653, -0.00604435, 0.00386007, 
95, 23620.3, -1.16853, -5.13731, -2.68331, 0.00668208, 0.00815077, 0.0121441, 
96, 8104.4, 0.367228, 1.62993, 0.284084, 0.00248796, -0.00762742, -0.00153173, 
97, 234265, -2.34168, -1.51527, 2.82348, 0.00641732, 0.00338284, -0.00604294, 
98, 3741.53, 0.0561676, -0.976867, -6.27443, 0.00237972, -0.00834321, 0.00736677, 
99, 5528.05, -2.62684, -8.09214, 0.551282, 0.00877368, 0.00641268, 0.00209948, 
100, 6655.21, -3.59056, -4.037, 4.92525, -0.00204029, 0.0041878, 0.00228421, 
101, 74442.9, 4.26687, 8.62411, -6.14329, -0.00798859, -0.00047598, 0.00194541, 
102, 271819, 4.37688, 1.81327, 8.0496, -0.00462545, -0.00510152, -0.00679706, 
103, 173429, 3.73587, 6.43728, -2.95341, -0.0070634, -0.00372696, 0.00478234, 
104, 132164, 6.65336, -4.84085, 3.91022, 0.00329866, 0.0065108, -0.00522432, 
105, 293403, -0.847746, -2.43638, -3.11858, -0.00474567, -0.000548609, 0.00855409, 
106, 91810.3, -0.114494, -2.80089, -3.10966, -0.00431433, 0.00633675, 0.00531805, 
107, 203740, 0.0350187, -5.01267, -1.41396, 0.00457781, 0.00666157, 0.0132506, 
108, 124900, 4.59502, 4.66163, -2.70741, 0.000442659, -0.00911978, 0.000630366, 
109, 153482, -2.42298, -5.25761, -4.50286, -0.00239865, 0.00760385, 0.00480664, 
110, 95805.7, 0.165767, -5.46272, -5.80522, 0.00399805, 0.00405455, 0.0099994, 
111, 47735.2, -2.2758, -6.21211, -5.23937, 0.00103304, 0.00191594, 0.00442943, 
112, 24494.2, -0.148657, -4.28975, 6.1203, -0.00798537, 0.0121181, -0.0016067, 
113, 39205.1, 5.24211, 1.03531, -4.71934, -0.00459075, -0.000765954, 0.00219768, 
114, 24723, 7.35777, 10.1539, -6.8656, -0.00310671, 0.000182225, 0.00639277, 
115, 15671.3, -8.36742, -11.9407, -11.8556, 0.00342585, 0.00359399, 0.00387486, 
116, 320473, 0.426204, 5.04837, -5.39784, 0.00362508, -0.0031551, 0.00538735, 
117, 54072.2, 1.65828, 4.05655, -4.3335, 0.00544832, -0.00138657, 0.00662183, 
118, 20992.2, -5.43734, -7.45397, -8.21649, 0.00618396, 0.00270469, 0.00601847, 
119, 68943.4, 7.52257, 9.81675, -4.38296, -0.00696365, -0.00612927, -0.00150324, 
120, 176775, -1.57795, -1.65736, -1.10834, 0.00520798, -0.0044899, 0.00428489, 
121, 28501.8, 0.939816, -3.75366, 3.48277, 0.00247923, -0.00514218, -2.85945e-05, 
122, 93263.7, 1.702, -2.51137, 4.21022, -0.00998772, -0.00838571, -0.00423321, 
123, 54631.4, -7.7215, 2.29794, 8.13127, 0.000743041, -0.00378319, -0.00494816, 
124, 28486.7, -0.600695, -6.29984, 4.40143, -0.00722514, -0.00245809, -0.00684063, 
125, 45940.3, -0.919357, -0.0701509, 6.25711, 0.0041006, -0.00964698, -0.00319953, 
126, 58147.3, -0.812628, -1.78339, -1.34214, 0.0119886, 0.00107884, 0.00584444, 
127, 314510, 1.93899, -8.27357, -7.4656, -0.0022906, 0.00513085, 0.00673674, 
128, 66689.7, -0.674616, -3.55365, -0.04143, 0.0111087, 0.00652018, -0.000472743, 
129, 293196, -7.93611, 2.96099, 9.20896, 0.00639098, -0.00265394, -0.00222177, 
130, 58957.4, 1.19442, -5.31325, 3.05354, -0.00567166, -0.00619221, -0.00917709, 
131, 26864.5, -9.25678, 2.56005, 10.188, 0.00505474, -0.00288183, -0.00536633, 
132, 14537.9, -5.6482, -0.755645, 5.37632, 0.00891729, -0.00303804, -0.00181008, 
133, 59690.8, -1.2182, -2.51489, -4.97874, 0.00391748, -0.00413554, 0.0064304, 
134, 71873.2, 6.00978, 1.21691, -3.52268, 0.00175699, -0.00349849, 0.00761652, 
135, 9549.31, -1.87929, -3.69669, -2.68165, -0.00135255, 0.00431158, 0.00384169, 
136, 48774.7, 6.08019, 6.55762, -0.271582, -0.00774637, -0.00418447, -0.00295735, 
137, 177196, 1.23377, 5.82123, -5.85474, -0.00192964, -0.00961113, 0.00602721, 
138, 29597.5, -3.08303, -3.45722, 3.59519, 0.0115392, 0.00740041, -0.000138758, 
139, 32591.9, 0.915594, 4.32793, -5.49385, 0.003227, -0.00476285, 0.0068571, 
140, 153581, 3.11702, 8.22553, -6.93158, -0.000488699, -0.00648203, 0.00571838, 
141, 131949, -5.79364, -3.88669, 4.39308, 0.00250336, 0.00167304, -0.00566815, 
142, 20789.6, 0.0239819, -6.24509, 4.15298, 0.00941969, -0.000480709, -0.0103986, 
143, 36049, -0.302317, 5.30813, -3.76956, -0.00148782, -0.000265037, 0.00465446, 
144, 177733, -0.967735, -5.45099, -1.45576, 0.0047501, 0.000723097, -0.00328785, 
145, 143909, 8.49788, -9.96012, -10.5038, -0.00448437, 0.00248607, 0.00371036, 
146, 76057.7, 0.674564, -3.04327, 4.04831, 0.00813519, 0.00430024, -0.00750038, 
147, 21460.3, 0.943253, -3.075, 4.13116, 0.00619886, -0.0011217, -0.0107684, 
148, 28241, -2.74949, -5.99949, 3.76858, -0.0125665, 0.00047645, -0.00419144, 
149, 77611.6, 2.04643, 1.90817, -3.0747, 0.00605916, -0.0067722, 0.00696574, 
150, 42249.4, -1.20049, -1.54827, 0.351068, 0.00238859, -0.00999777, -0.00115922, 
151, 30574.3, 0.464123, -3.70341, -2.92119, 0.00719197, -0.00338464, 0.00215816, 
152, 45197.8, 5.98986, 6.99355, -1.16783, -0.00820533, -0.00445178, -0.00259873, 
153, 71843.5, -1.75805, -3.29631, -1.29357, 0.0108636, 0.00762655, 0.00560082, 
154, 71612.1, -0.802739, 5.88315, -6.5388, 0.00677, -0.00664712, 0.00817373, 
155, 53086.9, -2.01098, -5.03232, -5.74491, -0.000946345, 0.00607157, 0.00782006, 
156, 50912.6, -0.184673, -4.37536, 0.835441, 0.0104818, 8.67218e-05, 0.0039802, 
157, 422843, 1.28107, -3.34349, 3.00702, -0.00404109, 0.0082409, -0.000527433, 
158, 35700.8, 9.09667, -6.56301, -6.79137, -0.00587853, 0.00170861, 0.00284278, 
159, 46045.4, -2.85067, -4.54719, -0.384927, -0.00234025, 0.0116351, 0.00562498, 
160, 152279, -8.87525, 2.02827, 7.40702, 0.00493721, -0.00468324, -0.00440149, 
161, 142259, -2.50879, -6.10633, 4.77376, 0.010281, -0.000648512, -0.0100731, 
162, 22811, -1.79752, 0.777198, -2.32955, 0.00721076, 0.000403293, 0.00261701, 
163, 44215.6, 3.82869, 4.82204, -3.0415, 0.00246561, -0.00881975, -0.00534773, 
164, 78004.8, 4.37125, -4.10043, 7.20911, 0.00326158, 0.00292649, -0.00830404, 
165, 116840, -6.1649, 4.17809, -6.23925, 0.000382252, -0.00553589, 0.00483277, 
166, 26576.3, 7.93104, 9.40277, -4.18148, -0.00530791, -0.00479554, -0.00110101, 
167, 178987, 2.95527, -3.42965, 2.63341, 0.00762621, 0.00168171, -0.00471547, 
168, 105332, 5.38254, 6.58263, -1.6389, -0.00446031, -0.00798438, -0.00216408, 
169, 17416.3, -3.40575, -4.12458, -0.196302, 0.00155399, -0.00388092, 0.00334948, 
170, 188196, 6.52096, 8.9452, -5.63546, -0.00403374, -0.00170363, 0.00321669, 
171, 154087, -1.88855, -4.46156, 4.32227, 0.00608332, -0.00280809, -0.00397126, 
172, 221417, -0.725824, -7.24661, 3.33999, -0.00199088, -0.000376352, -0.00506289, 
173, 30581.6, 0.898095, -2.52209, 5.19375, -0.00844771, -0.00761081, -0.00897117, 
174, 257561, 3.00724, -4.64066, 4.12561, -0.00327497, 0.00350379, -0.00462437, 
175, 25785, 5.18396, 9.01217, -6.38019, -0.00540369, 0.000553998, 0.0032216, 
176, 48638.1, -0.231825, -9.03945, -6.71963, -0.00193433, 0.00793838, 0.00661823, 
177, 10067.2, 5.58621, -4.3076, 5.2248, 0.00238848, 0.00216151, -0.00805142, 
178, 44588.6, 0.302406, 9.68364, -7.8538, 0.0029471, -0.00303565, 0.00527508, 
179, 92749.3, 4.22248, -2.80237, 4.14294, -0.00125445, 0.000699646, -0.00910948, 
180, 92871.7, 2.81886, -5.57733, 3.85764, -0.0067682, 0.00798252, 0.00493861, 
181, 247270, 2.61723, 6.54726, -4.11019, -0.00347388, -0.00683225, -0.00168169, 
182, 486916, -0.3459, -3.57091, 3.69524, -0.00504063, 0.000490472, -0.00541915, 
183, 368942, 2.98824, 4.2567, -2.69225, -0.00394864, -0.00604932, -0.00166825, 
184, 177502, 0.515131, -6.55266, 7.44634, 0.00487177, 0.000591492, -0.00186094, 
185, 207343, -0.976504, -5.34004, -1.33707, 0.000683585, 0.00600512, 0.00913852, 
186, 187409, 0.955954, -3.73923, 5.82813, -0.00974764, -0.00732581, -0.0081402, 
187, 2227.5, 2.18674, 3.89311, -4.54419, 0.00497548, 0.000550311, 0.00558835, 
188, 123729, -1.44209, -5.67865, -5.88011, -0.00227807, 0.00678663, 0.00748743, 
189, 104967, -0.977039, -7.21349, -2.57012, 0.00269001, 0.00568571, 0.0068734, 
190, 66861.3, -1.41835, -10.7652, -5.48331, -0.00263648, 0.00595744, 0.00688452, 
191, 273746, -3.80173, -2.4903, 5.45421, -0.00781001, 0.00496681, -0.00329246, 
192, 237580, 0.551861, -2.58201, 1.57487, -0.00909639, -0.00043645, 0.00470379, 
193, 172963, 7.15646, 8.99108, -6.676, -0.00170406, -0.0063627, 0.00519667, 
194, 93590.7, 0.189737, -5.39557, 5.09233, -0.00532193, -0.00428317, -0.00930709, 
195, 163125, -0.246434, 4.70668, -5.54217, 0.00267599, -0.0071286, 0.00762438, 
196, 160121, 1.51623, 5.30753, -2.98642, -0.00224824, -0.000378965, 0.00232144, 
197, 122511, 1.74912, 2.387, 1.8146, 0.00180715, -0.00760396, -0.00235435, 
198, 16991.2, 12.1414, -4.61274, -12.2177, -0.0040528, 0.000600496, 0.00359582, 
199, 27557.8, -0.70646, -4.40627, -0.766778, 0.0125777, -0.00538836, 7.16925e-05, 
