ID, Mass [kg], pos_0 [m], pos_1 [m], pos_2 [m], vel_0 [m/s], vel_1 [m/s], vel_2 [m/s], 
0, 4982.76, 2.07202, 1.3772, -3.37242, -0.00225262, -0.00511304, 0.000904388, 
1, 84564.5, 5.8221, 4.7786, 5.72561, -0.00656554, -0.00631117, -0.00486863, 
2, 143976, 3.98869, -2.49309, 4.30342, -0.00260044, -0.000857059, -0.000946422, 
3, 12096.4, -0.0437554, 3.38675, -2.04288, -0.00121389, 0.0039748, 0.00181003, 
4, 108584, 4.16178, -11.7583, 11.4058, 0.000745528, -0.00756246, 0.00780788, 
5, 224267, -5.06781, 0.897208, -2.63944, -0.00355574, 0.00722441, -0.00271268, 
6, 6023.5, -0.341496, 7.15135, 5.79436, 0.0013317, 0.00519392, -0.000266663, 
7, 12734.1, 2.25186, -8.90241, 0.297137, 0.00280294, -0.00395634, -0.0014091, 
8, 29188.7, -0.829645, -4.94598, 2.47456, 0.00132613, 0.00291349, 0.00291274, 
9, 37892.9, -1.15515, 6.80184, 6.44319, -0.00319206, 0.00448014, 0.00184834, 
10, 282.759, 0.74465, -1.04133, 1.362, 0.00486594, -0.00341385, 0.0118074, 
11, 75028.9, -3.72682, -15.6157, 4.79028, -0.00192779, -0.0114036, 0.00607197, 
12, 29068.2, 6.70522, 2.31568, 13.0228, 0.00044775, 0.00306823, 0.00323166, 
13, 142762, 0.282671, -4.10789, -10.1715, -0.00179099, 0.0051325, -0.00314181, 
14, 289648, -4.90702, 0.193366, -3.43348, -0.00555107, 0.00777435, -0.00386421, 
15, 17335.1, -7.37699, 3.11332, 15.8846, -0.00616743, 0.00186563, 0.0076831, 
16, 37341.1, 4.74857, -5.06857, -2.0834, 0.0100396, -0.00666396, -0.00659667, 
17, 206687, -0.267194, 2.3216, 3.77507, -0.00274741, -0.000707869, -0.00588613, 
18, 253630, -1.36708, -3.81238, -10.1905, -0.000282121, 0.00475503, -0.00171499, 
19, 40480.6, 0.908783, -2.39801, 3.85293, 0.00381352, 0.00134218, -0.00365404, 
20, 176293, 4.54799, 7.44491, -16.9094, -0.00050272, 0.00485812, -0.00654683, 
21, 17357.4, -5.11332, 6.04975, 5.74977, -0.00621069, 0.00303099, 0.00317117, 
22, 241662, 1.81004, -3.96365, 3.65194, 0.00143801, 0.00276385, 0.0020645, 
23, 144304, 7.1958, 2.28791, -1.9626, 0.00458231, 0.00568711, 0.00488243, 
24, 449735, 1.53432, 0.938177, -0.630348, 0.00116168, 0.00239062, -0.00239781, 
25, 31022.8, 0.818214, -9.61379, 5.73479, 0.00103883, -0.00260171, 0.00692515, 
26, 277840, -0.228238, 4.96838, -1.82774, 0.00551892, 0.0029313, 0.00586953, 
27, 22179, -6.81265, -5.98084, -15.3228, -0.000245951, 0.00114817, -0.00540967, 
28, 7726.87, 8.8142, -5.55103, -9.11025, 0.00772559, -0.00152844, -0.0093467, 
29, 88891.4, 7.02477, 2.08048, -4.20692, 0.00614685, -0.0020107, -0.000404414, 
30, 193310, 13.4294, 7.47863, -11.9282, 0.00334708, 0.0042102, -0.00625524, 
31, 53721.6, -1.94504, -12.4477, 8.84721, -0.00838368, -0.0106507, 0.00646723, 
32, 149583, 1.88401, -4.29457, 3.961, 0.00257706, 0.00321673, 0.00233285, 
33, 188997, 6.52764, -0.053137, 8.99033, 0.00160076, -0.000788419, 0.000281594, 
34, 147623, 7.88167, 1.91218, -1.12926, -0.00304663, 0.00382418, -0.00352819, 
35, 35433.4, -1.45557, -8.13349, 11.379, 0.000178583, -0.00166181, 0.0109666, 
36, 379972, 4.27372, 4.07807, -1.59796, 0.00290056, 0.00255599, 0.00603424, 
37, 174579, 1.52479, -1.91, 0.856993, 0.00441993, -0.00874199, 0.0103153, 
38, 31779.4, -4.61628, 4.95811, 7.68217, -0.00358288, 0.0065797, 0.00104324, 
39, 17933.7, -1.86858, -8.19575, 3.43605, 0.00559956, -0.00516049, 0.000489773, 
40, 9826.32, -8.8976, 10.255, -11.0302, -6.07801e-05, 0.00311477, -0.00703632, 
41, 92983.9, 5.56721, 3.85073, -10.6689, 0.00290362, 0.0039955, -0.0112399, 
42, 36951.3, -7.33537, 6.02861, -9.89423, -0.00550445, 0.00252642, -0.00653372, 
43, 6279.37, -1.92586, -7.17968, -3.25516, 0.00372511, 0.00088026, -0.00117965, 
44, 18926.2, 7.97182, 0.635611, -8.09401, 0.00295976, -0.000463101, -0.0018921, 
45, 13388.8, 5.36668, 1.11478, 14.9146, 0.000142907, 0.00214635, 0.00585067, 
46, 57039.7, 0.23121, 3.97927, 2.08529, 0.00231598, 0.00052658, 0.006978, 
47, 165793, 0.293096, -3.37211, 0.744717, -0.00324059, -0.000461869, -0.00426819, 
48, 95584.4, -1.02858, -7.87664, 4.57008, 0.00211028, -0.00208773, 0.00235733, 
49, 49905.3, -1.57426, 0.980039, -5.25265, 0.00155244, 0.00280586, -0.0030225, 
50, 72486.3, -0.723607, 0.896087, -0.618075, 0.00340919, -0.00607038, -0.00230329, 
51, 332159, 5.69344, -3.09072, -5.4792, 0.00451736, 0.000222372, -0.000202092, 
52, 12900.8, -0.979881, 1.91749, -0.499023, -0.00222766, 0.00110081, -0.0083848, 
53, 159525, 2.13615, -4.22001, 2.00562, -0.00197614, 0.00152499, -0.000392908, 
54, 73837.4, -3.20974, -1.20823, 3.21674, 0.00340841, -0.00437429, 0.00184277, 
55, 125355, 2.76463, 7.39376, 4.66696, -0.000239186, 0.000622229, -0.000643817, 
56, 28797.6, -4.47204, -8.0762, 3.03381, 0.000373609, -0.00094113, 0.00412653, 
57, 91269.6, -2.77865, 2.86057, -0.143659, -0.0023243, 0.0081943, -0.00521708, 
58, 5483.02, 7.84224, -0.543486, 10.5904, 0.00622331, 0.00158195, 0.0109515, 
59, 142050, 0.440383, 4.68796, 4.74473, -0.000664418, 0.00316607, -0.00506299, 
60, 184526, -4.61104, 6.83025, -5.57512, 0.00238842, -0.0017412, -0.00686906, 
61, 58050.4, -3.0007, 0.535704, -3.27701, -0.00692584, -0.00562332, -0.00292549, 
62, 96236, -6.85958, -10.7619, 7.27453, -0.00417149, -0.00539048, 0.00398343, 
63, 23636.2, 3.73379, 2.63539, -4.5929, 0.00825687, -0.00691734, -0.00178612, 
64, 29280.4, -2.52287, -4.66567, -5.12511, 0.00224066, 0.00255148, -0.00335752, 
65, 161524, -5.93, -10.068, 5.94548, -0.00527651, -0.00398101, -0.000913737, 
66, 67938.3, -6.44757, 5.99701, -8.74852, -0.00505472, 0.000656077, -0.0028147, 
67, 267084, -2.55738, -0.320809, -3.01805, 0.000259381, 0.00663871, -0.0059959, 
68, 69388.9, 5.6049, -7.52511, 5.11691, 0.0108995, -0.00483653, 0.00317594, 
69, 47165.6, 5.04735, 7.79592, -18.5621, 0.00129723, 0.00449156, -0.00862498, 
70, 201127, -8.47429, 8.87615, -5.95911, 0.00104801, 0.00101391, -0.0056152, 
71, 105689, 4.08252, 8.04831, 11.7864, 0.00732316, 0.00512824, 0.00647795, 
72, 14582, -3.37153, 1.53992, -1.16286, -0.00667192, -0.007694, 0.0027232, 
73, 76931.6, -5.78157, -9.64098, 5.44718, -0.00424656, -0.001825, 0.000834864, 
74, 237815, 0.701415, 2.86537, 7.39429, -0.000609372, 0.00593535, -0.00338957, 
75, 105565, 8.58609, -7.12038, -9.69432, 0.0101681, -0.00202442, -0.0115797, 
76, 170875, -4.42811, -7.9905, -8.3897, 0.00149592, 0.000726593, -0.00386735, 
77, 17853.6, 3.20395, 1.52137, -2.44682, 0.00287888, 0.00803374, 0.00934967, 
78, 24497.1, -6.15692, 0.258096, -5.68492, -0.00323848, 0.00220202, -0.00234758, 
79, 101855, -4.68915, -5.63706, 10.5263, -0.00078597, -0.00425163, 0.00694126, 
80, 95013.6, 0.370103, 0.132609, -0.626887, 0.00476501, 0.00206869, 0.00136023, 
81, 141297, 0.104047, -0.506468, -0.0991089, 0.00637325, -0.00640176, 0.0112304, 
82, 151080, -2.7147, -1.20943, -1.18313, 0.00275542, -0.000106947, -0.00267584, 
83, 260791, -2.38397, 0.828059, -4.86481, 0.0031085, -0.0025386, -0.0049646, 
84, 100223, 4.73801, -0.47048, 0.73419, 0.00351607, -0.00408693, 0.00371844, 
85, 7966.28, 3.68383, 5.357, 5.93721, -0.00363807, 0.00536673, -0.00318921, 
86, 58175.3, -5.11081, -9.1463, 8.1637, -0.00740012, -0.00373687, 0.00630169, 
87, 628317, -2.15905, 0.441262, -2.84197, -0.00162584, -0.00158844, -0.000566378, 
88, 82285.2, -10.4851, -14.6444, 3.47693, -0.0053762, -0.00686079, 0.00661729, 
89, 161291, -1.28612, 4.51711, -0.778775, -0.00450759, 0.00407035, -0.00774457, 
90, 79687.2, 4.19891, 0.633168, -1.90807, 0.0049452, 0.00358429, 0.00335795, 
91, 310528, -3.80235, -15.7206, 8.92706, -5.7038e-05, -0.0086668, 0.00689656, 
92, 30795.2, -0.634997, 6.10703, 7.9631, -0.000180278, 0.00122784, 0.0010982, 
93, 519908, -2.3223, 2.12294, -2.41074, -0.00476034, 0.00492105, 0.00635544, 
94, 101104, 9.9111, -2.64587, 3.84657, 0.000428657, 0.00350065, -0.00103978, 
95, 23620.3, 0.756899, 3.69709, 5.22229, -0.000922798, 0.000100264, -0.00733813, 
96, 8104.4, -1.67221, 0.9199, 1.48143, -0.00117458, 0.0062929, -0.00524419, 
97, 234265, -4.29303, 1.62557, 0.349835, -0.00383995, 0.00360689, -0.00422789, 
98, 3741.53, 0.803872, 0.0488289, 16.572, -0.000294929, 0.00504053, 0.00555105, 
99, 5528.05, 2.07123, 12.2294, -1.87087, -0.00222222, 0.00338882, -0.00276163, 
100, 6655.21, 2.47413, -2.37374, -9.57056, -0.00130429, -0.00223337, -0.00245518, 
101, 74442.9, -2.72501, -9.0759, 3.94989, 0.00370528, -0.0108854, 0.00538806, 
102, 271819, -9.21394, -0.668058, -15.3403, -0.00406657, 0.00346853, -0.00695379, 
103, 173429, 0.476463, -12.5232, 5.07377, 0.00120682, -0.00258279, 0.00483922, 
104, 132164, -9.53873, 0.264749, -3.03012, -0.00697733, -0.00290724, 0.00115398, 
105, 293403, 6.36919, 2.70333, 4.65549, 0.00229728, 0.00335627, -0.00349987, 
106, 91810.3, 6.74325, -2.70579, 1.6144, 0.00252253, -7.20254e-05, -0.00377916, 
107, 203740, 1.67413, 2.47671, 2.69841, 0.000835711, -0.00225319, -0.00567191, 
108, 124900, -5.1173, -3.30943, 7.40458, 0.00126159, -0.000150128, 0.00297336, 
109, 153482, 4.74722, 0.455521, 7.62655, -0.000315184, 0.00135424, -5.85413e-05, 
110, 95805.7, -0.265244, 6.79503, 9.84161, -5.79757e-05, 0.00312497, -0.00130485, 
111, 47735.2, 4.58635, 6.21352, 11.9441, 0.000511966, 0.00218345, 0.00438682, 
112, 24494.2, -3.60114, 3.50112, -11.1036, 0.00255209, -0.00259714, -0.00459161, 
113, 39205.1, -1.27252, -11.5904, 6.61733, 0.00337197, -0.00833031, 0.00371169, 
114, 24723, -5.51806, -10.8409, 5.58097, -0.00473905, -0.0153635, 0.003309, 
115, 15671.3, 3.13094, 5.10295, 4.35261, 0.0040528, 0.0114276, 0.0085812, 
116, 320473, -5.56233, -8.97307, 6.68153, -0.00567012, -0.00488683, 0.00202919, 
117, 54072.2, -6.85636, -12.3263, 6.73744, -0.00361473, -0.00449759, 0.00384296, 
118, 20992.2, 4.14052, 8.88106, 17.0779, 0.000255218, 0.00726893, 0.0102563, 
119, 68943.4, -5.96658, -12.6118, 7.7079, -0.00034, -0.0086733, 0.0112668, 
120, 176775, -1.19111, 3.7687, 0.191333, -0.00462237, 0.00521474, -0.00812911, 
121, 28501.8, -1.46029, -0.766367, -1.08768, -0.00257019, -0.00211401, -0.000674994, 
122, 93263.7, -4.94344, 0.905805, -13.8486, 0.00316105, 0.00531766, -0.00569582, 
123, 54631.4, 11.3863, -3.19955, -8.95856, 0.00919409, 0.00134412, -0.00693584, 
124, 28486.7, 1.58066, 1.2499, 0.94894, -0.00125409, -0.00447007, 0.00337582, 
125, 45940.3, -0.473205, -6.32128, -18.3215, -0.00174524, 0.00173504, -0.00848049, 
126, 58147.3, -3.52621, 0.691445, -3.85603, 0.0030854, 0.00611426, -0.00637334, 
127, 314510, 0.0882462, 10.9511, 13.3451, 0.00194938, 0.00623943, 0.00646037, 
128, 66689.7, -6.96455, -5.02564, -0.00751952, -0.00339723, -0.00178786, -0.00239305, 
129, 293196, 7.92125, -6.58103, -10.8157, 0.00370505, -0.00230183, -0.0100933, 
130, 58957.4, 4.60361, 2.80322, -1.76164, 0.00381417, -0.00267461, -0.00187202, 
131, 26864.5, 11.1734, -6.00914, -11.492, 0.00615737, -0.00235661, -0.0087905, 
132, 14537.9, 11.2665, 0.820458, -14.596, 0.00271855, 0.00297698, -0.00773566, 
133, 59690.8, 0.987375, 6.39171, 8.10752, -0.0020472, 0.00574612, -0.00310345, 
134, 71873.2, -8.47728, -6.58203, 0.910199, -0.00356263, -0.002787, -0.00384833, 
135, 9549.31, 3.29736, -0.932086, 3.21809, -0.00211682, -0.000714196, -0.00233709, 
136, 48774.7, -6.52579, -16.5813, 2.95046, -0.000976677, -0.00854603, 0.00588151, 
137, 177196, -2.0664, -7.93037, 6.95567, -0.00482358, -0.000587446, 0.000254113, 
138, 29597.5, -3.7916, 1.38933, -1.40544, -0.00188362, 0.00589209, 0.00662212, 
139, 32591.9, -6.01344, -8.44427, 8.02626, -0.00664865, -0.00263072, 0.00341746, 
140, 153581, -4.86864, -13.267, 8.75605, -0.00387157, -0.00465187, 0.00245753, 
141, 131949, 5.89426, 4.59302, -3.02052, -0.00316208, 0.000953228, -0.000134808, 
142, 20789.6, -5.58258, 4.59161, 1.23382, -0.0034326, -0.00300791, 0.00234727, 
143, 36049, -4.58842, -13.157, 7.25314, -0.00755248, -0.00445974, 0.0063088, 
144, 177733, 0.184872, 2.83248, 7.2934, 0.00243527, -0.000607738, 0.00134066, 
145, 143909, -4.93431, 4.58877, 5.94254, -0.00335906, 0.00930102, 0.00798118, 
146, 76057.7, 0.711063, 0.659619, -3.24324, 0.0043916, -0.00504623, -0.000890412, 
147, 21460.3, -0.125727, 0.0628679, -3.34149, -0.000318972, -0.00289822, 0.000587024, 
148, 28241, 0.340378, 4.60559, -5.08584, 0.00998098, 0.00125903, 0.000873725, 
149, 77611.6, -4.71653, -5.71762, 1.88877, -0.00120493, -0.000868367, -0.0045444, 
150, 42249.4, -0.625123, 2.90861, 2.35599, -0.00321758, 0.008891, -0.00249891, 
151, 30574.3, -1.2184, 7.7378, 6.34353, 0.000180281, 0.00352835, 0.000448987, 
152, 45197.8, -4.47425, -15.5016, 6.26726, 0.000779688, -0.00607237, 0.00766365, 
153, 71843.5, -4.43798, -2.10184, -0.46481, -0.00575778, 0.00185262, -0.00747956, 
154, 71612.1, -6.40784, -10.2754, 7.10253, -0.00635274, -0.00184754, -0.00313386, 
155, 53086.9, 6.77364, 2.34146, 8.81445, 0.00298902, -0.00134374, 2.22248e-05, 
156, 50912.6, -1.35303, 1.18453, -4.77177, 0.00163993, 0.00259235, 0.00217107, 
157, 422843, 1.9321, 1.44149, -2.62182, -0.00120419, 0.00375551, 0.00381229, 
158, 35700.8, -9.61505, 6.59657, 8.67803, -0.0057424, 0.00689304, 0.00697744, 
159, 46045.4, 4.01863, -3.19665, 4.71869, -0.00168901, -0.00425102, -0.00273356, 
160, 152279, 10.3458, -3.01151, -9.64181, 0.00490218, 0.000493423, -0.00608471, 
161, 142259, -2.25814, 10.1901, -2.83605, -0.0049559, 0.00209568, 0.00135109, 
162, 22811, -7.19104, -10.2446, 5.81544, -0.00449862, -0.00769219, 0.00393857, 
163, 44215.6, -6.31171, -6.9191, 9.26761, -0.00299495, -0.00150693, 0.0101045, 
164, 78004.8, -10.9057, 3.31128, -2.13658, -0.00423232, 0.00171217, 0.00210892, 
165, 116840, 9.75825, -7.8154, 8.60345, 0.00670862, -0.00232489, 0.0052918, 
166, 26576.3, -7.0494, -12.5886, 6.31753, -0.00027616, -0.0107358, 0.0109288, 
167, 178987, -6.86112, 3.34508, -5.28017, 4.27429e-05, 0.00112146, -0.00170443, 
168, 105332, -4.04816, -10.4635, 8.80495, 0.00377967, -0.00322342, 0.00489142, 
169, 17416.3, 3.97477, 7.50659, 0.0716906, -0.00311429, 0.00371268, -0.00274894, 
170, 188196, -5.87525, -13.0055, 5.46444, -0.00430941, -0.0115102, 0.00824318, 
171, 154087, -2.17099, -0.567082, -1.664, 0.00065853, 0.000292174, -0.00178548, 
172, 221417, 2.91628, 3.76281, -2.98939, -0.000791439, -0.00517341, 0.000597532, 
173, 30581.6, -2.1549, 3.17526, -8.02477, 0.0029335, 0.00718066, 0.0013449, 
174, 257561, 3.8209, 1.79733, -2.74363, 0.00134146, 0.000148982, -0.00107005, 
175, 25785, -2.36412, -10.8006, 3.06933, -0.000383849, -0.0123981, 0.00359247, 
176, 48638.1, 5.67597, 7.3105, 13.4132, 0.00354964, 0.0020368, 0.00545341, 
177, 10067.2, -11.14, 3.47001, 1.12799, -0.00508596, 0.00139793, 0.00291951, 
178, 44588.6, -2.32511, -12.0071, 8.12713, -0.00845889, -0.0107196, 0.00749135, 
179, 92749.3, 2.56204, 1.22672, -3.23566, 0.00413424, -0.00246089, -0.00442651, 
180, 92871.7, -4.69515, 4.20901, -12.5633, 0.00240753, -0.000209786, -0.00618815, 
181, 247270, -0.862928, -8.2103, 7.65831, 0.000928233, -0.00534983, -5.21696e-05, 
182, 486916, -3.5092, 1.46973, -2.16298, -0.000704494, -0.00263194, -0.000267763, 
183, 368942, -1.24561, -9.96286, 9.09675, -0.00016392, -0.00510481, 0.003744, 
184, 177502, -8.21941, 7.54359, -7.67052, -0.0078606, 0.00396032, -0.00313101, 
185, 207343, 0.630697, 0.930551, 2.65613, -0.00382559, -0.00106454, -0.00388281, 
186, 187409, -3.84185, 1.03453, -11.7564, 0.0016746, 0.0038238, -0.00165204, 
187, 2227.5, -6.65148, -14.4114, 6.52132, -0.00472697, -0.00845577, 0.00360832, 
188, 123729, 7.68489, 1.83905, 9.2287, 0.00296883, -0.000826794, -0.00133552, 
189, 104967, 1.22914, 3.09043, 6.85676, -0.00326679, -0.0033001, -0.00178579, 
190, 66861.3, 6.93273, 13.5189, 8.66088, 0.00647237, 0.00807549, 0.00405879, 
191, 273746, 6.71206, -3.56575, -5.14533, 0.00290798, -0.00395718, -0.000686035, 
192, 237580, 3.175, 2.53057, -5.36374, 0.00190235, 0.00558001, -0.00419792, 
193, 172963, -7.30743, -14.6918, 5.24868, -0.00276357, -0.0112651, 0.00549216, 
194, 93590.7, 1.54453, 1.78153, 1.92585, 0.000989182, -0.00372931, 0.00431594, 
195, 163125, -5.58836, -10.1079, 7.29058, -0.00460086, -0.00603127, 0.00397038, 
196, 160121, -4.54009, -9.66232, 9.97349, -0.00528027, -0.00167274, 0.00663681, 
197, 122511, -4.6294, -3.13331, 1.66271, 0.000296259, 0.00596137, 0.00239005, 
198, 16991.2, -5.37759, 1.74055, 2.49743, -0.0105382, 0.00775349, 0.00651664, 
199, 27557.8, -3.35745, 4.72779, 5.54897, -0.00610617, 0.00519649, 0.000863783, 
