ID, Mass [kg], pos_0 [m], pos_1 [m], pos_2 [m], vel_0 [m/s], vel_1 [m/s], vel_2 [m/s], 
0, 10438.7, 14.1789, -4.46056, -5.88931, -0.00171412, 0.000163796, 8.0256e-05, 
1, 6654.64, -4.28114, 14.798, 16.8859, 0.000813765, -0.000950419, -0.00124628, 
2, 188574, -10.0341, 11.0013, 2.25135, 0.00086679, -0.000370757, -0.000690144, 
3, 37.6105, 14.4967, 1.74814, 10.9989, -0.0024699, 0.000766816, -7.52341e-05, 
4, 156575, -14.34, 9.27429, -11.0277, 0.00148517, -0.00063327, -8.55044e-05, 
5, 68600.3, -17.6387, -19.1316, -3.03115, 0.000931077, 0.00101408, 0.000121694, 
6, 25394.3, -10.9543, 16.1262, -11.3068, 0.00134358, -0.00189092, 8.25471e-05, 
7, 79727.6, -18.1074, -3.63708, 8.12511, 0.0012375, 0.000916588, -0.00033331, 
8, 20636.5, -14.5415, 1.22809, -6.15898, 0.000475897, -0.000779207, 0.00185651, 
9, 1631.49, 8.6887, -17.6115, 11.8042, -0.000462346, 0.00114517, -0.000780669, 
10, 92118.6, -5.34103, 9.13011, -8.99978, 4.85028e-05, 0.000432455, -0.00108816, 
11, 22412.4, 6.3605, -6.55003, -18.1452, 0.000164895, 0.0013484, 0.0014476, 
12, 147192, 1.18301, 2.75816, -4.14682, -5.14852e-05, 0.000375248, 0.00017065, 
13, 68437, -6.48892, -17.2552, 13.5871, -0.00058056, 0.00200859, -0.000587825, 
14, 48261.5, -17.9188, -14.2409, -8.97269, 0.00116705, 0.000818924, 0.000286032, 
15, 4115.53, -9.66219, 13.3549, -15.056, 0.00154813, -0.0018422, 0.000290774, 
16, 187519, -7.65675, -13.2522, 7.63391, 0.000127039, 0.000762645, -0.000145426, 
17, 41299.2, -13.0821, -6.33268, 11.2222, 0.000421826, -0.000172268, -0.00100978, 
18, 31312.4, 14.2801, 1.46239, -16.8408, -0.00187578, -0.000293905, 0.00075263, 
19, 20522.5, 12.6159, -12.2983, -0.0776414, -0.00136941, 0.000829509, -0.000161287, 
20, 107552, -14.5452, 1.25966, -6.30663, 0.000312282, -3.59822e-05, -0.000849714, 
21, 71003.2, -1.39981, 6.11253, -2.92708, 0.000434644, -0.000543556, -0.000446805, 
22, 113893, -16.5, 18.2121, 14.2709, 0.00042474, -0.0012387, -0.000562079, 
23, 377662, 9.19307, 5.65434, 12.2196, 0.00322934, 0.00131783, -0.00241908, 
24, 33818.9, -4.74757, -9.32128, -17.3291, -0.000713872, 0.00147402, 0.000255271, 
25, 72081.8, -16.8781, -17.4093, 4.32496, 0.00105665, 0.00111434, -2.6918e-05, 
26, 42615.9, 0.902447, -7.57134, -1.28929, -0.000298013, 0.000435072, -6.9242e-05, 
27, 73029.4, 0.377793, -6.47358, 4.34336, 5.39972e-05, 0.000460149, -0.000382842, 
28, 278349, -4.57554, 12.5496, -12.7147, 0.00349675, -0.0029763, -0.00119946, 
29, 119212, -10.5171, 12.4241, -17.1513, 0.00112772, -0.00163327, 0.00130334, 
30, 4323.1, 5.88281, -2.2713, -8.57704, -0.000428318, 3.15457e-06, 0.000262964, 
31, 250092, 15.5996, -14.8716, 17.6788, -0.000646284, 0.000687571, -0.000732225, 
32, 2919.37, -1.43697, 5.00448, 16.7641, 0.00102443, 4.07252e-05, -0.00143046, 
33, 15081.1, -6.47483, -6.99679, 5.46577, 0.000372248, -5.82867e-06, -0.000297341, 
34, 72653.2, 9.40674, 4.92691, 12.412, 0.0022822, -0.00260963, 0.000791473, 
35, 227948, 9.27797, -13.3655, -16.3502, -0.000704292, 0.00124769, 0.00100749, 
36, 54512.8, -4.15961, 0.973265, -7.93935, 0.000303336, 0.000500136, -6.59664e-05, 
37, 132334, 16.4254, 17.8891, -15.8691, -0.000788611, -0.00112547, 0.000934863, 
38, 124410, -15.4735, -12.8722, 11.4711, 0.00171354, 0.000559008, -0.00151129, 
39, 233658, -14.2027, -15.1235, 13.452, 0.000757273, 0.00134614, -0.00129442, 
40, 294451, -15.2854, 3.11599, -17.4996, 0.00110929, 0.00143992, 0.00146517, 
41, 18072.9, 3.18191, 2.88539, 8.50118, 0.00116648, 0.000274151, -5.4556e-06, 
42, 168697, -10.4642, 6.27119, -15.3719, 0.00116451, -0.000131623, -0.000246556, 
43, 58869.8, -14.4188, 8.8558, 16.9147, 0.000735142, -0.000641407, -0.00090825, 
44, 457733, 8.74141, 7.40436, 16.9711, -0.000977301, 1.75488e-05, -0.0025631, 
45, 2111.71, 6.17986, -18.5424, 13.2623, -0.000363589, 0.00113319, -0.0007511, 
46, 30392.2, 7.15388, 0.506344, -13.5161, -0.00124772, 0.000303015, 0.000805955, 
47, 2286.25, -2.32095, -10.0536, -7.62345, -4.2458e-05, 0.00022714, 0.000146948, 
48, 75203.2, -17.6432, -4.94309, -3.90619, -0.000360571, 0.000235864, 4.17135e-05, 
49, 166748, -1.93879, 17.8667, 4.25665, 0.000199763, -0.00137097, -0.00012414, 
50, 18376.9, 18.8073, 17.9703, -1.35233, -0.000983531, -0.0011185, -0.000438724, 
51, 8818.69, 16.7885, -14.2107, 3.85391, -0.0011277, 0.000747907, -0.000149994, 
52, 46667.2, 6.5163, -12.4896, -0.560563, -0.000632534, 0.000586073, -0.000136403, 
53, 81946, 6.65576, 5.2773, 8.58697, 0.000907514, -0.000577669, 0.0010763, 
54, 258170, -7.61925, -12.473, 12.5075, 1.27071e-05, 0.00022865, -0.00108201, 
55, 14387.8, -4.35376, -15.4949, -8.11075, -0.000627343, -0.00186378, -0.00218041, 
56, 72595.4, -13.0399, -8.01574, -15.1758, 0.00107747, 0.000622274, 0.00120393, 
57, 127861, 0.71082, 8.99545, 13.7141, 0.00138792, -0.000431755, -0.00110633, 
58, 99632, 13.4124, 11.9104, -13.2285, -0.000353196, -0.000523204, 0.000919234, 
59, 42252.2, 15.6167, 14.763, 11.0524, -0.00110508, -0.00120047, -0.000488652, 
60, 87983.4, 8.16109, -8.12213, -0.667625, -0.000906886, 0.000566907, -0.000425339, 
61, 196363, -1.56966, 7.97123, -14.8695, -0.00239487, 7.78487e-05, 0.00164562, 
62, 53625.6, -4.39119, 8.70654, -9.234, 0.00108345, -8.85832e-05, -0.00138426, 
63, 36442.2, 12.2915, -2.41789, 5.36094, -0.00134472, 0.000748298, 0.000144004, 
64, 325076, 8.98647, 15.8513, -2.48625, -0.000456945, -0.00118395, -0.000117905, 
65, 80050.7, -12.9468, 8.92397, -18.5466, 0.0035492, -0.00199688, 0.00202409, 
66, 111018, -18.3084, 6.71841, -5.09337, 0.001501, -0.000602803, -0.000395435, 
67, 165997, -5.68774, -15.1287, 2.50931, 5.59116e-05, 0.0012147, -7.32137e-05, 
68, 55805.8, -5.85454, -15.3387, -8.95579, 0.00157639, -0.000506427, 0.000253189, 
69, 31234.3, -9.79499, 11.6642, 1.54586, 0.00022531, -0.00243677, 0.00102122, 
70, 186090, 3.58267, 4.47635, -0.614138, -0.000796385, -0.000311384, -0.000147819, 
71, 28094, 4.74848, 2.8646, 4.33333, 0.000475746, 0.000490384, 0.000366809, 
72, 957885, 18.9842, 12.6443, -9.09036, -0.0011891, -0.000441909, 0.000158294, 
73, 4474.79, -14.9841, -16.4061, -0.323339, 0.000999391, 0.000874179, 0.00014963, 
74, 10808.5, 13.0126, -0.633962, -1.31191, -0.00133, 0.000239838, 6.37619e-05, 
75, 1477.59, -13.2975, 0.518536, -8.79165, 0.000261283, 0.000335757, 0.000536168, 
76, 46803.5, -17.9672, -1.42131, -8.6034, -0.000460055, 0.00134034, -0.000327151, 
77, 163629, -6.09201, 17.1734, -16.5652, 0.000500668, -0.00220572, 0.00133899, 
78, 91417.6, -17.8582, 8.46098, 16.1719, 0.00148178, -0.000137698, -0.000918902, 
79, 969.187, 2.63312, 7.07445, 6.28329, 0.000425169, -0.000825441, 0.000573185, 
80, 26478.7, 8.72245, 7.97307, 16.8602, 0.00192765, -0.0016464, -0.00382442, 
81, 117213, -12.1622, 8.07255, 18.5044, 0.000257001, -0.00029059, -0.00138141, 
82, 437308, 5.52877, -2.0202, 12.054, -7.44192e-05, 0.00117429, -0.000455175, 
83, 17332.5, -13.7315, 5.53407, 18.0756, 0.00089502, 0.000595889, -0.00114949, 
84, 24899.3, -4.32634, -13.7763, -8.09141, -0.000336471, 0.00218774, -0.000299703, 
85, 98799.6, -9.16717, -16.6486, -13.7366, 0.00120932, 0.00143271, 0.00283989, 
86, 140967, -2.081, 15.348, 10.9806, 0.000462794, -0.00132819, -0.000464054, 
87, 3055.51, -1.08788, 4.56985, 5.51792, 0.00080919, -0.000103321, -0.000349657, 
88, 131508, -4.66765, -9.26701, -17.3915, 0.00101726, 0.000108176, 0.00263828, 
89, 72894.3, -6.11345, -15.1375, -9.0668, 0.0013765, 0.00229664, 0.00125885, 
90, 57118, -4.45747, -10.1488, -17.0497, 0.000129196, 0.00315293, 0.00104709, 
91, 2617.69, -5.75272, -3.57579, -17.8944, 0.000293405, 0.000346923, 0.00145824, 
92, 9206.39, -2.91999, 12.095, 13.3156, 0.00126715, -0.000913639, -0.00150572, 
93, 216586, 8.09821, 18.588, -18.3969, -0.00052872, -0.00121604, 0.000903272, 
94, 58892.3, 11.314, -6.39537, -5.05743, -0.00180249, 0.000441379, -0.000257848, 
95, 81944.5, 1.33338, 14.2365, -17.8838, -0.000545644, -0.00175606, 0.00182024, 
96, 11783.7, -11.7725, -1.51571, -11.8598, 0.000637786, 0.000544235, 0.000438416, 
97, 99126, -17.3069, 0.918712, -6.99004, 0.00183514, -0.000616511, -0.000256299, 
98, 151994, -17.441, -1.57201, -8.38446, 0.00219072, 0.000470743, 0.00091413, 
99, 87258.7, -8.75956, -6.36559, -7.38163, 0.000535876, 0.000493258, -0.000119752, 
100, 48596.7, 1.21572, -15.1941, 14.4957, -0.000351748, 0.00102311, -0.000945659, 
101, 44096.9, -10.7819, 14.2089, -7.30955, 0.00159218, -0.00151824, -0.000673544, 
102, 8359.99, 9.62784, 4.67166, -6.60871, -0.00100308, -4.11541e-05, 9.70459e-05, 
103, 70351.6, 2.99752, 16.0722, 16.9656, -0.000248917, -0.000958951, 0.000640491, 
104, 45294.6, 15.9464, -15.7123, 12.6216, -0.00080074, 0.000857652, -3.52692e-05, 
105, 19504.5, 11.4987, 13.4389, 11.553, -0.00125993, -0.00149915, -0.000452468, 
106, 54049.2, -15.9635, 8.60562, 14.8768, 0.000670923, -0.000257288, 7.38236e-05, 
107, 165846, -7.38623, 13.1601, -8.25572, 0.000995787, -0.00145204, -0.00120616, 
108, 334000, 8.4013, -3.90274, -18.0615, -0.000546923, 0.000427806, 0.00134853, 
109, 380350, 1.41126, -3.35481, 18.0237, 0.000422431, 0.000633381, -0.00151816, 
110, 169825, 12.3367, -1.06595, -17.2689, -0.00153518, 0.000105656, 0.000928929, 
111, 49417.8, 9.48067, 4.81659, 11.1838, -0.00559399, -0.00417769, -0.00023539, 
112, 22932.1, 6.15933, 4.32024, -11.974, -0.000986947, -8.58863e-05, 0.000158393, 
113, 33159.4, -10.7688, -13.0548, 7.78935, 0.0011189, 0.000783634, 6.72496e-05, 
114, 329915, -17.9952, -2.3798, 8.34302, 0.00107942, -0.000385732, -0.000581145, 
115, 46014.7, -4.7845, 14.6, 9.68358, 0.00122712, -0.000860513, -0.00025841, 
116, 70885.7, -5.46024, -6.64539, -15.0435, 0.000681963, -0.000229911, 0.000611382, 
117, 39878, 1.99328, 7.10905, 7.66312, 0.000861325, -0.00067134, 3.91406e-05, 
118, 7990.99, 2.83119, -7.18614, -2.51152, -0.000416055, 0.000381306, 5.6183e-05, 
119, 45208.6, 8.02943, 9.13121, 2.48288, -0.000659286, -0.000893935, 0.00021775, 
120, 21852.8, -12.2129, -18.521, 14.5415, 0.000384429, 0.00188013, -0.00102063, 
121, 39421.6, 7.77706, 4.77978, 16.4332, 0.00216258, 0.00234108, -0.00180625, 
122, 29750.7, 8.12796, -4.18379, -5.07744, -0.000870645, -0.000541408, -0.000457613, 
123, 92556.9, -15.5075, 3.40144, -17.3698, 0.00381665, -0.00244932, -0.000429372, 
124, 232939, 0.854957, -16.0846, 4.05405, -0.000278394, 0.00122667, -0.000480184, 
125, 64576, 6.79429, -7.94091, -13.2646, -0.000302102, 0.000706207, 0.000479443, 
126, 80969.1, -17.8589, 0.31347, -0.132447, 0.00123077, -0.000190585, -0.000503145, 
127, 69836.7, -8.37161, -14.4093, 1.42299, 0.00115694, 0.000719173, 0.000323656, 
128, 34136.6, -11.8523, -17.0605, 0.96049, 0.000898877, 0.00132412, 8.72711e-05, 
129, 80050.6, 9.63266, -16.6802, 6.94293, -0.000898757, 0.00112966, -0.000460107, 
130, 67728.8, 7.74974, 0.280772, -13.9588, -0.00039181, -0.000102174, 0.000130981, 
131, 150978, -18.2803, 15.012, 14.0064, 0.00104599, -0.00045653, -0.000461754, 
132, 81625.8, -0.444768, 8.90208, 14.2871, 0.000253226, -0.000441357, -0.000641713, 
133, 2593.03, 9.85174, -11.8546, -4.6562, -0.00123161, 0.00115708, 3.41638e-05, 
134, 644361, 9.76809, 5.80933, 11.7602, -0.00360281, -0.000664806, 0.00169822, 
135, 21866.9, -9.64381, 11.9026, 10.4495, 0.000772214, -0.000615829, -0.000608662, 
136, 41691.7, -4.22796, 7.77555, -12.5617, 0.000692563, 0.00108686, -0.000254366, 
137, 91347.5, -7.67361, -16.002, 14.428, 0.000280199, 0.00128452, -0.00163864, 
138, 106353, -17.1115, -4.80614, -3.96357, 0.00232688, 0.00112285, -0.00051853, 
139, 48040.2, -10.739, 5.70167, 15.2652, 0.000431386, 8.40604e-05, -0.000619294, 
140, 37577.6, -0.909908, -7.73704, -0.744043, 0.000539385, 0.000436501, -0.000230657, 
141, 18448.8, 0.988606, 12.8252, -13.3291, -0.00171998, -0.0026822, -0.000708509, 
142, 80498.5, -15.4075, -9.25011, 7.00152, 0.000967392, 8.21079e-05, 0.000336428, 
143, 7666.73, 5.93594, -17.3294, -9.75051, -0.000308339, -0.000343461, -0.0020905, 
144, 13225.3, -7.73321, 0.0454117, -5.59434, 0.000507798, 0.000279449, -0.00038446, 
145, 193634, 12.3271, -9.86113, -11.8644, -0.00144066, 0.00080171, 0.000318901, 
146, 240149, 7.82226, -6.6974, -6.88751, -0.000623934, 0.000544521, 0.000194151, 
147, 329761, 3.26807, 15.6725, 15.4013, 5.62527e-05, -0.00157257, -0.00133074, 
148, 44620.5, 17.2996, 10.9475, 1.71077, -0.00127024, -0.000468643, -0.000268937, 
149, 326998, 9.1647, 5.04372, 17.3718, -0.000540284, -0.00162216, -0.00249131, 
150, 96085.7, -17.7312, 12.3771, -9.26925, 0.00165227, -0.00108974, -0.000109495, 
151, 156236, 0.294525, 10.9414, -14.5182, -0.00173201, -0.00252149, 0.000266991, 
152, 21221.8, -0.868787, -5.00751, -8.29572, -1.91775e-05, 0.000433636, 0.000160848, 
153, 52477.7, 18.6992, 15.098, 9.77939, -0.00136498, -0.000879425, -0.000290413, 
154, 23635, -13.0143, -8.96406, -13.7417, 0.00109321, 0.00121834, 0.000233944, 
155, 46830.7, 13.5378, 0.398029, 15.456, -0.00189848, 0.00077228, -0.0013449, 
156, 92630.3, 6.67332, 3.45112, 6.00362, -0.000446846, 0.000482382, 0.000845554, 
157, 48406.4, -13.3491, 14.2215, 5.87237, 0.00100379, -0.000973505, -0.000453875, 
158, 196582, -8.71802, -16.4653, -12.6889, 0.000518241, 0.00125306, 1.39389e-05, 
159, 30074.5, -3.30368, 4.50767, 1.38574, 0.000682893, -8.57419e-05, -0.000571072, 
160, 33571.4, -12.4559, 5.09847, -18.2443, 0.00122191, 4.65619e-05, 0.00205262, 
161, 8737.73, 18.6821, -15.5411, 12.4439, -0.00127478, 0.000678451, -0.000112367, 
162, 508060, -7.83451, 4.60697, -18.2732, 0.000116643, 0.000567691, 0.00175407, 
163, 44193, -6.73591, -6.91538, -11.6736, 0.000507411, 0.000451613, 0.000155095, 
164, 29803.4, 7.75926, -15.3684, 8.70112, -0.000386735, 0.000837475, -0.000892109, 
165, 169235, 12.103, 6.28301, -16.556, -0.00098895, -0.00020639, 0.0010492, 
166, 23700.2, -19.0851, -5.4924, 15.5195, 0.00103711, 0.000102793, -0.00115547, 
167, 86765.8, -14.8043, -18.5599, -15.1793, 0.00102988, 0.00105328, 0.00071251, 
168, 145148, -12.5741, 8.68113, -18.3621, 0.000450331, -0.00052306, 0.001461, 
169, 52934.1, -5.27925, -17.9793, -4.90245, 0.000370739, 0.00199803, -0.000406211, 
170, 1922.37, -7.66251, -7.90243, -16.508, 0.00146308, 0.000503236, 0.00120325, 
171, 22445.4, 13.5237, -5.73022, 15.6664, -0.00103428, 0.00124375, -0.00120089, 
172, 481411, 0.346592, 8.52084, -15.359, -0.000148617, 0.000710114, 0.00113028, 
173, 207195, 7.0631, -16.5655, 0.274233, -0.000888782, 0.00153121, -0.000136074, 
174, 59874.5, 4.93572, 12.267, -18.1329, -0.00122904, -0.000804114, 0.00159396, 
175, 157715, 5.97295, -17.3506, -9.77478, -0.000567065, 0.00153364, 0.000532262, 
176, 23284.3, 9.73506, -9.10847, -15.7212, -0.00102741, 0.000629813, 0.00102312, 
177, 26682, -2.75817, 11.8368, 12.4472, 0.00111848, -0.000532539, -0.000500269, 
178, 2733.56, -3.45704, 16.1336, 7.9047, 0.000714089, -0.00131355, -2.14402e-05, 
179, 21708.5, 3.89159, 4.5015, -0.732155, 0.00267956, 9.77766e-05, 0.000161011, 
180, 35339, -13.6472, -5.93426, -10.4699, 0.00178559, 0.000828474, 0.000754978, 
181, 8547.22, 9.20015, 6.00472, 3.55971, -0.00116396, -0.000358598, 0.000707058, 
182, 35159.6, 10.4729, 14.7694, 11.1054, -0.000662363, -0.00185269, -0.000208266, 
183, 26059.5, 13.5226, 3.31903, 2.93006, -0.00150788, 0.000159309, 0.000360798, 
184, 170910, -15.4154, -11.9286, 9.89412, 0.00112285, 0.000202226, 0.000386907, 
185, 34629.4, 2.08902, 3.25826, -10.7909, -0.000582237, 0.000524195, 8.11475e-05, 
186, 176.156, -14.3635, 13.4416, -5.39724, 0.00128255, -0.00111129, -0.000600714, 
187, 17432.8, 5.19694, -12.5904, -6.07718, -0.000692993, 0.001005, 0.000168881, 
188, 38613.7, 13.6404, -3.64252, 14.2732, -0.00150931, 0.00122857, -0.00142062, 
189, 103423, 1.04471, -13.4049, -5.95345, -0.000404668, 0.000931594, 8.50922e-05, 
190, 29362.8, -8.18615, -13.0537, 17.7404, 0.000258539, 0.00043179, -0.00185019, 
191, 226096, -4.53756, -15.1104, -7.75612, -0.000523512, 0.00110649, -8.07474e-05, 
192, 449215, -4.3504, 12.4405, -12.8234, -0.00148469, -0.000786557, 0.00107732, 
193, 35466.9, -13.9305, -5.97209, -10.5962, 0.00020663, 0.000725661, 0.0001248, 
194, 130.538, 1.29158, 8.03056, -16.2029, -0.00349024, 0.000945597, 0.00405005, 
195, 95093.9, -4.01756, -8.76973, -15.6991, -0.00037436, 0.000462816, -0.00020309, 
196, 99101.5, 13.2626, -2.66552, 12.6204, -0.00152567, 0.00094583, -0.000173806, 
197, 92771.6, -16.9278, 18.9537, -14.4541, 0.00106345, -0.001205, 0.000420164, 
198, 13109, 7.30025, -17.0083, 0.351146, 0.000494893, -0.00136655, 0.000467632, 
199, 168093, 0.862546, -9.09857, -17.5333, -0.000406366, 0.000807159, 0.00126261, 
