ID, Mass [kg], pos_0 [m], pos_1 [m], pos_2 [m], vel_0 [m/s], vel_1 [m/s], vel_2 [m/s], 
0, 5682.38, -7.24811, -3.0792, 12.6558, 0.00103458, 0.000456102, -0.00437929, 
1, 51291.5, 12.4727, 18.0217, -12.8897, -0.00156965, -0.00145548, 0.00130322, 
2, 73779.3, -0.372, -9.41921, 3.34445, -0.00163104, 0.003168, -0.000107217, 
3, 9731.99, -13.8952, 12.0863, -8.53897, 0.00271622, -0.00381904, -0.000111319, 
4, 104587, 3.83698, 8.51629, -2.28801, -6.82846e-06, -0.00249455, 0.00128768, 
5, 42215, -14.501, -3.91256, -9.72768, 0.00402004, 0.00140142, 0.00187787, 
6, 57220.4, -15.8949, 16.35, 5.42892, -0.000792986, -0.00187187, 0.00227962, 
7, 44855.5, -0.377693, -1.99852, -8.30024, -0.000365135, 0.00170385, 0.0020924, 
8, 276797, -11.7869, 1.14111, -9.25001, 0.00149466, 0.00222889, -0.00325686, 
9, 2643.18, -3.30269, -1.42369, -8.14672, -3.58375e-05, 0.000699021, 0.00177853, 
10, 33961.7, -6.41223, 8.07767, 9.15547, 0.00129071, -0.00122911, -0.00153792, 
11, 8691.35, 11.556, -12.7719, 3.3617, -0.00256847, 0.00176267, 2.61061e-05, 
12, 141682, -0.810554, -9.74961, 6.76509, 0.001415, 0.00398026, -0.00369268, 
13, 288611, -13.3272, -4.91734, 0.518556, 0.0030945, 0.0010874, -0.000164703, 
14, 512847, -15.0548, 10.8544, 14.8525, 0.00249019, -0.000904818, -0.00260815, 
15, 15651.7, -4.90532, -12.699, 8.74233, 0.00151014, 0.00392589, -0.00357139, 
16, 182451, 1.56747, 13.817, -15.8424, -0.000351802, -0.00285958, 0.00208832, 
17, 62197.8, -12.2291, 0.744619, -12.3709, 0.00267284, 0.00219855, 0.00617476, 
18, 185440, -7.02684, -7.34986, -2.32283, 0.00156532, 0.0014483, 0.00137468, 
19, 36701.4, -15.7043, -11.0752, 14.877, 0.00178687, 0.00154442, -0.0018841, 
20, 106936, 13.968, 16.1829, -3.3229, -0.00208782, -0.00197629, 0.000495546, 
21, 161838, -1.87806, -1.27752, -0.31529, 0.000772704, -0.000265684, 0.0013962, 
22, 144875, 3.12695, -10.9693, 13.7772, -0.000676301, 0.00287986, -0.00346807, 
23, 100936, -10.6017, 5.53152, -12.2637, 0.000165905, 0.000519675, -0.000596545, 
24, 95186.1, -8.86519, -12.6514, -15.9113, 0.000593705, 0.00186115, 0.00280292, 
25, 151808, 0.725326, 15.1294, -15.6758, -0.0020313, -0.000365368, 0.00220086, 
26, 118354, -12.2516, 8.93252, -9.98378, 0.00297146, -0.00371026, 0.00026176, 
27, 149234, -6.52678, -8.16498, -7.17078, 0.000187318, 0.00224774, 0.00193723, 
28, 9985.68, -11.9802, 2.6048, 2.1163, 0.00278567, -0.000484804, -0.000478294, 
29, 180895, 7.10567, -3.90943, 11.4649, -0.00238837, -0.000178496, -0.00283982, 
30, 486.041, 10.5759, -9.62294, 4.32246, -0.00304862, 0.00103833, 0.000189786, 
31, 70262.9, -0.824778, -14.125, -8.60557, -0.000572581, 0.00316825, 0.00167349, 
32, 45902.1, -0.601642, -3.98702, -10.1196, -0.000889772, 0.00179148, 0.00305733, 
33, 24444.7, 2.92043, 0.965534, -10.2792, -0.000752387, -0.000773112, 0.00347362, 
34, 65679.9, -15.706, -1.03188, 11.9101, 0.00172024, 0.00198258, -0.00509166, 
35, 3309.29, -12.275, -4.73485, -1.03206, 0.00246458, 0.000958775, 0.000678763, 
36, 8280.38, 14.9762, -11.4301, -5.29333, -0.00224664, 0.00133683, 0.00106705, 
37, 94538.9, -4.18849, -13.3468, 3.50403, 0.00145494, 0.004248, -0.00330525, 
38, 30213.7, -3.55473, 6.66665, 6.52798, -0.00132854, -0.0016449, -6.11587e-05, 
39, 53471.9, 5.78509, 13.7181, -8.02482, -0.00221455, -0.000804515, 0.00220494, 
40, 43100.3, 15.1024, -7.88792, 9.84407, -0.000547833, 0.00231101, 0.000409542, 
41, 44746.6, -10.7817, 6.62065, -12.1635, -0.00249037, 0.00220357, 0.00434123, 
42, 34053.9, -11.7311, 7.77744, -2.43956, 0.00199454, -0.00187676, -0.000400085, 
43, 54380.2, 6.22368, 0.138876, -10.934, -0.00249352, 0.000753597, 0.00107669, 
44, 38723.2, -7.37592, 4.92482, 11.5808, 0.000160149, 0.000543377, -0.00300719, 
45, 2321.23, -14.7703, -3.56087, -3.78854, 0.00380912, 0.0010592, 0.000723192, 
46, 241169, 4.76026, 15.0235, -3.96641, -0.000897696, -0.00316179, 6.39298e-06, 
47, 344827, 6.61191, -0.494271, -9.82592, -0.00188267, -0.00016005, 0.00261523, 
48, 39271.1, 5.15436, 9.77219, 10.4114, -0.00321234, -0.00460297, -0.00343142, 
49, 19687.8, 16.815, -13.814, -3.13216, -0.00218961, 0.00140112, 0.000734844, 
50, 61216.8, 3.08471, -10.1757, -1.06395, -0.00199879, 0.00227534, 0.00211091, 
51, 19182.2, 14.7335, -4.6226, 6.65539, -0.00289068, -1.43198e-05, 0.000528103, 
52, 12420.5, -0.859369, -0.730069, 7.93741, 0.00036249, -0.000800515, -0.0022479, 
53, 85447.4, 15.1678, 7.76144, 8.47299, -0.001272, 0.00211909, 0.00267271, 
54, 361436, -11.0888, 10.6852, 10.2366, 0.00205996, -0.00404011, -0.00246621, 
55, 158926, -10.6222, 9.71406, 3.3204, 0.00152043, -0.00195435, 0.000917872, 
56, 49282.6, 13.7242, -5.45422, 9.55188, -0.00273656, 0.000899872, -0.000886775, 
57, 218355, 4.96991, 9.25748, 9.93167, -5.83422e-05, -0.00272347, -0.00242265, 
58, 22371.5, -6.71845, 8.16718, 8.29963, -0.00357155, 8.47131e-05, 0.00098143, 
59, 55919.9, 11.1107, -14.6497, 2.84296, -0.00253008, 0.00242969, 0.000462335, 
60, 21598.8, 2.52428, -9.70354, 13.6847, -0.00034089, 0.000145328, -0.00411129, 
61, 398.952, -7.05791, -9.23744, 9.43249, 0.00315276, 0.00186203, -0.00469289, 
62, 1108.92, -11.8393, 5.20953, -9.24197, 0.00215635, 0.00500464, 0.00478395, 
63, 108555, -14.9851, -1.89853, -0.0104481, 0.00379683, -0.000691955, -0.000308237, 
64, 244863, -13.357, 7.84562, -8.10239, 0.0036133, -0.00178882, -0.000919033, 
65, 220694, 15.3638, -7.58792, 10.0027, -0.00296891, 0.000311286, -0.000986315, 
66, 61700, 5.23221, -13.6005, -13.3032, -0.00118206, 0.00175185, 0.00200372, 
67, 55388.9, 17.6309, -8.79434, -15.1018, -0.00164299, 0.000880056, 0.00132193, 
68, 211156, -5.27148, -13.1793, 3.94858, 9.65063e-05, 0.00550324, 0.00142578, 
69, 12720.6, -12.0268, -7.06836, -6.92778, 0.00131238, 0.00211179, 0.000382278, 
70, 25096, -10.6002, 0.481335, 10.9051, 0.00153603, -0.000143454, -0.00265207, 
71, 179870, 0.657728, 1.90158, 0.370985, -0.000869082, -0.00131694, 0.000672665, 
72, 79123.8, 14.105, 10.5156, -1.91469, -0.0025412, -0.00159393, 0.000515849, 
73, 110870, -11.4046, 11.8009, 11.1736, -0.00038388, -0.00211649, -0.00127123, 
74, 43359.1, -8.52976, 12.0999, -13.3642, -0.00381087, -0.00472293, 8.64705e-05, 
75, 140124, -7.75579, -5.30246, 6.8977, 0.00280159, -0.00075164, -0.00155504, 
76, 229268, 10.2988, -14.5825, 3.66772, -0.00215968, 0.00243184, -4.08057e-05, 
77, 302149, -15.3112, -1.35519, 12.7308, 0.00269699, 0.000307918, -0.00133485, 
78, 100708, -11.4955, -10.7799, 1.77907, 0.00367155, 0.00478434, 0.00107851, 
79, 46633.4, -5.78901, -8.88887, 7.49635, 0.00181894, 0.00233079, -0.00361306, 
80, 143926, -7.53698, -4.9033, 6.74596, 0.00231061, 0.00321795, -0.00058504, 
81, 270.261, 12.0669, -1.42774, -13.7123, -0.00191314, 0.000445467, 0.00255639, 
82, 159650, 2.1386, -6.72612, 7.72733, -0.00243344, -0.00257561, 0.000813632, 
83, 24756, 5.4759, 10.7146, 13.7481, -0.000899804, -0.00188197, -0.00345444, 
84, 18375.3, -0.508136, -2.52833, 6.45084, 0.000598389, -0.00115829, -0.00159527, 
85, 491877, -8.52545, 8.76829, 8.38884, -0.00163478, -0.000628487, -0.000664491, 
86, 194807, -8.8817, 10.2914, 9.42647, 0.00342424, -0.000895627, -1.11331e-05, 
87, 8649.23, -1.67332, 6.95832, -12.3881, -0.00242603, -0.00120315, 0.00443307, 
88, 138901, 4.32847, -8.41143, 10.8023, -0.0024728, 0.00165262, -0.00340526, 
89, 50202.9, 6.25031, 8.99703, 4.34405, -0.00187709, -0.00183161, -0.000324326, 
90, 98321.9, 0.570239, -5.71985, 1.08127, -0.00120285, 0.000382422, 0.00253361, 
91, 384069, 1.5582, -6.69206, 5.10679, -0.00248914, -0.00221383, 0.00045924, 
92, 81279.9, -13.9588, -6.75, -8.51031, 0.00149538, 0.00440517, 0.000636037, 
93, 91375.2, 6.81504, -4.35974, -7.75757, -0.00202539, 0.00202215, 0.00171581, 
94, 5476.7, -9.22521, -13.5121, 7.85742, 0.00269585, 0.00323779, -0.00244449, 
95, 33452.5, 1.14375, 2.17277, 13.1203, -0.00133257, -0.00118481, -0.00414509, 
96, 25752.1, 18.0192, 16.8548, 15.2384, -0.00135774, -0.00156479, -0.001192, 
97, 200797, 11.7431, -0.952053, -7.37238, -0.0031283, 0.000367145, 0.00107775, 
98, 298981, -3.13489, -8.87649, 1.24679, 0.000658925, 0.00175756, 0.00176899, 
99, 93146, 5.02882, 15.2619, -7.11606, -0.00133527, -0.00266374, 0.00228593, 
100, 8612.85, 13.2654, -12.1353, 7.93425, -0.00239293, 0.00209295, -0.000778539, 
101, 24343.5, -6.71665, 7.14712, -1.94992, 1.73533e-05, -0.00193466, 0.000300675, 
102, 10296.7, 7.47259, -11.3154, 12.1703, -0.00231261, 0.00266574, -0.00209593, 
103, 15719.8, -12.733, 2.48872, -9.6005, -0.000358293, 0.00453576, 0.00590764, 
104, 230040, -9.2855, 7.19333, -11.8038, 0.00353577, 0.000411778, 0.00357174, 
105, 17846.1, -7.00766, -4.89794, 7.11162, 0.00230964, 0.00539345, -0.000393163, 
106, 22216.6, 0.925692, -10.1044, 3.08747, -0.00317686, 0.00548968, -0.00103772, 
107, 98486.7, -9.52039, 4.95548, -11.8756, -0.00180347, 0.0021969, 0.00456719, 
108, 214214, 14.975, 7.48041, 8.64855, -0.00332431, -0.00206674, 0.000562592, 
109, 131614, -13.7023, -6.94983, -8.52894, 0.00330836, 0.00121635, 0.00183274, 
110, 160023, -4.91284, -12.8048, 4.93933, -0.000682157, 0.00466969, -2.98666e-05, 
111, 115735, -2.0893, -10.6816, 7.81245, -5.1663e-05, 0.00296841, -0.00313947, 
112, 378585, -15.3757, 16.287, 5.00925, 0.00233015, -0.00261699, -0.000276379, 
113, 83295.8, 4.7662, 9.21257, 9.87988, -0.002489, 0.000724212, 0.000103059, 
114, 148827, 13.1743, 5.56809, -3.31529, -0.00269495, -0.000542878, 3.97053e-05, 
115, 285284, -11.5722, 2.07546, -9.98081, 0.00318365, 0.00175157, 0.00295859, 
116, 515864, 1.86615, -6.85077, 5.88691, -0.00110518, 0.00407832, -0.00347958, 
117, 88363.5, -7.47498, -11.7757, -10.9391, -0.000644869, 0.00254109, 0.00166514, 
118, 155064, -2.24122, 6.3993, -11.6006, -0.00167429, -0.00082214, 0.0019629, 
119, 18098.3, -0.886745, -10.1682, 7.55469, 0.00040448, 0.00270565, 0.000159896, 
120, 34391.6, -7.63979, 9.34256, 9.00663, 0.00129956, -0.00284269, -0.00158195, 
121, 78154, -7.20982, -3.85981, 8.6163, 6.7151e-05, 0.000507133, -0.00541575, 
122, 10497, 6.35691, -3.47, -8.77814, -0.000832496, 0.0021967, 0.00314315, 
123, 59058.1, 4.92957, 2.43264, 0.234017, -0.00272326, -0.000387775, 0.00054217, 
124, 5646.35, 1.12991, -2.55627, 13.3819, 1.27172e-05, -0.000884393, -0.0027331, 
125, 103346, -11.9034, 8.25414, 12.9849, 0.00101688, 0.00096345, -0.00318261, 
126, 64702.5, 13.8558, 7.84403, 11.1546, 0.00105942, -0.0027467, -0.00284593, 
127, 199056, -7.50391, -3.42438, 7.6813, 0.00175496, -0.00152478, -0.00167773, 
128, 192649, 0.809817, 0.223943, -7.98409, -0.000815962, -0.000208778, 0.00165904, 
129, 1707.71, 6.80694, 10.7875, 4.92073, -0.00192546, -0.00286292, -0.000740684, 
130, 19869.9, -14.8007, 8.98967, 13.8073, 0.00350324, -0.00330559, -0.00432197, 
131, 143979, 3.92631, 7.59725, -1.99571, -0.00235695, -0.000238045, 0.000448858, 
132, 37850.6, 11.7747, -13.8473, 15.9141, -0.00132646, 0.00181942, -0.00195675, 
133, 50031.5, -10.4791, 15.3149, 15.3587, -0.000195546, -0.00287535, -0.00283993, 
134, 369068, 15.2147, 7.47045, 10.8089, -0.00282872, -0.00019057, -0.00307002, 
135, 3806.98, -14.1064, -7.67311, -7.79542, 0.00394315, 0.00343786, -0.000808989, 
136, 64591.7, 6.61907, -6.47879, -2.42337, -0.00403042, 0.00195112, 0.00235139, 
137, 1688.15, -10.1976, -7.94963, 1.29557, 0.00205361, 0.00120978, 0.000570456, 
138, 439943, -9.66045, 9.93764, -13.4352, 0.000997177, -0.00372372, 0.00233778, 
139, 72054.1, -6.31347, -9.6138, 8.84355, 0.00187569, 0.0023269, -0.00365927, 
140, 10511.3, -11.3708, 1.56827, -11.5412, 0.00177181, -0.0012244, 0.0023474, 
141, 28560.6, -12.5206, -8.18342, -12.961, 0.00170689, 0.00200403, 0.00280072, 
142, 92270.6, -8.23274, -12.1742, -11.7696, 0.00186971, 0.00288802, 0.00227331, 
143, 57507.6, 15.0744, -1.51951, -14.7251, -0.00210459, 0.000217538, 0.00195002, 
144, 106955, 3.54171, 12.8951, 1.92042, -0.000788794, -0.00242797, -0.001391, 
145, 53021.1, 0.434539, -9.84823, 3.62473, 0.00091911, 0.00259282, 0.00173301, 
146, 127593, -7.64281, 3.64779, 2.44489, 0.00109419, -0.000627208, 5.5117e-05, 
147, 31386.3, -7.72587, -8.59732, 5.04199, 0.00123673, 0.000939971, -0.000220071, 
148, 89613.6, 4.78145, -12.3454, -4.93363, -0.0017952, 0.00254653, 0.00207028, 
149, 251415, -12.0239, 3.858, -9.81961, 0.00233373, 0.00241771, 0.00259029, 
150, 55890.6, -6.30099, -3.85572, 7.42531, -0.000963541, 0.000146452, -0.00469667, 
151, 174949, -10.5253, 7.67662, -11.9595, -0.000915998, -0.0010667, 0.00255735, 
152, 66072.8, -7.69794, 6.10352, 14.0853, -0.000218124, -0.000296439, -0.00395683, 
153, 19075.8, -1.00307, -13.7472, -8.66212, -0.000511324, 0.00090672, 0.00253401, 
154, 47261.5, -2.63726, -1.2542, -1.14611, -0.00115594, -0.00021755, -0.000420819, 
155, 102102, -8.17135, -9.76745, 4.18849, 0.00295454, 0.00217563, -0.000489903, 
156, 5375.03, -4.03309, -12.1821, 3.3894, -2.6288e-05, 0.00114898, 0.0012659, 
157, 3761.7, 6.36845, -6.44174, -3.0156, -0.00525437, 0.00274357, 0.00189413, 
158, 7652.65, 8.10142, 6.16007, 8.06254, -0.00203993, -0.000512475, -0.000962315, 
159, 47070.1, -5.9317, -5.44673, 8.479, 0.00239365, -0.00151592, -0.00120244, 
160, 17972.9, -10.1014, 11.0546, -13.3449, 0.00612364, -0.00555768, 0.0011172, 
161, 218629, -11.04, 0.15662, -10.8355, 0.00257419, -0.00238495, 0.00164504, 
162, 138887, -5.33034, -12.8437, 3.83763, 0.00459782, 0.00215208, -0.00155323, 
163, 33277.3, 5.13156, -1.16087, -14.2451, -0.00103465, 0.000718217, 0.00376939, 
164, 167891, 0.602173, -1.50286, 11.9713, -0.000379651, -4.70005e-05, -0.00374221, 
165, 62570.5, 3.51673, 17.377, -1.60758, -0.00135925, -0.000168517, 0.00178941, 
166, 38130.4, -0.516902, -14.5254, -14.4784, -0.000521658, 0.00195767, 0.0022684, 
167, 22403.8, -11.1465, 0.906927, -11.4532, 0.00415416, -0.000514231, 0.00321396, 
168, 1479.59, -10.0451, 7.72703, 2.45654, 0.00194427, -0.000116288, 0.000520712, 
169, 20399.9, -11.263, 2.33309, -9.05563, -0.00184107, -0.00178778, -0.0026886, 
170, 115854, 0.989615, -10.6144, 2.53876, -0.00234039, 0.00468044, 0.0021401, 
171, 27762.9, 3.53564, -9.51499, 13.2941, -0.000121466, 0.000282222, -0.0044117, 
172, 250928, 3.25581, 14.3773, -2.12471, -0.000569561, -0.00308392, 9.11071e-05, 
173, 74469.2, 13.168, 10.8911, 8.39831, -0.00128247, -0.00313236, -0.000471409, 
174, 143481, 16.8241, -10.7872, 13.9993, -0.00208847, 0.00141035, -0.00179242, 
175, 27145.1, -9.27102, -9.29718, 6.22831, 0.00386921, 0.00256969, -0.00254669, 
176, 32620.6, 0.555451, 2.02891, 12.2614, 6.15608e-05, -0.0012897, -0.00327162, 
177, 52575.7, -12.6403, 0.619904, -9.17089, 0.00344076, 0.000322731, 0.00217181, 
178, 19746.4, 1.10444, -6.45953, 4.18991, 0.00226196, -0.000540011, 0.00254984, 
179, 33623.1, 16.5056, 7.07053, 10.8302, 8.22843e-05, -0.0021483, -0.00325445, 
180, 50349.8, 16.8219, 7.62041, 9.62213, -0.00241065, -0.00166557, 0.00192695, 
181, 89376.8, 13.2271, 5.46385, -1.4524, -0.0026652, -0.000496729, 0.00196024, 
182, 42160.2, -10.9069, 5.68573, -3.44979, 0.00130884, -0.000975011, -0.000602389, 
183, 100544, -8.63704, 12.0025, -13.4761, -0.000319496, -0.00695217, 0.00135863, 
184, 1446.88, -3.30856, -13.0279, -7.02277, 0.000177425, 0.00306456, 0.00144131, 
185, 119694, -6.81241, -5.1924, -10.5654, -0.000191075, 0.00160008, 0.00286621, 
186, 120999, -11.301, -11.1295, 1.5905, 0.00274267, 0.00129109, -0.000206375, 
187, 52698.3, 0.62393, -8.83311, 4.07717, -0.000942861, 0.00359872, 0.00141288, 
188, 105467, 6.14996, -6.51044, -1.99183, -0.00199153, 0.000684309, 0.000585293, 
189, 99748.4, -7.72127, 0.964273, -13.0943, -0.00136213, 0.00167597, 0.0038727, 
190, 77133, 2.73511, -7.60531, 6.32837, -0.0051602, -0.00145545, -8.73068e-05, 
191, 178804, -10.1157, 11.4525, -13.694, -0.000839427, -4.7537e-05, 0.00268956, 
192, 8685.6, 0.843624, -0.73495, 3.63353, -0.000279582, -0.000907378, -0.000318688, 
193, 256954, 2.41464, 2.73526, 5.95497, -0.00175407, -0.00119826, -0.000560806, 
194, 53540.6, 2.56094, -13.6258, -1.70024, -0.00118095, 0.00383232, 0.00165379, 
195, 220652, -8.30807, 8.40259, -11.8652, -0.000637422, -0.00501888, 0.00234494, 
196, 10258.1, 9.78415, 13.0086, -4.85331, -0.00238875, -0.00145111, 0.00120421, 
197, 6083.3, -12.4201, 1.76056, -10.4523, -0.0038497, 0.00301097, 0.00229646, 
198, 127562, 1.27887, 3.14442, 7.9355, -0.000199341, -0.00132483, -0.00297985, 
199, 34766.2, 15.9285, 8.18727, 11.5672, -0.000694735, 0.00162473, 1.36639e-05, 
