ID, Mass [kg], pos_0 [m], pos_1 [m], pos_2 [m], vel_0 [m/s], vel_1 [m/s], vel_2 [m/s], 
0, 10438.7, 14.0883, -4.45191, -5.88509, -0.00177535, 0.000169312, 8.191e-05, 
1, 6654.64, -4.23807, 14.7477, 16.82, 0.000844113, -0.000984269, -0.00129051, 
2, 188574, -9.98817, 10.982, 2.21449, 0.000901883, -0.00037255, -0.000729049, 
3, 37.6105, 14.3658, 1.78878, 10.9951, -0.00256892, 0.000797781, -7.04059e-05, 
4, 156575, -14.2613, 9.24079, -11.0323, 0.00154118, -0.000656423, -9.2081e-05, 
5, 68600.3, -17.5895, -19.078, -3.02472, 0.000963325, 0.0010492, 0.000125846, 
6, 25394.3, -10.8831, 16.0261, -11.3025, 0.00139497, -0.00196254, 8.42024e-05, 
7, 79727.6, -18.0415, -3.58292, 8.10851, 0.00130071, 0.00116836, -0.000306001, 
8, 20636.5, -14.5167, 1.18783, -6.06509, 0.000477541, -0.000769129, 0.00175283, 
9, 1631.49, 8.66426, -17.551, 11.7629, -0.000478686, 0.00118461, -0.000807756, 
10, 92118.6, -5.3368, 9.15256, -9.05819, 0.000112998, 0.000432328, -0.0011603, 
11, 22412.4, 6.36944, -6.4785, -18.0687, 0.000179453, 0.00140514, 0.00149838, 
12, 147192, 1.18027, 2.77802, -4.13779, -5.40118e-05, 0.000389139, 0.000177044, 
13, 68437, -6.51991, -17.1486, 13.5561, -0.000612747, 0.00209426, -0.000607401, 
14, 48261.5, -17.8571, -14.1976, -8.95757, 0.00120795, 0.000847553, 0.000295957, 
15, 4115.53, -9.58033, 13.2573, -15.0406, 0.00160307, -0.00191582, 0.000300443, 
16, 187519, -7.65011, -13.2118, 7.62633, 0.000128656, 0.000789178, -0.000146269, 
17, 41299.2, -13.0598, -6.34185, 11.1688, 0.000436315, -0.000180705, -0.00104487, 
18, 31312.4, 14.1809, 1.44676, -16.801, -0.00194319, -0.000307549, 0.00077985, 
19, 20522.5, 12.5435, -12.2545, -0.0861758, -0.00141772, 0.000858399, -0.000167252, 
20, 107552, -14.5289, 1.25744, -6.35087, 0.00031638, -4.97674e-05, -0.000852514, 
21, 71003.2, -1.3768, 6.08376, -2.95072, 0.000451239, -0.000563871, -0.000463117, 
22, 113893, -16.4776, 18.1466, 14.2412, 0.000438017, -0.00128489, -0.00058147, 
23, 377662, 9.37559, 5.72401, 12.0814, 0.00376353, 0.00135669, -0.00289736, 
24, 33818.9, -4.78187, -9.24451, -17.3133, -0.00060029, 0.00147589, 0.000363161, 
25, 72081.8, -16.8222, -17.3504, 4.32357, 0.00109394, 0.00115343, -2.66942e-05, 
26, 42615.9, 0.886605, -7.54836, -1.29293, -0.000311884, 0.000449504, -7.07634e-05, 
27, 73029.4, 0.380636, -6.44926, 4.32311, 5.54528e-05, 0.000476161, -0.000396751, 
28, 278349, -4.38748, 12.3902, -12.7798, 0.00367033, -0.00312808, -0.00127491, 
29, 119212, -10.4573, 12.3375, -17.0824, 0.00117149, -0.00169858, 0.00135155, 
30, 4323.1, 5.86018, -2.27118, -8.56314, -0.000442872, 1.62584e-06, 0.000272068, 
31, 250092, 15.5654, -14.8353, 17.6401, -0.000668433, 0.000711086, -0.000757578, 
32, 2919.37, -1.3827, 5.00666, 16.6885, 0.00106455, 4.29685e-05, -0.00148198, 
33, 15081.1, -6.45518, -6.99712, 5.45006, 0.000384415, -6.73778e-06, -0.000307405, 
34, 72653.2, 9.52487, 4.81322, 12.4414, 0.00224945, -0.0017786, 0.000347026, 
35, 227948, 9.24073, -13.2995, -16.2969, -0.000729124, 0.00129254, 0.00104374, 
36, 54512.8, -4.1436, 0.999755, -7.94289, 0.000313022, 0.000519593, -7.03544e-05, 
37, 132334, 16.3838, 17.8296, -15.8196, -0.000815662, -0.00116545, 0.000968714, 
38, 124410, -15.383, -12.8422, 11.3907, 0.00177167, 0.000600066, -0.00158512, 
39, 233658, -14.1626, -15.0522, 13.3834, 0.000784808, 0.00139792, -0.0013469, 
40, 294451, -15.2274, 3.19312, -17.4218, 0.00113019, 0.00152039, 0.00152739, 
41, 18072.9, 3.24377, 2.89996, 8.50107, 0.0012152, 0.00028649, 1.50247e-06, 
42, 168697, -10.4025, 6.26416, -15.3852, 0.00121298, -0.000139199, -0.000267014, 
43, 58869.8, -14.3799, 8.82189, 16.8667, 0.000760186, -0.000663969, -0.000939494, 
44, 457733, 8.69068, 7.40244, 16.8352, -0.000974281, -9.04041e-05, -0.00267042, 
45, 2111.71, 6.16064, -18.4825, 13.2226, -0.000376228, 0.00117225, -0.000777074, 
46, 30392.2, 7.09005, 0.521526, -13.475, -0.00121106, 0.000281887, 0.000774814, 
47, 2286.25, -2.32323, -10.0416, -7.61571, -4.52424e-05, 0.000233718, 0.000150895, 
48, 75203.2, -17.6574, -4.92923, -3.90469, -0.000190147, 0.000297276, 1.58422e-05, 
49, 166748, -1.92821, 17.7942, 4.25009, 0.000207416, -0.00141901, -0.000128121, 
50, 18376.9, 18.7553, 17.9112, -1.37554, -0.00101804, -0.00115731, -0.000454749, 
51, 8818.69, 16.729, -14.1712, 3.84598, -0.00116654, 0.000773972, -0.000155217, 
52, 46667.2, 6.48286, -12.4586, -0.567756, -0.000654755, 0.000604652, -0.000140498, 
53, 81946, 6.70427, 5.24694, 8.64477, 0.000960165, -0.000591073, 0.00114941, 
54, 258170, -7.61864, -12.461, 12.4503, 1.08931e-05, 0.000233967, -0.00112052, 
55, 14387.8, -4.38981, -15.5848, -8.21982, -0.000755788, -0.0016026, -0.00202294, 
56, 72595.4, -12.9829, -7.98289, -15.112, 0.00111631, 0.000642223, 0.0012497, 
57, 127861, 0.782525, 8.97243, 13.6565, 0.00137381, -0.000454256, -0.00110993, 
58, 99632, 13.3938, 11.8828, -13.1799, -0.000362555, -0.000540054, 0.000953104, 
59, 42252.2, 15.5583, 14.6995, 11.0266, -0.00114517, -0.00124235, -0.000504627, 
60, 87983.4, 8.11316, -8.09216, -0.690133, -0.000938316, 0.000586742, -0.000441095, 
61, 196363, -1.69039, 7.97754, -14.7839, -0.00225825, 0.000163944, 0.00165098, 
62, 53625.6, -4.33659, 8.70334, -9.30708, 0.00102025, -3.511e-05, -0.00142944, 
63, 36442.2, 12.2204, -2.37829, 5.36863, -0.00139249, 0.000776034, 0.000151958, 
64, 325076, 8.96231, 15.7888, -2.49249, -0.000473233, -0.00122483, -0.000122198, 
65, 80050.7, -12.7574, 8.81684, -18.4379, 0.00373385, -0.00212489, 0.00215865, 
66, 111018, -18.229, 6.68653, -5.1143, 0.00155453, -0.000624556, -0.000410196, 
67, 165997, -5.68487, -15.0645, 2.50542, 5.4238e-05, 0.0012569, -7.67007e-05, 
68, 55805.8, -5.77165, -15.3621, -8.94103, 0.00161574, -0.000389443, 0.000318206, 
69, 31234.3, -9.78379, 11.5336, 1.60209, 0.000205126, -0.0025919, 0.00114542, 
70, 186090, 3.54149, 4.46001, -0.622183, -0.000788479, -0.000317791, -0.000161367, 
71, 28094, 4.7736, 2.8905, 4.35302, 0.000491269, 0.00050646, 0.000391548, 
72, 957885, 18.9213, 12.621, -9.082, -0.00123085, -0.000457324, 0.000163504, 
73, 4474.79, -14.9312, -16.3599, -0.31542, 0.00103433, 0.00090537, 0.000155233, 
74, 10808.5, 12.9423, -0.621286, -1.30855, -0.00137628, 0.000248142, 6.58708e-05, 
75, 1477.59, -13.2839, 0.536257, -8.76317, 0.000263428, 0.000346435, 0.000560233, 
76, 46803.5, -17.9851, -1.35221, -8.61786, -0.000232618, 0.00132079, -0.000231318, 
77, 163629, -6.06548, 17.0565, -16.4943, 0.000520678, -0.00229248, 0.00138899, 
78, 91417.6, -17.7797, 8.4537, 16.1233, 0.00154013, -0.000142613, -0.000952237, 
79, 969.187, 2.65566, 7.03086, 6.31386, 0.00044256, -0.000852504, 0.000603763, 
80, 26478.7, 8.8215, 7.87001, 16.6626, 0.00185922, -0.0023067, -0.00377152, 
81, 117213, -12.1487, 8.05717, 18.4314, 0.000262986, -0.000301178, -0.00143091, 
82, 437308, 5.52494, -1.95798, 12.03, -7.30876e-05, 0.00122087, -0.000469552, 
83, 17332.5, -13.6841, 5.56574, 18.0148, 0.000927613, 0.000623318, -0.00119019, 
84, 24899.3, -4.34496, -13.6665, -8.10623, -0.000379651, 0.0020448, -0.000271678, 
85, 98799.6, -9.10189, -16.5723, -13.5841, 0.00130501, 0.00150735, 0.00303413, 
86, 140967, -2.05652, 15.2777, 10.9561, 0.000479783, -0.00137611, -0.000480073, 
87, 3055.51, -1.04508, 4.56438, 5.49949, 0.00083861, -0.000107167, -0.000359822, 
88, 131508, -4.61413, -9.26177, -17.2515, 0.00104182, 9.48868e-05, 0.00275049, 
89, 72894.3, -6.03858, -15.0183, -8.99936, 0.00150509, 0.00229036, 0.00133645, 
90, 57118, -4.45131, -9.97925, -16.9949, 0.000107289, 0.00337737, 0.00106176, 
91, 2617.69, -5.73719, -3.55749, -17.8173, 0.000304491, 0.000357485, 0.00150943, 
92, 9206.39, -2.85288, 12.0467, 13.2359, 0.00131646, -0.000945268, -0.00156578, 
93, 216586, 8.07026, 18.5237, -18.3491, -0.000547257, -0.0012581, 0.000935067, 
94, 58892.3, 11.2186, -6.37204, -5.07115, -0.00187084, 0.000456405, -0.000270331, 
95, 81944.5, 1.30431, 14.1434, -17.7875, -0.000573538, -0.0018277, 0.00188828, 
96, 11783.7, -11.7388, -1.48687, -11.8366, 0.000660145, 0.000565759, 0.000453885, 
97, 99126, -17.2097, 0.885864, -7.0037, 0.00190524, -0.000648042, -0.000269492, 
98, 151994, -17.3271, -1.54632, -8.33685, 0.00219704, 0.000517718, 0.000918907, 
99, 87258.7, -8.73123, -6.3395, -7.38798, 0.000554585, 0.000510885, -0.000124633, 
100, 48596.7, 1.19712, -15.14, 14.4457, -0.000364211, 0.00105856, -0.000978695, 
101, 44096.9, -10.6976, 14.1286, -7.34532, 0.00165065, -0.00157436, -0.000703557, 
102, 8359.99, 9.5748, 4.66948, -6.60359, -0.00103871, -4.28029e-05, 0.000100077, 
103, 70351.6, 2.98543, 16.02, 16.9934, -0.000217471, -0.00105193, 0.000433827, 
104, 45294.6, 15.9041, -15.6669, 12.6198, -0.000827564, 0.000887327, -3.49749e-05, 
105, 19504.5, 11.432, 13.3596, 11.5291, -0.0013106, -0.00155432, -0.00046542, 
106, 54049.2, -15.9282, 8.59199, 14.8809, 0.000690169, -0.000267153, 8.28179e-05, 
107, 165846, -7.3334, 13.0832, -8.31976, 0.00103809, -0.00150949, -0.0012588, 
108, 334000, 8.37239, -3.88011, -17.9902, -0.000565732, 0.000443341, 0.00139609, 
109, 380350, 1.43365, -3.32126, 17.9434, 0.000439245, 0.000658032, -0.00157251, 
110, 169825, 12.2555, -1.06043, -17.2198, -0.00159142, 0.000106647, 0.000962164, 
111, 49417.8, 9.19165, 4.61552, 11.1848, -0.00551835, -0.0035798, 0.000251409, 
112, 22932.1, 6.10713, 4.31574, -11.9656, -0.00102266, -8.74178e-05, 0.000165479, 
113, 33159.4, -10.7095, -13.0134, 7.79297, 0.00116439, 0.000808635, 7.20803e-05, 
114, 329915, -17.9383, -2.40158, 8.31208, 0.00111239, -0.00045267, -0.000610185, 
115, 46014.7, -4.71948, 14.5545, 9.66999, 0.00127578, -0.000890669, -0.000264546, 
116, 70885.7, -5.42408, -6.65787, -15.0114, 0.000710143, -0.000250814, 0.000624682, 
117, 39878, 2.03892, 7.07355, 7.66533, 0.000895859, -0.000695458, 4.59873e-05, 
118, 7990.99, 2.80918, -7.16598, -2.50855, -0.000431019, 0.000394461, 5.79082e-05, 
119, 45208.6, 7.99455, 9.08395, 2.49445, -0.000683272, -0.000925264, 0.000227733, 
120, 21852.8, -12.1925, -18.4215, 14.4875, 0.000398687, 0.00194891, -0.0010605, 
121, 39421.6, 7.8945, 4.90473, 16.3392, 0.00235982, 0.00246727, -0.00180999, 
122, 29750.7, 8.08197, -4.21267, -5.10183, -0.000899796, -0.00057061, -0.00048138, 
123, 92556.9, -15.303, 3.26927, -17.3936, 0.00403683, -0.0026106, -0.00047262, 
124, 232939, 0.840242, -16.0197, 4.02866, -0.000288073, 0.00126934, -0.000496954, 
125, 64576, 6.77835, -7.90358, -13.2393, -0.000311682, 0.000730871, 0.00049563, 
126, 80969.1, -17.7938, 0.303395, -0.159098, 0.00127401, -0.000197281, -0.000522796, 
127, 69836.7, -8.31027, -14.3713, 1.4402, 0.0012043, 0.000743589, 0.000338966, 
128, 34136.6, -11.8048, -16.9906, 0.965129, 0.000930996, 0.00136984, 9.13034e-05, 
129, 80050.6, 9.58514, -16.6204, 6.91862, -0.000930755, 0.00116959, -0.000475746, 
130, 67728.8, 7.72813, 0.275657, -13.9512, -0.000439553, -9.49991e-05, 0.000161143, 
131, 150978, -18.225, 14.9879, 13.982, 0.00108305, -0.000469839, -0.000477412, 
132, 81625.8, -0.428431, 8.87898, 14.2518, 0.000373649, -0.000447969, -0.000718285, 
133, 2593.03, 9.78663, -11.7934, -4.65441, -0.00127465, 0.00119858, 3.46907e-05, 
134, 644361, 9.57012, 5.76994, 11.8571, -0.00399787, -0.000844494, 0.00203104, 
135, 21866.9, -9.60299, 11.8701, 10.4173, 0.000799377, -0.000637653, -0.000629479, 
136, 41691.7, -4.19105, 7.83361, -12.5754, 0.000728812, 0.0011485, -0.000273554, 
137, 91347.5, -7.65866, -15.9341, 14.3412, 0.000295623, 0.00132722, -0.00170327, 
138, 106353, -16.9919, -4.74767, -3.99056, 0.00228003, 0.00112809, -0.000520496, 
139, 48040.2, -10.7162, 5.70613, 15.2325, 0.000444783, 8.7864e-05, -0.000639591, 
140, 37577.6, -0.881298, -7.71395, -0.756291, 0.000561973, 0.00045257, -0.000240842, 
141, 18448.8, 0.897046, 12.6827, -13.3666, -0.00180483, -0.00280443, -0.0007372, 
142, 80498.5, -15.3563, -9.24581, 7.01933, 0.00100291, 8.36132e-05, 0.00034933, 
143, 7666.73, 5.91995, -17.3457, -9.85838, -0.000308871, -0.000275746, -0.00204957, 
144, 13225.3, -7.70637, 0.0602086, -5.6147, 0.0005254, 0.000290173, -0.000399177, 
145, 193634, 12.2509, -9.81874, -11.8476, -0.00149213, 0.000830076, 0.00032933, 
146, 240149, 7.7893, -6.66858, -6.87722, -0.000644618, 0.000564604, 0.00020182, 
147, 329761, 3.27085, 15.5896, 15.3322, 5.10033e-05, -0.00161864, -0.00133017, 
148, 44620.5, 17.2325, 10.9227, 1.69656, -0.00131432, -0.000484666, -0.000278404, 
149, 326998, 9.13499, 4.96285, 17.2384, -0.000603032, -0.00149378, -0.00264331, 
150, 96085.7, -17.6438, 12.3195, -9.27507, 0.00171212, -0.00112891, -0.000114548, 
151, 156236, 0.202726, 10.8062, -14.5045, -0.00180129, -0.00268146, 0.000259035, 
152, 21221.8, -0.869808, -4.98459, -8.28724, -2.01352e-05, 0.00044861, 0.000165611, 
153, 52477.7, 18.627, 15.0515, 9.76405, -0.00141305, -0.000910456, -0.000300114, 
154, 23635, -12.9565, -8.89947, -13.7295, 0.00113196, 0.00126804, 0.000233226, 
155, 46830.7, 13.4371, 0.439087, 15.3848, -0.00197574, 0.000808323, -0.0013958, 
156, 92630.3, 6.64987, 3.47661, 6.04867, -0.000456185, 0.000498968, 0.000888756, 
157, 48406.4, -13.2961, 14.17, 5.84837, 0.0010388, -0.00100711, -0.000470222, 
158, 196582, -8.69127, -16.3993, -12.6894, 0.000510498, 0.00128552, -3.38371e-05, 
159, 30074.5, -3.26757, 4.50312, 1.35553, 0.000707126, -8.91747e-05, -0.000591794, 
160, 33571.4, -12.3912, 5.1011, -18.1358, 0.00126704, 5.48272e-05, 0.00212608, 
161, 8737.73, 18.6147, -15.5053, 12.438, -0.00131982, 0.000702407, -0.000115127, 
162, 508060, -7.82849, 4.63717, -18.1803, 0.000115025, 0.000594869, 0.00182123, 
163, 44193, -6.70906, -6.89154, -11.6655, 0.000526059, 0.000466084, 0.000158525, 
164, 29803.4, 7.73885, -15.3241, 8.65392, -0.000398987, 0.000865375, -0.000924885, 
165, 169235, 12.0508, 6.27209, -16.5005, -0.00102365, -0.000213828, 0.00108539, 
166, 23700.2, -19.0302, -5.48697, 15.4584, 0.00107387, 0.000106084, -0.00119593, 
167, 86765.8, -14.7499, -18.5042, -15.1416, 0.00106496, 0.00109023, 0.000738, 
168, 145148, -12.5509, 8.65405, -18.2855, 0.000447172, -0.000520698, 0.00148623, 
169, 52934.1, -5.25966, -17.8736, -4.9241, 0.000383296, 0.00207119, -0.000427282, 
170, 1922.37, -7.5848, -7.87595, -16.4443, 0.00152855, 0.000516226, 0.00124863, 
171, 22445.4, 13.4689, -5.66436, 15.6029, -0.00107459, 0.00129147, -0.00124383, 
172, 481411, 0.33596, 8.55837, -15.2983, -0.000258835, 0.000735702, 0.00120437, 
173, 207195, 7.01639, -16.4851, 0.267129, -0.000909753, 0.00156497, -0.000137449, 
174, 59874.5, 4.87056, 12.2244, -18.0486, -0.00127945, -0.000835192, 0.00165059, 
175, 157715, 5.94295, -17.2696, -9.74678, -0.000587633, 0.00158383, 0.000545124, 
176, 23284.3, 9.68077, -9.07519, -15.6671, -0.00106229, 0.000651316, 0.00106073, 
177, 26682, -2.699, 11.8087, 12.4208, 0.0011595, -0.000549076, -0.000515914, 
178, 2733.56, -3.4193, 16.0641, 7.90365, 0.000738999, -0.0013615, -1.87376e-05, 
179, 21708.5, 4.02503, 4.5059, -0.722289, 0.00245473, 7.09509e-05, 0.000214354, 
180, 35339, -13.5544, -5.89061, -10.4307, 0.00178519, 0.000851817, 0.000754497, 
181, 8547.22, 9.1386, 5.98574, 3.5972, -0.00120521, -0.000372146, 0.000736175, 
182, 35159.6, 10.4378, 14.6712, 11.0944, -0.000688057, -0.00192434, -0.000213063, 
183, 26059.5, 13.4428, 3.32743, 2.94917, -0.00156141, 0.000163894, 0.000374717, 
184, 170910, -15.3559, -11.9184, 9.91517, 0.00116696, 0.000187581, 0.000423944, 
185, 34629.4, 2.05816, 3.28605, -10.7867, -0.000605774, 0.000545769, 8.30271e-05, 
186, 176.156, -14.2957, 13.3828, -5.42904, 0.00132723, -0.00115178, -0.00062343, 
187, 17432.8, 5.16032, -12.5373, -6.06827, -0.000716609, 0.00104021, 0.000174172, 
188, 38613.7, 13.5604, -3.57719, 14.1978, -0.00156999, 0.00128645, -0.00147991, 
189, 103423, 1.02333, -13.3557, -5.94897, -0.000418263, 0.000964657, 8.74874e-05, 
190, 29362.8, -8.17251, -13.0309, 17.6425, 0.000266534, 0.000446352, -0.0019189, 
191, 226096, -4.56552, -15.052, -7.7615, -0.000553518, 0.00114323, -0.000126524, 
192, 449215, -4.43073, 12.3997, -12.7654, -0.00156252, -0.000800468, 0.00113251, 
193, 35466.9, -13.918, -5.93354, -10.5889, 0.000277518, 0.00075839, 0.000156013, 
194, 130.538, 1.1017, 8.08387, -15.9848, -0.003825, 0.00111421, 0.00435383, 
195, 95093.9, -4.0378, -8.7457, -15.7109, -0.00040504, 0.000461332, -0.000250079, 
196, 99101.5, 13.1819, -2.61545, 12.6113, -0.00158172, 0.000981898, -0.000175599, 
197, 92771.6, -16.8716, 18.89, -14.4318, 0.00110089, -0.00124763, 0.000434928, 
198, 13109, 7.32209, -17.0722, 0.374303, 0.000348768, -0.00109541, 0.000424284, 
199, 168093, 0.840982, -9.0559, -17.4666, -0.000423797, 0.000835263, 0.00130729, 
