ID, Mass [kg], pos_0 [m], pos_1 [m], pos_2 [m], vel_0 [m/s], vel_1 [m/s], vel_2 [m/s], 
0, 137312, 7.57407, 17.2007, -5.8017, -0.0012148, -0.00140689, -3.02526e-05, 
1, 55754.2, -8.4953, -1.79565, -17.5487, 2.16214e-05, -2.27999e-05, 0.000259225, 
2, 79728.4, 3.79683, 13.6561, 2.12701, 4.41925e-05, -0.000175716, -3.74254e-05, 
3, 16593, 8.28595, 11.1101, -12.3594, -7.18089e-05, -8.2332e-05, 0.000102016, 
4, 44490.6, -2.69375, 13.1627, 13.5904, -9.37147e-05, -6.3992e-05, -0.000212423, 
5, 188588, -14.9405, -5.75421, -14.1642, 0.000204794, 3.3888e-05, 0.000145879, 
6, 44703.6, -8.70922, 15.6498, 7.53862, -9.11561e-06, -0.000131068, -7.27472e-05, 
7, 35735.5, -18.2708, 8.18592, 16.1918, 0.000120082, 0.000254605, -0.000231227, 
8, 123121, 3.75621, -2.005, 5.2254, -4.4844e-05, -4.6013e-05, -0.000145477, 
9, 34968, 5.53364, -0.69124, 18.2507, -6.78287e-05, -2.30077e-05, -0.000190482, 
10, 14628.1, 1.72262, 11.212, 19.3256, -6.09586e-05, -5.67751e-05, -0.000184754, 
11, 1978.1, 18.216, 7.73284, -6.12045, -0.000232757, -1.67793e-05, 2.2959e-05, 
12, 40474, -0.439243, 0.807385, 12.73, -4.74762e-05, -3.25055e-05, -0.000200146, 
13, 383935, -8.70357, -5.65347, -9.93878, 7.76338e-05, 0.000124453, 6.36894e-05, 
14, 194192, 16.6664, 19.9806, 4.06869, -0.000132069, -0.000140973, -5.19681e-05, 
15, 1674.31, -10.2289, 4.26783, -13.5401, 4.46126e-05, 9.47173e-05, 0.000215749, 
16, 38153.5, 17.1871, -4.12519, -6.44514, -0.000243112, 2.22144e-05, 2.06812e-06, 
17, 58543.7, 2.36826, 13.4636, 12.0757, -9.22637e-05, -9.94575e-05, -0.00017415, 
18, 243181, -13.3566, 16.3991, 7.91284, 0.000172543, -0.000194721, -8.0066e-05, 
19, 25807.2, -0.492742, 19.2649, -18.6106, 2.84924e-06, -0.000157455, 0.000148286, 
20, 190454, -13.7041, 9.63856, 2.50904, 0.000216904, -0.00019185, 8.59546e-05, 
21, 252738, -11.565, -15.6455, -12.02, 0.000126904, 0.000147384, 5.94171e-05, 
22, 375639, -10.1271, 7.00388, 12.1315, 1.22982e-05, -3.64459e-06, -0.000181662, 
23, 157115, 1.06432, 14.2561, -8.12418, 4.1884e-05, -0.000140393, 9.94804e-05, 
24, 72124.3, 16.7597, 15.1915, 15.3457, -0.000158001, -9.72026e-05, -7.10797e-05, 
25, 580829, 5.42814, -17.188, -10.7902, -8.68912e-05, 0.000149881, 6.39229e-05, 
26, 30351.3, 9.73119, -7.93299, 17.8369, -9.09321e-05, 3.35642e-05, -0.000190593, 
27, 14371.3, 9.5216, 18.822, 13.202, -5.45602e-05, -0.000145409, -0.000125773, 
28, 126879, -13.6899, 7.97773, 3.66597, 0.000182626, 0.000240384, -0.000193885, 
29, 110897, 5.03917, -13.0554, 8.73384, -5.9612e-05, 0.000168517, -0.000148214, 
30, 85578, -10.0059, -17.7837, 12.1711, 0.000140634, 0.000143535, -0.000251586, 
31, 29947.9, -9.48799, -14.8148, 0.405417, 0.000106868, 0.000166089, 2.0412e-05, 
32, 132455, -12.9006, -19.4833, -14.5115, 0.000243622, 0.00022155, -1.73994e-05, 
33, 130352, -10.197, 16.2556, 15.609, 1.36825e-05, -0.000136473, -0.000112198, 
34, 101577, 11.4547, 7.89993, -18.9361, -5.92064e-05, 5.30487e-05, 0.000210823, 
35, 37120.7, 11.4469, -15.1002, -0.132683, -0.000136799, 0.000237058, -5.26206e-05, 
36, 111512, -19.5393, 12.1404, -14.3804, 0.000195228, -9.07194e-05, 0.000124092, 
37, 85576.8, 17.0893, -8.97845, 10.2851, -0.000254392, -6.24953e-06, -0.000113399, 
38, 37768.8, 18.967, 14.4972, 10.9156, -0.000152869, -7.7183e-05, -6.63596e-05, 
39, 22057.8, 5.39602, -2.28655, -17.9161, -4.11644e-05, 3.52694e-05, 0.000181525, 
40, 27211.6, 8.03679, -18.9904, -10.8212, -0.000471609, 0.000432809, 7.29638e-05, 
41, 173428, 12.7124, 8.63769, 2.71744, -0.000159676, -4.96679e-05, -6.40832e-05, 
42, 253998, 13.8683, -12.8542, 10.7986, -0.000129755, 0.000154571, -0.000138371, 
43, 5109.09, -16.022, 10.2291, 8.21888, 0.000246477, -7.72542e-05, -8.48065e-05, 
44, 93787.3, 1.92208, -6.2038, -5.54288, -0.000184237, 0.000133504, 0.000279477, 
45, 18495.6, -1.41771, -14.5336, -2.72619, 7.11942e-06, 0.000190553, -7.1148e-06, 
46, 31956.3, -14.3686, -17.7048, -11.0825, 0.000274805, 0.000223838, -5.16973e-05, 
47, 62132.7, -7.56272, 9.14398, 19.3827, -2.52727e-05, -2.49864e-05, -0.000243424, 
48, 184868, -4.99614, 17.0848, 9.42207, -5.35737e-05, -0.000301362, -5.21875e-05, 
49, 52292.7, -17.7718, -14.3211, -8.37927, 0.000216171, 7.64384e-05, -7.40064e-06, 
50, 124482, 15.1736, -1.87582, -9.27207, -0.000177825, -2.35114e-05, 9.06833e-05, 
51, 8220.22, 17.2106, 18.8401, -9.94731, -0.000142446, -0.000260739, -1.63549e-05, 
52, 26263.4, -2.35413, -16.596, -19.8437, -0.000283053, 0.000296517, 0.000417737, 
53, 94384.3, 2.05219, 3.0063, 4.03525, -3.45065e-05, -6.18025e-05, -8.561e-05, 
54, 13035.4, -3.17932, 3.86201, -8.08793, -3.05968e-05, -7.41819e-05, 0.00011056, 
55, 164166, -10.0506, 19.187, 4.9017, 3.63806e-05, -0.000305818, 1.33315e-05, 
56, 110314, 15.026, 1.88732, -1.77006, -0.000191783, -6.38694e-06, 1.18759e-06, 
57, 339723, 7.14231, 16.7104, -5.84867, 0.000327442, 0.000351959, 0.000138619, 
58, 34786.1, -7.32183, 15.4989, 12.6114, -1.02109e-05, -0.000120867, -0.000204223, 
59, 278196, -19.6171, -6.61511, 13.2033, 0.000234675, 6.50282e-05, -0.000123554, 
60, 9642.68, 4.74025, -18.6183, -11.9085, 0.000285627, 0.000940062, 0.000668735, 
61, 63534, -14.2965, 18.2492, 0.298947, 0.000170906, -0.000252333, 6.59877e-05, 
62, 22547.5, -7.5974, -0.811543, 0.350139, 0.000205735, -8.08521e-05, 0.000151857, 
63, 6259.61, 17.9277, 10.1623, -8.02695, -0.000215906, -1.40326e-05, -1.46384e-06, 
64, 57968.1, 19.0197, -11.5427, -18.0522, -0.000263345, 6.16556e-05, 0.000183915, 
65, 409901, 17.2122, 14.7843, -12.3772, -0.000169036, -0.000116214, 5.2885e-05, 
66, 688.194, -1.61226, 14.2773, 15.4162, -0.000105093, -0.000124294, -0.000249681, 
67, 86979.8, -9.80417, 13.732, -0.223719, -8.61587e-05, -0.000198792, 0.00016917, 
68, 60388, -15.7057, -16.0206, -17.9813, 0.000204313, 4.43987e-05, 0.000172185, 
69, 63798.8, 7.31282, -8.72932, -9.02716, -8.62172e-05, 4.64655e-05, 0.000123585, 
70, 13257.1, -10.9973, 10.1565, -2.09251, -2.74278e-05, -5.46415e-05, 0.000163604, 
71, 28918.2, 9.71087, -19.9033, 11.1517, -7.91228e-05, 0.000187915, -0.000100646, 
72, 9942.01, 19.5294, -11.4085, 14.2579, -0.000241003, 5.65757e-05, -8.52335e-05, 
73, 42475.2, -19.7304, -1.98574, 19.9502, 0.00012242, 3.31999e-05, -0.000188385, 
74, 94725.8, -10.66, -5.11127, 7.02033, 0.000121246, 5.78581e-05, -6.26723e-05, 
75, 38096.4, -8.31751, -1.20711, 6.14642, 0.000100185, -3.13449e-05, -0.00016818, 
76, 137227, -11.9828, 12.3795, 0.13943, 0.0001497, -0.000157697, 0.000103898, 
77, 39314.1, -1.99166, 9.3545, -9.06118, 5.46027e-05, -0.000111851, 2.90773e-05, 
78, 251593, -15.4119, 3.1014, 7.31973, 0.000196906, 3.93198e-05, -7.51779e-05, 
79, 191231, 10.7809, -4.86199, 5.31729, -0.000302947, -0.000105692, -0.000137512, 
80, 34987.9, 18.3759, 18.7455, -4.43856, -0.000163589, -0.000138332, -4.03995e-06, 
81, 111447, -3.28958, -16.0083, -19.3394, 8.57408e-05, 6.04393e-05, 0.000207402, 
82, 14833.6, 11.7863, -19.0205, 0.706171, -0.000126915, 0.000224341, -2.52772e-05, 
83, 15976.5, 7.22491, -11.4545, 8.56331, -0.000155942, 7.99499e-05, -0.000158279, 
84, 47247.1, -17.3336, -18.1273, 10.2858, 0.000170781, 0.000144702, -6.10994e-05, 
85, 244699, 7.02821, -4.34065, 0.977421, -9.95827e-05, -1.63811e-05, 4.87566e-05, 
86, 24608.6, 18.4966, 9.82146, 19.4146, -0.00010361, -1.62365e-05, -0.000141112, 
87, 89124.7, 15.4558, 10.1977, -15.8017, -0.000229357, -3.83207e-05, 6.3641e-05, 
88, 23424, -2.95585, -9.54962, -19.223, -3.69608e-05, 7.23954e-06, 0.000225229, 
89, 4012.82, -5.99283, 2.84966, 0.0273848, 1.73503e-05, -9.83333e-05, 2.46924e-05, 
90, 61378, -4.55058, 15.5207, 10.2807, -0.000171121, 0.000147676, -0.000280404, 
91, 20792.7, 17.1137, 1.9896, -15.5488, -0.000182005, 3.57347e-06, 0.000105937, 
92, 81507, 14.0701, 8.64285, -17.0338, -0.000138689, 9.05813e-05, 0.000143048, 
93, 267014, 4.94104, 7.30846, -18.9385, -9.43256e-06, -2.52087e-05, 0.000198211, 
94, 44901.8, 19.8801, 10.043, 14.5926, -0.000144726, -1.85852e-05, -0.000100536, 
95, 65199.4, -8.4549, -19.125, -6.95837, 3.23658e-05, 0.000237024, -4.26666e-05, 
96, 14008.6, -6.89074, 2.02155, -14.9937, 1.68128e-06, -4.22977e-05, 0.00021779, 
97, 23972.4, 4.05233, 6.51037, -9.9374, 0.000111725, -0.000678358, 0.000394456, 
98, 190441, 5.20001, 18.7679, -1.96768, 7.7093e-06, -0.000280256, -0.000126331, 
99, 149937, 13.2778, -2.17021, -18.0571, -0.000107036, 2.21002e-05, 0.000156857, 
100, 82371.2, -13.4376, -12.3452, 12.3252, 0.000152845, 0.000105877, -0.000140199, 
101, 22664.8, -6.23228, -6.03886, -13.8642, -9.54982e-05, 4.98342e-05, 0.000305482, 
102, 49298.9, -1.01052, -18.2604, 13.2757, -6.3472e-05, 0.000203693, -0.000154205, 
103, 214780, 6.04355, 8.36324, 4.11461, -8.30271e-05, -9.72106e-06, -0.000112484, 
104, 44282.6, -19.3448, -5.08878, 7.14759, 0.000261714, 3.78932e-05, -1.81833e-05, 
105, 23377.9, -5.69917, 17.871, 3.75695, -8.68487e-05, -0.000233433, 3.231e-05, 
106, 2871.08, 7.48588, 14.9978, 13.1484, -6.97043e-05, -0.000108271, -0.00015853, 
107, 22127.2, -3.2609, 18.0488, -15.5852, 3.1654e-05, -0.000188082, 0.000134104, 
108, 133441, -13.4847, -19.4116, -19.2804, 9.86192e-05, 0.000159319, 0.000233137, 
109, 71807.8, -11.7671, -19.805, -15.5077, -0.000195926, 0.000312931, 0.000310772, 
110, 32588.3, -7.70291, -14.7356, 16.9467, 2.62463e-05, 7.92109e-05, -0.000225445, 
111, 86059.1, 0.815542, -13.1633, 18.6575, -4.84511e-05, 0.000117415, -0.000214163, 
112, 72597.4, 3.37256, 10.4161, 0.414045, 1.32016e-05, -4.56541e-05, 3.59951e-05, 
113, 26570.3, -14.9005, 15.3955, -5.58532, 0.000143707, -0.000201314, 8.13836e-05, 
114, 53183.2, -4.5012, 2.63014, -7.11141, 1.83632e-05, -4.30934e-05, 4.99858e-05, 
115, 16624.4, 7.56594, -9.0992, 5.73025, -1.35401e-05, 0.00027351, -0.000153609, 
116, 182866, 6.81045, 13.6105, 4.46492, -0.000124663, -0.000177189, -0.000144925, 
117, 98035.5, -18.3324, 2.27085, 16.9528, 0.000136192, 2.1324e-05, -0.000172219, 
118, 3934.14, -10.6889, -12.3614, 8.99392, 0.000208098, 0.000106443, -5.86173e-05, 
119, 1502.43, 4.93296, -15.8434, 2.16595, 1.34561e-05, 0.00023325, 5.87718e-05, 
120, 13042.2, 5.92242, -9.42402, 18.4651, -9.18599e-05, 5.75407e-05, -0.000200928, 
121, 27390.1, 6.13711, -8.85899, 0.384939, -5.21361e-05, 0.000194035, 2.94289e-05, 
122, 23494.5, 14.9196, -12.7593, -16.1618, -8.30719e-05, 0.000150081, 8.25055e-05, 
123, 131860, 17.0056, -11.2801, -8.34458, -0.000152727, 0.000122591, 0.000118868, 
124, 79067.5, -16.7114, -6.03529, 5.54571, 0.000181817, 8.90087e-05, 1.62005e-05, 
125, 4184.63, -17.9561, 15.8462, -17.3007, 0.000122868, -0.000150275, 0.000171042, 
126, 172604, 8.67669, -6.82208, 4.97131, -3.90573e-05, 0.000170703, -0.000110256, 
127, 69928.6, 19.5742, 4.43299, 8.10587, -0.000178179, -7.59764e-06, -9.58535e-05, 
128, 221692, -4.85206, -15.3712, 7.18232, -3.54522e-05, 0.000230849, 2.8765e-06, 
129, 129313, -13.2691, 8.00344, -3.74155, 0.000119147, -5.4041e-05, 0.000106981, 
130, 75586.8, -0.263836, 6.5372, -9.15059, 2.1795e-05, -2.53297e-05, 7.38928e-05, 
131, 150012, -9.3539, 10.1341, 4.88377, -6.41914e-05, -5.87969e-05, -8.01759e-05, 
132, 42750.8, -9.56846, 15.3627, 0.814169, -1.3696e-05, -0.000387562, 1.14639e-05, 
133, 20189.7, -15.0299, 0.901993, 0.816239, 0.000200723, 5.59813e-05, 1.87708e-05, 
134, 343428, -5.55769, -2.13272, 2.62947, 2.65515e-05, 1.22988e-05, -3.60652e-05, 
135, 55613.7, 1.0491, 18.4877, -5.42025, 0.000108984, -0.000257795, 5.02481e-05, 
136, 80631.2, 18.9519, -10.4101, -6.44973, -0.000302468, 4.5126e-05, -4.47063e-05, 
137, 36216, 17.9803, -12.0361, -17.0525, -0.000104207, 0.000183449, -4.088e-06, 
138, 118507, 0.0126117, -14.2489, -9.66119, 4.35282e-05, 9.4253e-05, 3.51847e-05, 
139, 31885.5, 12.0768, 16.1053, 10.8906, -8.67755e-05, -0.00011966, -0.000111272, 
140, 277743, -18.9714, 10.7369, 15.6693, 0.000226771, -8.14966e-05, -0.000154818, 
141, 37283.6, -4.45326, 7.87111, -15.8865, 6.86532e-05, 2.05968e-05, 0.000267411, 
142, 70883.1, -14.6515, -8.48479, -17.7198, 0.000145297, 7.59626e-05, 0.000250136, 
143, 41522.8, -12.9687, -10.2084, 2.94727, 0.000168009, 0.000126532, 1.39681e-05, 
144, 135253, -6.69174, -2.90593, -10.0727, -0.000162434, -0.000181475, 0.000123907, 
145, 153936, -15.6853, 13.7649, 13.5852, 0.000125539, -0.000162886, -0.000117162, 
146, 238818, -2.97088, 10.6568, -13.7541, 2.62923e-05, -0.000128523, 0.000163244, 
147, 54.6429, 0.333997, 9.4563, -14.5296, -0.000110151, -5.47158e-05, 0.000205282, 
148, 96925.5, -17.1012, 11.1085, -2.21336, 0.000281917, -0.00012529, 7.60751e-05, 
149, 84852.8, 1.2611, -7.67758, 17.9215, -5.83191e-05, 3.80441e-06, -0.00023224, 
150, 13545.7, 6.46928, 9.99649, -5.81821, -0.000103345, -2.46436e-05, 3.18125e-05, 
151, 95619.5, -18.3489, -19.3753, -7.67807, 0.000170023, 0.000159858, -1.41048e-05, 
152, 96639.7, 11.9259, -5.66263, -8.31695, -0.00011806, 2.84679e-05, 9.43377e-05, 
153, 133205, -1.9498, -9.53411, 13.7242, -5.44281e-05, 4.60588e-05, -0.000261195, 
154, 314952, -19.3396, 1.97861, -17.3186, 0.000162664, -2.28102e-05, 0.000163418, 
155, 170307, -9.06915, -13.3111, -9.74877, -4.95634e-07, 9.28282e-05, -5.06784e-05, 
156, 64387.5, -14.8955, 3.93242, -5.03487, 0.000236293, -2.29742e-05, 2.90339e-05, 
157, 62268, -0.671678, -11.2359, 3.3222, -3.28188e-05, 0.000162987, 2.59839e-05, 
158, 70314.2, -12.6521, -4.84141, 10.4143, 0.000114037, 3.29153e-05, -0.000167704, 
159, 262716, 12.1784, -11.4707, -3.0738, -0.000157806, 0.000121757, 1.21979e-05, 
160, 123640, 6.87309, -15.4814, 4.31299, -8.40342e-05, 0.000223608, -3.33722e-05, 
161, 32958.3, 0.04715, 0.657945, -3.76106, -3.93607e-05, -6.42804e-05, 4.15135e-05, 
162, 156472, -18.1175, 2.83356, -10.1427, 0.000225353, -3.50217e-05, 5.77808e-05, 
163, 238511, 0.492957, -5.38529, -3.51252, 2.71716e-05, 2.71867e-05, -1.98682e-05, 
164, 84660.5, 13.9267, -9.4669, 7.7497, -0.000185696, 4.20609e-05, -3.72913e-05, 
165, 177743, -12.2548, -1.29105, -9.00265, 0.000219854, 4.92469e-05, 4.89956e-05, 
166, 69979.6, 14.8422, 15.0145, 17.1612, -3.09103e-05, -8.65573e-05, -0.000190629, 
167, 251405, 11.886, 13.193, -19.0514, -5.67514e-05, -0.000145428, 0.000190625, 
168, 50070.4, 16.637, -10.3075, -17.7026, -0.000102031, -5.78081e-06, 0.000132313, 
169, 41049.8, -12.839, 2.75336, -5.01538, 6.85488e-05, 1.9289e-05, 1.44058e-06, 
170, 68791, 13.9161, -2.38578, 15.4954, -0.000121668, -1.65255e-05, -0.000160849, 
171, 200886, 4.35142, 5.55446, -9.50812, -0.000119479, 7.19136e-05, 5.59734e-05, 
172, 35484.5, 17.9003, -11.4125, 15.3358, -0.000133394, 4.37908e-05, -0.000153773, 
173, 148086, -10.5117, 17.2016, 18.7575, 3.76671e-05, -0.000184588, -0.000270663, 
174, 53140, -17.0377, -6.67568, 13.0921, -0.000145649, 7.4321e-05, -0.000136047, 
175, 24766.4, 18.9129, -12.5911, 16.9914, -0.000154374, 9.56569e-05, -0.000179533, 
176, 7733.58, -10.1555, 15.9745, 19.416, -8.68446e-05, 0.000239351, -0.000461005, 
177, 13913.4, 12.4368, 19.0089, 1.49411, -0.000101877, -0.000170216, -3.41097e-05, 
178, 114302, -9.6223, -18.8647, 17.4569, 5.84603e-05, 0.000154575, -0.000192451, 
179, 68069.5, 14.3504, 8.1711, -6.2852, -0.000164723, -2.82804e-05, 3.24383e-05, 
180, 51389.3, -11.6075, 0.397973, -8.89981, -2.92676e-07, -0.000378637, 5.06063e-05, 
181, 20597.4, -0.204857, 14.4536, 8.56555, -9.60912e-05, -0.000121703, -9.64962e-05, 
182, 34748.5, -11.0875, -8.24897, -12.7791, 0.000145526, 0.000131003, 0.000190042, 
183, 112126, 0.131752, -7.48126, 7.22491, -8.1429e-05, 2.73223e-05, -0.000107325, 
184, 177391, -6.13532, -10.8932, 9.33163, 0.000473088, 0.000311549, -0.000202366, 
185, 181759, -0.182751, -16.9941, -16.2597, -4.12915e-05, 0.000152911, 0.00015478, 
186, 19654.2, -16.3924, 9.30146, 15.8391, -9.2927e-05, 7.36959e-05, -0.000209957, 
187, 246285, -4.64272, -9.92351, 9.06579, -0.000247231, -0.000132017, -6.90978e-05, 
188, 138749, -10.5089, 6.57244, -13.0937, 7.50066e-05, -7.82861e-05, 0.000159077, 
189, 281810, -14.304, 14.2374, -12.3979, 9.57509e-05, -0.00015752, 0.000108094, 
190, 13844, -11.4798, 1.19991, 3.82731, 0.000109253, 2.72419e-05, -7.13088e-06, 
191, 74045, 13.3641, -10.0784, -18.6052, -4.81326e-05, 5.51323e-05, 0.00017325, 
192, 20388.3, -10.4821, -10.5964, 18.538, 6.77132e-05, 5.03015e-05, -0.000221867, 
193, 313096, -8.9795, -18.8926, 8.64666, 9.58215e-05, 0.000252363, -2.36431e-05, 
194, 151155, -8.28798, -12.7199, -16.1296, 1.04012e-05, 6.27611e-05, 0.000224064, 
195, 8777.79, -11.8724, -4.24071, 14.7967, 5.06395e-05, 1.91858e-05, -0.000231815, 
196, 64134.7, -8.51495, 13.6445, -18.4792, 5.39843e-05, -0.000127327, 0.000195126, 
197, 147571, 18.2521, 8.78441, 1.88917, -0.000228281, -5.27407e-05, -3.33508e-05, 
198, 33645.9, -7.61516, 14.0853, 2.04955, -0.000141182, -0.000161403, -1.50481e-05, 
199, 45139.3, 13.0715, 11.589, 15.3697, -5.85763e-05, -1.79071e-05, -0.000131489, 
