ID, Mass [kg], pos_0 [m], pos_1 [m], pos_2 [m], vel_0 [m/s], vel_1 [m/s], vel_2 [m/s], 
0, 5682.38, -23.1331, -2.24417, -2.0659, -0.0042019, -0.00358538, -0.00192503, 
1, 51291.5, -19.6422, -11.495, 16.3618, -0.00500104, -0.00432376, 0.00580091, 
2, 73779.3, 2.93886, 5.58145, 0.97523, 0.00330136, -0.00318644, -0.000863118, 
3, 9731.99, -3.79251, 14.7981, 19.1717, -0.00109936, 0.00470943, 0.00208689, 
4, 104587, -1.43921, -2.8081, 5.40097, 0.00132919, -0.00327269, 0.00221192, 
5, 42215, 1.72447, 0.989424, 2.35817, 0.00114022, -0.005412, -0.00350839, 
6, 57220.4, 16.6146, 6.46553, -19.2031, 0.00389137, 0.00466609, -0.0039275, 
7, 44855.5, 0.973673, 0.522365, 2.69722, -0.00383453, -0.00109112, 0.0101975, 
8, 276797, 0.299292, -4.8601, 3.97102, -0.00186215, 0.00555555, -0.000614637, 
9, 2643.18, -2.8923, 1.88676, 3.88071, 0.00678211, -0.00351903, 0.00530385, 
10, 33961.7, 9.03459, -13.0354, -8.43595, 0.000519623, -0.00223962, -0.000175102, 
11, 8691.35, -7.61896, 32.2499, -24.1205, -0.000486645, 0.00654556, -0.00633176, 
12, 141682, 4.15832, -3.59319, 5.92107, 0.00344605, -0.000750448, -0.000802785, 
13, 288611, -15.5451, -7.47679, -2.44444, -0.000941424, -0.00276832, 0.000355102, 
14, 512847, -0.490821, 2.45423, 0.462804, -0.00277827, 0.00449077, 0.00404222, 
15, 15651.7, -0.674279, -4.52258, 5.07294, -0.00210202, -0.000465676, -0.00140601, 
16, 182451, 9.52708, -11.1406, 28.8998, 0.00392241, -0.00206392, 0.00532426, 
17, 62197.8, -12.0346, -11.8281, 4.22046, -0.00229421, -0.000500977, 0.000248574, 
18, 185440, -16.4766, -8.65539, 2.91186, -0.00143186, -0.00379333, 0.00110427, 
19, 36701.4, 15.5077, 24.8798, -22.9031, 0.00425776, 0.00597041, -0.00579222, 
20, 106936, -33.4128, -19.1604, 9.78808, -0.00819635, -0.00488231, 0.00233975, 
21, 161838, -4.09345, -1.44974, 6.8655, -0.00195309, -0.0024177, 0.0022513, 
22, 144875, -2.86142, -6.40902, 4.43717, -0.0014552, -0.00208549, -0.00214207, 
23, 100936, 4.7672, 17.48, 12.4087, -4.48298e-05, 0.00295309, -5.8405e-05, 
24, 95186.1, 21.4724, 22.0841, 20.5368, 0.00561887, 0.00406225, 0.00401617, 
25, 151808, 14.0153, -14.7299, 27.1164, 0.00483478, -0.00291722, 0.00651606, 
26, 118354, -0.708933, 4.29843, 4.41125, -0.00438413, -0.000120075, -0.00810145, 
27, 149234, -2.80882, 5.37814, 2.14817, 0.0071018, -0.00375928, 0.000508847, 
28, 9985.68, -6.46946, 1.33828, 1.04425, 0.00596338, -0.00349551, 0.00156082, 
29, 180895, 3.98777, 11.1553, 2.07321, 0.00188144, -0.00409942, 0.00353487, 
30, 486.041, 7.19513, 12.7041, -7.68313, 0.00223877, -0.000904599, 0.00116556, 
31, 70262.9, -2.75135, -4.45036, 2.24039, -0.000406604, -0.000303606, 0.0026664, 
32, 45902.1, 2.22345, -3.19721, 4.15401, 0.0022064, -0.000908367, -0.000775786, 
33, 24444.7, 6.84401, -2.03785, -2.09486, -0.000823246, -0.00195679, 0.00334697, 
34, 65679.9, -4.2089, 7.13736, 4.0846, 0.00168339, 0.000426818, -0.00249253, 
35, 3309.29, -16.2631, -10.5411, -4.61646, -0.000294505, -0.00635856, -0.00167181, 
36, 8280.38, -25.0047, 23.6973, -7.1153, -0.00509203, 0.00555124, -0.00331415, 
37, 94538.9, -2.00893, 2.21451, 5.59848, 0.000115589, 0.00264884, -0.00310194, 
38, 30213.7, 28.513, -10.7578, -11.1007, 0.00900033, -0.00120558, -0.000287274, 
39, 53471.9, -9.50244, -2.71132, -11.8935, 1.14673e-05, 0.00282276, -0.00106067, 
40, 43100.3, -13.5828, 16.3479, -14.4096, -0.00189949, 0.0028782, -0.00347696, 
41, 44746.6, 9.00868, 21.5894, 10.3663, 0.00206717, 0.00473104, -0.000676163, 
42, 34053.9, 2.26073, 10.9806, 23.0742, -0.00031931, 0.00355056, 0.00549915, 
43, 54380.2, 1.2955, 1.014, 1.27928, -0.00212287, -8.94212e-05, 0.00702416, 
44, 38723.2, 15.2772, -4.88126, -17.1561, 0.00249657, -0.000418665, -0.00445349, 
45, 2321.23, -16.2975, -6.16891, -2.20841, -0.00169938, -0.000590114, 0.00181227, 
46, 241169, 9.7664, 6.1852, -1.47055, 0.00382929, -0.00148619, 0.0002514, 
47, 344827, 1.15116, 0.497672, 1.94607, -0.00435503, 0.00189148, 0.00888137, 
48, 39271.1, 7.89646, 2.18044, 5.51723, 0.00167584, -0.00386086, 5.72458e-05, 
49, 19687.8, -26.4578, 22.662, -7.48601, -0.00693428, 0.00647296, -0.003649, 
50, 61216.8, 8.84779, -9.29472, -1.11867, 0.00166396, -0.00143413, 0.00264513, 
51, 19182.2, -21.0326, 27.308, -15.5542, -0.00476105, 0.00729145, -0.00509274, 
52, 12420.5, 0.649589, 3.35883, 2.37643, 0.00647733, -0.00263538, -0.00924543, 
53, 85447.4, -34.5159, -3.15852, -15.8797, -0.00814782, -0.000833358, -0.00338739, 
54, 361436, -0.926675, 3.29856, 0.589018, -0.00616625, 0.00689941, 0.0089202, 
55, 158926, 10.3805, 5.85566, -19.9601, 0.00299088, 0.00126543, -0.00324633, 
56, 49282.6, -16.7852, 23.0443, -21.2405, -0.00216054, 0.00544204, -0.00658311, 
57, 218355, 0.991647, -0.0213201, 0.860256, -0.00533974, 0.00153752, -0.00368133, 
58, 22371.5, 28.3656, -10.5686, -8.21197, 0.00930947, -0.00198382, -0.00111217, 
59, 55919.9, -13.7959, 20.4664, -23.5185, -0.000737818, 0.00275709, -0.00465022, 
60, 21598.8, -3.27586, 5.01427, 3.19536, 0.00627919, -0.00705383, -0.00126142, 
61, 398.952, 0.43865, -4.58527, 3.04143, 0.00229842, -0.000729854, -0.00179183, 
62, 1108.92, 1.11174, -4.64857, 27.6243, 0.000889573, -0.000678758, 0.00517738, 
63, 108555, -8.1444, 5.88427, -1.78999, -0.00224439, -0.00530659, -0.000327631, 
64, 244863, 9.32319, -3.93664, 19.7195, 0.00147813, -0.000623011, 0.002539, 
65, 220694, -16.0629, 22.3472, -18.5929, -0.00210759, 0.00525772, -0.00475767, 
66, 61700, -5.09719, 31.4361, 15.4432, -5.73099e-05, 0.00702058, 0.00304011, 
67, 55388.9, -17.2918, 5.71268, 13.3405, -0.00563194, 0.00152947, 0.00433414, 
68, 211156, -0.278127, 4.27426, 1.4484, 0.00284191, -6.24901e-05, -0.00516681, 
69, 12720.6, -2.24899, -13.5314, 5.72269, 8.22014e-05, -0.00141469, -0.00122855, 
70, 25096, -8.58226, -1.71535, -0.257343, 0.0047186, -0.00226127, -0.00179959, 
71, 179870, 5.18271, 12.6785, -6.19224, 0.0015163, -0.000280038, 0.00121079, 
72, 79123.8, -33.596, -9.31967, -1.1488, -0.0056015, -0.00160696, -0.000607148, 
73, 110870, -4.19178, 1.68768, 3.91414, 0.00312014, -0.00360704, -0.00101664, 
74, 43359.1, 15.1704, 14.3185, 16.7439, 0.00223221, 0.0055267, 0.00154892, 
75, 140124, -1.99874, -1.56778, 1.51032, 0.00443618, 0.0038012, 0.00530329, 
76, 229268, -11.7032, 17.5169, -19.7052, -0.00134321, 0.0025325, -0.00316554, 
77, 302149, -0.957039, 4.62521, 5.01445, -0.00325458, 0.00108503, 0.000638785, 
78, 100708, -15.5609, -6.9594, -4.93919, -0.00230974, -0.00266406, -6.43194e-05, 
79, 46633.4, 0.686492, 3.75794, 2.61244, 0.00565596, 0.00292537, -0.00122397, 
80, 143926, -8.51303, -3.65667, 4.87349, 0.00470456, -0.00299907, -0.000991212, 
81, 270.261, -29.2012, 5.57876, 13.4755, -0.00500714, 0.000737499, 0.00194707, 
82, 159650, 1.76656, 1.63118, 3.53277, 0.00321663, -0.00326863, -0.00389368, 
83, 24756, 7.44655, 0.805281, 0.987447, 0.00245986, -0.00542663, -0.000693993, 
84, 18375.3, 10.2083, -3.1503, 3.14033, -0.00178126, -0.00259799, 0.000723601, 
85, 491877, 26.0828, -10.4524, -11.3822, 0.00673456, -0.00170823, -0.00207006, 
86, 194807, -0.908136, 1.0938, 1.29985, -0.00158429, -0.000901606, 0.00320139, 
87, 8649.23, 13.8112, 4.67157, 6.37366, 0.0026108, 0.00179299, -4.26295e-05, 
88, 138901, 1.8544, -6.1437, 11.8412, -0.00244663, -0.0023747, 0.00175494, 
89, 50202.9, 7.4005, -2.31728, 6.6423, 0.00261468, -0.00343948, -0.00080011, 
90, 98321.9, -4.08598, -3.41569, 5.92467, 0.00311905, 0.00266114, -0.00203827, 
91, 384069, 0.0673469, 2.70845, 2.51737, 6.45201e-05, -0.00607864, -0.0035605, 
92, 81279.9, -7.56171, -12.3593, 2.20157, -0.00194104, -0.00178907, -0.00182608, 
93, 91375.2, -0.01815, 2.69188, -2.46575, 0.000958014, -0.00108435, 0.0053667, 
94, 5476.7, -10.4828, -12.1481, 5.1347, -0.00120607, -0.00426313, 0.00198125, 
95, 33452.5, 1.14247, 10.8903, 5.11046, 0.00262205, -0.00309963, 8.39218e-05, 
96, 25752.1, -19.1466, -4.81825, -4.61194, -0.00802563, -0.00272718, -0.00280758, 
97, 200797, -0.217573, 0.543315, -1.9636, -0.00275074, -0.00162512, 0.00341115, 
98, 298981, -2.96967, -0.482036, 3.2241, 0.00143279, 0.00572826, -0.00302162, 
99, 93146, 5.31435, 1.13397, 1.38912, -0.00209612, -0.0037652, 0.00135746, 
100, 8612.85, -15.1535, 9.803, -14.2279, -0.00124691, 0.00124934, -0.00205276, 
101, 24343.5, -3.08923, 14.6075, 6.62841, -0.00042115, -5.96726e-05, -0.0013201, 
102, 10296.7, -6.89539, 17.0698, -11.6081, -0.000147653, 0.000806991, 0.000608619, 
103, 15719.8, -8.53644, -5.49338, 18.3116, -0.000945695, 0.000850397, 0.00220599, 
104, 230040, -1.60635, 7.72003, -0.452631, -0.00160814, -0.00473202, -0.00407032, 
105, 17846.1, -6.80679, -4.1984, 4.84057, 0.00559201, -0.00282624, -0.000925862, 
106, 22216.6, 2.9074, 6.70952, 1.54791, 0.00289851, -0.00219852, -0.00062517, 
107, 98486.7, -0.62207, 11.0707, 17.7202, 0.000524802, 0.00289871, 0.000379953, 
108, 214214, -26.8278, -0.22889, -20.9967, -0.00713546, 6.95835e-05, -0.00590603, 
109, 131614, 0.994344, 1.83787, -0.357656, 0.000637213, -0.00408058, -0.00438798, 
110, 160023, -0.992502, 3.82417, 1.63414, 0.00552272, 0.00020432, -0.00359555, 
111, 115735, 0.0777767, -2.04656, 3.109, 0.00058611, 0.00293532, -0.00447005, 
112, 378585, 16.4756, 2.74904, -23.0656, 0.00352197, 0.00204498, -0.0051242, 
113, 83295.8, -22.5039, 3.56931, -4.14302, -0.00287379, 0.00177876, 0.000217749, 
114, 148827, -6.88147, 0.00179246, -0.699683, 0.00537793, 0.00378832, 0.000302763, 
115, 285284, -2.66125, -16.0581, 27.329, -9.73493e-05, -0.00466922, 0.00651409, 
116, 515864, 1.3641, 2.29199, -1.05905, -0.00419365, -0.00269327, -0.000865295, 
117, 88363.5, 6.90309, -5.60386, 16.7224, -3.88443e-05, -0.00293659, 0.00229715, 
118, 155064, 11.7317, 4.06318, 7.89743, 0.00488911, 0.00394224, -0.00156164, 
119, 18098.3, 3.3169, 1.17642, 1.58324, 0.00212945, -0.00596635, -0.000457535, 
120, 34391.6, 27.5619, -14.9754, -9.28096, 0.00712487, -0.00240128, -0.000333465, 
121, 78154, -4.76102, -4.23706, 1.6977, 0.00421669, 0.00351171, 0.00150675, 
122, 10497, -0.561385, 1.05215, -1.4438, 0.00353465, 0.000301704, 0.00685227, 
123, 59058.1, -4.99599, 17.7977, 2.72632, 8.8468e-05, 0.002328, 0.00161143, 
124, 5646.35, 1.7753, -2.66329, 4.2391, -0.00297832, -0.00639936, -0.00345185, 
125, 103346, -1.5484, 2.74923, 1.32253, 0.0030524, -0.000733397, 0.00580977, 
126, 64702.5, -33.316, 0.174107, 9.19068, -0.00805235, 7.71082e-05, 0.00335151, 
127, 199056, 1.46767, 1.42837, -0.669886, 0.00327726, 0.00413426, -0.00320283, 
128, 192649, 0.758844, 1.71084, 3.67052, -0.000160327, -0.0042649, 0.00455731, 
129, 1707.71, -0.49246, -1.96753, -1.38752, -0.000880023, 0.00173472, -0.00513793, 
130, 19869.9, -0.0936178, 1.74464, -2.20101, 0.00414638, -0.00647382, 0.000832438, 
131, 143979, -0.825948, 2.70338, 1.78784, 0.00881081, 0.0034572, -0.00809848, 
132, 37850.6, -36.0233, 18.9395, -10.625, -0.0101268, 0.00459268, -0.0024306, 
133, 50031.5, 0.546821, 2.83889, -0.320069, -0.00333924, 0.000816849, 0.00505724, 
134, 369068, -20.7877, 1.11099, -7.85541, -0.0011365, 0.000498742, -0.00102815, 
135, 3806.98, 0.672768, -14.7621, 1.84408, -0.00065971, -0.00280788, -0.000976501, 
136, 64591.7, 8.41326, -5.73439, -8.6722, 0.000955962, -0.00291268, 0.00152937, 
137, 1688.15, -9.69287, -8.91332, 3.698, 0.000932296, -0.00551564, 0.00257296, 
138, 439943, -3.5665, -3.7212, 1.03519, 0.00439293, -0.00104398, 0.0027581, 
139, 72054.1, 3.11186, 1.89283, -2.27384, 0.00198042, 0.00766528, -0.000774853, 
140, 10511.3, -3.03739, -11.336, 19.8533, -0.000493635, -0.00322603, 0.00300208, 
141, 28560.6, -3.50371, 8.29518, 1.91366, 0.00576379, 0.00155215, -7.60012e-05, 
142, 92270.6, -7.08693, 4.71288, 0.63767, 0.00165155, 0.00333391, 0.000985442, 
143, 57507.6, -27.4013, 8.47885, 16.7636, -0.00630589, 0.00210687, 0.0038811, 
144, 106955, -8.94402, -3.78038, 17.1507, 0.000774396, -0.000274024, 0.00116061, 
145, 53021.1, 1.44693, 4.41868, 3.93601, -0.000908476, 0.000932096, 0.000524062, 
146, 127593, 4.70854, 0.679388, 1.2352, 0.0027734, 0.00479746, -0.00199335, 
147, 31386.3, 0.892518, -0.675579, 0.0413296, 6.11449e-05, -0.000214729, -0.00232953, 
148, 89613.6, -8.36947, 15.4156, -11.1159, 0.00140855, -0.000439817, -0.00356418, 
149, 251415, 11.1622, -1.97274, 20.1412, 0.00163482, -0.000299709, 0.000835854, 
150, 55890.6, -9.2442, -4.18721, 0.575594, 0.00248009, -0.00629488, -0.000318954, 
151, 174949, -3.32616, 2.27722, 0.768589, -8.04765e-05, -0.00716809, -0.00246468, 
152, 66072.8, 10.6913, -9.94744, 8.99603, 0.000619385, -0.000207144, 0.00211772, 
153, 19075.8, -0.256824, 6.0677, -4.76025, 0.00113927, -0.00518963, 0.00262852, 
154, 47261.5, -8.52643, 1.05786, -0.451439, 0.00247727, -0.00252155, 0.00472362, 
155, 102102, 0.366212, 2.51366, 0.171093, 0.00847453, -0.000134989, 0.000856436, 
156, 5375.03, 4.68078, 3.74374, 1.39378, 0.00383192, 0.00189664, -0.00199624, 
157, 3761.7, 8.22275, 0.534903, -8.26767, 0.000389433, -0.00261779, 0.00139837, 
158, 7652.65, 0.673421, 7.90504, 10.0598, 0.0015457, -0.000181877, 0.00278705, 
159, 47070.1, -0.80906, 1.16366, -1.45111, 0.00357181, 0.00337816, -0.00281641, 
160, 17972.9, -3.88112, 2.19163, -2.18827, 0.000775242, 0.000336402, 0.00613914, 
161, 218629, -0.907947, -11.9234, 7.9771, -0.000490076, 0.000499139, -0.000189823, 
162, 138887, -1.2203, 3.15816, 1.87865, -0.00708296, 0.00277363, -0.00537754, 
163, 33277.3, 9.66458, -5.13557, -5.8265, 0.00300099, -0.00438581, 0.00210175, 
164, 167891, -1.64525, 0.0865672, 1.99652, -0.00473604, -0.000813359, -0.00699679, 
165, 62570.5, -3.56037, -31.4726, -7.3363, 0.000186218, -0.00770436, -0.00197337, 
166, 38130.4, 4.77323, 29.5811, 16.7394, 0.00225287, 0.0061107, 0.00311245, 
167, 22403.8, 3.61452, -11.4148, 26.8858, 0.00158881, -0.00330281, 0.00471525, 
168, 1479.59, 14.5001, 7.85464, -23.8153, 0.00425195, 0.00281165, -0.00561966, 
169, 20399.9, 1.1885, -16.9927, 26.8861, 0.000178058, -0.00574475, 0.00542831, 
170, 115854, 2.29306, 2.48187, -2.04678, 0.00208871, 0.0041208, 0.0042391, 
171, 27762.9, 1.16862, -0.826349, 2.46184, 0.0007044, -0.00710143, 0.00247996, 
172, 250928, -2.63371, 1.77445, 2.98977, 0.00869394, 0.00304546, -0.00459591, 
173, 74469.2, -25.0442, 11.4055, -6.61436, -0.00586556, 0.00526671, -0.00196273, 
174, 143481, -30.293, 20.4413, -12.7456, -0.00749803, 0.00541161, -0.00393107, 
175, 27145.1, -0.293776, 2.98526, 1.29478, 0.00861426, 0.00108877, -0.000293244, 
176, 32620.6, 7.06278, 7.27221, 9.18159, 0.00296893, -0.00102136, 0.000926196, 
177, 52575.7, 0.279573, -17.6754, 30.8075, -3.02702e-05, -0.00512851, 0.00890797, 
178, 19746.4, -3.50401, -0.980958, 7.10246, -0.00173715, -0.00167659, 0.00331863, 
179, 33623.1, -18.5146, 1.95356, -7.00471, -0.00223401, 0.00149123, 0.000966118, 
180, 50349.8, -27.8439, -18.1575, -14.7419, -0.00631877, -0.0042397, -0.00326827, 
181, 89376.8, -14.4582, 0.839054, -5.76987, 0.000673504, 0.00210927, 0.00146008, 
182, 42160.2, 1.5712, -0.490245, 30.1261, 5.88382e-05, -0.000109681, 0.00802003, 
183, 100544, -18.3249, -9.26499, -2.81574, -0.00387699, -0.00313434, 0.000802887, 
184, 1446.88, -3.51942, 1.12782, 2.98176, 0.00771728, 0.00242357, 0.00382548, 
185, 119694, -3.02646, 7.56209, -1.93687, 0.00368458, 0.00134025, -0.000619211, 
186, 120999, -4.15239, 6.29181, -2.41105, -0.00313609, -0.00586867, 0.00233411, 
187, 52698.3, 0.751025, 5.0277, 0.841929, 0.00706158, -0.00106418, 0.00158656, 
188, 105467, 8.80697, -4.99684, -5.06149, 0.00177469, -0.000988993, 0.00222542, 
189, 99748.4, -3.13475, -21.8859, 12.6514, -0.00110723, -0.00482389, 0.00235043, 
190, 77133, -0.387098, 2.20566, 2.94699, 0.00124315, 0.000996836, -0.00655165, 
191, 178804, 0.218191, 7.75823, 1.81655, -0.00354631, -0.00456168, -0.00461152, 
192, 8685.6, -3.77174, 1.14708, 7.71093, 0.00265497, 0.00102645, 0.00257644, 
193, 256954, 4.71133, 10.437, 14.5616, 0.00406661, -0.000244943, 0.00476838, 
194, 53540.6, 8.86821, -5.35541, 3.65009, 0.00230719, 0.000243466, 0.00225746, 
195, 220652, -1.90152, 0.358165, -3.30077, 0.00211358, -0.00130604, 0.000195606, 
196, 10258.1, 5.40841, -4.76838, 6.87947, 0.00191991, 0.00350507, -0.00162873, 
197, 6083.3, -12.2525, -10.2172, 16.3985, -0.0031487, -0.000787469, 0.00201242, 
198, 127562, 8.22091, 14.7129, -4.91966, 0.00138927, 0.00100365, -0.000232393, 
199, 34766.2, -14.4206, -0.636191, -5.57601, 0.00132896, -0.000282624, -0.00166049, 
