ID, Mass [kg], pos_0 [m], pos_1 [m], pos_2 [m], vel_0 [m/s], vel_1 [m/s], vel_2 [m/s], 
0, 83183.7, 20.767, 45.9466, 0.801458, -0.000331467, -0.000680921, -8.59607e-05, 
1, 128657, 2.33268, -40.299, 43.1135, -7.03603e-05, 0.000467242, -0.000555855, 
2, 47972.7, -43.9684, 38.4619, -31.9515, 0.000416047, -0.000507623, 0.000401711, 
3, 33292.3, -11.2924, 35.2521, 4.23489, 2.43624e-05, -0.000676408, -0.000181304, 
4, 53679.7, 7.03144, -19.0198, 13.9575, -0.000257189, 0.000317398, -0.000548952, 
5, 235.298, -42.4565, -31.1626, 13.9943, 0.000658626, 0.000147886, 1.19782e-05, 
6, 51642.8, -22.8444, -45.8343, -23.6867, 0.000238295, 0.00104278, 0.000109867, 
7, 18172.4, -10.8468, 41.8502, 44.2097, -5.72498e-05, -0.000441101, -0.000474284, 
8, 49899.2, 8.54761, -34.0057, 27.3081, -0.000101716, 0.0006098, -0.000389424, 
9, 177450, -16.5186, 15.7631, 30.8405, -2.60605e-05, -0.000423501, -0.000513936, 
10, 101538, -37.4685, -37.3598, -16.674, 0.0009144, 0.0004415, 4.73998e-05, 
11, 173078, -43.6984, 7.7418, 23.5407, 0.000674246, -8.50452e-05, -0.000359335, 
12, 235982, -41.854, -19.1819, 35.1551, 0.000182445, 0.000253914, -0.000300321, 
13, 70247.8, 40.9592, 47.6771, -35.8966, -0.000326051, -0.000384947, 0.000290625, 
14, 39201.1, 4.99662, -41.4327, -22.2018, -7.09561e-05, 0.00235235, -2.94492e-05, 
15, 57565.2, 4.83874, 43.4508, 11.9493, 0.000151493, -0.000679352, -9.50499e-05, 
16, 390951, 12.9393, -16.1013, -2.92577, -9.96871e-05, 0.000566492, -5.30996e-05, 
17, 141386, -32.0277, -40.0961, -21.0513, 0.000424496, 0.000714455, 0.000276782, 
18, 126243, -42.7542, -3.88299, -7.94555, 0.000608767, -0.000287748, 0.000224388, 
19, 237835, -19.1877, 27.2666, -2.89205, 0.000196712, -0.000514648, 1.00097e-05, 
20, 33312.9, 22.598, 42.9295, 18.6706, -0.000591358, -0.000532657, -0.00027302, 
21, 218860, 11.6066, 1.84308, -1.7705, 3.2758e-05, -0.000684066, -0.000424926, 
22, 75238.4, -20.2425, -1.72307, 14.0798, 0.000431692, -7.08461e-05, 2.43726e-05, 
23, 52869.6, 33.633, -7.20034, -32.9022, -0.000424593, 0.000223624, 0.000708168, 
24, 184404, -38.5788, 31.1694, 45.1416, 0.000406967, -0.000406271, -0.000469771, 
25, 40067.7, 45.7034, 12.1704, 15.6984, -0.000755409, -0.000253366, -8.31885e-05, 
26, 36311.1, -20.5256, 43.5546, -6.09763, 0.000331364, -0.000931459, -6.78053e-05, 
27, 61313.8, 30.6728, -12.12, 18.1441, -0.000389582, 0.000138655, -0.000466731, 
28, 165565, 21.1638, -26.2234, -6.29229, -0.000512937, 0.000822171, 0.00023693, 
29, 12545.8, -35.7563, 30.2687, 47.2026, -0.000650304, -7.32335e-05, -0.00122326, 
30, 120708, 2.9137, 6.25439, 34.7848, -0.000239399, 5.2813e-05, -0.000589982, 
31, 188330, 3.78053, 19.2975, 36.5974, -0.000105338, 0.000816668, 0.000864209, 
32, 168542, 13.0432, 31.9432, 17.1146, -0.000121, -0.000573526, -0.000237437, 
33, 21895.1, -29.1395, 27.8821, -25.6638, 0.000438214, -0.000587588, 0.000376396, 
34, 54309.5, 4.97877, -41.3431, -22.1807, -0.000397552, -0.000305949, 0.000424786, 
35, 114158, -43.4144, -43.5309, 46.7244, 0.000810911, 0.000214431, -0.000695369, 
36, 17002.8, 28.2345, 8.78241, -4.671, -0.000122244, 0.000148558, -0.000228988, 
37, 13778.1, -16.6366, -29.801, -29.3991, 0.000568227, -0.000778034, 0.000177651, 
38, 145485, -6.88522, -13.9521, -42.2325, 3.4313e-05, -8.39643e-05, 0.000797279, 
39, 22080.7, 32.3366, -41.9519, -17.8585, -0.000377705, 0.000654986, 0.00016965, 
40, 76098.9, -45.6157, 18.941, 11.231, 0.000892351, -0.000274573, -5.23334e-05, 
41, 152709, 33.9964, 3.67879, 4.50152, -0.000405508, -0.000270962, -0.000413789, 
42, 185115, -36.4122, 24.5391, 9.99373, 0.000471578, -0.000352256, 0.000287638, 
43, 268899, -34.2484, -46.6854, 44.1314, -0.00037052, 0.000644644, -0.000598352, 
44, 16945.9, -16.2456, -14.7739, -4.79968, 0.000429488, 6.1859e-05, 9.94432e-05, 
45, 86302.2, 38.7353, 48.1438, -9.28945, -0.00041715, -0.000549849, 0.000202859, 
46, 8704.85, -5.28326, -35.4845, -8.98844, -6.65094e-05, 0.000938112, 0.000118306, 
47, 5070.43, -44.4986, -18.0983, 33.9937, -0.000364008, 0.000468022, -0.000650264, 
48, 165598, -0.705247, -8.89146, -4.97318, 0.000328453, -4.8171e-05, 2.73072e-05, 
49, 61598.2, -46.87, 23.8495, -14.5067, 0.000670872, -0.000351622, 0.000128683, 
50, 49162.5, 10.2164, -27.4839, 29.6464, -0.000305808, 0.000254697, -0.000582878, 
51, 64917.6, -25.8118, -8.36958, -36.7646, 0.000310977, -0.000149797, 0.000713283, 
52, 167901, 17.8403, -9.42077, -2.02654, -0.000822639, -0.000168197, -0.000392705, 
53, 12321.9, -20.7812, -16.3105, 17.8436, 0.000485234, 0.000288295, -0.000125877, 
54, 33262.7, -23.0146, 33.0715, -22.2456, 0.000269421, -0.000671751, 0.000276979, 
55, 207078, -10.0351, 0.76918, -16.0746, 0.000126451, 1.89797e-05, 0.000272142, 
56, 27724.5, 14.1361, -36.8593, 13.9442, -0.000208473, 0.000691327, -0.000271905, 
57, 17609.8, 24.6403, -43.5081, 15.2175, -0.000265428, 0.00071379, 5.63164e-06, 
58, 12328.7, -31.4108, 20.0733, 35.4754, 0.000413697, -0.000325553, -0.000634988, 
59, 43139.2, -39.1938, -23.7365, 5.73698, 0.000625783, 0.000273593, -0.00010622, 
60, 106846, -37.8075, -45.4532, 42.4219, 0.00109508, 0.000212598, 0.000370072, 
61, 72802.7, 40.0828, -21.0884, 17.726, -0.000626678, 0.000207316, -0.00041489, 
62, 46181.4, -26.7195, 22.4519, -40.3009, 0.000357519, -0.00031479, 0.000671966, 
63, 4752.12, -31.5995, -31.7807, -45.9313, 0.00156431, -0.00146501, -0.000526781, 
64, 32357.5, 16.8485, -32.3159, -12.9924, -0.00029102, 0.000911808, 0.000406297, 
65, 5018.35, -36.1349, -6.49577, -12.5138, 0.000391571, 0.000221437, 0.000343488, 
66, 117960, 20.0004, -1.99297, -29.6566, -0.00024899, 1.59253e-05, 0.000598985, 
67, 203303, 40.3864, -2.30502, 0.88051, -0.000901128, 0.000187369, -0.000157221, 
68, 33578.2, -37.5099, 44.6781, 8.30416, 0.000379647, -0.000741868, -2.01285e-06, 
69, 69966.1, -2.49174, -30.1768, -46.0262, -0.000172862, 0.00033134, 0.000891096, 
70, 82804.5, 28.1816, 20.2792, -48.0922, -0.000315368, -0.000235815, 0.000613947, 
71, 105137, 36.4972, -11.4543, 30.6506, -0.000423702, 0.000181481, -0.000563251, 
72, 182238, -41.7324, -38.833, 21.6083, 0.000520969, 0.000346334, -0.000266656, 
73, 48300.2, 43.0028, -30.693, 15.2521, -0.000639559, 0.000522829, -0.000382489, 
74, 83811.3, 45.3722, 15.781, 29.0385, -0.000696687, -0.000880085, -0.00030308, 
75, 182626, -26.7408, -0.417276, -14.6652, 0.000421366, 0.000350834, -8.60473e-05, 
76, 51722.9, -25.2436, -16.5088, 33.5854, 0.000296964, 0.000406222, -0.000332576, 
77, 79504.8, -25.1559, -0.0014833, 29.8364, 0.000444492, -4.50893e-05, -0.0004559, 
78, 158424, 47.5839, -7.95384, -27.6792, -0.00072231, 0.00012712, 0.00041814, 
79, 47214.5, 46.012, -2.33562, 44.0488, -0.000489355, 0.000131105, -0.000654027, 
80, 219522, -7.29627, 23.1794, -40.1961, 0.000100452, -0.000306955, 0.000704586, 
81, 19106.9, -36.2493, -44.7955, 10.5962, -0.000429187, 0.000583109, 0.00046496, 
82, 39951.1, 40.9458, 2.35691, -28.9516, -0.000728604, -0.000225894, 0.000631837, 
83, 78693.6, 15.4648, -45.8272, 25.311, -5.00048e-05, 0.00071905, -0.000281726, 
84, 69951.7, 29.8905, 11.3683, -5.56123, -0.000431795, -0.000633567, 1.90922e-06, 
85, 121505, -22.5064, 6.53386, 23.7622, 0.000276075, -0.000261428, -0.000148115, 
86, 33226.7, 25.8333, 8.30439, -9.40446, -0.000292243, -0.000192029, 0.00050823, 
87, 5700.47, 22.433, 32.2263, -43.1211, -0.000355739, -0.000424248, 0.000573124, 
88, 145508, 2.2842, -24.4409, -35.0254, -0.00028366, 0.000230303, 0.000664657, 
89, 311726, -6.1276, -27.6272, 2.59633, -0.000664557, 0.00154068, 8.24016e-05, 
90, 111004, 32.2282, 1.27475, -28.1032, -0.00040833, -0.000159973, 0.000560762, 
91, 189341, 14.1098, 47.7771, 19.8843, -0.000130947, -0.00074013, -0.000332139, 
92, 110340, 40.9658, -32.3938, -5.11254, -0.000631026, 0.000672558, 0.000133207, 
93, 227786, 32.5987, -39.9615, 27.4748, -0.000707141, 0.000229932, -0.000403351, 
94, 45429.1, -34.1008, -29.9713, -29.0914, 0.000704692, 0.000199352, 0.000389463, 
95, 79096.9, 14.7938, 23.9396, 19.9692, -0.000249306, -0.000211719, -0.000433552, 
96, 172391, 5.47941, -20.5825, -17.5425, -0.000156481, 0.000551134, 0.0005097, 
97, 40891.5, -34.7684, 25.5555, 14.0619, -0.000150133, -0.000294993, -0.000748816, 
98, 44851.2, 44.7339, -45.1281, 40.0484, -0.000421005, 0.00034854, -0.000408729, 
99, 41855.3, 46.1735, -30.9294, -10.2324, -0.000876604, 0.00037626, 0.000378194, 
100, 55364.7, -34.5085, -33.6877, -10.3951, 0.000502117, 0.000302651, -0.000126262, 
101, 133489, 43.6981, 11.9002, 40.2479, -0.000409579, -0.000166745, -0.000815988, 
102, 116718, -30.045, -38.0459, 3.09611, 0.000377002, 0.000640247, -3.38209e-05, 
103, 41489.7, -44.8936, 18.681, 22.7657, 0.000778629, -0.000393431, -0.00039628, 
104, 25317.1, -4.26882, -8.01819, 16.9652, -0.000179615, -0.000130651, -0.000147187, 
105, 122915, -26.7922, 1.51336, -16.179, 0.000472109, -0.000637154, 0.000705292, 
106, 22003.9, 11.8661, -8.94407, 3.95528, -1.60237e-06, -0.000122123, -0.000984394, 
107, 44393.1, 31.533, 18.2031, 44.9075, -0.00017913, -0.000281378, -0.000646713, 
108, 27861.9, 16.0051, -39.0055, -31.3446, -0.000294064, 0.000539082, 0.000398082, 
109, 3915.15, -41.7041, 1.87165, -31.041, 0.000557679, -0.000112271, 0.000422181, 
110, 44656.7, -44.5656, 36.1743, -17.4504, 0.000490993, -0.000672679, 3.51599e-05, 
111, 64096.1, 42.2016, -46.0029, -43.6187, -0.000516323, 0.000927528, 0.000386456, 
112, 92587, -43.995, 30.0946, -23.5307, 0.000519722, -0.000402954, 0.000347504, 
113, 11750, -21.7951, -15.0714, 44.1682, -0.000271457, 0.000556255, -0.000817046, 
114, 261549, 8.8965, 30.0861, -34.5263, -0.000218259, -0.000386858, 0.00050718, 
115, 10260.2, -25.5291, 30.0709, -30.1898, 0.000291099, -0.00058664, 0.000531127, 
116, 9883.83, 47.5747, -27.421, -3.87062, -0.00100111, 0.00020391, 9.58344e-07, 
117, 420908, 38.1333, -36.2743, -41.8544, -0.000163642, 5.90001e-05, 0.000577235, 
118, 43656.3, 19.5733, -36.4084, 36.6406, -0.000214549, 0.0003401, -0.000653964, 
119, 5442.94, 41.5874, 2.70029, 33.6058, -0.00024776, 0.000410698, -0.000703255, 
120, 64753.8, -6.65559, 37.3038, -18.5931, 0.000162736, -0.000615919, 0.000217319, 
121, 5238.72, 12.8947, 33.5096, 11.3884, -0.00013077, -0.000637593, 0.000446239, 
122, 36292.8, -11.9843, 17.4948, -31.4707, 0.000202711, -0.000272387, 0.000559246, 
123, 239246, -1.72851, -12.8301, 32.3369, -0.000459876, 0.00016815, -0.000799833, 
124, 35916.3, -18.6928, 40.2568, -8.99315, 0.000158668, -0.000668475, 0.000265233, 
125, 59978.1, 45.614, -28.1986, 8.79422, -0.000875564, 0.000365806, -0.000128804, 
126, 68914.6, -17.5307, 0.860145, 42.9132, -0.000317701, -0.000563468, -0.000564886, 
127, 139141, 3.74815, 18.8404, 36.0585, -0.000280318, -0.00215823, -0.00247043, 
128, 48573.4, 38.8754, 46.6712, -1.71028, -0.000451005, -0.00049783, -0.000210706, 
129, 16414.7, -0.800089, 19.7597, -13.2602, -2.72464e-05, -0.000568063, 0.0001156, 
130, 33001.4, 8.93116, 3.96424, -1.26237, -0.000590935, -5.4907e-05, -0.000235926, 
131, 8395.87, 10.5193, -9.44024, -9.15061, -2.69381e-05, -0.000146696, 0.000835707, 
132, 60106.1, 28.5454, -22.5437, -0.248736, -0.000447243, 0.00024072, -0.000110034, 
133, 207157, 15.0771, 14.552, -8.67003, -0.000165517, -0.000610009, 0.000229177, 
134, 73184.1, -18.6594, 47.4062, 42.2271, 0.000104127, -0.000527067, -0.000359619, 
135, 36373.7, 13.0405, -34.0884, 5.53355, -0.000250678, 0.000839824, -0.000193916, 
136, 129576, 22.2717, 12.9334, 17.2213, -0.000309354, -0.000251898, -0.000405607, 
137, 29531.3, 31.9739, 21.6643, -35.6336, -0.000427228, -0.000364483, 0.000483187, 
138, 56000.4, -13.4668, -1.94337, 15.3916, -6.29578e-05, -0.000198596, -0.000111194, 
139, 168899, 4.73611, 47.6069, -34.6805, -3.97409e-05, -0.000664264, 0.000422383, 
140, 86223.5, -27.1963, -17.3048, -32.1007, 0.000446487, 4.58731e-05, 0.000481934, 
141, 203477, -46.1454, -12.4853, -9.37684, 0.000817451, 0.000379175, 0.00011132, 
142, 27856.9, -8.54994, 42.996, 9.23959, 0.000133513, -0.000738026, -0.000189307, 
143, 84533.1, 19.6476, -6.11219, -6.73538, -0.000786438, -0.00027777, 0.000791734, 
144, 350304, -16.108, -34.672, -33.5117, 0.000110473, 0.000366258, 0.000678808, 
145, 72268.6, 4.39548, -14.1126, -18.3893, 1.04322e-05, -0.000303822, 0.00070582, 
146, 15177.3, -47.1142, -10.7158, -19.8695, 0.000851057, -0.000632779, 0.000415426, 
147, 210355, -47.8924, 2.05042, 4.82785, 0.000790983, -9.17964e-05, -0.00014506, 
148, 79347.4, 37.8241, -33.5103, -44.1882, -0.000296865, 0.00162448, -0.000664899, 
149, 348165, 10.7955, 43.6802, -13.6738, -0.000126098, -0.000670135, 0.00014463, 
150, 39793.7, 42.3179, 21.1288, 33.8241, -0.000300133, -0.000709918, -0.000590162, 
151, 141654, -41.2713, -19.2168, 35.2337, 0.00154623, 0.000157643, -9.27981e-05, 
152, 17705.2, 42.4913, -5.12277, 39.5117, -0.000363689, 0.000243518, -0.000526083, 
153, 8128.89, -35.031, -8.24506, 29.2153, 0.000563254, -9.38397e-05, -0.000200957, 
154, 60076.2, -21.6732, -3.84773, 46.3677, 0.00105844, 0.000573125, 0.00216478, 
155, 211378, -20.8878, -40.8148, -41.1752, 0.000277853, 0.000869818, 0.000825112, 
156, 141972, 12.6041, 4.4059, -38.3733, -0.000130957, -0.000152379, 0.000765914, 
157, 74665, -10.5327, -26.3575, 14.108, 0.000204153, 0.00057779, -0.000630123, 
158, 517293, 42.7579, 14.5247, -12.6835, -0.000702439, -0.000411214, 0.000256239, 
159, 172971, -39.4806, -45.5625, 13.0864, 0.00048695, 0.0007436, -2.45009e-05, 
160, 51121.1, 14.3537, 33.0515, -4.67154, -0.00022693, -0.000437239, -6.81874e-05, 
161, 91130.1, -22.3957, 21.1819, 25.3971, 0.000224773, -0.000657602, -0.000191997, 
162, 149283, -36.6729, 31.6306, 16.6321, 0.000455104, -0.000936687, -0.000256675, 
163, 83452.9, -44.7422, 12.6051, -5.61337, 0.00066827, -0.000365024, 0.000174851, 
164, 64226.9, 10.8904, -0.774775, -4.76381, 0.000131151, 0.000202816, 0.00102324, 
165, 7853.04, 14.0983, -24.7129, -30.648, -0.000448102, 0.000328068, 0.000593282, 
166, 42725.7, -0.420249, 19.5613, 46.2842, 5.95254e-05, -0.000338992, -0.0010583, 
167, 80232.7, -40.7746, 14.7207, -30.7314, 0.000595789, -0.000243067, 0.000503841, 
168, 56861.4, -27.5334, -13.8361, 44.5487, -5.25985e-05, 0.000301183, -0.000787989, 
169, 3283.8, -10.3072, -13.9768, 28.0473, 0.000119286, -6.31396e-05, 0.000529732, 
170, 2064.05, 40.3464, 39.7822, 40.4046, -0.000302837, -0.000415421, -0.00037903, 
171, 92729.6, 28.7551, -42.6955, 27.0334, 0.000379148, 0.0010915, -0.000245874, 
172, 92313.6, -46.7621, -14.0643, -20.8615, 0.000710723, 0.000306238, 0.000557233, 
173, 134604, -7.11637, -26.4658, 2.91798, 0.00159902, -0.00161633, -0.000560737, 
174, 167355, -20.2315, -28.0467, 1.97292, 0.000543528, 0.000432796, -5.54671e-05, 
175, 333184, -12.6024, -33.7982, -23.5399, -4.43351e-05, 0.000510563, -0.000123131, 
176, 109996, 41.5416, 28.9913, 19.7603, -0.000483008, -0.000550165, -0.000212726, 
177, 116129, -35.8961, 27.4896, 27.6225, 0.000415519, -0.000503377, -0.00052664, 
178, 23919, -2.55178, -30.2225, 29.9006, -4.29542e-06, 0.000613359, -0.000515836, 
179, 157841, -19.8754, 44.5669, -43.1984, 0.000205765, -0.000482304, 0.000427901, 
180, 123810, 42.1252, -5.09025, -10.6423, -0.000787667, 0.000236371, 0.000322039, 
181, 16634.9, -20.417, -10.0354, 35.8383, 0.000162502, 5.72045e-05, -0.000516942, 
182, 156081, 34.8474, -25.9867, 1.70888, -0.000683738, 0.000486473, -0.000188246, 
183, 3124.3, -37.6931, 30.5612, 21.7705, 0.000778327, -0.000714568, -0.000707846, 
184, 53389.1, -16.837, -15.3614, 32.0288, 0.000311324, 0.000497878, -0.000716564, 
185, 210128, -25.3358, 15.3087, -23.3341, 0.000406134, -0.000411244, 0.000441514, 
186, 42801, -23.9643, 14.4196, 37.872, 0.000391874, -0.000364082, -0.000821144, 
187, 235088, -30.6847, -33.2486, -46.9646, 0.00050285, 0.000221926, 0.000755352, 
188, 202835, -21.8492, -3.90817, 45.839, -7.14578e-05, -0.000236836, -0.00182831, 
189, 89831.3, 45.7991, -31.5755, -42.9138, -0.00112578, -0.000179608, 0.000423122, 
190, 200924, -35.6285, -15.4063, 44.7196, 0.000432267, 7.16755e-05, -0.000911535, 
191, 201667, -8.68638, 10.9799, -20.2029, -9.11312e-06, -0.000481423, 0.000426962, 
192, 39680.8, 12.4727, -47.884, -36.3158, -0.000173535, 0.000649075, 0.000416983, 
193, 266396, 44.4745, 9.01681, 28.4415, -0.000538544, 0.00013099, -0.000289448, 
194, 596.634, -36.3049, 44.1296, 9.26606, -0.000265577, -0.00056196, -0.000491573, 
195, 210775, -47.1603, -3.07224, -43.4075, 0.000493492, -4.50444e-05, 0.000511442, 
196, 63484.8, -40.9846, -7.25961, -1.04306, 0.000389442, 0.000222692, -0.000358642, 
197, 43718.9, 41.3896, 15.9627, 6.41437, -0.0006635, -0.000504906, -0.000207092, 
198, 265739, -10.2576, -13.293, 26.2361, 0.000133289, 0.000212592, -0.000262788, 
199, 27023.6, -30.5477, -6.35921, 22.3673, 0.000552126, 0.000105159, -0.000104246, 
