ID, Mass [kg], pos_0 [m], pos_1 [m], pos_2 [m], vel_0 [m/s], vel_1 [m/s], vel_2 [m/s], 
0, 4982.76, 2.12086, 6.74726, -6.4627, -0.000337053, 0.00329103, -0.00549281, 
1, 84564.5, -11.0642, -5.94522, -15.6202, -0.00363146, -0.000416744, -0.00666114, 
2, 143976, 1.70977, 6.29797, -6.42299, 0.00482325, -7.33173e-06, 0.000371565, 
3, 12096.4, -0.332524, 5.90494, -4.92701, -0.000929175, 0.00958338, -0.00499825, 
4, 108584, 3.64005, -29.7543, 29.4475, -0.000460257, -0.00560255, 0.00557139, 
5, 224267, 2.91574, 0.0146148, 1.06508, -0.000729334, -0.00260274, 0.00404524, 
6, 6023.5, -0.593728, 2.88878, -5.65376, -0.00527183, -0.00532704, -0.0104841, 
7, 12734.1, 6.55024, -9.43619, -1.94046, 0.000358699, 0.00289576, -0.000550718, 
8, 29188.7, -0.642755, 6.66744, -5.75443, -0.00815014, -0.00390655, -0.00363955, 
9, 37892.9, -4.37158, 8.54307, 2.7633, 0.00112362, -0.00282414, -0.00474789, 
10, 282.759, 13.1577, -12.8115, 19.4205, 0.00370242, -0.00414201, 0.0048363, 
11, 75028.9, -9.65533, -40.9205, 23.3275, -0.00197399, -0.00793672, 0.00626631, 
12, 29068.2, 4.56601, 9.53585, 14.2294, -0.00153501, 0.00188612, -0.0015783, 
13, 142762, 1.2306, 7.62219, -1.00989, 0.00254985, -0.00535863, 0.00451125, 
14, 289648, 2.82789, 8.21633, -2.96205, 0.00375745, -0.00743704, 0.00158717, 
15, 17335.1, -22.7848, 7.52576, 34.0492, -0.0049658, 0.00138505, 0.0056547, 
16, 37341.1, 27.4422, -16.0981, -18.9808, 0.00695332, -0.00296422, -0.00539204, 
17, 206687, 0.741896, 4.38742, -6.2433, 0.0021501, 0.00315772, 0.00675074, 
18, 253630, -0.250259, 8.72182, -0.619203, 0.00291271, -0.00385501, 0.00793988, 
19, 40480.6, -2.48699, 7.80355, -1.14328, 0.000998245, 0.000571897, 0.00186036, 
20, 176293, 2.17506, 18.8129, -31.1436, -0.000992936, 0.00338762, -0.00392252, 
21, 17357.4, -14.1364, 9.25619, 9.80804, -0.00136501, 0.000176766, -0.00014282, 
22, 241662, -0.924576, 3.56614, -6.62764, 0.00130224, -0.00364052, -0.00302755, 
23, 144304, 1.55936, 7.46426, 8.08084, -0.00498991, -0.00117812, 0.000140035, 
24, 449735, 1.06654, 4.54009, -2.42973, 0.00321543, 0.00626903, -0.00284744, 
25, 31022.8, -2.84331, -15.7288, 17.4321, -0.00104131, -0.00108529, 0.000870478, 
26, 277840, 5.46354, -2.52633, 5.86333, -0.00235785, -0.00288239, -0.00196792, 
27, 22179, -5.17982, -0.00792944, -24.8016, 0.00111834, 0.00258707, -0.00157191, 
28, 7726.87, 26.2971, -8.75492, -34.0857, 0.00546142, -0.000844623, -0.00815065, 
29, 88891.4, 4.7262, -2.81085, -1.81538, -0.00701578, 0.0031381, 0.000730268, 
30, 193310, 19.7943, 17.3897, -26.9935, 0.00156709, 0.00301176, -0.00458612, 
31, 53721.6, -26.9448, -36.2068, 22.0683, -0.00840366, -0.00745014, 0.00412995, 
32, 149583, -0.656135, 3.77238, -6.53406, 5.97567e-05, -0.00218778, -0.00366351, 
33, 188997, 0.985746, 2.95473, -3.76094, -0.00859283, 0.00494057, -0.00756936, 
34, 147623, -5.42446, -0.942043, -1.44006, 0.00256474, -0.00177209, 0.00133719, 
35, 35433.4, -1.68051, -12.3428, 34.6026, -0.000106807, -0.00124159, 0.00688606, 
36, 379972, 0.724557, -1.08208, 2.87763, -0.00231456, -0.00169139, -0.0045418, 
37, 174579, 8.43968, -15.983, 24.6647, 0.00170235, -0.00372673, 0.00688332, 
38, 31779.4, -9.73746, 18.347, 3.91201, -0.000471413, 0.00278326, -0.00251144, 
39, 17933.7, 10.9924, -14.6772, 7.45328, 0.00331045, -0.000486372, 0.00121523, 
40, 9826.32, -6.27943, 14.5598, -25.7746, 0.00146161, 0.000597713, -0.00379849, 
41, 92983.9, 11.1018, 13.08, -36.9489, 0.00151512, 0.00288416, -0.00813258, 
42, 36951.3, -17.5472, 10.3384, -21.1418, -0.00238884, 0.000962393, -0.00257856, 
43, 6279.37, -3.86154, 7.68175, -1.62136, -0.00314025, -0.00156932, -0.00160912, 
44, 18926.2, 5.5283, -0.683491, -3.22384, -0.00542405, 0.00136777, 0.00555977, 
45, 13388.8, 4.22365, 6.75279, 24.8456, -0.000675682, 0.00175765, 0.00197879, 
46, 57039.7, 7.11561, -1.18936, 3.35023, 0.00124717, -0.0014635, -0.00471347, 
47, 165793, 4.38518, 8.48082, -1.37894, 0.000995093, -0.00329689, 0.00207654, 
48, 95584.4, 3.29958, -9.23909, 10.0462, 0.00102469, 0.000896056, 0.000706311, 
49, 49905.3, -0.105347, 7.79929, -4.43335, -0.00481686, 0.00464339, -0.00353668, 
50, 72486.3, 1.62124, 9.91617, -0.196797, 0.00168508, 0.00229379, 0.000710349, 
51, 332159, 5.8454, -0.303235, -0.756292, -0.00569595, 0.00507551, 0.001987, 
52, 12900.8, 0.29891, 3.14936, -5.41337, 0.00649073, 0.00425691, 0.00565265, 
53, 159525, 2.00663, 3.32774, -6.60671, -0.00259734, -0.000276944, -0.000942235, 
54, 73837.4, 8.21978, 1.3334, -2.96619, -0.00145582, 0.00403576, -0.00415302, 
55, 125355, -2.43851, 1.21758, -8.47731, 0.00107009, 0.00413999, -0.00499127, 
56, 28797.6, -0.260083, -7.2038, 13.9467, 0.00188167, 0.00102719, 0.00226654, 
57, 91269.6, 1.11985, 1.01344, -5.86729, 0.000452058, 0.000114276, 0.0071044, 
58, 5483.02, 21.6039, 4.24469, 36.1548, 0.00428515, 0.00162219, 0.00811984, 
59, 142050, -2.12121, -0.692146, -5.73996, -0.000579085, 0.00332253, 0.000970962, 
60, 184526, 2.23233, -2.87954, -8.69275, 0.000276119, -0.000542457, 0.00449899, 
61, 58050.4, 2.41675, 9.84449, -4.28417, -0.00306958, 0.00301911, -0.00353077, 
62, 96236, -13.7379, -25.7583, 15.5792, -0.00273831, -0.00423592, 0.00228971, 
63, 23636.2, 13.2217, -12.4556, -3.22706, 0.000761123, -0.00299254, 0.000947792, 
64, 29280.4, 0.141236, 3.71376, 0.12356, 0.00140586, -0.00235916, -0.00432423, 
65, 161524, -15.2223, -16.4571, 5.41002, -0.00226515, -0.00148612, -0.000900658, 
66, 67938.3, -12.1709, 5.02445, -9.31364, 0.001056, -0.00102908, 0.00155036, 
67, 267084, 3.73537, 2.2885, -1.40946, -0.000985397, -2.84053e-05, 0.000133263, 
68, 69388.9, 31.1914, -16.8594, 12.2268, 0.00800434, -0.00263411, 0.0021738, 
69, 47165.6, 7.26698, 18.6512, -38.0659, 0.000573574, 0.00342846, -0.00598556, 
70, 201127, 0.288414, 3.15362, -14.1336, 0.00441529, -0.0035204, 0.00180018, 
71, 105689, 22.1706, 18.9589, 26.2511, 0.00577351, 0.00328155, 0.00433796, 
72, 14582, -1.92956, -5.21654, -3.36424, 0.00344726, 0.00272597, -0.00117324, 
73, 76931.6, -15.5052, -16.0724, 4.33492, -0.00146819, -4.67635e-05, -0.000416806, 
74, 237815, -0.59874, 0.440599, -7.8625, -0.0015974, -0.00205373, 0.00142812, 
75, 105565, 32.1502, -9.15086, -40.2587, 0.00765685, -0.000396667, -0.0101236, 
76, 170875, 2.31561, 3.4432, -9.03509, 0.00131219, 0.00702011, 0.00656326, 
77, 17853.6, 2.87907, 8.99489, 10.6073, -0.0012142, -0.000788394, 0.000599034, 
78, 24497.1, 5.93071, 2.77688, 0.903402, 0.00353907, -0.00422402, 0.00412941, 
79, 101855, -5.1937, -18.6932, 22.3301, 0.000138188, -0.00413349, 0.00245062, 
80, 95013.6, 0.00581088, 2.12506, -2.30986, 0.00369964, 0.00245897, 0.00108795, 
81, 141297, 13.7297, -13.2238, 23.8535, 0.00363333, -0.00384886, 0.00691834, 
82, 151080, 0.921615, 6.15255, -2.60216, -0.00782216, 0.00139765, -0.00422847, 
83, 260791, 0.757301, 5.20452, -3.67087, -0.00342521, -0.00577761, -0.00320746, 
84, 100223, 1.2826, -0.890238, 4.45758, -0.00329267, 0.00463555, -0.00344548, 
85, 7966.28, 0.733861, -0.228737, -8.16814, 0.00505016, -0.00288793, -0.00150631, 
86, 58175.3, -18.9132, -20.329, 20.5118, -0.00350696, -0.00342529, 0.00322959, 
87, 628317, -0.0526324, 6.17368, -3.16179, -0.00152528, -0.00392421, -0.00405454, 
88, 82285.2, -20.6851, -29.9638, 22.4386, -0.00287223, -0.00454364, 0.00633188, 
89, 161291, -0.275382, 0.585696, -6.77237, 0.00707134, 0.00111066, 0.00469302, 
90, 79687.2, -0.3102, 6.35828, 2.9177, -0.00457005, -0.00260713, -0.00348794, 
91, 310528, -4.64999, -32.9483, 24.5572, -0.000282086, -0.00499571, 0.00485037, 
92, 30795.2, 0.761421, 2.93282, -7.86467, -0.00365617, 0.00124338, -0.0116349, 
93, 519908, -0.999558, 2.91758, 2.1549, 0.00516051, -0.000713905, -0.00481519, 
94, 101104, -4.38084, 4.88507, -7.88772, -0.00147372, -0.00209197, -0.00796771, 
95, 23620.3, -3.87303, -0.772309, -9.56895, -0.000622367, 0.00241753, 0.00176402, 
96, 8104.4, 0.731068, 1.27325, -5.94297, 0.00207254, -0.0015161, 0.0056185, 
97, 234265, 2.07733, 3.80159, -5.01863, -0.00258837, -0.0015806, 0.00655081, 
98, 3741.53, 0.0566036, 13.5709, 26.4387, -0.000237971, 0.00436647, 0.00218808, 
99, 5528.05, -3.78007, 7.76339, -6.74064, 0.000695406, -0.00767449, 0.000663223, 
100, 6655.21, -2.90435, 2.47403, -4.39422, 0.00245404, 0.00820757, 0.00518141, 
101, 74442.9, 7.91967, -31.1941, 21.2617, 0.00345148, -0.00622211, 0.00572415, 
102, 271819, -17.572, 9.4058, -30.3999, -0.002271, 0.00342363, -0.00424786, 
103, 173429, -2.75839, -13.9462, 17.9441, -0.00201109, -0.000372644, 0.00324103, 
104, 132164, -18.4191, -5.84111, 1.04993, -0.000808006, -0.00151363, 0.00137306, 
105, 293403, -3.77796, 0.971564, -2.34417, -0.000480211, -0.00191915, 0.00166096, 
106, 91810.3, -2.65852, 6.47145, -3.91328, -0.00254836, 0.00492615, 0.00377415, 
107, 203740, -2.46684, 3.83639, -6.4684, 0.00541934, 0.00404487, 0.00315714, 
108, 124900, 3.71165, -1.24651, 4.96056, 0.00347286, 0.00284415, -0.005647, 
109, 153482, -2.95853, 5.86948, -9.42997, -0.00245594, 3.63786e-05, -0.00314365, 
110, 95805.7, -0.0955575, 1.17819, -7.99264, -0.00275785, -0.00564247, -0.00839401, 
111, 47735.2, 4.43417, 9.71682, 17.483, -0.000401229, 0.0003794, 1.2737e-05, 
112, 24494.2, 2.12546, -1.05419, -7.36162, 0.00133674, 0.00271229, 0.00652785, 
113, 39205.1, 4.0711, -24.9821, 14.717, 0.00107859, -0.00277178, 0.00218075, 
114, 24723, -17.1315, -49.6842, 19.1262, -0.00379234, -0.0128356, 0.004742, 
115, 15671.3, 10.5527, 30.3174, 23.4852, 0.00217819, 0.00784133, 0.00592747, 
116, 320473, -15.4967, -24.4929, 12.0717, -0.00222464, -0.00428421, 0.00203777, 
117, 54072.2, -11.8605, -22.0623, 16.7699, -0.00165375, -0.00294839, 0.00243121, 
118, 20992.2, 4.06436, 27.9133, 42.459, -0.000112668, 0.0063416, 0.00828333, 
119, 68943.4, -3.2065, -32.8515, 31.2836, 0.00109591, -0.00631417, 0.00734186, 
120, 176775, -2.68067, 0.516936, -9.9992, 0.00463508, -0.00189812, 0.00372287, 
121, 28501.8, -0.414105, 6.27852, -3.36461, -0.0028397, 0.00684266, -0.00222113, 
122, 93263.7, 4.67536, 13.4321, -18.4169, 0.00301151, 0.00313746, 0.000984578, 
123, 54631.4, 30.434, 1.02639, -26.1617, 0.00566229, 0.00152762, -0.0054148, 
124, 28486.7, 0.21215, 7.17633, -5.70118, 0.00383438, 0.00945681, -0.00658016, 
125, 45940.3, -5.11382, 0.115076, -37.802, -0.00150865, 0.00245149, -0.00578299, 
126, 58147.3, -1.50952, 3.47928, -5.3813, 0.00179134, 0.00553699, -0.00748698, 
127, 314510, 5.70791, 25.2923, 27.8877, 0.00187799, 0.00438456, 0.0043286, 
128, 66689.7, -5.74008, -1.96457, -5.40094, 0.00419358, 0.00440395, -0.00115127, 
129, 293196, 17.1562, -10.4587, -34.6998, 0.00283392, -0.000925532, -0.00750717, 
130, 58957.4, -2.63188, 7.66949, -2.42157, 0.00429782, 0.00520235, -0.000610021, 
131, 26864.5, 23.3479, -12.2672, -33.2001, 0.00361356, -0.00196531, -0.00700635, 
132, 14537.9, 16.0517, 8.71259, -32.2322, 0.00109323, 0.00260141, -0.00520592, 
133, 59690.8, -0.454575, 4.21359, -7.30863, 0.00524556, -0.00997368, -0.00194433, 
134, 71873.2, -10.185, -7.72468, -8.27071, 0.00142892, 0.00162448, -0.00244188, 
135, 9549.31, 2.23322, 6.44545, -2.30065, 0.00129995, -0.00227354, 0.00478548, 
136, 48774.7, -7.80178, -33.9377, 21.6049, -0.000238978, -0.00497073, 0.00630041, 
137, 177196, -10.3368, -8.12766, 4.67253, -0.0014739, 0.00108207, -0.00179619, 
138, 29597.5, 5.6773, 3.32718, -6.13037, 0.00191812, 0.00138153, -0.00377957, 
139, 32591.9, -16.7521, -18.387, 15.4417, -0.00220046, -0.0034415, 0.00201684, 
140, 153581, -15.4816, -19.4232, 15.3529, -0.00317577, -0.000829784, 0.00261168, 
141, 131949, -2.73929, 0.547681, -4.62089, 0.00359881, 0.00502923, -0.00113997, 
142, 20789.6, 4.99188, 2.03248, -3.22429, 0.0048935, 0.00703617, -0.00259446, 
143, 36049, -18.7861, -20.018, 20.479, -0.00377337, -0.000830613, 0.00344402, 
144, 177733, -2.65133, 5.60619, -6.34656, -0.00653798, 0.00378788, -0.00282569, 
145, 143909, -9.76411, 26.1931, 22.8557, -0.00119315, 0.00669804, 0.00497296, 
146, 76057.7, -0.989634, 8.1393, -5.31032, 0.00214028, 0.00232242, -0.00644388, 
147, 21460.3, 1.39641, 3.7453, -0.0250911, -0.00557734, -0.00244913, 0.00131164, 
148, 28241, 14.9709, -2.27252, 5.71911, 0.00103677, -0.00280179, 0.00356751, 
149, 77611.6, 2.17635, 6.94468, -6.89649, 0.00284609, 0.00529109, 0.00376679, 
150, 42249.4, 0.822736, 3.25896, -6.68031, 0.00361952, -0.00798072, 0.00405837, 
151, 30574.3, 0.668813, 2.58306, -5.91263, -0.0032485, -0.00241786, -0.0117305, 
152, 45197.8, -3.23832, -25.0512, 27.6214, 0.000414681, -0.00220443, 0.00670482, 
153, 71843.5, 1.29722, 9.99247, -11.2938, 0.0055353, 0.00200074, 0.00134657, 
154, 71612.1, -13.4369, -16.2723, 2.04509, -0.00133307, -0.00107022, -0.000383441, 
155, 53086.9, 0.846076, 1.52503, -3.0445, -0.00805404, 0.00715755, -0.00691056, 
156, 50912.6, 0.381644, 8.42918, -4.39652, -0.00123635, 0.00688959, -0.00194871, 
157, 422843, -0.0156274, 5.85241, -6.57751, -2.21096e-06, 0.00458767, -0.0045804, 
158, 35700.8, -22.1967, 23.6788, 25.2909, -0.00380969, 0.00549588, 0.00520038, 
159, 46045.4, 1.25617, 8.91287, -5.42709, 0.00738171, 0.00261392, -0.00083242, 
160, 152279, 19.5986, -1.08481, -22.484, 0.0021781, 0.000883681, -0.00347436, 
161, 142259, -8.0044, 2.97658, 0.409279, 0.00276786, -0.00500313, 4.09053e-05, 
162, 22811, -10.1706, -21.7251, 17.7419, -0.000658546, -0.00162264, 0.00284318, 
163, 44215.6, -9.75792, -12.8535, 31.0291, -0.000680812, -0.00203466, 0.00626978, 
164, 78004.8, -10.8309, 5.27886, 2.53012, 0.00374111, -6.37315e-05, 0.000609679, 
165, 116840, 24.2587, -11.9737, 20.3691, 0.00418723, -0.00102513, 0.00344652, 
166, 26576.3, -2.44112, -35.8879, 32.9627, 0.00180524, -0.00725054, 0.00867334, 
167, 178987, 3.65822, 2.11048, 0.738075, -0.0017835, -9.52241e-05, -0.00176808, 
168, 105332, 4.71023, -18.0975, 11.18, 0.00139307, -0.00143483, -0.000826554, 
169, 17416.3, 0.0014895, -2.89431, -4.09204, 0.0038816, -0.00220954, 0.000613812, 
170, 188196, -14.9543, -39.0824, 29.1443, -0.00283111, -0.00825386, 0.00792637, 
171, 154087, -1.55647, 6.48236, -1.82075, -0.00411533, -0.00123055, 0.000153941, 
172, 221417, -4.3785, 3.68343, 0.334111, 0.00208934, 0.0056307, -0.00284796, 
173, 30581.6, 0.920701, 1.69842, 0.812136, -0.00228473, -0.00678884, -0.00362241, 
174, 257561, 1.88666, 5.14109, -3.72952, 0.00648814, 0.00619817, -8.05591e-05, 
175, 25785, -3.3554, -38.6535, 15.8578, -0.00030986, -0.00853273, 0.00440473, 
176, 48638.1, 12.7414, 11.5043, 22.7842, 0.00186941, 0.00102659, 0.00206432, 
177, 10067.2, -16.0593, 5.2243, 5.89486, 0.000696886, 0.000158429, 0.000584261, 
178, 44588.6, -25.4494, -38.298, 25.5103, -0.00767759, -0.00850561, 0.00555259, 
179, 92749.3, -3.18142, 7.13154, -2.50686, 0.0017349, 0.00349332, -0.0041676, 
180, 92871.7, 3.71592, 1.60354, -20.4603, 0.00274548, -0.000790494, 0.000157884, 
181, 247270, -0.427948, -19.5802, 7.85993, -2.98627e-05, -0.00231332, 0.000532665, 
182, 486916, -0.400322, 6.32623, -2.63599, -0.000276456, 0.0035682, -0.002652, 
183, 368942, -1.86169, -17.7636, 13.1002, 0.000367468, -0.0010174, 0.000292954, 
184, 177502, -23.2468, 14.647, -12.5507, -0.00386001, 0.00167653, -0.00108659, 
185, 207343, 0.338625, 3.31038, -6.52972, 0.00189481, 0.00692972, 0.00450771, 
186, 187409, 0.894913, 3.73631, 1.9881, 0.000911271, -0.0021033, 0.00735188, 
187, 2227.5, -13.5101, -30.6277, 16.4167, -0.0017651, -0.00435641, 0.00325478, 
188, 123729, 0.389133, 2.73163, -2.69978, -0.00531161, 0.00680176, -0.00916429, 
189, 104967, 0.842289, 5.17103, -9.08549, 0.0017852, 0.00640457, -0.00152753, 
190, 66861.3, 23.1692, 32.859, 18.4373, 0.00525569, 0.00614259, 0.00305947, 
191, 273746, 6.67888, 1.0033, -0.120269, -0.00314726, 0.00321189, 0.00325395, 
192, 237580, -0.40288, 1.43711, -0.356608, 0.00178196, -0.00594044, 0.00238792, 
193, 172963, -10.9984, -38.9042, 21.9128, -0.000962264, -0.00746872, 0.00561594, 
194, 93590.7, 0.671973, 2.95737, -3.74849, -0.00042259, 0.0101509, -0.00539657, 
195, 163125, -10.6506, -24.2958, 15.4275, -0.000127221, -0.00304007, 0.00224419, 
196, 160121, -15.3559, -14.1451, 20.375, -0.00297805, -0.00137534, 0.0022932, 
197, 122511, 3.37586, 5.58249, -6.27567, -0.00325257, -0.00533754, -0.00315872, 
198, 16991.2, -26.7795, 20.6539, 15.6871, -0.00636331, 0.0060058, 0.00393346, 
199, 27557.8, -12.7111, 12.5774, 2.15887, -0.000947966, 0.000864451, -0.00247796, 
