ID, Mass [kg], pos_0 [m], pos_1 [m], pos_2 [m], vel_0 [m/s], vel_1 [m/s], vel_2 [m/s], 
0, 5682.38, -7.73744, -3.30911, 14.7312, 0.000775241, 0.000380788, -0.00328335, 
1, 51291.5, 13.2356, 18.7255, -13.5217, -0.00123601, -0.00113498, 0.00102176, 
2, 73779.3, 0.722673, -10.918, 3.51369, -0.0021411, 0.00222467, -0.000299109, 
3, 9731.99, -15.1599, 13.8744, -8.50705, 0.00197052, -0.00280208, -2.16311e-05, 
4, 104587, 3.84261, 9.5517, -2.85546, -3.7376e-05, -0.00147797, 0.000849659, 
5, 42215, -16.4327, -4.56513, -10.6172, 0.00309673, 0.0010106, 0.00140182, 
6, 57220.4, -15.3912, 17.3289, 4.2484, 5.04036e-05, -0.00180968, 0.00117605, 
7, 44855.5, -0.182432, -2.79033, -9.29763, -0.000338031, 0.00123306, 0.0015865, 
8, 276797, -12.5008, 0.325169, -8.06884, 0.00117553, 0.00100782, -0.0013609, 
9, 2643.18, -3.28793, -1.75596, -8.99757, -1.90343e-05, 0.000526879, 0.00135745, 
10, 33961.7, -7.77189, 8.98405, 9.48336, 0.00369522, -0.00248147, 0.00118527, 
11, 8691.35, 12.659, -13.8222, 3.37078, -0.0015017, 0.00210255, -5.6243e-05, 
12, 141682, -1.61354, -11.7189, 8.6327, 0.00164988, 0.00337547, -0.00331897, 
13, 288611, -14.8035, -5.43299, 0.600544, 0.0023492, 0.000816575, -0.000134066, 
14, 512847, -16.2335, 11.2358, 16.0631, 0.00188894, -0.0005186, -0.00188285, 
15, 15651.7, -5.61935, -14.5399, 10.3894, 0.00112885, 0.00289029, -0.00254792, 
16, 182451, 1.52799, 15.5313, -16.781, 0.0001431, -0.00293619, 0.00138073, 
17, 62197.8, -13.386, -0.202046, -15.1071, 0.00173653, 0.00132908, 0.00410128, 
18, 185440, -7.77597, -8.045, -2.95362, 0.00119669, 0.00111347, 0.000968259, 
19, 36701.4, -16.5656, -11.819, 15.7856, 0.00138492, 0.00119448, -0.00146115, 
20, 106936, 14.9737, 17.136, -3.56154, -0.00161551, -0.00153301, 0.000383178, 
21, 161838, -2.33473, -1.16256, -1.07087, 0.000724857, -0.000163832, 0.00122224, 
22, 144875, 3.43863, -12.3063, 15.408, -0.000481322, 0.00207903, -0.00256756, 
23, 100936, -10.4547, 5.53441, -11.8148, -0.000409555, -0.000324191, -0.000697698, 
24, 95186.1, -9.14518, -13.54, -17.2589, 0.000440851, 0.00141588, 0.00216001, 
25, 151808, 1.9578, 14.8898, -16.8178, -0.00207745, 0.000621208, 0.00198838, 
26, 118354, -13.5971, 10.6289, -10.1518, 0.00204887, -0.00260992, 0.000325048, 
27, 149234, -6.61214, -9.23479, -8.09301, 0.000130647, 0.00169899, 0.00146423, 
28, 9985.68, -13.311, 2.83584, 2.35214, 0.00212101, -0.000367067, -0.000385412, 
29, 180895, 8.22567, -3.82973, 12.8207, -0.00175526, -0.000118662, -0.00216055, 
30, 486.041, 12.0289, -10.1216, 4.22263, -0.00231026, 0.000799605, 0.000172361, 
31, 70262.9, -0.563037, -15.6175, -9.40723, -0.000406002, 0.00234844, 0.00128422, 
32, 45902.1, -0.16916, -4.83467, -11.5794, -0.00070011, 0.00133904, 0.00232511, 
33, 24444.7, 3.28171, 1.31707, -11.9421, -0.000580561, -0.000531758, 0.0026523, 
34, 65679.9, -16.1916, -2.05617, 14.6538, 0.000701404, 0.00133818, -0.00382954, 
35, 3309.29, -13.6157, -5.22401, -1.11356, 0.00246134, 0.000840455, -0.000342419, 
36, 8280.38, 16.061, -12.0751, -5.80782, -0.00174704, 0.00103785, 0.000827201, 
37, 94538.9, -5.54057, -15.0409, 5.2904, 0.00252941, 0.00227753, -0.00228769, 
38, 30213.7, -2.91258, 7.46566, 6.53188, -0.00103255, -0.00129529, 3.24141e-05, 
39, 53471.9, 6.83655, 14.1273, -9.04002, -0.00166782, -0.000687938, 0.00157197, 
40, 43100.3, 15.6549, -8.65169, 9.82205, -0.00133801, 0.000695832, -0.00023896, 
41, 44746.6, -9.19688, 5.82352, -13.9266, -0.00263056, 0.000849772, 0.00230411, 
42, 34053.9, -12.6829, 8.66059, -2.28043, 0.00151561, -0.00138633, -0.000206958, 
43, 54380.2, 7.66616, -0.658594, -10.6731, -0.00239085, 0.00151584, -0.000898022, 
44, 38723.2, -7.47217, 4.7041, 13.0164, 0.000179083, 0.00029771, -0.00228514, 
45, 2321.23, -16.6045, -4.07033, -4.13113, 0.00294374, 0.000814293, 0.00054486, 
46, 241169, 5.03688, 16.5422, -3.78755, -6.5833e-05, -0.00243207, -0.000735797, 
47, 344827, 7.47175, -0.354045, -11.1971, -0.00135601, -0.000254857, 0.00226152, 
48, 39271.1, 6.54153, 11.7064, 11.8053, -0.00200109, -0.00282098, -0.00199984, 
49, 19687.8, 17.8742, -14.4898, -3.48734, -0.00170838, 0.0010869, 0.000572285, 
50, 61216.8, 4.01601, -11.2387, -2.03807, -0.00145111, 0.00166201, 0.00150297, 
51, 19182.2, 16.1228, -4.62408, 6.4049, -0.002227, 1.48691e-05, 0.000396958, 
52, 12420.5, -1.02841, -0.385701, 9.00885, 0.000261548, -0.000491829, -0.00170325, 
53, 85447.4, 15.8126, 6.80872, 7.67222, -0.0012591, 0.00116807, 0.000782919, 
54, 361436, -11.885, 12.7861, 11.5703, 0.000726371, -0.00339416, -0.00226702, 
55, 158926, -11.336, 10.6542, 2.91085, 0.00111626, -0.00150993, 0.000613922, 
56, 49282.6, 15.1465, -6.05255, 9.99293, -0.00252127, 0.00131795, -0.000747766, 
57, 218355, 5.00979, 10.503, 11.0482, -0.000156217, -0.00189604, -0.00171405, 
58, 22371.5, -5.31765, 8.23182, 7.86175, -0.00180374, -0.000231004, 0.000666764, 
59, 55919.9, 11.9582, -15.7834, 3.00796, -0.000525232, 0.00174411, -0.00116085, 
60, 21598.8, 2.82225, -9.81507, 15.6018, -0.000728801, 0.000209726, -0.00295537, 
61, 398.952, -8.49146, -10.1183, 11.5883, 0.00218804, 0.00138726, -0.00331916, 
62, 1108.92, -12.8977, 1.54202, -11.8265, 0.00175449, 0.00859768, 0.00299751, 
63, 108555, -16.789, -1.58537, 0.148682, 0.00286254, -0.000475378, -0.00026836, 
64, 244863, -15.026, 8.67473, -7.74692, 0.00258937, -0.00129678, -0.00046114, 
65, 220694, 16.7158, -7.77001, 10.4338, -0.0020329, 0.000317925, -0.000619848, 
66, 61700, 5.8016, -14.4431, -14.2704, -0.000914718, 0.00135183, 0.00155694, 
67, 55388.9, 18.4288, -9.22318, -15.7439, -0.00129204, 0.00069666, 0.0010399, 
68, 211156, -5.09408, -15.4547, 3.64244, -0.000663231, 0.00309541, -0.000529533, 
69, 12720.6, -12.6909, -8.05845, -7.14764, 0.00111344, 0.00155351, 0.000401213, 
70, 25096, -11.3325, 0.549173, 12.1856, 0.0011641, -0.000104581, -0.00206172, 
71, 179870, 1.06171, 2.514, 0.053199, -0.000626823, -0.000952736, 0.000502249, 
72, 79123.8, 15.325, 11.2793, -2.16402, -0.00195378, -0.00121964, 0.000402166, 
73, 110870, -11.3557, 12.1707, 11.1523, 0.00112462, -0.000223508, 0.000734673, 
74, 43359.1, -6.98584, 14.1502, -13.4382, -0.00211018, -0.00305569, 0.000141167, 
75, 140124, -8.75889, -4.82862, 7.56484, 0.00118741, -0.000637828, -0.00107976, 
76, 229268, 11.4261, -15.7454, 3.59233, -0.00201224, 0.00185617, 0.000340235, 
77, 302149, -16.6776, -1.48513, 13.3008, 0.00220041, 0.000270958, -0.00102684, 
78, 100708, -13.0306, -13.0682, 1.22137, 0.00219455, 0.00338038, 0.000822136, 
79, 46633.4, -6.6803, -10.0366, 9.29923, 0.00148448, 0.00191163, -0.00305593, 
80, 143926, -8.72821, -6.3697, 7.32112, 0.00192866, 0.00198737, -0.00122833, 
81, 270.261, 12.9828, -1.6468, -14.9494, -0.00146322, 0.000359393, 0.00199681, 
82, 159650, 3.11684, -5.80336, 6.28047, -0.00115189, -0.000588254, 0.00435422, 
83, 24756, 5.90387, 11.599, 15.3952, -0.000680474, -0.00138893, -0.0026187, 
84, 18375.3, -0.794047, -2.05829, 7.20397, 0.000448712, -0.000634048, -0.00118843, 
85, 491877, -7.71516, 9.23587, 8.87808, -0.00127363, -0.000930181, -0.0010673, 
86, 194807, -10.6467, 10.4002, 9.30214, 0.00282901, 0.000124045, 0.000235044, 
87, 8649.23, -0.6172, 7.44336, -14.4276, -0.0015602, -0.000673988, 0.00314929, 
88, 138901, 5.48247, -9.18438, 12.4051, -0.0018021, 0.00120991, -0.00252528, 
89, 50202.9, 7.14889, 9.87822, 4.4994, -0.00143454, -0.00141473, -0.00024766, 
90, 98321.9, 1.13761, -5.96276, -0.0531788, -0.000889039, 0.000462269, 0.00171606, 
91, 384069, 2.92775, -6.00087, 5.65336, -0.00248227, -0.000654615, -0.00203365, 
92, 81279.9, -14.5952, -8.7892, -8.91136, 0.00110072, 0.00295806, 0.000795747, 
93, 91375.2, 7.77751, -5.30758, -8.5982, -0.00152584, 0.00148744, 0.00136954, 
94, 5476.7, -10.4929, -15.0335, 9.01177, 0.00199526, 0.00239058, -0.00182223, 
95, 33452.5, 1.7723, 2.71879, 15.0691, -0.000988556, -0.000843708, -0.00306459, 
96, 25752.1, 18.6773, 17.6166, 15.8169, -0.00106335, -0.00123626, -0.000935831, 
97, 200797, 13.2347, -1.13034, -7.88771, -0.00237397, 0.000288524, 0.00082214, 
98, 298981, -3.42074, -9.72424, 0.462762, 0.000419116, 0.00136394, 0.00116726, 
99, 93146, 5.67537, 16.5177, -8.17925, -0.00104154, -0.00198206, 0.00165443, 
100, 8612.85, 14.4156, -13.1396, 8.31063, -0.00184364, 0.00160659, -0.000606666, 
101, 24343.5, -6.72522, 8.07329, -2.10812, 1.46083e-05, -0.0014789, 0.000271895, 
102, 10296.7, 8.56201, -12.5945, 13.1574, -0.00171422, 0.00204766, -0.00155134, 
103, 15719.8, -11.5987, 0.295663, -12.2634, -0.00201433, 0.00262099, 0.00329866, 
104, 230040, -11.2968, 7.2707, -13.6126, 0.0030945, -0.000516622, 0.00286757, 
105, 17846.1, -8.68605, -7.2523, 7.11382, 0.00326633, 0.00305077, 0.000145022, 
106, 22216.6, 2.31222, -12.6712, 3.58581, -0.00202542, 0.00395093, -0.000736438, 
107, 98486.7, -8.84904, 4.06314, -14.0618, -0.000784249, 0.00123798, 0.00344087, 
108, 214214, 16.6875, 8.45744, 8.45884, -0.00294905, -0.00142586, 0.000129247, 
109, 131614, -15.3279, -7.57307, -9.33933, 0.00253619, 0.00117375, 0.0011853, 
110, 160023, -4.78345, -15.2427, 4.21958, 0.000504887, 0.00430383, 0.00221062, 
111, 115735, -1.85294, -11.9139, 9.07443, -0.000899268, 0.00152697, -0.00135747, 
112, 378585, -16.5107, 17.5272, 5.15803, 0.00168428, -0.00194371, -0.000135941, 
113, 83295.8, 5.99892, 9.16398, 10.0718, -0.00182962, -0.00031956, -0.000609806, 
114, 148827, 14.4756, 5.8136, -3.1141, -0.0021074, -0.000329996, -0.00091164, 
115, 285284, -12.9974, 1.15775, -11.3972, 0.00163646, 0.00043313, 0.00225297, 
116, 515864, 2.38538, -8.59134, 7.27349, -0.000904292, 0.00237007, -0.00193822, 
117, 88363.5, -7.20732, -13.0263, -11.8017, -0.000369358, 0.00203801, 0.00145174, 
118, 155064, -1.46613, 6.79998, -12.547, -0.00120139, -0.000650354, 0.00152154, 
119, 18098.3, -1.26418, -11.2494, 7.24185, 0.00090628, 0.00160704, 0.000281502, 
120, 34391.6, -8.92537, 10.0954, 9.23399, 0.00233844, 6.05644e-05, 0.000473438, 
121, 78154, -7.18073, -4.13746, 10.8694, -0.000189729, 0.000486149, -0.0031181, 
122, 10497, 6.75705, -4.52344, -10.2801, -0.000648843, 0.00167498, 0.00238802, 
123, 59058.1, 6.22089, 2.60143, -0.0226541, -0.00204374, -0.00024611, 0.000406099, 
124, 5646.35, 1.00933, -1.9256, 14.3706, 0.000483522, -0.00154593, -0.000775705, 
125, 103346, -12.3702, 7.84812, 14.4706, 0.000721168, 0.000566307, -0.00232854, 
126, 64702.5, 13.6506, 9.11833, 12.4127, -2.30633e-06, -0.00198753, -0.00191725, 
127, 199056, -8.23238, -2.96698, 8.45986, 0.00102299, -0.000281164, -0.00120205, 
128, 192649, 1.19564, 0.312113, -8.77729, -0.000610016, -0.000124145, 0.00126524, 
129, 1707.71, 7.7234, 12.1538, 5.27863, -0.00145615, -0.0021767, -0.000575939, 
130, 19869.9, -16.4375, 11.5673, 16.336, 0.00183329, -0.00599497, -0.00452204, 
131, 143979, 5.05105, 7.8306, -2.25188, -0.00177222, -0.000505381, 0.00045719, 
132, 37850.6, 12.4179, -14.7268, 16.8576, -0.00103988, 0.00141767, -0.00151726, 
133, 50031.5, -10.3811, 16.6745, 16.722, -0.00016417, -0.00214723, -0.00218509, 
134, 369068, 16.6487, 7.62792, 12.1974, -0.00223695, -0.0003457, -0.00204567, 
135, 3806.98, -15.9361, -9.15441, -7.53799, 0.00282801, 0.00219303, -0.000246146, 
136, 64591.7, 8.41743, -7.42685, -3.43903, -0.00272023, 0.00151285, 0.00149237, 
137, 1688.15, -11.1479, -8.54383, 1.03301, 0.00147039, 0.00097042, 0.000402979, 
138, 439943, -10.0277, 11.8666, -14.5159, 2.45703e-05, -0.00266557, 0.00165026, 
139, 72054.1, -7.16, -10.6653, 10.4865, 0.00125928, 0.00156194, -0.00242046, 
140, 10511.3, -12.4977, 1.99808, -11.5983, 0.00323834, 2.56172e-05, -0.00265546, 
141, 28560.6, -13.3357, -9.136, -14.2944, 0.00130024, 0.00151334, 0.0021186, 
142, 92270.6, -9.09272, -13.5336, -12.795, 0.00132409, 0.00214723, 0.00156696, 
143, 57507.6, 16.0929, -1.62408, -15.6698, -0.00164356, 0.000167742, 0.00152584, 
144, 106955, 3.91719, 14.0656, 2.57285, -0.000597475, -0.0018822, -0.00102143, 
145, 53021.1, -0.0850651, -10.8011, 2.84516, 0.000667264, 0.00116216, 0.00092017, 
146, 127593, -8.16505, 3.93875, 2.42036, 0.000830349, -0.000452138, 3.51952e-05, 
147, 31386.3, -8.24784, -9.07853, 5.08469, 0.000742532, 0.000800694, 6.28316e-06, 
148, 89613.6, 5.63679, -13.5588, -5.91809, -0.00136033, 0.00193015, 0.00156257, 
149, 251415, -12.9176, 1.86609, -11.2565, 0.000848268, 0.005415, 0.00275523, 
150, 55890.6, -6.18001, -4.05927, 9.81422, 0.000343625, 0.000501798, -0.00397772, 
151, 174949, -9.67418, 7.78651, -13.3099, -0.00128752, 0.00041992, 0.00247703, 
152, 66072.8, -7.60356, 6.27051, 15.9576, -0.000135787, -0.000300788, -0.00295942, 
153, 19075.8, -0.706804, -14.2734, -9.86077, -0.000526633, 0.000975161, 0.00188113, 
154, 47261.5, -1.78129, -1.17525, -0.548086, -0.00136227, -9.74905e-05, -0.00115155, 
155, 102102, -9.52858, -10.796, 4.4388, 0.00208361, 0.00162727, -0.000413192, 
156, 5375.03, -4.23873, -12.8634, 2.97814, 0.000551465, 0.00124354, 0.000403223, 
157, 3761.7, 8.94678, -7.77455, -3.58665, -0.00405191, 0.00203919, 0.000471547, 
158, 7652.65, 9.07844, 6.40743, 8.5256, -0.00156302, -0.00039722, -0.000742668, 
159, 47070.1, -7.40183, -4.36705, 8.76037, 0.00295239, -0.00239058, -3.04211e-05, 
160, 17972.9, -12.6002, 13.286, -14.0377, 0.00347455, -0.00304838, 0.00115941, 
161, 218629, -12.8635, 2.12565, -11.1784, 0.00463248, -0.00389247, -0.000210052, 
162, 138887, -7.09637, -14.1875, 4.71798, 0.00219043, 0.00246177, -0.00147291, 
163, 33277.3, 5.62469, -1.50755, -16.0338, -0.000784538, 0.000558537, 0.00283444, 
164, 167891, 0.783449, -1.50693, 13.7539, -0.000293441, 5.17118e-05, -0.00284473, 
165, 62570.5, 4.23338, 16.9751, -2.69374, -0.00125665, 0.00190333, 0.00225645, 
166, 38130.4, -0.264271, -15.4659, -15.5728, -0.000407996, 0.00150728, 0.00176083, 
167, 22403.8, -13.1913, 1.44511, -11.8741, 0.00285984, -0.00184092, -0.00236466, 
168, 1479.59, -11.0084, 7.80704, 2.25938, 0.00157962, -0.000164004, 0.000245103, 
169, 20399.9, -10.6379, 3.00637, -8.18018, -0.000703465, -0.000861941, -0.000973213, 
170, 115854, 2.03812, -12.7185, 1.64166, -0.00158242, 0.00319992, 0.00127547, 
171, 27762.9, 3.46587, -9.70186, 15.4278, 0.000333464, 0.000381427, -0.00343448, 
172, 250928, 3.65939, 15.9756, -2.29639, -0.000978764, -0.00286941, 0.000589855, 
173, 74469.2, 13.818, 12.3487, 8.64973, -0.00108712, -0.00227419, -0.000435168, 
174, 143481, 17.8277, -11.4663, 14.8616, -0.0016089, 0.00109029, -0.00138358, 
175, 27145.1, -11.0636, -10.5181, 7.41743, 0.00278512, 0.00193359, -0.0018573, 
176, 32620.6, 0.534289, 2.63152, 13.8462, 1.99227e-05, -0.000939011, -0.00255489, 
177, 52575.7, -13.4079, 1.10528, -10.5587, -0.000498398, -0.00214357, 0.00351172, 
178, 19746.4, 0.268829, -6.36275, 3.51588, 0.0010856, -1.26708e-05, 0.000603397, 
179, 33623.1, 15.5439, 8.12325, 12.2256, 0.00162305, -0.000865887, -0.00186336, 
180, 50349.8, 17.3898, 8.41127, 8.63393, 0.000390098, -0.00124742, 0.00185832, 
181, 89376.8, 14.4965, 5.72968, -2.76627, -0.00199787, -0.000535784, 0.00309564, 
182, 42160.2, -11.5304, 6.15165, -3.20283, 0.000992322, -0.000740822, -0.000335391, 
183, 100544, -8.60981, 15.0791, -14.0371, 4.21772e-05, -0.0045732, 0.000783606, 
184, 1446.88, -3.39238, -14.5023, -7.70367, 0.000132356, 0.00236548, 0.00107392, 
185, 119694, -6.72326, -5.94865, -11.937, -0.000140154, 0.00119498, 0.00218783, 
186, 120999, -12.7482, -11.7296, 1.73453, 0.00245056, 0.00115903, -0.000189266, 
187, 52698.3, 0.940897, -10.6383, 3.36778, -5.45039e-05, 0.00322347, 0.00121527, 
188, 105467, 7.16258, -6.83681, -2.324, -0.00168696, 0.000537763, 0.00058668, 
189, 99748.4, -7.12797, 0.188912, -14.9048, -0.000873318, 0.00119673, 0.0028377, 
190, 77133, 4.06757, -6.41703, 6.15113, -0.00010515, -0.00251782, 0.000511808, 
191, 178804, -9.57341, 10.5951, -14.3723, -0.000478253, 0.00136952, -0.000138607, 
192, 8685.6, 0.937151, -0.321213, 3.79756, -9.31358e-05, -0.0006313, -0.000282574, 
193, 256954, 3.22951, 3.30238, 6.2508, -0.00126819, -0.000894282, -0.000505045, 
194, 53540.6, 3.11476, -15.4447, -2.48515, -0.000868317, 0.00288278, 0.00124539, 
195, 220652, -8.50985, 10.975, -13.2872, 0.00132458, -0.00455666, 0.00304662, 
196, 10258.1, 10.9178, 13.7049, -5.43468, -0.00179723, -0.00111535, 0.000935324, 
197, 6083.3, -10.4642, 0.530314, -11.1604, -0.00219958, 0.00147544, 0.000970662, 
198, 127562, 1.40525, 3.7418, 9.3067, -0.000240239, -0.000904678, -0.00212512, 
199, 34766.2, 15.8579, 6.84884, 11.2285, -8.47971e-05, 0.00205896, 1.92802e-05, 
