ID, Mass [kg], pos_0 [m], pos_1 [m], pos_2 [m], vel_0 [m/s], vel_1 [m/s], vel_2 [m/s], 
0, 7306.99, 56.0157, -17.7602, 11.3373, -0.000697769, 7.38791e-05, -0.000120576, 
1, 25663.7, -42.8865, 47.4455, -52.5822, 0.000289626, -0.000394327, 0.000456962, 
2, 201240, 7.12632, -29.8015, 8.74471, -8.05698e-05, 0.000360465, -0.000102737, 
3, 37450.2, 16.1034, -22.9709, 50.1457, 7.66236e-05, 0.000269055, -0.000495048, 
4, 36802.6, -9.16865, -53.6119, -2.78749, 2.07962e-05, 0.000632834, 1.55547e-05, 
5, 91967.7, 2.33838, 9.99926, 44.8556, 7.88022e-05, 0.000199545, -0.000577411, 
6, 244649, -8.67012, -35.1306, 55.9052, -3.00665e-05, 0.000171331, -0.000640454, 
7, 126962, 21.0679, 28.5807, -54.3334, -0.00024762, -0.000210373, 0.000706366, 
8, 32970.6, 34.1241, -2.94232, 33.8068, -0.000348291, 0.000133654, -0.000270778, 
9, 52945.8, 17.6847, 9.32373, -13.7561, -0.000209829, 0.000601344, 0.000125278, 
10, 108968, -1.20665, 34.2816, 32.2005, 0.000579086, -9.51021e-05, -0.00127813, 
11, 131890, -58.5227, -19.4928, -21.4485, 0.000703942, 0.000129342, 0.000115411, 
12, 10236.3, -46.5097, -45.4993, -10.3855, 0.000313548, 0.000411259, 1.01064e-05, 
13, 44153.4, -11.878, 44.9037, 1.747, -8.36669e-05, -0.000545275, 0.000305572, 
14, 68166.4, 22.1812, 43.8089, -1.82059, -0.000100936, -0.000379294, -2.3e-06, 
15, 71364.7, 7.9482, -25.0416, -28.0381, -7.59684e-05, 0.000253022, 0.000170375, 
16, 10698.4, -38.1975, -42.653, 1.23656, 0.00028175, 0.000261492, -4.1615e-05, 
17, 41428.5, -36.7542, 39.3747, 28.2391, 0.000440924, -0.000354728, -0.00032406, 
18, 13741.9, -11.6247, 40.8222, 12.3652, -0.00015092, -8.58532e-05, -0.000502142, 
19, 100561, -59.6536, 48.7195, -7.24431, 0.000531526, -0.00039863, -1.77772e-05, 
20, 24540.2, 35.0412, 10.2395, -19.6587, -0.000439797, 2.53145e-05, 0.000166018, 
21, 15002.7, 24.7999, -48.8378, -33.8816, 0.00122606, 0.000139278, 0.000917283, 
22, 17253.2, -40.5872, 26.2552, -41.5945, 0.000521777, -0.000109552, 0.000540358, 
23, 17681, -25.538, 58.1768, 10.8939, 0.00023824, -0.000712254, -0.000145184, 
24, 136096, 36.1802, 23.7274, -39.1005, -0.0021613, 0.00128003, -0.00192385, 
25, 18735.6, -43.4339, 23.764, -36.4877, 0.00054214, -0.000108498, 0.000358417, 
26, 89500.3, 37.5421, -4.62652, 18.9821, -0.000388133, 0.000115045, -0.000130216, 
27, 80283.6, 27.5696, 6.48007, -10.5262, -0.000410888, 9.39851e-05, 8.07627e-05, 
28, 24508.5, 32.4547, 10.2455, -37.8753, -0.000326413, -9.39996e-06, 0.000220752, 
29, 9588.49, 54.1522, 51.4434, -20.7633, -0.000491698, -0.000401873, 0.000218566, 
30, 102220, -31.5916, -48.8985, 13.0347, 0.000154827, 0.000380988, -0.000172367, 
31, 115818, -3.99593, -52.1459, 43.6552, -0.000130796, 0.000590683, -0.00041002, 
32, 27345.4, -54.1525, -23.5414, 51.7274, 0.000539297, 0.00030444, -0.000499347, 
33, 90865.6, 31.0552, 32.3172, -48.2165, -0.000427703, -0.000454711, 0.000511086, 
34, 148232, -32.5148, -38.9099, 56.0405, 0.000231504, 6.19222e-05, -0.000742786, 
35, 16132, 54.1332, -41.5601, -51.6455, -0.000361388, 0.000489211, -0.000291301, 
36, 214714, 24.2669, -52.3351, 12.1234, -7.18903e-05, 0.000431311, -0.000157819, 
37, 155291, 29.1519, -37.2602, 8.80493, -0.000443451, 0.000171609, -0.000140032, 
38, 494798, -5.59652, -57.684, 12.9029, 2.43792e-05, 0.000743706, -7.46753e-05, 
39, 33874.2, 2.79308, -17.1321, 27.2066, -0.000108074, 0.000198462, -0.000373439, 
40, 75237.9, -56.4806, -20.8685, 47.0453, 0.00064183, 0.000228941, -0.000425073, 
41, 18618.6, 33.4714, 56.814, 28.5647, -0.000107513, -0.000747379, -0.000295371, 
42, 221457, -59.1464, 25.5744, -44.8895, 0.000556425, -0.000141039, 0.00036072, 
43, 182484, -56.3696, -16.7035, 26.1064, 0.00135943, 0.000670403, -0.000395023, 
44, 67.6975, -23.2476, -15.7619, -12.3902, 0.000183702, 0.000106241, 1.9306e-05, 
45, 32007.5, 15.6907, 19.6827, 49.2729, -0.000345415, -0.000216911, -0.000623838, 
46, 103184, -36.8767, 6.76565, -15.8151, 0.000179771, 1.46724e-06, -0.000159883, 
47, 51078.9, -48.0795, 47.5282, 56.0734, 0.000364048, -0.000291731, -0.000489227, 
48, 79004.7, 21.7268, 30.7975, -46.9843, -0.000308688, -0.000390795, 0.000430746, 
49, 105122, -28.4349, -1.83078, -55.4299, 0.000356371, 0.000424662, 0.00130392, 
50, 17499.1, 17.4952, -58.3411, 30.6811, -8.38719e-05, 0.000621135, -0.00020052, 
51, 40945.2, -25.2029, 20.6386, -40.752, 0.000300981, -0.000204551, 0.000325703, 
52, 20577.5, -26.2516, 6.70648, -18.4506, -0.000748117, -0.000685808, -0.000358943, 
53, 264592, -22.1596, 41.9795, -36.6141, 0.000225438, -0.000336389, 0.000309732, 
54, 126647, -26.5057, 36.1212, 33.4452, 0.000187759, -0.000412379, -0.000390923, 
55, 22271.1, 37.9801, 44.5663, -3.2119, -0.000301462, -0.000411309, 0.000582529, 
56, 43672.3, 39.4183, -51.5985, 49.5893, -0.000327456, 0.0003817, -0.000374607, 
57, 89746.1, 48.4053, -34.1594, 47.3403, -0.000289698, 0.000221449, -0.000384449, 
58, 147889, 1.57139, 12.0785, 35.3116, 0.000108114, -5.84166e-05, -0.000446688, 
59, 17633, 51.0109, 45.6489, -53.746, -0.000367378, -0.000306949, 0.000388944, 
60, 275933, -51.8453, -17.4519, 12.0221, 0.000683751, -0.000284528, 0.000206199, 
61, 134391, -50.6785, 39.3425, -20.2059, 0.000486062, -0.000407533, -0.00011252, 
62, 66676.6, 28.878, 6.95559, 0.303561, -0.000362766, 4.7214e-05, 8.45023e-06, 
63, 75143.9, 38.2303, -59.1074, -53.5004, -0.000263524, 0.000489924, 0.000322429, 
64, 327937, -32.5759, -29.3679, -21.0448, 0.000134357, 0.000576038, 0.000397904, 
65, 337884, 55.2918, 6.28229, -49.6064, -0.000119536, 0.000100283, 0.000629372, 
66, 74245.4, -9.23536, -35.3759, -0.0785674, 0.000123662, 0.00037045, -0.000161885, 
67, 32701.4, 48.164, -35.0694, -58.9394, -0.000270398, 2.41154e-05, 0.000515627, 
68, 283031, 56.8675, 49.2835, 11.779, -0.00080844, -0.000463299, -0.000140581, 
69, 133424, 33.1903, 42.6099, 14.7796, -3.77063e-05, -0.000244979, -0.000217448, 
70, 24181.8, 29.5477, -12.7401, -33.5859, -0.000427423, -7.25269e-05, 4.25643e-05, 
71, 97259.2, -54.6444, 37.6148, -13.7265, 0.000631371, -0.000311619, -7.19175e-05, 
72, 34435.4, -28.9421, -57.9614, -9.75244, -6.20057e-05, 0.000753983, 0.000188604, 
73, 268225, 19.5389, 57.4602, -20.0238, -0.00021604, -0.000796825, 0.000236044, 
74, 105264, 0.250546, 22.759, 23.1959, -3.66621e-05, -0.000258255, -0.000306742, 
75, 105569, 33.5205, -34.7772, -14.0826, -0.000920739, 0.000856577, -9.99493e-05, 
76, 427608, 59.0741, 39.2245, 35.8299, -0.000576586, -0.000135803, -0.000340074, 
77, 140880, 12.5902, 33.0582, 21.9085, -0.000105165, -0.000301796, -0.00029164, 
78, 111924, 42.4916, 59.6101, -26.3999, -0.000392219, -0.000531705, 0.000290201, 
79, 502128, 25.3565, 11.3455, -50.3972, -0.000231116, -9.7193e-06, 0.000467788, 
80, 323786, 17.6445, 13.9018, -13.7902, -0.000205582, -9.00988e-05, 0.000170367, 
81, 63250.7, -58.6104, -56.5025, -12.2928, 0.000591055, 0.000661636, 7.19747e-05, 
82, 402602, 45.4203, -10.0457, 3.24334, -0.000516055, -1.41936e-05, -5.53421e-05, 
83, 89404.4, 44.8038, -2.55046, 25.9706, -0.000461223, 7.0737e-05, -0.000130048, 
84, 141350, -37.166, 0.454058, 49.3611, -0.000201661, -0.000347998, -0.00109491, 
85, 264110, 44.7586, -35.2386, -41.2282, -0.000493344, 0.000316012, 0.000299958, 
86, 119424, -48.7991, -30.3823, -51.0884, 0.000444881, 0.000366965, 0.000568353, 
87, 150559, -26.2849, -33.107, 46.2876, 0.00011624, 2.76043e-05, -0.00051671, 
88, 17547.5, 11.8484, -42.2025, -4.08879, -0.000123278, 0.000560334, 8.9742e-06, 
89, 24507.8, -11.9169, -13.8861, -25.8887, -6.24907e-05, 0.00030741, 0.00011542, 
90, 6580.39, -21.3112, 12.8744, -58.9881, 0.00055539, -0.000166477, 0.00103406, 
91, 472240, 55.1272, -31.5099, -2.19594, -0.000595798, 0.000808089, 0.000130657, 
92, 166660, 54.7387, -55.0121, 58.7302, -0.000264688, 0.000305095, -0.000298738, 
93, 87622.6, -22.7769, 51.9199, -23.282, 0.000190521, -0.00049555, 0.000176928, 
94, 181184, -15.0219, -20.5083, 55.9999, 0.000115185, 0.000166957, -0.000744196, 
95, 136942, -26.048, -48.3888, 32.7283, 8.38139e-05, 0.000470041, -0.000305878, 
96, 107379, 8.17943, 4.74633, 1.24933, -0.000205066, 2.72352e-05, 6.21387e-05, 
97, 324854, 57.2248, 55.462, 48.1528, -0.000400433, -0.000341838, -0.000461926, 
98, 75729.4, -15.9578, -43.1793, -47.7281, 0.000102142, 0.000443133, 0.000498339, 
99, 6009, 5.26048, 49.3632, -5.70978, 0.000163686, -0.000398711, -0.000187197, 
100, 28196.3, -42.2809, 13.364, -46.1589, 0.000471095, -0.00018395, 0.00051747, 
101, 260397, 31.3137, 48.6312, 32.542, -9.15043e-05, -0.000470021, -0.000412733, 
102, 384200, -55.4949, -38.4726, -11.076, 0.000647521, 0.000239461, 5.31142e-05, 
103, 284773, 53.9842, 12.5966, 2.4846, -0.000588092, 7.70757e-05, 6.39066e-05, 
104, 88846, 30.2909, 3.06889, 24.5128, -0.000339864, 0.000104149, -0.000280917, 
105, 14216.4, 18.7035, -42.0833, -49.2822, -0.000117904, 0.000405651, 0.000461495, 
106, 233246, 20.1355, -31.5594, -11.3154, -0.000169087, 0.000253646, -7.50436e-05, 
107, 108689, 51.2966, 49.7981, 40.3666, -0.000266812, -0.000288408, -0.000437434, 
108, 97629.6, 26.965, -22.3608, -36.0592, -0.000351655, 0.000738845, 0.000258024, 
109, 122809, 6.1506, -28.4684, 1.09836, -2.96232e-05, 0.000375671, 9.47744e-05, 
110, 12388.7, -33.5246, 8.6775, -39.2099, 0.000389896, -0.000191014, 0.000355378, 
111, 14730.3, -24.9475, 47.8657, 52.6794, 9.33127e-05, -0.000376294, -0.000629719, 
112, 62703.1, 20.338, 2.59193, -18.4172, -0.000291948, 0.000109447, 0.000186524, 
113, 116838, -23.4346, -36.2482, -38.2315, 0.000113655, 0.000476772, 0.000397268, 
114, 89361.9, -47.4963, -44.2668, -36.7949, 0.000509822, 0.000408551, 0.000433241, 
115, 40344.4, -57.043, 51.4238, 43.9338, 0.00044893, -0.000343127, -0.000290262, 
116, 7258.43, -6.81292, -17.5165, -1.08468, 0.000121806, 0.000269265, -5.04606e-05, 
117, 78149.3, -5.007, 35.2396, 6.06756, -5.34238e-06, -0.000364253, -7.49464e-05, 
118, 31141.2, 53.4034, -24.8222, -5.45823, -0.000518167, -0.000187234, 0.000219184, 
119, 427511, 40.4198, 46.859, 6.13061, -0.000466058, -0.00053799, -0.000114686, 
120, 66553.4, -47.2301, 56.616, -47.9484, 0.000289691, -0.00046141, 0.00032821, 
121, 18517.1, -3.24682, -5.25597, 13.2289, -6.4555e-05, 0.000260568, -0.000170547, 
122, 40404.5, 5.34789, 19.687, -7.24452, 4.3624e-06, 1.73284e-05, 0.000191432, 
123, 16984.2, 49.3939, -9.09466, 51.4873, -0.000363934, -6.30498e-05, -0.000324175, 
124, 39103.5, -44.4837, -44.9185, -35.381, 7.24425e-05, 0.000494549, 0.000236858, 
125, 272341, 9.06962, -48.5023, -49.4748, -9.95479e-05, 0.000381308, 0.000395988, 
126, 149271, -15.9902, 41.1376, -53.337, 0.000105126, -0.000411893, 0.000617491, 
127, 45385.8, -29.1066, 0.786275, 55.0639, 0.000126752, -7.12909e-05, -0.000740618, 
128, 103239, -0.0511073, 21.4138, -7.8401, 9.97318e-05, -0.000157002, 0.000127379, 
129, 106799, 51.7516, 23.4835, 45.4461, -0.000476889, -6.78076e-05, -0.000498567, 
130, 50027, 7.88967, 48.9609, -25.215, -0.000378788, -0.000974617, 3.91333e-05, 
131, 61020, -57.4592, -35.8058, -3.25625, 0.000703918, 0.000142415, -0.000182766, 
132, 4229.43, 26.6757, -19.8547, 35.3136, -0.000282175, 0.000228439, -0.000343967, 
133, 26505.4, -7.82951, 10.8822, -14.1975, 1.63986e-05, -6.86987e-05, 7.60556e-05, 
134, 110990, 21.2095, -21.4764, 21.8315, -0.000306509, 0.000167926, -0.000381297, 
135, 24371.4, -56.3995, -7.21429, -43.4735, 0.00141378, 0.00103643, 0.00128869, 
136, 480806, -45.4804, -24.347, 7.7336, 0.000320297, 0.000285899, 9.25978e-05, 
137, 30463.8, -39.212, 2.97199, 44.7281, 0.00016721, -0.00101582, -9.84068e-05, 
138, 16305.8, -25.9847, -19.8795, -3.47989, 0.000360833, 7.62873e-05, 6.96661e-05, 
139, 76426, 32.1411, 31.372, 12.1724, -0.000162166, -0.000126073, 0.000176979, 
140, 34023, -49.4999, -10.1584, 56.6841, 0.000480546, -3.6185e-05, -0.000661657, 
141, 16483.2, 28.0137, 31.9305, -37.3994, -0.000282303, -0.000583321, 0.000102488, 
142, 68856.1, 25.0377, -52.1878, 44.2063, -0.000210005, 0.000555307, -0.000213209, 
143, 209990, -55.4935, -44.8295, 5.15275, 0.000584104, 0.000380596, -0.000128638, 
144, 54897.3, 21.682, -44.3278, -36.2294, -0.000157787, 0.000430633, 0.000385806, 
145, 13370, 45.3553, 40.1832, -6.20776, -0.00112388, 0.000126735, 0.00103286, 
146, 5039.87, -17.5163, 1.68956, 7.05201, 4.61195e-05, 0.00273243, 0.000769045, 
147, 133903, -48.7967, 16.5364, -0.285803, 0.000627486, -0.000266087, -1.19769e-05, 
148, 62928.6, 57.1553, 5.82579, 51.719, -0.00046685, -2.98249e-05, -0.000467322, 
149, 88023.3, -5.94116, -33.4355, -27.4984, 7.04139e-05, 0.000481489, 7.15694e-05, 
150, 50707.3, -5.17529, -27.9849, -20.8305, 3.94156e-05, 0.000510489, 8.49497e-05, 
151, 9301.85, 39.8007, -56.5299, 45.612, -0.000320132, 0.000492742, -0.000322284, 
152, 63775.2, 0.698893, -57.9166, -55.0599, 0.000185292, 0.000589681, 0.000546474, 
153, 215063, 42.5837, -25.0252, -22.7275, -0.000270688, 0.000153306, 0.000143243, 
154, 116417, -41.6962, -30.0897, -28.9127, 0.000330634, 0.000269006, 0.000149969, 
155, 24295.2, -24.6445, -58.0373, -46.4861, 6.08075e-05, 0.000541254, 0.000391255, 
156, 139217, -35.435, -15.1985, 21.4453, 0.000246638, 9.95045e-05, -0.000218546, 
157, 30690.2, 9.23281, 28.5219, -58.9078, 4.82836e-06, -0.000237839, 0.000782833, 
158, 189211, -9.53982, -52.7539, -36.5445, 0.000440777, 0.000507952, -0.000117777, 
159, 1721.14, 39.9193, -59.1487, -24.2479, -0.000313846, 0.000578061, 0.000157611, 
160, 28944.8, 12.5792, -27.6573, 34.9449, -0.000139317, 0.000311806, -0.000414164, 
161, 17792.3, 52.7674, -3.01503, 35.5012, -0.000779671, 0.000298372, -9.09454e-05, 
162, 73349.3, 54.3818, 20.6246, 18.315, -0.000714713, -0.000147354, -0.000200695, 
163, 125772, 46.8883, 14.1247, -43.9385, -0.000409094, -0.00010793, 0.000192993, 
164, 64101.2, 13.0613, -9.96412, 12.4223, -0.000260652, -0.000120397, 5.99836e-05, 
165, 106064, 35.7905, 52.3915, -15.3097, -0.000532724, -0.000803695, 0.000430489, 
166, 53613.7, -40.8866, -46.4064, 49.2143, 0.00056475, 0.000474832, -0.000442342, 
167, 48624.8, -26.6105, 6.48094, -18.6233, 0.00040564, 6.75925e-05, 0.000236089, 
168, 27472.4, -52.8448, -51.781, -8.7844, 0.000289754, 0.000619696, -3.64065e-05, 
169, 51079.9, 55.8593, 8.70697, -45.8558, -0.000445179, -0.000534066, -0.000464462, 
170, 39473.3, 42.2234, 19.8584, -53.0603, -0.000203011, -0.000232894, 0.000518055, 
171, 8027.78, 16.2432, 15.725, -57.031, 0.000147818, 0.000208289, -0.00108541, 
172, 274262, -49.8897, 40.4289, -29.537, 0.000300615, -0.000622027, -2.59635e-05, 
173, 10783.3, 52.3516, -55.0918, -45.1814, -0.000300377, 0.000428881, 0.000148392, 
174, 425.941, -42.0363, 26.7407, -26.5237, 0.000530153, -0.000221547, 0.000144324, 
175, 47843.4, -19.97, -6.66196, 49.0513, 0.000302486, -4.03828e-05, -0.000659682, 
176, 41629.5, -4.37949, -25.3758, -21.0545, -9.95477e-05, 5.05629e-05, 0.000157404, 
177, 69999.1, -38.8203, -23.8086, -29.0397, 0.000398932, 8.26476e-05, 0.000307557, 
178, 111816, 59.4106, 45.36, -27.4093, -0.000499541, -0.000298923, 0.000211996, 
179, 34436.6, -31.9602, -56.8311, -7.33855, -2.94497e-05, 0.000637767, 0.000369345, 
180, 45583.8, -20.9722, -12.7501, 45.2336, 0.000297358, 0.000220495, -0.000467684, 
181, 69272.5, -13.9279, 42.5446, 7.35202, 3.65319e-05, 0.000477651, 0.000439284, 
182, 196289, -57.5624, -49.3184, 28.6849, 0.000480047, 0.000358438, -0.00026563, 
183, 586.527, 12.4448, -8.77018, -31.387, -0.000186632, 5.80302e-06, 0.000134098, 
184, 55239.5, 55.6465, -4.34361, -37.3427, -0.00071751, -0.000267131, 5.39978e-05, 
185, 40683.3, 1.56678, 53.751, 36.0735, 8.8979e-05, -0.000782718, -0.000366494, 
186, 12696.6, -19.5388, 43.2605, -4.74543, 0.000130105, -0.000394477, 0.000364332, 
187, 215544, -33.5947, -32.7331, -8.50756, 0.000251679, 0.000261521, 9.23006e-07, 
188, 30388.8, 17.4981, -7.54728, 18.3943, -0.000360622, -5.65024e-05, -0.00024043, 
189, 191588, -55.4722, -21.8164, 15.2935, 0.00101437, 0.000379862, -0.00017927, 
190, 240948, -44.6798, -56.13, -20.2615, 0.000210959, 0.00069452, 0.00025469, 
191, 32425.2, -55.6943, 34.638, -25.659, 0.00100479, -0.000124417, -0.00017989, 
192, 675977, 3.81473, 18.5084, 50.1348, -6.58881e-05, -0.000260057, -0.000685353, 
193, 114328, -47.2845, 6.71704, -4.05194, 0.000430659, -3.05533e-05, -0.000183326, 
194, 5936.78, 37.6377, -18.0033, 49.5828, -0.000341522, 0.000101285, -0.000686554, 
195, 102702, 51.0995, -1.85485, -11.5767, -0.000500988, 5.66746e-05, 0.000151851, 
196, 44699.1, -1.46765, 52.4677, 30.7965, 0.00011587, -0.000643416, -0.000292354, 
197, 181966, 45.5471, -34.9827, -25.0804, -0.000454931, 0.000474258, 0.000289228, 
198, 4028.97, 1.84085, 4.71371, 11.6258, -0.000327981, 6.24025e-05, 6.6774e-05, 
199, 6743.88, 13.7954, 44.8927, 34.2828, -8.66483e-05, -0.000570285, -7.97454e-06, 
200, 30.1961, -15.8636, -19.6715, 11.929, -6.73075e-06, 0.000344472, -4.87341e-05, 
201, 48930.7, 43.751, -50.6225, 29.5197, -0.000450199, 0.000320789, -0.000184378, 
202, 15020, 47.4737, -34.3076, 35.6996, -0.000372909, 0.000502164, -0.000261945, 
203, 77677.7, 54.4477, 54.1278, -5.63831, -0.000637172, -0.000615866, 0.00030311, 
204, 27235.7, -10.2806, 45.505, -44.8113, 6.78708e-05, -0.000479109, 0.00053628, 
205, 28269.6, -51.8139, -53.4095, 11.0993, 0.000534849, 0.000563433, -0.000115002, 
206, 58057.7, 17.4053, 1.68265, 54.3907, -0.000201229, 4.76899e-05, -0.000651362, 
207, 98879.9, -57.5256, 17.0373, 38.1804, 0.000559176, -9.59934e-05, -0.000399367, 
208, 135377, 17.0784, 6.49552, 16.3689, -0.000160107, 5.24785e-05, -0.000134405, 
209, 25492.5, 11.7095, 34.3678, 6.75951, -0.000138493, -0.000366537, -9.77319e-05, 
210, 82315.1, 31.1901, 16.5799, -59.3305, -0.000333938, -0.000138997, 0.000734615, 
211, 219983, 37.1536, 42.5144, 2.0245, -0.000125504, 1.13094e-06, 0.00025126, 
212, 4201.63, 36.0488, -21.7344, -41.1643, -0.000549402, 0.000152538, 0.000362595, 
213, 14235.5, -48.0551, 52.8183, 10.9137, 0.000459576, -0.000484284, -2.45683e-05, 
214, 51245.7, -47.4437, -36.5996, -42.3955, 0.000385704, 0.000408886, 0.000484493, 
215, 253053, 16.4139, 15.9903, -58.6939, -7.5338e-05, -8.99361e-05, 0.000798049, 
216, 157642, 55.0311, -37.8765, 49.7065, -0.000483208, 0.000200925, -0.000369103, 
217, 90991.6, 5.66922, 13.3125, 29.6824, -0.00128531, 0.000513477, -0.000914885, 
218, 10749.7, 50.3838, 37.0004, 49.5971, -0.000254005, -0.000328455, -0.000434181, 
219, 192787, -0.909564, -32.3921, -45.8851, 6.33036e-05, 0.000400334, 0.000523112, 
220, 102019, 43.8958, -7.89754, -54.8177, -0.000594618, 0.000111987, 0.00043148, 
221, 16535.4, 32.691, -29.7619, -11.6526, -0.000327359, -0.000163228, 5.27381e-05, 
222, 9457.57, -9.39162, 43.129, 23.9655, 9.04676e-05, -0.000536365, -0.000299518, 
223, 846.791, 53.3582, 35.2969, -55.9521, -0.000407363, -0.000311051, 0.000491834, 
224, 147361, -33.997, -45.8055, 55.7353, 0.00031778, 0.000541847, -0.000732382, 
225, 52720.6, -40.9438, 47.7781, -0.435687, 0.000463203, -0.000468179, -1.22641e-05, 
226, 93462.4, 35.6197, -53.0709, 24.2951, -0.000287667, 0.00047849, -0.000116139, 
227, 161776, -27.6829, 20.4362, -56.6752, 0.000434349, -0.00027168, 0.000759971, 
228, 40324.2, -29.0442, 3.98236, 29.7103, 0.000363257, -0.000144825, -0.000346814, 
229, 1190.13, 7.98528, -13.8209, -36.4893, -0.000244721, 0.000145083, -7.35684e-05, 
230, 270220, 46.1983, 56.7389, -47.0487, -0.000307277, -0.000386645, 0.000304053, 
231, 20581.1, 51.9368, 47.7828, 1.22293, -0.00126096, 0.00115754, 0.0018871, 
232, 128736, 10.7791, 44.0104, -27.802, -0.000303706, -0.000242592, 9.57151e-05, 
233, 3668.99, -57.6251, 27.4318, 28.8622, 0.000599557, -0.000282838, -0.000221143, 
234, 125125, -32.2785, 56.0266, 27.1272, 0.000162515, -0.000585079, 5.8627e-05, 
235, 105421, 48.5408, -39.8515, -18.4638, -0.00055711, 0.000593337, 0.000122565, 
236, 7970.5, -31.891, 17.5748, 34.2668, 0.000312238, -1.75672e-05, -0.000444458, 
237, 172132, 31.1888, 30.6116, -57.6766, -0.00034734, -0.000311868, 0.000660115, 
238, 90482.6, -13.9358, -14.5582, -5.23414, 8.51249e-05, 0.000175428, 3.21499e-05, 
239, 21942.7, -50.2614, 53.0639, -27.536, 0.00049709, -0.000589031, 0.000110621, 
240, 302788, -39.6605, -0.901631, 45.8226, 0.000146315, -0.000224771, -0.000231699, 
241, 14510.8, 41.7596, 4.18266, 3.4548, -0.000416629, 1.5022e-05, 5.24339e-06, 
242, 69993.7, -11.8287, 57.6102, -48.1799, -1.19121e-06, -0.000611794, 0.000568335, 
243, 74381.8, -35.5795, -11.618, 44.2242, -4.89545e-05, 0.000341226, -0.00126074, 
244, 35783, -14.368, 23.1057, 47.2025, 2.34189e-05, -0.000214723, -0.000683728, 
245, 104931, 35.1828, 39.2493, 39.4062, -0.000197625, -0.000280524, -0.000496782, 
246, 83288.5, -54.1908, 15.8676, -15.546, 0.00106127, -0.000201699, -1.96812e-05, 
247, 35338, 13.0601, 47.6232, -38.6831, -0.00040216, -0.000708803, 0.000812897, 
248, 75569.7, -40.9351, 52.3648, 6.51431, 0.000409464, -0.000545713, -7.39671e-05, 
249, 140014, -55.4049, -34.1583, 14.9191, 0.000655428, 0.000412203, -0.000142228, 
250, 21951.8, -49.863, -15.2585, -34.117, 0.000517049, 0.000496058, -1.50616e-05, 
251, 7800.68, -32.6151, 29.834, -34.5917, -6.88677e-05, -0.000182911, 0.000155847, 
252, 51267.3, -29.6535, -51.0201, 16.3241, 8.1082e-05, 0.000628592, -0.00035106, 
253, 26779, 23.947, -4.2628, 23.3217, -0.000280698, 0.00012305, -0.000275132, 
254, 376657, -36.4944, 11.5466, 7.56388, 0.000605567, -3.65611e-05, -0.000297039, 
255, 156220, -57.5637, -49.5786, -8.70049, 0.000665214, 0.000460389, -4.95377e-05, 
256, 243928, 54.9092, -40.2016, -55.2465, -0.000533865, 0.000206663, 0.000325684, 
257, 16882.3, -56.8417, -17.0547, 15.6127, 0.00116198, -0.000244733, -0.000144652, 
258, 183033, 26.557, 21.4522, -9.84405, -0.000332333, -0.000109687, 5.92884e-05, 
259, 95691.2, -3.61445, -14.1398, -10.6944, 1.87745e-05, 0.000114493, 0.000165145, 
260, 150683, -46.2684, 10.2106, -19.0061, 0.0014101, -0.000108974, -0.000193701, 
261, 67387.6, -57.2295, 20.7781, 22.292, 0.000631679, -0.000230595, -0.000192952, 
262, 77226.3, 46.015, -27.0048, -24.4437, -0.000842587, 0.000335825, 0.000421288, 
263, 152402, -56.6546, 50.4834, -57.6475, 0.000328522, -0.000304051, 0.000350265, 
264, 9967.51, 14.4273, -7.95373, -3.22442, -0.000289387, -3.14595e-07, 0.00015823, 
265, 435468, -17.358, -10.7484, -51.8918, 4.8909e-05, 0.000122957, 0.000709966, 
266, 21570.7, 17.3058, -23.3752, -32.7053, -9.12698e-05, 0.000284047, 0.000143566, 
267, 21549.7, 48.9005, 22.3073, -20.9809, -0.000512969, -0.000219155, 0.000205025, 
268, 62534, 25.8997, -28.0187, -48.3914, -7.01994e-05, 0.000460995, 0.000118757, 
269, 28256.9, -54.7287, 6.22593, -8.71681, 0.000794367, 0.000133885, 0.000181868, 
270, 126365, 11.5106, 52.2293, -12.6269, -5.48169e-05, -0.000837851, 9.81548e-05, 
271, 119714, 21.2927, 51.3394, -13.4795, -0.000343821, -0.000547279, 6.64522e-05, 
272, 117905, -41.0727, -2.20471, -41.4861, 0.000362076, -0.00013467, 0.000393542, 
273, 216045, 51.4538, 0.426758, 38.0406, -0.000623451, -7.73007e-05, -0.000430765, 
274, 176965, -12.049, 55.1968, -39.6767, 3.87062e-05, -0.000639773, 0.000445512, 
275, 218878, -37.3473, -52.903, -54.5972, 0.000205564, 0.00037922, 0.000455925, 
276, 44462, 43.214, -19.5972, 40.5766, -0.000339045, 0.000233435, -0.000300114, 
277, 361665, -40.415, 47.9499, 47.0684, 0.000310541, -0.000397437, -0.000484624, 
278, 22448.1, -25.342, -5.79537, 1.60059, 0.000322196, 0.000183213, 8.27041e-06, 
279, 9618.09, -0.190338, 9.37094, -34.3118, -0.000554866, -0.000268993, 0.000701054, 
280, 10682.6, -38.2936, 14.6601, 43.4274, 0.00041141, -0.000226331, -0.000459496, 
281, 12372.2, -26.3921, -47.4869, -45.2995, 9.2486e-05, 0.000419259, 0.000463398, 
282, 220601, -17.0947, 15.5724, 25.8238, 0.000189137, -0.000130628, -0.000422547, 
283, 269369, 9.73196, -15.2935, 0.674821, -0.000231275, 0.000147307, 3.51006e-05, 
284, 77763.6, 54.2924, 26.873, -11.2824, -0.000625927, -0.000151906, 0.000179982, 
285, 54623.2, 49.4347, 25.9393, 25.457, -0.000600052, -5.83298e-05, -0.000364098, 
286, 524017, 11.6644, -51.3524, -27.6451, -4.63993e-05, 0.000694997, 0.000193882, 
287, 64452, -59.1443, 21.4405, 35.3472, 0.000654732, -0.000301957, -0.000248069, 
288, 4675.11, -31.4815, 38.7551, -29.2715, 0.000289461, -0.000453574, 0.000190438, 
289, 39733.7, -52.6761, 45.804, 14.8281, 0.00056323, -0.000465064, -1.19206e-05, 
290, 199617, 28.972, 27.4377, -40.6964, -0.000200343, -0.000299366, 0.000298554, 
291, 2413.12, 7.91136, -14.9819, -40.5453, -0.000878056, 0.000231997, 0.000420918, 
292, 35712.3, 36.6236, -30.6219, -40.0638, -0.000424178, 0.000204694, 0.000298659, 
293, 141406, -30.4137, 49.0341, 37.4194, 0.000258943, -0.000468044, -0.000394733, 
294, 9254.71, 3.51731, 55.6971, -58.5252, 0.000139828, 0.00151424, 0.000137482, 
295, 108043, 55.3291, 13.8063, -23.5988, -0.000488411, -1.24669e-05, 3.09848e-05, 
296, 13817.1, 25.0508, -46.3212, -47.8872, -0.000105909, 0.000440863, 0.000318254, 
297, 79705.7, 30.9364, 28.8828, 8.23409, -6.48142e-05, -5.36424e-05, 9.60917e-05, 
298, 5709.61, 46.5132, -21.7342, -35.2728, -0.00053951, 0.000145956, 0.000356114, 
299, 22842.7, 49.6306, -11.62, -5.38497, -0.000607904, 5.93168e-05, 0.000176236, 
300, 23759.6, -45.5413, -29.281, 27.8765, 0.000372062, 0.000391794, -0.000329984, 
301, 274850, 53.2707, -10.3703, 57.0669, -0.000406556, 6.08194e-05, -0.000533533, 
302, 153258, -13.2001, -19.1939, 21.9023, 0.00024143, 0.000147803, 1.29883e-05, 
303, 54605.7, 2.93209, -43.9839, -57.4016, 6.58739e-05, 0.000326372, 0.00062333, 
304, 4713.66, 17.5835, -52.1903, -38.2981, -0.00016973, 0.000641059, 0.000392942, 
305, 33650, -49.8945, 29.623, 44.209, 0.000613733, -0.000400078, -0.000328238, 
306, 162397, -5.62484, 33.8552, -35.7682, 0.00012828, -0.00033662, 0.000322592, 
307, 39993.4, 2.05727, 2.5994, -31.9263, -0.000274831, 3.94747e-05, 0.00031201, 
308, 84360.3, -34.2922, 26.9727, -27.396, 0.000468784, -0.000325249, 0.000356607, 
309, 95970.4, -45.5246, 35.6875, 20.2488, 0.00051228, -0.000256829, -0.000173003, 
310, 3861.64, 18.8853, -35.4048, -24.8294, -0.000101692, 0.000595958, 0.000727351, 
311, 10290.1, -23.588, -52.0704, 51.2326, -0.000102451, 0.000650154, -0.000729337, 
312, 118099, -27.3652, -0.832343, -23.2169, 0.000211077, 3.6964e-05, 0.000162291, 
313, 108226, -0.750096, 13.265, 59.2283, 6.03216e-05, -4.50769e-05, -0.000855087, 
314, 49505.7, -8.86084, 43.4768, -25.0227, 0.000196271, -0.000459985, 7.23321e-05, 
315, 136561, -53.7982, 34.6371, -2.50678, 0.000592997, -0.00030918, -6.92992e-05, 
316, 19750, 57.1522, 36.8147, 58.3506, -0.000467434, -0.000160905, -0.000582491, 
317, 14512.4, -23.2591, -52.3079, 34.6374, 1.58205e-05, 0.000775249, -0.00033378, 
318, 174165, 59.078, -24.0658, 29.5237, -0.000638811, 0.000250677, -0.000185753, 
319, 16968.8, 16.6776, 6.98424, 56.227, -0.000220518, -6.73884e-05, -0.000719828, 
320, 41027.2, -36.0217, -58.397, 8.8489, 6.39413e-05, 0.000944351, -0.000388579, 
321, 51014.5, -3.37596, -32.5579, 43.7394, -0.000136133, 0.00023838, -0.000440351, 
322, 161962, 11.1186, 26.6983, -5.86359, -0.000104028, -0.000235193, 6.00788e-05, 
323, 110711, -31.6678, 58.2076, -3.14934, 0.000370914, -0.000682599, -6.98475e-05, 
324, 90976.8, -28.8912, -5.58468, -50.9107, 0.000361786, 0.000446922, 0.000504817, 
325, 138221, -31.5415, 58.3523, -19.8231, -0.000419859, -0.000755125, -0.000210342, 
326, 67068.8, -11.7097, -50.7831, 13.0341, 0.000326987, 0.00102037, 0.000177527, 
327, 41356.2, -2.41198, 51.9708, 17.0155, 3.90838e-05, -0.000627938, -0.000246377, 
328, 143414, 14.2283, 43.9233, 37.5422, -0.000134308, -0.000402361, -0.000511151, 
329, 80862.5, -8.32603, -4.9791, 55.043, -0.00023984, 0.000298354, -0.000985114, 
330, 33423.8, -1.40773, 56.9533, 26.7357, 5.10804e-05, -0.000712394, -0.000241427, 
331, 67927, 32.5279, 19.7671, -17.6086, -0.000450996, 3.67847e-05, 0.000231166, 
332, 2943.7, 39.9268, -10.1139, 21.9803, -0.000405274, 0.000209378, -0.000202804, 
333, 180266, 29.659, -26.8592, -50.8531, -0.000634661, 0.000269493, 0.000461973, 
334, 175452, 44.6969, 6.01971, -53.8106, -0.000293202, 1.2438e-05, 0.000537358, 
335, 31177.4, -42.2146, -13.6519, -46.3034, 0.000249709, -0.000188498, 0.00098683, 
336, 287.254, -25.187, 13.525, -28.9345, 0.000496761, -7.29263e-05, 0.000384425, 
337, 4441.77, 46.1152, -37.0248, 33.0666, -0.000350979, 0.000452645, -0.000190631, 
338, 27578, -0.880315, 17.3032, -24.4312, -9.59388e-05, -0.000111281, 0.000116356, 
339, 92993, 20.1674, -16.2828, -4.14883, -0.000349013, 0.000133676, 7.49119e-05, 
340, 48630.4, 18.3884, 53.6835, 55.2179, -5.46906e-05, -0.000389131, -0.00047958, 
341, 32452.9, 8.12385, -11.9086, -52.7088, -3.46002e-05, 3.97708e-05, 0.000706296, 
342, 65586.1, -43.1421, -49.9849, -40.0416, 0.00030268, 0.000521465, 0.000411173, 
343, 85775, 22.3638, -45.8414, 20.2614, -0.000238734, 0.000557789, -0.000150833, 
344, 1290.82, 12.1902, -12.7546, 32.8764, 0.000120946, 0.000418129, -0.000868395, 
345, 178059, 13.3873, 27.5308, -44.1688, -0.000272041, 2.16135e-05, 0.000481319, 
346, 71944.5, -48.1979, 27.0517, 45.3906, 0.000400575, -0.00010837, -0.000485308, 
347, 43192.1, -5.60248, 18.8172, -50.0227, 7.82115e-05, -0.00036689, 0.000654403, 
348, 107335, 1.51308, -13.1427, -39.4434, 0.000599665, -9.14209e-05, 0.000174993, 
349, 108996, -25.0571, 8.96295, -0.995606, 0.000272678, -0.000125915, 0.000108117, 
350, 60887.6, -35.4415, 26.715, 27.0989, 0.000684444, -0.000589139, 0.00100428, 
351, 177184, -38.8315, -53.4303, 4.26152, 0.00124529, 0.00342821, 0.000362361, 
352, 111850, 27.3154, -22.4809, 47.9773, -0.000245013, 0.000244511, -0.000433271, 
353, 25811.6, -48.4929, 5.99304, -5.54205, 0.000991053, 0.000340517, 0.000516666, 
354, 3950.75, 10.228, -25.4108, -18.0203, -8.06152e-05, 0.00018913, 0.000140965, 
355, 31026.3, -6.76213, -22.3166, -58.5764, 3.87653e-05, 0.000262584, 0.000694884, 
356, 55931.2, 52.7315, -19.0559, 15.8822, -0.000515722, 2.32755e-05, -8.33747e-05, 
357, 88226.6, 6.01052, -9.15624, -38.6178, -0.000208919, -0.000233016, 0.000265942, 
358, 125397, -20.1016, 43.0134, 38.5716, 2.2705e-05, -0.000394391, -0.000488567, 
359, 54791.5, -12.6357, -23.0107, 51.2203, -2.46036e-05, 0.000316825, -0.000434657, 
360, 198127, -21.7748, 18.7942, -51.4216, 0.000320113, -0.000361471, 0.000487001, 
361, 30849.4, -12.6165, 12.1509, 5.05914, 0.000164909, -0.000306972, 0.000201661, 
362, 75687.4, 31.9658, 26.4681, -18.8494, -0.000415268, -5.19088e-05, 0.000349354, 
363, 186370, 47.1828, -25.205, 25.227, -0.00041001, 0.000248731, -0.000167837, 
364, 3094.88, 11.728, -9.44298, 1.97358, -0.0002676, -0.000108353, -1.09224e-05, 
365, 72408.8, -45.1841, 14.2403, 33.3093, 0.000477296, -0.000158376, -0.000333676, 
366, 65782.5, -13.1625, -0.72103, -47.3894, -0.000120271, 0.000166254, 0.000432144, 
367, 644.339, 26.3109, 58.1997, 26.7563, -3.04885e-05, -0.000706268, -0.000274551, 
368, 93455.3, -42.3339, -18.3758, 30.1868, 0.000281407, 0.000236812, -0.000352735, 
369, 117957, 53.5021, 20.8308, 0.912806, -0.000602169, -0.000176433, 0.000139786, 
370, 198698, 5.89029, -55.6327, -52.2024, -3.70563e-05, 0.000616228, 0.000437581, 
371, 2187.7, 23.8664, -35.5591, 49.0854, -0.000275563, 0.000207663, -0.000419981, 
372, 65339.8, -17.2562, -0.683375, -5.2524, 9.88782e-05, 0.000112873, 0.000149413, 
373, 36992.5, -1.95287, -49.7376, -27.8941, 6.07516e-05, 0.00055751, 0.000178383, 
374, 2896.11, 9.25345, 36.3654, 34.0472, -0.000211294, -0.000331324, -0.000519216, 
375, 26332.1, -36.9202, 28.6951, 59.3925, 8.65267e-05, -0.000193406, -0.000586147, 
376, 121527, -53.9155, -57.3729, 20.8562, 0.000440122, 0.000529839, -0.000190476, 
377, 92522.1, -12.2797, 15.1579, 14.0033, 0.000169094, -0.000315719, -0.00027408, 
378, 63541.9, -27.4274, -43.8979, 53.983, -0.000107489, 0.000391616, -0.000658609, 
379, 16343.1, 28.2419, 32.3206, -44.7142, -0.000261059, -0.000576866, 0.000358138, 
380, 19303.1, -46.0749, 19.9584, -45.7802, 0.000487432, -0.000171157, 0.000488455, 
381, 61662.9, 28.5109, 12.8694, 21.4313, -0.000557388, 2.62742e-05, -0.000181214, 
382, 137756, -32.3576, 25.6241, -23.6147, 0.000265977, -0.000225026, -3.33332e-05, 
383, 104291, -42.43, -58.3617, 22.5224, 0.000281752, 0.000588227, -0.000263581, 
384, 11732.1, 9.40591, 33.2078, 7.78608, 1.64813e-05, -0.000314392, -0.000153536, 
385, 155353, 32.5164, -33.9512, -9.50067, -0.000299318, 0.000336452, -0.000282644, 
386, 4126.35, 8.33387, -44.2667, -54.9814, -7.45915e-05, 0.00024207, 0.000691627, 
387, 40145.2, -11.5316, -39.5851, 35.7869, 0.000182375, 0.000433196, -0.000466102, 
388, 36094.8, 13.9721, 54.8461, -7.401, -0.000188031, -0.000867194, -0.000177109, 
389, 20975.7, 53.1952, -1.6351, -59.5101, -0.000458308, 0.000141008, 0.000644011, 
390, 511126, -17.6412, 3.51381, 7.58237, 0.00027841, 5.88164e-05, -7.23341e-06, 
391, 75637.7, 32.5782, -26.5522, 57.5138, -0.000275353, 0.000165035, -0.000623597, 
392, 128929, 29.9616, -8.07307, -38.0971, -0.000358866, -3.41101e-05, 0.000292964, 
393, 87066.3, 24.6935, -48.8077, -33.9309, -0.000597306, 0.000736437, 0.000128042, 
394, 50771.3, -50.9662, -34.4494, 19.2681, 0.000379639, 0.000458498, -0.000350133, 
395, 170525, 3.90586, 25.3036, -39.7259, -4.02185e-05, -0.000129972, 0.000315069, 
396, 15023.4, 47.1604, -5.71533, -47.9132, -0.000481059, 0.000148911, 0.000290669, 
397, 20503.9, -41.04, 51.685, 19.8319, 0.000375943, -0.000549948, -5.85002e-05, 
398, 42197.5, -23.0633, 50.3263, 33.773, 0.000978729, -0.000367656, 0.000316589, 
399, 79491, -12.2914, 56.9178, -33.5135, 2.37678e-05, -0.000799921, 0.000135722, 
400, 3768.07, -57.5998, -13.5686, 29.5035, 0.00106013, -0.000230316, -0.000791569, 
401, 102547, -59.7176, -47.8536, -48.9348, 0.00039831, 0.000320555, 0.000348188, 
402, 7728.87, 24.1453, 47.6219, -56.2066, 0.000185695, -3.13511e-05, 0.00184243, 
403, 316286, -23.6858, 40.9292, 9.31746, 0.000386399, -0.000401598, -0.000135983, 
404, 28318.7, -57.4254, -25.1266, -58.1783, 0.000463855, 0.000185537, 0.000505757, 
405, 157915, -55.3581, 13.6745, 12.2649, 0.000655668, -0.000216968, -0.000141847, 
406, 43246.1, 42.3153, 10.9014, 36.0448, -0.000580512, -0.00123022, -0.000158458, 
407, 112166, -33.5891, 12.8381, 5.16268, -0.000183433, -0.000437714, 0.000405049, 
408, 8585.04, -2.25403, 5.86186, 42.0229, 3.8285e-05, 2.60375e-05, -0.000525755, 
409, 10881.6, 38.2587, 40.8351, -31.1681, -0.000147599, -0.00076897, 0.000337294, 
410, 58691.6, 14.2515, 40.834, -33.677, -0.000511953, -0.000175961, 0.000450605, 
411, 22976.7, 39.4591, -14.9016, -6.53451, -0.000319432, 9.32409e-05, 0.000127669, 
412, 92040.7, 14.3739, -19.5578, -52.5007, -1.76358e-05, 9.30729e-05, 0.00063298, 
413, 38887.3, -0.136044, -3.54292, -38.5813, -4.33158e-05, 3.31524e-05, 0.000409251, 
414, 70334, -53.2594, -2.70074, 31.5522, 0.000617941, -0.000145011, -0.000279005, 
415, 190179, -31.5305, 33.7663, -49.7515, -9.44123e-05, -0.000301396, 0.000166832, 
416, 62292, -48.015, -53.1376, 56.0225, 0.000299055, 0.000350073, -0.000411445, 
417, 262046, -49.2092, -17.8142, 40.8856, 0.00048592, 0.00022315, -0.000393444, 
418, 36290.5, 46.0558, -40.9107, -54.941, -0.000112301, 0.000309107, 0.000289032, 
419, 16769.6, 53.8318, -55.0063, -12.8795, -0.000446339, 0.000470482, 8.74191e-05, 
420, 5876.44, -57.7812, 11.3458, 33.6329, 0.000636732, -4.50321e-05, -0.000292014, 
421, 420508, -52.3243, 41.9534, -36.426, 0.000567516, -0.000481057, 0.000535069, 
422, 107083, -26.1351, 49.0434, 45.1399, 9.62644e-05, -0.00048036, -0.000599586, 
423, 46470.3, 16.6366, -31.0498, 7.95421, -0.000255809, 0.000371974, -2.4342e-05, 
424, 15619.3, 34.037, 38.1156, 51.1607, -0.00014294, -0.000317737, -0.000644367, 
425, 255218, -11.1524, -57.7222, -13.6213, 1.68906e-05, 0.000658084, 0.000112549, 
426, 64959.3, -35.1027, 42.9277, -38.6989, 0.000340044, -0.000524162, 0.000379404, 
427, 29796.2, 29.2333, 20.3142, 34.8354, -0.00016285, -0.000115665, -0.000450211, 
428, 132945, 43.476, 40.0135, -3.99758, -0.00033732, 2.87936e-05, 0.000123383, 
429, 51304.2, -38.4713, 38.1063, -5.74088, 0.00039421, -0.000501819, -9.05688e-05, 
430, 146787, -54.8897, 9.68517, -4.97273, 0.00081311, -0.00012176, -4.68141e-05, 
431, 42119.7, 52.6745, 10.8792, -16.0462, -0.000552031, 2.06652e-05, 9.52659e-05, 
432, 21708.8, -40.0664, 20.7866, -3.73224, 0.000489163, -0.000279151, 4.38905e-05, 
433, 64312.2, 27.9474, -40.3554, 8.21379, -2.03893e-05, 0.000824291, 9.19387e-05, 
434, 3601.85, -25.1906, -36.5655, -25.4171, -2.65498e-05, 0.000678126, 0.000329348, 
435, 16568.6, 3.06346, 40.1197, -31.1838, 0.00013439, -0.000153712, 0.000398802, 
436, 40153.1, 50.9976, 34.4378, -15.8474, -0.000570651, -0.000240373, 0.000268987, 
437, 48440.2, 52.4872, -42.0706, 48.9618, -0.000252837, 0.000524925, -0.000285767, 
438, 130743, 44.5293, 51.8238, 26.0081, 0.000267348, -0.000657971, -0.000399591, 
439, 70176.1, -44.9125, 13.4249, 9.01706, 0.000691054, -0.000186797, -0.000220713, 
440, 154074, -56.2902, 32.2795, -59.1457, 0.00038283, -0.000183658, 0.000449594, 
441, 16387.2, -48.4766, 18.025, 2.75764, 0.00059952, -0.000490369, -0.000442427, 
442, 69695.7, -12.2818, 20.5298, 0.499252, 0.000171085, -0.000269508, 0.00010756, 
443, 26188.8, -15.6719, 47.6661, 40.409, -8.54341e-05, -0.000559346, -0.000525176, 
444, 25432.2, -54.3419, 21.2724, 32.9159, 0.000476631, -0.000251541, -0.000224271, 
445, 105607, -42.6633, -14.0961, -43.7435, 0.000353817, 7.60787e-05, 0.000177599, 
446, 23567.2, 29.2568, -41.3277, 8.95538, -0.000769803, 0.00106614, -0.000329245, 
447, 244876, -33.5538, -42.9076, 48.344, 0.000299074, 0.000338765, -0.00058943, 
448, 113912, 20.9542, -26.1942, 51.9802, -0.000135478, 0.000306786, -0.000592214, 
449, 448187, 46.184, 30.1379, 16.8721, -0.000601136, -8.26667e-05, -0.00031684, 
450, 60275.8, -38.3346, -34.4459, 6.03056, 0.000257194, 0.00038445, -0.000117623, 
451, 14300, -31.0301, -18.3885, 27.8938, 0.000190557, 0.000251742, -0.000314106, 
452, 114448, -31.3422, -37.3838, -3.34649, 8.96593e-05, 0.000469267, -0.000139629, 
453, 154324, -6.40906, -44.6029, -8.79566, 1.88004e-05, 0.000594154, 0.00018726, 
454, 39950.2, 3.91727, -32.1038, -55.4203, 2.1973e-05, 0.000354768, 0.00069157, 
455, 4078.16, -0.00116723, -10.2986, 51.4034, -0.000293621, 6.33134e-05, -0.000701686, 
456, 53273.8, 14.9018, 56.9187, 10.3241, -6.23006e-05, -0.000759341, -0.000105328, 
457, 64056.1, -39.3233, -2.5739, -57.2658, 0.000467494, 5.42277e-06, 0.000763422, 
458, 57538.7, -4.08318, -54.6972, -49.6813, 0.000158736, 0.000496712, 0.000389284, 
459, 139195, 35.5583, 26.2588, 4.6401, -0.000392558, 1.75735e-05, 0.000148606, 
460, 73400.7, -19.0221, 15.1477, 15.8645, 0.000333895, -0.000261376, -0.000311611, 
461, 24140.1, 23.3027, -50.0279, -50.8725, -3.70694e-05, 0.000547779, 0.000418541, 
462, 104356, 16.7049, 35.4869, -53.6468, -0.000318872, -0.000635448, 0.000604066, 
463, 76214.5, -53.8858, -11.5522, -17.2981, 0.000623587, 0.000102588, 0.000150726, 
464, 2621.85, 28.8955, 30.8891, 28.5793, -7.29377e-05, -0.000279482, -0.000490524, 
465, 46723.6, 38.9754, 17.9907, 57.0316, -0.000243934, -6.52571e-05, -0.000618189, 
466, 266239, -27.5761, 17.5512, 48.1927, 0.000204676, -0.000199895, -0.000602656, 
467, 50820, -17.5233, -7.71666, 16.8034, 0.000188649, 0.000372901, -0.000122677, 
468, 52851.3, 24.4016, -8.70853, -52.2369, -7.85615e-05, 1.0276e-05, 0.000475518, 
469, 23696.8, -21.7527, 11.2265, -28.8024, 0.000204947, -0.000144793, 0.000197634, 
470, 434938, -50.9792, -9.50135, -37.2132, 0.000548441, 0.000209955, 5.76974e-05, 
471, 182658, 19.6484, -16.8446, 47.1827, -0.000119046, 6.25611e-05, -0.000485317, 
472, 280934, -10.9118, -49.2348, 37.0719, 2.49088e-05, 0.000566709, -0.000283147, 
473, 243510, -24.8043, 59.3611, -14.7272, 0.00027459, -0.000996814, 0.000209423, 
474, 72106.9, 7.24582, -31.5212, -12.186, -2.54059e-05, 0.000372118, 9.77788e-05, 
475, 117779, 30.543, 56.8782, 8.22425, -5.55646e-05, -0.000903542, -0.000158501, 
476, 67729.3, -35.0927, -11.44, -25.7095, 0.000481953, 0.000115106, 0.00012505, 
477, 79242.1, -20.208, 5.64632, 58.3015, 0.000147032, -0.000125306, -0.000719923, 
478, 308489, 35.5757, 49.1038, 15.9339, -0.000165163, -0.000679701, -0.000342836, 
479, 55630.9, 16.1921, -5.78132, -56.8224, -6.07899e-05, 1.96875e-05, 0.00066402, 
480, 78754.5, 52.6169, -31.8496, -24.243, -0.000787611, 0.000288767, 0.00023796, 
481, 246615, -54.5353, -28.7892, -37.06, 0.000638471, 0.000270302, 0.00033379, 
482, 81872.2, 44.6655, 30.8057, 12.8352, -0.00025126, -0.000201888, 0.000676247, 
483, 174292, 12.8077, -15.6075, 19.1825, -0.000769805, 0.000466887, -0.0015129, 
484, 28377.4, 37.246, 6.52054, 18.2329, -0.000475375, 4.19654e-05, -0.000110809, 
485, 64865.6, -8.61708, -52.9065, -37.6035, -0.000975628, 0.000735043, 0.00151641, 
486, 111432, 3.49572, 55.4381, -58.4736, -3.58494e-05, -0.000620645, 0.000596688, 
487, 75342.5, 28.9535, -14.5659, 50.8067, -0.000241757, -1.57725e-05, -0.000620372, 
488, 115817, -51.5842, -48.0308, -18.2134, 0.000252717, 0.000149434, -6.40412e-05, 
489, 246506, 42.7062, -14.0139, 46.8781, -0.000340672, 9.74057e-05, -0.000482645, 
490, 108399, -7.02483, 21.4771, -33.8209, -0.000101214, -0.000301109, 0.00024154, 
491, 69768.3, 24.3122, 13.7628, 14.9626, -0.000249147, -0.000120472, 4.15555e-05, 
492, 11244.9, -20.3207, 34.4891, 40.2895, -4.16836e-05, -0.000332489, -0.000460986, 
493, 36221.5, 55.2136, -18.9814, -11.0427, -0.000670592, 3.93505e-05, 0.000120196, 
494, 73250.2, 3.26485, 44.9806, 4.5786, 2.412e-05, -0.000510609, -9.26764e-05, 
495, 23760.7, 22.352, 4.54015, 37.0258, -0.000213006, 3.92416e-05, -0.000517834, 
496, 30624.3, 15.9935, -23.371, 19.9853, -0.000104425, 0.000429177, -0.00029, 
497, 83738.3, 9.38015, 52.0622, -2.21592, 4.10455e-06, -0.00063279, -0.000207827, 
498, 11114.4, -56.8464, -11.3138, -45.2919, 0.000871202, 0.000429685, 0.000661086, 
499, 83974.2, 55.0791, -18.737, 3.85954, -0.000673609, 5.40061e-05, -7.44604e-05, 
500, 167164, 10.2987, 21.373, -3.83, -0.000152704, 4.44506e-05, -8.82066e-05, 
501, 39981.5, 54.2565, 36.7329, 56.0424, -0.000332043, -0.000235658, -0.000555393, 
502, 166633, 9.78513, 31.2787, -44.0284, 7.51123e-05, -0.000502106, 0.000537377, 
503, 94996.7, -5.20313, 31.7767, -13.4051, -0.000137465, -0.000487447, 6.30675e-06, 
504, 878427, -13.67, 11.3801, -55.2258, 4.60411e-05, -6.87872e-05, 0.000784587, 
505, 289289, 15.6633, -42.073, -25.2109, -0.000130498, 0.000427845, 0.000171428, 
506, 84483.6, -8.22284, -16.3673, 32.1477, -0.00025358, 0.000435457, -0.000642845, 
507, 46386.5, -24.9518, 33.8583, 24.8385, 0.000204551, -0.000382005, -0.00019508, 
508, 239600, 53.3295, -31.2492, 8.42863, -0.000530171, 0.000319367, -0.000291854, 
509, 81764.2, -48.803, -50.5193, 15.7123, 0.000419439, 0.000420751, -0.000237944, 
510, 259213, 4.56306, -14.8923, -40.6534, -0.000186574, 0.000354445, 0.000513187, 
511, 57606.5, 11.2449, 8.61632, 49.5296, -0.000289347, 0.000101501, -0.000674811, 
512, 153935, 31.439, 31.2902, -16.517, -0.000373815, -0.000369786, 0.000170784, 
513, 64744.3, -52.952, 59.0937, -18.3633, 0.00043055, -0.000505702, 5.33297e-05, 
514, 202960, 55.3084, 32.7446, -46.6204, -0.000540626, -0.000303581, 0.000301872, 
515, 73717.5, 59.3561, 16.4883, 16.281, -0.000822698, -1.23129e-05, -0.00018012, 
516, 7194.27, 46.0689, -17.8076, -23.4888, -0.000962737, 0.000349904, 0.000711194, 
517, 4058.88, -25.3224, -23.7761, -2.98215, 0.000241367, 0.000418116, 3.73798e-05, 
518, 190494, -34.6869, 42.3109, 20.7853, 0.000369345, -0.000460418, -0.000135581, 
519, 10423.9, 10.6701, 25.342, 18.5418, -0.000140625, -0.000198363, -0.000212847, 
520, 63444.7, 50.1785, 17.8885, -15.4067, -0.00051729, -9.76596e-05, 0.000116004, 
521, 18007.4, 9.31017, 51.821, 36.0375, -0.000262243, -0.000755469, -0.000445938, 
522, 15733.7, -24.9193, 52.8272, -33.1188, 0.000471127, -0.000678412, 0.000291643, 
523, 37395, 4.35367, 13.2376, 18.5567, -0.000198387, -0.000125183, -0.000288, 
524, 260143, -54.1145, -14.5999, 26.0168, 0.000271296, -0.00033252, -0.000417531, 
525, 4116.81, 38.7973, 38.8934, -28.5762, -0.000469692, -0.000303856, 0.000180913, 
526, 45083.3, -12.1388, 26.9233, 32.5288, -4.43688e-06, -0.000273336, -0.000605687, 
527, 282431, -51.9033, -1.50652, -42.9459, 0.000469808, -0.000482111, 0.00051869, 
528, 91320.8, 32.4446, 32.2274, 15.903, -0.000322653, -0.000118347, 0.000227849, 
529, 10763.8, -15.6171, 23.4931, 46.2217, 0.000389066, -0.000327375, -0.0003774, 
530, 13799.5, 44.118, -30.2851, 25.027, -0.000277895, 0.000504626, -0.000182452, 
531, 83303.9, 18.5878, -35.2875, -17.1971, -4.79459e-06, 0.000484506, -2.52255e-05, 
532, 130744, 58.7386, -53.4198, -50.8451, -0.000371482, 0.000363484, 0.000213645, 
533, 64133.7, -8.33948, -15.2175, 29.5985, -0.000112029, -1.72996e-05, 0.000110821, 
534, 21818.6, -39.3905, -49.5106, 18.4925, 0.000314136, 0.000429712, -0.000300985, 
535, 63285.1, 38.7431, 19.5202, 13.0213, -0.000399401, 0.000114578, -6.18513e-05, 
536, 161250, 35.1138, 49.534, -14.2727, -0.000281189, -5.27338e-05, 0.000144301, 
537, 36580.9, -13.6257, -25.642, -21.6075, -3.99733e-05, 0.000362575, 0.000129941, 
538, 7235.24, 24.5611, -18.8386, -28.8316, -0.000211062, 0.00010192, -8.22958e-05, 
539, 8823.99, -57.2146, 12.4202, 31.1518, 0.000630197, -9.85507e-05, -0.000211671, 
540, 80529.4, -13.9317, 17.881, -40.5261, 0.000232712, -0.000297912, 0.000417496, 
541, 44914.3, 43.394, -58.3084, 11.4696, -0.000331802, 0.000550994, -6.40519e-05, 
542, 69108.4, 41.3285, 10.2116, -34.3776, -0.00044338, -1.17196e-05, 0.000151824, 
543, 2937.28, -18.3423, -13.4365, 54.0467, 0.000259141, 9.98263e-05, -0.000781893, 
544, 36691.1, -52.541, -56.5709, 55.0758, 0.000375289, 0.000396838, -0.000320115, 
545, 47528, 54.0416, 48.2195, 57.443, -0.000266592, -0.000213639, -0.000519128, 
546, 34724.3, -16.7968, -11.1567, 47.6073, 0.000426026, 0.000155938, -0.000440882, 
547, 242635, -34.012, 29.5792, 7.39806, 0.00049179, -0.000329539, -8.87499e-05, 
548, 170932, 22.6635, -44.0408, 59.0478, -0.000138461, 0.000247989, -0.000629464, 
549, 33256.2, 49.0917, -47.0769, -56.8935, -0.000245319, 0.000543531, 0.000365795, 
550, 40814, -16.022, 57.1968, -46.6895, 0.00029922, -0.000611923, 0.000502882, 
551, 133643, 24.4982, 47.9888, -55.0342, -0.000251758, -0.000487432, 0.000409652, 
552, 50442.6, -49.1642, -49.3398, 45.8214, 0.000435529, 0.00047485, -0.000372503, 
553, 35357.6, -30.1181, -13.8013, -54.2856, 0.000277722, 0.000289311, 0.000756219, 
554, 52217.3, -40.6669, -28.4738, 34.8182, 0.000333341, 0.000325157, -0.000343881, 
555, 64699.5, -44.1346, 2.94146, 30.6516, 0.000451417, -0.000126798, -0.000220645, 
556, 43842.7, 9.36378, -47.5554, 13.6776, -0.000174677, 0.000561947, -0.000110874, 
557, 114227, 28.8435, 22.5005, 43.5313, -0.000105719, -0.000134161, -0.000589997, 
558, 42554.7, 4.21631, 55.8087, -53.5559, -7.71527e-05, -0.000536851, 0.000287154, 
559, 71173.9, -53.4356, -2.97254, 47.3369, 0.000598778, -5.06741e-05, -0.000337276, 
560, 45520.9, -33.4466, 38.608, -23.7998, 0.000327927, -0.000438761, 9.30368e-05, 
561, 78109.2, 6.41876, 49.4583, 34.9057, -0.000109582, -0.000543289, -0.000310952, 
562, 20656.7, 20.8839, 7.82585, -37.872, -0.000188912, 2.65233e-06, 0.00023773, 
563, 7005.21, 33.5968, -43.0166, -39.0369, -0.000465938, 0.000748876, 0.000184909, 
564, 145712, 53.915, -15.851, -25.7523, -0.000690932, 7.17784e-05, 0.000220976, 
565, 276175, -36.7897, 31.1509, -36.5705, 0.000389977, -0.000293604, 0.00035362, 
566, 2668.98, -36.117, -17.814, 45.3597, 0.000240273, 0.0004313, -0.000544293, 
567, 75718.4, -28.6963, 27.3426, -43.5997, 0.000265248, -0.000222274, 0.000418871, 
568, 11205.2, -31.1093, 15.2888, -9.3591, 0.000270996, -0.000273901, 5.0198e-05, 
569, 103470, 34.8185, -20.7545, 47.9297, -0.000315121, 0.000229711, -0.000463765, 
570, 88193, 14.1968, -59.4045, 55.3878, -3.1013e-05, 0.000483677, -0.000412021, 
571, 73610.7, 6.07626, 36.8051, 53.8438, -9.36016e-05, -0.00030664, -0.000595253, 
572, 227692, -51.1776, 56.7523, 20.8096, 0.000447259, -0.000490321, -0.000129898, 
573, 231666, 36.0949, 23.7934, -39.1873, 0.000463528, -0.00100247, 0.00150457, 
574, 101973, -6.91707, 19.182, -57.5485, -0.000155956, -0.000418129, 0.000874957, 
575, 102523, -28.3718, -30.7348, -24.13, -0.000427778, 0.000787252, 0.000923189, 
576, 24305.3, -42.1609, -6.00472, 45.7514, 0.00104636, 0.00157229, -0.00112205, 
577, 33858.3, 41.8806, -9.469, 32.9318, -0.00031368, 0.000221688, -0.000251217, 
578, 92470.5, -21.9624, -51.0869, 20.1065, 0.000129302, 0.000560911, -0.000201044, 
579, 53526.1, -15.8794, 2.42855, -51.0737, 6.88409e-05, 0.000234768, 0.000567775, 
580, 3915.28, -44.7997, 13.2976, -44.2487, 0.000576112, -0.000187075, 0.000416515, 
581, 41029.9, -29.001, 55.0441, 0.35683, 0.000243411, -0.000562547, -0.000186718, 
582, 381382, 0.654033, 35.1797, 29.4754, -0.000164381, -0.00045849, -0.000141511, 
583, 258779, 27.642, -57.1135, 9.62913, -0.00032975, 0.000771305, 4.48367e-05, 
584, 59704.7, 54.9676, 0.0123343, -54.3771, -0.000531593, 0.000295733, 0.00058827, 
585, 178734, 19.5285, -33.2653, -22.5177, -0.000175709, 0.000179913, 0.00028734, 
586, 87068.6, 57.7946, 2.02649, 16.5805, -0.000635508, 7.47106e-05, -0.000117888, 
587, 34965.9, 11.8042, 38.6694, -57.0346, 8.1631e-06, -0.000526364, 0.000752479, 
588, 7245.71, -0.542291, 36.6619, 50.0592, 5.09771e-05, -0.00030961, -0.000540549, 
589, 38183.4, 32.3444, 48.1956, 42.6852, -8.36226e-05, -0.00036064, -0.000521385, 
590, 191318, -43.346, 10.5818, -21.5991, 0.000907392, -0.000628662, 0.00133335, 
591, 13581.6, 4.83294, 1.20628, -29.2871, -0.000325897, -6.7769e-05, 0.000240315, 
592, 44916.7, 58.2571, -46.85, 58.1503, -0.000363946, 0.000185882, -0.000336548, 
593, 16198.7, 53.4699, -20.4432, 16.8193, -0.000782624, 0.000518743, -0.000390042, 
594, 189108, 26.37, -37.8375, -17.9524, -0.000330327, 0.000552531, 0.00013404, 
595, 19235.5, 24.9577, 17.4553, -29.1289, -0.000271329, -5.14287e-05, 0.0002197, 
596, 214861, -5.75888, -27.6539, 26.6477, -7.77388e-05, 0.000396883, -0.000256807, 
597, 65839.3, 52.5651, 16.8777, 18.2817, -0.000474527, 0.000187345, -0.000210433, 
598, 94754.3, -31.5326, 1.71184, -18.8906, 0.000269722, 6.01785e-05, 4.96503e-05, 
599, 133529, 5.6721, 57.4437, 12.1463, 3.61754e-05, -0.000717172, -0.000163898, 
600, 136142, 54.4512, -7.4447, -38.4373, -0.000510708, 0.00026416, 0.000286263, 
601, 129253, -41.9965, 48.4481, 28.5227, 0.000467188, -0.000454537, -0.000230146, 
602, 129000, 52.2838, 32.4131, 51.9242, -0.000357308, -0.00011278, -0.000508483, 
603, 33715.8, -0.221574, -34.6134, 16.0269, 0.00023122, 5.45636e-05, -0.000404899, 
604, 21831.4, 16.4166, 8.22804, 29.3543, -0.000143977, 6.60951e-05, -0.000284634, 
605, 14222, 30.6011, 19.7358, -7.95981, -0.000658255, 7.50586e-05, -7.96795e-05, 
606, 40334.9, -36.4799, 24.25, -3.28957, 0.0003881, -0.00032358, 5.24031e-05, 
607, 231884, 8.80806, 31.5382, -28.7765, -0.000139139, -0.000143938, 0.0001808, 
608, 108130, -20.4422, 14.9959, 9.56919, 0.000338391, -0.00032652, -4.62532e-05, 
609, 101147, -23.3814, 50.4439, -13.7699, 0.000176628, -0.000265272, 5.5273e-05, 
610, 103372, 34.9359, 31.9438, 47.3576, -0.000144703, -0.00029477, -0.000644632, 
611, 34659.8, -49.5589, -23.8651, -28.1018, 0.00059438, 0.000143821, 0.00014318, 
612, 52809, -31.2715, -13.8809, 35.5954, 0.000177564, 0.000196207, -0.000288034, 
613, 266787, -3.93588, -31.9296, -34.506, 3.31971e-05, 0.000381093, 0.000353966, 
614, 243455, -53.5719, -50.9995, -21.0134, 0.000557475, 0.000656473, 0.000317211, 
615, 54738.7, 55.4735, 20.1509, -46.0864, -0.000658986, -0.000246608, 0.000214196, 
616, 211402, -47.5976, -17.8495, 57.0065, 0.000393754, 5.32694e-05, -0.000620705, 
617, 47433.2, -11.7595, -20.6344, 23.947, -0.000139174, 0.000546343, -0.000486551, 
618, 17384.7, 28.4591, 29.146, -30.1116, -0.00032179, -0.000267745, 0.000191856, 
619, 45451, 6.62038, -57.5778, 41.0308, -7.56822e-05, 0.000557557, -0.00030105, 
620, 43419.4, -38.989, 14.3696, -31.0339, 0.00038949, -0.000213355, 0.000392313, 
621, 5842.31, -23.3343, 12.5669, -2.04122, 0.000130192, -0.000437414, 0.000187556, 
622, 86505.1, -7.10989, -41.4756, 46.3352, -5.95433e-05, 0.000332482, -0.000228951, 
623, 72253.8, 34.4623, -44.6115, 57.1022, -0.000308559, 0.00027489, -0.000484767, 
624, 4752.31, 0.463573, -57.8011, 28.8163, -0.000106049, 0.000646382, -0.000313454, 
625, 37316.8, -28.5241, -0.555454, 30.9379, 0.000316893, 3.51405e-05, -0.000371071, 
626, 17152.1, 21.9373, 55.7749, -57.3939, -0.000145759, -0.000516034, 0.000459034, 
627, 13070.4, 22.08, 48.7744, 49.9053, -7.11276e-05, -0.000361405, -0.000507904, 
628, 10533.3, -3.95322, -2.80542, 39.8184, -0.00053149, -5.28768e-05, -0.000563894, 
629, 39041.3, -36.1328, -22.3214, -51.8438, 3.75484e-05, 0.000399758, 0.000819405, 
630, 16221.4, -43.5995, -16.1024, 26.7313, 0.000304679, 4.56044e-05, -0.000196227, 
631, 11828.4, 40.3162, -18.469, -0.889306, -0.000283182, 0.000309208, 8.82046e-05, 
632, 22815.5, 47.9795, 17.6548, -24.5299, -0.000442081, -0.000123571, 0.000204651, 
633, 138707, -15.646, -1.65273, 19.0575, -0.00017994, 0.000415162, -0.000171063, 
634, 121309, 1.01046, -36.9172, 14.3583, -1.45769e-05, 0.000532579, -6.06324e-05, 
635, 168781, -53.8652, -8.18361, -10.87, 0.000644023, 4.29342e-05, -1.80032e-05, 
636, 41404.9, -11.6719, 15.6644, -27.6266, 7.94357e-05, -8.83918e-05, -8.31935e-05, 
637, 34486.5, -58.8672, -43.2255, -29.0009, 0.000650234, 0.000133274, 0.00040817, 
638, 95494.7, 13.3347, -4.43266, -24.0381, -0.000220437, 6.26111e-05, 0.00014904, 
639, 86832.6, 37.7323, 56.3458, -19.2531, -0.000458576, -0.000699773, 0.000402983, 
640, 52482.1, -2.2206, -54.6758, 23.3767, -9.39707e-05, 0.000608886, -0.000383366, 
641, 56276.2, 12.0935, 47.4922, 23.9585, -3.55103e-05, -0.000565088, -0.000318254, 
642, 181238, 1.15552, -15.1775, -2.58593, 5.52414e-05, 0.000161088, 7.23019e-05, 
643, 2137.25, 39.9723, 2.7485, -35.8006, -0.000459591, 5.46136e-05, 0.000218521, 
644, 28163.9, -9.63788, -33.7544, -2.85814, 0.00015902, 0.000163739, 0.000222012, 
645, 127801, 21.9426, 57.2707, -33.6938, -0.000271502, -0.000645777, 0.000394067, 
646, 16910.3, -57.1913, -4.41495, -55.7539, 0.000559343, -6.37671e-06, 0.0006248, 
647, 18287.8, 26.1866, -24.4537, -35.5875, -7.29401e-05, 0.000945616, -9.42266e-05, 
648, 1841.73, -42.8108, -15.6348, -34.1617, 0.000340983, 0.000222297, 0.000148287, 
649, 47252, 35.8771, 25.2227, -14.2114, -0.000600345, -9.92575e-05, 8.74747e-05, 
650, 69985, 7.19542, -25.7631, -48.2898, -0.000127833, 0.000442657, 0.000451681, 
651, 13386.6, -34.8959, -9.3868, 49.4819, 9.29268e-05, 0.000145856, -0.000818483, 
652, 136665, -30.3512, -25.4418, 14.7138, -6.74658e-06, 0.000695206, -0.000353843, 
653, 16638, 49.8114, 21.2745, -45.0221, -0.000484014, -0.00030983, 0.000185498, 
654, 1481.57, 17.0656, 11.4148, -55.9547, -3.00776e-05, 0.000304249, 0.000546561, 
655, 316938, -41.9648, 9.59107, -19.5658, -7.1195e-05, 0.000141795, -0.000348108, 
656, 155243, -49.5445, -21.083, 14.1488, 0.000191475, 0.000414963, -0.000390602, 
657, 47835.1, 35.1265, 55.1868, -14.8637, -0.000183989, -0.00119576, 5.43461e-05, 
658, 143832, -5.02129, -39.4944, -4.09428, -6.24703e-05, 0.000383294, -2.29005e-06, 
659, 189257, 13.6368, 47.2576, -11.1619, -0.000186405, -0.000307768, -7.13136e-05, 
660, 11976.7, -17.6633, -10.3274, -51.9299, -0.00271634, 0.00396885, 0.000376746, 
661, 26908.7, 33.3179, -9.98122, 31.3001, -0.000286322, 0.000197454, -0.000287826, 
662, 10168.3, 25.3085, -8.61516, 46.8522, -0.000199426, -2.66723e-05, -0.000549239, 
663, 22954.3, 40.5583, 36.258, -36.8455, -0.000470397, -0.000410874, 0.000267541, 
664, 78659.2, 15.2406, 32.5887, -16.1803, -0.000222049, -0.000233813, 0.000222542, 
665, 126814, 51.2614, -24.5808, 36.2075, -0.000535512, 0.000178171, -0.000347917, 
666, 41451, -10.9698, 25.213, -30.0836, 0.00015884, -0.000376407, 0.00011289, 
667, 53822.4, 19.4585, -16.8561, -45.1712, -0.000195506, 8.4266e-05, 0.000514111, 
668, 206541, 49.8207, -58.3108, 22.1451, -0.000409675, 0.000452161, -0.000114541, 
669, 79641.4, -10.0652, 14.0205, -38.1017, -3.0872e-05, 1.86563e-05, 0.000360111, 
670, 67614.6, -43.0309, -42.7008, -25.0017, 0.000277705, 0.000442339, 0.000281708, 
671, 39129.7, 44.6463, 40.8589, -5.23675, -0.00105932, -0.000710425, 0.00083374, 
672, 7255.47, -37.9291, -58.4251, 19.8458, 0.00011611, 0.000642592, -0.000186242, 
673, 262652, 36.209, 54.8379, 48.7803, -0.000130593, -0.000427356, -0.000478306, 
674, 124440, 45.9246, -33.2685, -12.6826, -0.000209446, 0.00056596, 0.000167116, 
675, 81588.7, 37.6237, -49.5424, -23.0499, -0.000353655, 0.000592153, 0.000160717, 
676, 28885.5, 3.70036, -5.38163, 3.49699, -7.97169e-05, 6.08009e-05, 1.42986e-06, 
677, 114526, 48.9884, 48.7577, -3.50621, -0.000476995, -0.000512097, 0.000543875, 
678, 112714, -33.8883, -2.44965, -39.3279, 0.000279756, -7.0231e-06, 0.000291394, 
679, 83359.2, 49.5734, 51.8279, 9.82322, -0.000415244, -0.000762524, -0.000137378, 
680, 106257, -58.2702, -9.14104, 44.4882, 0.000698409, 3.84727e-05, -0.000374564, 
681, 39593.4, -23.8101, 14.6944, -27.7202, 0.000271346, -0.000240065, 0.000171767, 
682, 32330.5, -39.5638, 3.21943, 5.33541, 0.000530533, 0.000196005, -8.5791e-05, 
683, 70872.3, 32.5823, -19.9213, 8.93579, -0.000329557, 0.000167988, -6.69636e-05, 
684, 37787.3, -53.753, 57.7607, 0.841863, 0.000435337, -0.000474357, -2.99963e-05, 
685, 7232.07, -29.323, -38.7849, -9.94727, 1.06894e-06, 0.000575944, 0.000118938, 
686, 178349, 58.1807, 6.59583, -48.1709, -0.00157724, -3.69339e-05, -7.71099e-05, 
687, 20866, -27.4697, 39.4865, 31.8753, 0.000301818, -0.00070541, -0.000182472, 
688, 127126, -8.4974, 29.4361, -14.4302, 0.000242533, -0.000197973, 0.00011708, 
689, 130417, -45.9803, -24.0824, 56.5857, 0.000289854, 0.00039993, -0.00055481, 
690, 30987.7, 53.5716, -32.1451, -5.82483, -0.000211714, 0.000543545, 0.00103553, 
691, 135134, -22.2188, 49.0892, -38.8121, 0.000288445, -0.000677269, 0.000484656, 
692, 145643, -48.7962, -7.65329, -46.943, 0.000417788, 0.00011477, 0.000831023, 
693, 240896, -55.5621, -5.55514, -42.1484, 0.00108066, 1.03573e-05, 0.000369151, 
694, 27298.6, 15.3913, -11.3158, -12.6066, -0.000225913, 7.38133e-05, 0.000122922, 
695, 131786, 58.4238, 15.051, -27.4766, -0.000712871, -0.000132724, 0.000287501, 
696, 69778.6, -0.879035, -21.6553, -11.9181, -3.72358e-05, 0.000301744, 0.000142059, 
697, 21587.7, -36.664, -37.4121, -7.54047, 0.000454109, 0.000572385, 1.12484e-05, 
698, 110763, -29.6139, -49.781, 28.9815, 0.000346765, 0.000575157, -9.69258e-05, 
699, 100563, -28.395, 40.9179, -56.948, 0.000218208, -0.00043782, 0.00063845, 
700, 41376.3, -30.869, -24.4961, 14.3282, 0.00088366, -0.000957834, 0.000314088, 
701, 119499, -21.8618, 50.6069, 34.4959, -0.000316102, -0.000702393, -0.000504704, 
702, 300292, 24.846, -27.7803, 18.1761, -0.000355256, 0.00033691, -0.000210929, 
703, 12800.1, 1.417, -31.0546, -30.2698, -0.000202879, 0.00034244, 0.000131794, 
704, 18103.5, 35.4168, -38.4116, -17.5621, -0.000476506, 0.000656919, 0.000266925, 
705, 144970, -41.6312, -51.739, -11.8788, 0.000234325, 0.00052403, 8.01831e-05, 
706, 162904, -11.2014, -45.1716, 54.6676, 0.000216151, 0.000440037, -0.000484359, 
707, 127828, -27.7379, 28.8256, 36.3432, 0.000255199, -0.000145241, -0.000635705, 
708, 10008.3, -37.3813, -57.5936, -52.5331, 0.00020533, 0.000747842, 0.000273281, 
709, 454812, -41.8412, -20.2, -47.7914, 0.000354687, 0.000356701, 0.000592021, 
710, 230294, 23.2539, 14.1814, 23.5549, -0.000165585, -0.000103453, -0.00036321, 
711, 180809, 47.6066, -52.82, 3.59825, -0.000418035, 0.000496146, -1.10183e-05, 
712, 186478, -26.0331, -51.1265, 47.2838, 7.66938e-05, 0.000635068, -0.000379965, 
713, 80709.1, 46.9319, 33.1666, -46.9714, -0.000357799, -0.000367883, 0.000367448, 
714, 66560.2, 16.7771, -19.2441, 54.4693, -4.15982e-05, 8.09879e-05, -0.000753538, 
715, 41040.8, -36.0351, -37.9289, 25.2699, 0.000294722, 0.000355088, -0.000231989, 
716, 259092, 41.9871, 8.64157, 36.4679, -0.000331939, 0.000202277, -0.000452594, 
717, 75252.7, 17.4879, -15.3806, 38.0301, -0.000172184, 0.000157051, -0.000402032, 
718, 14548.1, -5.84599, -43.0998, -4.78541, 3.6364e-05, 0.000791115, -0.000182298, 
719, 208162, 23.8438, -50.8456, 37.0703, -0.000104383, 0.000482949, -0.000190382, 
720, 227355, -10.4728, -1.66572, 52.9361, 9.6952e-05, -0.000183308, -0.000683036, 
721, 64932.4, 24.0951, -37.4083, 5.94752, -2.91396e-05, 0.000385825, 0.000106478, 
722, 135717, -17.7646, 3.43997, -25.1654, 5.76929e-05, -5.45887e-05, 6.45365e-05, 
723, 40199.9, 18.1675, 25.1556, -45.1434, -0.000395442, 3.54329e-05, 0.000428502, 
724, 115446, -3.11401, 5.01186, -30.0819, -0.000452865, 0.000354791, -0.00050768, 
725, 33600.6, -20.7632, 32.2012, -41.821, 0.000140784, -0.000316134, 0.000437193, 
726, 265173, -3.58071, 15.2017, 10.9064, -9.58916e-06, -0.000180851, -0.000232634, 
727, 55000.6, 11.6909, -26.5849, -41.7595, -9.00212e-05, 0.000381692, 0.000344742, 
728, 15418, 7.95025, -21.4514, 58.4244, -6.08758e-05, 0.000155503, -0.000651556, 
729, 62099.5, -30.7614, -18.3489, -27.9769, 0.000325683, 0.000188234, 0.000310209, 
730, 152226, 16.5221, 46.6111, -25.1896, -0.000476872, -0.000496083, 0.000212881, 
731, 139622, 31.6236, 32.4709, 18.7082, 0.000176754, 1.4676e-05, -0.000471768, 
732, 74722.5, 41.1113, -20.2422, 13.5025, -0.00039794, 0.000197657, -0.000175837, 
733, 23078.6, 54.108, 19.2832, 34.564, -0.000747148, 0.000495506, -0.00054034, 
734, 223106, -34.139, -57.1135, -3.04123, 7.17082e-05, 0.000751474, 0.000103357, 
735, 100932, 17.8991, 9.0089, 34.3293, -0.000220324, -1.83851e-05, -0.00049751, 
736, 15407.8, 52.0695, 36.6192, 5.79281, -0.000177702, -0.000461354, -0.000470656, 
737, 73866.6, -53.2395, -57.1538, -3.08472, 0.000470253, 0.000644595, -7.22033e-05, 
738, 105604, 28.1022, -45.8723, -54.0856, -0.000168749, 0.000346523, 0.000568365, 
739, 77804, -6.36622, -41.8219, 50.3452, -0.000217577, 0.00036711, -0.000560451, 
740, 2601.84, 7.99453, 29.3281, -41.1918, 0.000106732, -0.000164854, 8.38063e-05, 
741, 97811.4, 21.2972, -42.2033, 23.432, -0.000175178, 0.000331372, -0.000368075, 
742, 57732.8, 13.4414, -54.1527, -11.0842, -0.000135653, 0.000653488, 4.62958e-06, 
743, 176094, -5.45504, -13.9142, 48.7844, -0.000166568, 0.000204282, -0.000652724, 
744, 31088.8, 43.3718, -11.1513, -37.8944, -0.000472516, 9.99974e-05, 0.000278289, 
745, 34504, -29.4237, -28.1726, -35.8472, 0.000183962, 0.000353871, 0.000450723, 
746, 157264, -57.8114, -47.9999, -26.3388, 0.000661242, 0.000370507, 0.000402094, 
747, 51309.5, -33.3042, -55.7558, -35.0414, 0.00018277, 0.000643049, 0.000124938, 
748, 56455.9, 30.9253, 1.67302, -49.0556, -0.000317462, 6.6134e-05, 0.000391808, 
749, 177486, -31.5329, -29.9904, -21.8888, 0.00138991, -7.39914e-05, -0.000541733, 
750, 72900.3, -39.913, 35.1388, -8.52146, 0.00048018, -0.000291887, 8.32567e-05, 
751, 136424, -21.2521, -34.5361, 38.017, 0.000115827, 0.000266858, -0.000280664, 
752, 39843.8, 15.3246, 32.5732, -54.4347, -9.72388e-05, 4.71403e-05, 0.000836382, 
753, 13283.4, -0.826595, 18.8822, 48.7848, 0.00105331, -0.000341488, -0.000348549, 
754, 11672.7, -42.8059, 24.2294, 55.9804, 0.0003501, -4.82118e-05, -0.000471253, 
755, 44303.2, -28.1673, 1.11058, -7.4651, 0.000234868, 0.000130358, 4.08398e-05, 
756, 472178, 22.2929, -26.5352, -56.1032, -7.17425e-05, 0.00028428, 0.000729887, 
757, 17117.7, 38.4698, 40.5604, -31.1345, -0.000611202, -0.000176871, 0.000260693, 
758, 19020.1, 6.60984, -9.30417, -45.8754, -0.000122809, -8.31496e-05, 0.000711078, 
759, 81353, 18.8453, 38.5274, 17.2829, -6.52233e-05, -0.000342858, -0.000232058, 
760, 18507.3, 31.5812, 30.1628, 30.8722, -0.000183924, -0.000247446, -0.000504898, 
761, 119790, 41.6764, -56.6086, -11.6722, -0.000327527, 0.000563992, 7.57507e-05, 
762, 16549.5, -28.1591, -13.962, 32.5599, 0.000124508, 0.00017119, -0.000241085, 
763, 12225.5, 14.5655, -57.7298, -33.9328, -0.000182178, 0.000807428, 0.000366966, 
764, 27341.3, -40.5185, -57.2754, 4.29426, 0.000756364, 0.00157991, -0.000132763, 
765, 18702.9, 25.467, 26.0745, 28.1436, -7.52003e-05, -0.00023777, -0.00046715, 
766, 208731, -0.766868, 19.9179, 8.55725, -0.000190357, -0.000508917, 6.37765e-06, 
767, 255591, 27.2449, -18.8767, -35.885, -0.000373169, -0.000156686, 0.000209476, 
768, 131334, -23.8017, 27.3897, -26.5937, 0.000164765, -0.000290845, 0.000177782, 
769, 30898.4, 17.1978, 14.8335, 20.1438, 4.05329e-07, -0.000180683, -0.000164763, 
770, 3544.25, 16.4677, -9.04952, 34.8915, -0.000224352, 4.67152e-06, -0.000474044, 
771, 30824.4, 53.8047, 12.6903, 46.2088, -0.000498138, -3.99507e-05, -0.000478083, 
772, 473615, 2.70025, 46.8764, -26.5171, 0.000225179, -0.000576565, 0.000174883, 
773, 34568.9, 51.9372, -35.1847, 34.5508, -0.000526784, 0.000421386, -0.000217659, 
774, 32791.6, 24.0307, -17.2908, 25.6404, -0.000392647, 9.34787e-05, -0.000422514, 
775, 44229.4, -24.2029, -0.861093, -37.9083, 0.000345386, 9.33087e-05, 0.000371947, 
776, 261024, -16.4962, 26.966, 26.6791, 0.000134452, -0.000323952, -0.000313432, 
777, 90234, -33.223, 5.12123, -4.94881, 0.000390234, 1.29426e-05, 4.12088e-07, 
778, 88816.6, -20.1893, -16.6228, 12.982, 0.000157668, 0.00022404, -0.000122982, 
779, 34335.6, -46.2747, -40.2848, -8.73403, 0.000281141, 0.000348046, -3.79991e-05, 
780, 76695.2, -19.4264, -44.4931, -23.0392, 5.55986e-05, 0.000529362, 0.000220572, 
781, 53502.3, 46.9715, 50.0481, 25.9343, 2.43637e-05, 7.19036e-05, -0.000282728, 
782, 19540.2, -37.3387, 22.6949, -21.2921, 0.000495596, -0.000232565, 2.66648e-05, 
783, 120031, 6.17134, 13.0289, 29.9677, 0.000681651, -0.000588179, 0.00020759, 
784, 206026, 23.2613, -51.3518, 50.2244, -0.000246728, 0.000852404, -0.000394101, 
785, 14348.4, 28.0809, 26.2167, 3.99315, -9.00494e-05, -4.33585e-05, 0.000102125, 
786, 155974, 31.8243, 22.8969, 23.3626, -0.000272902, -6.46935e-05, -0.000336622, 
787, 36799.8, -17.8627, 52.8924, 20.7049, 0.000125672, -0.000679898, -0.000267419, 
788, 31623.1, 45.0935, -57.9118, 29.6052, -0.000377643, 0.000521275, -0.000241675, 
789, 44386.2, 6.97083, 28.8008, 11.2473, -9.58934e-05, -0.000319081, -0.000161208, 
790, 198583, 29.6169, -1.01382, 38.8375, -0.000218789, 5.03798e-05, -0.000502853, 
791, 1176.99, -54.5719, 14.6229, -1.84391, 0.000840149, -0.00030819, -0.000101826, 
792, 286584, -0.611034, 15.1149, -47.2812, -0.000222224, 6.32898e-07, 0.000497034, 
793, 181552, -28.5689, -52.271, -16.4045, 7.53478e-05, 0.000573794, 0.000207594, 
794, 202397, -33.836, 57.449, 32.2873, 0.0002999, -0.000694348, -0.000384668, 
795, 89181.2, -37.5777, -0.776625, -17.8045, 0.000490789, 0.000253066, 4.36876e-05, 
796, 46946, -3.19, 5.08464, -30.1992, 0.000949716, -0.000885063, 0.00178256, 
797, 13233.1, -44.4489, -52.6263, 2.42898, 0.000925058, 0.000495058, 8.78493e-05, 
798, 12428.7, -19.961, -40.0894, 11.9311, 0.000151121, 0.000360287, -0.000103442, 
799, 98105.8, -14.046, -11.3898, 49.3169, 4.82037e-05, 0.000178679, -0.000714399, 
800, 442240, -28.0407, 1.51996, -51.8097, 0.000332895, -0.000179365, 0.000526896, 
801, 28076.9, -30.1336, 8.58233, -18.4678, 0.000247563, -0.000315544, 0.000100484, 
802, 22695.7, -2.4193, 58.4295, 13.0433, 0.000110516, -0.000746138, -0.000161888, 
803, 33485, -15.1358, 9.18485, -49.3271, 0.000279082, 0.000203306, -0.000146943, 
804, 43473.8, -16.3328, 0.70142, 19.5889, -0.00011313, -0.000655823, -0.0003258, 
805, 29526.2, -15.735, -18.5563, -18.2248, -3.8858e-05, 0.000170272, 8.02554e-06, 
806, 63536.6, -6.8793, 47.5757, -32.7574, 0.000136646, -0.000557974, 0.000343511, 
807, 88571, -22.5209, 33.5288, 43.9371, 0.000124538, -0.000288041, -0.000673264, 
808, 65752.5, 0.582723, -48.6168, 16.7745, -0.000160987, 0.000460139, -0.000221316, 
809, 6431.9, -26.0508, -49.6969, 6.10496, -1.97856e-05, 0.000492778, -4.49248e-05, 
810, 29912.4, 13.8599, -45.4596, 33.5636, -6.29069e-05, 0.000425242, -0.000302761, 
811, 222893, -11.2122, -47.7009, 14.3464, 0.000100477, 0.000221517, -0.000205187, 
812, 29020.1, -26.1195, 30.5166, 34.1116, -5.75432e-05, -0.000373828, -0.000184814, 
813, 227365, 12.941, 33.056, -6.77202, -0.000156505, -0.000438698, 1.8066e-05, 
814, 49080.1, -12.4138, 25.8258, -17.7322, 0.00021723, -0.000152921, 0.000164005, 
815, 117441, -42.678, 54.3303, -29.6502, 0.000352208, -0.000584498, 0.000218901, 
816, 88773.9, -38.2277, -44.4562, 38.3081, 0.000536425, 0.000460076, -7.08127e-05, 
817, 164785, -19.0212, 52.8183, -31.068, 0.000175333, -0.000637734, 0.000191418, 
818, 104556, 9.0575, 46.5527, -17.811, -2.77934e-06, -0.000403152, 6.05755e-05, 
819, 24393.8, -4.86642, -15.4776, 44.4084, -0.000193285, 0.00035838, -0.000264603, 
820, 163635, 18.1551, -39.8651, 49.0461, -5.82707e-05, 0.000225732, -0.000409869, 
821, 69995.4, -45.3886, -2.81111, 53.0061, 0.000559569, -1.63717e-05, -0.00091044, 
822, 125840, -21.2207, -14.6741, -47.3178, 0.000254921, 0.000458411, 0.000315605, 
823, 54764.8, -55.4247, -2.37128, 49.9599, 0.000785518, -0.000143696, -0.000707863, 
824, 421013, -38.4983, -52.4139, 4.43348, -0.000138363, -0.000778509, -0.000337883, 
825, 167147, 17.591, 47.4821, 13.9306, -1.89009e-05, -0.000541096, -0.000178424, 
826, 39494.9, 3.87708, 19.107, 2.48448, -0.000165014, -0.000147941, 4.73731e-05, 
827, 58449, 1.02954, 45.5811, 30.111, 4.37791e-05, -0.00058245, -0.000301143, 
828, 34646.6, -37.9667, -7.32401, -44.0895, 0.000239545, 0.000117662, 0.000509785, 
829, 50041.1, -31.9658, -14.772, 51.3095, 0.000148405, 0.000213523, -0.000693263, 
830, 158288, -23.0893, 56.6867, -12.5318, -0.000137701, -0.000328905, -0.000348596, 
831, 41567.5, 7.6022, 42.1427, 11.0456, -3.31078e-07, -0.00044895, -0.000172863, 
832, 38577.1, -50.8908, 14.4919, 27.8048, 0.000563967, -0.000146582, -0.000222727, 
833, 216653, -33.9939, -42.9243, 42.8484, 0.000309637, 0.000358145, -3.50408e-05, 
834, 764.936, -10.3793, -0.392339, 1.51781, -3.83405e-05, 0.000233591, 0.000235758, 
835, 150232, -11.8083, 17.4359, -32.9093, 0.000176758, -0.00016531, 0.000157532, 
836, 248381, 0.0633597, 38.6032, -45.4085, 4.45634e-05, -0.000463542, 0.000594641, 
837, 201521, -48.9751, -31.8931, -15.2412, 0.000466327, 0.00011842, 0.000134697, 
838, 8414.57, -12.1937, 55.4923, 16.8122, 7.32921e-05, -0.000762685, -0.00024907, 
839, 484368, -6.03746, 6.05753, 9.34069, -8.58249e-05, 0.000100551, -4.56328e-05, 
840, 55427, 14.7633, -5.08116, 2.56405, -0.000302037, 3.8272e-06, 1.58229e-05, 
841, 14513.9, 19.722, -48.8663, 22.0074, -1.25339e-05, 0.000710521, -0.000308484, 
842, 29294, -31.3896, 11.9327, 45.1006, 0.000316349, -7.5501e-05, -0.000442736, 
843, 42623.8, 5.48292, -50.1718, 5.54723, -0.000157899, 0.000573545, 5.81549e-05, 
844, 29347.8, 26.0368, -26.1141, -51.963, -0.000203096, 5.87059e-05, 0.000373068, 
845, 6072.51, 58.226, 59.4778, -39.9002, -0.000388706, -0.000350804, 0.000203307, 
846, 198554, -32.2829, -53.2743, -40.8751, 0.00014355, 0.000500555, 0.000375559, 
847, 27839.6, 14.6272, 55.8918, 15.4472, -4.515e-05, -0.00073619, -0.000315211, 
848, 322494, 9.85757, 45.9256, -33.9417, -0.000155666, -0.000603446, 0.000614594, 
849, 28128.6, -34.2041, 13.6735, -46.5529, 0.000453564, -0.000197324, 0.000474089, 
850, 47727.1, 54.4561, 45.9123, 9.18809, -0.000574909, 5.48223e-05, 2.98572e-05, 
851, 110557, 49.5897, -41.1996, -58.8822, -0.00019264, 0.000303812, 0.000600473, 
852, 95951.9, 55.7068, 2.16775, -8.58262, -0.000673466, -1.35915e-05, 6.31928e-05, 
853, 32624.1, 16.6726, 53.8173, 2.26824, -7.55083e-05, -0.000686554, -9.43139e-05, 
854, 26419.2, 29.7076, 30.1153, -23.6671, -0.000326629, -0.000283515, 0.000371164, 
855, 43442.3, -49.4244, -46.0921, 43.1577, 0.000476297, 0.000280842, -0.000239702, 
856, 248170, -21.8091, -21.6384, -23.5326, 1.12052e-05, 0.00022485, 0.000182496, 
857, 120525, 53.7075, 57.991, 41.893, -0.000247472, -0.000590274, -0.000202614, 
858, 138548, -17.1347, -0.431348, -36.3494, -2.22266e-05, 0.000188284, 0.000367704, 
859, 432649, 51.9352, 50.3783, 26.6794, -0.000339265, -0.000185853, -0.000337801, 
860, 111109, 4.72946, -22.9771, -50.656, 0.000110699, 0.000161241, 0.000718113, 
861, 37429.5, -26.0742, 38.0082, 18.3351, 0.000248163, -0.000381876, -0.000250824, 
862, 121969, -41.7411, -5.00211, 45.2461, 0.000528467, 0.000381628, -0.000133728, 
863, 1313.47, 50.4374, 50.3888, -30.5174, -0.000429562, -0.000376421, 0.000261054, 
864, 10867.2, 32.0011, -29.5585, 57.0471, -0.000212708, 0.000514617, -0.0005375, 
865, 184660, 31.4234, -51.5256, -50.2564, -0.000269233, 0.000543397, 0.000338043, 
866, 79060.6, -2.62892, 21.7571, -47.1472, -1.55722e-05, -0.000479321, 0.000519259, 
867, 116565, -10.3146, -22.1246, 29.5836, 0.000134956, 0.00035028, -0.000438101, 
868, 80889.2, 4.0079, -1.86614, -26.5166, -0.000143826, 0.000102316, 0.000101055, 
869, 88675.5, 1.34667, -56.3135, 12.9955, -0.000482418, 0.000621235, -8.14787e-05, 
870, 308293, 11.822, -15.1014, 17.2326, 0.000222644, -1.84581e-06, 0.000462594, 
871, 287889, 51.6703, 48.6232, 2.22622, -0.000640309, -0.000596312, 2.95181e-05, 
872, 87125.3, -22.6161, -21.4454, -6.04769, 0.000100811, 0.000235728, 8.43579e-05, 
873, 303203, 49.7239, 18.7757, -54.1243, -0.000456485, -0.000227481, 0.000543861, 
874, 1993.09, -14.7929, 43.957, 25.955, 8.18098e-05, -0.000527395, -0.000306895, 
875, 24352.8, 55.9706, -7.9994, 28.2582, -0.000375441, -0.000168749, 0.000101794, 
876, 165851, -48.8722, 6.8706, -33.436, 0.000603635, -0.000175057, 0.000283872, 
877, 11563.8, -31.3634, 56.0556, -20.1283, 0.000138057, 0.00053428, 0.000242864, 
878, 87557.3, 56.9804, 12.8906, 11.5283, -0.000675487, 9.60483e-05, -9.48463e-05, 
879, 46826.7, 13.7019, 30.7485, -41.2555, -0.000445499, -0.000510525, -9.95482e-06, 
880, 28029.4, -0.788252, 9.0914, -33.6437, -0.000105288, -0.000120933, 0.000216531, 
881, 114399, 48.3499, -31.1822, -11.4027, -0.000712065, 5.91172e-05, 1.51973e-06, 
882, 28289.5, 16.1894, -14.499, -17.6975, -0.000219202, 0.000131099, 0.00014498, 
883, 27499.9, 50.8058, -33.9602, -48.8104, -0.000496818, 0.000132355, 0.000321765, 
884, 17937.4, -23.4285, -28.7696, 22.6883, 0.000183156, 0.000354986, -0.000244012, 
885, 16461.7, 27.7065, 56.1237, -19.9232, -0.000375569, -0.000655517, 0.000296136, 
886, 50929.4, -19.0754, 29.5243, -8.31537, 0.000227218, -0.000289458, 4.27436e-05, 
887, 15743.9, -20.3298, 45.242, -41.929, 8.29854e-05, -0.00044747, 0.00075451, 
888, 259144, 4.21069, 54.4562, -10.4472, 0.000193884, -0.000757814, -1.93178e-05, 
889, 133579, -33.0376, 58.2565, -20.5615, 0.00134125, -0.000584572, 0.00062841, 
890, 641661, 34.0996, -10.002, -57.9337, -0.000296375, 9.1548e-05, 0.000598533, 
891, 118410, -54.4347, -25.7938, 23.2241, 0.000606591, 0.000452307, -0.000391699, 
892, 134679, 3.01324, 3.7489, 15.6454, -0.000231983, 9.83086e-05, -0.000286305, 
893, 152484, -52.1179, 39.8891, 18.1116, 0.000617025, -0.00031368, -0.000130233, 
894, 113121, 31.6796, -46.834, 37.1052, -0.000342165, 0.000283767, -0.000274712, 
895, 217325, -12.3837, -7.66412, -29.6939, -4.72201e-05, 0.000173095, 0.000211825, 
896, 238483, -25.1573, -21.167, 3.40761, 0.000183374, 0.000228008, -6.5709e-05, 
897, 124878, -42.5729, 29.3063, 58.9114, 0.000329002, -0.000208157, -0.000536636, 
898, 5978.46, -39.5775, 28.3445, -19.0582, 0.00047148, -0.000335385, 5.99047e-06, 
899, 26759.4, -8.00394, 35.823, 42.393, 6.96084e-05, -0.00036903, -0.000584162, 
900, 19957.6, -12.4615, -55.5544, -21.7953, 6.20981e-05, 0.00059741, 0.000289893, 
901, 156324, -19.9286, 4.40425, -35.4362, 0.000247235, -0.000208449, 0.000277653, 
902, 272773, -24.9124, -28.1988, -48.4396, 0.000134137, 0.000389648, 0.000565447, 
903, 11529.1, 33.8856, -43.0571, -35.2625, -0.000407953, 0.00058164, 0.000123006, 
904, 35527.8, 27.0305, 56.8252, 34.8425, -1.32224e-05, -0.000668412, -0.000383229, 
905, 43659.2, -10.5103, 27.435, 2.67446, 0.000135579, -0.000361965, -3.07537e-06, 
906, 10749.5, -18.5644, 6.828, -0.535206, 0.000125371, -0.000111568, 0.000300958, 
907, 9702.36, -2.98427, 36.7399, -59.4656, 2.87278e-05, -0.000354201, 0.000696365, 
908, 155742, 48.7618, 54.2976, 22.9799, -0.000255673, -0.00100075, 0.000141195, 
909, 5186.73, 10.7896, -16.361, 39.4822, -4.87554e-05, 0.000188802, -0.000485706, 
910, 12295.8, 0.471083, -1.97888, -13.5467, -7.63405e-05, 4.26897e-05, 0.000112315, 
911, 26597.6, -11.7238, 11.7806, -48.5775, -0.000176764, -0.00012231, -9.089e-05, 
912, 40742.1, -0.286463, -41.4999, 22.2397, -5.78178e-05, 0.000471478, -0.000325316, 
913, 274042, 58.6594, -10.933, 31.1317, -0.000645332, 0.000112523, -0.000236161, 
914, 133889, 45.8277, -28.811, 36.6064, -0.000277487, 0.000339105, -0.000328735, 
915, 277455, -51.7824, 34.8004, -29.4453, 0.0006264, 0.000114439, 0.000149296, 
916, 72086.7, 41.8215, -14.359, 1.64514, -0.000123693, 0.000405911, 9.6481e-05, 
917, 181034, 9.63957, -34.8918, 18.2612, -0.000162259, 0.000431153, -0.000287594, 
918, 120969, 24.5899, -27.9564, -38.5006, -0.000160185, 0.00046618, 0.000329347, 
919, 260356, 44.1334, -16.1674, -21.3022, -0.00043223, -5.80724e-05, 0.000106653, 
920, 188810, -0.767662, 45.0817, 54.9523, 2.47558e-05, -0.000389161, -0.000549605, 
921, 50011.7, -10.0345, -14.6136, 32.4639, 0.000433449, -0.000107458, -0.000567623, 
922, 205154, -59.0702, 4.48473, 14.5321, 0.000694527, -5.0242e-05, -0.000139975, 
923, 228456, 31.3999, -38.5333, -41.099, -0.000302423, 0.000444624, 0.000326472, 
924, 32967.2, -8.48054, 8.96294, -20.5679, -6.80564e-06, -5.88906e-05, 6.01128e-05, 
925, 38537.5, 33.5174, -34.7922, -14.0956, 0.000855295, -0.000798945, 0.00123512, 
926, 42717.6, 13.5378, 34.2246, -54.0544, 0.000356184, -0.00042906, 0.000693069, 
927, 98136.5, -50.8941, 16.3686, -16.6573, 0.00054777, -0.00039177, 0.000119391, 
928, 137724, 38.8686, 26.3437, 44.3842, -0.000329225, -0.000206293, -0.000645093, 
929, 184548, -36.2231, -11.3529, 41.7987, 0.000289296, 0.000181288, -3.69943e-05, 
930, 1022.09, -6.01859, 1.28979, 57.2105, -0.000149468, -0.000149244, -0.000873896, 
931, 145985, -8.73331, -37.5203, 32.7858, -5.50395e-05, 0.000347653, -0.000256125, 
932, 87219.9, -8.07639, -46.2393, 57.0376, -0.000308342, 0.000568382, -0.000827165, 
933, 35976.1, 4.36171, -17.1364, 4.8739, 9.63108e-05, 0.000251494, -0.000216594, 
934, 8971.75, 23.8524, 58.7449, -6.95073, -0.000168804, -0.000813685, 8.81079e-06, 
935, 471025, -13.8455, 45.7536, 9.27403, 3.23284e-05, -0.000750145, -0.000257802, 
936, 161540, 7.11927, 13.1873, 41.8608, -0.000290048, -5.64071e-05, -0.000403034, 
937, 27285.5, 55.2426, 15.5718, 59.039, -0.000362013, -5.4763e-05, -0.000496608, 
938, 69508.4, -35.8788, 37.3417, 41.3086, 0.000345172, -0.00025617, -0.000500774, 
939, 14685.8, -11.3165, -30.1085, -29.6718, 0.000179878, 0.000340638, 0.000268021, 
940, 19965.2, 28.4684, -30.8008, 48.7586, -0.000277666, 0.000340509, -0.000420867, 
941, 165034, -20.5545, 44.0915, -0.156916, 0.000268669, -0.000501555, 0.000143865, 
942, 112960, 22.4056, -48.6499, 50.8361, 9.32809e-05, -0.000297196, -0.000592499, 
943, 75876.2, 13.0211, -11.7293, 31.3626, -0.000152362, 9.42161e-05, -0.000430472, 
944, 140281, -44.3951, -31.8723, -32.2575, 0.000521514, 0.000440774, 0.000474723, 
945, 135635, 54.9953, 51.7295, 26.9243, -0.00173197, -0.000942033, -0.000341838, 
946, 132117, 26.6612, 6.0969, 15.2332, -0.000363512, 0.000118387, -3.94263e-05, 
947, 28932.9, -54.5392, -40.1795, 47.0908, 0.000485078, 0.000256455, -0.000367777, 
948, 28977.5, -20.4984, 6.54125, -9.23077, 0.000109267, -8.41248e-05, 0.000135784, 
949, 56470.5, -29.1158, 35.7764, -9.77226, 0.000309685, -0.000355584, 5.44252e-05, 
950, 124172, 37.2047, -55.3274, 33.0349, -0.000254599, 0.000574602, -0.000187886, 
951, 86675.3, -32.8119, 33.9287, -50.9938, 0.00127148, -0.00043849, 0.00146264, 
952, 9939.12, 48.6019, 7.0424, -38.847, -0.000467039, 4.10913e-05, 0.000101675, 
953, 120365, 32.2174, 1.63235, -32.0107, -0.000355724, -1.23681e-06, 0.000172634, 
954, 5157.77, 59.3665, -45.2323, 43.0481, -0.000455261, 0.000334125, -0.000191398, 
955, 148067, 46.4011, -3.7636, 36.1485, -0.000312073, 0.000175444, -0.000322483, 
956, 53447.3, -42.9545, 6.05583, 51.5307, 0.000454379, -0.000414973, -0.000739157, 
957, 21380, 55.8789, 47.4264, 4.5093, -0.00117398, -0.00024828, 8.27876e-05, 
958, 288196, -25.4578, -9.97564, -27.487, 0.000199596, 0.000142671, 0.000213141, 
959, 68471.4, 39.719, -52.7485, 36.8182, -0.000451513, 0.000361523, -0.000416599, 
960, 239812, 15.4489, -14.5472, -37.5785, -0.000187165, 7.08724e-05, 0.000260281, 
961, 19389.6, 42.2057, 41.4271, -8.48241, -0.000356426, -0.000307721, 0.000638963, 
962, 110129, 38.0027, 22.7276, 39.7948, -0.000219408, -8.78678e-05, -0.000441979, 
963, 11597.7, 9.52375, 52.2793, 14.3819, 2.06427e-05, -0.000562421, -0.000246367, 
964, 39032.4, 23.117, 48.4264, 20.0167, -5.38777e-05, -0.00058863, -0.000368696, 
965, 42779.7, -35.0715, 23.0265, 18.2005, 0.000441214, -0.000192879, -0.000163666, 
966, 180075, -48.002, 42.6811, 39.081, 0.000531909, -0.00028923, -0.000308079, 
967, 95921.3, -28.5487, -29.057, -21.4735, -0.000979929, 2.66169e-05, -0.000137018, 
968, 915.931, 51.5594, -40.6405, 6.41621, -0.000496279, 0.000548356, -0.000140309, 
969, 1986.04, -55.5912, -2.8822, -36.7845, 0.000949145, -0.000306145, -0.000172098, 
970, 28857.6, -30.3486, 29.3001, 6.18662, -0.000203206, -0.00025578, 0.000143467, 
971, 633425, -10.7873, -4.18417, 38.2776, 5.42218e-05, -1.76632e-06, -0.000432798, 
972, 145660, 42.4689, 19.527, 35.3547, -0.000430329, -9.00614e-05, -0.000345094, 
973, 23924.1, -55.9934, 13.4377, -39.2554, 0.000646679, -0.000172566, 0.000337667, 
974, 33299.9, 29.4728, -52.7457, 46.1369, -0.000486562, 0.000528602, -0.000363606, 
975, 110852, 55.3737, -29.5831, -1.49684, -0.000924549, -0.00185698, -0.000742722, 
976, 377463, -34.9493, 25.9159, 29.7981, 0.000415431, -0.000118832, -0.000517043, 
977, 16561, -14.3396, 51.6722, 57.7375, 7.90209e-05, -0.000385898, -0.000493987, 
978, 193540, 53.7943, 35.3857, 4.07367, -0.000771773, -5.86259e-05, 0.000138003, 
979, 108641, 53.606, 21.5415, 33.6603, -0.000598798, -0.000159187, -0.000290863, 
980, 34609.7, -18.112, 56.5262, 4.92305, 0.0001558, -0.000805986, -7.29841e-05, 
981, 9442.35, 48.2317, -9.6512, 52.8899, -0.000122793, 2.39543e-05, -0.000554096, 
982, 105102, 2.81786, 49.7239, 39.1723, 6.06662e-05, -0.000508462, -0.00059552, 
983, 365143, 32.5523, 50.8359, 0.969397, -5.32706e-05, -0.000714287, 0.000154498, 
984, 138656, 40.7981, -37.5912, 6.75015, -0.000401439, 0.000415024, -0.000104658, 
985, 35661.7, 1.85688, 2.47544, -38.4691, -0.000188802, 2.20593e-06, 0.000453047, 
986, 47331.3, -32.7959, 49.8466, -8.97589, 0.000431579, -0.00044468, -3.79411e-06, 
987, 6441.89, 30.386, 54.1669, -9.30985, -0.000171765, -0.000729779, 9.43999e-05, 
988, 232323, -50.2098, -11.69, 20.3204, 0.000382057, -0.000232648, -0.000101317, 
989, 53754.7, -27.5065, -36.7432, 45.0859, 0.000188773, 0.000448212, -0.000292353, 
990, 22887.2, 56.314, 19.7064, 7.42608, -0.000737676, -0.000146278, -6.97602e-05, 
991, 263858, -20.3579, 0.158419, 21.3421, 0.000495631, 5.21226e-06, -0.00043785, 
992, 77093.3, -20.9258, 36.1398, -18.7834, 0.000211155, -0.000385972, 8.87712e-05, 
993, 56680.1, -40.9732, -2.97271, 48.8973, 0.000516418, 0.000349214, -0.00136343, 
994, 38611.8, 10.5446, -27.243, -3.25258, -0.000219954, 0.000323006, 0.000133153, 
995, 35898.3, -11.3353, 40.0554, -29.0309, 0.00019213, -0.000358438, 0.000204792, 
996, 41354.5, 55.7814, -13.0569, 48.3252, -0.000559084, 0.000144767, -0.000341032, 
997, 176480, -45.6247, 0.474782, 45.13, 0.000884389, -0.000326109, -0.000321652, 
998, 21021.2, 46.2131, 25.2797, 29.1999, -0.000412777, -0.000122985, -0.000397473, 
999, 141823, 33.4058, 34.8068, 20.7714, -0.000396944, -0.000542299, -0.00069973, 
