ID, Mass [kg], pos_0 [m], pos_1 [m], pos_2 [m], vel_0 [m/s], vel_1 [m/s], vel_2 [m/s], 
0, 5682.38, -6.04464, -2.72833, 7.86839, 0.00202763, 0.000215879, -0.00710454, 
1, 51291.5, 10.8754, 16.5222, -11.5568, -0.00216287, -0.00205741, 0.00181422, 
2, 73779.3, -0.904969, -5.83324, 4.24272, 9.65752e-05, 0.00542758, 0.00224879, 
3, 9731.99, -10.6531, 7.60713, -8.86725, 0.00554366, -0.00754381, -0.000753547, 
4, 104587, 2.89506, 5.83038, -0.985679, -0.00216508, -0.0030375, 0.0015101, 
5, 42215, -10.3618, -2.425, -7.71967, 0.00554269, 0.00209058, 0.00283469, 
6, 57220.4, -14.685, 13.9912, 6.16405, 0.00311708, -0.00364726, -0.000121307, 
7, 44855.5, -0.453965, 0.0336293, -6.08267, 0.000766147, 0.00306611, 0.00299742, 
8, 276797, -9.3759, 4.35699, -11.0561, 0.00392386, 0.00556027, 0.000789182, 
9, 2643.18, -3.34117, -0.676066, -6.26164, -4.20623e-05, 0.00105619, 0.00267702, 
10, 33961.7, -6.68007, 7.28356, 7.51774, -0.00224644, -0.00067412, -0.00187106, 
11, 8691.35, 8.33097, -11.7146, 3.48842, -0.0053566, 0.000193027, 0.000313218, 
12, 141682, 0.595272, -4.9281, 3.22703, -0.000777268, 0.00672861, -0.00400419, 
13, 288611, -10.0289, -3.7188, 0.365283, 0.0046735, 0.00180679, -0.000199895, 
14, 512847, -12.3499, 9.76502, 11.9514, 0.00391739, -0.00171052, -0.00432818, 
15, 15651.7, -3.34274, -8.04371, 4.35936, 0.00191418, 0.00814395, -0.00710738, 
16, 182451, 0.845512, 11.3722, -13.6112, -0.0012743, -0.00299833, 0.00314348, 
17, 62197.8, -8.63784, 4.17442, -6.18771, 0.00492706, 0.00546748, 0.00531181, 
18, 185440, -5.35692, -5.81401, -0.661492, 0.0024178, 0.00219641, 0.0027687, 
19, 36701.4, -13.8455, -9.46842, 12.9232, 0.0025797, 0.00222878, -0.00270013, 
20, 106936, 11.7991, 14.1323, -2.80675, -0.00300173, -0.00283723, 0.000717714, 
21, 161838, -1.26772, -1.66946, 1.11712, 0.000695581, -0.000798002, 0.00218696, 
22, 144875, 2.29807, -7.85353, 9.76797, -0.00137877, 0.00421423, -0.00615618, 
23, 100936, -9.2734, 6.76113, -10.4452, 0.00410218, 0.000498998, 0.00623078, 
24, 95186.1, -8.21604, -10.6695, -12.9958, 0.00094356, 0.00281791, 0.00403395, 
25, 151808, -0.927882, 14.0603, -13.4606, -0.00191192, -0.00202848, 0.00301381, 
26, 118354, -8.87063, 4.78697, -10.0343, 0.00334366, -0.00415005, 0.000666346, 
27, 149234, -6.29122, -5.75526, -5.09943, 0.000404795, 0.00345235, 0.00296172, 
28, 9985.68, -9.01861, 2.07651, 1.66034, 0.00421566, -0.000790268, -0.000560348, 
29, 180895, 4.4344, -4.11639, 8.4385, -0.00403168, -0.00030561, -0.0043269, 
30, 486.041, 7.3262, -8.52636, 4.46227, -0.00462295, 0.00155917, 9.4971e-05, 
31, 70262.9, -1.47029, -10.9174, -6.73828, -0.000903525, 0.00431671, 0.00276036, 
32, 45902.1, -1.48675, -2.02967, -6.87257, -0.00112616, 0.00286794, 0.00460191, 
33, 24444.7, 2.10285, 0.0720416, -6.67109, -0.00119089, -0.0013363, 0.00489987, 
34, 65679.9, -13.316, 0.392285, 8.14232, 0.00372755, 0.001553, -0.00419533, 
35, 3309.29, -10.3151, -3.78619, 0.768562, 0.00258707, 0.00151108, 0.00305836, 
36, 8280.38, 12.6499, -10.042, -4.18706, -0.00321303, 0.00192383, 0.00152761, 
37, 94538.9, -3.4989, -8.15909, 2.32491, 0.00119286, 0.00813755, 0.000731638, 
38, 30213.7, -4.92857, 4.999, 6.34115, -0.00193154, -0.00221708, -0.000425352, 
39, 53471.9, 3.41958, 12.8784, -5.20776, -0.00321016, -0.00167374, 0.00488128, 
40, 43100.3, 13.4955, -6.07454, 9.67159, -0.00348158, 0.00144945, -0.00101369, 
41, 44746.6, -10.3913, 7.62095, -8.18986, 0.00312513, -0.00213089, 0.00396264, 
42, 34053.9, -9.60689, 5.71771, -3.08442, 0.00301496, -0.00300299, -0.00130805, 
43, 54380.2, 4.10477, 0.0637447, -8.32182, -0.0024798, -0.000962273, 0.00509568, 
44, 38723.2, -7.42526, 5.83309, 8.41435, -0.000588764, 0.00202045, -0.00445106, 
45, 2321.23, -10.8028, -2.47825, -2.9652, 0.00552646, 0.00145076, 0.00127879, 
46, 241169, 3.44024, 11.7171, -3.54861, -0.00227247, -0.0045757, 0.00108345, 
47, 344827, 4.53109, -0.568647, -7.25805, -0.00302739, -5.48541e-05, 0.00349315, 
48, 39271.1, 2.96821, 5.47529, 6.69444, -0.00197047, -0.00486292, -0.00447505, 
49, 19687.8, 14.5602, -12.3603, -2.37659, -0.00309314, 0.00201085, 0.00103252, 
50, 61216.8, 0.763862, -7.55484, 1.4288, -0.00376181, 0.00417702, 0.0040584, 
51, 19182.2, 11.7132, -4.68794, 7.22989, -0.00420308, -0.000176858, 0.000843217, 
52, 12420.5, -0.495914, -1.8135, 5.51573, 0.000366646, -0.00196599, -0.00349996, 
53, 85447.4, 12.7692, 7.12675, 10.8822, -0.00394222, -0.00295135, 0.000853467, 
54, 361436, -8.26967, 7.22941, 7.31693, 0.00354315, -0.00285035, -0.00373542, 
55, 158926, -8.9909, 7.67475, 4.53728, 0.0022928, -0.00283472, 0.00217781, 
56, 49282.6, 11.1121, -4.91419, 8.62558, -0.00339354, 0.000367489, -0.00132551, 
57, 218355, 4.20579, 6.83545, 7.75126, -0.0015192, -0.00315742, -0.00288673, 
58, 22371.5, -11.2876, 8.828, 8.34666, -0.00353954, -0.000146268, -0.000733873, 
59, 55919.9, 7.61221, -11.9614, 4.06482, -0.0044055, 0.00384232, 0.00100312, 
60, 21598.8, 2.68471, -9.23926, 9.54731, 0.000106876, 0.00208413, -0.00566415, 
61, 398.952, -3.47774, -7.22605, 3.9295, 0.00464011, 0.00291422, -0.00798293, 
62, 1108.92, -9.76212, 8.6682, -6.63714, 0.00285256, 0.00240511, 0.00113033, 
63, 108555, -10.8175, -2.79909, -0.204148, 0.0062843, -0.00165254, 6.98799e-05, 
64, 244863, -8.8684, 5.50681, -10.0746, 0.00657635, -0.00373488, -0.00395057, 
65, 220694, 12.4413, -7.05994, 9.05309, -0.00383018, 0.00103124, -0.00122643, 
66, 61700, 4.00221, -11.7697, -11.2282, -0.0017066, 0.00255411, 0.00286619, 
67, 55388.9, 15.9545, -7.90312, -13.7537, -0.00227742, 0.00120129, 0.00182997, 
68, 211156, -4.18825, -7.27827, 4.7842, 0.00208819, 0.00856975, -0.000763622, 
69, 12720.6, -10.8629, -4.80486, -6.87284, 0.00165358, 0.00300043, -0.000322689, 
70, 25096, -8.95606, 0.352123, 8.15806, 0.00237261, -0.000136182, -0.00379937, 
71, 179870, -0.328847, 0.353137, 1.138, -0.00150269, -0.00250975, 0.00121529, 
72, 79123.8, 11.4364, 8.83887, -1.37999, -0.00374324, -0.00235485, 0.000741605, 
73, 110870, -10.8319, 8.48094, 9.23333, 0.00254929, -0.00524324, -0.00317332, 
74, 43359.1, -11.5425, 5.92328, -11.7281, -0.00160235, -0.00884296, 0.00451276, 
75, 140124, -4.82658, -4.31146, 5.43901, 0.00345677, 0.00141521, -0.00263903, 
76, 229268, 8.23382, -12.0121, 3.43904, -0.00302157, 0.00366221, -0.000161294, 
77, 302149, -12.5993, -0.87162, 10.957, 0.00373, 0.000806503, -0.00276568, 
78, 100708, -7.43072, -6.70507, 2.54141, 0.00610316, 0.0051226, 0.000946378, 
79, 46633.4, -3.80315, -6.72751, 3.85076, 0.00304859, 0.00205145, -0.00452381, 
80, 143926, -5.20849, -2.87437, 6.32584, 0.00327363, 0.000813805, -0.0017065, 
81, 270.261, 10.0408, -0.982042, -11.0758, -0.00287083, 0.000596925, 0.00362909, 
82, 159650, -0.621288, -8.20788, 5.82339, -0.00403549, 0.000845389, -0.00549011, 
83, 24756, 4.47808, 8.63379, 10.0606, -0.00154634, -0.0030664, -0.00528219, 
84, 18375.3, 0.0036639, -4.53231, 4.48816, -3.83145e-05, -0.00457462, -0.00354859, 
85, 491877, -9.8727, 8.23486, 8.6764, -0.000972574, -0.00160457, 0.000854252, 
86, 194807, -7.3735, 7.93691, 8.38728, -0.000587641, -0.0042894, -0.0024342, 
87, 8649.23, -4.78716, 5.1134, -8.28891, -0.00463793, -0.00258852, 0.00418989, 
88, 138901, 1.38465, -6.62699, 6.91701, -0.00492658, 0.00249618, -0.00608403, 
89, 50202.9, 4.27245, 7.06643, 4.00789, -0.00277688, -0.00274002, -0.000458201, 
90, 98321.9, -0.332247, -5.74724, 4.6326, -0.000865818, -0.000462318, 0.0049734, 
91, 384069, -0.558538, -7.19274, 5.39137, -0.00396497, 0.00101563, -0.00153211, 
92, 81279.9, -11.5687, -3.06675, -7.56716, 0.00401992, 0.00455671, 0.0015638, 
93, 91375.2, 4.65146, -2.03544, -6.08342, -0.00308111, 0.00365434, 0.00207226, 
94, 5476.7, -6.15273, -9.79998, 5.14591, 0.00476704, 0.00589585, -0.00402049, 
95, 33452.5, -0.165451, 0.734098, 8.54241, -0.00151053, -0.00233842, -0.00660003, 
96, 25752.1, 16.6277, 15.2702, 14.0223, -0.00189904, -0.00213281, -0.00164886, 
97, 200797, 8.38433, -0.579268, -6.22325, -0.00484495, 0.000502092, 0.00164766, 
98, 298981, -2.13761, -6.96008, 3.67801, 0.00200519, 0.00323614, 0.00453799, 
99, 93146, 3.62815, 12.2691, -4.48467, -0.00211959, -0.00452504, 0.00421983, 
100, 8612.85, 10.7653, -9.94063, 7.13163, -0.00348105, 0.00307155, -0.0011004, 
101, 24343.5, -6.68762, 5.10487, -1.73588, 7.61465e-05, -0.00287535, 0.00012628, 
102, 10296.7, 4.89691, -8.52014, 9.85807, -0.00387232, 0.00390812, -0.00343807, 
103, 15719.8, -10.8012, 6.24223, -5.76431, 0.00421305, 0.00401726, 0.00277101, 
104, 230040, -7.78143, 7.1703, -9.52067, -0.0010533, -0.00205407, 0.00187456, 
105, 17846.1, -5.90453, -1.79532, 6.04867, 0.00180986, 0.00127441, -0.0021848, 
106, 22216.6, -1.85531, -5.08713, 3.8944, -0.00177664, 0.00507225, 0.00287396, 
107, 98486.7, -10.7998, 7.28193, -8.25944, 0.000661793, 0.00128434, 0.00266424, 
108, 214214, 12.7009, 6.97134, 9.92666, -0.00227307, 0.000527493, 0.000710365, 
109, 131614, -10.5935, -5.01891, -6.75465, 0.00421157, 0.00324072, 0.00235609, 
110, 160023, -4.6188, -7.69442, 3.62098, 0.00226683, 0.0085867, -0.000878446, 
111, 115735, -1.61393, -6.83126, 3.95882, 0.00110934, 0.00679365, -0.0059317, 
112, 378585, -13.2288, 13.5715, 4.98293, 0.00280964, -0.0038059, 0.000164055, 
113, 83295.8, 3.39601, 8.62451, 9.09514, -0.00134996, -0.0019187, -0.0018729, 
114, 148827, 10.3537, 4.98363, -2.91646, -0.00395098, -0.000831597, 0.000860846, 
115, 285284, -9.20703, 3.33486, -8.13192, 0.00291132, 0.00247495, 0.000718625, 
116, 515864, -0.681938, -5.35093, 2.87221, -0.00441487, -0.00032657, -0.00192349, 
117, 88363.5, -7.80993, -9.27388, -9.56014, 0.000369477, 0.00353378, 0.00198707, 
118, 155064, -4.24623, 5.5534, -9.50121, -0.00335402, -0.00123392, 0.0030333, 
119, 18098.3, -0.351165, -6.61718, 5.62544, 0.00122338, 0.00506894, -0.00610056, 
120, 34391.6, -9.26836, 7.34826, 7.66263, -0.00352612, -0.00047277, -0.000306114, 
121, 78154, -5.88892, -4.43711, 3.15189, 0.00325539, -0.00190967, -0.00546725, 
122, 10497, 5.22155, -1.29533, -5.77056, -0.00229351, 0.00280507, 0.00331104, 
123, 59058.1, 1.97808, 1.87928, 0.841957, -0.0042752, -0.00106964, 0.000941814, 
124, 5646.35, 0.891119, -3.15955, 9.80685, -0.000632448, -0.000638755, -0.00577442, 
125, 103346, -10.5516, 9.3081, 9.14949, 0.00244526, 0.000462312, -0.00627592, 
126, 64702.5, 14.6912, 6.32029, 7.09567, -0.00117232, -0.00090245, -0.00490749, 
127, 199056, -5.05478, -5.30271, 4.84007, 0.0044795, -0.00205002, -0.00457582, 
128, 192649, -0.121262, -0.0920927, -6.21139, -0.00151147, -0.000568825, 0.00258249, 
129, 1707.71, 4.72539, 7.71479, 4.1561, -0.00304208, -0.00443135, -0.00105071, 
130, 19869.9, -11.029, 6.91967, 9.76689, 0.00563847, -0.00138631, -0.00561542, 
131, 143979, 2.12037, 7.41247, -1.52681, -0.00191025, -0.000747755, 0.000809278, 
132, 37850.6, 10.4156, -11.9698, 13.8845, -0.00185535, 0.00258261, -0.00280483, 
133, 50031.5, -10.6865, 12.1415, 12.3525, -0.000336521, -0.00477764, -0.00429878, 
134, 369068, 12.3666, 6.80578, 7.71158, -0.00372474, -0.00125562, -0.0029162, 
135, 3806.98, -10.0674, -3.68492, -8.24455, 0.00507019, 0.00534805, 0.000529745, 
136, 64591.7, 2.51641, -5.0124, -0.0369251, -0.00542399, 0.00162232, 0.00311259, 
137, 1688.15, -7.78703, -6.84098, 2.08023, 0.00406095, 0.00138304, 0.00166518, 
138, 439943, -8.92802, 5.88281, -10.1183, -0.000246601, -0.00699605, 0.00632214, 
139, 72054.1, -4.02897, -7.00155, 4.35778, 0.00373579, 0.00330114, -0.00733479, 
140, 10511.3, -9.59455, 1.81765, -7.61333, 0.00323151, 0.00271247, 0.00497773, 
141, 28560.6, -10.6877, -6.01495, -9.96775, 0.00264867, 0.00314221, 0.00426578, 
142, 92270.6, -6.60571, -8.9922, -8.98932, 0.00147712, 0.00442499, 0.00391748, 
143, 57507.6, 12.9082, -1.29153, -12.7245, -0.00297148, 0.000318999, 0.00273306, 
144, 106955, 2.69572, 10.3638, 0.366132, -0.00120655, -0.00353171, -0.00234095, 
145, 53021.1, -0.161469, -5.54136, 5.46587, -0.00358612, 0.00642668, 0.00208538, 
146, 127593, -6.4781, 2.90717, 2.49952, 0.00166775, -0.00118696, 6.54797e-05, 
147, 31386.3, -5.53464, -7.63598, 4.30904, 0.00537747, 0.00191381, -0.00183253, 
148, 89613.6, 2.85229, -9.60688, -2.70004, -0.00278782, 0.00396109, 0.00323675, 
149, 251415, -9.18396, 5.46325, -8.4306, 0.00387829, 0.00192785, -0.00121854, 
150, 55890.6, -7.16436, -4.49676, 4.56082, 0.0011483, -0.0013248, -0.00275623, 
151, 174949, -9.64396, 5.73228, -8.99961, 0.00397099, -0.00491082, 0.00370198, 
152, 66072.8, -8.01193, 6.03314, 9.70167, -0.000616911, 0.000464565, -0.00663592, 
153, 19075.8, -1.36283, -12.2622, -6.26606, -0.000486349, 0.00292322, 0.00307116, 
154, 47261.5, -3.1251, -1.59254, -0.726394, -0.000113315, -0.000663707, 0.00137198, 
155, 102102, -4.51719, -7.46134, 3.97453, 0.00652943, 0.00324948, 0.000296145, 
156, 5375.03, -4.73135, -10.0705, 4.65047, -0.000309974, 0.00543025, 0.00103305, 
157, 3761.7, 1.80148, -4.3038, -0.218594, -0.00555985, 0.00214822, 0.00434831, 
158, 7652.65, 5.88728, 5.64927, 7.06341, -0.00330377, -0.000653382, -0.00138227, 
159, 47070.1, -4.01447, -6.27648, 5.97252, 0.00257392, -0.000533353, -0.00538471, 
160, 17972.9, -6.76932, 4.75321, -10.8907, 0.000817499, -0.00770283, 0.00527242, 
161, 218629, -8.92758, -0.156646, -8.69687, 0.00263743, 0.00132896, 0.00317382, 
162, 138887, -1.76431, -9.30952, 3.2726, 0.00362375, 0.00707837, -0.000234761, 
163, 33277.3, 4.0177, -0.417083, -10.1315, -0.00161772, 0.00100756, 0.00606667, 
164, 167891, 0.151407, -1.69243, 7.91618, -0.000776719, -0.000507729, -0.00592473, 
165, 62570.5, 2.27134, 16.3509, -0.229731, -0.00156207, -0.00215879, 0.00144948, 
166, 38130.4, -1.05221, -12.4725, -12.1274, -0.000730093, 0.00287464, 0.00324847, 
167, 22403.8, -8.55257, 1.16532, -7.55646, 0.00213285, 0.00166489, 0.00437318, 
168, 1479.59, -8.29314, 7.66701, 3.42772, 0.0019397, -0.00021288, 0.00212183, 
169, 20399.9, -10.8102, 1.35, -11.7381, 0.00271968, 0.000436941, -0.00179181, 
170, 115854, -1.31844, -5.00903, 5.35038, -0.00194782, 0.00666578, 0.00279053, 
171, 27762.9, 2.61183, -9.03828, 9.12867, -0.00222627, 0.00162419, -0.00521503, 
172, 250928, 2.95321, 11.3747, -2.41103, -0.000102715, -0.00392478, -0.00101429, 
173, 74469.2, 12.2315, 7.07358, 8.19236, -0.000303331, -0.00667134, -0.000154531, 
174, 143481, 14.6367, -9.32006, 12.1334, -0.00305736, 0.00203219, -0.00258314, 
175, 27145.1, -4.53513, -6.82952, 3.48937, 0.00788658, 0.002452, -0.00297374, 
176, 32620.6, 0.494797, 0.607908, 8.83758, -0.000504682, -0.00213088, -0.00508169, 
177, 52575.7, -8.36825, 3.15582, -8.60921, 0.00433818, 0.00599781, -5.19513e-05, 
178, 19746.4, 0.976018, -7.21271, 7.58232, -0.00275905, -0.00055007, 0.0021078, 
179, 33623.1, 14.3152, 6.07168, 7.67068, -0.00494177, -0.000292046, -0.0038418, 
180, 50349.8, 12.4649, 6.38143, 10.4013, -0.00687933, -0.000372504, -0.00130666, 
181, 89376.8, 10.4195, 4.9651, -0.0128038, -0.00394046, -0.000688422, 0.00148794, 
182, 42160.2, -9.48157, 4.65909, -4.39256, 0.00211402, -0.00144201, -0.0019077, 
183, 100544, -9.82758, 4.28391, -9.94289, -0.0004802, -0.00875759, 0.00859091, 
184, 1446.88, -3.11753, -9.82705, -5.4403, 0.000271071, 0.00447319, 0.00233469, 
185, 119694, -7.02475, -3.43364, -7.5588, -0.000301416, 0.002585, 0.00418773, 
186, 120999, -8.19057, -8.80097, 1.78067, 0.00481752, 0.0040962, 0.000580798, 
187, 52698.3, 0.0620981, -5.49841, 5.80872, -0.00162551, 0.00213964, 0.000412548, 
188, 105467, 3.75549, -5.42458, -1.13158, -0.00397953, 0.0018048, 0.00176697, 
189, 99748.4, -9.6748, 3.11647, -8.64064, -0.00284443, 0.00454979, 0.00674604, 
190, 77133, -2.05668, -6.50922, 3.86931, -0.003911, 0.00245372, -0.00488444, 
191, 178804, -9.86637, 9.19051, -10.638, 0.00105877, -0.0051541, 0.00448546, 
192, 8685.6, 0.273579, -1.92587, 3.33707, -0.00132895, -0.00218545, -0.000401485, 
193, 256954, 0.457411, 1.51366, 5.55212, -0.00249671, -0.00184486, -0.00100688, 
194, 53540.6, 1.21069, -9.45769, 0.136831, -0.00213594, 0.00611345, 0.00281564, 
195, 220652, -10.2424, 4.52956, -9.20953, -0.00178455, -0.00235237, 0.00362658, 
196, 10258.1, 7.18131, 11.4685, -3.61084, -0.00382239, -0.00220676, 0.0017073, 
197, 6083.3, -12.9154, 4.52453, -7.88625, 0.00220293, 0.00351079, 0.00291739, 
198, 127562, 1.14622, 1.26537, 4.3538, -0.000984923, -0.00315781, -0.00430318, 
199, 34766.2, 14.0725, 8.45642, 10.0895, -0.00359629, -0.000971447, -0.0029395, 
