ID, Mass [kg], pos_0 [m], pos_1 [m], pos_2 [m], vel_0 [m/s], vel_1 [m/s], vel_2 [m/s], 
0, 97975.8, 22.5075, -31.9305, -19.8273, -0.00106267, 0.00119697, 6.70464e-05, 
1, 77894.7, -5.50194, -21.9258, -30.2824, 0.000882099, 0.000546489, 0.000965489, 
2, 11402, -35.9049, -26.3159, 41.1677, 0.000553224, 0.000120233, 0.000241216, 
3, 66098.7, 21.8429, 17.2437, 12.1431, -0.00115608, -0.000498717, -0.000383891, 
4, 44838.5, 39.4053, 33.4732, 20.1816, -0.00154943, -0.00149584, 0.000280417, 
5, 294431, -22.2931, 15.0339, 6.46369, 0.000890968, -0.00340241, 0.00152606, 
6, 45520.7, -17.0998, 26.2443, -40.1923, -0.000170205, -0.000245031, 0.00142417, 
7, 104607, -31.0162, -25.8945, 36.2987, 0.000165481, 0.00084351, -0.00042071, 
8, 18630.4, 27.8688, 27.6015, 18.9399, -0.000901671, -0.00116687, -0.000437987, 
9, 6880.78, 10.1318, -34.4297, 27.0066, -0.000438843, 0.00127292, -0.00105184, 
10, 62559.5, 31.5969, 11.6975, 35.0846, -0.000680832, -0.000425132, -0.00117782, 
11, 25475.3, -21.5065, -14.281, -35.6479, 0.000199058, 0.000209893, 0.00206183, 
12, 71640.3, 17.5106, -1.17086, 12.8329, -0.00218224, 0.000133061, -0.00065832, 
13, 19375.1, 24.7262, -4.93534, -34.2429, -0.00194051, -0.00359246, 1.98378e-05, 
14, 192659, -36.2991, -26.943, 40.6079, 0.00170422, 0.000584922, -0.00131825, 
15, 90493.3, 7.89683, 10.3735, 31.2887, -0.000994007, -0.000160824, -0.000518168, 
16, 55088.9, -12.8639, -10.119, -19.7184, 0.000542478, 0.000517456, 0.00117449, 
17, 128599, -16.5496, -3.29502, 20.4, -7.89871e-05, 0.000230206, -0.00123991, 
18, 2686.61, -19.2562, -6.42438, 23.0939, -0.000252458, -0.000132871, -0.000934518, 
19, 57797.8, -35.3715, 23.8053, 21.9982, 0.00299989, -0.000403318, -0.000852891, 
20, 50565.7, 31.4417, 23.735, -14.8411, -0.00155035, -0.000391674, 0.000290344, 
21, 170562, -8.70488, -22.1854, -28.2263, -0.000476082, 0.000629342, 0.00190622, 
22, 46366.2, 24.3276, 14.4558, -21.5989, -0.000794272, -0.000808876, 0.000312381, 
23, 48064, 40.5913, 34.9618, 19.1449, -0.000754918, -0.000583132, -0.000392528, 
24, 10737.9, 19.9288, 19.1168, 27.3713, -0.000692945, -0.000905006, -0.000923642, 
25, 6821.61, -29.3528, -9.51474, 4.20648, 0.00155821, 0.000860913, 0.000329324, 
26, 85103.7, -18.296, -17.3742, 21.2708, 0.000107967, 0.000537832, -0.000283135, 
27, 20373.4, 3.60272, -30.4682, -23.6362, -0.000460173, 0.00154988, 0.000270844, 
28, 40858.5, -24.1544, -10.3705, 26.8332, 0.00169585, 0.00123022, -0.00160415, 
29, 20052.6, 20.674, -0.359838, -26.4847, -0.000645142, -0.000783707, 0.000355604, 
30, 30553.1, 38.0817, -16.773, -8.00589, -0.00179981, 0.000722863, 0.00051257, 
31, 162518, -26.9785, -41.1624, 7.11421, 0.00065081, 0.00163255, -0.000135012, 
32, 65626.2, 10.4612, -10.5708, -0.484367, -0.000569789, 0.000557573, 0.000104965, 
33, 187658, -34.5601, -24.8052, 38.2475, 0.00220188, 0.00209217, -0.00243157, 
34, 143234, 11.1552, 41.4294, -44.3019, -0.000201413, -0.000837637, 0.00110691, 
35, 251764, -32.7609, 32.4385, -37.3415, 0.000817551, -0.000130358, 0.00035991, 
36, 188234, 2.76631, -41.6814, 10.4959, -0.000479314, 0.00168717, -0.000338941, 
37, 145115, -16.8438, -24.1039, 18.0614, 3.69984e-05, 0.00148181, -0.000342247, 
38, 97491.5, 36.3991, -4.15785, 2.84021, -0.00234665, -0.000395415, 0.00101199, 
39, 31783.6, -31.4489, 33.8515, -28.9297, -0.000358369, -0.000655508, -0.000609699, 
40, 3660.49, -12.3624, -22.5783, -1.06242, 0.00110497, 0.00183164, -0.000373005, 
41, 6882.93, 19.2362, 22.2222, 12.4052, 0.000588582, -0.00338164, -0.000692688, 
42, 15820.5, 23.7632, 5.30941, -30.2857, -0.000933816, -0.000943026, 0.00108195, 
43, 12851.8, 9.32378, 10.6434, 29.7432, -0.000666844, 0.000323156, -0.00255771, 
44, 207554, -40.8757, -35.5055, -25.9531, 0.00130795, 0.00186447, 0.000656224, 
45, 14218.7, 16.2569, 15.132, -12.4796, -0.000819644, -0.00060642, 0.000599811, 
46, 94578.2, 36.4028, 28.2686, 34.6249, -0.000386304, -0.000430484, -0.000966034, 
47, 139467, 43.9663, 30.1546, 43.5423, -0.00120856, -0.00066762, -0.00120095, 
48, 34799.6, 25.2217, 22.7267, 7.95605, -0.00154281, -0.00116989, -6.53619e-05, 
49, 52524.3, -11.0737, 14.6712, -9.99861, 0.000217084, -1.87389e-05, 0.00158266, 
50, 168682, -37.9092, -27.5236, -25.9444, 0.0011772, 0.000129135, 0.000930612, 
51, 4879.07, -30.8453, -11.3212, -28.7502, 0.00105659, -0.00125066, 0.00195008, 
52, 127413, -27.1846, -38.6305, 40.2187, 0.00011741, 0.00162654, -0.00157662, 
53, 2820, -17.1883, 35.2658, 5.821, 0.000116436, -0.00216706, 0.000923508, 
54, 67623.2, 11.1675, 9.87145, 33.7051, -0.00127212, -0.000123396, -0.0018618, 
55, 124781, -12.7068, 37.8691, -22.2526, -0.000149805, -0.00114004, 0.00059058, 
56, 44370.6, 0.663293, -2.85915, 0.326139, 0.000909934, -0.000385408, 0.00284223, 
57, 51907.6, -7.76631, -25.0344, 1.14573, 6.03283e-06, 0.00210668, -0.00047376, 
58, 101111, -41.2182, 38.9455, 8.19617, 0.00170191, -0.0013219, 0.000156359, 
59, 12663.5, 34.3355, -2.68401, 18.543, -0.000716195, 0.00100381, -0.000727165, 
60, 211734, -9.36471, 36.7717, 16.4736, 0.000404476, -0.000895297, -0.00138037, 
61, 14072.5, 30.9564, -22.587, -13.8758, -0.00114522, 0.000573267, 0.000428931, 
62, 39936.1, 36.7744, -40.347, -13.338, -0.000885401, 0.00150043, 0.000253574, 
63, 94816.2, -18.1403, 16.7764, 10.1072, 0.00186832, 0.00139541, 0.00201168, 
64, 294722, 22.4428, -1.99215, 11.8823, -0.00055501, -0.000101534, -0.000652921, 
65, 115209, -33.4531, -36.5674, -6.96364, 0.00115949, 0.001309, 5.96719e-05, 
66, 297505, -8.3028, 38.1748, 15.4752, -0.00156758, -0.00292528, 0.00103062, 
67, 109371, 34.5516, -10.8245, 25.596, -0.00103483, 0.000871446, -0.000719496, 
68, 50319.5, 8.45261, -19.8276, 10.1838, -0.00154806, 0.000857166, -0.000845518, 
69, 94497.4, -14.1032, 2.674, -33.8537, 0.00034367, -0.00028984, 0.00159653, 
70, 28507.8, 16.8246, -1.91583, 33.8074, -0.000469823, 0.000427461, -0.00156408, 
71, 20301.8, -4.52125, -25.8144, -9.82616, -0.000694322, 0.00197267, 0.000397841, 
72, 5514.46, -22.0286, -13.4339, -35.8278, 0.00084455, -0.00085895, 0.0020714, 
73, 51713.3, 8.11512, -20.732, 11.3543, -0.000153014, 0.00185667, -0.00171773, 
74, 54078.6, -24.5719, -10.6259, 27.0756, -0.000148883, 8.05698e-05, -6.88044e-05, 
75, 100331, -18.8603, -39.5767, -21.3136, 0.000451583, 0.00189759, 0.000844165, 
76, 16592, -18.9019, 2.38067, 38.4143, -0.000355947, -4.41714e-05, -0.00192953, 
77, 214624, 0.964394, -1.70228, -1.96038, -0.000835746, -8.39516e-05, -0.00117351, 
78, 77042.2, -5.00888, -12.2788, -2.93839, -0.00142556, 0.000655328, -0.000724421, 
79, 131835, -34.1624, 34.8498, -44.0786, 0.00152336, -0.0010303, 0.000860683, 
80, 36841.1, 23.4476, 15.4512, -20.303, -0.00129851, 0.000131611, 0.00133817, 
81, 30218.7, -34.2497, -39.8351, 21.9071, 0.00129212, 0.00144622, -0.000224407, 
82, 5693.83, -24.3735, -16.5222, -19.9031, -0.000108546, 0.000393261, 0.000220994, 
83, 46120.3, 41.6013, 14.2347, -33.9396, -0.00126271, -0.000317965, 0.000794918, 
84, 20479.4, -22.331, -38.2304, -7.45953, 0.000510643, 0.00183785, 3.74451e-05, 
85, 115679, -13.2112, -38.7153, 21.1973, -0.000300185, 0.00173733, -0.000600471, 
86, 124413, -35.4221, -27.4705, 39.5023, -0.000506815, -0.00155409, 0.000140101, 
87, 14754.9, 29.8396, 2.305, 21.235, -0.000667192, -0.00059471, -0.00125948, 
88, 1562.9, 0.829812, 22.1306, -25.3745, -0.00039347, -0.000651955, 0.00119149, 
89, 213089, 38.3596, 0.291355, 18.0781, -0.00162665, -0.00046248, -0.00096602, 
90, 131961, 37.4433, -1.45726, 9.72605, -0.0021146, -0.000445824, 1.06195e-05, 
91, 25620.6, -37.6311, 2.61905, -10.1141, 0.00253869, -4.59911e-05, 0.000668451, 
92, 36643.2, -26.0306, 28.3914, 17.5755, 0.00206591, -0.000491418, -0.00309701, 
93, 10124.3, -18.6759, -4.88945, 23.6014, -0.000826922, -0.000461075, -0.000462988, 
94, 134912, 12.8857, -11.569, 0.0281615, -0.0022013, 0.000845254, 4.81687e-05, 
95, 352934, -0.0741844, -5.77247, 3.59348, -0.000714877, -0.000558416, -0.000329493, 
96, 53519.9, -32.136, -4.56589, 37.5653, 0.000993276, 0.00136692, -0.00114391, 
97, 179640, -19.3827, 6.8036, 8.51577, 0.00164996, -0.00111405, -0.000126532, 
98, 92275.8, 30.5532, -18.0275, -26.9386, -0.00161269, 0.000685432, 0.000623361, 
99, 37250.3, -8.13404, -37.0043, -35.1018, 0.000433078, 0.00117818, 0.00129469, 
100, 237086, -24.6554, -35.5055, 30.174, 0.000238729, 0.00161384, -0.000560834, 
101, 89616.5, -33.4358, 3.14175, -8.81635, 0.00155121, -0.000101319, 0.000791906, 
102, 131392, -30.4784, -10.0392, 23.1163, 0.00200666, 0.000300499, -0.000220989, 
103, 134711, 36.6408, 27.1677, 37.9748, -0.000764668, -0.00100694, -0.000194807, 
104, 108522, 19.812, -13.8069, -31.3009, -6.89382e-05, 0.00113057, 0.00115212, 
105, 228291, 39.8322, -5.8699, 36.4232, -0.00117414, -0.000116111, -0.00146118, 
106, 233820, 24.0891, 38.9093, -15.1702, -0.000898351, -0.00173605, -0.000187362, 
107, 93778.3, -28.4955, -13.5409, -19.4055, 0.000959083, -0.000692835, -0.000107203, 
108, 109531, -2.78222, -6.46901, -0.463917, 0.00153634, -2.58612e-05, 0.00116898, 
109, 162559, -28.7437, -13.013, 0.206662, 0.00155448, 0.000603993, -1.03065e-05, 
110, 104548, -20.4997, 41.3029, -39.963, -0.000350697, -0.00123097, 0.00119067, 
111, 390486, -32.3354, 0.6745, 38.8333, 0.000955156, -0.000342284, -0.00165648, 
112, 17258.3, 1.91878, -22.8305, 19.0972, -0.000388597, 0.0010856, -0.00143707, 
113, 11495, 35.2768, 12.8755, -2.02606, -0.00153119, -0.000680279, 0.00037623, 
114, 198051, 24.4358, 36.2029, -22.5508, -0.00047888, 4.49767e-05, 0.000102538, 
115, 43163.1, 7.59037, -20.196, 4.54494, -0.000864141, 0.00257225, -7.3406e-05, 
116, 54122, -20.7509, 24.8057, 23.6139, -0.00201597, -0.0010462, -0.0043213, 
117, 7321.58, -20.3439, 16.6629, 17.6616, -0.000889208, 0.00128737, -0.00164281, 
118, 45671, 33.1171, 24.5222, -41.4013, -0.000892132, -0.000431932, 0.00112484, 
119, 335394, -23.3329, 23.6703, 20.8411, 0.00400784, -0.00386423, -0.00198914, 
120, 146744, -14.071, -26.6275, -14.5092, 0.000362611, 0.00162631, 0.00112282, 
121, 144968, -26.4861, 28.5881, 17.5418, 0.00239198, -0.000156488, -0.000216632, 
122, 58573.5, 4.64015, 12.1011, -3.45476, -0.000993589, -0.00139919, 0.00051423, 
123, 69771.2, -11.7064, -7.4457, -20.1179, 3.38483e-05, -0.000786858, 0.00148763, 
124, 73065.8, -29.0642, 32.6571, 5.39467, 0.00160535, -0.00183279, 0.000720523, 
125, 176383, 41.3284, 0.236948, 39.7245, -0.000965055, 0.000534656, -0.00101283, 
126, 46062, 32.978, -11.2226, -2.26514, -0.00139725, 0.00107231, 0.000636465, 
127, 56478.2, 37.3777, 30.6097, 30.9336, -0.000940928, -0.000748602, -0.00111265, 
128, 73371.6, 6.28672, 7.00981, -39.8182, -0.000261134, -0.000434776, 0.00170504, 
129, 64320, -22.6052, 26.9716, 16.3759, -0.000554179, -0.00236736, 0.00231946, 
130, 34299.5, -30.2834, -17.0713, -26.5311, 0.000873752, 0.00162359, -0.000871849, 
131, 95466.1, -14.7525, -31.288, -14.8429, 0.000284395, 0.00257914, 7.41437e-05, 
132, 38698.9, -36.3286, -36.5376, 6.28626, 0.0015381, 0.00102589, -0.000207072, 
133, 99701.7, -23.4514, 14.57, 6.80114, -0.00376569, 0.00349053, -0.000448783, 
134, 390402, -6.55481, -15.1329, -3.89968, 0.000692521, 0.00144365, 0.00053599, 
135, 51660.2, 4.37907, 11.2251, 31.399, 0.000698946, -0.00051375, -0.00193758, 
136, 67734.6, 25.5398, 39.8522, -20.1393, -0.000676585, -0.00196862, -0.00151665, 
137, 2782.49, 4.57663, -3.23313, -27.2651, -0.000202205, -0.000123946, 0.00127912, 
138, 74344.9, 19.4535, 22.2005, 12.3056, -0.00071376, -0.00120338, -0.000456619, 
139, 97141.8, 20.2586, -17.3269, -4.15101, -0.0014551, 0.00134299, 0.000437917, 
140, 210366, -9.90525, 21.4125, -8.47154, -0.00026469, -0.00105379, 0.000906927, 
141, 40577, 1.04004, 24.1894, -4.43075, -0.000914206, -0.00134261, 0.000362208, 
142, 42182, 38.4423, 1.54793, 22.0634, -0.00196281, 0.000111567, 0.000319112, 
143, 43465.5, -18.8287, 25.5797, 18.9992, 0.00304326, 0.00108149, -0.00286525, 
144, 15541.7, -20.7248, 26.724, 23.1279, 0.00179521, 0.00205431, -0.000981052, 
145, 77758.8, 4.79021, -9.30597, -0.742034, -0.00117632, 0.00095683, 0.00144018, 
146, 59817.6, 3.29252, -15.3006, -15.1625, -0.000681189, 0.000697355, 0.00129778, 
147, 25797.1, -5.84221, -39.1497, -29.0549, 4.79428e-06, 0.0016579, 0.000707512, 
148, 56695.6, 7.58559, -17.5276, 4.32007, -0.000760695, 0.00122581, -0.000529543, 
149, 5675.67, -20.0215, 23.1141, 26.9082, 0.000892638, 0.000902842, -0.000390589, 
150, 10058.9, 5.37214, -26.6139, 16.0296, -0.000525976, 0.00168229, -0.00120707, 
151, 109307, 30.9415, -28.6508, 29.4312, -0.00330261, 0.00204869, -0.000230886, 
152, 64680.1, 10.846, 9.66886, 30.8224, 0.000247985, -0.000629136, -0.00181823, 
153, 355851, 17.0001, -34.5786, -31.1934, -0.000701149, 0.00112411, 0.000963585, 
154, 112081, 22.2518, -10.4922, -30.0206, -0.00163872, -0.00104847, 0.00181798, 
155, 136525, 44.4954, -37.6533, -41.307, -0.000914914, 0.000609128, 0.000702044, 
156, 24618.5, -38.7378, -17.8777, -17.2107, 0.00213254, 0.000138257, -0.00028078, 
157, 30278.3, -9.72354, 0.572379, -2.72525, 0.000757402, -0.000488798, 0.00119138, 
158, 74807.4, -39.5549, 32.5894, -37.6178, -0.00136695, -0.00149421, -2.50405e-05, 
159, 13757.2, -31.5883, -26.9089, 37.1856, -0.00172397, 0.00127396, -0.00272314, 
160, 30157.7, 7.14563, -8.71209, -11.0744, -0.00107123, -4.56519e-05, 0.00147947, 
161, 499913, -31.5865, -19.1523, -24.8822, 0.00072431, -4.14151e-05, 0.00145748, 
162, 243908, 2.76297, -42.347, -42.7786, -5.86015e-05, 0.00109718, 0.00124603, 
163, 156234, -18.6977, -18.2667, 27.2098, -0.000466366, 0.000823405, -0.00177259, 
164, 180799, 23.9727, 35.1822, -20.7341, -0.0010161, -0.00100538, 0.00252624, 
165, 449860, -22.6407, 15.998, 7.38558, 0.00152243, 0.0016315, 4.83305e-05, 
166, 12627.8, 8.35311, 36.8698, 40.6594, -0.000334529, -0.000376199, -0.000641902, 
167, 72413.6, 39.2655, -35.1715, -10.863, -0.00142417, 0.000922452, 9.80164e-05, 
168, 123248, -10.3866, 34.6148, 20.464, -0.0010888, -0.000994472, -0.00262396, 
169, 19058.1, 35.6343, -31.2785, -8.36978, -0.000975686, 0.000824496, -0.000273808, 
170, 37240.7, 9.4286, -15.6966, 34.226, -0.000363948, 0.000638445, -0.0014836, 
171, 10520.8, 29.7502, -21.6269, -14.0417, -0.00177508, 0.00105141, 0.000393798, 
172, 66867.4, -24.443, -12.5397, 23.7532, 0.000754302, -0.000105643, -0.00157971, 
173, 286204, -28.2026, 35.228, 23.2037, 0.00166477, -0.00262461, -0.0015271, 
174, 7121.25, -17.2262, -6.92732, 22.3925, -0.000468072, -0.000443516, -0.000948012, 
175, 44439.5, 3.9286, 7.59426, -2.53422, -0.00103798, -0.000789276, 0.000796053, 
176, 95063.2, -9.24393, 20.0089, 13.7931, -0.00141739, -0.00066457, -0.000581046, 
177, 172893, -11.6132, 32.6886, -18.5331, -4.67309e-05, -0.00149148, 0.00101433, 
178, 46650.2, 38.1843, -32.8778, 24.1745, -0.00143912, 0.00130543, 2.6971e-05, 
179, 38532.6, -34.5158, 35.8663, -27.8126, 0.00094691, -0.00139905, -0.00114743, 
180, 32991.6, -27.3306, -24.7544, 17.9283, 0.00142603, 0.00109339, -7.18903e-05, 
181, 177479, -36.9073, 35.46, -36.9022, 0.00135351, -0.00103671, -0.000365852, 
182, 87.2575, 23.9553, 35.1788, -20.6766, -0.00130943, -0.0014577, 0.00664735, 
183, 128620, 4.86526, 0.126699, -30.0403, -0.000187662, -0.000269747, 0.00132806, 
184, 162169, 35.3456, -5.11956, 3.24488, -0.00123443, 0.00066594, 0.000492303, 
185, 20340.7, -0.65301, -8.52077, -0.733594, -0.00134965, -0.0026495, -0.00240562, 
186, 53688.5, 0.618024, 20.9002, -40.4664, -0.000193468, -0.000545305, 0.0013763, 
187, 29804.3, -19.2038, -19.5656, 9.39662, 0.000938086, 0.00099519, -2.58901e-05, 
188, 354857, 24.6363, -5.98303, -34.231, -0.000880236, 0.000241553, 0.00115796, 
189, 50155.5, 21.6091, 39.9736, -40.0784, -0.000768978, -0.00083144, 0.00114894, 
190, 7112.4, -22.4383, 28.2497, 16.9953, 0.00129343, -0.00251984, -0.000882838, 
191, 126540, -37.7047, -24.4961, -26.4779, 0.00277101, 0.00196625, 0.000681491, 
192, 354318, -37.3582, 35.7339, -33.4446, 0.000820405, -0.000333156, 0.00233262, 
193, 107194, 9.53599, 40.1205, 44.1894, -0.000388537, -0.000983732, -0.00117497, 
194, 224461, 30.1011, -28.1379, 29.5306, 0.000568508, 0.000519697, -0.00122859, 
195, 635832, -23.5557, 24.8752, 20.4335, -0.00138561, 0.000529321, -0.000934857, 
196, 66151.1, 5.51577, -32.7876, -20.5748, -0.000294318, 0.00141154, 0.000461357, 
197, 47866.1, -13.1004, -25.8929, -14.4161, 0.000428275, -0.000931361, -0.000306868, 
198, 66662.6, 22.9298, 22.6675, 0.64823, -0.0010622, -0.000900569, 0.000283751, 
199, 70426.5, -24.8134, 30.6267, 0.890205, 0.000713513, -0.00172489, 0.00119862, 
