ID, Mass [kg], pos_0 [m], pos_1 [m], pos_2 [m], vel_0 [m/s], vel_1 [m/s], vel_2 [m/s], 
0, 86447, -8.26237, 39.0903, -15.4938, 0.000451555, -0.00177803, 0.000818668, 
1, 189575, -40.7348, -19.7937, 2.42861, 0.00124818, 0.00102597, -0.000563739, 
2, 31834.7, 5.48242, -28.0913, -37.2154, 0.00107059, 0.00322308, 0.00231432, 
3, 198333, 26.8155, 31.5784, 8.04997, -0.000400862, -0.00191295, 4.1654e-05, 
4, 26595.9, -11.9106, 18.6825, -0.0468925, 0.000534705, -0.000182461, -0.000704352, 
5, 74974.9, -25.103, -19.8751, -24.7523, 0.000804221, 0.000676834, 0.000493394, 
6, 97542.7, 44.1827, -32.7184, 42.3617, -0.000736304, 0.000774071, -0.00109792, 
7, 2615.97, 1.84165, 38.0266, -33.0327, 0.00023088, -0.00132291, 0.00112109, 
8, 21192.8, 33.6621, -30.2142, -3.25852, -0.00193014, 0.00129288, -0.000297136, 
9, 81679.8, 25.1835, 26.8097, 16.3094, -0.00049749, -0.000466182, -0.00189013, 
10, 127647, -27.6247, -27.7545, 34.1457, -0.000390968, 0.00187892, -0.000677831, 
11, 16957.3, -12.0214, -18.9939, 7.32718, 0.000861116, 0.00137353, -0.0011003, 
12, 46224.1, 42.3346, 42.8676, -25.7104, -0.000922519, -0.00112386, 0.000938844, 
13, 23966.4, 21.0157, 29.4566, 3.54878, 7.91999e-05, -0.0011045, 5.02544e-05, 
14, 11985.5, -2.9959, -10.7191, 39.7785, -0.00114828, -1.05537e-06, -0.000964913, 
15, 3133.43, -11.6781, -3.74984, 19.6269, 0.00114957, -0.00046879, 0.000959598, 
16, 16899.7, 1.66177, -13.106, 35.1906, -0.000465615, 0.000757589, -0.00100129, 
17, 19424.5, 1.98931, 37.5028, -8.03539, 0.000228786, -0.00250151, 0.000512266, 
18, 130822, 33.7732, -33.6402, 6.35944, -0.00154944, 0.000708575, -0.000361054, 
19, 25233.8, -23.4275, 13.3114, -24.8783, 0.000949885, -0.000524223, 0.00142223, 
20, 47646.9, 43.1329, -38.2772, -24.2948, -0.00104885, 0.00109758, 0.000597635, 
21, 165666, 6.30767, -0.219355, -21.6671, -0.000430767, 0.000932937, 0.000439987, 
22, 68385.5, 8.15317, -1.00403, -20.9484, -0.00173896, -0.00196093, -0.000390697, 
23, 221148, 41.6982, -35.5136, 25.2653, -0.00073026, 0.000897696, -0.000560812, 
24, 74530.5, 23.9738, -7.93635, -22.3591, -0.00143202, 0.000577639, -5.80213e-05, 
25, 43250.2, 32.5151, 19.4185, 43.2671, -0.000465285, -0.000260519, -0.00134094, 
26, 16449.5, -39.4667, -45.2381, -24.6408, 0.000714584, 0.000949737, 0.000306395, 
27, 30641.9, -24.5898, 27.0757, -2.84143, 0.000991628, -0.00164675, -0.000292677, 
28, 85788.3, 5.68069, -2.57859, -21.4373, -0.00198482, -0.000925934, -0.00175452, 
29, 18634, -33.6833, 39.2968, 5.06944, 0.00112295, -0.00144236, 0.000353317, 
30, 2394.47, 33.2754, -19.8046, -3.60905, -0.000730815, -0.000164607, -0.000745689, 
31, 128472, 36.7912, 12.9846, 24.3888, -0.00118168, -5.38293e-05, -0.00142153, 
32, 63731.5, 10.9941, 7.32445, -34.6452, -0.000896575, -0.000186596, 0.00182904, 
33, 1929.75, -13.0939, -1.08106, 35.9186, 0.000128229, -0.000164852, -0.00159382, 
34, 137164, -13.6331, 0.826597, 17.7786, 0.000671405, -0.00237171, -0.000697381, 
35, 50524.2, -2.213, -0.470758, -26.7126, 3.85597e-05, -0.00171453, 0.00463567, 
36, 6629.78, 33.7627, -15.5412, -21.8533, -0.0019224, -0.000130153, 0.00325386, 
37, 38240.2, 29.9927, -19.9746, -40.3063, -0.001603, 0.000783299, 0.00168984, 
38, 18423.8, 3.21464, 1.64211, -27.1356, -0.00051841, 0.00187187, -0.000610948, 
39, 194740, 31.9076, -31.6643, -5.27731, 6.3922e-06, 0.00193935, 3.61682e-05, 
40, 166672, 12.1292, -21.8867, -34.8317, 0.000985316, 0.001132, 0.00210069, 
41, 63465.7, 22.8383, 17.2122, -12.4885, -0.000823817, 0.000755693, 0.0008059, 
42, 21989.4, 20.0409, 30.8665, -7.49443, -0.000379487, -0.00217383, 0.000340721, 
43, 7506.47, 33.6569, -25.2789, -9.82556, 3.07201e-05, 0.000411893, 0.00123371, 
44, 1030.15, 33.4132, 6.78789, -13.6414, -0.00139887, 0.000390652, 0.000832893, 
45, 60141.1, 0.670479, 21.6623, -0.143705, 0.000264482, 0.000324644, -0.00137985, 
46, 69136.8, -28.8522, -4.468, 21.6463, 0.0007309, 0.000759941, -0.000778687, 
47, 4636.02, 24.6358, -44.1261, 34.2207, -0.000133481, 0.00110315, -0.000681858, 
48, 148424, -18.765, 11.2923, 37.7397, -0.000138789, -0.000261831, -0.00149766, 
49, 101751, 31.0987, 36.0366, -2.02036, -0.000989798, -0.00200198, 0.000357729, 
50, 113749, -17.284, -28.3248, -38.0585, 0.00166133, 0.000159445, -9.40394e-05, 
51, 14312.6, 9.1236, 12.9863, -37.4746, 0.00059041, -0.000161678, 0.00215843, 
52, 115787, 38.3666, -5.46996, 37.7171, -0.000639777, 2.80889e-05, -0.00124782, 
53, 10116, 42.2744, 41.5315, -21.9073, -0.00101835, -0.000876457, 0.000508368, 
54, 33789.7, 9.09552, 28.6908, -9.33052, 0.00139963, -0.00115707, -0.00226584, 
55, 186460, 29.3099, 30.0563, 12.5346, -0.00150924, -0.00132664, -0.00142382, 
56, 245187, 35.9726, -25.4971, -7.62104, -0.00158948, 0.000343489, 0.000169791, 
57, 290437, -13.2792, -0.869799, 17.8091, 5.29746e-05, 0.00126913, -0.000459936, 
58, 80698.8, -12.1756, 11.6332, 22.8928, 1.91988e-06, -0.000682756, -0.00113585, 
59, 117814, 23.0577, 21.7295, -9.68987, 0.000909508, -0.000758808, 0.000673688, 
60, 74301.5, -30.3473, 24.7363, 17.6773, 0.00167878, -1.59137e-05, -0.00147003, 
61, 87026.1, 5.04714, -33.6223, -36.9257, -0.00117044, 0.0035977, -0.000637833, 
62, 54123.3, 23.1436, 24.2939, -17.5991, -0.00110741, -0.00251363, 0.00182211, 
63, 142469, 11.886, 17.7558, -38.7745, 0.000286654, -0.00228799, 0.00295224, 
64, 25240.3, 23.0438, -6.03138, 25.6401, -0.000632147, 0.000588073, -0.00123618, 
65, 84495.7, -32.7874, 11.3172, 41.0812, -0.000565023, 0.000869569, -0.0021095, 
66, 190154, 22.9454, 26.3061, -24.2659, -0.000822613, -0.00114471, -1.26444e-05, 
67, 106916, -18.1104, 23.0159, -12.0323, 0.000701374, -0.000669727, 0.00123163, 
68, 142208, 38.6459, 20.9279, 1.03264, -0.000166998, -0.00170528, -0.00208233, 
69, 222966, -34.08, 17.9892, 16.5537, 0.00120798, -0.00130769, -0.0012329, 
70, 23261.8, -9.00016, -28.2796, -12.9509, 0.000550719, 0.00137182, -6.1908e-05, 
71, 37181.8, -23.4806, 24.2038, 6.20324, 0.000330194, -0.000788249, -0.000668158, 
72, 387724, 21.3005, 12.1931, 12.8831, -0.000390591, 5.42551e-05, -0.000827322, 
73, 94415, 35.6796, -13.2916, -21.7022, -0.00214471, -2.55427e-05, 0.000485077, 
74, 92650.1, -1.75615, 24.2013, -4.22918, 0.00102885, -0.00105679, 0.000458437, 
75, 18296.3, -39.5765, 2.32586, 36.8623, 0.000478983, 0.00128519, -0.000667429, 
76, 120001, -37.5282, -17.8212, -4.84009, 0.00104228, 0.00071095, 0.000786287, 
77, 272530, 15.6727, -3.26335, 9.90524, -0.000130536, 0.00103092, -0.0009757, 
78, 17526.5, -29.8648, -24.2536, 34.7807, 0.000572193, 0.000167922, -0.00271301, 
79, 64817.7, 6.57358, -20.937, -18.5988, 0.000465494, 0.00138384, -0.000340712, 
80, 92249, 40.2226, 7.93137, 13.0378, -0.00162293, 0.000569105, -0.000859469, 
81, 18467.1, -40.5411, 5.74015, 16.5568, 0.00232262, 0.000644529, -0.00231916, 
82, 36826.6, 16.149, 39.7825, 15.1425, 0.000120828, -0.00216036, -0.000843605, 
83, 11297.7, 31.8021, -30.4927, -7.52646, 0.000118576, 0.000111544, 0.000966629, 
84, 79293, 10.7479, -26.0387, -37.5018, 0.000959428, 0.00210361, 0.00128886, 
85, 99758.2, 16.7953, 13.738, 20.9506, 0.000190489, -0.000415789, -0.00198022, 
86, 23343, -32.2978, -3.27441, 19.3591, 0.0013251, 0.000748182, -0.000205716, 
87, 148233, 38.6215, 21.4174, 1.68809, -0.00347017, 0.00119352, 0.00282968, 
88, 11527.8, -36.6784, 14.7299, 38.8404, -0.00133298, 0.00391161, -0.000740253, 
89, 14718.3, 32.401, 23.9928, -5.09396, -0.000921185, -0.00157264, 0.000699338, 
90, 46494.3, -2.87173, 2.31149, -33.1795, 0.000264908, 0.00110029, -0.00149917, 
91, 34379.9, -21.3372, -17.8937, -25.7876, 0.00116426, 0.000797948, 0.000341932, 
92, 23079.1, 26.5747, -13.3463, -0.207169, -0.000669295, 0.000602554, -0.000481887, 
93, 79660.5, -40.6476, 1.55089, 14.2602, 0.00153461, 0.000407327, -0.000143506, 
94, 77532.3, -41.6058, -37.1017, 44.737, 0.000725436, 0.000869612, -0.000731785, 
95, 85363.6, 34.6186, 19.2802, 10.2315, -0.001308, -0.000128029, -0.00138226, 
96, 11260.4, -12.8342, 19.4146, 20.1995, 8.22576e-05, -0.00125312, -0.00084312, 
97, 31876, 26.5993, 13.0306, -15.3427, -0.00145561, 0.0002754, 0.00116665, 
98, 49282.2, 42.0901, 12.2242, -16.4454, -0.00168895, -3.65232e-06, 0.00126229, 
99, 38415.4, -2.51679, 25.386, -5.42407, 0.0002596, 0.000912838, -0.000456303, 
100, 8080.94, -28.4829, 4.5691, -20.282, 0.00206477, 0.000474773, 0.00203838, 
101, 70282.6, 43.3505, 41.9591, 37.2232, -0.000560586, -0.00145201, -0.000511124, 
102, 317827, 4.05606, -31.8596, -37.7744, 0.000292076, 0.000866805, 0.0012567, 
103, 237904, -43.979, 42.4983, 17.2756, 0.000912155, -0.00135684, -0.000223031, 
104, 119615, -18.0402, 27.421, -6.76011, 0.000554362, -0.00164952, 0.000575462, 
105, 31893.4, 6.37752, -34.7739, -3.25848, 0.000183696, 0.00139752, -0.000427479, 
106, 173086, -34.7248, 19.5057, 19.1952, 0.000487964, -0.00139033, -0.000700946, 
107, 486074, -36.6813, 14.7362, 38.8321, 0.000873497, -0.000919759, -0.00123323, 
108, 40410.8, -26.5471, -27.6092, 39.2565, -0.000378741, 0.00118346, -0.00241493, 
109, 28247.2, -43.5361, 48.1449, 15.1429, 0.000833446, -0.00126311, -0.000215635, 
110, 23910.7, -23.2828, 32.1557, -26.3747, 0.000731376, -0.00138355, 0.00114267, 
111, 40242.6, -6.69696, -42.7994, 25.9191, 0.000106225, 0.00114259, -0.000456827, 
112, 24016.7, -39.2889, 3.99073, 12.5374, 0.0016608, -1.75981e-05, -0.000549552, 
113, 129600, 9.01547, -38.7521, -19.7195, 6.0986e-05, 0.00166614, -0.000124068, 
114, 114317, 17.6376, 30.173, 14.533, 0.00134215, -0.00198448, -0.000109176, 
115, 174934, -41.6429, 7.0005, 38.6959, 0.00165569, 0.000733333, -0.00100181, 
116, 143212, -3.45637, 3.17844, -29.3994, 0.00085559, 0.000243035, 0.000255134, 
117, 8073.33, -33.243, 17.0522, 29.5981, -0.000101927, -0.000491638, -0.000795042, 
118, 37893.5, -7.36104, 15.7829, 24.2564, -0.000417598, -0.00103565, -0.00128082, 
119, 62400.5, 22.1183, 35.7752, 25.5646, -0.000221154, -0.00136443, -0.00155253, 
120, 242481, -0.0593478, 0.110915, -26.5585, 0.00142409, 0.000170315, -0.000302332, 
121, 220498, 15.5489, -16.6978, -32.0605, -0.00086917, 0.000531114, 0.00246268, 
122, 32681.3, 6.88793, 2.87441, 28.3335, 8.77258e-05, 0.000126426, -0.00142308, 
123, 348699, 40.1218, 18.191, -2.03433, -0.0017629, -0.00020064, 9.92029e-05, 
124, 49173.7, 41.2479, -25.2086, 43.7534, -0.000414186, -1.59047e-05, -0.00111494, 
125, 91676.5, 22.708, -5.55735, -20.5858, -0.00101287, -0.000815142, 9.38162e-05, 
126, 613.996, 41.2858, -20.9446, 3.61875, -0.00154071, -4.86713e-05, -0.00059573, 
127, 36070, 10.445, -38.4613, 34.5672, 5.00746e-05, 0.00109508, -0.000753549, 
128, 60243.7, 41.7602, -9.98127, 33.6934, -0.00115318, 0.000476562, -0.000591648, 
129, 66572.3, 2.46585, -34.2618, -38.8559, 0.00173797, 0.0019931, 0.0014538, 
130, 41874.2, -35.6181, 24.7555, -30.8815, 0.000916451, -0.000533705, 0.00152886, 
131, 116662, -40.044, 6.92632, 15.8964, 0.00154347, 0.000533038, 0.000169748, 
132, 109779, -10.3974, -7.44118, 34.9894, 0.000123467, 0.000325545, -0.0012761, 
133, 456997, -29.2378, 13.8274, -5.53917, 0.00131631, -0.000231703, 0.000317376, 
134, 2780.32, -0.436331, 34.2856, -4.53227, 0.000986195, -0.00260762, 4.13392e-05, 
135, 102119, -1.71947, 4.25297, -27.5374, 0.00156637, -0.00302525, 0.00190338, 
136, 164662, -30.6917, 3.54796, -22.8856, 0.00126183, 6.23681e-05, 0.00109178, 
137, 84084.3, 23.842, 30.1301, -29.6992, -0.000642115, -0.00182404, 0.00247966, 
138, 245299, -37.138, -16.5442, -11.3773, 0.00122303, 0.000793311, 0.000221148, 
139, 102038, -5.31785, -11.7188, 41.4586, -0.000159846, 0.000668072, -0.00164404, 
140, 146704, -28.7838, -24.5229, 37.2639, 0.000739833, 0.000994873, 0.000452843, 
141, 170925, 44.0364, 36.2595, 39.3311, -0.000759891, -0.000332209, -0.00100974, 
142, 107951, 33.6778, -16.1894, -22.1752, -0.00170365, 0.000867901, 0.000498325, 
143, 64717.1, -6.41193, -18.2095, 0.998094, 0.000246724, 0.00117355, -0.000230316, 
144, 28582.1, 17.7726, 30.5312, 13.9322, -0.00170441, 0.000254562, -0.00249432, 
145, 18763.1, -44.0537, -24.094, -29.8977, 0.00116639, 0.000623261, 0.000754247, 
146, 44368.5, 2.70815, 33.8491, -14.3544, 0.000113383, -0.00174828, 0.00121139, 
147, 247503, -0.925258, 1.16765, -28.098, 0.000189361, 0.000346075, 0.0032623, 
148, 54470.7, -11.384, -14.6758, 26.9536, -3.71976e-07, 0.00124286, -0.00084863, 
149, 158577, 20.6759, 21.7024, -10.8048, -0.00128156, -0.000660461, -0.000356944, 
150, 59031.2, 15.1542, -4.80722, 12.924, -0.000555239, 2.55426e-05, 0.000902323, 
151, 120654, 23.86, -13.4187, -27.3775, -0.00176651, 0.000339168, 0.000407883, 
152, 33810.4, 24.5535, 31.9397, -31.1719, -0.00075851, -0.0012729, 0.00102668, 
153, 52884.6, -12.7334, -3.46845, 18.3202, -0.00041366, 0.00324207, -0.00116059, 
154, 76725.2, 46.1457, -35.6312, 45.9398, -0.000575336, 0.000570722, -0.00081023, 
155, 2384.17, -36.4254, -19.8741, -14.3584, 0.00104974, 0.00184794, 0.00155722, 
156, 54252.8, -2.32557, 4.84601, -28.2181, -7.80341e-06, -0.00446019, -0.000452624, 
157, 18995.8, 37.1964, 12.1732, -5.01726, -0.000480773, 0.00134841, 0.00108533, 
158, 133837, -22.7813, -1.43286, -7.20307, 0.0006289, 0.000684004, 0.000237855, 
159, 166899, 20.864, -16.0446, -33.5949, -0.000242397, 0.000425386, 0.00119985, 
160, 192252, 40.6252, 14.6616, -4.00806, -0.00166806, -0.000941348, -0.00042585, 
161, 17027.9, -14.9174, 13.0529, 36.0786, -0.000942758, -0.00109508, -0.0012099, 
162, 130287, -42.9994, -14.0697, 37.5839, 0.00114125, 0.000523705, -0.000823134, 
163, 72430.1, 12.6328, -12.6713, -19.0877, -0.000174103, 0.0011594, -0.000559489, 
164, 60583, -20.6778, 4.67633, 2.19034, 0.00042458, 0.000323951, -0.000265358, 
165, 38146.6, -31.0435, 39.7285, 8.6306, 0.000483179, -0.0016309, -0.000311464, 
166, 1307.56, -33.4828, -13.8205, 42.7155, 0.000476003, 0.000298586, -0.0014486, 
167, 124087, -6.21375, 21.7744, -6.40581, 0.000643256, -0.000519252, 0.000478469, 
168, 30066.1, 3.64392, 29.4193, -2.4276, 0.000416918, -0.00234035, -5.05411e-05, 
169, 177463, -22.1095, 30.6165, -0.074657, 0.000840464, -0.00164738, -0.000298296, 
170, 1123.4, 21.3054, -38.2136, -12.4121, -9.79184e-05, 0.00181816, 3.59651e-05, 
171, 71647.5, 43.442, 41.2979, -14.7889, -0.00116609, -0.00125307, 0.000371418, 
172, 73299.5, 14.8315, 3.33607, 28.7855, -0.000361773, 0.00024519, -0.0016508, 
173, 120519, 13.2576, -18.1117, -33.5399, -0.00286731, -0.000619199, -0.000599146, 
174, 243541, -19.1087, -26.4265, -35.8756, 0.000546894, 0.00121666, 0.00147841, 
175, 232847, 4.80128, 25.1184, -2.64093, -0.000320349, -0.00174288, -3.18671e-05, 
176, 50296.6, -35.1769, -3.101, -2.03729, 0.00142407, 0.000355811, 1.96151e-05, 
177, 17627.5, -0.911076, 1.07055, -28.9266, 0.000177317, 0.00326836, 0.0061441, 
178, 115556, 9.3887, 0.631069, -20.9355, 0.000644577, 0.00133475, -0.000302076, 
179, 21083.5, -20.0725, 29.1094, -26.8466, 0.00043308, -0.000971837, 0.00138229, 
180, 120384, 11.6075, 17.2751, -38.2598, -0.000970871, 0.000577514, 0.000303609, 
181, 104093, -10.1876, -18.9963, 3.84701, 0.000249871, 0.00120794, -0.000153756, 
182, 90014.4, 3.3291, 4.74236, -26.8074, 0.00290261, 0.00140974, 0.00158549, 
183, 39510.6, -33.5687, -11.6659, -18.4192, 0.00114877, 0.000239893, 0.00113994, 
184, 37719.2, -31.9477, -26.4894, -12.7712, 0.000586345, 0.00163099, 0.000266522, 
185, 182373, 4.93735, 31.461, -2.31341, -0.000185764, -0.00124236, -3.34126e-05, 
186, 153608, 13.7422, -17.8819, -35.5576, -0.000873958, 0.000543099, 0.000823006, 
187, 201002, 19.6477, -25.6708, 31.7192, -0.00017914, 0.000771455, -0.000913646, 
188, 658.569, 33.7921, -10.9237, 37.7326, -0.000167997, 0.000591378, -0.00117546, 
189, 143642, -29.6091, -25.2683, 33.5464, 0.00105778, 4.00683e-05, -0.00123709, 
190, 250454, -37.0974, 26.5489, -20.5121, 0.00129257, -0.000875174, 0.000807594, 
191, 55591.1, 17.8926, 30.1547, 15.1174, -0.000293886, -0.000624821, -0.0027314, 
192, 141084, 26.4404, -25.7702, -15.139, -0.000296898, 0.00125992, 0.000364863, 
193, 52387.2, 23.0478, -14.8415, -32.1062, 0.000848212, 0.0011099, 0.00183583, 
194, 39745, 42.1729, -30.9819, 35.0849, -0.000588952, 0.000220542, -0.000639467, 
195, 89443.4, 29.2465, 6.91309, 0.989875, -0.000856359, 0.000752237, -0.000150458, 
196, 196180, 23.2914, 26.7498, -20.7093, -0.000566555, -0.000721869, 0.00201103, 
197, 56906.6, -16.3555, 18.6217, -12.4598, 0.000692538, -0.000639884, 0.00108106, 
198, 249087, 38.7757, -31.2603, 3.75496, -0.000602918, 0.00120797, -0.000971945, 
199, 137680, -34.3943, 21.8115, 21.4904, 0.000575338, 0.000295104, 0.00160392, 
