ID, Mass [kg], pos_0 [m], pos_1 [m], pos_2 [m], vel_0 [m/s], vel_1 [m/s], vel_2 [m/s], 
0, 85718.2, 66.0278, -68.5473, -98.5544, -1.48766e-06, 7.90697e-07, 1.94797e-06, 
1, 37434.6, 88.925, -99.3178, 89.5283, -3.64028e-06, 1.99523e-06, -1.27375e-06, 
2, 17889.2, 189.244, 183.606, 44.6187, -2.12294e-06, -1.89679e-06, -6.04952e-07, 
3, 20647.2, 98.324, -66.1901, 28.2088, -3.07936e-06, 5.56642e-07, -7.9406e-07, 
4, 155432, -133.218, -88.7062, 127.509, 2.43152e-06, 1.44404e-06, -1.04416e-06, 
5, 69494.6, 197.15, 124.676, -90.9745, -2.80792e-06, -1.79148e-06, 8.70534e-07, 
6, 81089, -122.179, 115.792, 67.383, 7.60106e-07, -1.01205e-06, -9.7749e-07, 
7, 127955, 176.172, -193.931, 25.4714, -1.93334e-06, 2.15812e-06, -1.84285e-07, 
8, 211358, -115.337, 90.8866, -14.3261, 4.60625e-06, -4.24975e-06, 1.77325e-06, 
9, 120771, 1.13094, -31.0559, -165.682, 1.59747e-06, -1.72108e-06, 4.2245e-06, 
10, 22509.8, -80.7115, 20.5941, 41.5046, 1.10599e-06, 2.12475e-08, -1.87866e-06, 
11, 21393, -113.931, -3.63103, 92.5255, 2.5055e-06, 1.58575e-06, -6.01137e-07, 
12, 158093, -90.9088, -175.941, -72.0468, 4.73033e-07, 3.12542e-06, 9.02329e-07, 
13, 27229.5, -110.66, 0.674689, 90.893, 5.81405e-07, -8.8568e-07, 4.01456e-07, 
14, 144616, 119.144, -152.097, -76.8867, -1.99008e-06, 2.21406e-06, 3.99924e-07, 
15, 32844.9, -151.492, 109.966, 24.2211, 2.45894e-06, -1.08388e-06, -3.79089e-07, 
16, 706565, -189.107, 32.7507, 154.489, 3.94489e-06, -1.96171e-07, -1.13334e-06, 
17, 199273, -24.11, 75.5161, 30.3164, 5.90656e-08, -1.75425e-06, -4.3792e-07, 
18, 84577.8, -111.409, -48.1929, -30.5284, 1.9965e-06, 8.67355e-08, 2.31914e-07, 
19, 5642.19, -131.984, 123.668, -13.3855, 1.71464e-06, -1.31086e-06, -7.88541e-07, 
20, 103845, -53.0332, 48.8096, 25.3801, 7.17449e-08, -1.46857e-06, -1.38279e-06, 
21, 315978, 169.283, -10.7374, -34.8826, -2.18174e-06, -5.82054e-07, -7.8492e-08, 
22, 39126.9, -85.4485, -136.006, 13.6148, 4.87261e-07, 3.89217e-07, 8.69562e-07, 
23, 44479.6, -100.612, -52.9076, -139.691, 2.26769e-06, 1.38891e-06, 2.07179e-06, 
24, 76103.7, -198.231, -96.5315, -54.0766, 4.19872e-06, 9.51901e-07, 6.46838e-07, 
25, 68481.2, -148.439, 159.241, -181.475, 1.26013e-06, -1.4779e-06, 2.50117e-06, 
26, 44970.2, -140.082, 146.561, 82.4198, 5.42848e-07, -1.91098e-06, -1.26566e-06, 
27, 205148, -103.496, -166.784, 21.2671, 1.68828e-06, 4.53649e-06, 9.81103e-07, 
28, 18035, -104.182, -113.307, 193.105, 2.03523e-06, 1.81016e-06, -3.78165e-06, 
29, 61164.6, 102.445, -71.9667, 76.8984, -3.39176e-06, 6.79784e-07, -1.21188e-06, 
30, 117802, 130.319, -152.114, -165.16, -1.30343e-06, 1.49525e-06, 1.67732e-06, 
31, 19337.9, -16.4606, 144.308, 5.38476, 1.45475e-07, -2.85754e-06, -5.86051e-07, 
32, 136976, -148.99, 104.593, -126.799, 1.5286e-06, -1.22832e-06, 1.58071e-06, 
33, 130647, -15.8205, 190.008, 5.28701, -4.28804e-08, -2.96445e-06, 1.47735e-07, 
34, 323768, 29.7181, 94.0085, -49.9483, 8.52233e-08, -1.22593e-06, 3.68152e-07, 
35, 119837, -160.398, 40.9688, 112.9, 2.50487e-06, -8.88056e-07, -6.29288e-09, 
36, 49928.6, -160.964, 113.305, 67.404, 3.21202e-06, 1.57159e-06, 1.38618e-06, 
37, 89627.5, -37.6965, -182.033, 69.0856, 9.51512e-07, 3.84e-06, -1.14146e-06, 
38, 33025, 8.35875, 102.494, -100.677, 9.90643e-08, -1.56496e-06, 1.79534e-06, 
39, 64944.4, 132.064, 82.3451, 142.275, -1.61144e-06, -8.99122e-07, -2.09662e-06, 
40, 2094.75, 185.998, -134.668, 119.263, -2.61315e-06, 1.35891e-06, -1.13543e-06, 
41, 55854.2, -30.6381, -192.391, 54.3615, 3.38105e-07, 4.15667e-06, -5.58293e-07, 
42, 49477.1, -131.158, 125.12, 157.205, 7.39272e-07, -2.51131e-06, -1.65427e-06, 
43, 71030, 184.668, 106.323, -103.847, -2.38033e-06, -1.76954e-06, 1.46728e-06, 
44, 46308.2, -49.4513, 149.493, 23.0739, -4.5083e-09, -2.24579e-06, -5.4313e-07, 
45, 123644, -127.494, -181.359, -70.6104, 2.33493e-06, 3.20389e-06, 7.56607e-07, 
46, 44053.6, 189.415, 116.452, -35.7641, -3.11804e-06, -1.31487e-06, 1.26631e-07, 
47, 19170.5, 47.2702, 172.305, 193.22, -4.52933e-07, -1.29902e-06, -3.39286e-06, 
48, 2548.97, -15.8729, 150.942, 199.514, 1.31798e-06, -1.28624e-06, -2.62893e-06, 
49, 210261, -19.6656, -73.7115, -52.742, 2.21178e-07, 8.86319e-07, 1.36193e-06, 
50, 64261.3, -112.567, -161.18, -82.3865, 1.87774e-06, 1.84042e-06, 1.66896e-06, 
51, 76411.2, -34.624, 163.798, -116.896, 1.15001e-05, 5.79345e-06, -5.37728e-08, 
52, 25937.2, 179.29, 85.0851, 151.873, -2.32911e-06, -9.38819e-07, -1.48553e-06, 
53, 3679.3, 116.352, 39.8006, -146.813, -9.83208e-07, -5.12046e-07, 2.48342e-06, 
54, 236045, 120.63, 20.1147, 154.052, -1.84037e-06, -4.74514e-07, -2.01551e-06, 
55, 34437.8, -48.0556, -56.9566, 133.751, 3.35276e-07, -1.46876e-06, -1.10953e-06, 
56, 123086, 36.6857, -177.674, 25.2391, -1.94075e-06, 3.08329e-06, 1.97588e-06, 
57, 36535.9, 181.225, -36.5901, 87.0441, -3.67284e-06, -6.13345e-07, -6.07572e-07, 
58, 26821.8, 105.285, -8.26403, -142.095, -1.54262e-06, 3.95936e-07, 2.42259e-06, 
59, 3218.93, 167.318, 24.1251, -120.803, -2.2616e-06, 1.37561e-07, 1.99997e-06, 
60, 30973.5, -86.4862, -80.3399, 173.685, -2.15178e-06, -2.58307e-06, -5.38115e-06, 
61, 11709.2, -62.8206, 163.901, -196.66, 1.65449e-07, -1.8802e-06, 2.40962e-06, 
62, 162034, -129.329, -109.845, -166.991, 4.69906e-07, -2.35577e-07, 4.80021e-06, 
63, 119932, 154.322, 155.331, -58.7648, -3.3594e-06, -1.00635e-06, 1.14222e-06, 
64, 61041.9, 95.7859, 104.34, -71.4527, -1.80216e-06, -6.63853e-07, 6.66553e-07, 
65, 17326.6, -194.972, 172.114, 158.289, 1.82258e-06, -1.60155e-06, -1.71504e-06, 
66, 42146.7, 120.51, 129.693, -188.174, -6.68069e-08, 1.53798e-07, 2.92007e-06, 
67, 314644, -133.514, -84.1023, 7.49466, 2.56359e-06, 1.11055e-06, -1.42768e-06, 
68, 5914.97, -119.155, -181.599, 50.2966, 2.12349e-06, 3.19207e-06, -1.50838e-06, 
69, 44783.3, -78.3129, 172.473, -16.4873, 1.03583e-07, -3.40691e-06, 5.15147e-07, 
70, 115124, -144.895, 27.9638, -9.41512, 3.02562e-06, -2.06615e-07, -1.36846e-07, 
71, 294962, 179.765, -175.699, -89.5544, -2.19079e-06, 2.05494e-06, 1.05185e-06, 
72, 33599.8, -130.79, -16.0385, 98.6469, 2.00486e-06, 6.10406e-07, 4.50734e-08, 
73, 71534.1, 114.585, 42.1676, -184.55, -1.01969e-06, -1.5847e-06, 3.44803e-06, 
74, 157311, -123.189, -39.4618, 106.583, 2.03647e-06, 7.9052e-07, -6.9169e-07, 
75, 164357, -21.9441, -98.4858, -33.1719, 7.70676e-07, 1.85143e-06, 6.56351e-07, 
76, 134420, -104.982, -133.795, -176.309, 5.56742e-07, 1.30243e-06, 3.05008e-06, 
77, 234423, -59.1243, -119.214, 54.4237, 1.2809e-06, 2.71567e-06, -6.84497e-07, 
78, 122783, 113.62, 157.438, 28.1067, -9.81385e-07, -2.40154e-06, 6.01901e-07, 
79, 374025, -49.4381, 94.6807, -130.75, 3.99999e-07, -1.69095e-06, 1.93746e-06, 
80, 121935, 38.0021, -46.7431, -31.9018, -5.42032e-07, 4.05842e-07, 9.49447e-07, 
81, 83837.4, -17.0929, 93.7509, -192.215, 3.85435e-07, -1.05516e-06, 3.07992e-06, 
82, 93183.2, 12.9262, -129.977, 80.541, -2.70885e-07, 3.582e-06, -1.53956e-06, 
83, 84731.6, 21.6825, 60.193, 0.326221, -4.23325e-07, -1.17499e-06, -2.40771e-07, 
84, 67547.9, -32.1322, 165.761, -117.23, -1.20349e-05, -1.27334e-05, 3.21435e-06, 
85, 48330.5, -191.739, 67.5145, 162.4, 3.3078e-06, -2.21908e-06, -1.78448e-06, 
86, 18541.7, -155.513, 108.294, -73.8827, 2.46822e-06, -1.4362e-06, 1.4202e-06, 
87, 16422.6, -162.635, 108.395, 181.388, 2.59354e-06, -2.07723e-06, -3.0604e-06, 
88, 2759.52, 37.6812, -81.1582, -179.501, 3.06299e-08, 7.87226e-07, 3.1738e-06, 
89, 33507.9, 185.102, -163.87, 137.918, -3.1955e-06, 1.13887e-06, -7.53618e-07, 
90, 81943.3, -195.411, 56.241, -50.9663, 3.4571e-06, -2.78495e-07, 3.71985e-07, 
91, 97694.2, 2.29087, 70.537, 120.018, -2.28649e-08, -1.70949e-06, -1.55003e-06, 
92, 226808, -168.537, 137.58, 42.8098, 2.4135e-06, -1.27246e-06, 1.65868e-07, 
93, 364553, 56.452, -146.382, 190.33, -6.87684e-07, 1.56253e-06, -2.60635e-06, 
94, 454055, 163.472, -116.394, -195.088, -1.71536e-06, 8.81861e-07, 2.26371e-06, 
95, 246706, 3.73013, 180.162, -81.2355, 2.54005e-07, -3.17222e-06, 1.0219e-06, 
96, 65135, 149.328, -38.4671, 14.9141, -3.00689e-06, 5.21072e-07, -2.4379e-07, 
97, 133530, -90.4528, -95.3654, 159.311, -2.26624e-06, 5.14618e-06, 7.83012e-06, 
98, 40180.3, -77.4116, 195.001, -64.1482, -8.91171e-07, -3.94897e-06, 1.16129e-06, 
99, 38559.6, -129.284, -60.5897, 180.633, 2.47167e-06, 3.5909e-07, -3.26393e-06, 
100, 131254, 117.095, -33.8486, 35.4513, -3.0913e-06, -2.83936e-07, -1.21863e-06, 
101, 525831, 22.6722, -193.35, 43.4409, -4.63674e-10, 4.60219e-06, -1.23643e-06, 
102, 349729, -160.031, 29.0631, 166.383, 2.17628e-06, 1.07111e-06, -2.32757e-06, 
103, 23873.4, -155.097, 30.3953, -64.6635, 2.94656e-06, -4.11066e-07, 8.79184e-07, 
104, 136346, 102.462, -72.2023, -13.6882, -2.83101e-06, 6.69641e-07, 6.23335e-07, 
105, 98136.3, 19.2401, -87.4741, 178.538, -9.35121e-07, 7.55471e-07, -2.92738e-06, 
106, 22454.9, -103.569, -53.4469, -181.098, 7.45051e-07, 1.75162e-06, 3.637e-06, 
107, 150038, -109.758, -176.98, -116.674, 1.27808e-06, 2.58413e-06, 1.46144e-06, 
108, 124.199, -119.49, 27.9177, -11.1955, 2.55108e-06, -2.14844e-07, 3.18255e-07, 
109, 33657, -39.4281, 57.5283, 126.532, 2.90468e-07, -1.28029e-06, -1.52168e-06, 
110, 10811.6, -9.1702, -157.885, 127.917, 2.22676e-06, 1.93528e-06, -2.88785e-06, 
111, 100559, 42.7606, -92.3986, 84.5429, -1.16401e-06, 2.41611e-06, -5.58088e-07, 
112, 77292.6, -2.9407, 110.406, 141.29, -1.45008e-07, -1.55412e-06, -1.7482e-06, 
113, 317816, -77.8601, -37.6547, -61.5785, 1.9748e-06, 2.25528e-07, 2.18168e-06, 
114, 240676, -6.74094, -113.289, 160.678, -1.92003e-07, 1.4311e-06, -3.29683e-06, 
115, 47992.6, 106.827, 0.175489, -188.571, 8.13459e-07, 9.13189e-07, 2.749e-06, 
116, 73231.6, 8.77327, 26.5939, -62.6605, 2.22835e-06, -2.43758e-06, 7.93122e-07, 
117, 18233, 175.259, 6.05573, -118.228, -2.92611e-06, 3.20791e-07, 1.83415e-06, 
118, 245806, 98.9993, 81.4554, -5.20642, -1.14361e-06, -8.01139e-07, -3.2038e-07, 
119, 160060, 32.9369, 24.076, -54.7859, -1.76483e-06, -3.16637e-06, -1.90258e-06, 
120, 198958, 106.939, -66.0247, -98.0472, 8.50597e-07, 1.98135e-06, -6.29244e-07, 
121, 43484.8, 141.061, -3.08465, -178.664, -2.02518e-06, 1.36044e-06, 1.01135e-06, 
122, 89691, 182.026, 10.0717, 159.856, -2.54039e-06, 3.21123e-08, -1.83827e-06, 
123, 12979.5, -116.932, -176.99, 37.7941, 1.91255e-06, 4.54662e-06, -4.8357e-07, 
124, 97555.9, 24.5995, 74.1113, -181.546, 9.89053e-07, -1.01144e-06, 4.20478e-06, 
125, 113140, 49.4918, -85.6342, 106.156, -3.25403e-06, 1.2232e-06, -3.00524e-06, 
126, 27555, -4.64191, 182.291, 92.3634, -1.64098e-07, -2.81459e-06, -9.84749e-07, 
127, 13583, -4.96002, -166.438, 26.4544, 4.33728e-07, 2.30446e-06, -4.03302e-07, 
128, 238623, 51.8259, -0.961456, -22.3227, -1.65871e-06, -1.07747e-06, -3.04975e-07, 
129, 166325, 151.289, 42.7897, 184.539, -1.95289e-06, -6.93319e-07, -2.95813e-06, 
130, 1793.69, -52.2865, 37.0875, 149.812, 7.81928e-08, -6.85782e-07, -1.81314e-06, 
131, 297228, -41.698, -86.8574, 129.02, 5.7563e-07, 1.09696e-06, -1.20045e-06, 
132, 115829, -20.0873, -115.686, -138.802, 7.84673e-08, 1.62691e-06, 2.0091e-06, 
133, 201987, 62.1403, -196.049, -145.527, -5.05688e-07, 2.82872e-06, 1.93523e-06, 
134, 31619.1, -174.429, 135.687, -33.7236, 4.86061e-06, 2.00334e-07, 1.61253e-06, 
135, 117966, -124.02, 62.0901, -191.984, 1.25093e-06, -7.08016e-07, 2.86323e-06, 
136, 22711, 77.7089, 14.4565, -146.74, -8.46346e-07, -3.81436e-08, 3.04347e-06, 
137, 187804, -160.892, 186.261, 125.485, 1.69233e-06, -2.35322e-06, -2.01269e-06, 
138, 62385.4, 104.123, -194.118, 81.013, -1.51263e-06, 2.86032e-06, -1.03857e-06, 
139, 11550.5, 3.30585, 72.0207, 16.0942, -2.04173e-07, -1.40712e-06, -3.63902e-07, 
140, 95392.1, -85.9458, -41.9632, -172.097, 7.38314e-07, 8.65296e-07, 3.38032e-06, 
141, 3615.32, 46.5331, 112.704, -86.9742, -6.24217e-07, -1.41699e-06, 2.01303e-06, 
142, 57187.9, 77.6541, 173.258, -152.379, -4.11307e-07, -2.13836e-06, 1.91682e-06, 
143, 4236.61, 187.092, -119.335, 110.879, -2.89594e-06, 1.51554e-06, -1.26909e-06, 
144, 127366, 8.913, -81.9325, 198.771, -1.02157e-06, 8.98889e-07, -3.81186e-06, 
145, 50986.2, -188.471, -59.7121, -122.79, 3.46372e-06, 1.8422e-08, 2.88613e-06, 
146, 18886.2, 49.2825, 168.803, -179.571, -1.66788e-07, -2.06252e-06, 2.37233e-06, 
147, 16594.4, -163.858, 150.495, 1.44489, 2.79127e-06, -1.54735e-06, -9.55647e-07, 
148, 7652.91, -128.587, 189.765, -157.602, 1.66527e-07, -2.95533e-06, 2.39317e-06, 
149, 77013.9, 196.251, 24.0384, -97.4651, -5.40619e-06, 9.28741e-07, 2.33505e-06, 
150, 49582.5, 71.8171, 62.1557, -159.882, -1.0931e-06, -1.02635e-06, 2.63097e-06, 
151, 136114, 24.8983, 40.4804, 116.824, -5.63355e-07, -1.13085e-06, -1.52776e-06, 
152, 194285, -153.556, -23.5579, -158.158, 2.14419e-06, 3.94816e-07, 2.69566e-06, 
153, 31958.4, -198.249, -97.8094, -145.152, 2.51858e-06, 9.23189e-07, 1.7405e-06, 
154, 167875, 58.8427, -79.9974, 22.3942, -7.55114e-07, 5.70763e-07, -6.07057e-08, 
155, 66665.6, 192.175, -199.179, -69.0016, -1.72148e-06, 4.36154e-06, 1.96921e-06, 
156, 51657, -37.6539, 139.887, -128.202, -2.99824e-07, -9.88169e-08, 1.11613e-06, 
157, 230694, -177.591, 82.8773, -65.1292, 3.06289e-06, -9.96804e-07, 8.8067e-07, 
158, 252726, -12.0732, -168.022, -65.5274, 2.32642e-06, 9.94408e-07, 2.48125e-06, 
159, 36209.2, -67.3426, -41.9838, -144.036, -9.74327e-07, 7.22515e-07, 2.34299e-06, 
160, 6712.76, -184.465, 67.5281, 43.6819, 2.98461e-06, -4.96939e-07, -3.03238e-07, 
161, 94204.3, 107.375, 115.25, 80.5295, -1.12277e-06, -2.22078e-06, -8.89541e-07, 
162, 19744.2, -92.4237, -134.048, 137.667, 1.65049e-06, 2.0974e-06, -9.63143e-07, 
163, 118602, 83.9951, -25.4583, 43.7263, -1.85112e-06, -1.59833e-06, -1.52435e-06, 
164, 211191, 34.0683, -2.71737, -55.3123, -2.92287e-07, -5.02893e-07, -2.82617e-07, 
165, 135805, -129.339, 18.1868, 140.587, 3.58163e-06, 3.7011e-07, -1.24918e-06, 
166, 75111.6, -17.5018, 71.4325, 48.0162, -4.985e-07, -1.23899e-06, -2.12165e-06, 
167, 438052, 135.238, 172.506, -29.3031, -2.03692e-06, -2.32044e-06, -1.32524e-06, 
168, 91092.8, 25.0518, 145.893, -51.3072, 5.4563e-07, -2.60478e-06, 6.22119e-07, 
169, 20288.6, -182.206, 174.456, -109.819, 2.38252e-06, -1.84651e-06, 9.5493e-07, 
170, 174737, 35.1758, -85.9386, 106.441, 1.06102e-06, 8.31111e-07, -2.80795e-06, 
171, 123990, -164.859, -140.362, -104.231, 2.19696e-06, 1.46395e-06, 1.38941e-06, 
172, 155141, -78.0762, 84.8507, 4.50595, 8.6056e-08, -1.96626e-06, -5.22248e-07, 
173, 51062.6, 166.976, 185.329, -190.76, -1.40183e-06, -1.54615e-06, 1.60146e-06, 
174, 50672.7, 92.6362, -143.098, -102.636, -1.74292e-06, 2.47933e-06, 4.12836e-07, 
175, 191818, -91.712, 177.868, 91.2885, 6.83545e-07, -2.55074e-06, -1.14203e-06, 
176, 66930.3, 175.602, -75.8704, 66.0127, -2.83656e-06, 8.74926e-07, -7.06542e-07, 
177, 206986, -17.4174, -142.978, -95.7439, 5.72305e-07, 2.13496e-06, 2.12263e-06, 
178, 394694, -172.443, 187.354, 58.9836, 1.81115e-06, -2.83827e-06, -4.48947e-07, 
179, 27944.1, -65.5459, 9.67817, 146.71, -4.52156e-07, -1.66919e-07, -2.04808e-06, 
180, 5257.33, 28.5661, 199.144, 101.458, -3.50668e-07, -2.68828e-06, -1.01564e-06, 
181, 168136, -171.134, -185.439, 165.209, 1.98484e-06, 1.76493e-06, -1.43259e-06, 
182, 146536, -127.953, -197.763, 81.3948, 1.9774e-06, 3.23235e-06, -1.56778e-06, 
183, 281502, 103.729, -142.363, 26.2192, -2.73811e-06, 2.97984e-06, -1.00926e-06, 
184, 200034, -131.235, 180.334, -122.808, 8.55947e-07, -2.59898e-06, 1.15864e-06, 
185, 297856, -180.575, -68.3031, -105.936, 2.86802e-06, 8.55247e-07, 1.42933e-06, 
186, 15185.3, 160.984, -21.3712, 199.297, -1.99818e-06, 4.01928e-07, -2.53032e-06, 
187, 13308, -134.101, 174.074, 8.35449, 1.74632e-06, -3.10127e-06, -5.17899e-07, 
188, 56321.8, -34.9509, -9.90503, 0.909233, -1.59592e-08, -4.90267e-07, -9.73947e-07, 
189, 39342.7, 59.1651, -27.6434, 69.216, -1.05782e-06, -1.17167e-06, -1.53078e-06, 
190, 187688, -0.131332, -83.267, 121.36, -3.61104e-07, 3.25277e-07, -2.30111e-06, 
191, 259324, -29.4793, -63.6233, 24.3139, -3.3274e-08, 8.02554e-07, -1.284e-06, 
192, 226485, -129.083, 45.9308, 174.437, 2.20563e-06, -1.4431e-06, -3.49389e-06, 
193, 55180.4, 102.345, 154.132, 174.819, -1.89832e-07, -1.82244e-06, -2.23084e-06, 
194, 81097.2, -26.0558, -131.607, -13.3054, 4.90523e-07, 2.61892e-06, 4.77914e-07, 
195, 242563, -32.9538, -197.51, -153.041, -6.15875e-08, 2.96973e-06, 1.53429e-06, 
196, 85718.4, -6.45425, 26.9196, 91.2678, 5.87842e-07, -2.35494e-06, -1.44548e-06, 
197, 354419, -50.9194, -73.1104, 153.067, 1.52343e-06, 8.98883e-07, -3.71891e-06, 
198, 63199.1, -123.217, 154.956, -138.593, 5.69803e-07, -1.46339e-06, 1.70342e-06, 
199, 75503.6, -4.12579, 22.0811, 74.5282, 3.83107e-08, -1.2791e-06, 1.26224e-07, 
200, 93754.6, 170.742, -165.443, 188.81, -1.57605e-06, 1.38361e-06, -1.82525e-06, 
201, 166400, 47.2163, -77.7716, -120.105, -6.74701e-07, 1.06194e-06, 2.68588e-06, 
202, 12267.6, 119.627, -12.6045, -5.97219, -2.46266e-06, -6.86402e-07, 2.09539e-07, 
203, 151428, 143.24, 112.733, 149.938, -1.74132e-06, -1.25385e-06, -1.73863e-06, 
204, 134763, -190.399, -158.156, -167.521, 2.71847e-06, 8.30389e-07, 1.46199e-06, 
205, 134614, -189.978, 179.946, 33.3468, 2.81541e-06, -2.22525e-06, 6.05137e-07, 
206, 29568.1, -63.306, 25.8446, -141.317, 6.41801e-07, -5.96668e-07, 2.65104e-06, 
207, 99963.6, 66.3441, 71.1917, 89.7602, 5.13888e-07, -1.2651e-06, -2.5e-06, 
208, 31964.6, -69.8392, -185.252, 163.931, 5.77828e-07, 3.0542e-06, -1.48706e-06, 
209, 36291.8, -180.627, 59.0018, -94.9002, 3.13152e-06, -7.91595e-07, 1.212e-06, 
210, 207189, 32.1341, -130.838, 10.9975, -5.9098e-07, 1.27831e-06, 1.44387e-07, 
211, 9177.23, 39.3818, 38.2162, -5.87135, -8.6081e-07, -1.29373e-06, -5.23275e-07, 
212, 72680.9, -133.096, -188.067, 66.024, 2.80772e-06, 2.50804e-06, -5.4037e-07, 
213, 185440, 156.555, -12.8736, -115.319, -2.3198e-06, 4.96243e-07, 1.43101e-06, 
214, 104358, -139.703, 189.215, 103.467, 1.11871e-06, -5.09272e-06, -1.21062e-06, 
215, 22887.2, 199.618, -7.25329, -148.195, -2.90869e-06, 1.70757e-07, 1.4431e-06, 
216, 161677, 159.184, 176.223, 192.385, -4.46964e-06, -3.69765e-06, -2.37398e-06, 
217, 241176, 19.9583, -103.903, 85.536, 1.06706e-08, 1.60944e-06, -1.72591e-06, 
218, 12681.3, -4.19617, -187.798, 83.2181, -4.31779e-09, 3.74294e-06, -1.3703e-06, 
219, 24585, -162.717, -137.774, -167.756, 1.95003e-06, 1.21411e-06, 2.16973e-06, 
220, 245169, -83.3831, -59.4891, 85.6458, 1.4932e-06, 6.31798e-07, -8.13108e-07, 
221, 86409, -14.7074, -32.3689, 3.56263, -6.96979e-08, 5.001e-08, -9.10069e-07, 
222, 22151.5, 117.775, -116.523, 65.9638, -2.67242e-06, 1.8228e-06, -1.21291e-06, 
223, 339385, 65.525, 18.5027, -100.482, -1.23998e-06, -2.66556e-07, 2.29938e-06, 
224, 44232, 103.048, 190.604, -145.117, -7.30421e-07, -2.62043e-06, 1.41955e-06, 
225, 38544.6, 90.5765, -82.9628, -175.146, -1.82228e-06, 4.03093e-07, 2.74029e-06, 
226, 200012, 40.992, 125.006, -140.337, -5.06118e-07, -1.73513e-06, 1.9909e-06, 
227, 9626.52, 20.8763, -127.137, -60.0585, 2.68729e-07, 2.3668e-06, 2.5272e-06, 
228, 76016.9, -60.4452, 107.534, 192.054, -3.11209e-07, -1.82314e-06, -2.84002e-06, 
229, 2197.45, 190.714, 9.33732, 62.2846, -3.00751e-06, -1.63915e-08, -7.87274e-07, 
230, 99460.1, -89.5753, -32.8746, -191.841, 8.83479e-07, 9.37372e-08, 4.09781e-06, 
231, 3872.95, -68.8645, -8.41927, 182.247, -1.06563e-07, 7.19233e-08, -3.15022e-06, 
232, 42979.9, -132.562, -135.993, 98.975, 2.40798e-06, 1.54344e-06, -1.19793e-06, 
233, 132232, 175.49, 34.2296, 103.355, -2.46647e-06, -8.60224e-09, -1.3249e-06, 
234, 122937, 79.2521, -75.1558, 62.4839, -2.26732e-06, 7.68863e-07, -6.84614e-07, 
235, 3551.46, 75.9091, 26.6863, 2.34362, -1.49787e-06, -7.97143e-07, -5.54673e-07, 
236, 69642.6, -164.878, -51.7917, 177.336, 2.62817e-06, 8.62082e-07, -2.50435e-06, 
237, 13977.8, -128.539, 132.837, -180.858, 1.18572e-06, -9.83878e-07, 2.6682e-06, 
238, 108807, 191.041, -68.8809, 51.8937, -3.51166e-06, 6.61322e-07, -4.54671e-07, 
239, 26144.7, 31.5207, -29.1123, 23.9233, -7.91469e-08, -2.97945e-07, -1.30239e-06, 
240, 81753, -160.961, -71.5444, 121.468, 3.2029e-06, 1.31331e-06, -9.06831e-07, 
241, 34524.5, -131.742, 180.598, 173.335, 8.81807e-07, -2.05419e-06, -1.94713e-06, 
242, 2351.28, -162.356, 157.297, -132.776, 2.034e-06, -1.69112e-06, 1.13855e-06, 
243, 376018, -131.83, -76.3764, -28.7404, 2.63962e-06, 6.44403e-07, 1.74716e-07, 
244, 163765, 165.896, -184.55, 74.2665, -1.88096e-06, 2.16495e-06, -7.96985e-07, 
245, 94510.9, 57.9628, -38.5945, -13.7734, -1.68898e-06, -5.39931e-07, -8.0921e-08, 
246, 27832, 185.454, -86.7018, 23.9552, -3.36603e-06, 1.07105e-06, -1.83955e-07, 
247, 190859, -41.8975, -55.8891, 10.1322, 1.63048e-06, 8.53703e-08, 4.45285e-07, 
248, 61755.1, 22.7365, -159.412, -140.257, 7.27972e-07, 2.40333e-06, 2.92418e-06, 
249, 79798.9, -32.5644, -177.313, -157.598, 2.52992e-08, 1.07195e-06, 2.23492e-06, 
250, 88630, -111.656, -171.538, -65.7767, 1.49631e-06, 2.6385e-06, 1.9362e-07, 
251, 76885.7, 139.446, 110.398, -137.426, -1.72354e-06, -1.24828e-06, 1.90634e-06, 
252, 67167, -109.325, -100.688, -97.9501, 1.98246e-06, 1.74989e-06, 1.98485e-06, 
253, 126887, 15.9224, 145.983, -152.295, -7.1091e-07, -1.89711e-08, 1.39991e-06, 
254, 168468, 135.925, -140.5, 150.169, -2.17047e-06, 1.7308e-06, -1.8136e-06, 
255, 127674, 77.9933, -179.847, 192.328, -2.11763e-06, 2.28819e-06, -1.38331e-06, 
256, 45162.4, 83.919, -13.517, -119.428, -1.31997e-06, 4.68021e-08, 2.70845e-06, 
257, 54196.4, 95.0665, -161.358, -79.6101, -1.25714e-06, 2.94334e-06, 7.63837e-07, 
258, 27185.8, -46.7347, -70.1396, 150.205, -1.63227e-05, -1.19959e-05, 8.35918e-06, 
259, 43203.4, -125.074, -76.9458, -173.943, 1.67818e-06, 5.29364e-07, 2.7658e-06, 
260, 91142.1, 115.558, -55.8998, 104.707, -2.34855e-06, 1.12692e-07, -1.65017e-06, 
261, 3592.9, -44.4322, 65.3884, 135.769, 3.72412e-07, -1.6569e-06, -1.89121e-06, 
262, 8171.8, 145.174, 3.84071, 173.673, -2.82515e-06, 2.46895e-07, -2.45666e-06, 
263, 23851.9, -134.46, -184.705, 169.582, 1.45715e-06, 1.80951e-06, -1.90895e-06, 
264, 425933, -184.037, 135.937, -150.916, 1.94179e-06, -1.02561e-06, 1.56548e-06, 
265, 103703, -3.2896, 113.578, -158.788, 2.62829e-07, -1.53655e-06, 2.56255e-06, 
266, 6739.87, -133.153, 146.328, 142.52, 1.10783e-06, -2.05493e-06, -1.8044e-06, 
267, 168144, -99.098, -196.209, 41.1084, 5.41136e-07, 4.00462e-06, -2.6195e-07, 
268, 206185, -42.8665, -108.98, 0.606903, 1.11097e-06, 1.38309e-06, -3.43983e-07, 
269, 22342, -83.9804, 197.563, -46.4321, 2.06522e-07, -3.7481e-06, -1.85001e-07, 
270, 317033, -154.431, 52.6355, 175.558, 2.6239e-06, -2.2352e-06, -2.90021e-06, 
271, 82079.2, -183.341, -100.51, -51.8942, 2.97954e-06, 1.60928e-06, 4.64451e-07, 
272, 56692.4, -30.46, -175.8, 80.1088, 4.79584e-08, 3.0222e-06, -2.26795e-06, 
273, 90191.1, 46.4495, 178.863, 181.284, -1.26781e-07, -2.31169e-06, -2.48532e-06, 
274, 22126.1, -113.605, -198.866, 69.9161, 7.32024e-07, 3.63262e-06, -8.80798e-07, 
275, 222450, -83.2536, -38.5377, -146.999, 7.43543e-07, 2.81471e-07, 2.46633e-06, 
276, 221513, -78.7986, 132.485, -181.787, 4.57394e-07, -1.4868e-06, 2.83965e-06, 
277, 293374, -108.537, -184.079, 194.289, -8.55052e-08, 1.98119e-06, -2.90387e-06, 
278, 43870.7, -150.33, -106.534, -1.32199, 3.56739e-06, 2.29494e-06, -4.799e-07, 
279, 14811.5, 71.2847, 166.43, -118.454, -3.36312e-07, -2.48812e-06, 1.63805e-06, 
280, 220967, 1.31301, -38.5756, -117.237, -4.942e-07, 4.45502e-07, 2.32962e-06, 
281, 169587, 139.872, 98.1042, 0.521008, -2.26941e-06, -1.06587e-06, -1.70499e-07, 
282, 89232.3, 52.0519, 47.6983, -81.0777, -9.12515e-07, -2.23045e-06, 1.27185e-06, 
283, 257965, -122.912, -102.532, -30.5278, 1.35411e-06, 3.23576e-06, 2.04279e-07, 
284, 125110, -64.8249, 152.112, -17.4389, -3.76661e-07, -2.43638e-06, 1.66685e-07, 
285, 80382.9, -62.901, -99.8805, -98.6045, 1.17039e-06, 3.2062e-06, 3.38216e-06, 
286, 70097.2, 11.8441, 141.405, -64.9752, 6.96268e-07, -2.27569e-06, 1.07005e-06, 
287, 269060, 46.7855, -96.1569, 128.643, -1.35625e-06, 1.78035e-06, -3.68962e-06, 
288, 59793.8, 111.548, -64.9003, -101.491, -1.25586e-05, -1.47877e-06, 9.42266e-06, 
289, 43464.3, 44.4568, -7.56278, 20.102, -1.08372e-06, -1.67255e-06, -1.84355e-06, 
290, 1667.68, -83.6069, 32.9931, -137.211, 8.65077e-07, -5.25708e-07, 2.3776e-06, 
291, 13580.7, 122.393, 80.9258, 29.8232, -6.43954e-07, -7.15057e-07, -8.1744e-07, 
292, 38422.5, -106.647, 8.21817, 14.9195, 2.68953e-06, 2.22271e-07, -8.87386e-07, 
293, 122138, -91.9843, -178.592, 101.943, 7.37766e-07, 3.05112e-06, -1.93502e-06, 
294, 371778, -42.0117, -115.974, -179.246, 1.38137e-06, 1.62108e-06, 3.0341e-06, 
295, 20.8922, -184.36, -133.178, -110.416, 2.94268e-06, 1.04321e-06, 1.58141e-06, 
296, 103353, 27.6855, -174.055, 36.0258, 2.67081e-07, 6.64088e-07, -8.36056e-07, 
297, 21479.3, -193.166, 141.695, -159.256, 5.54219e-06, -3.27998e-06, 4.90031e-06, 
298, 84053.8, 158.329, -156.619, 136.309, -1.73151e-06, 1.5139e-06, -9.98344e-07, 
299, 28106.2, 137.418, 59.1482, -56.2364, -1.6562e-06, -7.86258e-07, 3.71485e-07, 
300, 111219, 182.92, -51.5757, -136.042, -2.73635e-06, 6.30125e-07, 1.30254e-06, 
301, 101548, 29.3143, -146.27, 17.805, -8.94886e-08, 3.42316e-06, -8.83632e-07, 
302, 104309, 113.733, 141.267, 168.895, -8.51536e-07, -9.78151e-07, -1.9627e-06, 
303, 263393, 169.339, -7.76828, 12.4671, -3.04409e-06, -1.257e-07, -5.32978e-07, 
304, 42434.7, 34.6224, 150.346, 192.523, -6.10201e-07, -1.29974e-06, -2.64087e-06, 
305, 54451.4, -139.248, 54.1741, 143.636, 1.92238e-06, -2.36902e-06, 6.10957e-08, 
306, 456371, 191.425, 69.7146, 78.9232, -2.718e-06, -1.12373e-06, -7.05205e-07, 
307, 114576, 182.911, -104.779, 73.0861, -3.1054e-06, 1.51302e-06, -6.42382e-07, 
308, 82633.4, -194.367, -73.6413, 3.95389, 3.54267e-06, 8.43177e-07, -3.93784e-07, 
309, 351568, 167.137, 4.21142, -189.355, -2.38405e-06, -3.0956e-07, 2.42818e-06, 
310, 70899.9, -49.6851, -11.8748, 44.185, 6.92215e-07, -4.07642e-07, -1.49915e-06, 
311, 33945.9, -190.19, -156.56, 102.93, 2.61034e-06, 1.82479e-06, -8.49396e-07, 
312, 61918.8, -166.373, 167.065, -106.555, 2.02202e-06, -1.86046e-06, 8.67953e-07, 
313, 20888.7, 8.12243, 137.519, 67.4981, -6.50884e-08, -2.17913e-06, -1.17764e-06, 
314, 42489.9, -85.6599, -140.426, -91.141, 7.88196e-07, 1.55203e-06, 1.57364e-06, 
315, 89752.9, -40.6909, 148.132, -132.186, 9.32446e-07, -3.05634e-06, 2.78399e-06, 
316, 129736, 59.6121, 128.212, -36.1049, -4.24875e-07, -1.70474e-06, 1.16357e-07, 
317, 27669.2, -146.114, 174.69, -22.8133, -3.72103e-08, -5.18053e-06, 5.23887e-07, 
318, 54396.8, -32.7429, -184.588, 113.221, 6.82505e-07, 3.39077e-06, -1.64697e-06, 
319, 9750.19, 27.2807, -31.2486, -196.097, -5.30245e-07, -1.52206e-07, 3.74378e-06, 
320, 99490.8, 87.9486, 114.22, -82.2009, -1.1128e-06, -1.67301e-06, 1.85461e-06, 
321, 171488, -91.5923, -76.7826, -88.2146, 2.22003e-06, 1.16354e-06, 1.94943e-06, 
322, 33968.3, -4.15019, -168.703, -144.639, -9.74121e-08, 2.33307e-06, 2.13368e-06, 
323, 138646, 42.1655, -60.5631, -5.05099, -4.08717e-07, 1.28674e-07, 2.89459e-07, 
324, 183987, 12.1009, 142.541, 173.675, -4.14742e-07, -1.40157e-06, -2.14404e-06, 
325, 55880.7, 131.657, -1.65772, 168.485, -2.19619e-06, 4.14961e-07, -2.44549e-06, 
326, 11765.3, -82.3051, -49.3182, -73.6105, 2.37626e-06, 1.8312e-06, 3.3838e-06, 
327, 32594, -32.2445, -113.569, -191.311, -1.53037e-06, 4.44009e-07, 6.09335e-06, 
328, 59703.2, -195.734, 86.2837, -171.734, 2.20722e-06, -4.53516e-07, 2.13447e-06, 
329, 138298, 66.8935, 26.8992, 140.592, -7.18623e-07, -7.8424e-07, -2.05161e-06, 
330, 136466, -66.4683, -179.278, 43.4229, 8.13195e-07, 3.68967e-06, -1.16179e-06, 
331, 10475.1, -63.8671, 121.293, -76.9101, 1.07791e-06, -1.90502e-06, 2.22581e-06, 
332, 289054, 104.084, -113.964, 4.42459, -2.59104e-06, 1.68986e-06, 3.49221e-07, 
333, 38642.4, -199.895, -44.0668, 86.6946, 3.20628e-06, 5.76331e-07, -6.96548e-07, 
334, 184456, 173.133, 53.3754, -133.707, -2.43728e-06, -5.30904e-07, 2.06325e-06, 
335, 78166.2, -43.0454, 76.7487, -153.658, 2.09613e-07, -4.3741e-07, 3.60386e-06, 
336, 28833.5, -21.5672, -13.1601, -126.774, 8.88261e-07, -1.38072e-06, 2.29122e-06, 
337, 233278, 185.359, 93.07, -156.94, -2.98467e-07, -2.385e-07, 2.24148e-06, 
338, 291700, -105.175, -78.4414, 166.573, 4.02227e-06, -1.14496e-06, -2.22967e-06, 
339, 70529, -157.783, 139.665, 87.6784, 1.01666e-06, -1.32229e-06, -2.20786e-06, 
340, 163609, -190.273, 191.164, -148.735, 1.72094e-06, -1.88535e-06, 1.3835e-06, 
341, 53838.8, 36.6351, 88.904, -146.248, -3.34535e-07, -1.97793e-06, 1.45513e-06, 
342, 31544.6, 163.127, -5.45124, 187.626, -2.24587e-06, 2.05474e-07, -2.41079e-06, 
343, 234716, -83.0698, 28.4287, -5.1668, 2.50793e-06, -8.16688e-07, 6.30954e-07, 
344, 214055, 68.3887, -94.4364, -175.646, -5.57176e-07, 4.20854e-07, 2.87977e-06, 
345, 136831, 196.358, 105.212, -179.007, -2.28264e-06, -1.34896e-06, 2.51506e-06, 
346, 6528.86, -69.8594, 150.26, -23.7263, 2.20692e-06, -1.41242e-06, 3.77958e-06, 
347, 18923.4, -115.316, 45.9286, -96.5564, 1.16368e-06, -8.76213e-07, 1.43574e-06, 
348, 16784.7, -12.8824, 29.3348, -45.5376, 1.24276e-06, -2.57083e-06, 1.55107e-06, 
349, 4716.25, 41.9043, 124.763, 132.104, -5.35884e-07, -1.57232e-06, -1.66282e-06, 
350, 9251.12, 122.517, -36.2023, -175.532, -8.63993e-07, 7.19802e-07, 1.95753e-06, 
351, 142353, -20.1903, 48.2115, 172.23, -1.79041e-07, -1.16637e-06, -2.60622e-06, 
352, 12361.1, 131.26, -156.474, -170.034, -2.19549e-06, 6.02732e-06, 6.6597e-06, 
353, 194733, -45.4778, 92.0473, -59.7548, 5.37981e-07, -1.36118e-06, 8.43864e-07, 
354, 448326, 184.915, 74.5497, -76.3816, -1.86037e-06, -5.19843e-06, -3.72036e-07, 
355, 268373, 21.4874, -112.576, -42.2306, 5.67649e-08, 1.3575e-06, 8.86071e-07, 
356, 182221, -40.0828, 38.4589, -12.9941, -6.05025e-07, -1.91104e-06, 3.98287e-07, 
357, 79270.7, -50.1949, -72.3732, 32.6731, 2.03571e-06, 1.45617e-06, -1.42334e-06, 
358, 20200.9, -19.23, -116.402, 140.798, 7.32353e-07, 1.93636e-06, -2.23961e-06, 
359, 128571, -20.5903, 151.687, 136.288, 2.11309e-07, -1.9462e-06, -1.55891e-06, 
360, 531744, -63.1755, -150.112, 183.51, 9.91877e-08, 2.25377e-06, -2.9761e-06, 
361, 22167.9, -39.3601, -107.854, 117.747, 1.33782e-06, 2.22503e-06, -1.18812e-06, 
362, 80956.6, -35.4453, -11.6424, -34.8975, -5.94703e-07, 1.87759e-07, 1.17309e-06, 
363, 19994.6, 64.8866, 175.601, 69.9738, -4.6052e-07, -2.80367e-06, -1.14276e-06, 
364, 6721, -111.554, -183.652, 93.6424, 1.9372e-06, 3.17609e-06, -1.73184e-06, 
365, 122105, 40.786, -59.5299, -86.6469, -6.9582e-07, 5.52014e-07, 1.84004e-06, 
366, 89428.8, 0.0859771, 28.2246, -102.693, 5.06735e-07, -1.08052e-06, 2.52073e-06, 
367, 80062, -183.469, -54.0325, 43.0488, 3.30442e-06, 7.69126e-07, -5.3645e-07, 
368, 82223.9, -139.568, 131.286, -59.1822, 2.86461e-06, -1.36013e-06, 3.08064e-06, 
369, 148410, 111.53, 115.736, -15.9545, -1.5248e-06, -1.59903e-06, 2.61136e-07, 
370, 356476, 187.935, 61.2343, -79.2612, -4.19745e-06, 3.63726e-06, 1.52368e-06, 
371, 1561.28, 35.3965, 91.3194, -168.168, -2.51751e-07, -2.9649e-06, 2.96117e-06, 
372, 241126, -129.739, 8.45317, 126.191, 2.22655e-06, 1.00667e-06, 4.2467e-07, 
373, 77562.2, 196.811, 62.0803, 49.8541, -3.24118e-06, -2.39841e-07, 1.41147e-07, 
374, 85522.6, -59.8023, 97.3935, 105.997, 3.99449e-07, -1.37777e-06, -1.55906e-06, 
375, 54323.3, 56.4824, -21.0155, 31.9262, -8.68834e-07, -1.11236e-06, -1.27282e-06, 
376, 69587.7, -48.1247, -143.111, -122.482, 8.82975e-07, 2.1486e-06, 1.93673e-06, 
377, 27390, -141.605, -189.308, -96.5828, 1.68819e-06, 2.62399e-06, 9.45492e-07, 
378, 89252.6, -48.5512, 74.0515, 60.9311, 5.52627e-07, -1.44996e-06, -1.49716e-06, 
379, 34948.9, 77.2853, -20.2279, -192.723, -7.50326e-07, -1.73787e-07, 3.125e-06, 
380, 34051, -117.074, -138.542, -171.291, 2.43424e-06, 2.23273e-06, 2.62238e-06, 
381, 58623.9, 175.722, -14.4372, -63.2418, -3.03094e-06, 6.08875e-07, 1.4705e-06, 
382, 71619.2, -184.291, 109.679, 135.352, 2.34822e-06, -1.22161e-06, -1.70914e-06, 
383, 7017.38, -175.716, -162.323, 62.1647, 3.07831e-06, 1.70596e-06, -4.59344e-07, 
384, 178795, -26.0661, -106.795, -168.158, -9.91994e-07, 3.53325e-07, 1.95508e-06, 
385, 20195, -87.219, 62.7749, -48.7973, 1.15992e-06, -1.09681e-06, 1.45247e-06, 
386, 34954.3, 79.9808, -25.665, -85.4647, -1.83775e-06, 2.29709e-07, 1.37596e-06, 
387, 423247, -106.096, 52.4837, 176.997, -9.31214e-07, -2.46035e-06, -3.74493e-06, 
388, 15817.3, -187.455, -29.8085, 163.864, 3.10128e-06, 8.78526e-07, -2.03957e-06, 
389, 28890.7, -165.512, 56.4555, 88.6158, 2.43655e-06, -9.50462e-07, -1.98984e-07, 
390, 120830, -103.658, 85.2392, -120.831, 1.66123e-06, -1.30211e-06, 1.53765e-06, 
391, 226202, -60.8834, 27.7551, 0.256749, -2.61198e-07, -1.6233e-06, -5.15536e-07, 
392, 33463.2, 135.842, 196.353, 154.142, -9.00084e-07, -2.65559e-06, -1.49165e-06, 
393, 45749.4, -124.399, 30.0083, 37.5516, 2.75556e-06, -1.70451e-07, -8.81591e-07, 
394, 29245.2, 29.8258, -21.3025, -65.2168, 1.98732e-06, 2.34622e-06, 2.2256e-06, 
395, 62386.9, -71.36, -188.767, -194.637, 8.8972e-07, 1.85605e-06, 2.7154e-06, 
396, 26362.3, 87.6496, 197.733, -73.57, -2.11291e-07, -3.57783e-06, 1.40246e-06, 
397, 42198.7, 131.494, 64.9612, 177.727, -1.45747e-06, -1.16845e-06, -2.48212e-06, 
398, 48509, -150.669, 197.237, -110.434, 1.524e-06, -2.88294e-06, 7.861e-07, 
399, 43433.5, -73.34, -23.4016, -57.5666, 7.91367e-07, -3.31274e-06, 1.23284e-06, 
400, 31859.6, 32.5635, 159.828, -85.9776, -6.99068e-07, -2.7155e-06, 1.33994e-06, 
401, 15609.8, 39.0193, 26.3332, 165.218, -1.57639e-06, 7.01844e-07, -2.33782e-06, 
402, 31413.9, 177.516, -46.6213, 125.501, -2.91335e-06, 1.57476e-07, -2.29283e-06, 
403, 31953.2, -147.754, -32.7312, 3.99289, 2.8589e-06, -2.16575e-07, -1.00815e-06, 
404, 339036, -199.774, 117.616, 95.1347, 3.13849e-06, -3.41958e-07, -8.77905e-07, 
405, 58905.5, 68.674, 140.942, -32.013, -1.04377e-06, -3.08735e-06, -2.57021e-07, 
406, 7106.08, -138.261, -89.7353, 174.96, 1.87133e-06, 7.5891e-07, -2.43517e-06, 
407, 43829.3, -162.136, -156.699, -10.2749, 2.66515e-06, 2.23163e-06, 1.09543e-07, 
408, 43301.1, -13.087, -23.8822, -6.56657, -1.60491e-07, -5.59545e-07, 4.73879e-07, 
409, 5543.91, 123.322, -185.365, -19.2746, -1.87536e-06, 2.91026e-06, 1.69015e-07, 
410, 110957, -108.851, -148.031, 38.6268, -6.99105e-08, 3.5217e-07, -2.1055e-06, 
411, 119287, 60.3022, -67.3944, 198.214, -7.2313e-07, 5.73992e-07, -3.49425e-06, 
412, 111975, -171.034, -22.5778, -31.5689, 4.09886e-06, -1.45128e-06, -1.51655e-07, 
413, 57439.3, 118.515, -106.191, 12.0015, -4.61296e-06, 7.29205e-07, -9.63043e-07, 
414, 53425.8, 23.1022, 97.3701, -69.3036, 4.46899e-07, -1.65412e-06, 2.6638e-06, 
415, 244728, -103.758, 49.0098, 13.5517, 2.81969e-06, -1.29881e-06, -7.0813e-07, 
416, 124161, 84.2948, -55.7835, 105.172, -1.97992e-06, -3.08298e-07, -2.03616e-06, 
417, 79092.3, 84.4848, 197.503, 32.7767, -5.22761e-09, -3.20078e-06, -8.37871e-07, 
418, 20138, 184.203, 65.8676, -110.683, -2.77166e-06, -1.13572e-06, 2.35166e-06, 
419, 181426, 12.156, -138.535, -32.6522, 4.23255e-07, 2.73376e-06, 3.20019e-07, 
420, 14852.5, 191.77, 7.10309, 146.387, -3.04003e-06, 1.37864e-07, -1.03706e-06, 
421, 227594, -17.2269, -30.8302, -141.264, 1.05227e-06, -1.56585e-07, 2.80992e-06, 
422, 10725.5, -182.946, 10.2882, 154.372, 2.9172e-06, 3.47814e-06, -1.32132e-06, 
423, 50867, -179.026, -134.921, 98.9897, 2.48155e-06, 1.28443e-06, -9.53527e-07, 
424, 629262, 0.569954, -183.222, -57.8994, -6.62611e-07, 4.48073e-06, 8.01291e-07, 
425, 187316, -48.4967, 0.695294, -26.7121, 2.62244e-07, -6.00006e-07, 2.54659e-07, 
426, 2590.08, -74.0618, 120.847, -74.0919, 1.40515e-06, -1.81106e-06, 1.49947e-06, 
427, 71467.5, 8.66925, -4.15872, -46.5531, 9.13342e-07, -4.59089e-07, 1.72347e-07, 
428, 136259, -58.2923, 131.898, 69.5228, 4.2028e-07, -1.56517e-06, 8.3702e-07, 
429, 163046, -93.3132, 129.536, -150.355, 8.85257e-07, -1.67763e-06, 1.94425e-06, 
430, 82396, -145.809, 35.9329, 199.771, 1.62095e-06, 1.88956e-07, -4.93166e-06, 
431, 18727.3, 23.1794, -143.624, -62.5774, 2.31438e-07, 2.67979e-06, 2.36513e-06, 
432, 127456, 162.206, -104.046, -152.886, -2.19069e-06, 9.11686e-07, 1.46154e-06, 
433, 74686, -160.004, -111.851, 59.2422, 2.72199e-06, 1.20561e-06, -6.74477e-07, 
434, 11365.2, -51.7684, -17.5604, -131.503, 8.57743e-07, -5.94689e-07, 2.55175e-06, 
435, 120590, -40.4524, 189.466, 32.2025, 7.18498e-08, -2.93706e-06, -5.9931e-07, 
436, 153108, -101.747, 19.5636, 98.8267, 7.02137e-07, -7.95847e-07, -4.37688e-07, 
437, 203552, 36.7231, -13.5061, 3.22615, -3.63017e-07, -7.90892e-07, -7.04797e-07, 
438, 12568, 176.117, 82.4315, 30.8661, -3.35105e-06, -1.18666e-06, -6.61855e-07, 
439, 1177.46, -46.704, 30.9826, 175.434, 3.97787e-07, 7.69585e-08, -2.85719e-06, 
440, 52827.2, 44.2137, 99.6271, -48.311, -3.22659e-06, -2.35353e-06, 1.08527e-07, 
441, 139998, 130.354, 79.67, 115.752, -1.99905e-06, -7.18477e-07, -1.57533e-06, 
442, 163490, 93.4001, 163.74, -65.0182, 5.8755e-07, -1.83731e-06, 1.22695e-06, 
443, 47983, 86.4737, -19.8661, -108.661, -1.83065e-06, 4.85087e-07, 1.51083e-06, 
444, 17356.4, -164.374, -159.286, -96.3836, 1.97845e-06, 2.40644e-06, 9.16497e-07, 
445, 133499, 171.842, -170.841, 144.482, -1.94675e-06, 2.16056e-06, -1.52724e-06, 
446, 9404.96, 98.5564, 199.517, 86.2785, -6.30941e-07, -2.69636e-06, -9.73181e-07, 
447, 203481, -90.7446, 185.074, -62.8487, 7.6086e-07, -2.68537e-06, 1.09191e-06, 
448, 5163.22, -184.976, -173.594, 146.101, 2.62631e-06, 1.66153e-06, -8.59784e-07, 
449, 52069, -193.369, -159.158, -101.772, 2.54161e-06, 1.66869e-06, 1.63219e-06, 
450, 85643.3, 138.871, -103.041, -31.2986, -2.90008e-06, 1.37982e-06, 1.20108e-07, 
451, 113631, 92.5533, -83.8942, 21.5146, -2.48298e-06, 1.14422e-06, -4.01935e-07, 
452, 84567.7, 12.5965, -74.5386, 4.62286, -3.68137e-07, 7.62983e-07, -1.06112e-06, 
453, 71771.6, -171.686, -24.9322, 52.708, 2.88797e-06, -4.65869e-08, -5.82127e-07, 
454, 160611, -151.33, -104.862, -56.7719, 2.97699e-06, 2.10008e-06, 1.39088e-06, 
455, 77030, 31.4284, -157.228, -1.4508, -5.62179e-07, 3.08084e-06, 5.18754e-07, 
456, 10412.3, 173.743, -108.925, -43.0061, -3.12286e-06, 1.8167e-06, -1.0254e-06, 
457, 100075, -67.9689, 176.823, 99.7313, -1.92711e-07, -2.72377e-06, -6.27423e-07, 
458, 109762, 162.568, -71.6503, -89.9121, -2.86756e-06, 8.10371e-07, 8.87706e-07, 
459, 270475, 17.292, -99.0092, -84.4654, -2.52408e-08, 1.39992e-06, 2.25202e-06, 
460, 66556.4, 25.1465, -41.7575, 60.5295, -1.52545e-07, -9.86383e-07, -1.08604e-06, 
461, 225718, 9.56879, -36.4964, -158.676, -2.05585e-06, 1.0952e-06, 2.01074e-06, 
462, 71033.9, -7.75083, 22.686, -39.6774, 2.27562e-07, -1.24239e-06, 8.50396e-08, 
463, 295945, 181.37, 27.01, -89.595, -3.15709e-06, 1.342e-06, 1.29424e-06, 
464, 135277, 127.416, 140.264, -184.41, -1.44963e-06, -1.73979e-06, 2.16214e-06, 
465, 79140.1, -140.398, -29.9351, 155.991, 2.32459e-06, 6.43843e-07, -2.40725e-06, 
466, 64864.7, -41.4162, 119.396, 82.7393, -7.11976e-07, -1.18443e-06, -1.41049e-06, 
467, 122882, -37.6929, -158.919, 64.0124, 6.57648e-07, 2.23273e-06, -1.04904e-06, 
468, 70452.1, 117.198, -139.964, 157.318, -8.61516e-07, 2.06535e-06, -2.57533e-06, 
469, 183246, -192.691, 24.9653, 82.6026, 3.08609e-06, -1.64859e-07, -2.60314e-07, 
470, 4896.47, -178.685, 80.179, -128.743, 3.92596e-06, -5.10751e-07, 4.33428e-07, 
471, 145450, 183.334, -151.144, -68.7229, -2.80427e-06, 9.2273e-07, 6.64109e-08, 
472, 15586.8, 74.9588, -187.856, 109.059, -1.32672e-06, 2.94587e-06, -1.49877e-06, 
473, 8920.97, -114.701, -120.238, -141.931, 9.41807e-07, 8.92354e-07, 1.26356e-06, 
474, 293.246, -143.991, 176.05, -175.329, 1.14581e-06, -2.22418e-06, 2.29105e-06, 
475, 43856.9, -14.8783, 136.434, -63.0486, 5.59567e-07, -2.44887e-06, 8.58319e-07, 
476, 33160.3, 166.791, -164.676, -57.6951, -1.94402e-06, 2.06309e-06, -3.48221e-07, 
477, 152932, 136.528, 19.6007, -144.896, -1.79111e-06, -6.26951e-08, 1.91902e-06, 
478, 15694.7, -149.028, -29.567, -55.5984, 2.31255e-06, -1.10407e-06, 2.16902e-06, 
479, 64674.6, 106.971, -34.8115, -33.7924, -2.56524e-06, -8.23195e-08, 7.17281e-07, 
480, 97679.2, 83.1818, 50.2233, 2.86764, -1.2295e-06, -6.1402e-07, -5.12198e-07, 
481, 96715.6, -95.4687, 15.2323, 197.182, -2.47833e-08, 4.11666e-07, -4.06496e-06, 
482, 596473, 20.5542, 43.3068, 171.54, -7.0084e-07, -1.09062e-06, -2.45136e-06, 
483, 41978, 115.151, -149.256, -20.6119, -2.52819e-06, 2.81907e-06, 5.27893e-07, 
484, 22561.6, -76.8882, 95.6808, 168.049, -5.53751e-07, -1.87628e-06, 1.51664e-07, 
485, 245288, 28.0204, -115.026, 53.7519, -5.79894e-07, 1.89326e-06, -2.96419e-07, 
486, 566.853, 97.6669, -124.532, -141.949, -2.25851e-06, 6.63206e-07, 3.32828e-06, 
487, 103645, -193.644, -154.501, -82.6282, 2.6075e-06, 1.56632e-06, 5.73692e-07, 
488, 19573.1, 81.3983, 27.1002, -88.9256, -3.53261e-06, -1.43779e-06, 9.68997e-07, 
489, 67980.4, -49.0624, 58.6628, 181.812, 3.09468e-07, -1.24406e-06, -2.99415e-06, 
490, 66757.1, 13.2626, 183.073, -58.6099, -2.11389e-07, -3.39164e-06, -2.29791e-07, 
491, 126038, 67.8978, 198.693, -58.9929, 6.45107e-08, -3.30006e-06, 5.02305e-07, 
492, 19835.3, 169.771, -62.2654, 45.4941, -2.55353e-06, 3.7161e-07, -2.21243e-07, 
493, 23043.7, 20.5477, 94.7476, 76.266, 2.74439e-07, -1.84115e-06, -1.70948e-06, 
494, 71517.7, 16.4838, -166.858, 101.665, -1.394e-06, 3.21761e-06, 9.37521e-08, 
495, 92187.4, 161.198, 110.416, -18.5514, -2.98441e-06, -1.16594e-06, 1.2456e-07, 
496, 9534.43, 40.0599, 117.16, 0.605882, -4.00777e-07, -2.11109e-06, -3.62609e-07, 
497, 42526.3, -43.7856, 98.7113, 2.06074, 1.77592e-07, -2.02011e-06, -1.55594e-07, 
498, 124531, 47.7318, 187.695, -138.498, -1.94301e-07, -2.65325e-06, 1.69414e-06, 
499, 34659.1, -195.095, -139.525, 89.8554, 3.01276e-06, 1.38096e-06, -5.16668e-07, 
500, 282035, -60.8151, -163.398, 21.2655, 6.77503e-07, 2.70944e-06, 1.61583e-07, 
501, 36610.1, 71.154, 35.2986, -169.013, -5.34131e-07, -3.18143e-07, 3.14268e-06, 
502, 8588.22, -191.704, 189.579, -60.235, 2.34274e-06, -2.16577e-06, 6.0082e-07, 
503, 62469, -93.9493, -153.508, -90.0414, 1.04921e-06, 2.12285e-06, 1.64674e-06, 
504, 221780, 89.1517, -50.2977, 154.002, -6.4671e-07, -5.4098e-07, -8.40396e-07, 
505, 39054.3, 156.786, 81.1885, -150.869, -1.39041e-06, -1.0106e-06, 2.18908e-06, 
506, 39152.9, -49.4508, -57.1842, 174.658, -3.24041e-07, -9.53405e-07, -3.96732e-06, 
507, 3992.61, -3.34251, 137.194, -99.8912, 2.39566e-07, -1.73415e-06, 1.57785e-06, 
508, 21948.4, 173.229, 100.556, -146.801, -7.89989e-07, -2.15866e-06, 7.39163e-07, 
509, 159553, 84.4958, -59.1827, 170.553, 6.95526e-07, 1.55049e-06, -4.54089e-06, 
510, 55235.2, -133.027, 152.619, -101.167, 1.12415e-06, -1.69496e-06, 1.1854e-06, 
511, 13625.1, -15.6327, -134.495, -171.548, -6.09757e-07, 2.41435e-06, 2.60447e-06, 
512, 5539.38, -41.6539, -98.2369, -192.897, 7.67276e-07, -6.44876e-07, 4.40556e-06, 
513, 79242.6, 101.076, -18.9782, 144.475, -1.8114e-06, -3.50278e-07, -2.00427e-06, 
514, 40200.3, 72.7591, 136.832, -122.015, -6.01147e-07, -1.81941e-06, 1.81392e-06, 
515, 56091.2, -20.388, -176.26, -41.3753, 2.22821e-06, 3.18592e-06, -7.02522e-07, 
516, 219434, -163.691, 172.867, -19.155, 3.26182e-06, -3.74733e-06, -1.35343e-07, 
517, 49778.1, -58.9434, -110.275, 56.9104, 1.2247e-06, -4.60612e-06, -2.70901e-06, 
518, 155818, -156.582, 119.889, 74.6103, 1.24417e-06, -9.21733e-07, -1.47614e-06, 
519, 181536, -195.652, 155.963, 82.7004, 3.11839e-06, -1.99484e-06, -9.17982e-07, 
520, 122232, -99.4406, 185.87, -177.81, 4.61993e-07, -2.10929e-06, 2.02782e-06, 
521, 5919.25, 17.0385, 168.855, -53.5018, -8.90664e-08, -2.81901e-06, -1.19259e-07, 
522, 165231, -135.92, 85.2593, 15.8719, 2.51868e-06, -1.04183e-06, -1.02242e-06, 
523, 129757, 146.356, -53.5838, 90.2133, -1.20372e-06, 2.91329e-07, -5.50043e-07, 
524, 193262, 132.989, 161.629, -132.503, -1.70278e-06, -2.20144e-06, 1.86229e-06, 
525, 17675.3, 192.459, -182.047, 11.6834, -2.56254e-06, 1.51889e-06, 1.3439e-07, 
526, 19192.8, -174.877, -7.0148, -141.769, 3.22905e-06, 2.78827e-08, 2.24029e-06, 
527, 161107, 112.781, 142.466, -120.004, -8.74416e-07, -1.72046e-06, 1.75435e-06, 
528, 102013, -182.691, -100.929, 76.1737, 3.00502e-06, 9.86848e-07, -7.78556e-07, 
529, 51479.7, -124.582, -195.94, 38.1447, 3.1598e-06, 3.83956e-06, 3.95592e-07, 
530, 358339, 119.089, 152.495, 47.0506, -1.68203e-06, -1.89703e-06, -1.70294e-06, 
531, 163371, 198.5, -168.393, -132.545, -2.21291e-06, 1.48967e-06, 1.38788e-06, 
532, 86964.7, 66.2172, -163.324, 28.0704, -2.1283e-06, 3.30426e-06, -5.62724e-07, 
533, 136552, 74.3972, -100.59, 95.369, -2.31049e-06, 2.34975e-06, -1.96866e-06, 
534, 49261.3, -6.6151, -120.382, -196.082, -6.21291e-07, 1.4029e-06, 3.38552e-06, 
535, 10379.4, 59.8292, -43.452, -18.8557, -2.98237e-06, 2.50479e-06, 3.27091e-06, 
536, 112653, 6.01234, -114.938, 69.9518, 1.36355e-06, 2.00595e-06, -3.75222e-07, 
537, 34767.8, 147.385, -116.076, 48.7395, -2.6988e-06, 1.45692e-06, -6.10317e-07, 
538, 84308.5, -98.1864, -64.3455, 176.195, 8.78509e-07, -2.0903e-06, -4.41243e-06, 
539, 133311, -11.4798, -34.5799, -94.7622, 7.56278e-08, 7.30498e-07, 1.12823e-06, 
540, 143011, -134.265, -113.463, -158.288, 3.46202e-06, 1.87872e-06, -4.29325e-07, 
541, 221059, 63.2469, 36.6259, -127.965, -7.0161e-07, -1.0795e-06, 2.78979e-06, 
542, 112248, 100.954, 122.016, -4.69528, -1.66378e-07, -2.20813e-06, -1.18404e-06, 
543, 232220, 42.1546, -144.73, -51.1601, -1.07732e-06, 3.30233e-06, 1.0266e-06, 
544, 41824.6, -144.865, -45.0146, 71.2945, 2.51318e-06, 6.38433e-07, -4.41355e-07, 
545, 9051.27, 60.4935, 126.011, 186.291, -6.49906e-07, -9.83291e-07, -2.3672e-06, 
546, 4181.95, -60.9149, 16.8505, -190.115, 5.03073e-07, -5.67445e-07, 3.16213e-06, 
547, 5689.96, 112.037, 119.532, -145.413, -7.77785e-07, -1.2836e-06, 2.53014e-06, 
548, 37988.7, 123.116, 68.084, -156.147, -1.33372e-06, -1.47436e-06, 2.48765e-06, 
549, 11827.9, -128.703, -32.7146, 99.4147, 3.50565e-06, -8.15484e-07, 1.3062e-06, 
550, 13603.7, -30.8253, -94.7271, -44.9377, 2.01021e-06, 1.81974e-06, 2.06152e-06, 
551, 123147, -59.5541, -198.215, -171.041, 6.44277e-07, 2.51938e-06, 2.56667e-06, 
552, 4982.17, -136.023, 160.583, -96.2981, 1.60607e-06, -3.15466e-06, 2.83247e-07, 
553, 62084.1, -7.88231, -74.2499, -118.874, 1.85185e-07, 1.39744e-06, 2.50788e-06, 
554, 136227, -87.9077, 171.045, 18.3474, -2.13843e-07, -1.87013e-06, -2.42381e-07, 
555, 146267, -87.0174, 42.9425, 32.3487, 9.7058e-07, -9.39598e-07, -2.16797e-06, 
556, 104073, -115.168, 37.3359, 63.2613, 1.86372e-06, -7.78392e-07, -1.01773e-06, 
557, 49922.2, -168.848, 180.983, -51.5405, 2.34097e-06, -2.84588e-06, 1.27648e-06, 
558, 11218.2, -96.8001, -22.0418, 24.5015, 2.28676e-06, 1.23374e-07, -1.52202e-06, 
559, 15076.1, -196.049, -166.178, 184.212, 2.07285e-06, 9.91442e-07, -1.54547e-06, 
560, 441454, 86.0011, -134.68, -124.47, -1.14784e-06, 1.65585e-06, 2.14765e-06, 
561, 96218.3, -149.635, 71.0753, 189.613, 1.7448e-06, -2.79154e-06, -3.99319e-06, 
562, 21164, 98.1461, 31.6862, -158.57, -7.52471e-07, -4.14935e-07, 2.45576e-06, 
563, 3242.24, -38.1636, -110.778, 183.717, -1.49282e-07, 1.21171e-06, -3.49335e-06, 
564, 9565.01, 168.012, -184.595, 10.0849, -1.71245e-06, 1.78536e-06, 4.41868e-07, 
565, 104105, 119.075, -19.7453, 187.166, -1.71735e-06, 1.1209e-07, -3.13333e-06, 
566, 95542.6, -144.542, 160.864, -140.422, 1.69562e-06, -1.57352e-06, 1.81979e-06, 
567, 92618.2, 87.0483, -61.1975, -43.9138, -2.2988e-06, 3.01435e-07, 1.14135e-06, 
568, 5524.72, 141.188, -21.974, 142.6, -2.57812e-06, 9.18848e-08, -1.85575e-06, 
569, 142324, 62.3856, -76.8774, -12.9606, -1.65183e-06, 9.47094e-07, 4.13399e-07, 
570, 170662, -120.551, -142.76, -148.403, 1.52552e-06, 1.87039e-06, 1.6373e-06, 
571, 41957, 2.80448, -15.8466, -38.5499, 5.9353e-07, 4.79863e-07, 1.00185e-08, 
572, 59069.1, -112.345, 107.436, 181.693, 7.76178e-07, -2.08514e-06, -2.73248e-06, 
573, 240617, 63.4496, -135.824, -74.9549, -1.39629e-06, 2.636e-06, 1.94776e-06, 
574, 31754.4, 155.824, 105.641, 119.596, -2.34023e-06, -1.31258e-06, -1.21498e-06, 
575, 832.83, 15.7875, 71.952, 19.7868, 3.1725e-08, -1.07079e-06, -5.69921e-07, 
576, 294723, -87.0445, -29.7111, -5.35837, 2.20171e-06, 3.50826e-07, -6.15096e-07, 
577, 19890.8, 79.9299, -123.41, -65.5692, -3.14876e-06, 2.05378e-06, 1.43886e-06, 
578, 5533.87, 69.8739, -46.2371, 116.252, -1.02961e-06, -8.23521e-07, -2.39039e-06, 
579, 11394.9, -31.6764, -121.737, -193.763, -8.67268e-07, 3.14933e-06, 5.43979e-06, 
580, 10624.9, -185.173, -42.1756, -20.5236, 4.63195e-06, 1.50215e-07, -6.89719e-07, 
581, 146958, -13.6428, -187.273, 21.5004, 5.29245e-07, 3.85371e-06, -2.1755e-08, 
582, 187133, 3.68398, -76.5412, -13.3018, 2.02489e-07, 8.75235e-07, 4.8364e-07, 
583, 1532.31, 138.696, -123.801, 67.6345, -2.3849e-06, 1.79671e-06, -1.17331e-06, 
584, 121842, 45.3254, 116.698, 55.3306, -5.22549e-07, -2.26891e-06, -1.0235e-06, 
585, 154592, 29.8906, -177.95, -12.316, -7.80499e-07, 4.07979e-06, 6.64604e-07, 
586, 121918, -93.0619, 142.684, -96.6875, 7.24881e-07, -2.03159e-06, 1.36717e-06, 
587, 21916.2, 110.835, -107.445, -63.0609, -2.52537e-06, 1.38631e-06, 1.07534e-06, 
588, 158519, -102.79, -165.819, 87.7868, 1.61175e-06, 1.92729e-06, -1.24398e-06, 
589, 76148, -46.1114, -122.328, -11.5313, 1.72946e-06, 2.87417e-06, 1.2673e-06, 
590, 116371, 104.931, 45.8283, 186.896, -1.12846e-06, -9.38133e-07, -3.06914e-06, 
591, 57625.4, 37.1816, 181.662, 53.2589, -3.36827e-07, -2.93959e-06, -9.07707e-07, 
592, 182659, 98.8012, -55.6517, 166.715, -3.72046e-06, 6.85783e-07, -4.05e-06, 
593, 90697.4, -152.589, -117.735, 151.318, 2.46605e-06, 1.33654e-06, -1.7602e-06, 
594, 130585, 66.2542, 145.05, 91.9756, -5.41266e-07, -2.18611e-06, -1.398e-06, 
595, 139866, 93.171, 94.5676, 99.4018, -4.64362e-07, -1.56217e-06, -1.74213e-06, 
596, 21514.4, -75.0254, 98.0003, 136.879, 3.15839e-07, -1.66397e-06, -1.50676e-06, 
597, 122911, -124.294, 142.098, 107.903, 7.08854e-07, -1.53487e-06, -1.73241e-06, 
598, 145554, 152.035, -88.697, 117.789, -2.22358e-06, 9.94599e-07, -1.4721e-06, 
599, 65367.6, -19.7968, 24.664, 124.01, 4.83034e-07, -7.85764e-07, -2.10147e-06, 
600, 1479.3, -147.697, 103.79, 188.754, 1.51069e-06, -2.01047e-06, -3.64265e-06, 
601, 26683.6, 98.5261, -174.668, 138.78, -1.30903e-06, 2.54528e-06, -1.53579e-06, 
602, 107554, 61.7234, -14.9034, 168.762, -8.33387e-07, -2.01026e-07, -2.95275e-06, 
603, 326046, -2.95696, -71.8426, 60.1333, 5.58508e-07, 1.87068e-07, -1.04688e-06, 
604, 25961.3, -194.667, -195.896, -79.2881, 2.04265e-06, 2.26855e-06, 4.2443e-07, 
605, 46401, -116.061, -184.698, 189.995, 8.89009e-06, 2.66382e-06, 2.2628e-06, 
606, 76689.5, 198.298, -30.1613, -197.841, -2.79362e-06, 1.40354e-07, 2.17368e-06, 
607, 116635, -105.564, 133.544, 19.0293, 6.70332e-07, -1.63587e-06, -7.29078e-07, 
608, 33920.9, 121.992, 43.631, -20.8753, -2.00887e-06, -4.52974e-07, 4.36889e-08, 
609, 341078, -15.5042, -125.287, 106.756, 7.3965e-07, 2.1067e-06, -1.6327e-06, 
610, 208124, -199.864, -154.239, -39.8335, 2.6736e-06, 1.75124e-06, 1.44883e-07, 
611, 4431.47, -154.852, 97.5762, 51.1462, 2.17837e-06, -2.51056e-07, -4.27826e-07, 
612, 44936.8, 117.016, 175.571, 104.466, -5.7928e-07, -2.15048e-06, -7.88624e-07, 
613, 34887.6, -94.9705, 113.287, 166.537, 5.53725e-07, -2.26053e-06, -1.77193e-06, 
614, 25431.5, 118.147, 123.281, 143.439, -7.15645e-07, -1.32842e-06, -1.5637e-06, 
615, 114623, 99.5221, -150.886, 195.687, -1.56432e-06, 1.4255e-06, -2.46266e-06, 
616, 219172, 134.585, 183.514, -53.6888, -4.19561e-06, -4.51927e-06, 6.41927e-07, 
617, 147593, 50.8537, 174.327, 163.129, -5.97366e-07, -1.93848e-06, -1.06971e-06, 
618, 180432, -4.27596, -33.1142, -180.846, 7.45282e-07, 1.02967e-07, 5.06073e-06, 
619, 608700, 63.8766, -104.223, -47.4069, -1.77539e-06, 1.31463e-06, 1.00501e-06, 
620, 361911, -56.8886, -46.217, -44.4099, 3.57351e-07, 9.05869e-07, 4.74055e-07, 
621, 43022.6, 119.49, 81.6543, 169.356, -1.02972e-06, -1.26862e-06, -2.40293e-06, 
622, 223647, 113.868, 194.559, 25.6208, -1.21805e-06, -3.30003e-06, -7.725e-07, 
623, 485477, 7.93652, -167.306, 122.586, -3.23587e-07, 3.21768e-06, -2.20155e-06, 
624, 42784.7, -38.3379, 186.623, 121.842, -8.97238e-08, -2.75642e-06, -1.47055e-06, 
625, 23943.3, 157.662, -152.054, -80.0007, -1.96776e-06, 1.39269e-06, 4.62951e-07, 
626, 42977.5, -64.5491, -65.7136, 179.712, 2.9949e-07, -3.28949e-07, -4.17601e-06, 
627, 386088, 26.5101, 17.8061, -69.4468, 2.08859e-07, -1.1931e-06, 2.7885e-06, 
628, 66307, 3.01355, -133.063, 150.431, -7.32282e-07, 2.58328e-06, -2.6445e-06, 
629, 30993, -162.861, -26.9439, -75.5856, 3.08421e-06, -2.02953e-07, 1.49045e-06, 
630, 13315.1, 65.9381, 158.232, 62.7458, -4.88233e-07, -2.41466e-06, -9.5426e-07, 
631, 168930, -32.9068, -168.955, 4.67237, 5.34513e-07, 3.12298e-06, 5.77506e-07, 
632, 119775, 47.1805, -65.6604, 63.0834, -6.62176e-07, -4.1508e-07, -3.59967e-08, 
633, 108337, -97.1505, -34.4805, -43.0466, 2.59565e-06, -2.38723e-07, 6.44078e-07, 
634, 62095.7, -181.574, 2.12281, 30.2358, 3.14165e-06, -1.88399e-07, -2.59031e-07, 
635, 38953.7, -152.412, -144.979, 140.411, 1.26251e-06, 1.38388e-06, -1.3408e-06, 
636, 215026, 149.646, 174.996, 124.963, -2.19773e-06, -2.27539e-06, -3.1392e-07, 
637, 28636, -133.237, -33.3525, -84.8614, 2.16869e-06, 1.96921e-07, 1.77153e-06, 
638, 231176, -104.252, 30.4546, 152.092, -6.50052e-06, -2.74609e-06, -3.13682e-06, 
639, 43929.9, 135.318, 126.962, 188.447, -1.2609e-06, -7.78541e-07, -2.43858e-06, 
640, 339426, 124.209, 53.6753, -122.424, -1.41317e-06, -9.66499e-07, 1.56739e-06, 
641, 63430.3, -189.3, 130.039, 115.553, 2.0628e-06, -1.76703e-06, -2.44923e-06, 
642, 95702.9, -124.241, 4.61526, -84.5438, 1.84754e-06, -3.88219e-07, 1.37338e-06, 
643, 24882.3, 189.522, 86.6119, -18.9741, -3.16105e-06, -8.95996e-07, -1.46775e-07, 
644, 150701, -169.821, -150.628, 140.561, 2.56235e-06, 1.50945e-06, -1.25273e-06, 
645, 104465, -130.995, -90.9661, -44.8999, 2.34845e-06, 1.93967e-06, 3.00622e-06, 
646, 88056.8, -138.336, 22.7191, -124.721, 2.14392e-06, -6.00741e-07, 1.05156e-07, 
647, 9037.18, 27.489, 7.10634, -45.4213, 5.31849e-07, -1.51483e-06, -2.30242e-06, 
648, 19405.2, 147.614, 132.445, -149.335, -1.92136e-06, -1.61344e-06, 2.04287e-06, 
649, 95122, 115.237, 51.3467, -174.444, -1.13866e-06, -1.73237e-06, 2.13711e-06, 
650, 34909.9, 116.233, 133.29, -102.811, -1.47608e-06, -1.07136e-06, 7.66319e-07, 
651, 131637, -137.619, 178.113, 103.956, 3.61555e-07, -6.94811e-07, -1.56825e-06, 
652, 27881.3, -109.339, -50.0086, -179.237, 2.82234e-06, 4.15601e-07, 2.90407e-06, 
653, 107512, 34.8266, -9.94521, 178.063, -2.29327e-07, 5.03282e-08, -3.13674e-06, 
654, 381988, -137.468, 24.4902, -143.954, 1.63322e-06, -6.6591e-07, 3.03703e-06, 
655, 191441, -84.0722, 71.9055, -134.188, 1.17877e-06, -3.78778e-07, 2.22152e-06, 
656, 58657.7, 156.284, -138.212, -187.798, -1.15588e-06, 2.86489e-06, 1.67971e-06, 
657, 90260, 16.1968, 162.436, -104.471, -2.98346e-07, -2.40516e-06, 1.91302e-06, 
658, 153522, 79.7311, -137.379, 6.07204, 2.77462e-06, 2.05174e-06, -9.66729e-07, 
659, 59599.4, -55.0156, -47.2429, -199.249, 4.34261e-07, 2.90872e-07, 3.47567e-06, 
660, 41574.6, 51.5851, -98.4407, 63.3322, -1.7933e-06, 1.89648e-06, -4.21359e-07, 
661, 21616, -174.504, -40.1603, 47.35, 2.87542e-06, 4.11475e-07, -5.65034e-07, 
662, 33628.2, -169.767, -128.194, -143.024, 2.36211e-06, 1.14956e-06, 1.66028e-06, 
663, 188071, 52.917, 83.3387, -197.96, -6.28861e-07, -1.07486e-06, 3.33528e-06, 
664, 194353, 38.2394, -157.433, -129.454, -4.7005e-07, 2.36076e-06, 1.92855e-06, 
665, 306292, 140.606, -139.945, -111.563, -2.21176e-06, 1.45942e-06, 1.528e-06, 
666, 198935, 163.596, -94.3146, 1.55914, -3.18478e-06, 1.15982e-06, -2.41197e-11, 
667, 7008.36, -25.0581, -151.728, 101.655, 1.1556e-06, 3.12747e-06, -1.3958e-06, 
668, 110159, -64.1919, -18.829, -0.0537263, 6.74137e-07, 4.61003e-09, -9.46384e-07, 
669, 286320, -149.166, 150.74, -32.1943, 1.47279e-06, -1.69968e-06, 1.51525e-06, 
670, 89063.1, 70.2312, 111.706, -70.5633, -5.71104e-07, -1.45837e-06, 1.04693e-06, 
671, 311005, 171.671, -44.571, -188.323, -1.9471e-06, 7.25701e-07, 2.12287e-06, 
672, 86879.1, -106.447, 12.9009, 164.119, -4.59406e-07, 3.0909e-06, -4.17737e-06, 
673, 153917, -96.9544, -173.789, -152.965, 1.11599e-06, 2.30637e-06, 1.95268e-06, 
674, 86424.9, -88.5093, 147.971, -18.8419, 6.40708e-07, -2.00248e-06, 5.55491e-07, 
675, 41153.2, -69.5395, -73.0228, -177.427, 8.65936e-07, 8.96159e-07, 3.0735e-06, 
676, 220501, -114.808, 33.3547, 164.623, 1.51366e-06, -2.52828e-07, -4.51539e-06, 
677, 87530, 92.9699, -190.07, -69.9462, -1.23282e-06, 3.35196e-06, 5.31264e-07, 
678, 81575.1, 83.9634, -72.0842, 79.4436, -2.60066e-06, 3.36881e-07, -1.95089e-06, 
679, 28022.4, -131.604, 119.785, -36.4499, 1.37319e-06, 3.53539e-06, 2.18426e-06, 
680, 100742, 137.973, 195.67, 108.169, -1.03613e-06, -2.80713e-06, -4.62633e-07, 
681, 66692, -64.2013, -53.3589, 35.3492, 1.97977e-06, 1.90544e-07, -1.33712e-06, 
682, 5909.24, 181.235, -139.28, 78.566, -2.74305e-06, 1.6616e-06, -9.26138e-07, 
683, 49641.2, -35.941, -181.654, -192.117, -4.43079e-09, 1.83422e-06, 2.8206e-06, 
684, 62051.8, 132.448, -32.5381, -188.427, -1.0676e-06, 6.88327e-07, 2.64925e-06, 
685, 47307.5, -61.0721, -53.247, 76.7624, 4.17671e-07, -2.20377e-08, -9.36742e-07, 
686, 203885, -11.7476, 124.112, -9.1241, 5.75909e-08, -2.15922e-06, -9.88366e-08, 
687, 73844.7, 64.1063, -146.354, 115.801, -1.62629e-06, 2.69348e-06, -1.9124e-06, 
688, 68683.7, 124.568, 184.072, -1.61174, -1.35548e-06, -3.13247e-06, -8.57833e-07, 
689, 98174.6, 164.852, -92.3012, 130.398, -3.29789e-06, 1.17996e-06, -2.63341e-06, 
690, 606551, -158.351, -47.6202, -38.1084, 3.38799e-06, 1.47697e-07, 4.72426e-07, 
691, 35409.2, -74.8563, 84.329, -50.5892, 9.8433e-07, -1.3767e-06, 1.12727e-06, 
692, 34778.4, -163.526, -171.723, 67.4079, 2.89379e-06, 2.08765e-06, -7.73171e-07, 
693, 24258.8, -78.0364, 126.121, 198.996, 4.26175e-07, -2.04201e-06, -2.75306e-06, 
694, 42400.4, -138.807, -131.854, -62.2363, 2.24242e-06, 2.28894e-06, 1.15608e-06, 
695, 261026, 118.062, -184.558, -113.474, -1.43663e-06, 2.90369e-06, 1.33971e-06, 
696, 184042, 180.93, 192.151, -87.5766, -2.31285e-06, -2.16681e-06, 1.17007e-06, 
697, 8713.99, -188.695, 148.223, -113.722, 2.54729e-06, -1.34012e-06, 6.57996e-07, 
698, 64355.9, -148.012, -94.3418, 177.519, 2.71103e-06, 1.21037e-06, -2.58863e-06, 
699, 50767.1, 144.952, 111.053, -197.592, -1.35963e-06, -9.2881e-07, 2.54043e-06, 
700, 34796.3, 81.8535, 32.7488, 61.2746, -1.38836e-06, -6.85584e-07, -8.43319e-07, 
701, 265134, 163.892, -51.2053, 97.1884, -3.41322e-06, 2.10604e-08, -1.54712e-06, 
702, 91158.3, -132.353, 125.483, -32.5389, 1.8329e-06, -1.41197e-06, -1.558e-06, 
703, 56768.5, -97.1318, 44.7151, -167.851, 8.33531e-07, -6.07458e-07, 2.97941e-06, 
704, 77656.2, 177.359, 199.519, -56.1843, -2.3877e-06, -2.72663e-06, 2.26702e-07, 
705, 1398.8, -133.11, -100.649, -124.036, 1.92476e-06, 1.10609e-06, 1.79432e-06, 
706, 16890.9, -191.56, 167.274, 140.373, 2.07443e-06, -1.67025e-06, -1.6598e-06, 
707, 46509.2, 57.4985, 87.721, 50.7667, -1.34353e-06, -1.36058e-06, -6.31059e-07, 
708, 1448.03, -29.7943, 167.772, 9.67096, 7.66587e-08, -2.43527e-06, -1.59071e-07, 
709, 55359.3, 198.147, -113.215, -102.799, -2.80972e-06, 8.25099e-07, 9.14303e-07, 
710, 40378.9, -151.054, 149.7, -97.32, 2.12142e-06, -1.53056e-06, 9.9045e-07, 
711, 17485.5, -110.051, 189.663, -95.3801, 7.08191e-07, -2.88106e-06, 1.11935e-06, 
712, 100093, 42.4953, -136.242, 47.6713, -1.55654e-06, 2.84468e-06, -1.04188e-06, 
713, 2269.64, -196.49, 105.757, 75.9879, 2.8455e-06, 3.08326e-07, 5.91867e-07, 
714, 45337.5, -175.167, 45.1399, 197.981, 3.04853e-06, -6.28124e-07, -4.03398e-06, 
715, 113270, 101.386, -34.5668, 11.0773, -5.4748e-07, -6.54135e-06, 8.89228e-07, 
716, 126796, 95.8333, 12.549, -49.9315, -2.17604e-06, -4.91997e-07, 3.27459e-07, 
717, 46490.6, -149.535, -85.3992, -105.663, 1.98282e-06, 1.26474e-06, 1.92727e-06, 
718, 60307.3, -10.6027, 162.395, -103.061, 3.60358e-07, -2.35091e-06, 1.52026e-06, 
719, 42562.8, -44.6773, 193.27, -56.4249, 1.36047e-07, -3.04053e-06, 6.41203e-07, 
720, 15117.9, 37.9282, -86.842, -64.8952, -5.68189e-07, 4.07516e-07, 1.71236e-06, 
721, 235810, 126.073, 161.704, -59.7405, -1.80532e-06, 5.86877e-07, 1.64259e-06, 
722, 28791.6, -106.334, 186.757, -47.5227, 1.43399e-06, -3.19586e-06, 2.68407e-07, 
723, 34422.8, 67.7582, -27.7791, 15.9388, -1.44626e-06, -9.08436e-07, -1.91771e-07, 
724, 193170, 85.4931, 197.252, 183.983, -6.15071e-07, -2.04881e-06, -1.70123e-06, 
725, 49639.1, 192.261, -55.929, 35.7102, -3.39096e-06, 9.90023e-08, 9.27258e-08, 
726, 48031.2, 192.128, 60.8505, 90.0577, -3.04602e-06, 2.47598e-06, -5.07966e-06, 
727, 102707, -162.063, -70.5266, -69.7392, 3.03147e-06, 9.7507e-07, 1.74166e-06, 
728, 232689, -100.73, -15.4166, -170.115, 1.40528e-06, -6.01077e-07, 3.05525e-06, 
729, 140219, 35.3836, 131.839, -75.7854, -4.6458e-07, -2.03929e-06, 1.57448e-06, 
730, 64165.5, 173.764, -104.852, -51.8314, -3.09171e-06, 9.37828e-07, 6.91323e-07, 
731, 7539.86, 88.211, 168.036, 67.3772, -5.71524e-07, -2.6185e-06, -1.3315e-06, 
732, 51729.2, 158.958, 38.3635, 135.306, -2.33657e-06, -4.68126e-07, -1.48496e-06, 
733, 18592.8, -178.939, -10.1702, -108.246, 3.71256e-06, -7.35116e-08, 1.13314e-06, 
734, 103976, -149.513, 161.404, -20.7466, 8.58486e-07, -3.50571e-06, -1.69809e-06, 
735, 23773, 83.144, 30.7402, 193.235, -7.63471e-07, -4.33797e-07, -3.39368e-06, 
736, 951.999, 141.894, -195.167, -54.1067, -1.55508e-06, 2.79821e-06, 1.18455e-07, 
737, 111255, -115.401, -149.608, -48.6979, 1.71212e-06, 2.25484e-06, 4.22019e-07, 
738, 87390.1, -6.60249, -148.892, 181.384, -2.87468e-07, 2.28144e-06, -3.07208e-06, 
739, 7995.67, -94.8858, 68.694, -146.39, 2.13523e-06, -4.12949e-07, 3.74306e-06, 
740, 108827, 176.783, 33.9822, -48.6625, -2.67266e-06, -1.58098e-07, -5.3403e-07, 
741, 32920.9, -18.7299, 89.2275, 178.963, -5.26623e-08, -1.685e-06, -2.56657e-06, 
742, 106813, -65.6398, 174.554, 115.281, 2.09644e-08, -2.31631e-06, -2.5504e-06, 
743, 134315, -57.01, 123.465, -62.1466, 5.80455e-07, -2.31247e-06, 9.46108e-07, 
744, 20269.4, 115.57, 106.098, 83.4002, -2.56378e-06, -1.14634e-06, -7.66329e-07, 
745, 113759, 158.445, -141.156, 55.0054, -2.56913e-06, 1.90028e-06, -5.92323e-07, 
746, 27262.9, 60.2164, 99.8734, 0.0965408, -6.62453e-07, -1.62653e-06, -3.61604e-07, 
747, 157547, -171.809, 88.7137, -139.214, 2.36882e-06, -9.4205e-07, 2.08611e-06, 
748, 29487.8, 65.8083, 145.864, 181.221, -7.24676e-07, -1.14165e-06, -2.18593e-06, 
749, 22996.7, -109.177, 121.959, -123.848, 1.24805e-06, -1.47828e-06, 1.55745e-06, 
750, 312477, -60.8052, -86.9373, -85.0714, 8.10039e-07, 1.62102e-06, 1.3922e-06, 
751, 2538.16, 63.5575, 47.8346, -72.16, -2.08863e-06, -2.07035e-06, 1.57759e-07, 
752, 30431, -64.0765, -198.54, 176.459, 2.00454e-07, 3.03609e-06, -1.9551e-06, 
753, 3440.05, -184.495, 29.5142, -158.118, 2.96985e-06, -5.92828e-07, 2.56179e-06, 
754, 96081.7, -187.668, -43.3124, -188.776, 2.03906e-06, 2.89522e-07, 2.32162e-06, 
755, 150212, 188.912, 75.1782, 183.826, -2.10456e-06, -7.08174e-07, -1.8915e-06, 
756, 5705.73, 193.73, 89.2851, -106.628, -3.19247e-06, -1.45939e-06, 1.93211e-06, 
757, 32897.4, 156.375, -163.377, -45.1958, -1.90388e-06, 2.1025e-06, -3.97236e-07, 
758, 44178.3, -134.652, 160.891, -43.8383, 2.95012e-07, -3.68437e-06, 2.0426e-06, 
759, 84244.4, -83.5312, 167.217, 172.812, 4.38939e-07, -2.14764e-06, -2.08008e-06, 
760, 25851.9, 156.961, -171.555, -78.3656, -1.12133e-06, 2.39003e-06, 2.34032e-07, 
761, 61375.6, -91.2991, -81.818, 125.342, 1.52523e-06, 1.1176e-06, -6.92408e-07, 
762, 38965.4, -199.121, 156.723, 41.2068, 3.36135e-06, -1.2681e-06, 1.24398e-07, 
763, 42271.5, 70.7447, -180.747, 196.845, 2.45663e-06, 2.85474e-06, -4.28387e-06, 
764, 70982.6, -67.3297, -198.664, -155.765, 1.40034e-06, 2.70126e-06, 8.51583e-07, 
765, 23119.9, -178.056, -24.2694, 150.789, 3.15093e-06, 7.36611e-07, -1.69517e-06, 
766, 42026.9, -133.6, -180.628, 123.152, 1.78724e-06, 2.24986e-06, -1.14802e-06, 
767, 525.463, 63.1306, -141.395, -148.13, -2.25572e-07, 2.12497e-06, 2.56637e-06, 
768, 341594, -112.711, 26.338, 146.538, 3.04026e-06, 1.27983e-06, 2.07402e-06, 
769, 52627.9, 7.0211, 36.8549, 186.131, 3.62058e-07, -6.22012e-09, -4.13553e-06, 
770, 83832.7, 41.2803, -182.579, 37.5983, -4.0328e-06, 3.68789e-06, -1.36912e-06, 
771, 27700.4, 61.6764, -22.8488, 139.763, -6.37261e-07, -3.23065e-07, -2.06648e-06, 
772, 213636, -159.253, 71.3165, -9.9279, 3.27946e-06, -5.92134e-07, 7.23602e-08, 
773, 114811, -158.309, -196.305, -113.937, 1.76216e-06, 2.40207e-06, 1.2266e-06, 
774, 57610.9, -169.223, -37.5543, 134.109, 3.58074e-06, 4.82031e-07, -1.2684e-06, 
775, 287488, 109.643, 182.689, -182.681, -7.6295e-07, -1.97818e-06, 2.02588e-06, 
776, 138113, -197.533, 197.726, -97.0337, 1.9654e-06, -1.96689e-06, 6.5837e-07, 
777, 106501, -141.456, -192.17, 153.111, 1.47448e-06, 2.36428e-06, -1.12936e-06, 
778, 41453.3, -127.889, 150.714, 165.839, 9.681e-07, -2.16766e-06, -2.13268e-06, 
779, 126834, 171.215, 36.3889, -84.7305, 3.21525e-07, -1.37497e-06, -2.21955e-08, 
780, 303723, -125.705, -151.287, 36.9506, 3.33984e-06, -1.94241e-06, 2.41915e-07, 
781, 116613, 193.865, -192.295, -62.1255, -2.59603e-06, 1.18169e-06, -1.18388e-06, 
782, 199184, -81.0126, -140.289, 164.747, 1.85939e-06, 1.82418e-06, -1.18525e-06, 
783, 136497, 193.646, -101.985, 186.279, -1.95447e-06, 6.38671e-07, -1.77648e-06, 
784, 4876.38, -81.9544, 85.3788, -180.209, 7.93218e-07, -7.88382e-07, 3.10695e-06, 
785, 48360.4, 192.126, -37.1425, 112.928, -3.35216e-06, -1.0445e-07, -1.52684e-06, 
786, 86626.8, -135.644, -11.5848, -44.2279, 2.38525e-06, -7.733e-07, 7.14079e-07, 
787, 18457.5, -50.0713, 10.2449, 102.009, 5.07533e-07, -5.64295e-07, -1.51971e-06, 
788, 48241.9, -110.193, -131.796, 98.9906, 1.73579e-06, 1.42778e-06, -1.30055e-06, 
789, 183293, -173.59, 27.394, -106.141, 3.11321e-06, -5.85929e-07, 1.42751e-06, 
790, 62341, 130.453, -93.1078, 118.852, -1.74222e-06, 1.44467e-06, -1.72625e-06, 
791, 131366, 61.3259, -40.506, -192.421, -5.11835e-07, 2.31245e-07, 3.30149e-06, 
792, 58044.3, -92.2586, -8.029, 131.205, 5.18827e-09, 3.46806e-07, -1.39837e-06, 
793, 136665, 33.2726, 87.8927, 19.6858, -5.27975e-07, -1.89454e-06, 8.05195e-08, 
794, 119956, 186.987, 69.8953, 17.8175, -3.22948e-06, -5.77307e-07, -1.02458e-07, 
795, 86253.2, 69.3601, -58.3006, -166.145, -9.04211e-07, 3.83695e-07, 2.68969e-06, 
796, 160918, -166.033, 144.192, -26.4856, 4.52003e-06, -6.73549e-07, -1.19199e-07, 
797, 84304, -130.152, 143.5, 13.0288, 1.68823e-06, -1.83732e-06, -5.15471e-07, 
798, 19480.5, 193.918, 16.8334, -12.6752, -3.4667e-06, -3.67509e-07, -3.11246e-07, 
799, 7866.64, -51.886, 118.644, -113.642, 6.07824e-07, -2.31215e-06, 1.11835e-06, 
800, 124295, 38.7869, 88.5652, 64.311, -2.68271e-07, -1.43693e-06, -1.45082e-06, 
801, 91076.3, 55.765, -174.868, 62.021, -1.96941e-06, 3.1491e-06, -1.79672e-06, 
802, 72086.4, 148.411, 184.181, -96.8804, -1.79016e-06, -2.54882e-06, 1.81276e-06, 
803, 4932.81, 23.2642, -38.035, -194.99, -3.57427e-07, 5.61653e-07, 3.80278e-06, 
804, 58399.5, -67.355, -161.253, -169.105, 7.26756e-07, 1.69616e-06, 2.40833e-06, 
805, 57635.7, 152.352, 37.54, 169.196, -2.33058e-06, -1.47459e-07, -9.42871e-07, 
806, 82397, 85.837, -138.432, 4.32828, -9.48485e-06, 4.37139e-06, 2.77298e-06, 
807, 12980.2, -6.6531, -49.2377, -146.011, 3.12949e-07, 2.14123e-06, 2.79047e-06, 
808, 58301.8, 78.2976, -87.4226, 45.0842, -2.19774e-06, 1.79029e-06, -7.84395e-07, 
809, 44098.9, -109.242, -186.094, 146.422, 1.08876e-06, 2.5165e-06, -1.30109e-06, 
810, 79043.5, 188.724, 171.737, 2.71597, -2.57757e-06, -1.92933e-06, -6.10596e-07, 
811, 22017.8, 183.364, -199.725, -4.87717, -1.99179e-06, 2.13548e-06, 1.89754e-07, 
812, 172985, -64.6924, 21.1115, -38.7204, 1.36159e-06, -1.7419e-06, 1.69505e-06, 
813, 414670, -93.378, -92.6794, 167.949, 1.63527e-06, 1.89081e-06, -5.55667e-06, 
814, 106665, 64.0774, 129.818, -190.303, -4.94629e-07, -1.58497e-06, 2.6475e-06, 
815, 84538.5, 172.421, -97.1992, 99.9197, -3.10642e-06, 1.45596e-06, -1.16227e-06, 
816, 406717, 117.059, 180.678, -59.0406, 8.37728e-07, -3.8966e-06, 1.4766e-06, 
817, 72921.6, 55.2188, 39.2756, 160.051, -1.21153e-06, -1.15996e-06, -2.58224e-06, 
818, 36959.7, -139.604, -158.85, -132.243, 2.04873e-06, 2.0786e-06, 1.51066e-06, 
819, 221867, 79.3652, -47.9313, 35.4637, -1.59239e-06, 9.30845e-09, -8.82625e-07, 
820, 15388.6, -163.507, -46.2103, 33.6238, 2.6327e-06, 3.94181e-07, -4.3889e-07, 
821, 25624, 185.816, 193.625, 156.297, -1.85672e-06, -1.69111e-06, -1.14755e-06, 
822, 82022.9, -102.737, -29.4711, 163.049, 7.55534e-07, 1.57314e-07, -2.87222e-06, 
823, 10374.3, -12.2392, 32.8853, 5.93021, -5.80083e-07, -1.15102e-06, -7.41352e-07, 
824, 1364.79, 83.7245, -110.614, 40.263, -2.07503e-06, 2.06139e-06, -1.11804e-06, 
825, 44784.8, -2.36673, 139.947, 161.682, 7.4086e-07, -1.39885e-06, -1.38205e-06, 
826, 7421.15, -44.5663, 134.662, -9.9592, 1.43716e-07, -2.17067e-06, -1.76108e-08, 
827, 146900, 73.4281, -132.564, -185.717, -1.60783e-06, 3.87395e-06, 5.36019e-06, 
828, 72755.7, -179.485, -164.94, -169.752, 2.81981e-07, 2.44017e-06, 2.02085e-06, 
829, 173.692, -80.7797, 157.751, -72.8943, 3.47698e-07, -2.2548e-06, 1.16445e-06, 
830, 124903, 113.486, -121.475, 143.974, -1.48438e-06, 1.3101e-06, -1.87723e-06, 
831, 81796.7, -34.0547, 46.5549, 168.351, 1.59272e-06, -6.09408e-07, -1.88322e-06, 
832, 30025.6, 125.24, -193.465, 10.5509, -1.80592e-06, 2.90805e-06, -1.04077e-07, 
833, 43236.9, 49.779, -153.124, -9.32923, -1.9022e-06, 3.09596e-06, 6.82864e-07, 
834, 32967, 136.991, 14.7528, 180.512, -1.93641e-06, -1.01639e-07, -3.06807e-06, 
835, 8253.16, 107.005, 60.6482, 150.969, -1.20761e-06, -1.29754e-06, -1.98264e-06, 
836, 53449.3, -136.858, -24.9105, 186.979, 1.75646e-06, 6.59691e-07, -3.30188e-06, 
837, 56035.3, 135.99, 94.5211, 49.4528, -1.13447e-06, -1.53882e-06, -2.00904e-06, 
838, 150445, -3.50456, 33.7396, 195.859, 6.86355e-07, -7.46831e-08, -4.25895e-06, 
839, 76.2239, 141.822, 199.105, -92.2965, -1.28646e-06, -3.51498e-06, 1.54844e-06, 
840, 6698.42, 124.395, -106.197, -42.328, -1.95969e-06, 1.65721e-06, 8.20897e-07, 
841, 34921.8, -65.2245, 14.8352, 4.23689, -2.1248e-06, -1.94073e-06, 2.08988e-06, 
842, 167689, -80.2307, 94.7127, 180.376, 2.25181e-07, -1.62563e-06, -2.7561e-06, 
843, 81908.4, 34.7522, 147.979, -42.6708, -9.62481e-07, -3.01208e-06, -7.26919e-07, 
844, 265301, 138.565, 164.132, 140.5, -9.10925e-07, -1.2321e-06, -1.86001e-06, 
845, 37764.1, 126.091, 12.9563, 117.092, -2.47275e-06, -3.26856e-07, -1.10835e-06, 
846, 343408, 35.3113, 70.3757, -162.996, -2.54392e-07, -7.03241e-07, 2.36242e-06, 
847, 55297.3, -112.855, -197.483, 45.1955, 2.72903e-06, 4.17188e-06, -1.10446e-06, 
848, 7427.35, -181.548, 51.8457, 44.1411, 2.95333e-06, -3.986e-07, -2.81308e-07, 
849, 304207, -146.535, 104.333, 163.964, 1.63536e-06, -1.97165e-06, -1.87994e-06, 
850, 62001.6, 122.554, -61.2288, -192.043, -1.07803e-06, 7.55715e-07, 2.71275e-06, 
851, 27530, 180.175, 51.5199, 150.962, -2.59359e-06, -5.72493e-07, -1.57349e-06, 
852, 87738.6, 91.5208, -131.28, 66.2418, -2.18201e-06, 2.48763e-06, -1.44395e-06, 
853, 47018.9, -7.20483, -9.55252, -7.00625, -4.17885e-07, -1.17465e-06, -4.33873e-07, 
854, 36640.8, 62.9208, -88.2148, 28.5583, -2.20472e-06, 3.63612e-06, -2.02673e-06, 
855, 181648, 145.534, 72.7345, 32.8808, -1.84811e-06, 7.29279e-07, -7.50622e-07, 
856, 53518.7, -182.273, -187.09, 199.585, 1.61111e-06, 1.36541e-06, -1.77683e-06, 
857, 132997, -92.7302, 186.291, 24.7606, 4.76672e-07, -3.81161e-06, -4.83652e-07, 
858, 30440.7, 86.7077, 157.836, -109.515, -4.3509e-07, -2.32257e-06, 1.59548e-06, 
859, 17501.6, -131.281, -154.039, 46.6872, 6.84513e-06, 9.47877e-07, -7.33776e-06, 
860, 47257, -13.5268, -81.447, 123.531, 1.85237e-06, -1.92819e-07, -2.33153e-06, 
861, 109583, -142.893, 66.3858, -58.648, 2.13744e-06, -7.61121e-07, 9.97786e-07, 
862, 48767.9, -93.0347, 41.2373, 11.3397, 2.60066e-08, 4.14949e-07, -2.17219e-07, 
863, 119059, 116.308, -59.2082, 152.955, -3.31239e-06, 8.28176e-07, -1.98723e-06, 
864, 47476.5, 151.502, 6.86037, 51.3661, -2.66441e-06, -4.97288e-07, -1.09576e-06, 
865, 89992.3, 70.7585, -38.1611, -131.262, -1.05273e-06, 3.62457e-07, 2.64555e-06, 
866, 5867.21, -43.5432, -43.8134, 106.678, 4.36477e-07, -4.37676e-07, -1.47875e-06, 
867, 94630, 191.628, 139.415, 99.4137, -2.34738e-06, -1.35715e-06, -8.83674e-07, 
868, 60993.6, 13.5565, 152.344, -155.013, 1.85411e-06, -6.98848e-06, 4.36703e-06, 
869, 44662.6, 113.816, 33.6571, -186.664, -5.484e-07, 1.11592e-06, 3.65473e-06, 
870, 45049.3, 43.5979, 68.9388, 131.994, -7.67701e-07, -1.7869e-06, -1.81957e-06, 
871, 100930, 19.3977, 52.9653, -104.134, 8.72366e-08, -1.60409e-06, 2.1669e-06, 
872, 2948.59, 52.2343, -148.958, -166.936, 1.30013e-08, 2.39061e-06, 2.59244e-06, 
873, 69803.3, 139.314, -101.416, -49.0201, -2.78821e-06, 1.1292e-06, 1.23887e-06, 
874, 54912.4, -195.584, -59.3263, -163.143, 2.45742e-06, 6.01677e-07, 1.90443e-06, 
875, 123638, 155.725, 142.623, -19.3096, -2.83068e-06, -1.36564e-06, -4.53975e-07, 
876, 107939, -169.395, 145.727, 79.3564, 2.33547e-06, -1.90126e-06, -7.53463e-07, 
877, 53838.4, 103.356, -89.3767, 124.698, -1.99043e-06, 1.35908e-06, -2.12806e-06, 
878, 52371.8, 91.7804, 1.69504, -130.401, -1.51931e-06, -1.0473e-07, 2.44875e-06, 
879, 36855.9, 11.0877, -13.3426, -61.9201, 1.185e-06, 7.4874e-07, 1.80419e-06, 
880, 28831.3, -193.62, 130.092, 95.4592, 1.20684e-06, -4.27533e-06, -1.18539e-06, 
881, 56501.7, 86.8848, -180.665, -132.972, -9.97043e-07, 2.74316e-06, 1.87239e-06, 
882, 21746.7, -97.0495, 115.617, -162.989, 1.387e-06, -4.09331e-07, 2.99245e-06, 
883, 65140, -122.998, 157.245, -163.088, 8.26693e-07, -1.63414e-06, 2.48339e-06, 
884, 105613, 32.0996, 79.3458, 35.7595, -3.5418e-07, -8.62582e-07, -1.33701e-06, 
885, 54515.2, -166.259, -36.3911, 96.4848, 3.10236e-06, 5.53022e-07, -5.53639e-07, 
886, 275229, -105.084, 199.138, 50.5155, 7.41826e-07, -3.20764e-06, -7.47122e-07, 
887, 11497.8, 152.55, -136.076, 186.87, -1.67489e-06, 1.03582e-06, -2.28173e-06, 
888, 161103, 2.76093, 180.319, 149.761, -3.00497e-08, -2.53854e-06, -1.48473e-06, 
889, 34855.6, 13.2821, 12.9914, -144.913, -1.01015e-08, -7.38893e-07, 2.96546e-06, 
890, 28030.6, -2.41126, 191.057, 65.7209, -1.58712e-07, -2.8119e-06, -9.58325e-07, 
891, 122292, 193.64, 168.241, -36.6866, -2.93222e-06, -1.75533e-06, 9.57461e-08, 
892, 33821.3, 156.282, -86.1443, 81.4466, -2.37466e-06, 1.3176e-06, -6.60919e-07, 
893, 74998, -0.291037, 159.595, 102.354, -2.8653e-07, -2.22376e-06, -1.11984e-06, 
894, 59405.3, -137.444, 184.308, -152.098, 1.17777e-06, -2.54137e-06, 2.10942e-06, 
895, 17141.9, -60.8747, 11.2278, 85.631, 6.1389e-07, -5.89907e-07, -1.18074e-06, 
896, 34529.2, -154.764, -163.962, -54.4416, 2.36399e-06, 2.38849e-06, 4.23363e-07, 
897, 23583.5, -80.705, -166.894, 4.25649, 1.15631e-06, 3.37814e-06, 1.81391e-06, 
898, 40525.5, -16.9003, -26.7057, -98.9104, 2.11102e-06, -2.32827e-06, 2.7981e-06, 
899, 11386.5, -65.2345, -48.1155, 167.829, 5.12303e-07, -1.15434e-06, -3.02967e-06, 
900, 119186, 178.204, -22.9098, -38.4982, -4.7707e-06, 2.87427e-06, 8.77276e-07, 
901, 9196.07, -11.9806, -125.711, 129.833, 1.40745e-07, 2.22468e-06, -3.02427e-06, 
902, 108423, -144.428, 50.0382, -99.0467, 1.93606e-06, -9.72684e-07, 1.3212e-06, 
903, 25151.4, -35.4572, -62.0887, -67.4171, 4.10376e-07, 6.52655e-07, 1.98879e-06, 
904, 148259, 133.96, 5.83636, -187.497, -2.15798e-06, -1.29661e-07, 2.67938e-06, 
905, 49643.6, -54.906, -178.242, 135.628, 6.23885e-07, 2.93735e-06, -1.60009e-06, 
906, 97963, -68.2228, 11.28, 7.75866, 2.40909e-06, 2.28836e-06, -3.14601e-06, 
907, 27250, 111.358, -80.4243, 26.7285, -3.69771e-06, 9.00042e-07, -8.62352e-07, 
908, 82866.4, -37.5438, 72.8911, -130.189, -3.70806e-07, 1.46225e-07, 1.93498e-06, 
909, 154490, 103.641, -41.5848, 11.8009, -4.08791e-06, 4.26342e-06, -1.88093e-07, 
910, 58260, -142.268, 89.6885, -81.7971, 1.84032e-06, -1.16784e-06, 1.55542e-06, 
911, 115925, -115.327, -41.3374, 138.224, 1.55181e-06, 5.12872e-07, -1.79099e-06, 
912, 92851.4, -171.153, 19.8119, -145.702, 3.16967e-06, -3.54585e-07, 2.44069e-06, 
913, 80514.3, 106.848, 33.6262, -70.24, -2.04217e-06, -8.73777e-07, 7.89188e-07, 
914, 46240.7, -0.901734, -75.9085, 198.84, 1.31535e-06, -7.67963e-07, -3.84893e-06, 
915, 255468, 69.8365, -124.259, -176.27, -1.10291e-07, 6.27038e-07, 1.48506e-06, 
916, 163019, -132.728, 31.1961, -46.5871, 2.27899e-06, -5.31524e-07, 8.36362e-07, 
917, 110905, 186.102, 194.606, 107.543, -1.96927e-06, -1.87321e-06, -6.51844e-07, 
918, 73210.4, 138.9, -168.117, 90.3557, -1.70938e-06, 2.18861e-06, -1.14266e-06, 
919, 180911, 77.7795, 69.7109, 79.7521, -1.71875e-06, -8.13637e-07, -4.6396e-07, 
920, 39119.3, -195.939, 110.343, 43.3317, 3.20312e-06, -4.88297e-07, 4.50423e-08, 
921, 151711, 119.507, 8.59806, -190.996, 2.04303e-07, -5.09622e-07, 3.43425e-06, 
922, 303665, -106.727, 82.8399, -10.5435, -6.67683e-07, 5.65336e-07, -4.91972e-07, 
923, 1328.67, -88.3155, -83.737, 193.139, 8.28221e-07, 2.10589e-07, -5.44746e-06, 
924, 57656.7, -14.7117, -73.5454, 190.103, 4.2783e-07, 5.68072e-08, -3.27618e-06, 
925, 137408, -151.367, -50.1311, 134.017, 2.7149e-06, 9.2333e-07, -1.4873e-06, 
926, 103101, 0.179644, 197.83, 29.9822, -3.49103e-07, -3.07228e-06, -6.20241e-07, 
927, 253866, 150.605, 92.6438, 32.7849, -2.70106e-06, -1.99705e-06, -7.86241e-07, 
928, 78946.7, -13.978, 110.608, -57.0232, 2.36526e-07, -1.83988e-06, 8.09161e-07, 
929, 118363, 199.564, -189.993, 61.4454, -2.3219e-06, 1.75884e-06, -5.16871e-07, 
930, 45821.7, -195.173, -182.293, -97.5329, 2.25571e-06, 2.16952e-06, 9.78099e-07, 
931, 349761, 49.3162, -70.8894, 88.5227, -1.28617e-06, -8.36499e-07, -1.42708e-06, 
932, 144968, 30.7101, -54.5775, 125.395, -3.02291e-07, -7.62768e-07, -2.82407e-06, 
933, 66885.7, -84.4375, 138.969, 149.378, 4.08683e-07, -1.98126e-06, -1.81314e-06, 
934, 61369.6, -138.414, -5.50269, 101.985, 2.90725e-06, -1.52281e-08, -4.76201e-08, 
935, 30662.7, -157.193, -0.654154, 197.869, 2.05966e-06, 8.91562e-07, -3.42449e-06, 
936, 91080.4, 67.6004, 26.1954, -81.34, -1.88862e-06, -1.50971e-06, -1.60264e-07, 
937, 95199.7, 99.9876, -48.527, -93.6562, -1.51792e-06, -6.77924e-07, 1.17718e-06, 
938, 77822.5, -94.2028, -35.9474, -104.256, 1.77744e-06, 1.17394e-07, 2.06305e-06, 
939, 89518.7, -61.8773, 1.04892, -43.711, 1.47533e-06, -2.94793e-07, 2.17344e-06, 
940, 123242, -1.2013, 156.354, 197.621, 2.40215e-07, -1.81211e-06, -2.65366e-06, 
941, 10137.7, -72.4436, 7.35424, -78.936, 1.32876e-06, -8.36393e-07, 2.00296e-06, 
942, 69247.1, -118.605, 101.599, -59.1955, 1.1662e-06, -1.02787e-06, 1.55004e-06, 
943, 105452, -135.699, 146.772, 58.7977, 7.69457e-07, -1.95482e-06, -4.50559e-07, 
944, 97060.7, 87.7152, 37.587, 162.985, -1.09373e-06, -1.05064e-06, -2.61185e-06, 
945, 129207, 19.724, 146.054, 22.5406, -1.29058e-07, -2.42542e-06, -4.04679e-07, 
946, 9519.09, -5.26214, -105.126, 149.092, -5.98652e-07, -2.35171e-07, -1.04726e-06, 
947, 45607.6, 191.812, 95.316, -155.406, -1.237e-05, -4.42716e-06, -8.53578e-07, 
948, 4559.47, -68.2641, -149.892, -160.47, 8.15028e-07, 1.25855e-06, 1.81685e-06, 
949, 64785.3, 45.0787, 157.331, 133.705, -5.0776e-07, -1.90318e-06, -1.20214e-06, 
950, 86778.9, 130.754, -4.05035, 37.6967, -2.354e-06, -7.4742e-07, -8.39877e-07, 
951, 387437, 1.24295, 5.11495, 96.456, -1.96176e-07, -1.89729e-07, -1.68314e-06, 
952, 20721.2, -39.1681, 93.5698, -72.3099, -5.36418e-07, -1.61698e-06, 3.20307e-06, 
953, 27474.5, 85.5865, 189.829, -97.2759, -3.45125e-07, -2.97782e-06, 1.67349e-06, 
954, 55726.3, 121.432, 118.983, -128.656, -1.19777e-06, -1.06994e-06, 1.81348e-06, 
955, 16889.6, -100.695, 164.598, -117.086, 3.7119e-07, -2.41461e-06, 1.49537e-06, 
956, 14072.1, 192.601, -134.603, 175.012, -2.05411e-06, 1.08228e-06, -1.56022e-06, 
957, 172625, 87.8162, 163.327, 9.82681, -1.17576e-07, -2.49419e-06, -3.35457e-07, 
958, 205463, -161.463, -21.4299, -118.812, 2.53818e-06, 3.47536e-07, 1.6672e-06, 
959, 27694.1, 142.815, -133.284, -88.039, -2.47211e-06, 9.30116e-07, 5.46525e-08, 
960, 75375.5, -162.229, 175.969, 90.8252, 1.8478e-06, -2.39864e-06, -1.3189e-06, 
961, 3813.66, 179.043, 17.4842, -143.398, -2.79635e-06, 2.83644e-08, 1.87776e-06, 
962, 21422.6, 138.559, 165.506, -91.3886, -1.89929e-06, -1.71315e-06, 2.06571e-06, 
963, 336140, 88.568, 15.7055, 117.984, -1.47041e-06, -5.4789e-07, -1.25071e-06, 
964, 61375.3, -66.8839, 28.4592, -92.3517, 1.08917e-06, -1.00475e-06, 1.92013e-06, 
965, 52864.9, 161.35, 43.088, -7.82016, -2.536e-06, -4.29114e-07, -2.09707e-07, 
966, 56228.8, -174.548, 198.92, 188.97, 1.12624e-06, -1.57457e-06, -1.52902e-06, 
967, 166608, -57.7754, 135.437, 83.5176, 2.99146e-07, -2.39663e-06, -2.5634e-06, 
968, 12749.6, 147.803, 103.354, 158.162, -2.51183e-06, 2.29877e-07, -3.1745e-06, 
969, 196864, -109.188, 169.78, -1.37687, 1.03243e-06, -2.89882e-06, 2.55426e-07, 
970, 76611.2, 135.919, -32.6687, -84.072, -2.42232e-06, 3.33102e-07, 9.36293e-07, 
971, 7466.08, 103.752, -116.523, 164.295, -1.2695e-06, 1.12194e-06, -2.94664e-06, 
972, 146397, -31.322, 12.6513, -95.3713, 8.09595e-07, -8.93436e-07, 2.11867e-06, 
973, 182464, -55.8945, -57.8649, -101.916, 7.38122e-07, 3.55279e-07, 2.61645e-06, 
974, 38496.9, 27.9387, -159.709, 139.06, -1.84882e-06, 2.43734e-06, -3.05653e-06, 
975, 143073, 115.085, 94.4205, 99.2053, -1.96196e-06, -1.32181e-06, -1.38211e-06, 
976, 77297, 32.5647, 153.762, 44.0133, -4.02561e-07, -2.56602e-06, -1.03642e-06, 
977, 13131.5, -91.9059, -38.8066, -144.866, 7.42438e-06, 4.99532e-07, 7.99018e-07, 
978, 195219, -126.931, -161.914, 38.9431, 4.02649e-06, 8.12781e-06, -1.57631e-06, 
979, 44312.9, -73.3323, 84.8794, -139.12, 8.33262e-07, -1.70385e-06, 3.00667e-06, 
980, 83713.4, -113.728, -71.7612, -19.7035, -7.12056e-08, 4.89484e-07, -9.50204e-07, 
981, 86863.6, -174.358, 11.2668, -88.3303, 3.17884e-06, 1.18996e-07, 4.96415e-07, 
982, 19111.9, 94.5971, 66.7339, -19.8857, -1.14261e-06, -8.60838e-08, 9.73552e-07, 
983, 91240.3, -94.4696, -12.7621, -124.816, 1.29191e-06, -5.47077e-07, 2.02554e-06, 
984, 302123, 44.4998, -16.1919, -63.6995, -2.23134e-06, 1.27558e-06, 1.87274e-06, 
985, 39328.4, 90.0049, 95.2157, -139.612, -9.21244e-07, -1.38731e-06, 2.09886e-06, 
986, 56196, -127.552, 14.3675, -118.44, 6.70716e-07, 2.99811e-07, 8.92785e-07, 
987, 2423.4, -130.997, 185.18, -91.0966, 1.17236e-06, -2.76346e-06, 6.64326e-07, 
988, 155666, 122.338, 103.291, -31.4856, -1.99019e-06, -7.69699e-07, 1.1092e-06, 
989, 25401.1, 43.6939, -64.979, 4.29852, -8.39427e-07, 1.45761e-06, -2.77106e-06, 
990, 134514, -71.9405, -102.708, 190.343, 6.19495e-08, 1.24147e-06, -4.20005e-06, 
991, 250595, -97.9552, -148.932, 20.0832, 9.04679e-07, 8.03455e-07, 8.80761e-07, 
992, 10486.8, -197.467, -113.51, -97.6725, 2.95211e-06, 1.17879e-06, 1.2292e-06, 
993, 13927.4, 142.389, -190.121, -136.613, -1.7706e-06, 2.5079e-06, 1.84388e-06, 
994, 143466, 140.352, -75.349, -128.494, -2.14379e-06, 7.82559e-07, 1.78954e-06, 
995, 19915.8, 109.538, 161.701, 143.863, -8.57138e-08, -1.83051e-06, -1.33558e-06, 
996, 227424, 149.99, 169.421, 190.658, 8.63265e-07, 2.15666e-07, -1.54998e-06, 
997, 107657, -93.8975, -44.8277, 112.746, 9.4528e-07, 2.02632e-07, -1.30291e-06, 
998, 74779.9, -169.606, 70.6354, -131.116, 2.3309e-06, -1.78938e-10, 1.55438e-06, 
999, 207683, -128.444, 132.66, -46.8729, 3.96573e-07, -1.94717e-06, 1.67003e-06, 
