ID, Mass [kg], pos_0 [m], pos_1 [m], pos_2 [m], vel_0 [m/s], vel_1 [m/s], vel_2 [m/s], 
0, 86447, -4.44971, 24.687, -8.91743, 0.00103364, -0.00368258, 0.00166313, 
1, 189575, -28.8146, -11.3772, -2.91962, 0.00310466, 0.00196829, -0.0009272, 
2, 31834.7, 14.6656, -7.22901, -19.6173, -0.00054479, 0.00490355, 0.0038902, 
3, 198333, 19.988, 20.0455, 7.27789, -0.00172414, -0.00155269, -0.00210515, 
4, 26595.9, -8.426, 17.2494, -5.59414, 0.000391951, -0.00059992, -0.000997392, 
5, 74974.9, -17.4351, -14.1796, -21.108, 0.00212264, 0.00140892, 0.000838128, 
6, 97542.7, 39.0283, -27.4474, 35.2548, -0.00130246, 0.00145269, -0.00149662, 
7, 2615.97, 3.70354, 27.5117, -24.1208, 0.000465259, -0.00262129, 0.00222248, 
8, 21192.8, 28.2909, -15.7774, -6.22505, -0.00252902, 0.00333253, 0.000897224, 
9, 81679.8, 23.3323, 18.7204, -1.28005, -0.000353631, -0.00333427, -0.00242079, 
10, 127647, -26.2041, -17.8482, 26.7913, 0.00102575, 0.00152728, -0.00114912, 
11, 16957.3, -4.34487, -9.38768, -1.69531, 0.00140779, 0.00265053, -0.000657308, 
12, 46224.1, 34.968, 34.1076, -17.9665, -0.00185221, -0.00207796, 0.00181621, 
13, 23966.4, 25.0555, 16.5208, 5.91443, 1.46446e-05, -0.00490075, -0.000915006, 
14, 11985.5, -11.0775, -6.96181, 31.9246, -0.000992465, 0.00127946, -0.00262564, 
15, 3133.43, -10.0349, -0.377544, 16.447, -0.000359424, 0.00101116, -0.0021269, 
16, 16899.7, -2.60948, -7.19706, 27.422, -0.00126565, 0.00144618, -0.00190757, 
17, 19424.5, 2.14648, 14.0022, -2.88367, -0.0018334, -0.00530428, 0.000799856, 
18, 130822, 26.1366, -25.5324, 0.813426, -0.00124615, 0.00246563, -0.00187719, 
19, 25233.8, -16.2746, 9.21457, -13.4809, 0.00165828, -0.000988848, 0.00289924, 
20, 47646.9, 34.9527, -29.7817, -19.6355, -0.00198648, 0.00205261, 0.00113278, 
21, 165666, 2.22632, 3.7251, -21.3089, 0.000734502, -0.000500708, 0.00187716, 
22, 68385.5, -4.56538, 1.52701, -27.3507, -0.00110592, 0.0019449, -0.000426588, 
23, 221148, 36.172, -28.76, 21.2381, -0.00130051, 0.00157586, -0.000899928, 
24, 74530.5, 12.1688, -9.61009, -20.076, -0.00264126, -0.00189599, -0.00103938, 
25, 43250.2, 28.8536, 17.4091, 33.0438, -0.000901109, -0.000484808, -0.00242251, 
26, 16449.5, -34.0797, -38.1585, -22.2865, 0.00126056, 0.00163763, 0.000563498, 
27, 30641.9, -14.6225, 16.83, -2.32499, 0.0017165, -0.00467532, -0.000180594, 
28, 85788.3, 1.10752, 4.60898, -21.5757, 0.00295393, 0.00137985, 0.0027688, 
29, 18634, -25.4469, 27.1706, 8.87084, 0.00157704, -0.00314618, 0.000537226, 
30, 2394.47, 29.3265, -25.3654, -6.27603, -0.000853397, -0.000438128, 0.00116137, 
31, 128472, 26.9889, 12.7846, 12.3272, -0.00263759, 4.98115e-05, -0.00330833, 
32, 63731.5, 2.50781, 1.4235, -18.3054, -0.00239061, -0.00365, 0.00268521, 
33, 1929.75, -11.5187, -2.90459, 23.5688, 0.000631579, -0.000617077, -0.00292099, 
34, 137164, -10.5225, -2.69703, 14.197, 0.000346416, 0.000852109, -0.00105326, 
35, 50524.2, 9.50023, 0.35201, -14.9528, 0.00301561, 0.000254435, -0.000438606, 
36, 6629.78, 20.2986, -13.6033, -14.502, -0.0032015, 0.000938961, 0.00060492, 
37, 38240.2, 16.0632, -13.3758, -25.8004, -0.00407675, 0.00185189, 0.00406865, 
38, 18423.8, 4.76814, -1, -15.5391, 0.00347745, -0.000316057, 0.00206864, 
39, 194740, 26.6328, -18.3522, -8.9576, -0.00214476, 0.00214891, -0.000854621, 
40, 166672, 12.691, -10.4676, -21.4997, -0.00155307, 0.00123297, 0.00197118, 
41, 63465.7, 15.2442, 21.1706, -9.73055, -0.00101194, -0.00118787, 8.61753e-05, 
42, 21989.4, 17.9383, 13.4301, -7.69059, -0.000321463, -0.00322507, -0.000966976, 
43, 7506.47, 26.4855, -22.6496, -4.47016, -0.000206783, 0.00281853, -0.000218944, 
44, 1030.15, 22.7805, 11.3212, -6.32693, -0.002439, 0.00166888, 0.00219485, 
45, 60141.1, 2.57965, 18.3139, -3.2858, -0.0019057, -0.00234886, -0.000594309, 
46, 69136.8, -23.4789, 2.90364, 15.813, 0.00149332, 0.00200216, -0.00129594, 
47, 4636.02, 23.624, -35.8127, 29.0103, -0.000238197, 0.00194718, -0.00123865, 
48, 148424, -20.0387, 8.68945, 25.8617, -0.000574133, -0.000622827, -0.00282595, 
49, 101751, 22.3636, 17.7653, 2.00933, -0.00262093, -0.00569314, 0.00142147, 
50, 113749, -8.41076, -22.8914, -33.1637, 0.00182881, 0.00168245, 0.00171327, 
51, 14312.6, 10.555, 13.3462, -24.4445, -0.000343906, -0.000874063, 0.00260143, 
52, 115787, 33.5845, -6.58997, 28.2663, -0.00140693, -0.000281349, -0.0018529, 
53, 10116, 35.4278, 34.4224, -19.7899, -0.00135856, -0.00206146, 0.000829993, 
54, 33789.7, 18.5565, 17.926, -18.5757, 0.0027792, -0.00254537, -0.000145819, 
55, 186460, 21.2597, 18.7006, 3.33968, -0.000524362, -0.00302014, -0.00139308, 
56, 245187, 28.2753, -22.8654, -2.40277, -0.000268019, 0.00141531, 0.00112376, 
57, 290437, -12.2984, 3.89593, 12.732, 0.000310598, 0.00114453, -0.00110565, 
58, 80698.8, -12.2395, 5.66108, 13.1904, 1.51823e-05, -0.0020489, -0.00272142, 
59, 117814, 20.8794, 15.8161, -8.09014, -0.00205029, -0.00114945, 0.000313484, 
60, 74301.5, -21.2167, 19.6551, 8.75609, 0.001853, -0.0018578, -0.00188977, 
61, 87026.1, 2.38439, -14.8854, -31.0049, 0.000672601, 0.00323264, 0.00240701, 
62, 54123.3, 15.4774, 15.7976, -5.04887, -0.000725017, -0.000316743, 0.00189736, 
63, 142469, 7.88247, 5.93375, -20.9621, -0.00116974, -0.00296242, 0.00421804, 
64, 25240.3, 18.005, -1.04676, 15.6434, -0.00127041, 0.0013347, -0.0025568, 
65, 84495.7, -37.9871, 10.007, 26.2257, 0.000874976, -0.00126395, -0.00244213, 
66, 190154, 18.3274, 19.2025, -16.0229, -0.00137924, -0.00228186, 0.00290409, 
67, 106916, -15.6934, 16.1215, -1.4264, -0.000384866, -0.00208128, 0.000425936, 
68, 142208, 26.17, 8.91489, -4.3396, -0.00358906, -0.000529591, 0.000297286, 
69, 222966, -27.6704, 9.19297, 12.8688, 0.00318214, -0.00272851, -0.000773114, 
70, 23261.8, -4.4616, -17.4679, -13.6544, 0.00120688, 0.00266838, -0.000226904, 
71, 37181.8, -19.3121, 17.2616, -0.408156, 0.00172529, -0.00225758, -0.0020268, 
72, 387724, 18.241, 12.5599, 6.04688, -0.000394594, 0.000181183, -0.00232797, 
73, 94415, 16.7299, -12.5125, -18.8567, -0.00455988, 0.00136983, 0.000474025, 
74, 92650.1, 7.21757, 16.9638, -3.76487, 0.000120576, -0.00115216, -0.000592288, 
75, 18296.3, -28.0307, 15.3904, 30.275, 0.00447356, 0.0013331, -0.00270889, 
76, 120001, -32.1989, -12.1833, -1.03775, 0.0012339, 0.00162842, -0.00034852, 
77, 272530, 14.5126, 4.57462, 3.84245, -0.000221237, 0.00209365, -0.00141795, 
78, 17526.5, -19.9151, -26.8581, 31.0863, 0.0017165, 0.000604494, -7.14797e-05, 
79, 64817.7, 12.5568, -9.5019, -23.4958, 0.00321804, 0.00231683, -0.00084265, 
80, 92249, 26.4543, 13.1126, 5.43811, -0.00387717, 0.00154969, -0.00224054, 
81, 18467.1, -23.48, 14.326, 13.2788, 0.00373076, 0.000121202, 0.00109011, 
82, 36826.6, 18.3902, 21.1178, 7.47599, 0.00117109, -0.00552268, -0.00228606, 
83, 11297.7, 31.3663, -16.3684, -0.522884, -0.000700914, 0.00273913, -4.90099e-05, 
84, 79293, 13.8967, -9.48727, -18.1827, 0.000287692, 0.00157192, 0.00531907, 
85, 99758.2, 21.054, 15.5978, 2.73971, 0.00093573, 0.00233768, -0.00340757, 
86, 23343, -20.8406, 0.59512, 16.2228, 0.00215904, 0.0011292, -0.0014661, 
87, 148233, 14.4222, 19.7025, 10.2256, -0.00489011, -0.00233608, -0.000238237, 
88, 11527.8, -32.4143, 10.5927, 29.1903, 0.00098755, -0.000713317, -0.0027676, 
89, 14718.3, 29.8225, 13.1731, -1.44767, -0.000653352, -0.000647841, -0.000733538, 
90, 46494.3, 2.15801, 6.49585, -30.8172, 0.00143206, 0.000304048, 0.00206805, 
91, 34379.9, -14.211, -13.2025, -22.3827, 0.00149682, 0.000884178, 0.000932263, 
92, 23079.1, 21.2612, -8.74035, -4.32113, -0.00134588, 0.00111646, -0.00112018, 
93, 79660.5, -27.271, 8.71545, 13.1665, 0.00318876, 0.00385098, 2.59837e-05, 
94, 77532.3, -36.1931, -30.5735, 39.2223, 0.00125224, 0.00151709, -0.00128813, 
95, 85363.6, 22.7244, 19.8765, -0.88878, -0.00399417, -0.000715589, -0.00189447, 
96, 11260.4, -12.437, 8.57367, 13.4817, -5.66409e-05, -0.00320236, -0.00177577, 
97, 31876, 15.6921, 18.8604, -7.15467, -0.00168388, 0.00147707, 0.00104023, 
98, 49282.2, 27.5778, 13.0282, -4.83449, -0.0042721, 0.000542482, 0.00362834, 
99, 38415.4, 4.46758, 19.0953, -3.76905, 0.000769815, -0.00609272, 0.000932595, 
100, 8080.94, -16.684, 6.69698, -8.52181, 0.00238014, 0.000465631, 0.0027314, 
101, 70282.6, 38.3881, 28.9469, 32.8773, -0.00133686, -0.00210616, -0.00143419, 
102, 317827, 7.61899, -21.3089, -29.8272, 0.000912554, 0.00347079, 0.00233686, 
103, 237904, -36.8962, 32.5643, 15.3829, 0.00170825, -0.00229669, -0.000475897, 
104, 119615, -13.0811, 15.6809, -3.41344, 0.000213273, -0.00176859, 0.00160879, 
105, 31893.4, 7.90152, -23.7196, -6.76374, 0.000403268, 0.0027644, -0.000917861, 
106, 173086, -26.2097, 10.4314, 11.8106, 0.000640002, -0.0022526, -1.37891e-05, 
107, 486074, -31.5895, 9.85475, 29.8931, 0.00123237, -0.000390837, -0.00227476, 
108, 40410.8, -28.5452, -13.9434, 22.9008, 0.000277852, 0.00304084, -0.00211383, 
109, 28247.2, -37.2963, 34.2624, 15.0254, 0.0016671, -0.00471674, 0.000361379, 
110, 23910.7, -16.8441, 21.021, -16.759, 0.00169936, -0.00257365, 0.00280674, 
111, 40242.6, -5.88038, -34.1392, 22.3619, 0.000196324, 0.00204389, -0.000864773, 
112, 24016.7, -28.4471, 8.42322, 15.2109, 0.00348027, 0.00314878, 1.16109e-05, 
113, 129600, 9.46372, -24.9908, -20.8526, 0.000102135, 0.00366588, -0.000325815, 
114, 114317, 24.8987, 16.7042, 3.49277, -0.000175566, -0.00330314, -0.00406822, 
115, 174934, -24.634, 12.5963, 27.8255, 0.00322288, -0.000135959, -0.00302065, 
116, 143212, 10.1624, -1.68965, -15.1013, 0.00208662, -0.000241842, 0.00183639, 
117, 8073.33, -32.2681, 12.412, 25.1247, 0.000845191, -0.00136089, -0.000435985, 
118, 37893.5, -12.0234, 6.60782, 13.6004, -0.00179596, -0.00318939, -0.00307899, 
119, 62400.5, 20.2761, 24.4058, 12.4232, -0.000533957, -0.00312305, -0.00356244, 
120, 242481, 7.98117, 0.859123, -19.2245, 0.00213283, -0.00028434, 0.0016894, 
121, 220498, 12.1129, -12.5474, -24.6913, -0.00021511, 0.00215268, 0.00193878, 
122, 32681.3, 7.9268, 4.0779, 16.8864, 0.000378579, 0.000374943, -0.00291916, 
123, 348699, 25.1531, 15.3853, -2.72399, -0.00442224, -0.000225287, 0.000431564, 
124, 49173.7, 38.5796, -26.5577, 35.204, -0.000249459, -0.00117668, -0.00204366, 
125, 91676.5, 12.2915, -10.4273, -23.4645, -0.00434413, -0.0020595, 0.000922152, 
126, 613.996, 29.1137, -23.8564, -3.53187, -0.00288659, -0.0005195, -0.00335951, 
127, 36070, 10.8147, -30.1807, 28.7438, 8.22716e-05, 0.00194739, -0.00140438, 
128, 60243.7, 32.6939, -3.71744, 28.9328, -0.00165733, 0.00153382, -0.00190827, 
129, 66572.3, 9.50708, -14.9704, -25.2028, 0.00191699, 0.00463366, 0.00316865, 
130, 41874.2, -28.1878, 20.4386, -18.118, 0.00198155, -0.00116144, 0.00347473, 
131, 116662, -27.1617, 10.1976, 13.2678, 0.00261205, 0.00116067, -0.00310314, 
132, 109779, -9.46408, -4.87118, 25.1061, 0.000229707, 0.000634906, -0.00239243, 
133, 456997, -18.4016, 12.2761, -2.93403, 0.00294549, -0.000215583, 0.000692744, 
134, 2780.32, 5.66517, 14.3495, -1.71066, -0.0001413, -0.00356468, -0.00066571, 
135, 102119, 12.3941, -8.40459, -16.4533, 0.00284415, -0.00108792, 0.000991253, 
136, 164662, -20.5995, 4.29902, -13.8642, 0.00250156, 0.000261806, 0.0023168, 
137, 84084.3, 15.1427, 13.6188, -13.8945, -0.00203236, -0.00319272, 0.00328146, 
138, 245299, -27.5332, -10.6932, -7.99701, 0.00253379, 0.00138828, 0.000983438, 
139, 102038, -6.90764, -6.70527, 28.4186, -0.000573096, 0.00126134, -0.00319779, 
140, 146704, -25.5015, -19.4432, 30.3841, 0.0002019, 0.00183873, -0.00204577, 
141, 170925, 38.6186, 34.5889, 31.9798, -0.00119573, -0.000779868, -0.00153173, 
142, 107951, 20.6169, -10.2145, -17.4296, -0.00401214, 0.000776934, 0.000902827, 
143, 64717.1, -7.40925, -9.21136, 1.68921, -7.24822e-05, 0.00284665, 0.00086513, 
144, 28582.1, 18.3328, 20.6191, 3.73143, 0.00178286, -0.00365006, -0.0020649, 
145, 18763.1, -35.1887, -19.2941, -24.161, 0.0020956, 0.00115297, 0.00135715, 
146, 44368.5, 2.75103, 17.5055, -2.41989, -0.00144884, -0.00469644, 0.00270527, 
147, 247503, 3.78568, 2.30563, -20.6092, 0.00027794, 0.000631916, 0.000716442, 
148, 54470.7, -11.1778, -4.72492, 20.5302, 0.000136069, 0.00246871, -0.00154737, 
149, 158577, 18.8032, 16.9337, -9.96119, -0.000564415, -0.000165716, 0.00200459, 
150, 59031.2, 12.5287, -0.0386228, 11.4082, -0.000465993, 0.00162623, -0.00118817, 
151, 120654, 9.25591, -14.1728, -23.965, -0.00315943, 7.69797e-05, 0.00237896, 
152, 33810.4, 17.7641, 18.0908, -16.1171, -0.00125199, -0.00307426, 0.00596248, 
153, 52884.6, -14.2053, 14.0637, 13.2759, 9.4946e-05, 0.00197262, -0.00103222, 
154, 76725.2, 40.829, -29.933, 38.1458, -0.00141881, 0.0015647, -0.00210372, 
155, 2384.17, -29.5099, -4.57522, -5.70356, 0.00208997, 0.00211717, 0.00120786, 
156, 54252.8, 8.9486, -15.2165, -20.2888, 0.00385678, -0.00236327, 0.00164274, 
157, 18995.8, 23.8094, 18.0509, -0.0449893, -0.00601251, -0.00147311, 0.00027792, 
158, 133837, -17.7783, 4.51343, -5.00461, 0.00126064, 0.00170623, 0.000662438, 
159, 166899, 9.44353, -9.39819, -21.3218, -0.00300243, 0.00245785, 0.002404, 
160, 192252, 29.0597, 16.3049, -1.38346, -0.00321674, -0.00109187, 4.71807e-05, 
161, 17027.9, -24.4764, 10.7777, 28.1011, -0.00181674, 0.000668604, -0.00239479, 
162, 130287, -34.1579, -10.1444, 31.232, 0.00213713, 0.000910585, -0.00154365, 
163, 72430.1, 11.4333, -5.7735, -23.6785, -0.000195742, 0.000242779, -0.000339317, 
164, 60583, -17.5885, 7.99692, -0.57858, 0.000710351, 0.00126714, -0.00101187, 
165, 38146.6, -26.8085, 27.4894, 5.7433, 0.00132378, -0.002885, -0.000510766, 
166, 1307.56, -29.8385, -11.7961, 31.5285, 0.000817046, 0.000460593, -0.00266406, 
167, 124087, 4.41813, 18.9405, -3.81361, 0.00401277, -0.000536799, -0.00195475, 
168, 30066.1, 0.435439, 17.4292, -5.00847, -0.0015385, -0.000806778, -0.00112905, 
169, 177463, -14.0683, 15.0435, -3.66499, 0.00334856, -0.00423573, -0.000291578, 
170, 1123.4, 20.5787, -23.6433, -12.1098, -0.00018255, 0.00368426, 0.000115245, 
171, 71647.5, 34.3134, 31.5051, -11.8927, -0.00223541, -0.00239098, 0.000710999, 
172, 73299.5, 12.1597, 5.31012, 15.5135, -0.000601398, 0.000499342, -0.00336289, 
173, 120519, 9.03394, -18.2141, -28.0716, -0.000340724, 0.000586664, 0.0032341, 
174, 243541, -12.854, -18.6966, -26.9409, 0.00169668, 0.0017853, 0.00195558, 
175, 232847, 3.33151, 18.6786, -3.95265, 0.00187078, -0.0022613, 0.0010848, 
176, 50296.6, -23.9309, -0.0107135, -1.90536, 0.00278339, 0.000871843, 2.87291e-05, 
177, 17627.5, 5.9341, 1.87668, -5.96967, 0.00178926, -0.000182349, 0.00285749, 
178, 115556, -0.0312356, 2.37366, -21.1857, -0.00264807, -0.000163975, 0.00185769, 
179, 21083.5, -17.5134, 21.7625, -16.5136, 0.000474968, -0.00203074, 0.00211113, 
180, 120384, 10.8629, 12.345, -27.1791, -0.000334609, -0.00181711, 0.00347889, 
181, 104093, -6.56494, -9.14172, 0.87363, 0.000869866, 0.00198957, -0.00147825, 
182, 90014.4, 13.2833, 4.28351, -16.322, 0.000575074, -0.00104723, 0.00202737, 
183, 39510.6, -26.5422, -10.6804, -8.09303, -0.000148931, -0.000278607, 0.00332757, 
184, 37719.2, -27.54, -12.7754, -9.80976, 0.0010478, 0.0039627, 0.00131114, 
185, 182373, 0.585255, 15.3767, -4.63327, -0.00142899, -0.00240028, -0.000487197, 
186, 153608, 10.1886, -15.5433, -22.6157, 0.000335549, 0.00286503, 0.00220234, 
187, 201002, 18.2388, -19.7999, 24.6891, -0.000349326, 0.00139259, -0.00168831, 
188, 658.569, 35.1015, -4.78371, 27.917, 0.000928886, 0.00139356, -0.00269758, 
189, 143642, -23.9219, -19.0951, 33.7379, 0.00121926, 0.00151968, -0.000714016, 
190, 250454, -26.9143, 19.6669, -14.229, 0.00250603, -0.00169021, 0.0015069, 
191, 55591.1, 23.8711, 17.8968, 2.57916, 0.00194378, -0.00471701, -0.00141084, 
192, 141084, 23.9085, -16.0075, -12.2488, -0.00076997, 0.00228956, 0.000752292, 
193, 52387.2, 15.5264, -9.92302, -19.2181, -0.00409256, 0.000775991, 0.00248747, 
194, 39745, 37.8727, -28.7908, 30.7706, -0.000963492, 0.000693101, -0.000828745, 
195, 89443.4, 23.0497, 14.4836, -0.0832567, -0.00124831, 0.00252373, -0.000340609, 
196, 196180, 17.5941, 16.245, -8.46968, -0.000955034, -0.00387924, 0.00243626, 
197, 56906.6, -15.0563, 16.9757, -1.75754, -0.00202816, -0.00162039, 0.00293032, 
198, 249087, 30.1369, -22.2916, -3.88312, -0.00345313, 0.00213492, -0.00174433, 
199, 137680, -29.2562, 18.2821, 26.285, 0.00131745, -0.00159814, 0.000473553, 
