ID, Mass [kg], pos_0 [m], pos_1 [m], pos_2 [m], vel_0 [m/s], vel_1 [m/s], vel_2 [m/s], 
0, 94943.7, 15.8229, -0.568624, -17.9296, -0.000808489, -5.80248e-05, 0.00109979, 
1, 62676.1, 19.1795, 16.6149, 14.7362, -0.00100868, -0.000687035, -0.000501715, 
2, 129817, 6.86793, 0.112099, 11.6916, -0.00157129, 5.78813e-05, -0.00105825, 
3, 116722, -17.1113, -15.1998, -10.3599, 0.00134256, 0.000522647, 0.000716958, 
4, 50768, 5.78766, -3.89664, -6.78771, -0.000578607, -0.000190177, 0.000592825, 
5, 151125, -9.74802, 15.3006, 10.8439, 0.00088665, -0.00218875, 0.000450494, 
6, 8210.88, -15.8291, 6.46327, -7.30311, 0.00127941, 0.00103515, 9.45003e-05, 
7, 64135.2, 14.2315, -9.82672, 10.2348, -0.00136721, 0.00159476, -0.000584063, 
8, 49086.3, 1.73998, 1.09159, 11.7082, -0.00218582, -0.000433567, -0.00125836, 
9, 179608, 12.6709, 12.3861, 18.6679, -0.000924986, -0.000582021, -0.00107571, 
10, 140950, 11.3814, -10.0165, -6.35715, -0.00113795, 0.000764005, 0.000401096, 
11, 1383.39, 12.2115, 6.35235, 11.9638, -0.00125887, -0.000424143, -0.000964662, 
12, 250361, -0.668618, -9.26112, 11.9261, 0.000108189, 0.00146807, -0.00108386, 
13, 41751.1, -15.9659, 12.7181, 10.0225, 0.00154982, -0.00115895, -0.000584053, 
14, 18464.4, 14.316, 9.58102, 3.31552, -0.0012092, -9.15468e-05, -0.000255094, 
15, 47062.8, -17.3027, -0.723144, 1.93192, 0.00206992, 0.000938577, 0.000592924, 
16, 93408.5, 8.34411, -4.65449, -12.1389, -0.000797525, 0.000186848, 0.000601101, 
17, 63985.3, 12.8396, -5.99262, 9.53502, -0.00164256, 0.0027907, -0.000580638, 
18, 495397, -6.2094, -18.4304, -14.009, 7.1009e-05, 0.00145081, 0.00100278, 
19, 8175.9, 0.0715844, 7.63916, 12.1582, -0.000694414, 0.000208528, -0.000613215, 
20, 133265, -16.5192, 18.2604, -10.8353, 0.000623262, -0.00213115, 0.000679881, 
21, 62915.9, -15.089, -7.02854, -2.41528, 0.00099884, 0.000507486, 0.000773251, 
22, 26672.9, -1.91621, 8.66737, -3.10001, -0.000165683, -0.000251003, 0.000968165, 
23, 10031, 12.6238, -6.61306, 8.74726, -0.000970803, 0.00246745, 0.00123613, 
24, 97630.6, 0.352276, -3.64268, 13.0638, 0.000577548, 0.000744488, -0.00215291, 
25, 3753, 5.44287, -13.7632, 6.71344, -0.000365033, 0.00128526, -0.000664496, 
26, 274293, -16.0438, 11.2769, -9.76673, 0.000869468, 0.00186292, -0.00171464, 
27, 10704.8, 12.86, -4.65249, 10.0703, 0.000400578, -0.00194992, 0.00150831, 
28, 54714.2, 3.00063, -10.4759, 15.3345, -0.000576993, 0.00127365, -0.00177198, 
29, 62041.6, 6.05993, -8.63727, 1.86147, -0.000710324, 0.000591359, 5.73552e-05, 
30, 83991.8, -15.0933, 6.53168, 9.21296, 0.0016426, -0.000750822, -0.00157434, 
31, 85336, -7.17564, 13.9452, -4.58319, 0.00021694, -0.00107707, 0.00038932, 
32, 6405.9, -0.962766, 5.10859, 7.34445, -0.000716942, -0.000206922, 0.000246376, 
33, 6024.27, -0.727924, -8.81888, 12.0626, 0.00139496, -0.00167212, -0.00289233, 
34, 37843.3, 17.4453, 12.8366, 2.38309, -0.00162207, -0.000574778, -0.000571859, 
35, 113731, -9.4494, 12.8681, 13.8666, 0.00158294, 0.00253462, -0.00123317, 
36, 1721.18, -17.5878, 2.2914, -0.419764, 0.00188757, 0.00041421, 0.00114698, 
37, 497942, -12.8642, 1.31402, 6.06147, 0.000691912, 0.00158957, -0.00101165, 
38, 27248.6, -3.50783, -10.3381, 5.04548, -0.000410261, 0.000696569, 0.00116229, 
39, 70169.5, 0.44613, -4.41583, 10.8361, -0.000117463, 0.00105967, 3.89405e-05, 
40, 82630.2, -6, -1.9569, 4.19317, -0.000238037, 0.000676772, -5.02414e-05, 
41, 36719.1, 9.72492, -0.571849, -15.5409, -0.000658515, -0.000559831, 0.00121677, 
42, 29280.3, -8.79003, -14.6611, 12.9491, 0.000610153, 0.00119407, -0.00113, 
43, 14429.9, 8.18105, 13.1569, 11.3584, -0.00176269, -0.000845681, -0.000784945, 
44, 46028.9, -16.7568, -8.28482, 1.90685, 0.00148605, 0.000739743, 5.04066e-05, 
45, 49132.5, 5.62334, 13.5058, 2.17045, -0.000622653, -0.000324791, 0.00114553, 
46, 99196.6, 16.9634, 2.6329, -13.0773, -0.000974332, -0.000300749, 0.000727368, 
47, 23307.7, -13.9653, 8.18318, -4.98347, 0.00041425, -6.50108e-05, -0.000191843, 
48, 68725, -2.96609, 9.17587, 5.1823, 2.27028e-05, -0.000554253, 0.000340917, 
49, 44059.3, 0.555696, 5.82535, -7.29258, -0.000346764, -0.000313345, 0.00102739, 
50, 30410.5, 7.28517, 3.37185, -1.44333, -0.000847215, -0.000293391, 0.000778505, 
51, 50893.4, 16.1493, -8.2724, 15.1335, -0.00128905, 0.000889889, -0.00114312, 
52, 143593, 18.0889, 3.29105, 18.2567, -0.00112843, -8.03984e-05, -0.000924472, 
53, 21526.1, -18.1526, 12.7733, 14.4864, 0.00155103, -0.000881647, -0.00110764, 
54, 3371.29, -11.7025, 6.08129, -18.0525, 0.000320819, -7.99577e-06, 0.00175494, 
55, 71829.6, 2.45289, 15.1011, 13.7134, -0.000685849, -0.00376825, -0.00219316, 
56, 117977, -12.0072, -16.8547, 3.33748, 0.00106206, 0.00134126, -0.000484038, 
57, 88711.1, -8.28876, 16.4212, -16.1314, -0.000249403, -0.000830445, 0.00112961, 
58, 75328.6, 1.15666, -11.1977, -10.9687, -0.000848568, -5.08387e-05, 0.000255965, 
59, 259081, 18.0198, -5.0631, -7.85379, -0.00129381, 0.000175118, 0.00056118, 
60, 62103.3, -11.5827, 18.1872, -18.5216, 0.000272265, -0.00092487, 0.0012657, 
61, 225027, 0.611146, 16.7531, -5.07107, -0.000209155, -0.0017222, -1.68919e-05, 
62, 49835.1, -1.25454, 11.8134, 17.3245, -0.000725362, -0.00079872, -0.00332254, 
63, 10291, -8.80922, 12.2713, -8.15316, -0.000337791, -0.000674187, 0.000881157, 
64, 33558.3, 11.9917, 0.685518, 7.39068, -0.00152039, -0.00069585, 0.000198734, 
65, 44258.8, -7.43224, 14.4913, -7.3892, -0.000100371, -0.00129091, 0.00114772, 
66, 14345.9, -8.76125, 11.7369, 0.709358, 0.000542934, -0.00115762, 0.000393865, 
67, 204759, -5.70765, -11.1866, 6.19968, 0.000687523, 0.00134936, -0.000937778, 
68, 120827, -2.99613, 11.2405, 15.2309, 0.000230793, -0.000352533, -0.00268466, 
69, 25946.8, -0.564886, -10.2689, -12.4752, -0.000248068, 0.00228913, 0.0011195, 
70, 169218, -14.7613, 4.10148, 5.18159, -0.00068932, 0.000350717, 0.00181331, 
71, 8726.37, -7.77025, 9.20928, -10.6385, -0.000622893, -0.000388707, 0.00125732, 
72, 179484, -5.13418, -0.604233, 1.23403, -0.000298834, -5.56885e-05, 0.0008288, 
73, 225280, -10.8731, -14.0209, -13.727, 0.000979691, 0.000303182, 0.00111108, 
74, 1065.8, -1.62106, -13.2019, -5.44604, -0.000174772, 0.00101661, -1.07307e-05, 
75, 23039.3, 8.37516, 19.2974, -18.7494, -0.000325285, -0.000705764, 0.000816974, 
76, 97718.6, -2.09019, 3.29775, 14.206, 0.00019835, 5.75894e-05, -0.00187316, 
77, 97225.7, 7.12705, -1.75992, 0.829753, -0.00109028, -0.000539443, 0.000297874, 
78, 108293, 6.28687, -12.4582, 1.45357, -0.000648812, 0.00116126, 2.26745e-05, 
79, 20755.1, -10.7201, 6.00096, -15.9336, 1.93014e-05, 0.000103299, 0.00170066, 
80, 12051.5, -13.5738, 10.0837, 9.07214, 0.000885209, -0.00157829, -0.000346936, 
81, 7274.55, 11.175, -17.9763, -15.2182, -0.000345032, 0.000943958, 0.000697161, 
82, 41167, 15.7175, -2.9913, 0.648162, -0.00143743, 0.000178489, 0.000148422, 
83, 17941.4, -6.15131, -14.3363, 11.326, 0.000308488, 0.00152267, -0.00110504, 
84, 44427.1, 10.4841, 5.53102, -4.06653, -0.000879176, -0.00023254, 0.000719025, 
85, 22172.5, 15.0832, -19.0119, -8.43239, -0.000650623, 0.00103636, 0.000125883, 
86, 31611.7, -15.1366, 7.4913, 9.7105, 0.0018834, -0.00122993, -0.000746089, 
87, 26634.8, -15.8345, -3.4744, -6.42898, 0.00084536, 0.000458692, 0.000582659, 
88, 75754.5, 8.56313, 11.574, -12.0743, -0.000445223, -0.000593449, 0.000961074, 
89, 113107, -16.2402, -18.6414, 11.6934, 0.000730065, 0.000940462, -0.000652636, 
90, 27261.6, -10.7017, -8.54147, -0.625432, 0.000793018, 0.000488673, 0.000289181, 
91, 351484, -1.50389, 14.4403, 1.91061, 0.000271826, -0.00135128, 0.000320876, 
92, 329973, -10.1508, 3.67422, 15.5007, 0.000896748, 0.000239232, -0.00161954, 
93, 29994.8, -18.7552, -10.24, 11.0225, 0.00114255, 0.000731615, -0.000743624, 
94, 66540.9, 13.8343, 13.1622, -10.2188, -0.000357046, -0.000709865, 0.00108122, 
95, 84875.3, -3.72136, -10.2453, 4.21354, -0.00058475, 0.000834231, -0.000157328, 
96, 264300, -15.9244, 5.53587, 3.96865, 0.00309368, -0.00234332, 0.000752944, 
97, 86518.6, -10.4552, -5.9696, 18.7995, 0.000709367, 0.000771328, -0.00139002, 
98, 315093, 17.9598, 13.0857, -3.07064, -0.00134213, -0.000636362, 0.000351976, 
99, 201632, 2.0089, -14.8284, -11.0716, -0.00194373, 0.0023721, -0.000321168, 
100, 359073, -13.6591, 8.96854, -10.3271, -0.000724247, 0.00083681, 0.0013903, 
101, 54977.4, 15.1898, 11.2259, 0.0860722, -0.000913309, -7.05275e-06, -0.000114951, 
102, 118203, 13.0539, -3.84176, 13.1444, -0.00142185, 0.000416591, -0.00209425, 
103, 14953.6, 17.2371, -18.9309, -8.92775, -0.00102813, 0.000902568, 0.000116626, 
104, 46864, 1.89521, -14.5171, -10.3031, 0.000815401, -0.000281938, -0.00240176, 
105, 25231.1, -16.4967, 14.1932, 10.0253, 0.00168121, -0.00192927, -0.000456939, 
106, 30079, -6.49618, -8.60753, 17.5639, 0.000380275, 0.00100085, -0.00144002, 
107, 3629.19, 13.1654, -3.83028, 12.965, -0.00217934, 0.000297629, -0.00127565, 
108, 66090.9, 1.65892, 12.5968, 0.747486, -0.00086526, -0.000219464, 0.00101611, 
109, 61393.7, 7.8832, 0.199794, 12.2607, -0.000178538, 0.000128849, -0.000309926, 
110, 20439.4, 16.9814, 6.31382, 8.79635, -0.00178034, -0.000235549, -0.000356998, 
111, 141284, 2.25314, -15.0234, -10.7281, 0.000687545, 0.000423744, 0.00285013, 
112, 92531.1, 0.682139, 16.5798, -5.78384, -0.000597368, -0.000177237, 0.00352476, 
113, 31864.8, -7.83916, -2.93489, 6.01205, 0.00177325, 0.0025352, -0.00101472, 
114, 44313.2, 11.7664, 14.8791, -2.02073, -0.000609836, -0.00106383, 0.000762516, 
115, 4750.24, -15.3883, 1.34355, -11.3378, 0.000537846, 0.000272557, 0.00136347, 
116, 44452.8, -6.50264, -13.1199, -5.02369, 9.00625e-05, 0.000860675, 0.000862088, 
117, 11256, 13.6836, 11.3541, -1.50925, -0.000314742, -0.000152206, 0.000647792, 
118, 19927.1, 9.57092, -15.2675, 17.5888, -0.000551977, 0.000989658, -0.000952847, 
119, 274949, 0.210805, 0.767433, 11.429, 0.000197384, 0.000258323, -0.000587179, 
120, 100403, 13.212, 15.581, 3.25527, -0.0015634, -0.00111993, -0.000100154, 
121, 71368.6, -15.017, 7.36236, 10.0911, 0.00153356, -0.000538738, -0.00167114, 
122, 191445, -4.24771, -7.22164, -11.7562, 0.000909145, -0.00033312, 0.000829003, 
123, 172817, -9.72642, 13.0601, 13.7229, -0.000105565, -0.00311358, -0.00184468, 
124, 64236.3, 6.84457, -2.84596, 0.252271, -0.000500659, 0.00118983, 0.000990561, 
125, 55232.1, -5.64811, -19.8061, -15.3146, 0.000659187, -5.41491e-06, -0.000270891, 
126, 82879, 8.00923, -3.54037, -14.4049, -0.000392609, -0.000263324, 0.00153842, 
127, 194422, -2.35251, -8.90241, -15.6084, 3.10738e-05, 0.000115498, 0.00210997, 
128, 19393.7, -1.3394, 4.80549, 16.7465, -0.000364622, -5.71511e-06, -0.00251263, 
129, 294796, 7.86357, 15.5459, 4.33437, -0.00175836, -0.00186696, -0.000335872, 
130, 3377.38, -2.67234, -6.177, -11.1897, -0.000895125, -0.000871388, 0.000509861, 
131, 80.222, 3.60173, 3.29173, 1.75471, 0.000342981, 0.000552886, 0.000687635, 
132, 80445.4, 7.25084, 1.26474, 14.6241, -0.00115513, -0.00019261, -0.00234034, 
133, 62558.6, -8.19924, 2.31372, 17.9, -7.46951e-05, 0.000788481, -0.00262067, 
134, 16081.4, -8.25489, 2.57157, 12.8439, 3.72753e-05, 0.000862103, -0.000732667, 
135, 23462.2, -4.77712, -6.90812, -12.0796, -0.0015191, 0.00105676, -0.000165735, 
136, 225632, -16.5162, 7.32859, 3.72257, 0.00194744, -0.000796898, 0.000287603, 
137, 67903, 9.63898, -6.68807, -18.6014, -0.000596261, 0.000292848, 0.00136967, 
138, 35061, 5.76904, -2.06115, 6.95394, -0.00214428, -0.000928929, 0.00196237, 
139, 88062.7, 6.54377, 8.71237, -17.9156, -0.000441303, -0.000381727, 0.00126799, 
140, 1521.39, -16.4383, 13.1872, -9.16121, 0.000824043, -0.00320526, -0.00370765, 
141, 457142, -2.97322, 11.5677, 13.8039, 0.000245353, -0.000782909, -0.000908331, 
142, 9623.76, -0.772266, 16.75, 1.7897, -0.000404201, -0.0033802, 0.000182754, 
143, 117111, -4.59272, 4.92744, 7.40894, -0.000108784, -0.000188312, -0.000100335, 
144, 51587.4, 15.8145, -9.94177, -5.05549, -0.00141037, 0.000865925, -1.78542e-05, 
145, 59160.8, 0.630318, -11.993, 2.7069, -0.000455884, 0.00136645, -3.12638e-05, 
146, 46437.6, -3.13111, -2.5205, -15.7381, 8.7499e-05, -0.00057117, 0.00155049, 
147, 315819, 17.4851, -16.7475, -16.5795, -0.000705841, 0.000583683, 0.000624059, 
148, 9477.01, -16.4088, 1.07415, 3.40139, 0.00272402, 0.00122187, 0.000458136, 
149, 23731.9, 17.6429, -4.87407, -5.19585, -0.0012052, 7.1193e-05, -0.000966979, 
150, 1616.21, -13.0302, -7.66991, -12.9715, 0.00104812, -5.78897e-05, 0.00129406, 
151, 145441, -16.8755, -7.65617, 0.826692, 0.0014866, 0.000896636, -0.000223142, 
152, 89905.1, 3.98319, -10.8936, 11.3414, -0.000892546, 0.00150539, -0.000763248, 
153, 50014.5, -9.55729, -18.0951, 6.07042, 0.000274901, 0.00168261, -0.000833202, 
154, 21290.7, -5.157, 8.10069, -9.7847, -0.000369438, -0.000276862, 0.0011294, 
155, 452855, 2.36614, 13.2643, 12.7122, -0.00120476, -0.000803275, -0.00115258, 
156, 61176.7, -17.3056, 12.4533, -9.798, -0.00186458, -0.000397215, 0.00315448, 
157, 5863.45, 16.8831, -2.76073, -7.73074, -0.00056992, -0.00121695, 0.000422176, 
158, 105664, 7.42517, -8.81081, -6.65944, -0.000507408, 0.000422827, 0.000457637, 
159, 31320.7, -10.7542, -8.40372, -10.5971, 0.000716208, -0.000105736, 0.00101591, 
160, 47367.3, -1.07701, -6.92868, 0.454514, -0.000330837, 0.000541253, 0.000453356, 
161, 98301.7, -13.6742, -18.3664, -10.613, 0.000851257, 0.00140129, 0.00040247, 
162, 73178, 13.7602, 7.13812, 9.0852, -0.00135124, -0.000441666, -0.000458221, 
163, 51504.1, 17.4086, 15.027, -10.3578, -0.00132414, -0.000771565, 0.000901676, 
164, 370259, -16.5034, 11.7673, -10.6141, 0.0021068, -0.00279581, 0.00152765, 
165, 149722, 3.19936, 11.4409, 7.04238, -0.000760746, -0.000316308, 0.000215189, 
166, 198765, 8.53973, -16.7437, 4.8344, -0.00075464, 0.001435, -0.000394381, 
167, 139660, 5.84616, -1.91596, 6.90877, -0.000239994, 0.000724062, -0.00023944, 
168, 83268.5, 4.73585, 3.94031, 13.1333, -0.000956181, -0.000748753, -0.00128567, 
169, 111579, -7.5884, -13.2793, -1.47244, 0.000318523, 0.000910377, 0.000767787, 
170, 19096.2, 16.7134, 15.5937, -10.6715, -0.000202531, -0.00161876, 0.00120266, 
171, 200677, -18.5332, -1.05746, -9.23859, 0.00123643, 0.00029289, 0.000866512, 
172, 52868.7, 3.29152, -1.90293, 16.4144, -0.000547166, 0.000602758, -0.00225271, 
173, 41037.8, 0.928027, -3.95513, 12.7784, -0.00180615, 0.00144953, -0.00121661, 
174, 4465.77, 0.26286, 8.06444, -13.3912, -9.52102e-05, -0.000383251, 0.00114827, 
175, 6545.54, -12.1636, -16.4757, 3.68858, 0.000497398, 0.00290725, 0.00107271, 
176, 62246.2, -12.4726, -9.53869, -8.80927, 0.00103843, 0.000325851, 0.000509088, 
177, 128306, -0.423404, -3.21405, -9.20032, -0.00026631, -0.000396808, 0.000734458, 
178, 85947.3, 7.99525, -15.3772, -3.49634, -0.00078218, 0.00137717, 0.000172844, 
179, 85524.8, 16.2382, 11.8059, -8.16868, -0.000946809, -0.000135222, 0.000880322, 
180, 258268, -7.74289, -13.7942, -0.263806, 0.000431181, 0.00138669, -0.000173696, 
181, 46445.2, 3.78867, 9.1798, -15.4114, -2.8887e-05, -0.000484057, 0.000993419, 
182, 79205.4, -7.82605, 5.74953, 4.00073, -6.69228e-05, -0.000740699, 0.000623471, 
183, 34651.8, 15.8483, 4.26964, 2.03152, -0.00141917, -5.5808e-05, 0.000139444, 
184, 92155.5, -0.809171, -9.98585, -12.6001, -0.000329633, -0.000244568, 0.000948186, 
185, 83068, -15.1681, 5.22826, 16.3677, 0.00176281, -0.000113105, -0.00167443, 
186, 70401.9, 4.3787, 4.04807, 1.82042, -0.000623992, -0.000282286, 0.000528613, 
187, 187320, -16.1722, 13.326, -9.32451, 0.00171795, -0.00162622, 0.00155102, 
188, 247302, -13.9212, 3.94311, 4.07966, 0.00147895, -0.000344159, -0.000423256, 
189, 41300.5, -6.12465, -2.0207, -0.406339, 0.000630077, 0.000904133, 0.00156098, 
190, 175489, -18.0627, -17.4335, -5.37452, 0.00113841, 0.00102026, -1.76496e-05, 
191, 80320, -7.93658, -3.03779, 5.98428, 8.23215e-06, 0.000767193, -0.000598061, 
192, 384764, 12.341, -3.90775, 9.42887, -0.00129355, 0.000276107, -0.000196894, 
193, 72170.5, 2.55975, 14.0035, 11.0331, -0.000607769, -0.00281573, 0.00163788, 
194, 154299, -8.72457, 13.3939, 14.1207, 0.0022152, -0.0018392, -0.000979289, 
195, 83475.5, 8.31841, 15.8378, 4.57012, 0.00182829, 0.000278865, 0.00100137, 
196, 56140.2, -18.0733, 17.2059, 1.90913, 0.00105052, -0.00133426, -4.15547e-05, 
197, 10070.3, 11.9329, -4.03505, 9.48671, -0.00618204, -0.000846008, 0.000298097, 
198, 29593.9, -7.95812, 4.03373, 9.99845, 0.000274556, -4.55716e-05, -0.000822638, 
199, 2474.18, 15.813, 9.8205, 4.80079, -0.00156458, -0.000296261, -0.000468303, 
