ID, Mass [kg], pos_0 [m], pos_1 [m], pos_2 [m], vel_0 [m/s], vel_1 [m/s], vel_2 [m/s], 
0, 86447, -10.0904, 46.3892, -18.8773, 0.000113734, -0.000459543, 0.000215061, 
1, 189575, -45.8385, -24.0301, 4.6135, 0.000324322, 0.000270128, -0.000135205, 
2, 31834.7, -0.849456, -44.1135, -39.1009, 0.000329137, 0.00074405, 4.63237e-06, 
3, 198333, 28.6699, 39.1607, 8.46612, -0.000124032, -0.000467255, -4.66304e-05, 
4, 26595.9, -14.0639, 19.5228, 2.69981, 0.000132447, -6.04199e-05, -0.000164895, 
5, 74974.9, -26.6383, -21.5856, -26.999, 8.05129e-05, 8.48141e-05, 0.00012146, 
6, 97542.7, 48.556, -38.0706, 49.3474, -0.000288963, 0.000376243, -0.000464841, 
7, 2615.97, 0.900316, 43.494, -37.6638, 5.88129e-05, -0.00034659, 0.000293558, 
8, 21192.8, 40.8641, -36.6399, -3.72427, -0.000428644, 0.00043937, 6.314e-05, 
9, 81679.8, 27.3555, 28.9966, 23.5606, -0.00014123, -0.000149362, -0.000436634, 
10, 127647, -29.4961, -29.4007, 39.8694, 0.000306967, -0.000329223, -0.000648663, 
11, 16957.3, -15.2665, -24.7302, 11.2052, 0.000195092, 0.000365623, -0.000231416, 
12, 46224.1, 46.1833, 47.5281, -29.5631, -0.000246322, -0.000296306, 0.000243223, 
13, 23966.4, 21.0974, 33.8603, 3.70785, -2.47961e-05, -0.000272861, -2.75434e-05, 
14, 11985.5, 0.868172, -10.971, 44.3897, -0.000213554, 2.51254e-05, -0.000314284, 
15, 3133.43, -15.404, 8.62076, 22.6268, 9.15163e-05, -0.000677939, -0.000579585, 
16, 16899.7, 3.4728, -16.2499, 39.3934, -0.000108147, 0.000199564, -0.000270759, 
17, 19424.5, 1.18305, 47.5294, -10.1213, 4.47653e-05, -0.000621954, 0.000137329, 
18, 130822, 45.2603, -34.5362, 6.04207, -0.000648124, 0.000109434, -4.84866e-05, 
19, 25233.8, -27.4105, 15.4749, -30.7566, 0.000255454, -0.000137042, 0.000373151, 
20, 47646.9, 47.4858, -42.8617, -26.7802, -0.000276888, 0.000293556, 0.000158401, 
21, 165666, 9.02151, -3.39783, -17.0141, -5.94626e-05, 0.000119162, -0.000324324, 
22, 68385.5, 12.368, 1.07526, -22.2596, -0.000315335, 3.284e-05, 0.000216345, 
23, 221148, 44.7809, -39.303, 27.6837, -0.00019966, 0.000245062, -0.000158733, 
24, 74530.5, 29.1969, -9.97979, -21.5826, -0.000301269, 0.000120745, -5.9833e-05, 
25, 43250.2, 34.4465, 20.5086, 48.9013, -0.000123028, -6.99985e-05, -0.000362681, 
26, 16449.5, -42.4817, -49.271, -25.9251, 0.000194789, 0.000262179, 8.24358e-05, 
27, 30641.9, -23.9, 38.8419, 2.28226, -0.000342547, -0.000930613, -0.00047421, 
28, 85788.3, 12.49, 6.24178, -22.3252, -0.000168975, -0.000418153, 0.000143349, 
29, 18634, -38.3027, 45.2768, 3.66927, 0.000293054, -0.000379662, 8.83371e-05, 
30, 2394.47, 36.4523, -19.7078, -0.759955, -0.000210359, 2.11386e-05, -0.000169392, 
31, 128472, 41.6453, 13.2223, 30.1522, -0.000306603, -1.59418e-05, -0.000359602, 
32, 63731.5, 14.5459, 7.89, -41.9852, -0.000218231, -2.78935e-05, 0.000455005, 
33, 1929.75, -13.5593, -0.502586, 42.5134, 2.62654e-05, -3.06045e-05, -0.000418503, 
34, 137164, -15.4547, 5.46054, 20.5444, 0.000100116, -0.000193777, -0.00016673, 
35, 50524.2, 3.98829, 4.62729, -41.1256, -0.000271869, -0.000183507, 0.000640456, 
36, 6629.78, 41.5213, -19.1851, -31.6864, -0.000493814, 0.000244256, 0.000495814, 
37, 38240.2, 36.4954, -23.2537, -47.2417, -0.00040796, 0.000212585, 0.000440957, 
38, 18423.8, -0.132479, -6.20216, -23.2377, 0.000335284, 0.000448386, -0.000307279, 
39, 194740, 32.2746, -39.2384, -5.43218, -4.16703e-05, 0.000464593, 7.57373e-06, 
40, 166672, 8.87897, -24.5854, -43.8875, 0.00016563, 9.68825e-05, 0.000584448, 
41, 63465.7, 26.1284, 15.2336, -15.3901, -0.00020796, 7.99769e-05, 0.000168421, 
42, 21989.4, 21.6589, 39.6154, -9.0643, -0.000101726, -0.000543664, 0.000105665, 
43, 7506.47, 35.1388, -27.3396, -13.1781, -0.000142554, 0.000142014, 0.000160966, 
44, 1030.15, 39.2265, 5.41062, -17.0912, -0.000370636, 7.30744e-05, 0.00022039, 
45, 60141.1, -0.0467741, 20.9948, 4.91295, 3.6126e-05, 1.50785e-05, -0.000294643, 
46, 69136.8, -31.9389, -7.44967, 24.8039, 0.000198141, 0.000179885, -0.000197543, 
47, 4636.02, 25.2005, -48.7885, 37.0836, -3.67148e-05, 0.000301929, -0.000184295, 
48, 148424, -18.1826, 12.4166, 43.9188, -3.59851e-05, -7.34286e-05, -0.000391887, 
49, 101751, 35.1255, 44.1154, -3.42547, -0.000250861, -0.000503056, 8.52405e-05, 
50, 113749, -25.5621, -26.656, -38.2045, 0.000418274, 8.22002e-07, 0.000161538, 
51, 14312.6, 7.18899, 14.2866, -46.4801, 9.82848e-05, -0.000104344, 0.000566663, 
52, 115787, 41.0931, -5.66207, 42.9003, -0.000177344, 1.56917e-05, -0.000330772, 
53, 10116, 46.5636, 45.1519, -24.2192, -0.000276434, -0.000228641, 0.000156938, 
54, 33789.7, 2.45216, 31.4276, 3.6729, 0.000196408, -0.000206857, -0.000559877, 
55, 186460, 34.9676, 35.5182, 17.8356, -0.0003346, -0.000342899, -0.000313878, 
56, 245187, 42.3063, -27.268, -8.20543, -0.000390552, 0.000127672, 3.18778e-05, 
57, 290437, -13.8901, -4.42494, 19.8176, 4.76897e-05, 0.000191931, -0.000131467, 
58, 80698.8, -12.1607, 14.4284, 27.6142, -1.66336e-06, -0.000175801, -0.000300869, 
59, 117814, 18.8683, 23.9122, -12.9689, 0.000126857, -0.000128586, 0.000161461, 
60, 74301.5, -38.5479, 17.4161, 15.4629, -0.000253635, 0.000487744, 0.000488893, 
61, 87026.1, 7.99884, -44.8466, -36.2852, -0.000145655, 0.000617274, 1.91997e-05, 
62, 54123.3, 25.6568, 26.9578, -32.2297, -0.000197186, 0.000280337, 0.000629342, 
63, 142469, 10.7353, 23.9628, -47.7622, 5.64782e-05, -0.000337099, 0.000515332, 
64, 25240.3, 25.6706, -8.39186, 30.7278, -0.000167567, 0.000145581, -0.000321698, 
65, 84495.7, -31.7378, 8.54608, 49.1428, -2.20139e-05, 0.000147601, -0.000488872, 
66, 190154, 26.753, 30.7964, -21.5893, -0.000250874, -0.000313091, 1.03248e-05, 
67, 106916, -19.9936, 23.1773, -16.8203, 7.41463e-05, 0.00011526, 0.00025703, 
68, 142208, 43.1895, 26.0517, 7.04476, -0.000327997, -0.000246718, -0.000302265, 
69, 222966, -34.0905, 28.3181, 22.4064, -5.59908e-05, -0.000499333, -0.000192056, 
70, 23261.8, -11.2677, -33.9815, -12.746, 0.000143956, 0.000363576, -1.01952e-05, 
71, 37181.8, -24.7133, 27.4352, 8.78214, 7.3204e-05, -0.000204024, -0.000153283, 
72, 387724, 22.9525, 12.0876, 16.2578, -0.000107293, 4.64957e-07, -0.000211107, 
73, 94415, 41.7607, -17.7928, -24.291, -0.00011461, 0.000825634, 0.000212154, 
74, 92650.1, -8.31012, 23.7441, -8.14586, 0.000395992, 0.000359837, 0.000214976, 
75, 18296.3, -41.56, -2.09347, 39.9047, 0.000127963, 0.000240852, -0.00020614, 
76, 120001, -42.7447, -19.2377, -14.5793, 0.000445297, 5.1796e-05, 0.000667915, 
77, 272530, 16.3917, -7.60663, 14.4339, -5.72247e-05, 0.000247422, -0.000241572, 
78, 17526.5, -28.0229, -32.0703, 38.6469, -0.000988604, 0.0027648, 0.00183011, 
79, 64817.7, 4.75203, -26.5532, -17.4221, 0.000110284, 0.000350795, -6.30319e-05, 
80, 92249, 46.8414, 5.73906, 16.4502, -0.000415548, 0.000129752, -0.000209252, 
81, 18467.1, -48.7938, 4.69309, 23.3173, 0.000491296, 7.09852e-05, -0.000339509, 
82, 36826.6, 15.8085, 48.5141, 18.564, 1.36818e-05, -0.000543395, -0.00021369, 
83, 11297.7, 31.9042, -31.7627, -8.52975, -3.31712e-05, 0.000106867, -2.64247e-05, 
84, 79293, 1.23006, -39.0452, -45.3497, 0.000517898, 0.00103477, 0.00107668, 
85, 99758.2, 16.2389, 15.4974, 28.7553, 2.41538e-05, -0.000113562, -0.000477342, 
86, 23343, -37.4967, -6.41398, 20.3495, 0.000316607, 0.000197739, -7.02821e-05, 
87, 148233, 47.4767, 9.74005, -3.76801, -0.000428201, 0.000513046, 8.3108e-06, 
88, 11527.8, -39.3166, 16.3235, 43.8228, 0.000582819, -0.000989101, -0.000432322, 
89, 14718.3, 36.6218, 30.2029, -7.7214, -0.000283254, -0.000377843, 0.000157227, 
90, 46494.3, -3.08292, 2.43929, -22.8049, 0.000167588, -0.000122477, -0.000338395, 
91, 34379.9, -29.8841, -23.7433, -26.5129, 0.000565314, 0.000438029, 7.79407e-05, 
92, 23079.1, 29.3511, -15.8842, 1.73207, -0.000176931, 0.00016389, -0.000119952, 
93, 79660.5, -46.7727, 5.67399, 16.1173, 0.000523366, -0.000374715, -0.000347706, 
94, 77532.3, -44.6768, -40.7706, 47.82, 0.000198446, 0.000236763, -0.000198614, 
95, 85363.6, 40.0277, 19.7402, 15.5578, -0.000343418, -2.6353e-05, -0.00031697, 
96, 11260.4, -13.1881, 24.5449, 23.7268, 2.32513e-05, -0.00032246, -0.000225861, 
97, 31876, 32.5827, 12.4332, -20.1223, -0.000376845, 9.98665e-06, 0.000300575, 
98, 49282.2, 48.9637, 12.4049, -21.559, -0.000430159, -2.10238e-05, 0.000318309, 
99, 38415.4, -2.88518, 23.5358, -1.15557, 7.36721e-05, 2.76007e-05, -0.000206075, 
100, 8080.94, -39.6858, 1.90664, -31.8618, 0.000585087, 9.92846e-05, 0.000587473, 
101, 70282.6, 45.7656, 47.6469, 39.5437, -0.000158491, -0.000348909, -0.000157446, 
102, 317827, 2.83851, -36.0579, -42.2229, 0.000218904, 0.000196581, -3.68316e-06, 
103, 237904, -47.6885, 48.8195, 17.9306, 0.000222655, -0.000431659, -2.619e-05, 
104, 119615, -20.4598, 34.1787, -9.25899, 0.00015686, -0.000425561, 0.000159622, 
105, 31893.4, 5.62921, -40.5784, -1.5066, 4.69338e-05, 0.000370121, -0.000110356, 
106, 173086, -39.8023, 22.9587, 22.9132, 0.000483526, -0.000168394, -0.000421347, 
107, 486074, -39.9972, 17.785, 44.0058, 0.000197344, -0.00015888, -0.00032975, 
108, 40410.8, -25.6227, -31.8368, 48.3065, -3.46369e-05, 0.000250541, -0.000531416, 
109, 28247.2, -48.2943, 45.6277, 19.2762, 0.000496524, 0.000771073, -0.000549296, 
110, 23910.7, -26.267, 37.854, -31.0881, 0.000187424, -0.00036045, 0.000298904, 
111, 40242.6, -7.14293, -47.6198, 27.8212, 2.85226e-05, 0.000311701, -0.000121357, 
112, 24016.7, -46.3697, 4.47607, 14.7965, 7.37272e-05, 7.00998e-05, 0.00087181, 
113, 129600, 8.75417, -45.5771, -19.2345, 1.73102e-05, 0.000430039, -2.89278e-05, 
114, 114317, 14.7004, 37.3742, 17.0872, 0.000135655, -0.000423543, -0.000204646, 
115, 174934, -48.1217, 4.42086, 42.7978, 0.000395398, 0.000143947, -0.000259006, 
116, 143212, -2.31961, -3.89764, -28.7843, 0.000110668, 0.000403582, 0.00010707, 
117, 8073.33, -32.6331, 18.8686, 32.9179, -4.54601e-05, -0.000105501, -0.00020717, 
118, 37893.5, -5.77709, 20.0154, 29.5367, -9.27275e-05, -0.000266403, -0.000334201, 
119, 62400.5, 23.0085, 41.3805, 31.8402, -5.52877e-05, -0.000353726, -0.000390056, 
120, 242481, -3.57362, 1.23407, -38.5756, 0.000103914, 6.53936e-05, 0.000803205, 
121, 220498, 17.2666, -17.3753, -37.26, 9.16543e-05, -0.000234477, 0.000142865, 
122, 32681.3, 6.57355, 2.38582, 34.1934, 1.73752e-05, 2.91029e-05, -0.000370447, 
123, 348699, 48.0943, 18.2125, -4.13232, -0.000507089, -2.06166e-05, 0.000142778, 
124, 49173.7, 43.0383, -25.275, 48.4678, -0.000117994, 1.0584e-05, -0.000307821, 
125, 91676.5, 27.0869, -2.895, -21.7302, -0.000281452, -0.00013637, 0.000100755, 
126, 613.996, 47.5821, -20.9481, 6.01609, -0.000394247, 8.99738e-06, -0.000149953, 
127, 36070, 10.2353, -43.0834, 37.7176, 1.34014e-05, 0.000298886, -0.000202008, 
128, 60243.7, 46.5281, -11.8163, 36.2565, -0.00030358, 0.000110024, -0.000168419, 
129, 66572.3, 6.60951, -35.8875, -44.6996, -0.000927939, 0.000354175, 0.000952489, 
130, 41874.2, -39.4097, 26.9693, -37.1365, 0.000240849, -0.00014098, 0.000393631, 
131, 116662, -46.7507, 0.547603, 14.9213, 0.000419886, 0.000457046, -1.24116e-05, 
132, 109779, -10.9308, -8.77119, 40.3083, 3.54007e-05, 8.35039e-05, -0.000339506, 
133, 456997, -34.6405, 14.815, -6.85665, 0.000340726, -6.43526e-05, 8.43974e-05, 
134, 2780.32, -4.08626, 44.5982, -4.60333, 0.000222542, -0.000634709, 6.75824e-06, 
135, 102119, -7.00869, 13.951, -35.496, 0.000262505, -0.000488461, 0.000473324, 
136, 164662, -35.8007, 3.35657, -27.2316, 0.000331439, 1.34052e-05, 0.000282443, 
137, 84084.3, 27.5901, 38.6543, -38.3077, -0.000238168, -0.000499108, 0.000451905, 
138, 245299, -41.8459, -20.639, -9.03911, 0.000246228, 0.000281604, -0.000173815, 
139, 102038, -4.59869, -14.4228, 48.1974, -4.66881e-05, 0.000169086, -0.000426042, 
140, 146704, -35.1289, -26.7, 34.4516, 0.000381277, 0.000123085, 2.0086e-05, 
141, 170925, 47.2321, 37.8395, 43.5454, -0.000206195, -0.00010964, -0.000270627, 
142, 107951, 43.0319, -15.5062, -24.0678, -0.000819052, -0.000514312, 9.31988e-05, 
143, 64717.1, -11.6503, -24.1276, 4.698, 0.000541455, 0.000447433, -0.000325835, 
144, 28582.1, 17.6794, 32.4556, 25.8864, 9.63652e-05, -0.00022231, -0.000625067, 
145, 18763.1, -48.9689, -26.7096, -33.0757, 0.00031777, 0.000168906, 0.000205674, 
146, 44368.5, 2.34025, 40.8993, -19.1998, 1.77197e-05, -0.000436415, 0.000298842, 
147, 247503, -5.83753, 4.17222, -31.2761, 0.000331243, -0.000286117, 6.68367e-05, 
148, 54470.7, -11.36, -19.8101, 30.5836, -2.27883e-06, 0.000325487, -0.000237816, 
149, 158577, 26.4756, 24.7277, -9.31067, -0.000274473, -0.000182451, -4.49829e-05, 
150, 59031.2, 16.8178, -4.01534, 6.73709, -6.37708e-05, 4.97783e-05, 0.00018972, 
151, 120654, 30.549, -15.0504, -29.4879, -0.000386716, 0.000115384, 0.000152345, 
152, 33810.4, 24.5047, 34.0139, -38.1934, 2.54508e-05, -0.000191802, 0.000610394, 
153, 52884.6, -11.8125, -12.9863, 22.2839, -3.52942e-05, 0.000500131, -0.000221839, 
154, 76725.2, 46.9054, -35.3147, 46.339, -3.82801e-05, -6.26986e-05, -8.92147e-06, 
155, 2384.17, -40.9934, -26.734, -19.7979, 0.000295952, 0.000419523, 0.000296778, 
156, 54252.8, -1.7191, 14.418, -28.4407, -2.13896e-05, -0.000447343, 0.000110513, 
157, 18995.8, 39.7115, 8.21234, -8.88589, -0.000176191, 0.000182279, 0.000219847, 
158, 133837, -25.3723, -4.18914, -8.14016, 0.000164342, 0.000171551, 5.69911e-05, 
159, 166899, 16.2248, -23.6178, -37.8871, -0.000224053, 0.000695114, 0.000255538, 
160, 192252, 47.0315, 26.6498, -1.8986, -0.000447089, -0.000609417, 4.10473e-05, 
161, 17027.9, -11.7113, 17.4227, 41.4113, -0.000174391, -0.000269756, -0.000352375, 
162, 130287, -47.7543, -16.2854, 41.0477, 0.000304037, 0.000143367, -0.000223586, 
163, 72430.1, 13.3822, -17.4526, -17.0801, -4.97758e-05, 0.000300568, -0.000110137, 
164, 60583, -22.4661, 3.40169, 3.21258, 0.000115126, 7.75565e-05, -6.12973e-05, 
165, 38146.6, -33.0375, 46.5337, 9.88193, 0.000125798, -0.000435295, -7.77484e-05, 
166, 1307.56, -35.4539, -15.1615, 48.7218, 0.00012573, 9.00195e-05, -0.000382289, 
167, 124087, -6.31103, 26.9458, -7.30405, -3.29507e-05, -0.00055823, 5.11483e-05, 
168, 30066.1, 2.68577, 30.3473, -3.40701, 0.000515398, 5.86535e-05, 0.000105235, 
169, 177463, -26.2942, 36.3868, 0.344595, 0.000310787, -0.000323326, 7.45165e-06, 
170, 1123.4, 21.7263, -45.7263, -12.5898, -2.78994e-05, 0.000476777, 1.31382e-05, 
171, 71647.5, 48.2892, 46.5043, -16.3539, -0.000309093, -0.000331869, 0.000101733, 
172, 73299.5, 16.363, 2.34355, 35.5775, -9.91409e-05, 6.14433e-05, -0.000429121, 
173, 120519, 28.3973, -18.9486, -40.5125, -0.000648435, 0.000322975, 0.00050967, 
174, 243541, -20.7476, -32.563, -41.8146, 0.000156507, 0.000340062, 0.000310285, 
175, 232847, 4.12646, 37.6605, -2.38725, 0.000136804, -0.000761629, -4.19934e-05, 
176, 50296.6, -41.076, -4.54553, -2.14558, 0.000375143, 9.08271e-05, 1.02229e-05, 
177, 17627.5, -2.36656, -6.33638, -43.1588, 0.000107187, 0.000343679, 0.000714384, 
178, 115556, 5.98869, -5.48488, -23.6806, -1.89689e-05, 0.000287684, 0.000192233, 
179, 21083.5, -21.933, 33.2029, -32.5847, 0.000121167, -0.000263475, 0.000365205, 
180, 120384, 15.449, 18.3885, -43.0433, -0.000215934, -0.000120708, 0.000354178, 
181, 104093, -8.6745, -23.3451, 2.82341, -0.000222183, 0.000232456, 0.000122311, 
182, 90014.4, -11.5241, -3.66515, -32.017, 0.000623544, 0.000325674, 0.00025968, 
183, 39510.6, -38.4681, -12.7008, -23.0309, 0.000313521, 6.29304e-05, 0.000290127, 
184, 37719.2, -34.4156, -33.1741, -13.7783, 0.00016019, 0.000419053, 5.86674e-05, 
185, 182373, 7.61588, 31.3552, -2.91608, -0.000302613, -3.09304e-05, 1.7739e-05, 
186, 153608, 23.2456, -14.0848, -39.3112, -0.000452512, -0.000355247, 0.000530082, 
187, 201002, 20.3964, -28.9195, 35.5487, -4.80106e-05, 0.000209672, -0.000246195, 
188, 658.569, 34.6334, -13.2516, 42.6418, -6.05217e-05, 0.000141703, -0.000314844, 
189, 143642, -27.9671, -32.3324, 38.2941, -0.000143746, 0.000586611, -0.000157952, 
190, 250454, -42.4547, 30.1783, -23.8678, 0.000340626, -0.0002308, 0.000213856, 
191, 55591.1, 18.5454, 32.8993, 20.8304, -3.45143e-05, -0.000173474, -0.000320955, 
192, 141084, 27.725, -30.9767, -16.679, -8.54512e-05, 0.000329338, 9.99275e-05, 
193, 52387.2, 18.0959, -22.9175, -38.7511, 7.02938e-05, 0.000888313, 0.000181138, 
194, 39745, 44.6886, -31.8339, 37.8148, -0.000163873, 5.05107e-05, -0.000171805, 
195, 89443.4, 32.841, 4.11084, 1.69736, -0.000230072, 0.000161012, -4.95539e-05, 
196, 196180, 25.8689, 32.0146, -29.3136, -0.000147241, -0.000427731, 0.000438841, 
197, 56906.6, -21.277, 26.501, -17.0378, 0.000404882, -0.000754478, 0.000359357, 
198, 249087, 38.4683, -37.2486, 8.39039, -1.62155e-05, 0.000349488, -0.000238313, 
199, 137680, -40.4118, 19.2819, 17.2575, 0.000689076, -0.000159883, 1.28135e-05, 
