ID, Mass [kg], pos_0 [m], pos_1 [m], pos_2 [m], vel_0 [m/s], vel_1 [m/s], vel_2 [m/s], 
0, 280921, 57.2569, 173.787, 51.6825, -5.59289e-05, -6.83496e-05, 7.51333e-06, 
1, 149137, 138.12, -186.599, 197.231, -1.94514e-05, 2.92892e-05, -3.28378e-05, 
2, 50446.3, -111.948, 24.1017, -22.1414, 2.99951e-05, 6.75589e-07, -2.18088e-05, 
3, 41485.9, 59.1638, -66.0609, 152.669, -8.42818e-06, 1.98803e-05, -4.88036e-05, 
4, 9933.15, -38.6871, -27.2457, -81.1265, 1.02123e-05, -6.73508e-06, 2.50201e-05, 
5, 66967.5, 120.924, -9.50532, 7.77201, -4.05671e-05, 4.09747e-06, -2.10692e-06, 
6, 46662.8, -80.7142, 58.5528, -181.242, 1.09695e-05, 1.62981e-06, 5.87696e-05, 
7, 97754.2, 82.2011, -21.4264, -179.662, -5.25339e-06, -1.61138e-05, 5.58283e-05, 
8, 255643, 18.8484, 168.426, -125.427, 5.52316e-07, -3.86171e-05, 3.27381e-05, 
9, 417487, -84.453, -147.359, -17.8174, 7.40214e-06, 4.18719e-05, 3.85246e-06, 
10, 142825, 169.424, 150.732, 22.5406, -3.93395e-05, -2.00067e-05, -2.94306e-06, 
11, 100784, 84.9089, -69.2658, -47.8146, -3.52371e-05, 1.69428e-05, 2.53639e-05, 
12, 103879, -37.629, 170.144, 175.85, 8.13257e-06, -3.6908e-05, -3.86323e-05, 
13, 18497, 111.293, -50.3367, 113.211, 0.00010636, -5.43411e-05, 0.00011118, 
14, 142719, 80.7099, -39.7542, -118.528, -3.07644e-05, 1.42855e-05, 2.49594e-05, 
15, 24734, 41.2283, 17.434, 66.6246, -2.88382e-05, -3.18504e-05, -2.96704e-06, 
16, 60638.9, 25.894, -28.8447, -54.4974, 5.32376e-06, 6.59174e-06, 2.50709e-05, 
17, 156413, 35.8022, -57.6003, 142.568, 4.97895e-06, 9.82557e-06, -5.24363e-05, 
18, 40614.3, 81.9278, 40.6298, 72.0889, -2.91242e-05, -1.99343e-06, -2.15748e-05, 
19, 80054.7, 38.8683, -39.7779, -33.2638, 1.48869e-05, 3.41016e-05, 1.62944e-05, 
20, 20188.5, 79.5757, 157.484, -165.703, -4.5014e-06, -1.83014e-05, 4.42358e-05, 
21, 52898.6, 113.462, 15.6057, -133.909, -2.75326e-05, -6.94812e-07, 4.09428e-05, 
22, 70476.7, -187.814, -83.1681, -102.819, 3.94393e-05, -1.59015e-05, 2.26617e-05, 
23, 97799.1, -100.877, 87.1793, -70.8158, 2.01299e-05, -2.80718e-05, 8.11607e-06, 
24, 31591, 150.925, 135.048, -191.339, -4.17082e-05, -4.23806e-05, 5.73964e-05, 
25, 362159, -48.3144, -176.564, -169.545, 1.25298e-06, 4.82019e-05, 2.38513e-05, 
26, 54079.9, -136.132, 57.6441, 158.08, 2.4555e-05, -2.39226e-06, -3.39228e-05, 
27, 71083.6, 173.608, 198.339, 9.47643, -3.46406e-05, -4.7187e-05, -1.03324e-06, 
28, 49965.9, 57.2169, 26.8249, 66.0972, -1.17772e-05, -1.44641e-05, -2.77415e-05, 
29, 13380.9, -59.589, -157.331, 80.5544, -1.39205e-05, 3.52384e-05, -4.16779e-05, 
30, 295051, 167.634, -41.2544, 21.9272, -4.61999e-05, -1.34841e-06, 8.88278e-06, 
31, 167525, -59.6437, -137.063, 135.97, 7.64978e-06, 3.33735e-05, -2.55627e-05, 
32, 9620.01, -81.0598, 116.3, -132.288, 1.60874e-05, -3.2152e-05, 1.66526e-05, 
33, 72411.2, 15.2444, -87.3663, -159.293, 4.55168e-07, 2.39645e-05, 3.00525e-05, 
34, 19982.7, -103.87, -36.9751, 142.27, 2.25766e-05, 5.94474e-06, -2.91819e-05, 
35, 40945.2, -11.7661, 185.541, 181.096, 4.70288e-06, -3.9148e-05, -3.98636e-05, 
36, 88463.2, 117.132, -39.0697, 158.312, -2.03825e-05, -1.69595e-06, -4.54886e-05, 
37, 37051.3, -88.2195, -117.999, -13.1518, -4.19206e-05, 1.45179e-05, -1.66703e-05, 
38, 18264.2, -158.414, 125.148, 0.652586, 2.90695e-05, -2.91261e-05, 1.98894e-06, 
39, 113580, 109.331, -182.727, -176.562, -2.1284e-05, 3.29402e-05, 3.48734e-05, 
40, 4383.14, 125.428, 80.2016, 24.1162, -3.32382e-05, -1.02269e-05, -5.34054e-06, 
41, 99803.5, -4.14297, -130.757, 120.598, 1.43097e-05, 3.66683e-05, -1.37257e-05, 
42, 19049.6, 74.9502, -183.179, 76.3357, -1.08115e-06, 4.32009e-05, -5.69007e-06, 
43, 59175.5, 145.267, 181.658, 23.5558, -2.01862e-05, -4.77856e-05, 2.54621e-06, 
44, 106282, 138.408, 1.13233, -101.401, -4.62264e-05, 8.18609e-06, 2.726e-05, 
45, 85925.5, 138.959, 89.1598, -81.6882, -3.9308e-05, -1.03219e-05, 2.26299e-05, 
46, 75101.4, -38.2398, -13.2976, -23.0903, 1.50259e-05, 1.34922e-05, 3.76226e-06, 
47, 112110, 134.532, 6.06154, -64.3051, -4.81452e-05, 1.13233e-05, 1.63191e-05, 
48, 15845.1, -157.088, 7.32191, 18.372, 4.34969e-05, 3.68284e-06, -8.09767e-06, 
49, 578756, -95.2562, 187.498, -143.311, 1.42497e-05, -4.27718e-05, 1.93116e-05, 
50, 236989, -174.76, -177.921, -177.255, 4.45008e-05, 2.86549e-05, 5.42404e-05, 
51, 42192.7, -39.8597, -44.9524, 128.86, 1.52454e-05, 1.69273e-05, -3.3912e-05, 
52, 2833.87, 57.3495, -126.337, 185.987, -3.08723e-06, 1.87052e-05, -5.76416e-05, 
53, 20885.3, -103.107, -148.583, 163.889, 2.25607e-05, 2.66989e-05, -4.30632e-05, 
54, 59239.7, 92.5035, 22.4794, 16.6587, -3.61803e-05, -6.71454e-06, 4.74013e-06, 
55, 68616.1, -106.561, -147.993, -181.832, 1.66006e-05, 2.55031e-05, 5.95035e-05, 
56, 140806, 179.888, -91.825, 98.0111, -4.34658e-05, 4.19217e-05, -5.89485e-06, 
57, 47680.3, -44.9103, -55.9212, -182.075, 6.39593e-05, 3.96479e-05, 4.58842e-05, 
58, 142649, 41.0175, 174.799, 46.4266, 2.75953e-05, -6.53338e-05, 2.54466e-05, 
59, 121601, 110.724, -117.156, -124.527, -2.72874e-05, 2.37703e-05, 2.39529e-05, 
60, 48784.1, -182.224, 189.491, 191.337, 2.32702e-05, -4.43164e-05, -3.54451e-05, 
61, 212902, 14.2062, -69.6933, -180.373, 7.38216e-06, 8.4106e-07, 5.70918e-05, 
62, 33750, -190.961, -124.453, -130.698, -2.76697e-05, 7.34644e-06, 6.27324e-05, 
63, 103881, 166.335, -188.357, 141.026, -2.86056e-05, 4.41573e-05, -2.82964e-05, 
64, 144035, 74.2169, 132.711, 36.4441, -2.6663e-05, -2.6153e-05, 9.79734e-07, 
65, 255917, -180.674, -80.8005, -153.701, 5.27848e-05, -1.83752e-06, 3.0931e-05, 
66, 45051.8, 169.177, -70.6521, 42.7355, -5.42668e-05, 3.26466e-05, -6.86662e-06, 
67, 211462, 80.6158, -69.6597, -15.895, -3.1907e-05, 1.87504e-05, -4.80449e-06, 
68, 84771.9, 185.922, -182.053, 129.9, -4.40608e-05, 3.42333e-05, -1.48875e-05, 
69, 71798.4, -96.6206, -48.7149, 154.848, 1.99099e-05, 5.20934e-06, -4.36081e-05, 
70, 1322.42, -142.893, 159.294, 99.7854, 1.81435e-05, -4.95435e-05, -2.81082e-05, 
71, 75224.8, -45.1378, 150.919, 91.4399, 3.56212e-05, -2.67819e-05, -3.92496e-05, 
72, 52782.9, -40.6454, -192.481, -84.6958, 4.23037e-06, 5.46569e-05, 3.86437e-06, 
73, 79840.9, -174.243, 152.513, -170.2, 2.77874e-05, -3.08121e-05, 2.42856e-05, 
74, 104228, 96.6952, 88.1661, 95.4529, -2.65951e-05, -1.34917e-05, -1.04709e-05, 
75, 2482.41, 92.0096, -17.9003, 66.0202, -3.79775e-05, 7.50569e-06, -8.87617e-06, 
76, 154427, -67.4779, 138.562, 189.754, 6.62547e-06, -3.12768e-05, -4.70653e-05, 
77, 8290.76, -122.224, -33.3899, 35.5845, 2.80827e-05, 1.29129e-05, -1.09475e-05, 
78, 331032, -72.7171, -114.401, 181.002, -1.34317e-05, 1.70009e-05, -8.35868e-05, 
79, 124.402, 190.385, -177.882, -8.69627, -4.8444e-05, 3.38871e-05, 2.08508e-07, 
80, 282082, 115.951, 91.1722, -154.12, -3.07524e-05, 6.10025e-05, 5.48322e-05, 
81, 84879.9, -65.8382, -199.664, -175.314, 1.64364e-05, 6.10768e-05, 3.45452e-05, 
82, 17833.5, -143.108, -34.8808, 54.9313, 2.76112e-05, 1.07138e-05, -1.60491e-05, 
83, 107049, 101.929, 43.0341, -38.6542, -2.86147e-05, 1.10712e-05, -1.74461e-06, 
84, 82132.9, -143.304, 162.712, -55.147, 4.93964e-05, -5.60705e-05, -5.65511e-06, 
85, 30550, 164.995, -29.228, 114.436, -4.55255e-05, -2.36004e-06, -2.01652e-05, 
86, 86214.3, -114.054, 28.2308, -36.0029, 3.49932e-05, -3.40734e-06, -1.19014e-05, 
87, 208788, -173.733, 86.2609, 195.056, 2.52077e-05, -7.78037e-07, -4.18262e-05, 
88, 27619.9, -111.148, 187.262, 168.306, 1.17409e-05, -0.000117552, -4.18725e-05, 
89, 15196.8, -66.0351, 170.064, 70.6077, 1.69768e-05, -4.54383e-05, -4.86662e-06, 
90, 17206.4, 58.5947, 65.9732, -17.5996, -1.10268e-05, -1.57789e-05, -3.02147e-06, 
91, 238697, -155.921, -90.8182, -181.125, 3.26902e-05, -3.93758e-06, 5.35338e-05, 
92, 21618, 144.855, 83.5554, 11.9826, -4.08921e-05, -1.12734e-05, -9.87705e-06, 
93, 93343.4, 132.508, -64.5842, 132.687, -5.25219e-05, 3.31404e-05, -4.15361e-05, 
94, 71437.8, -134.537, -179.634, -20.5628, 1.08574e-05, 6.58183e-05, 3.67113e-06, 
95, 66240.3, 153.82, -69.7034, -109.508, -4.61669e-05, 2.06152e-05, 2.9765e-05, 
96, 77123.1, -77.3381, 131.862, 44.4233, 3.00295e-05, -2.87311e-05, -1.07168e-05, 
97, 7278.21, -193.879, -70.01, 188.423, 3.41034e-05, 1.54783e-05, -3.04696e-05, 
98, 42026.4, 52.5599, -154.461, -180.076, -1.53339e-05, 3.19845e-05, 4.78807e-05, 
99, 52939.5, 120.879, 143.203, 7.48245, -3.05317e-05, -4.23351e-05, -3.64263e-06, 
100, 38590.4, 45.0951, 125.754, 188.932, 8.77266e-06, -3.14184e-05, -5.5834e-05, 
101, 63474.3, -187.561, 164.574, -193.906, 2.94433e-05, -3.64193e-05, 3.11539e-05, 
102, 124280, 3.8477, -162.582, -127.693, -1.58086e-06, 4.40619e-05, 2.29123e-05, 
103, 80739.6, -175.119, -103.267, -199.027, 4.36852e-05, 1.32542e-05, 5.41645e-05, 
104, 8869.04, 97.7278, 175.461, -78.6699, -6.88437e-06, -5.46343e-05, 1.32913e-05, 
105, 125612, 189.899, 161.914, 15.7498, -5.65555e-05, -2.96647e-05, 9.15083e-07, 
106, 19753.6, -1.81004, -196.774, 139.799, 7.46525e-06, 4.56635e-05, -2.32458e-05, 
107, 95859.1, 112.499, -123.939, 82.6256, -2.53452e-05, 2.39823e-05, 1.41174e-06, 
108, 21407, 118.14, -107.187, 185.777, -1.99539e-05, 2.55417e-05, -4.84553e-05, 
109, 355183, -77.0299, 188.374, -196.531, 5.05834e-07, -3.39056e-05, 4.12253e-05, 
110, 12025, -12.1635, -120.425, 65.6325, 9.93775e-06, 3.38489e-05, -1.18885e-05, 
111, 175878, 180.641, 190.891, 157.891, -3.54288e-05, -4.36927e-05, -1.49099e-05, 
112, 23630.5, 68.2347, 171.771, -61.9684, -1.10198e-05, -5.40524e-05, 2.71521e-05, 
113, 6031.1, 183.556, 165, -16.7232, -4.9046e-05, -2.79623e-05, -2.14154e-07, 
114, 207555, 193.361, 78.2404, 182.594, -5.14427e-05, 1.7079e-06, -3.87503e-05, 
115, 304955, 48.6525, -170.462, 158.536, 5.84136e-06, 4.09685e-05, -4.33202e-05, 
116, 32538.4, 100.792, 179.508, 105.168, -1.57612e-05, -4.51115e-05, -1.47349e-05, 
117, 75178.7, 164.201, 146.504, 178.644, -3.10311e-05, -4.61378e-05, -3.77022e-05, 
118, 115149, 58.66, -158.858, 5.51856, -8.47001e-06, 4.61707e-05, -3.00709e-06, 
119, 39187.2, -176.742, -47.0525, -133.579, 4.4059e-05, -2.6029e-06, 2.87769e-05, 
120, 260132, 182.686, 152.664, -114.264, -3.98854e-05, -4.24194e-05, 1.23406e-05, 
121, 164.449, 146.8, -86.1272, 84.0833, -5.77839e-06, 2.39203e-05, 2.22661e-06, 
122, 72328.1, 53.1239, -124.968, -22.4476, -2.66975e-05, 3.18815e-05, 1.79171e-06, 
123, 191160, 32.3289, -184.854, -199.244, -8.77197e-06, 3.39302e-05, 4.17217e-05, 
124, 335649, 40.9322, -114.106, 96.7116, 4.66441e-06, 1.07016e-05, -5.79881e-06, 
125, 42189.1, -199.761, -103.096, -136.865, 5.98078e-05, 8.61145e-06, 2.43733e-05, 
126, 135736, 110.288, -39.6395, 15.0145, -3.45597e-05, 1.19819e-05, -3.22664e-06, 
127, 3895.45, 193.074, 163.014, 171.627, -8.13356e-05, -4.49787e-05, -2.41961e-06, 
128, 3162.09, -128.285, -10.4891, -136.608, 3.69231e-05, 1.93434e-06, 2.07034e-05, 
129, 14972.2, -70.4337, 65.5364, -112.537, 2.91741e-06, -4.06479e-06, 1.87803e-05, 
130, 2204.3, 93.859, -52.6786, -176.54, -3.02298e-05, 3.35729e-05, 5.05269e-05, 
131, 53467.8, -31.1537, -186.815, -122.191, 2.96718e-06, 5.39862e-05, 1.48447e-05, 
132, 9019.17, -192.184, 82.9003, 55.1391, 6.57988e-05, 2.49136e-06, -8.93644e-06, 
133, 75971.7, -55.8098, 57.9234, 87.0983, 1.41121e-05, -6.54593e-06, -2.93594e-05, 
134, 53116.9, 183.282, -55.2519, 4.07966, -6.68406e-05, 4.71028e-06, 1.69036e-05, 
135, 59974, 192.952, -44.4415, -172.975, -4.06988e-05, 2.28252e-06, 3.16593e-05, 
136, 59642.4, -184.669, -41.6786, -59.1013, 5.96196e-05, 4.01302e-06, 6.37832e-06, 
137, 26631.6, -44.4964, 108.911, -127.369, -7.86091e-06, -3.5465e-05, 1.48707e-05, 
138, 52317.3, -30.9402, 172.064, 17.7044, 7.06737e-06, -4.75657e-05, 2.13683e-06, 
139, 15542.6, -119.444, 49.6755, 194.088, 1.99273e-05, -4.70648e-06, -4.7831e-05, 
140, 36217, 28.7729, -45.9194, -158.319, 6.6055e-05, 7.95262e-05, 0.000164385, 
141, 14570.2, 144.215, 87.1525, 173.976, 1.17195e-05, 3.9558e-05, -3.47295e-05, 
142, 134592, 87.0749, 102.081, 140.495, -1.36997e-05, -8.65693e-06, -1.47885e-05, 
143, 1851.55, 23.4417, 6.01387, 130.107, 7.03525e-07, 1.18861e-06, -4.5627e-05, 
144, 43063.4, -146.971, 10.2045, 60.4456, 3.46078e-05, 1.42159e-06, -1.39191e-05, 
145, 18286.9, 150.723, 37.8538, -15.5867, -4.70812e-05, 5.09986e-07, -4.5211e-06, 
146, 26541.1, -116.928, 173.993, -118.513, 3.50714e-05, -3.64601e-05, 1.02073e-05, 
147, 8663.67, -66.2852, -146.333, -73.9275, 9.19026e-06, 3.94891e-05, -8.53375e-06, 
148, 163581, 148.495, 122.763, -181.645, -3.75002e-05, -9.70463e-06, 3.22149e-05, 
149, 107209, 32.6158, -92.5304, -15.0309, -1.842e-05, 4.40777e-05, -1.74348e-06, 
150, 50934.3, -53.6734, -83.1805, 140.643, 7.03897e-06, 1.80661e-05, -3.39983e-05, 
151, 164542, -40.4574, 24.0437, -56.0169, 1.42466e-05, 1.03512e-06, 1.94534e-05, 
152, 122136, -165.226, -29.5902, 43.0897, 4.0039e-05, 1.29303e-05, -2.0552e-05, 
153, 160436, 91.2322, 6.45349, 102.373, -2.84952e-05, -2.2759e-06, -2.7224e-05, 
154, 69121.8, -68.3545, 104.454, 114.009, 2.01589e-05, -1.7356e-05, -2.45828e-05, 
155, 76747.4, 145.193, 104.939, 150.308, -2.60513e-05, 3.04177e-06, 4.91544e-06, 
156, 31683.4, 195.53, -193.735, 63.3316, -4.01074e-05, 3.77863e-05, -8.6485e-06, 
157, 27956.6, -149.185, -114.605, -48.6581, 2.62825e-05, 4.05002e-05, 1.51039e-05, 
158, 95642.5, -42.7574, 103.044, 116.798, 9.71602e-06, -1.69451e-05, -2.4287e-05, 
159, 32134.9, -118.555, -8.90736, 124.649, 3.25706e-05, 0.000170937, 7.43766e-05, 
160, 98272.6, -2.42186, -95.8162, 169.197, 5.8924e-06, 1.86508e-05, -4.90819e-05, 
161, 21117.1, -27.3916, 27.3417, -183.675, -2.27768e-06, -3.82055e-06, 5.99102e-05, 
162, 5265.15, 50.2771, -26.8296, -33.5257, 5.19769e-05, -3.93851e-06, 3.51425e-05, 
163, 24911.8, -109.643, -176.879, -123.925, 1.74872e-05, 0.000105873, 4.69925e-06, 
164, 2675.35, -170.4, -189.276, -180.863, 1.29653e-05, 9.5987e-05, 5.75431e-05, 
165, 188114, 77.1705, 118.555, 169.255, 9.19619e-06, -5.11012e-05, -4.8954e-05, 
166, 218499, -166.997, -81.1063, 114.793, 3.74252e-05, 1.62921e-05, -2.27751e-05, 
167, 3366.32, -82.8891, -52.0016, 25.592, 1.95101e-05, 1.39855e-05, -2.87469e-06, 
168, 171467, -21.008, 137.536, 76.3856, 6.18672e-06, -2.27935e-05, -1.34793e-05, 
169, 29402.8, -174.402, -6.38866, -184.335, 2.48795e-05, -7.75118e-06, 3.15367e-05, 
170, 9574.81, 119.204, -11.8435, -20.9467, -4.02423e-05, 8.60855e-06, 7.49397e-06, 
171, 404502, 158.44, -57.7089, 190.917, -3.52379e-05, 1.4694e-05, -4.60958e-05, 
172, 230768, -110.983, 176.637, 166.389, 1.12513e-05, -2.62641e-05, -2.68368e-05, 
173, 76261.3, 147.353, -177.563, 31.3256, -2.78561e-05, 4.69811e-05, -3.09337e-06, 
174, 150683, -116.184, 195.11, -191.686, 2.39594e-05, -3.86086e-05, 3.91139e-05, 
175, 27057.9, 127.254, -62.4279, 170.519, -2.67537e-05, 1.3359e-05, -4.66665e-05, 
176, 27548.3, 130.194, 16.3038, 24.4301, -4.27833e-05, -1.13145e-06, -6.60298e-06, 
177, 54278.4, 78.2316, 103.016, -97.7007, -2.04113e-05, -3.23402e-05, 3.00762e-05, 
178, 45486, -62.2658, 105.538, 77.5367, 1.62372e-05, -2.06076e-05, -1.60586e-05, 
179, 171.788, 7.20308, 191.367, -141.157, 4.45232e-06, -5.03985e-05, 3.45519e-05, 
180, 65953.7, 127.673, -84.6244, 17.5875, -4.20914e-05, 9.67029e-07, 2.3635e-05, 
181, 21018.2, -175.663, 135.683, -78.0802, 3.81943e-05, -3.12545e-05, 1.25708e-05, 
182, 13595.7, 81.7715, -93.3649, -198.051, -2.35496e-05, 1.95459e-05, 5.53901e-05, 
183, 993.895, 73.519, -170.552, -155.589, -1.58508e-05, 3.77797e-05, 4.0061e-05, 
184, 8606.48, 82.6385, 15.7389, -59.0385, -1.80338e-05, 2.27177e-06, 1.98549e-05, 
185, 150226, -197.87, 41.9248, -174.484, 6.16872e-05, -2.22314e-06, 6.5261e-05, 
186, 429178, -187.535, 34.3142, 128.33, -1.77667e-05, 3.75102e-06, -2.3902e-05, 
187, 117798, -48.4189, -109.111, -77.0818, 1.09015e-05, 2.38303e-05, 6.81524e-06, 
188, 203405, 67.9148, -57.689, -171.079, -8.13187e-06, 3.19157e-05, 6.17869e-05, 
189, 139725, -117.879, -152.408, 73.6283, 2.51705e-05, 2.732e-05, -1.94103e-05, 
190, 115574, -170.915, 172.967, 32.5588, 3.95882e-05, -4.23453e-05, -4.87939e-06, 
191, 187198, 125.894, -117.768, -8.46437, -2.91874e-05, 1.69062e-05, -3.23246e-06, 
192, 13633.8, -47.4924, 133.14, 60.07, 1.74262e-05, -2.76292e-05, -4.79574e-06, 
193, 162929, -118.392, -99.3282, 40.8817, -6.85512e-05, 1.11985e-05, 0.000195115, 
194, 5831.63, 112.024, 11.6454, -144.024, -2.79672e-05, 2.67131e-06, 5.67198e-05, 
195, 266424, 34.9929, -84.4253, -179.648, -1.85422e-05, 2.36889e-05, 5.46732e-05, 
196, 302030, -105.297, 115.725, -31.651, 2.82563e-05, -2.29004e-05, -8.7754e-06, 
197, 99224.4, -158.102, 124.658, -124.845, 3.24199e-05, -2.67887e-05, 2.09102e-05, 
198, 144330, -112.134, 27.9064, -49.9991, 2.31684e-05, 7.65422e-06, 2.80649e-05, 
199, 173484, -172.033, -129.594, 193.123, 2.6805e-05, 1.702e-05, -3.27703e-05, 
200, 52902.4, -91.8553, 193.056, -166.697, 6.12241e-06, -5.05849e-05, 5.19633e-05, 
201, 131523, 74.0194, -10.7371, -3.16065, -3.43204e-05, -4.80413e-06, -1.83249e-05, 
202, 33478.7, 109.81, 139.234, 140.847, -2.24923e-05, -4.06915e-05, -1.66933e-05, 
203, 38116.5, -34.7402, -152.191, 41.5505, -3.88565e-06, 4.05707e-05, -1.13844e-05, 
204, 49684.2, 42.8619, -55.0594, -31.8348, -3.26711e-06, 3.03789e-05, 8.36779e-06, 
205, 23451.3, 108.756, 59.0809, -31.0361, -3.91102e-05, -1.18257e-05, -1.23042e-05, 
206, 272815, -164.127, 185.448, 145.969, 2.50261e-05, -3.99827e-05, -2.13529e-05, 
207, 108283, -50.3375, 70.9329, -54.2831, 6.10526e-06, -1.32559e-05, 1.22828e-05, 
208, 47217.4, -57.4432, 42.0145, -182.16, 8.17943e-06, -1.51482e-06, 6.517e-05, 
209, 57941.2, 26.8212, 174.901, 89.7246, 7.63561e-08, -5.32273e-05, -5.06805e-05, 
210, 45766, -198.648, 42.2465, -74.3068, 5.50059e-05, -5.01648e-06, 1.28985e-05, 
211, 171964, -146.391, 67.0982, 43.4214, 3.71903e-05, -4.01819e-06, -1.18389e-05, 
212, 55787.4, -82.4956, 41.1094, 120.591, 1.74246e-05, -1.17197e-06, -3.10032e-05, 
213, 8131.2, -127.869, -119.178, -117.999, 1.93836e-05, 1.03887e-05, 2.59243e-06, 
214, 118657, 151.797, -152.169, 47.3465, -2.38681e-05, 3.48596e-05, 3.50211e-06, 
215, 44021.9, 181.662, -174.889, 148.839, -3.95874e-05, 2.26305e-05, -3.67272e-05, 
216, 19352.3, -124.122, -105.76, -168.693, 8.94836e-06, 1.43752e-05, 2.43487e-05, 
217, 5382.32, -157.289, 153.942, 68.7722, 4.56705e-05, -3.91472e-05, 2.67064e-05, 
218, 27041.9, 41.7669, -183.375, -145.755, -2.06845e-05, 4.91713e-05, 2.65573e-05, 
219, 270870, -153.43, -175.61, -162.349, 2.02723e-05, 4.15659e-05, 2.26983e-05, 
220, 170672, -69.2887, -159.506, 69.3577, 7.55585e-06, 4.05273e-05, -1.53706e-05, 
221, 2772.51, 41.8401, 198.69, 66.2114, -1.18414e-05, -8.97438e-05, -1.02605e-05, 
222, 80847.1, 65.0308, -53.614, 82.5798, -1.80613e-05, 1.32971e-05, 2.72412e-07, 
223, 150861, -19.4375, 36.0226, -29.7809, 1.27141e-05, -9.86435e-09, 1.67513e-05, 
224, 92156.8, -131.721, -193.572, -65.182, 2.15369e-05, 5.09304e-05, 8.01378e-06, 
225, 314743, 71.6296, 20.1035, 38.6797, -2.69413e-05, 9.09171e-07, 1.55396e-05, 
226, 63068.6, 80.2421, -55.0206, -154.645, -3.46061e-05, 1.50906e-05, 1.77019e-05, 
227, 58921.6, 102.232, -131.703, 107.619, -4.28646e-05, 1.6423e-05, -2.90812e-05, 
228, 4673.13, -184.283, -148.388, -91.9627, 4.52174e-05, 3.64702e-05, 6.81086e-06, 
229, 36281.7, -83.03, 149.469, -41.8938, 1.42912e-05, -4.24817e-05, 1.50078e-05, 
230, 138196, 16.7983, 129.824, 139.398, 2.13036e-06, -2.79915e-05, -3.23523e-05, 
231, 119501, -66.0985, -27.9704, 101.073, 1.93905e-05, 9.3813e-06, -2.46749e-05, 
232, 69872.3, 126.525, 11.8368, -5.42312, -4.08488e-05, -2.09554e-07, 3.82681e-07, 
233, 89685.4, 76.435, -115.89, 88.5801, -1.82404e-05, 2.21382e-05, -4.29327e-06, 
234, 64918, 165.276, -149.388, 53.8447, -5.54578e-05, 2.61766e-05, -3.40455e-06, 
235, 69504.8, 130.418, 47.5614, 158.391, -2.7848e-05, -2.09235e-06, -2.61395e-05, 
236, 175029, 104.059, -91.7843, -148.39, -2.98623e-05, 1.92257e-05, 3.61923e-05, 
237, 26898, -105.005, -168.073, 91.0571, 1.38281e-05, 4.2945e-05, -2.90312e-05, 
238, 225724, -157.088, 176.245, -9.06236, 2.8059e-05, -4.142e-05, -2.84317e-06, 
239, 44642.4, 55.2676, -161.117, 39.496, -2.17061e-05, 4.32394e-05, -1.02533e-05, 
240, 193826, 136.783, 1.21951, 195.235, 9.20948e-05, -6.87127e-05, -2.09528e-05, 
241, 213589, 122.841, 194.606, 178.191, 6.22646e-06, -3.85999e-05, -3.33121e-05, 
242, 127263, -116.967, -5.41783, -162.608, 3.34222e-05, -7.60013e-06, 5.38568e-05, 
243, 90266.2, 140.62, 197.759, -168.212, -2.07381e-05, -3.94916e-05, 3.4059e-05, 
244, 315041, -15.3852, -95.1238, -90.2915, 8.09831e-06, 2.31832e-05, 1.18895e-05, 
245, 52538.4, -35.1479, 48.6835, 119.211, 1.35415e-05, 1.03808e-06, -3.5192e-05, 
246, 141819, 42.4652, -59.2098, 56.8917, -1.51856e-05, 1.09933e-05, -1.68182e-05, 
247, 53031.2, 3.21722, -123.294, -31.7039, 3.93297e-05, 5.2234e-05, 4.62147e-05, 
248, 35007.8, 46.7595, 9.95479, -15.6408, -5.9286e-06, -1.55159e-05, -3.41234e-08, 
249, 52844.5, 186.625, 42.0978, 164.071, -5.22728e-05, -1.11229e-05, -2.45087e-05, 
250, 214260, 144.303, 189.064, -51.0463, -1.79787e-05, -5.0887e-05, 5.28298e-06, 
251, 113390, 182.566, -173.835, -119.86, -4.47239e-05, 3.32709e-05, 3.6646e-05, 
252, 37387.7, -25.6419, 45.8471, -138.229, 3.81466e-06, -1.86548e-05, 3.80957e-05, 
253, 201829, -85.1061, 132.022, -156.846, 1.6282e-05, -3.55328e-05, 3.05547e-05, 
254, 139433, 137.022, -150.874, -163.897, -2.22671e-05, 3.86487e-05, 4.17138e-05, 
255, 46242.4, -10.7748, -36.6478, -17.793, 1.39557e-05, 1.3761e-05, -5.24799e-07, 
256, 133342, 187.633, 110.679, -92.0939, -5.00245e-05, -4.67228e-06, 9.19227e-06, 
257, 129388, 64.0313, -5.77247, 82.7487, -2.65152e-05, -1.1479e-05, -2.19235e-05, 
258, 41797.5, -165.219, -63.0161, 32.2587, 4.15391e-05, 6.78243e-06, 8.59986e-06, 
259, 54857.3, 37.6139, 82.31, -74.0618, 1.80711e-05, -3.04973e-05, 2.18826e-05, 
260, 5084.41, -183.259, 169.498, 56.7378, 4.63893e-05, -3.93267e-05, -6.21797e-06, 
261, 34826.8, 177.49, -5.82662, -50.5405, -5.2541e-05, 1.32194e-05, 9.24285e-06, 
262, 68038.2, 104.748, -153.571, 177.53, -1.88492e-05, 2.93902e-05, -4.16458e-05, 
263, 36773.2, -163.935, 78.659, -86.8103, 4.48877e-05, -8.85006e-06, 1.39881e-05, 
264, 13184.5, 192.229, 144.694, -69.3553, -5.26047e-05, -2.12231e-05, 5.76882e-06, 
265, 24925.3, -24.7325, -45.6245, 143.099, 7.88762e-06, 1.67907e-05, -4.86589e-05, 
266, 7671.15, 131.036, -59.2071, -189.617, -3.40095e-05, 1.65277e-05, 4.65453e-05, 
267, 61253.8, -74.3429, -66.2349, 151.506, 5.29756e-06, 1.22141e-05, -4.19973e-05, 
268, 87022.4, 185.419, 49.5731, -122.146, -4.84502e-05, -7.03233e-06, 2.78398e-05, 
269, 53710.3, 138.074, 78.4692, -177.212, -3.3209e-05, -3.90255e-06, 4.88257e-05, 
270, 10208.5, -133.253, 161.168, -95.5835, 3.09472e-05, -3.72044e-05, 1.63308e-05, 
271, 6683.29, 52.922, -152.505, -149.032, -1.88025e-05, 4.48012e-05, 3.51335e-05, 
272, 82443.5, -119.922, -99.421, 44.0713, 0.000219343, 2.91675e-05, -0.000403238, 
273, 27007.5, 7.1989, 72.3992, -32.2099, -3.09681e-06, -2.55527e-05, 1.6062e-05, 
274, 38723.4, 82.7999, 51.5423, -9.14649, -1.83176e-05, -8.80361e-06, -3.79952e-06, 
275, 67654.6, -176.021, 120.634, -142.677, 3.91944e-05, -1.95816e-05, 2.95037e-05, 
276, 111157, 165.395, 59.4663, 159.533, -3.98222e-05, 6.03204e-06, -2.54496e-05, 
277, 343894, 7.9143, -87.0295, -20.762, 1.69014e-05, 1.90842e-05, 4.19066e-07, 
278, 26553.4, 125.921, -87.7999, 21.7721, -4.11691e-06, 6.94253e-05, -6.59929e-05, 
279, 10699.9, -105.951, 108.57, 97.8483, 1.2858e-05, -2.55314e-05, -1.72069e-05, 
280, 69822.8, -98.8653, 114.498, 160.048, 1.70807e-05, -2.1893e-05, -2.90631e-05, 
281, 19659.4, 79.648, -29.9347, -1.40314, -3.55347e-05, 2.16092e-05, -1.4586e-05, 
282, 369297, 76.1105, 86.9867, 191.908, 2.21837e-06, -9.6327e-07, -5.92352e-05, 
283, 277629, -172.467, -31.0431, -96.847, 3.61767e-05, 2.30677e-06, 1.4516e-05, 
284, 494302, -117.909, -158.986, -127.544, 3.73872e-05, 3.93802e-05, 1.25316e-05, 
285, 72800.7, -138.877, -195.319, 149.759, 1.87324e-05, 3.84487e-05, -2.68527e-05, 
286, 197564, -113.67, 62.48, -155.703, 4.35968e-05, -7.03731e-06, 5.67064e-05, 
287, 222227, 84.9719, 114.479, -15.6862, -2.2937e-05, -2.42101e-05, -1.44479e-05, 
288, 39907.7, -191.458, 22.3161, -127.461, 4.65669e-05, -1.90174e-05, -2.4661e-06, 
289, 419562, -113.685, 102.877, -197.429, 2.82414e-05, -1.51943e-05, 5.06307e-05, 
290, 49170.9, -61.1322, -8.39423, -13.1446, 1.88579e-05, 1.23784e-05, 1.35964e-07, 
291, 132942, 101.791, 137.91, -66.2993, -1.53826e-05, -3.81424e-05, 2.09978e-05, 
292, 167985, 111.083, 105.617, 189.001, -1.49652e-05, -1.19569e-05, -6.02021e-05, 
293, 67155.7, 147.018, 156.863, -37.4887, -3.41404e-05, -3.67104e-05, 5.4524e-06, 
294, 116726, -43.0114, 181.765, -34.0542, 4.66854e-06, -5.18567e-05, 8.29699e-06, 
295, 149447, -109.66, 67.7475, -64.8238, 1.23942e-05, -2.18173e-05, -8.67257e-06, 
296, 16834.6, 135.092, 141.324, 136.867, -2.33659e-05, -4.08569e-05, -3.35152e-06, 
297, 179961, -36.2555, -86.0511, -146.547, 5.24296e-06, 5.0517e-06, 3.56358e-05, 
298, 13780.1, 71.7106, -107.49, 69.2407, -1.6737e-05, 2.70571e-05, 4.89044e-06, 
299, 187672, 80.9668, -149.432, 103.82, 7.44789e-06, 8.69859e-05, -1.58285e-05, 
300, 10887.5, -198.241, -62.7328, -85.1744, 5.82183e-05, 6.03334e-06, 3.75475e-06, 
301, 263463, -58.8701, 10.3806, 58.5175, 1.85152e-05, 5.40535e-06, -1.48368e-05, 
302, 12877.3, -59.4577, 183.552, 117.913, 1.03731e-05, -3.92304e-05, -4.36574e-05, 
303, 59146.2, -181.405, -16.1742, -191.438, 2.40827e-05, 6.87327e-06, 2.76255e-05, 
304, 279112, -45.3368, 88.4479, -146.603, -1.50929e-05, -1.01021e-05, 3.12615e-05, 
305, 74380.8, -7.56987, 112.934, 72.1071, -2.16568e-06, -1.82286e-05, -1.74405e-05, 
306, 132468, -152.28, -196.93, 110.533, 2.24998e-05, 4.71522e-05, -1.9022e-05, 
307, 132117, 187.055, 14.9772, -93.9878, -5.37732e-05, 6.5461e-06, 2.06403e-05, 
308, 44929.8, -191.154, -13.1051, 62.8627, 6.41474e-05, 1.58173e-05, -9.91566e-06, 
309, 270948, 125.537, 42.4935, -106.756, -3.38363e-05, -6.16572e-06, 2.80517e-05, 
310, 71405.4, -191.589, -17.4299, 29.1095, 5.83935e-05, 4.37618e-06, -3.17354e-06, 
311, 41519.4, 2.17502, 95.8336, -105.088, 4.52322e-06, -2.37516e-05, 2.87716e-05, 
312, 203220, -39.6683, -123.946, -185.993, 5.46002e-07, 1.21509e-05, 6.46134e-05, 
313, 53012.5, 42.8645, -134.814, -116.869, -1.95068e-05, 3.31751e-05, 1.73275e-05, 
314, 424.869, 26.7904, 169.732, -128.156, -0.000132123, -6.09929e-05, 7.69053e-05, 
315, 40877, -174.52, -180.913, -168.252, 4.94905e-05, 7.35253e-05, -6.83759e-05, 
316, 80699.9, -111.465, 96.537, 13.9173, 2.65651e-05, -2.32765e-05, -8.18313e-06, 
317, 99129.3, -132.305, -148.5, 2.07097, 1.87056e-05, 2.44539e-05, -1.31651e-05, 
318, 47055, 38.2128, -19.1326, 97.2043, -2.44945e-07, -3.19534e-06, -4.01553e-05, 
319, 135206, 80.904, 107.685, 194.24, -4.10351e-06, -4.62693e-05, -7.18834e-05, 
320, 188584, -198.414, -126.471, -126.34, 6.66163e-05, 3.19234e-05, 5.94807e-06, 
321, 348359, 89.2213, 132.526, 75.8521, -2.92147e-05, -3.23653e-05, -1.39201e-05, 
322, 120461, -140.622, -138.545, 155.747, -0.000154281, -7.30076e-05, 0.000275316, 
323, 85535.7, -196.309, -88.7973, -99.1914, 8.26222e-05, 2.0209e-05, -2.12169e-10, 
324, 128865, -78.5384, -115.317, 172.372, 8.16087e-05, 3.23521e-05, 5.57813e-05, 
325, 87028.9, 138.674, 114.009, 189.058, 1.77223e-05, 1.98743e-06, -8.91838e-05, 
326, 112887, 189.743, -157.465, 93.6349, -4.89067e-05, 3.23937e-05, -1.08406e-05, 
327, 34724, 191.261, -114.05, 67.842, -4.99329e-05, 2.77077e-05, 7.78512e-06, 
328, 7478.08, -104.762, -160.854, -0.511327, 2.03779e-05, 5.89797e-05, 3.30055e-06, 
329, 11001.2, -82.9496, 170.688, 171.473, 1.87497e-06, -3.56338e-05, -3.42816e-05, 
330, 53537.7, 46.0832, 191.779, 91.4294, -1.52915e-05, -6.4349e-05, -3.3853e-05, 
331, 77543, -126.246, 56.7348, 9.69754, 1.57014e-05, -8.8967e-06, -2.39141e-05, 
332, 108007, -177.431, -146.931, -6.85282, 7.8791e-05, 1.48257e-05, -1.58735e-05, 
333, 8301.85, 80.3691, -103.303, 88.8813, -2.72233e-05, 2.50354e-06, -1.09161e-05, 
334, 25697.4, -161.97, 159.618, 24.8316, 2.82439e-05, -2.6626e-05, 1.12068e-06, 
335, 183814, 136.862, -151.643, 101.298, 7.12977e-05, 0.000105649, 4.99092e-05, 
336, 58716.6, -119.966, -147.17, 110.467, 2.19465e-05, 2.80582e-05, -2.7757e-05, 
337, 199351, 16.3916, 140.57, 46.0627, 1.42173e-05, -2.33045e-05, -2.03296e-06, 
338, 113453, 163.897, -161.217, -101.864, -8.56357e-06, -1.63487e-05, 5.04418e-05, 
339, 76288.6, 184.901, 160.67, 70.9658, -6.04546e-05, -1.92701e-05, -7.30059e-06, 
340, 113867, 147.989, 121.699, 38.7183, -4.04918e-05, -1.88556e-05, -7.65788e-06, 
341, 102255, 15.2028, 46.3138, -152.548, -1.03438e-05, -2.41934e-05, 5.13239e-05, 
342, 628320, -155.213, -155.442, -15.5982, 3.49442e-05, 3.45969e-05, 3.05349e-06, 
343, 176675, 124.782, 23.8227, -56.258, -3.45221e-05, -3.57393e-06, 9.54879e-06, 
344, 284783, -151.658, 82.7249, 108.618, 3.70439e-05, -6.2238e-06, -2.15845e-05, 
345, 60922.6, 39.4378, -29.683, -30.8532, 2.04585e-05, -1.68193e-05, 1.27766e-06, 
346, 8108.01, 3.53879, 59.597, 55.4622, 6.92006e-06, -7.79312e-06, -1.76075e-05, 
347, 93275.2, 62.5232, -123.319, -63.5901, -1.52833e-05, 3.17963e-05, 1.7817e-05, 
348, 29799.9, 125.687, -20.9604, -65.684, -9.93756e-05, 1.1928e-06, -7.67706e-05, 
349, 5827.31, -155.191, 182.683, -43.0073, 2.56167e-05, -4.9074e-05, 1.41246e-05, 
350, 34948.1, 125.342, -90.7163, 51.0341, -2.8657e-05, 2.33489e-05, -5.35916e-06, 
351, 291282, -59.6465, -137.064, -167.193, 1.39867e-05, 2.03885e-05, 3.77401e-05, 
352, 133.717, -57.671, 39.0197, -138.998, 1.98896e-05, -3.78427e-06, 9.66909e-06, 
353, 125850, -164.493, -25.7397, 93.5401, 3.89248e-05, 1.00992e-05, -1.7877e-05, 
354, 126712, -26.6347, 73.2866, -9.09316, 5.25936e-06, -2.31677e-05, 6.46553e-06, 
355, 208238, 40.5187, -130.576, 104.796, 9.45885e-06, 6.8472e-05, -3.36455e-05, 
356, 78434.8, -100.018, -114.514, -90.0889, 2.51435e-05, 1.47811e-05, 8.26708e-06, 
357, 110190, -154.385, -174.349, -45.6891, 3.42945e-05, 5.08987e-05, 2.00249e-05, 
358, 81910.5, 16.6307, 15.1771, -166.121, -1.02506e-05, -7.57895e-06, 8.56918e-05, 
359, 317125, -108.937, 155.344, 84.2509, 2.47837e-05, -3.16586e-05, -1.1692e-05, 
360, 113031, 73.7266, 114.284, -26.1395, 1.99731e-05, -2.36618e-05, 2.75837e-05, 
361, 19420.3, 193.85, 64.944, -22.4913, -8.45802e-05, 6.62939e-06, 9.17908e-06, 
362, 301195, 178.148, 191.93, -40.8691, -4.05427e-05, -4.06837e-05, -1.83947e-06, 
363, 51710.6, -51.3879, 187.416, 73.2947, 1.16908e-05, -5.77705e-05, -5.69857e-06, 
364, 303711, 32.7045, 198.423, 169.099, 6.44521e-06, -5.099e-05, -4.87072e-05, 
365, 220519, -166.767, -58.2405, -45.1758, 5.28111e-05, 2.5293e-05, 2.10707e-06, 
366, 163145, -140.624, 11.5594, 195.891, 1.58562e-05, -2.64583e-05, -4.81133e-05, 
367, 47791.6, -16.2399, 103.271, 66.4072, 1.5139e-05, -4.10978e-06, -5.75467e-06, 
368, 32052.1, -172.846, -28.1025, 149.882, 4.27205e-05, 1.35343e-05, -1.88266e-05, 
369, 41859.6, 87.9744, -193.43, -173.869, -1.11447e-05, 4.0455e-05, 3.28333e-05, 
370, 233595, 187.877, -44.4598, 87.5571, -5.30718e-05, 9.46945e-08, -1.23328e-05, 
371, 549232, -158.857, 76.3515, -31.3457, 4.20782e-05, -2.50363e-05, 3.28013e-06, 
372, 65728, 95.9237, 149.694, 142.582, -8.25489e-06, -4.96593e-05, -2.40125e-05, 
373, 51437.8, -190.379, -99.0958, 60.0808, 4.82133e-05, 1.0009e-05, -1.26603e-05, 
374, 222051, 75.766, 63.5208, 63.9065, -1.6899e-05, -1.51058e-05, -9.87088e-06, 
375, 32453.8, 8.60169, 110.111, 32.2469, 6.92425e-06, -1.65745e-05, 2.82366e-06, 
376, 73170.4, -85.8391, 178.184, 0.0173196, 9.74328e-06, -6.39736e-05, -3.22625e-05, 
377, 122513, -45.3376, -142.058, -50.0042, 4.3691e-06, 4.01561e-05, 1.43979e-06, 
378, 785387, 138.958, 162.6, -97.3425, -2.31899e-05, -3.67612e-05, 1.96997e-05, 
379, 268661, 137.445, 114.917, 164.416, -2.13656e-06, -2.04056e-05, -1.27615e-05, 
380, 87319.3, -91.2157, -185.496, 196.513, 9.79341e-06, 3.09844e-05, -3.37656e-05, 
381, 150662, 125.864, -44.2176, 133.375, -4.87565e-05, -2.31219e-05, -5.61436e-05, 
382, 60534.7, -81.465, -189.488, 123.159, 1.57234e-05, 4.29388e-05, -1.89319e-05, 
383, 338543, 174.454, -167.85, -91.5388, -5.72569e-05, 3.25074e-05, -1.94366e-06, 
384, 9163.94, -159.947, -159.886, -6.5661, 0.000121913, 0.000120906, -0.000165874, 
385, 55549.5, 62.8683, -55.239, 127.122, -1.09845e-05, 8.57091e-06, -4.81011e-05, 
386, 59462.3, 103.892, 113.94, -61.4272, -1.76549e-05, -1.90148e-05, 3.08353e-05, 
387, 29394.8, 64.4178, 131.175, -14.4955, 3.75123e-06, -4.44424e-05, 8.11378e-07, 
388, 138128, -198.979, 145.507, -122.15, 4.38726e-05, -1.389e-05, 1.93341e-05, 
389, 136150, 180.01, -34.119, 165.077, -4.85108e-05, 4.47013e-06, -2.72245e-05, 
390, 391641, -146.334, -95.0539, -142.578, 2.88553e-05, 4.0491e-06, 1.51845e-05, 
391, 151123, 19.8668, -188.501, -156.314, -3.47788e-06, 5.13382e-05, 3.23591e-05, 
392, 180346, 179.916, -143.849, -185.491, -3.11839e-05, 1.76566e-05, 3.13481e-05, 
393, 140171, 0.695391, -185.966, -106.768, -3.92406e-07, 5.4481e-05, 8.46202e-06, 
394, 195461, 159.386, -40.1343, -112.038, -4.61697e-05, 5.78383e-06, 2.62667e-05, 
395, 183895, -149.565, 7.0974, -92.003, 3.43439e-05, 3.63025e-06, 1.99696e-05, 
396, 76191.8, 85.7996, 196.318, 25.969, -2.02737e-05, -5.94686e-05, -5.8832e-07, 
397, 126112, -59.1377, -193.77, 126.71, 1.11451e-06, 4.5194e-05, -2.27763e-05, 
398, 10011, -181.301, 109.867, 187.014, 2.52349e-05, -4.62593e-05, -2.44581e-05, 
399, 138128, -94.0705, -157.493, 147.11, 1.55322e-05, 3.52315e-05, -2.94421e-05, 
400, 152408, 145.588, 168.56, 158.761, -2.06905e-05, -4.63402e-05, -1.75425e-05, 
401, 24763, -2.40074, 33.9747, -34.5467, -1.46224e-05, -4.31396e-06, 1.83699e-05, 
402, 196109, -98.408, 8.25077, -29.8029, 1.47514e-05, 1.6407e-05, 5.40458e-06, 
403, 12605.8, 133.341, -14.777, -54.5143, -5.04564e-05, 1.31463e-05, -5.14005e-06, 
404, 55047.7, 151.725, 141.646, 155.359, -2.99903e-05, -4.60058e-05, -2.80142e-06, 
405, 219619, 50.6946, 177.673, 0.281831, -6.05715e-06, -5.37267e-05, 1.07953e-05, 
406, 31684.6, 65.164, 110.321, -129.997, -7.62643e-06, -3.55036e-05, 4.63671e-05, 
407, 79032.8, -78.3717, -97.5761, 134.948, 1.75823e-05, 2.22797e-05, -2.64939e-05, 
408, 42180.6, 133.631, 11.843, 177.853, -3.16804e-05, 1.02185e-05, -2.63967e-05, 
409, 65291.3, -130.12, -93.2627, -150.506, -2.51213e-05, -4.66398e-06, 4.10088e-05, 
410, 218703, 196.5, -103.227, 92.5862, -6.57829e-05, 2.90474e-05, -9.2348e-06, 
411, 127238, -40.3119, 76.5387, 14.4432, 3.94892e-06, -2.18564e-05, -3.54383e-06, 
412, 17242.5, 187.572, -77.5003, -176.556, -3.64313e-05, 1.53417e-05, 3.25981e-05, 
413, 106921, 141.883, 50.4544, -186.872, -3.027e-05, 9.70642e-07, 4.6779e-05, 
414, 33744.1, -75.576, -193.71, -26.7113, 7.98131e-06, 5.65863e-05, 1.34599e-06, 
415, 37127.3, 99.6332, 186.369, 7.0947, -2.25896e-05, -5.26924e-05, 2.94582e-06, 
416, 424857, -71.3779, 105.583, -196.092, 1.21769e-08, -1.68432e-05, 5.71183e-05, 
417, 169269, -98.4503, -116.475, -15.4541, 3.41848e-05, 7.20432e-06, 1.78669e-06, 
418, 27884.3, 45.7378, 118.774, -20.9739, 8.82715e-06, -2.73876e-05, 5.37198e-06, 
419, 124465, 72.4603, 64.5695, 192.963, 3.47437e-06, 2.62315e-05, -5.66409e-05, 
420, 889.535, 169.921, -127.482, -119.741, -4.63364e-05, 1.07443e-05, 2.71383e-05, 
421, 152003, 33.0835, 58.3087, 145.683, 3.76965e-06, -2.09349e-06, -3.70971e-05, 
422, 287637, 175.695, 73.9418, -19.7302, -4.86707e-05, -1.14855e-05, 1.00096e-05, 
423, 10212.2, 62.0754, -148.908, -29.4237, -3.6555e-06, 2.78578e-05, 1.26125e-05, 
424, 191450, -117.435, -3.44991, 127.425, -2.43146e-06, -3.45336e-05, -3.5432e-05, 
425, 194684, -151.27, -99.9189, -42.418, 3.41945e-05, 1.12785e-05, -9.12156e-07, 
426, 337230, 72.4195, -182.669, -98.8977, 1.46752e-05, 2.02914e-05, 4.99665e-05, 
427, 161376, 56.0202, 114.391, 78.1612, -1.10319e-05, -4.31594e-08, -4.44366e-05, 
428, 48721.2, 32.0285, -74.7906, -42.6381, -1.16308e-07, 1.73e-05, 2.28856e-05, 
429, 121832, -195.886, 35.1086, 127.92, 0.000285553, -2.51809e-05, -7.16266e-06, 
430, 91417.9, -147.355, 151.493, 78.6436, 9.47607e-06, -2.77381e-05, 9.36825e-06, 
431, 19725.2, 183.633, -145.387, 176.311, -3.24498e-05, 2.08524e-05, -3.19837e-05, 
432, 97068.7, 118.058, 148.304, 195.094, -7.34613e-06, -4.28506e-05, -5.50315e-05, 
433, 57588.1, 177.801, 67.8956, -60.3197, -5.27221e-05, -8.95391e-06, 1.93005e-05, 
434, 28234.9, -50.6294, 45.7835, -160.493, 4.935e-05, -6.84076e-05, 6.58381e-05, 
435, 52475.1, 189.892, 139.721, -39.6746, -5.43305e-05, -2.02971e-05, 4.8681e-06, 
436, 403.401, -188.711, -86.4465, 72.0821, 4.68095e-05, 8.12832e-06, -1.82691e-05, 
437, 9884.78, 129.774, -166.184, -113.581, -2.3997e-05, 3.29338e-05, 2.88483e-05, 
438, 33822.2, -5.53659, -109.109, 199.284, 3.96738e-06, 1.99702e-05, -5.16686e-05, 
439, 68024.1, -82.566, -8.93908, 79.5774, 2.75431e-05, 6.92546e-06, -1.94879e-05, 
440, 37290.3, 17.1828, 187.395, 61.9616, 2.49228e-05, -9.4595e-05, -1.90592e-06, 
441, 34126.8, 143.341, 23.7589, -21.3201, -4.59115e-05, 3.91075e-06, 5.51603e-07, 
442, 254816, -15.0667, 165.221, 124.687, 6.40547e-06, -4.24257e-05, -2.85323e-05, 
443, 27430.2, -128.687, 70.5129, -57.8531, 4.61732e-05, -2.20584e-05, -8.32e-08, 
444, 66825.5, 42.3441, 7.3494, 157.896, 2.3223e-06, 3.35434e-06, -4.52287e-05, 
445, 108676, -95.0507, 170.276, 39.6585, 1.95973e-05, -4.66677e-05, -3.35676e-06, 
446, 50118.4, 172.477, -69.2178, -78.1478, -5.05607e-05, 1.33747e-05, 1.20934e-05, 
447, 21046.6, 140.425, 168.736, -4.90041, -2.61576e-05, -4.45355e-05, -2.18239e-06, 
448, 8600.64, 141.751, -11.2167, -37.1186, -4.77979e-05, 1.17268e-05, 1.98804e-06, 
449, 22030, 10.5792, 125.911, -122.509, 3.98455e-06, -2.82509e-05, 3.4374e-05, 
450, 98140.7, -23.6924, 4.82724, 81.6368, 1.63673e-05, -1.26862e-06, -2.05134e-05, 
451, 105432, 128.532, -27.6324, -188.972, -3.98144e-05, 1.42468e-06, 5.01533e-05, 
452, 84531.1, 65.506, -159.718, -23.7008, -6.8539e-06, 4.75884e-05, -6.68245e-07, 
453, 44206.7, -94.6356, 34.7248, 166.18, 1.30995e-05, 2.15129e-06, -3.7181e-05, 
454, 78620.3, 75.5646, 123.533, 114.567, -5.02127e-06, -3.5534e-05, -1.91839e-05, 
455, 10908.5, 145.193, 67.1633, -139.662, -4.11343e-05, -6.16534e-06, 3.68948e-05, 
456, 36272.2, -92.1899, -194.103, 142.628, 1.45568e-05, 4.43051e-05, -2.97328e-05, 
457, 60472.5, 70.6512, -49.1923, -166.765, -3.1434e-05, -6.26261e-05, 1.4688e-05, 
458, 166504, -198.775, 0.153214, 170.905, 4.45814e-05, 9.9317e-06, -1.0917e-05, 
459, 77798.7, 90.2546, -105.256, -22.1353, -2.94961e-05, 3.18951e-05, 2.68353e-06, 
460, 160849, -155.747, -44.9934, -41.8725, 1.78642e-05, -1.11455e-05, -5.05097e-06, 
461, 126579, 45.1645, 92.3377, -114.601, 8.37665e-06, -2.34181e-05, 3.9631e-05, 
462, 67990.7, -177.176, -14.7792, -55.8376, 4.84888e-05, -9.86755e-07, 3.7273e-06, 
463, 30789.6, 119.845, 161.652, -189.93, -1.20977e-05, -2.81057e-05, 4.46874e-05, 
464, 8537.62, -155.926, -96.9446, -114.768, 1.94108e-05, 3.14214e-06, 4.70863e-06, 
465, 300607, -171.643, 98.6259, 52.0249, 4.59463e-05, -1.10245e-05, -2.75018e-06, 
466, 83619.2, 29.6567, -115.551, -121.814, -3.17088e-05, 2.09504e-05, 3.23027e-05, 
467, 127334, -72.9682, -147.273, -102.107, 0.000205695, -5.70598e-05, 2.77312e-05, 
468, 27335.2, 55.7811, 37.8445, 59.0135, 2.58754e-07, -2.94308e-05, -1.04355e-05, 
469, 5427.37, -62.7982, 32.8958, -99.9157, 1.18934e-05, 2.23837e-06, 2.14352e-05, 
470, 38507.8, -75.1392, -65.2314, 43.4102, 1.30234e-05, 1.42923e-05, -3.36788e-06, 
471, 286762, 67.0684, -52.4138, 185.725, -1.53692e-06, 1.25095e-05, -5.45304e-05, 
472, 289067, 88.9601, -199.872, -79.399, -3.45382e-05, 7.54547e-05, -5.71942e-06, 
473, 91260.8, 57.0985, -156.498, -124.09, -1.48074e-05, 3.41937e-05, 2.76245e-05, 
474, 230104, 182.369, 158.523, 180.722, -4.87991e-05, -3.82292e-05, -3.96224e-05, 
475, 249653, 24.5904, -67.1634, 43.7163, 1.61188e-05, 2.39437e-05, -8.60692e-06, 
476, 110883, -41.9627, 144.157, -180.543, -9.68031e-06, -3.40874e-05, 4.22316e-05, 
477, 307850, 99.6285, 190.648, -153.522, -3.90586e-05, -4.60083e-05, 4.82895e-05, 
478, 289870, 60.598, -90.1434, -34.4085, -1.65716e-05, 3.0024e-05, 1.35249e-05, 
479, 95605.8, -180.946, -3.06156, 65.7793, 4.27601e-05, -4.23238e-06, -1.41553e-05, 
480, 103972, -129.07, -9.80383, 130.189, 6.77438e-05, 2.61279e-05, -3.63347e-05, 
481, 2495.31, -152.645, -11.7848, -4.5041, 4.36941e-05, 9.07553e-06, -6.63356e-07, 
482, 137920, 85.9425, -197.167, 79.5043, -1.33209e-05, 5.5805e-05, -9.42503e-06, 
483, 71322, -192.819, -109.616, 35.425, 4.87046e-05, 1.68875e-05, -3.25426e-06, 
484, 39705.1, -86.2537, -55.5407, 128.533, 1.85244e-05, 1.0419e-05, -2.31896e-05, 
485, 71694.5, -178.332, -185.454, 42.8518, 4.0017e-05, 4.09711e-05, -7.82102e-06, 
486, 162701, -104.21, -63.2673, 76.0644, 3.36884e-05, -6.43292e-06, -1.76688e-05, 
487, 5282.93, -0.261872, 62.6167, -94.5028, 5.69301e-06, -2.47259e-05, 2.29853e-05, 
488, 109392, -57.3722, 150.521, -36.8642, 1.99654e-06, -3.83717e-05, 1.05904e-05, 
489, 124532, 138.715, 192.324, 84.5727, -4.39607e-06, -5.54757e-05, -1.4267e-05, 
490, 14863.1, -146.081, -172.015, 150.11, 2.43161e-05, 3.08963e-05, -2.85769e-05, 
491, 249103, -117.233, -102.426, -186.008, 6.91559e-06, 8.01768e-06, 5.44417e-05, 
492, 4436.33, 111.997, -29.0423, -134.843, -3.57216e-05, 5.26401e-06, 2.86346e-05, 
493, 95135.7, 86.107, -177.609, 191.921, -1.20998e-05, 3.4609e-05, -4.40934e-05, 
494, 394850, 116.466, 106.156, -37.2975, -3.26323e-05, -1.45347e-05, 6.678e-06, 
495, 211980, 0.479183, 173.909, 41.8193, 1.83716e-05, -5.46918e-05, 5.82967e-06, 
496, 76482.3, 152.778, 158.197, -142.028, -2.35597e-05, -2.94128e-05, 3.94575e-05, 
497, 4117.21, 176.221, 176.146, 16.4071, -3.84391e-05, -4.63137e-05, 2.33308e-06, 
498, 61022.7, -120.562, 84.3801, 179.534, 1.008e-05, 1.14247e-05, -4.44416e-05, 
499, 192540, 14.7148, 183.143, -95.3775, 1.92996e-06, -5.03426e-05, 1.52745e-05, 
500, 182748, -191.193, 86.338, -122.426, 5.12355e-05, -8.20368e-06, 2.33487e-05, 
501, 136526, -83.3319, 192.324, 96.4068, 1.76524e-05, -5.40699e-05, -1.54447e-05, 
502, 37670.7, 59.3863, -140.143, 96.0744, -4.29363e-06, 5.25047e-05, -2.56454e-06, 
503, 50503.4, 191.812, 13.3582, -34.1757, -5.88376e-05, 9.35635e-06, -2.71003e-07, 
504, 27270.2, 60.3389, -40.6279, -108.197, -1.45735e-05, 1.06631e-05, 1.8321e-05, 
505, 130665, 39.5424, -152.259, 42.0358, 1.31398e-05, 3.93732e-05, -1.69219e-05, 
506, 20617.5, -188.282, 120.306, -171.439, 4.15151e-05, -1.29483e-05, 3.01182e-05, 
507, 82100, 35.4579, 186.151, 74.8806, -1.2726e-05, -7.99384e-05, -3.06117e-05, 
508, 146869, -169.561, -131.272, -64.6692, 4.42606e-05, 2.87337e-05, 8.8468e-06, 
509, 11124.4, -70.6633, 114.134, 94.4185, 1.87525e-05, -2.541e-05, -1.84874e-05, 
510, 176557, 17.4326, 12.2329, -150.572, -2.62419e-05, 1.0433e-05, 3.83477e-05, 
511, 45629, 73.0875, 78.4973, 151.619, 4.83898e-06, 2.20841e-05, -3.21974e-05, 
512, 97255.2, -10.5863, -157.129, -3.18053, 3.79358e-06, 4.68335e-05, -4.20142e-06, 
513, 100409, 5.93788, 121.136, 181.058, 3.68842e-06, -2.84144e-05, -4.9023e-05, 
514, 78203.3, 168.718, -175.716, -11.2449, -4.73225e-05, 4.12322e-05, -9.00882e-07, 
515, 13266.1, 44.0944, -79.8126, 183.777, 3.93031e-06, 2.14857e-05, -5.41979e-05, 
516, 55109.6, 24.7056, 159.177, -159.777, -5.35969e-06, -3.10923e-05, 3.38331e-05, 
517, 469975, 64.5511, -26.8858, -30.9604, -2.64057e-05, 1.03191e-05, 1.9181e-05, 
518, 147412, 23.1901, 175.257, 67.0541, 1.28513e-05, -5.80835e-05, -1.32323e-05, 
519, 132240, -112.165, -172.813, 62.0607, 1.7397e-05, 5.25703e-05, -9.21209e-06, 
520, 58689.1, 118.643, -13.2462, -159.436, -3.9843e-05, -3.79492e-06, 3.7946e-05, 
521, 2244.75, 16.9439, -1.02459, -134.323, -9.65554e-06, 1.52683e-05, 2.4806e-05, 
522, 190685, -113.587, 83.6304, 97.1026, 1.94692e-05, -1.39737e-05, -2.50901e-05, 
523, 13150.8, -149.003, 74.266, -166.79, 4.53551e-05, -1.73615e-05, 4.10727e-05, 
524, 462814, 148.096, 51.2885, 65.765, -4.44341e-05, -1.98442e-06, -8.16018e-06, 
525, 110229, 156.266, 144.333, -20.4511, -4.38944e-05, -2.7273e-05, -3.32743e-06, 
526, 175564, 11.3759, -2.41154, -25.9752, 8.34375e-06, 5.06008e-06, 9.26359e-07, 
527, 268137, -197.572, 4.82484, 193.295, 3.90131e-05, -2.61027e-07, -4.58913e-05, 
528, 30521.3, -166.29, -86.8538, -78.1227, 3.3414e-05, 5.90353e-06, -7.17858e-06, 
529, 33462.6, -124.77, -106.467, 84.8003, 3.56581e-05, 2.11873e-05, -2.41115e-05, 
530, 5167.6, -107.04, 190.375, 40.1697, 2.39722e-05, -5.73148e-05, -3.69767e-06, 
531, 1123.93, 63.323, 86.4886, 138.304, 2.37358e-05, 1.15744e-05, -1.05477e-05, 
532, 39413.6, 11.0095, 180.146, 140.765, 1.61124e-06, -4.50002e-05, -2.8739e-05, 
533, 326080, -186.248, 165.673, 183.487, 3.19024e-05, -1.91543e-05, -3.05358e-05, 
534, 47704.1, -149.24, -110.837, 56.016, 3.9793e-05, 1.99793e-05, -1.38497e-05, 
535, 149816, 107.549, 75.5469, 146.802, -2.4906e-05, 8.85735e-06, -2.45718e-05, 
536, 39855.1, -19.1498, -11.6958, 160.42, 8.3746e-07, 2.26194e-06, -5.36576e-05, 
537, 42951.3, -133.2, -73.0666, -99.9236, 1.96819e-05, 4.23289e-06, 1.13321e-05, 
538, 175271, -50.7809, 37.2837, -2.43257, 1.56882e-05, 7.19955e-07, 8.70352e-07, 
539, 110928, 187.068, 195.433, -66.1479, -4.57285e-05, -4.18462e-05, 2.23904e-05, 
540, 71591.8, -69.2984, -71.3349, 90.6721, 7.18535e-06, 1.59686e-05, -2.31934e-05, 
541, 12299.9, 50.5407, -99.5294, 133.189, -7.97947e-06, 2.20802e-05, -4.56232e-05, 
542, 201561, -135.698, 50.3269, -5.7828, 3.44321e-05, 1.21408e-06, -3.23729e-06, 
543, 62476.4, -115.329, -58.9374, -191.374, 1.71305e-05, -2.13211e-06, 4.87941e-05, 
544, 58275.2, -56.8569, 75.8483, 42.7475, 8.10461e-06, -4.97135e-05, -6.25154e-06, 
545, 70010.3, 184.502, 24.4448, -122.778, -4.78308e-05, 4.46165e-06, 3.22665e-05, 
546, 168033, -169.135, -154.676, 81.6254, 3.71777e-05, 2.40885e-05, -8.629e-06, 
547, 18791.9, 49.2502, 56.6149, -20.104, -7.38213e-06, -1.01318e-05, -1.65519e-06, 
548, 69087.4, 11.0972, -184.46, 15.2337, 3.00988e-06, 5.34199e-05, -5.15523e-06, 
549, 94696.6, 81.1507, 28.5924, 194.457, 1.77428e-06, 6.55037e-07, -6.03304e-05, 
550, 34082.4, -89.3747, -174.098, 79.9527, 8.9637e-06, 5.16036e-05, -2.14768e-05, 
551, 258743, -59.6716, 60.8871, 52.0461, 1.57209e-05, -6.18268e-06, -2.97678e-05, 
552, 380030, 36.3681, -142.47, 151.593, 1.29935e-05, 2.47872e-05, -3.99435e-05, 
553, 439446, -97.3214, 60.7141, -141.092, 9.65541e-06, -7.33132e-07, 2.23331e-05, 
554, 116953, -55.7353, -27.4341, 158.519, 1.53112e-05, 1.16423e-05, -5.16355e-05, 
555, 76292.8, -14.027, 183.244, -55.8358, 9.55191e-06, -4.43338e-05, 1.3938e-05, 
556, 38856.1, 20.6736, 91.6664, 167.854, 1.90663e-06, -1.00845e-05, -4.3934e-05, 
557, 67304.3, -72.7218, 103.239, -92.1795, -3.74766e-05, -4.24228e-05, 2.86841e-05, 
558, 206551, 27.9814, -50.2217, 107.054, 7.57407e-06, 1.64698e-05, -4.10744e-05, 
559, 60.3054, 176.621, -156.584, 39.7896, -5.19088e-05, 3.36379e-05, 6.35571e-06, 
560, 61783, 5.18345, 43.1884, -90.1783, 6.78709e-07, -1.32028e-05, 1.47539e-05, 
561, 271167, -95.1816, -83.8429, 74.7494, 1.5492e-05, 2.55398e-05, -1.5799e-05, 
562, 66961.2, -14.6934, 5.29316, 55.7997, 9.41687e-06, 6.24822e-07, -4.53291e-06, 
563, 6224.97, -102.917, 163.908, 65.6579, 1.55173e-05, -5.09252e-05, 1.62299e-05, 
564, 22220.7, 51.3851, 41.5789, 122.145, -6.17919e-06, -2.15041e-06, -3.02589e-05, 
565, 112721, -187.147, 99.0763, 189.878, 5.16557e-05, -2.3138e-05, -2.85046e-05, 
566, 113163, -191.54, 42.2429, -165.693, 1.0693e-05, -5.22056e-06, -6.34637e-06, 
567, 27127.4, 164.634, 62.3297, 128.185, -4.46048e-05, 4.93533e-06, -1.06502e-05, 
568, 82881.2, 59.4286, -133.313, 153.339, -2.49952e-05, 1.35819e-05, -4.52054e-05, 
569, 5364.68, 144.078, -159.84, -61.3859, -3.65916e-05, 2.69756e-05, 1.15781e-05, 
570, 9189.82, 83.3368, 172.031, -87.2143, -4.9711e-06, -5.23333e-05, 1.99045e-05, 
571, 38545.9, 147.741, -94.0148, 125.356, -3.9459e-05, 2.92823e-05, -4.1218e-05, 
572, 226228, 100.79, -35.3718, -181.262, -3.24675e-05, 8.38655e-06, 5.64849e-05, 
573, 1357.14, -58.022, 132.184, 19.9851, 6.22311e-06, -4.79599e-05, -7.18648e-06, 
574, 163025, -86.233, 163.637, -103.172, 1.18051e-05, -3.4363e-05, 1.11362e-05, 
575, 147455, -119.5, 175.693, 195.822, 1.69033e-05, -2.94072e-05, -4.59689e-05, 
576, 42769.3, 183.724, -59.8611, -168.371, -3.52959e-05, 1.33035e-05, 2.90564e-05, 
577, 41037.1, -162.286, -106.38, -117.973, 3.63595e-05, 2.64472e-05, 1.22255e-05, 
578, 64331.8, 181.953, -189.29, 49.5381, -3.48703e-05, 3.93613e-05, -1.15428e-06, 
579, 104982, 91.5783, -16.1328, 185.079, -6.42754e-06, 1.19412e-05, -5.24545e-05, 
580, 66014.3, 31.7348, -43.927, 90.2719, -7.71641e-06, 1.15256e-05, -8.97234e-06, 
581, 29538.2, -189.577, -19.9465, -105.205, 6.39182e-05, -1.55662e-05, 2.48483e-05, 
582, 12653.6, -17.2413, -172.693, -44.0325, 1.59534e-06, 5.1492e-05, 1.63195e-06, 
583, 61818, 1.89442, -141.968, -69.662, -2.87187e-07, 4.4169e-05, 4.99556e-06, 
584, 41156.7, 179.042, -92.7684, -122.635, -4.51854e-05, 1.50914e-05, 2.43738e-05, 
585, 84107.6, 16.5817, 26.6898, -120.395, -3.3387e-05, -1.48932e-06, 2.94439e-05, 
586, 135622, 56.4529, -179.211, 38.5064, -8.58842e-06, 6.14277e-05, -6.42334e-06, 
587, 27825, -19.1388, 12.1051, 102.714, 1.78545e-05, -5.89812e-06, -3.76645e-05, 
588, 56460.2, 89.67, 71.5241, 103.088, -1.58636e-05, 4.07648e-06, -2.17413e-05, 
589, 200299, -107.652, -15.8412, -149.236, 1.55519e-05, 1.04141e-05, 2.52157e-05, 
590, 32595.8, 82.6929, -171.883, -144.437, -2.13174e-05, 3.72996e-05, 3.5189e-05, 
591, 154369, 190.274, 107.809, 157.05, -7.93116e-05, 1.35794e-06, -1.75009e-05, 
592, 26963.6, -34.8503, -198.276, -49.1252, 3.80385e-06, 5.33482e-05, 8.23843e-07, 
593, 178753, -184.749, 115.929, -51.7035, 4.23465e-05, -1.98823e-05, 1.49081e-05, 
594, 138590, -59.4536, -35.6875, -107.088, 1.92482e-05, 5.00342e-06, 2.43868e-05, 
595, 3062.38, 151.082, -5.01407, 32.23, -4.47339e-05, -3.18962e-06, -6.03992e-06, 
596, 64803.3, 20.6913, 158.075, -174.494, -4.32167e-07, -2.8379e-05, 5.1075e-05, 
597, 257021, 163.474, 102.735, 136.201, -4.69258e-05, -9.04347e-06, 1.59257e-06, 
598, 156466, 162.452, 175.557, 42.2162, -3.48148e-05, -4.07314e-05, -2.62238e-06, 
599, 112285, -90.2705, 162.308, -7.98831, 2.40677e-05, -1.41346e-05, -1.61215e-05, 
600, 56885.3, 9.60862, -3.1217, 94.884, 5.21542e-06, -8.80308e-07, -3.28196e-05, 
601, 186502, -9.38943, 93.5365, 187.922, 7.57408e-06, -9.21536e-06, -5.57123e-05, 
602, 128120, 164.276, 117.457, -131.802, -2.80744e-05, -7.20551e-06, 4.3181e-05, 
603, 53190.4, -147.697, 173.836, 55.1731, 2.76324e-05, -4.81442e-05, -8.93346e-07, 
604, 70303.8, 158.005, 117.52, 183.595, -0.000342252, 0.00031398, -0.000146508, 
605, 144477, 162.136, 106.066, -32.1345, -5.04859e-05, -2.05162e-05, 6.58306e-06, 
606, 15154.7, 41.2815, 10.941, 23.2935, 3.41936e-06, -3.97048e-06, 4.37562e-06, 
607, 169831, 153.57, -88.1011, 102.359, -3.27549e-05, 1.93357e-05, -1.7578e-05, 
608, 86922.5, 5.28839, 18.3711, -149.339, 3.15706e-05, -1.60075e-05, 4.36258e-05, 
609, 1346.3, -51.5634, -175.593, 78.8515, -1.38703e-06, 5.45646e-05, -2.30152e-05, 
610, 162022, -149.308, -169.811, 36.3121, 3.25213e-05, 4.14643e-05, -1.2092e-05, 
611, 67567.6, 165.997, 180.364, -167.463, -2.75597e-05, -3.51054e-05, 3.81457e-05, 
612, 11770.8, -150.967, -114.721, -157.05, 3.84233e-05, 1.54922e-05, 6.44187e-06, 
613, 43665.8, 62.9139, -168.926, 129.049, -9.56918e-06, 5.09583e-05, -1.12925e-05, 
614, 28256, -150.677, 32.496, 16.072, 4.534e-05, 6.47168e-06, -1.54261e-05, 
615, 10832.6, 93.4747, -0.729904, -120.528, -1.95079e-05, 2.03917e-07, 2.96863e-05, 
616, 47599.5, 93.1877, -30.4604, -163.903, -2.21537e-05, -2.06141e-06, 2.11766e-05, 
617, 34963.7, 97.5102, 172.925, -13.7799, -1.83887e-05, -5.06231e-05, 4.4225e-06, 
618, 75906.7, 140.3, -1.02488, 196.203, -0.000341918, 0.000206476, -0.000138016, 
619, 135055, 31.2695, 15.3783, 72.0127, 1.2287e-05, -2.46327e-05, -3.15762e-05, 
620, 15909.4, 102.785, 136.063, 112.555, -2.60786e-05, -3.9615e-05, -1.53492e-05, 
621, 18897.6, -161, 68.6666, 122.081, 4.43844e-05, 2.71557e-06, -3.6996e-05, 
622, 192385, -67.7592, -149.259, -101.254, -0.000145459, 8.42303e-05, -2.50648e-05, 
623, 98713.7, 78.9007, -191.957, -92.0642, -3.55315e-05, 9.15641e-05, 2.0625e-05, 
624, 30737.8, 81.1142, 35.4417, 92.732, -2.02787e-05, -6.76254e-06, -2.88237e-05, 
625, 185704, 131.991, 126.26, -194.925, -6.02843e-06, -1.84938e-05, 5.54481e-05, 
626, 19962.7, -89.3239, -106.277, -45.7665, 2.20585e-05, 1.71123e-05, 2.39758e-06, 
627, 4837.93, 70.1325, 131.566, 27.2476, -2.94803e-06, -1.82863e-05, 5.399e-05, 
628, 132553, 17.1919, 71.8909, 39.2345, -4.15872e-08, -1.30755e-05, -6.97952e-06, 
629, 28978.5, 90.4583, -143.542, 27.4868, -2.00512e-05, 3.71558e-05, -6.62691e-06, 
630, 110156, 62.3365, -11.2879, -16.3667, -5.27391e-06, -2.62626e-05, -1.01036e-05, 
631, 63598.4, 37.0901, 193.563, 159.011, -2.89174e-05, -1.41453e-05, 3.70074e-05, 
632, 10602.5, -60.8043, -106.354, -122.252, 1.33373e-05, 1.19257e-05, 2.45796e-05, 
633, 472419, -118.898, 53.4088, -81.2867, 3.23783e-05, 3.5514e-06, 2.77239e-05, 
634, 151851, -140.572, -138.417, -131.243, 4.21883e-05, 2.07276e-05, 1.25135e-05, 
635, 64570.3, -137.066, 122.175, -108.719, 2.71867e-05, -3.04878e-05, 1.71627e-05, 
636, 1694.42, 198.296, -8.50202, -103.23, -5.39476e-05, 1.11935e-05, 2.17904e-05, 
637, 147783, 86.4305, 105.95, 157.818, -2.40666e-05, -2.17661e-05, -4.79947e-05, 
638, 26998, -139.76, 158.983, -58.3339, -1.80834e-05, 1.68598e-05, 5.54229e-05, 
639, 26813.9, 124.397, -56.1403, 185.168, -1.8123e-05, 1.07946e-05, -6.15089e-05, 
640, 193664, 98.9808, -188.483, -37.3134, -9.21356e-06, 5.90382e-05, -1.30988e-05, 
641, 24473.3, 73.1294, -30.8232, -121.116, -3.40635e-06, -1.88985e-05, 4.15066e-05, 
642, 106270, 66.3907, 84.7602, -117.844, -5.41402e-06, -1.87568e-05, 3.31975e-05, 
643, 125117, -69.591, 94.8195, -148.113, 2.34321e-05, -1.49303e-05, 2.67876e-05, 
644, 164004, -93.8133, -121.086, 89.7855, 1.55739e-05, 2.81176e-05, -2.37643e-05, 
645, 45091.5, 134.474, 44.68, -135.566, -3.71214e-05, -2.42183e-06, 4.54013e-05, 
646, 21516.8, -185.867, -15.4568, -196.693, 6.54095e-05, -2.57937e-06, 7.64463e-05, 
647, 229066, 9.91122, -34.9083, 81.7548, 1.546e-05, 1.17758e-05, -1.40533e-05, 
648, 164679, -24.9689, -128.073, -164.011, -1.13271e-05, 2.61385e-05, 3.90598e-05, 
649, 106804, -88.6137, 118.328, -88.4728, 2.26129e-05, -5.47059e-05, 1.7127e-05, 
650, 56075, -120.033, -152.265, 14.9977, 3.02821e-05, 3.76219e-05, -1.38823e-05, 
651, 57915.4, -96.4203, 164.393, 85.679, -2.22201e-05, -6.80706e-05, -1.82321e-05, 
652, 108474, -191.267, 14.9216, -136.677, 4.40658e-05, 9.09833e-06, 3.2567e-05, 
653, 44.987, -70.0624, -151.884, 177.413, 7.28672e-06, 3.96859e-05, -4.10465e-05, 
654, 160957, 118.991, 140.185, -39.0653, -2.71155e-05, -4.45214e-05, 3.9369e-06, 
655, 223360, 27.2209, 121.539, -75.0062, 1.04131e-05, -3.08743e-05, 1.7008e-05, 
656, 145628, -85.251, 110.37, 186.496, 3.12849e-05, -4.79445e-06, -5.10523e-05, 
657, 38072.4, 147.899, -198.02, -6.42737, -2.95263e-05, 5.18935e-05, -3.90551e-06, 
658, 143122, 53.3107, 120.842, 67.5793, 4.24457e-06, -3.6063e-05, 1.72175e-05, 
659, 53718.8, -16.3605, -30.8042, 132.99, 5.26902e-06, 7.34927e-06, -4.42534e-05, 
660, 37852.6, -0.59204, 11.1457, 95.4315, 1.15896e-05, -7.92059e-06, -2.60529e-05, 
661, 234721, -85.1904, 96.9989, -91.2941, 2.26522e-05, -1.21834e-05, 2.43577e-05, 
662, 27863.9, -3.68637, -73.6904, -159.097, 7.72759e-06, 8.42751e-06, 3.60537e-05, 
663, 443946, -87.98, -160.857, -118.146, 5.29664e-06, 4.87465e-05, 1.21205e-05, 
664, 13863.9, 89.2995, 52.7094, -111.914, -1.8767e-05, 2.45381e-06, 3.03129e-05, 
665, 42886.3, -1.62006, 191.741, -5.70167, 6.18319e-06, -5.51788e-05, 5.98366e-06, 
666, 22733.8, 172.2, -117.134, -13.5968, -5.02674e-05, 2.33118e-05, -1.616e-06, 
667, 132350, -165.878, -168.983, 110.133, 3.38611e-05, 3.58577e-05, -2.5133e-05, 
668, 57423.6, -90.8416, -149.146, -156.338, -2.54201e-06, 1.07757e-05, 4.1144e-05, 
669, 59302.6, -122.176, 197.136, 117.565, 1.80849e-05, -4.95103e-05, -1.66415e-05, 
670, 59734.6, 36.0359, 44.6159, 187.243, 8.09265e-06, 3.80303e-06, -5.21431e-05, 
671, 29039.9, 93.045, 51.4862, -56.4901, -1.17066e-05, 1.48304e-05, 4.29521e-05, 
672, 65416.6, 78.3385, -138.354, -172.764, -2.52641e-05, 2.72734e-05, 4.56251e-05, 
673, 92652.2, 174.286, -70.5733, 4.04268, -5.08808e-05, 1.94196e-05, 1.63426e-05, 
674, 115334, 62.5023, -20.1516, 90.8292, -1.97178e-05, 1.6665e-05, -3.61786e-05, 
675, 230841, -116.427, -12.5459, 3.2442, 3.09762e-05, 1.44563e-05, -5.15042e-06, 
676, 16036.9, 61.8902, -48.9049, 98.8917, 5.10092e-06, -1.4205e-05, -2.57214e-05, 
677, 77826.8, -95.6859, 122.774, -44.6241, -6.56713e-06, -4.62985e-05, 3.35791e-05, 
678, 400222, 117.482, -53.3072, 119.192, -2.30918e-05, 1.52817e-05, -1.26578e-05, 
679, 186924, 9.9852, -121.409, -22.4899, -2.36169e-06, 4.43042e-05, -1.26896e-05, 
680, 119290, -104.093, 10.8633, 27.7482, 2.66138e-05, 3.33998e-06, -1.43935e-05, 
681, 52832.4, 36.501, 120.749, -129.044, -7.91911e-07, -2.98088e-05, 4.24714e-05, 
682, 165602, -109.873, 66.9301, 78.6131, 2.28854e-05, 9.63257e-07, -9.99039e-06, 
683, 42844.3, -45.7287, -92.6579, -139.401, 3.99743e-05, 2.74011e-05, 8.54483e-06, 
684, 197768, -56.3162, 110.766, -158.793, -7.08677e-06, -3.82771e-05, 4.15014e-05, 
685, 19898.4, 151.484, 120.593, 102.678, -3.67031e-05, -3.19005e-05, -4.53873e-06, 
686, 183.149, 66.1125, 111.984, -38.1713, 1.1317e-05, -2.07753e-05, 2.73911e-05, 
687, 20731.6, -3.08136, -34.8964, -133.242, -2.52902e-06, 1.01007e-05, 3.80338e-05, 
688, 118318, 97.4719, -139.361, 141.273, -2.18576e-05, 3.03519e-05, -4.12644e-05, 
689, 122043, 107.386, -61.4798, 171.999, -9.09236e-06, 1.96872e-05, -5.06874e-05, 
690, 48278.3, 136.3, -86.6859, 110.655, -1.60955e-05, 2.29954e-05, -2.20487e-05, 
691, 59443.7, -71.9721, -71.4059, -32.2733, 1.77622e-05, 1.19567e-05, -8.83052e-07, 
692, 62879.1, 65.1355, -20.1779, -115.009, -1.2122e-05, -1.08124e-05, 2.56684e-05, 
693, 37237.6, 197.078, 32.1292, -172.017, -3.83712e-05, -2.91998e-07, 3.26427e-05, 
694, 86402.7, 142.876, -133.817, -158.274, -4.81622e-05, -1.06387e-05, 6.30622e-05, 
695, 64244.5, 94.5852, -9.84748, -152.461, -2.25547e-05, -7.24826e-06, 3.51878e-05, 
696, 3020.88, -124.421, 136.322, -182.923, 2.85047e-05, -3.13792e-05, 3.78237e-05, 
697, 32412.2, 26.6165, -71.2505, 30.6287, -1.63427e-07, 4.30999e-05, 4.55777e-05, 
698, 28675.2, 177.407, -48.8383, -120.05, -6.10386e-05, 1.4473e-05, 3.13436e-05, 
699, 40601.3, 76.8442, 32.775, -173.189, -1.38907e-05, -8.37521e-06, 5.27045e-05, 
700, 77211.7, 83.919, -127.99, 179.686, -1.35014e-05, 2.05312e-05, -5.11676e-05, 
701, 9178.1, 183.493, -190.513, -166.351, -2.74976e-05, 2.83046e-05, 2.43784e-05, 
702, 29771.2, -199.259, 145.568, -131.045, 4.5652e-05, -2.32665e-05, 9.64289e-05, 
703, 92409.8, -15.0299, -24.4946, -131.194, 1.1347e-05, 1.0284e-06, 3.28841e-05, 
704, 190003, -34.6419, 157.075, 80.8061, 1.17833e-05, -5.18089e-05, -9.36237e-06, 
705, 254476, -88.4669, 176.273, -18.5483, 1.71447e-05, -6.0931e-05, 1.80211e-05, 
706, 34546.2, -32.2744, -161.997, 79.5193, -4.17632e-07, 4.28299e-05, -1.82258e-05, 
707, 200117, -149.661, 132.305, 111.716, 3.14033e-05, -2.67012e-05, -2.58928e-05, 
708, 81819.8, 30.6536, -43.7621, -155.096, -3.78678e-05, -3.81952e-05, -1.3335e-05, 
709, 8603.61, 37.2527, -153.188, 137.463, 1.12669e-05, 6.34258e-05, 1.21021e-05, 
710, 14405.4, -34.3541, -82.2739, 128.285, 1.03627e-05, 2.14284e-05, -2.89463e-05, 
711, 158127, -10.9514, 90.5009, 153.892, 6.36982e-06, -9.9991e-06, -3.76095e-05, 
712, 31163.6, -145.635, 121.981, -144.328, 2.59654e-05, -2.42034e-05, 3.39059e-05, 
713, 22434.4, -33.3143, 62.3151, 108.308, 1.22645e-05, -8.20638e-06, -2.22114e-05, 
714, 128585, -171.976, 120.247, 72.8245, 4.03312e-05, -1.68913e-05, 3.74701e-06, 
715, 26803.9, 58.7436, -16.7697, 54.4277, -3.60753e-05, 2.58713e-05, 5.5273e-06, 
716, 141477, 136.634, -79.3342, 163.547, -3.17221e-05, 3.03864e-05, -4.18754e-05, 
717, 29940.8, -49.3644, -58.6724, -40.0912, 1.63459e-05, 1.39334e-05, 4.32671e-07, 
718, 18917.2, 89.1198, -80.4678, 151.536, -1.06635e-05, 2.6002e-05, -4.24256e-05, 
719, 281873, 80.6396, 75.809, -133.844, -1.5448e-05, -6.47589e-06, 4.7707e-05, 
720, 11308.4, 22.8941, 71.5103, 5.36442, -5.94304e-06, -1.69613e-05, -1.01455e-06, 
721, 157756, -44.2086, -172.705, -190.411, -5.29533e-06, 3.42493e-05, 7.46077e-05, 
722, 25025.7, -156.908, 31.6138, -21.1079, 3.83608e-05, 1.33605e-05, 9.29796e-08, 
723, 92716.1, 144.866, -174.972, 96.5402, -3.03737e-05, 6.84327e-05, -3.0332e-06, 
724, 188554, -18.1737, -29.18, 98.844, 2.01074e-05, 1.15758e-05, -2.86862e-05, 
725, 41532.6, -131.537, 84.7018, -115.713, 3.56858e-05, -1.74857e-05, 2.64718e-05, 
726, 99632.2, 160.619, -57.0056, 45.3625, -3.14706e-05, 1.55884e-05, -1.55582e-05, 
727, 160690, 115.599, -184.838, -54.4768, -3.91792e-05, 4.74086e-05, 1.17247e-05, 
728, 131702, -58.3863, 113.779, 5.16407, -3.15808e-05, -4.5172e-05, 3.04505e-05, 
729, 54358.5, -160.36, 161.345, -117.61, 2.77468e-05, -3.8495e-05, 1.64845e-05, 
730, 83331.7, -48.2399, -37.2758, -69.2349, 2.90786e-05, 1.47993e-06, 1.14834e-05, 
731, 107531, -94.9773, -69.9513, 148.149, 2.68555e-05, 2.06255e-05, -3.46943e-05, 
732, 367160, -188.025, 33.5968, -23.2189, 5.77307e-05, 3.93216e-06, -2.29569e-07, 
733, 111899, 179.494, 117.291, 156.422, -4.46455e-05, -3.98458e-05, -1.30779e-05, 
734, 56183.8, 112.342, -52.4725, 54.3245, -3.09602e-05, 1.18677e-05, -7.96987e-06, 
735, 20282.6, 153.606, 26.7623, -139.141, -4.23475e-05, 2.90402e-06, 3.9964e-05, 
736, 96352.5, -190.502, 93.4678, -162.266, 4.13755e-05, -1.01351e-05, 3.34374e-05, 
737, 73231.5, -8.82261, 90.4397, 115.236, 9.94875e-07, -1.8005e-05, -2.34769e-05, 
738, 23543.7, -32.4641, 73.8665, 132.256, 1.70068e-05, -4.06128e-06, -3.85005e-05, 
739, 138290, 138.815, 70.4965, -20.9967, -3.66409e-05, -3.81912e-06, -1.37839e-06, 
740, 59663.6, -50.3421, -172.563, 57.5684, -2.47577e-06, 5.3753e-05, -8.92345e-06, 
741, 89601.2, -137.978, -171.067, 182.58, 1.96508e-05, 2.91522e-05, -3.45828e-05, 
742, 74577, -191.981, -39.7277, -108.059, 6.34745e-05, 8.85887e-06, 2.5034e-05, 
743, 29122.6, -40.5422, -94.1976, -168.283, 1.16603e-05, 8.72743e-06, 5.37177e-05, 
744, 146113, 142.615, -177.584, 133.814, -2.02936e-05, 4.47697e-05, -3.15458e-05, 
745, 18437.7, -0.568162, -81.3506, 132.253, 5.40715e-06, 2.42248e-05, -2.84111e-05, 
746, 157720, -135.547, 56.6515, -164.426, 4.55172e-05, 1.16713e-06, 4.73643e-05, 
747, 171116, -58.2561, 104.334, -67.4913, -3.08507e-06, -2.85916e-05, 8.73141e-06, 
748, 71541.6, 2.21878, 193.478, -51.9497, -3.00319e-06, -5.62856e-05, 9.43351e-06, 
749, 165593, -33.1915, -41.0886, -194.155, -9.21597e-07, -5.19852e-06, 6.87379e-05, 
750, 10327.8, 177.762, 186.574, 176.007, -3.02559e-05, -4.48531e-05, -4.34875e-05, 
751, 131840, 34.0165, -80.8132, 119.933, 5.38619e-06, 2.59818e-05, -3.65301e-05, 
752, 129408, -42.2053, -16.3232, -194.258, 1.06286e-05, -1.0434e-05, 5.37318e-05, 
753, 65338.1, 133.732, 198.947, 177.199, -7.04637e-05, -6.87993e-05, -2.51151e-05, 
754, 60879, -40.9693, 129.583, -103.881, -2.43813e-06, -3.6913e-05, 2.09875e-05, 
755, 141658, 131.621, 29.4506, 175.799, -3.00799e-05, -5.88831e-06, -4.07193e-05, 
756, 5539.73, 133.654, 116.561, -51.9529, -5.41274e-05, -2.56257e-05, 2.72165e-05, 
757, 224575, -77.7405, 67.0973, 190.995, 1.00132e-05, 2.20018e-06, -5.51308e-05, 
758, 171954, -44.8937, -9.18344, 144.303, 1.10282e-05, -3.24172e-06, -3.96852e-05, 
759, 31820.8, -108.106, 124.92, -42.9495, 5.43669e-05, -6.97137e-05, 4.38364e-05, 
760, 40038.3, -70.3166, -108.545, -106.635, 1.52042e-05, 9.33458e-06, 1.93207e-05, 
761, 7701.21, -185.533, -172.838, -124.829, 4.27371e-05, 3.88737e-05, 7.31759e-06, 
762, 196357, -198.091, 156.245, -107.397, 4.02809e-05, -4.01245e-05, -1.29339e-06, 
763, 6336.31, 190.425, -92.8019, -13.6197, -5.62149e-05, 1.59395e-05, 4.58401e-06, 
764, 1709.39, -170.988, -71.533, 106.38, 5.33265e-05, -1.90763e-05, 9.80973e-06, 
765, 11542.5, 117.857, 183.645, 47.1071, -2.08833e-05, -4.86512e-05, -4.67449e-06, 
766, 72041.4, 182.079, 69.4865, -7.60427, -7.83442e-05, 1.00966e-05, -5.07767e-05, 
767, 165037, -178, 133.258, 94.4475, -0.000213088, -0.000251859, -4.03347e-05, 
768, 34708.8, 120.858, 55.8518, 53.4255, -2.23669e-05, -8.46948e-06, 3.15747e-07, 
769, 42470.9, 47.2661, -150.744, 32.4182, -1.79281e-05, 2.86653e-05, 2.08697e-05, 
770, 121723, 47.2946, -81.8483, -123.482, -1.95998e-05, 1.9417e-05, 2.64011e-05, 
771, 26102.7, -143.628, 39.0271, -147.958, 4.04256e-05, 8.74397e-06, 2.84679e-05, 
772, 7787.3, -68.0851, -143.06, 78.4605, 4.30909e-06, 1.77843e-05, -2.62885e-05, 
773, 57754.5, 112.821, -51.3407, -150.401, -3.92487e-05, 1.34837e-05, 3.20486e-05, 
774, 183930, -188.52, 139.994, -195.247, 3.28853e-05, -1.52718e-05, 3.63725e-05, 
775, 13828.6, -10.6873, 195.722, -77.0782, 8.10952e-06, -5.40193e-05, 1.85917e-05, 
776, 108453, -75.9162, 76.5944, 170.567, 9.71478e-06, -7.5606e-06, -2.65278e-05, 
777, 14144.5, -100.962, -20.8586, -11.8978, 1.45074e-05, 2.43053e-05, 8.24105e-06, 
778, 285205, 97.6918, 14.4673, 175.71, -9.20282e-06, 3.77595e-06, -4.00458e-05, 
779, 259617, 62.1277, -189.643, 153.887, -1.64647e-05, 6.5479e-05, -2.61673e-05, 
780, 32292.8, -145.05, 98.4865, -98.5341, 3.47876e-05, -2.24656e-05, 1.6819e-05, 
781, 111122, -32.9519, -46.0524, -68.6814, 6.03561e-06, 1.23589e-05, 9.98682e-06, 
782, 236248, -171.987, -97.944, -97.0442, 3.62259e-05, 1.97945e-05, 3.48891e-06, 
783, 111757, -199.5, 125.146, -39.3692, 6.52459e-05, -2.75655e-05, -5.65727e-06, 
784, 101701, 50.0205, 168.371, 58.9139, 1.92691e-05, -4.17764e-06, -7.3843e-05, 
785, 2229.58, 186.482, 91.2612, 81.7164, -5.3551e-05, -8.19091e-06, -2.62092e-06, 
786, 55331, -165.211, 61.8701, -32.6334, 8.08629e-05, 6.32161e-05, 1.36882e-05, 
787, 53331.2, -182.229, -175.703, 88.59, 4.66533e-05, 4.17508e-05, -9.26893e-06, 
788, 62281.1, 30.8587, -0.426884, -199.312, -8.13559e-06, -4.40363e-06, 5.76262e-05, 
789, 234380, -51.5891, 114.103, 150.466, 1.05761e-05, -2.18829e-05, -3.58727e-05, 
790, 19217.9, -21.3472, 108.408, 85.0436, 1.3375e-05, -1.24814e-05, -2.76647e-05, 
791, 140594, -159.822, 29.4603, 122.507, 1.63414e-05, 3.81422e-06, -1.69339e-05, 
792, 100843, -165.997, -71.2479, 44.7113, 4.29676e-05, 1.7731e-05, -1.49309e-05, 
793, 422432, 144.715, -146.018, 106.417, -7.68528e-05, 2.2585e-07, -4.72784e-05, 
794, 20487.2, -174.647, -93.9643, 151.901, 3.57274e-05, 1.67711e-05, -3.03686e-05, 
795, 185369, 87.1122, -138.307, 103.761, -3.28089e-05, 2.80402e-06, -1.65539e-05, 
796, 206092, 178.948, 32.6556, -51.7773, -5.32305e-05, 1.00401e-06, 1.11909e-05, 
797, 123508, 143.589, -109.066, -45.6791, -3.7784e-05, 1.57396e-05, 1.63035e-05, 
798, 1376.47, -57.0917, -29.2754, -72.25, 3.79291e-05, -9.40519e-06, 1.80248e-05, 
799, 260281, 42.4868, 138.144, 29.8595, -4.28269e-06, -2.4645e-05, 1.21147e-05, 
800, 6882.78, 183.03, 22.7017, -88.0871, -3.47931e-05, -3.18652e-05, -5.78911e-06, 
801, 49264.1, -24.6327, 159.1, 149.828, 1.05293e-05, -3.40125e-05, -4.23184e-05, 
802, 20497.8, -20.4616, -64.493, -83.1258, 1.64708e-05, 4.85805e-06, 9.52422e-06, 
803, 23348.4, 199.952, 118.529, 170.605, -7.20536e-05, -2.38112e-05, -3.81833e-05, 
804, 7627.29, -146.974, -58.8904, 122.22, 2.90318e-05, 1.16613e-05, -2.48827e-05, 
805, 15368.3, 173.001, -93.925, 5.04674, -5.13663e-05, 3.13341e-05, 8.05923e-06, 
806, 28579.3, -141.067, -138.778, 156.507, 0.000779585, 0.000416387, -0.00132205, 
807, 122719, -3.48688, -69.5732, -96.5149, 2.97565e-06, 6.32595e-06, 2.07339e-05, 
808, 48207.6, -157.464, -44.0227, -139.491, 2.7915e-05, -4.87185e-06, 3.10364e-05, 
809, 107008, 55.6652, 177.952, 152.581, -1.18572e-05, -3.72941e-05, -2.68147e-05, 
810, 18833.8, 62.0701, 155.693, -191.459, -3.43488e-06, -2.01021e-05, 4.75985e-05, 
811, 57604.9, 83.4945, 15.0299, -149.167, -1.55149e-05, -7.32314e-06, 4.17901e-05, 
812, 42206.3, -148.232, 180.98, 124.989, 1.92282e-05, -4.08234e-05, -9.88195e-06, 
813, 206861, 120.601, -67.1758, -96.0965, -3.06533e-05, 1.75259e-05, 2.01146e-05, 
814, 181820, 184.62, 24.0116, 166.706, -4.57888e-05, 1.13713e-05, -3.00608e-05, 
815, 52374.7, 44.5521, -130.662, -21.3752, 1.37771e-05, 5.81891e-05, -2.58119e-06, 
816, 58335.8, 103.353, 103.791, -112.362, -2.55217e-05, -2.30287e-05, 2.87395e-05, 
817, 10924.7, 144.558, -47.1168, -105.514, -2.39689e-05, 1.41779e-05, 1.72897e-05, 
818, 233079, -127.66, 122.535, 125.565, 1.56488e-05, -2.02581e-05, -3.31161e-05, 
819, 285093, 43.6653, -5.34466, 60.3613, -3.52015e-06, 7.89764e-06, -3.59498e-06, 
820, 142762, 112.675, 120.501, 13.4875, -3.00172e-05, -2.21595e-05, -8.43831e-06, 
821, 368984, 194.023, 133.836, -125.529, -5.72865e-05, -6.05145e-06, 3.2427e-05, 
822, 21311.2, -161.484, 27.2475, -82.498, 4.97777e-05, -5.3475e-06, 1.45314e-05, 
823, 9538.85, 12.3528, -124.466, -48.3092, -2.77408e-06, 4.13004e-05, 2.06081e-05, 
824, 66198.4, 22.5213, 30.8228, -59.6274, 2.20221e-08, -1.0341e-06, 1.95249e-05, 
825, 92104.2, -55.4587, -142.852, 35.7749, 4.06509e-06, 3.13214e-05, -9.0011e-06, 
826, 42347.6, 7.1189, 27.5159, -8.40277, -3.10097e-06, -5.25233e-06, -8.1333e-06, 
827, 32190.1, 196.815, 101.863, 85.002, -5.47122e-05, -1.3808e-05, -5.11359e-06, 
828, 41709.3, 41.5883, 122.614, 168.779, 1.00772e-05, -2.97385e-05, -4.06165e-05, 
829, 47823.2, 42.3401, -170.988, 76.6769, 3.99279e-06, 5.37116e-05, -1.22535e-05, 
830, 3506.43, -110.578, -50.7612, 136.461, 3.15898e-05, 1.47634e-05, -2.41168e-05, 
831, 88237.2, 166.75, -82.0494, 19.0628, -4.33034e-05, 2.89303e-05, -2.37467e-06, 
832, 3309.83, 74.1248, 135.458, -170.809, -5.21082e-06, -2.04553e-05, 4.55868e-05, 
833, 57350.1, 68.3486, -93.1326, -173.336, -2.55149e-05, 2.56594e-05, 4.74993e-05, 
834, 13883.6, 191.956, -135.796, -149.163, -4.03519e-05, 1.50267e-05, 2.30722e-05, 
835, 89249.6, 1.81965, -137.937, -109.471, 6.31295e-06, 5.07271e-05, 1.00005e-05, 
836, 41456.9, 179.758, 153.872, 163.483, -4.81076e-05, -3.11681e-05, 7.59135e-06, 
837, 1768.98, 72.5344, -10.2816, 46.8667, -3.48274e-05, 1.54374e-05, -1.9087e-06, 
838, 164552, -129.638, 105.117, 180.544, 6.67956e-06, -5.64001e-05, -6.89371e-05, 
839, 76215.5, -10.5278, -77.705, 142.835, 1.25084e-05, 1.69689e-05, -4.2236e-05, 
840, 42834.4, -4.9856, -129.162, 132.847, 1.54243e-05, 2.94177e-05, -5.39791e-05, 
841, 315284, -150.537, -123.665, -171.24, 3.30549e-05, 3.01231e-05, 4.46477e-05, 
842, 70649.2, 139.976, -137.453, -151.359, -1.50727e-05, 3.28573e-05, -1.76013e-05, 
843, 18007.5, -143.748, -82.7778, -9.60663, 3.32487e-05, 1.13636e-05, -7.383e-06, 
844, 72124.9, -14.1542, 45.1675, -19.2518, -4.31969e-06, -2.25561e-05, -1.36684e-05, 
845, 527644, 136.677, -151.987, -18.586, -3.56728e-05, 3.53669e-05, -1.7819e-07, 
846, 170939, 193.646, 21.6547, 107.336, -5.02643e-05, 7.63583e-07, -1.26971e-05, 
847, 131368, 68.6674, -196.397, -82.7115, 4.09182e-05, 7.31768e-05, -1.69806e-05, 
848, 68263.8, 35.2659, -52.0417, 19.7877, -4.75877e-06, 8.79168e-06, 4.83709e-06, 
849, 4253.48, -58.7515, 47.5355, 142.052, 1.24416e-05, -1.95729e-07, -3.80767e-05, 
850, 62132, -45.4955, 41.7388, -159.593, -3.74928e-05, -3.74928e-05, 6.76748e-05, 
851, 187780, 52.4165, -130.879, -154.952, -1.82477e-05, 2.62438e-05, 3.9253e-05, 
852, 46555, -77.7851, 115.538, 185.685, -4.31086e-05, -5.39808e-05, -4.14721e-05, 
853, 52138.4, 69.1286, 23.8482, 48.113, 2.77913e-06, -4.71384e-05, -0.000102435, 
854, 105525, 26.1394, 7.24143, -43.3004, -6.74006e-06, -5.25962e-06, 2.05207e-05, 
855, 94645.3, -0.293503, 69.0922, -15.32, -5.6317e-06, -2.23744e-05, 1.38692e-06, 
856, 33015.8, 73.4999, -162.594, -50.7074, -2.5153e-06, 3.4935e-05, 5.54779e-06, 
857, 153036, -189.295, -153.907, 134.861, 4.17092e-05, 2.20044e-05, -2.9301e-05, 
858, 175048, 121.282, -22.0233, -72.0375, -2.24609e-05, 1.6475e-05, 3.25337e-05, 
859, 3732.86, 189.032, -1.3173, 20.2927, -5.46073e-05, -2.87139e-06, -9.70471e-07, 
860, 102960, -165.91, -24.7171, 26.3113, 4.15172e-05, 5.13074e-06, 9.33384e-06, 
861, 1943.71, -187.606, 26.8491, -101.745, 4.67185e-05, -3.17582e-06, 1.91264e-05, 
862, 37579.4, -109.082, 32.4584, 188.658, 1.23681e-05, -2.15916e-07, -4.53933e-05, 
863, 75596.7, -125.696, 179.654, -175.19, 3.3288e-05, -2.66951e-05, 2.92799e-05, 
864, 72914.4, 165.522, 158.85, -175.773, -3.10947e-05, -2.25599e-05, 4.17414e-05, 
865, 40058.9, -198.557, -61.5063, 105.572, 4.86119e-05, 1.08999e-05, -1.68688e-05, 
866, 2443.56, 162.49, 142.625, 194.014, -3.54409e-05, -4.58952e-05, -7.7196e-05, 
867, 228494, 158.931, 185.11, 82.7736, -3.4192e-05, -5.93084e-05, -2.12098e-05, 
868, 144972, 20.3632, 159.342, 76.5773, 9.85223e-06, -2.2517e-05, -3.41939e-05, 
869, 240247, 60.7815, 137.15, -70.4347, -7.89394e-06, -3.87146e-05, 1.58184e-05, 
870, 23085.4, 154.863, -63.0771, -177.231, -3.42395e-05, 1.24612e-05, 3.82076e-05, 
871, 37939.5, 104.997, 39.798, -74.3877, -2.31756e-05, -1.73058e-06, 2.54764e-05, 
872, 5296.39, -158.864, -166.484, -141.321, 4.37114e-05, 3.92189e-05, 1.65337e-06, 
873, 39944.8, -66.4275, 135.001, 42.2786, -4.98447e-06, -4.094e-05, -3.44916e-06, 
874, 87785.1, 22.719, -148.786, -153.68, -6.26107e-06, 3.27691e-05, 4.04268e-05, 
875, 31832.4, 26.7046, 7.25718, 65.7832, 4.09743e-05, 1.41023e-05, 6.98389e-06, 
876, 438661, 154.129, 121.949, 182.419, 1.19922e-06, -8.30194e-05, -4.17454e-05, 
877, 66176.8, -63.4577, -16.2024, 22.0037, 1.69214e-05, 1.49171e-05, -5.5563e-06, 
878, 62483.6, -150.438, -167.193, 100.662, 1.06123e-05, 3.17395e-05, -1.38874e-05, 
879, 144637, 95.5819, 106.112, 131.667, -4.47412e-05, -3.18488e-05, 1.3778e-05, 
880, 97243.1, -30.0996, -132.723, 164.732, 4.05976e-06, 3.16178e-05, -4.05862e-05, 
881, 74869.6, 44.7285, 99.7354, 95.6592, 5.37043e-06, -8.10925e-06, -2.8956e-05, 
882, 76207.2, -15.5863, 71.4801, 120.987, 5.25494e-06, -2.2255e-06, -3.00191e-05, 
883, 3864.62, 152.653, -195.342, 55.0329, -2.51581e-05, 4.94872e-05, -6.28681e-06, 
884, 90040.9, -59.9243, 189.885, 105.451, 6.23804e-06, -5.24091e-05, -2.24198e-05, 
885, 43910, -169.124, 127.147, -174.418, 2.58939e-05, -1.52784e-05, 3.33867e-05, 
886, 18767.4, -186.051, 38.4522, -142.742, 3.82316e-05, -7.50693e-06, 2.03887e-05, 
887, 16072.5, -86.8528, -81.265, -36.9425, 2.53666e-05, 1.20767e-05, 2.33554e-06, 
888, 88055, 64.916, -73.2392, 51.4459, -3.03116e-05, 2.76379e-05, -3.73136e-06, 
889, 124105, -36.564, -51.274, -181.663, -4.50106e-06, 9.41689e-06, 3.11261e-05, 
890, 81550.8, 103.639, 191.266, 121.075, -1.46495e-05, -5.1347e-05, -2.09341e-05, 
891, 207409, -150.366, -43.1987, 168.674, 3.02093e-05, 2.55564e-05, -2.75289e-05, 
892, 17292.2, -199.074, 150.88, 133.072, 4.81313e-05, -2.15477e-05, -2.14107e-05, 
893, 29477.8, 66.4393, 168.665, -182.936, -2.75904e-06, -2.8999e-05, 4.48199e-05, 
894, 7475.22, -13.9099, -158.053, -142.362, 2.23674e-06, 4.02163e-05, 2.97641e-05, 
895, 61370.8, -119.672, -197.077, 89.5834, 1.56298e-05, 5.04132e-05, -1.58932e-05, 
896, 308324, 83.7845, 187.048, -144.8, 2.34444e-05, -3.34068e-05, 1.37109e-05, 
897, 110445, -185.508, -123.793, 68.602, 4.51977e-05, 1.93139e-05, -1.32155e-05, 
898, 109736, 179.986, -81.8018, 102.67, -5.41352e-05, -3.29918e-05, -4.23811e-05, 
899, 82634.2, -78.8288, -41.9653, -171.797, 1.74884e-05, 4.22732e-06, 4.20016e-05, 
900, 15369.9, 107.48, 128.779, 46.1256, -3.53682e-05, -2.6896e-05, -4.21443e-06, 
901, 19852.3, 30.8234, 49.1402, -23.0803, -5.8739e-06, -1.12572e-05, -6.98745e-07, 
902, 30159.8, 153.962, 95.176, -198.122, -3.21986e-05, -2.13924e-06, 4.83894e-05, 
903, 406168, 24.2044, -46.5733, -104.288, -6.87328e-06, 5.23751e-06, 2.35991e-05, 
904, 283206, -98.4996, -152.472, 22.5771, 1.04325e-05, 3.92123e-05, -1.42449e-05, 
905, 74862.1, 126.557, 21.7945, 141.772, -2.987e-05, 4.17968e-06, -1.79126e-05, 
906, 29928.4, 130.316, -121.932, 120.449, -2.43767e-05, 1.55321e-05, -3.78559e-05, 
907, 56321.9, -33.795, -93.1408, 94.9366, 1.08674e-05, 2.63431e-05, -1.8852e-05, 
908, 70579.5, -175.034, -152.224, 118.696, 3.41245e-05, 1.2619e-05, -2.16242e-05, 
909, 2374.24, -23.4688, -29.8018, -4.43238, 1.58563e-05, 1.3688e-05, -7.63048e-06, 
910, 257749, 10.9816, -117.867, -114.49, -2.13717e-06, 2.47882e-05, 2.06591e-05, 
911, 52870.8, -183.004, 175.853, 143.811, 5.48634e-05, -2.29153e-05, -1.45956e-05, 
912, 73734.5, 17.151, 173.238, -27.121, 3.80248e-06, -4.55463e-05, 1.00386e-05, 
913, 154890, -66.637, 111.043, 11.2123, 5.05996e-05, -1.71107e-05, -2.84091e-05, 
914, 34503.2, 29.0452, -173.531, -149.52, -1.49289e-05, 3.39956e-05, 2.78232e-05, 
915, 302313, -3.66533, 31.1193, -116.652, -1.66457e-06, -9.30152e-06, 1.78405e-05, 
916, 48269, -22.2259, -122.027, -148.134, -5.31145e-06, 1.80039e-05, 1.26974e-05, 
917, 71440.3, 45.267, 143.48, -89.014, 2.36473e-06, -4.58586e-05, 3.51734e-05, 
918, 37656.2, 165.972, 112.943, -120.854, -3.64155e-05, 1.23794e-05, -4.17214e-06, 
919, 214827, -49.5346, 31.9427, -154.651, 1.43027e-05, 2.15397e-05, 3.23327e-05, 
920, 37174.1, 147.735, -72.9491, -94.8606, -4.39881e-05, 2.24798e-05, 9.67443e-06, 
921, 188731, 163.565, 169.481, 76.0779, -4.19304e-05, -8.5501e-06, -3.62923e-06, 
922, 85920.2, 119.243, 9.19874, -109.032, -2.38487e-05, 5.77714e-06, 3.18011e-05, 
923, 30814.5, 161.641, -25.8576, -180.202, -3.80792e-05, 2.52771e-06, 3.81071e-05, 
924, 546352, -144.258, -14.5434, 191.92, 2.11462e-05, 1.32391e-05, -4.32804e-05, 
925, 11079.1, -93.0105, -75.4204, 174.9, 2.00408e-05, 1.31053e-05, -5.06552e-05, 
926, 117668, 115.073, 98.7998, -152.881, 1.31444e-07, -0.000194547, 1.28794e-05, 
927, 65187.6, -40.9451, -163.753, 9.00598, 3.29899e-06, 4.82123e-05, -5.23186e-06, 
928, 12481, -192.784, 192.633, -29.8903, 4.73698e-05, -4.52524e-05, 4.50462e-06, 
929, 7076.11, 62.1086, -158.732, 141.439, -2.25832e-05, 3.34097e-05, -2.03059e-05, 
930, 113044, 150.001, -134.657, -107.971, -3.23204e-05, 1.3403e-05, 2.23652e-05, 
931, 30277.5, 120.078, 60.8309, -173.597, -1.8993e-05, 1.73388e-06, 4.97862e-05, 
932, 19134.3, 153.463, 88.7395, 117.402, -3.36913e-05, 2.78971e-06, -9.64494e-06, 
933, 33956, 132.639, -86.0027, 139.134, -2.85489e-05, 3.53356e-05, -3.65351e-05, 
934, 41452.5, -24.695, -44.6459, 44.2427, 1.83532e-05, 1.6733e-05, -6.46054e-06, 
935, 88960.2, 171.968, -41.5945, 43.1037, -5.86533e-05, -6.44733e-06, -2.49855e-05, 
936, 41976, -170.646, 183.126, -142.264, 2.97358e-05, -3.89027e-05, 2.05601e-05, 
937, 217216, -103.843, -162.351, -157.337, 1.70525e-05, 4.65559e-05, 4.94826e-05, 
938, 23265.7, 120.454, -151.833, 182.955, -3.06254e-05, 2.47636e-05, -4.38957e-05, 
939, 50930.9, 94.3406, 154.053, -99.3869, -4.86949e-06, -3.70916e-05, 2.82023e-05, 
940, 156684, -77.5867, -100.326, -67.7333, 2.00677e-05, 1.35543e-05, 6.07472e-06, 
941, 20818.4, -42.6727, 173.186, 13.9124, 2.15224e-05, -4.99437e-05, 4.32524e-06, 
942, 128535, -133.545, 97.5922, 175.134, 5.40609e-05, 3.12806e-05, -3.23316e-06, 
943, 123191, -77.5314, 188.308, -107.752, 2.7449e-07, -5.45372e-05, 7.30384e-06, 
944, 30204, -198.987, 28.0081, -90.1554, 5.33312e-05, -4.61572e-07, 1.64936e-05, 
945, 14151, 101.74, 41.9829, -154.155, -2.10262e-05, -2.32526e-06, 4.76678e-05, 
946, 636.499, 75.0996, -7.51783, -164.389, -7.45538e-06, -1.33289e-05, 4.3581e-05, 
947, 210578, -181.515, 130.267, 94.1449, 0.000266302, 0.000156392, -4.41222e-07, 
948, 151705, 63.2626, 174.172, -43.6867, -6.31209e-06, -5.36383e-05, 9.16069e-06, 
949, 85668.2, -16.7715, 29.2793, -125.373, 4.54812e-05, 1.69196e-06, 5.16556e-05, 
950, 8067.9, 27.3981, 40.0291, 131.415, 2.35934e-06, 2.21159e-06, -3.41114e-05, 
951, 10259.9, -52.5901, 110.683, -10.667, -2.61041e-06, -2.71093e-05, 2.58285e-05, 
952, 248973, 72.0158, -60.6886, 102.577, -2.1858e-05, 2.11727e-05, -2.69851e-05, 
953, 22777, 152.929, 58.3166, -126.027, -4.54715e-05, -7.52338e-06, 3.19726e-05, 
954, 221946, 36.3937, 58.4897, -61.3811, 1.15198e-05, -2.41532e-06, 1.09457e-05, 
955, 4167.21, -38.4848, 60.5565, 39.3797, -1.6098e-05, -7.30334e-06, -1.17734e-05, 
956, 63225.3, 53.3693, 62.2278, -60.5648, -3.84304e-05, 5.82644e-06, -5.96766e-06, 
957, 76883, 178.155, 183.324, -149.832, -3.73543e-05, -3.85368e-05, 2.59226e-05, 
958, 16714.9, -43.1147, 174.202, 195.808, 8.42619e-06, -3.57141e-05, -4.92326e-05, 
959, 142125, 154.041, 91.7141, 176.165, -4.12666e-05, 2.23886e-05, -4.54285e-05, 
960, 50927.3, 140.648, 87.1872, 59.4103, -3.78743e-05, -2.06678e-05, -3.48948e-06, 
961, 23374, 83.0272, 86.1519, 18.755, -1.8317e-05, -1.10988e-05, -4.24512e-06, 
962, 186842, 72.6751, 99.0887, 146.139, 3.53298e-05, -5.16081e-06, -2.27823e-05, 
963, 186016, -180.488, 124.905, 12.2573, 4.74155e-05, -2.56118e-05, -1.41098e-06, 
964, 150017, -118.25, 176.669, -72.3424, 2.26721e-05, -4.75417e-05, 1.11056e-05, 
965, 12351.6, -9.05389, 66.3169, 173.874, 7.50534e-06, 7.41102e-06, -4.85988e-05, 
966, 18040.7, -121.98, 183.988, 152.417, 2.77602e-05, -4.77537e-05, -7.95238e-06, 
967, 365471, 64.5304, 79.0271, -79.6033, -1.72346e-05, -1.58785e-05, 2.43063e-05, 
968, 141398, 7.35789, 26.5711, 111.622, 4.22219e-06, -8.54262e-06, -3.70393e-05, 
969, 39913.5, 5.18907, -60.0757, 35.1526, 3.23357e-05, 1.40916e-05, 1.04475e-06, 
970, 4957.12, -177.157, -40.6773, 90.2678, 5.07067e-05, 1.9239e-05, -1.48416e-05, 
971, 56588.8, -112.643, 103.351, -154.251, 3.09351e-05, -2.53168e-05, 2.97057e-05, 
972, 33212.9, -169.313, -152.941, -135.204, 4.78768e-05, 3.58563e-05, 1.08961e-05, 
973, 27703.4, 169.962, -154.267, 66.3088, -4.89886e-05, 3.8323e-05, -1.29333e-05, 
974, 77007.2, 41.6964, -79.8195, 48.1145, -1.60043e-05, 5.13603e-05, -6.82371e-06, 
975, 56906.5, -20.303, 7.82937, -20.1939, 1.16074e-05, 8.72784e-06, -4.51811e-07, 
976, 40865.7, -136.1, 69.7913, 13.0566, 3.80872e-05, -2.55909e-05, -1.53967e-05, 
977, 5817.58, -152.674, 142.41, 78.184, 3.75374e-05, 3.29291e-06, 7.292e-06, 
978, 76162.7, 156.542, -82.3973, 80.0242, -3.44758e-05, 1.28172e-05, 7.70503e-06, 
979, 43151.2, -179.305, 152.56, 110.141, 4.88117e-05, -4.5884e-05, -2.97759e-05, 
980, 38264.6, 47.9741, 68.6222, -65.2584, -2.63319e-06, -3.90367e-05, 2.21903e-05, 
981, 32246, 162.398, -168.629, -101.464, 2.22359e-05, 0.000107194, 4.91514e-05, 
982, 205630, 92.6128, -176.261, -89.3805, -4.81053e-05, 9.49037e-06, 1.73245e-05, 
983, 152053, -175.714, 179.411, -30.6723, 4.19298e-05, -4.01989e-05, 1.07695e-05, 
984, 176833, 156.72, 94.0889, 96.8875, -4.35344e-05, -1.36138e-05, -3.48123e-06, 
985, 35522.5, -157.909, -138.164, -36.5056, 4.03116e-05, 1.02279e-05, 2.34622e-05, 
986, 12347.6, 60.4061, -26.4972, -194.47, -6.37514e-06, -3.78661e-06, 6.20475e-05, 
987, 141252, 152.575, -187.208, -81.579, -2.60852e-05, 5.00215e-05, 7.55812e-06, 
988, 32501.8, -26.8657, -63.0068, -153.061, 5.99841e-06, -1.28446e-06, 3.53357e-05, 
989, 118945, -173.748, 92.9669, -104.095, 4.11233e-05, -1.66958e-05, 1.31989e-05, 
990, 26452.4, 98.8669, 174.262, 86.3811, -2.04995e-05, -4.89564e-05, -1.27045e-05, 
991, 155703, 96.2036, 60.1299, -46.692, -2.15102e-05, -1.75809e-05, 9.52941e-06, 
992, 137638, 103.533, -163.391, -40.273, -1.62239e-05, 2.44252e-05, 3.09992e-06, 
993, 25517.8, 30.484, -86.2898, -10.8935, 4.26276e-06, -3.10854e-05, -5.1493e-05, 
994, 35546.1, 113.205, 135.521, 182.118, -1.37123e-06, -4.04677e-05, -4.10545e-05, 
995, 199466, -62.4409, 57.4222, 28.0756, 2.26349e-05, -3.26005e-06, 5.47702e-06, 
996, 168949, 180.869, -106.105, -39.3024, -5.152e-05, 1.65091e-05, 1.06824e-05, 
997, 137066, -157.153, 158.784, 85.6567, 4.41352e-05, -5.74453e-05, -1.56131e-05, 
998, 21868.6, -190.277, 130.906, -44.193, 3.02975e-05, -6.0634e-05, 9.62296e-06, 
999, 1415.09, -22.4109, -61.5799, -49.612, 1.11747e-05, 1.56923e-05, 1.72245e-06, 
